# redshift mu k(Mpc^-1) P(k,mu)(Mpc^3) standard deviation of P(k,mu) of four realizations
5.5 0.1 3.503514e-02 2.151129e+03 9.514731e+01
5.5 0.1 5.263151e-02 1.522053e+03 6.496494e+01
5.5 0.1 7.314235e-02 8.278032e+02 2.483480e+01
5.5 0.1 1.025928e-01 5.469709e+02 7.854460e+00
5.5 0.1 1.448116e-01 3.194581e+02 1.753216e+00
5.5 0.1 2.023460e-01 1.746670e+02 8.351822e-01
5.5 0.1 2.834245e-01 9.297960e+01 1.302808e-01
5.5 0.1 3.967448e-01 4.778885e+01 6.228363e-02
5.5 0.1 5.552783e-01 2.334630e+01 1.013805e-02
5.5 0.1 7.774819e-01 1.110165e+01 1.691415e-03
5.5 0.1 1.088445e+00 5.145344e+00 5.256853e-04
5.5 0.1 1.523711e+00 2.303391e+00 1.735966e-04
5.5 0.5 3.503514e-02 2.548178e+03 1.022740e+02
5.5 0.5 5.263151e-02 1.803393e+03 6.983095e+01
5.5 0.5 7.314235e-02 9.857062e+02 2.669498e+01
5.5 0.5 1.025928e-01 6.478462e+02 8.442775e+00
5.5 0.5 1.448116e-01 3.765760e+02 1.884536e+00
5.5 0.5 2.023460e-01 2.051877e+02 8.977390e-01
5.5 0.5 2.834245e-01 1.088976e+02 1.400391e-01
5.5 0.5 3.967448e-01 5.576570e+01 6.694880e-02
5.5 0.5 5.552783e-01 2.718477e+01 1.089741e-02
5.5 0.5 7.774819e-01 1.289917e+01 1.818106e-03
5.5 0.5 1.088445e+00 5.967247e+00 5.650602e-04
5.5 0.5 1.523711e+00 2.669340e+00 1.865994e-04
5.5 0.9 3.503514e-02 3.602491e+03 1.189031e+02
5.5 0.9 5.263151e-02 2.550546e+03 8.118496e+01
5.5 0.9 7.314235e-02 1.406121e+03 3.103539e+01
5.5 0.9 1.025928e-01 9.156895e+02 9.815510e+00
5.5 0.9 1.448116e-01 5.278390e+02 2.190948e+00
5.5 0.9 2.023460e-01 2.858536e+02 1.043705e+00
5.5 0.9 2.834245e-01 1.508922e+02 1.628084e-01
5.5 0.9 3.967448e-01 7.676163e+01 7.783419e-02
5.5 0.9 5.552783e-01 3.727382e+01 1.266925e-02
5.5 0.9 7.774819e-01 1.761692e+01 2.113717e-03
5.5 0.9 1.088445e+00 8.121595e+00 6.569350e-04
5.5 0.9 1.523711e+00 3.628050e+00 2.169391e-04
4.5 0.1 3.503514e-02 3.003899e+03 5.498615e+01
4.5 0.1 5.263151e-02 2.128731e+03 3.752635e+01
4.5 0.1 7.314235e-02 1.198458e+03 1.392522e+01
4.5 0.1 1.025928e-01 7.683991e+02 4.236326e+00
4.5 0.1 1.448116e-01 4.357624e+02 9.268938e-01
4.5 0.1 2.023460e-01 2.330521e+02 4.416639e-01
4.5 0.1 2.834245e-01 1.215398e+02 7.956639e-02
4.5 0.1 3.967448e-01 6.085220e+01 3.515516e-02
4.5 0.1 5.552783e-01 2.925897e+01 7.935811e-03
4.5 0.1 7.774819e-01 1.368657e+01 2.545148e-03
4.5 0.1 1.088445e+00 6.251162e+00 8.617595e-04
4.5 0.1 1.523711e+00 2.781913e+00 3.168046e-04
4.5 0.5 3.503514e-02 3.505573e+03 5.909293e+01
4.5 0.5 5.263151e-02 2.484417e+03 4.032909e+01
4.5 0.5 7.314235e-02 1.400693e+03 1.496526e+01
4.5 0.5 1.025928e-01 8.962061e+02 4.552727e+00
4.5 0.5 1.448116e-01 5.073218e+02 9.961212e-01
4.5 0.5 2.023460e-01 2.709557e+02 4.746507e-01
4.5 0.5 2.834245e-01 1.411419e+02 8.550900e-02
4.5 0.5 3.967448e-01 7.056603e+01 3.778081e-02
4.5 0.5 5.552783e-01 3.390071e+01 8.528517e-03
4.5 0.5 7.774819e-01 1.584426e+01 2.735239e-03
4.5 0.5 1.088445e+00 7.231141e+00 9.261222e-04
4.5 0.5 1.523711e+00 3.217046e+00 3.404660e-04
4.5 0.9 3.503514e-02 4.826047e+03 6.867541e+01
4.5 0.9 5.263151e-02 3.420672e+03 4.686884e+01
4.5 0.9 7.314235e-02 1.933507e+03 1.739202e+01
4.5 0.9 1.025928e-01 1.232485e+03 5.290995e+00
4.5 0.9 1.448116e-01 6.953814e+02 1.157652e+00
4.5 0.9 2.023460e-01 3.704768e+02 5.516198e-01
4.5 0.9 2.834245e-01 1.925691e+02 9.937511e-02
4.5 0.9 3.967448e-01 9.602563e+01 4.390733e-02
4.5 0.9 5.552783e-01 4.605924e+01 9.911498e-03
4.5 0.9 7.774819e-01 2.149263e+01 3.178784e-03
4.5 0.9 1.088445e+00 9.795102e+00 1.076302e-03
4.5 0.9 1.523711e+00 4.355248e+00 3.956758e-04
3.5 0.1 3.503514e-02 4.553932e+03 2.983016e+01
3.5 0.1 5.263151e-02 3.229007e+03 2.036842e+01
3.5 0.1 7.314235e-02 1.839238e+03 7.637125e+00
3.5 0.1 1.025928e-01 1.159784e+03 2.424753e+00
3.5 0.1 1.448116e-01 6.480272e+02 6.547411e-01
3.5 0.1 2.023460e-01 3.427010e+02 3.106888e-01
3.5 0.1 2.834245e-01 1.769730e+02 1.016864e-01
3.5 0.1 3.967448e-01 8.753556e+01 4.047835e-02
3.5 0.1 5.552783e-01 4.178027e+01 1.472255e-02
3.5 0.1 7.774819e-01 1.939809e+01 5.132432e-03
3.5 0.1 1.088445e+00 8.800687e+00 1.618725e-03
3.5 0.1 1.523711e+00 3.905977e+00 5.838679e-04
3.5 0.5 3.503514e-02 5.370110e+03 3.232661e+01
3.5 0.5 5.263151e-02 3.807820e+03 2.207303e+01
3.5 0.5 7.314235e-02 2.170007e+03 8.276266e+00
3.5 0.5 1.025928e-01 1.367317e+03 2.627678e+00
3.5 0.5 1.448116e-01 7.634646e+02 7.095355e-01
3.5 0.5 2.023460e-01 4.035380e+02 3.366899e-01
3.5 0.5 2.834245e-01 2.082949e+02 1.101964e-01
3.5 0.5 3.967448e-01 1.029704e+02 4.386593e-02
3.5 0.5 5.552783e-01 4.913055e+01 1.595466e-02
3.5 0.5 7.774819e-01 2.280285e+01 5.561959e-03
3.5 0.5 1.088445e+00 1.034216e+01 1.754194e-03
3.5 0.5 1.523711e+00 4.589546e+00 6.327310e-04
3.5 0.9 3.503514e-02 7.535846e+03 3.815165e+01
3.5 0.9 5.263151e-02 5.343730e+03 2.605044e+01
3.5 0.9 7.314235e-02 3.048023e+03 9.767594e+00
3.5 0.9 1.025928e-01 1.917914e+03 3.101168e+00
3.5 0.9 1.448116e-01 1.069581e+03 8.373891e-01
3.5 0.9 2.023460e-01 5.648059e+02 3.973592e-01
3.5 0.9 2.834245e-01 2.912967e+02 1.300531e-01
3.5 0.9 3.967448e-01 1.438558e+02 5.177028e-02
3.5 0.9 5.552783e-01 6.859593e+01 1.882958e-02
3.5 0.9 7.774819e-01 3.181724e+01 6.564187e-03
3.5 0.9 1.088445e+00 1.442242e+01 2.070288e-03
3.5 0.9 1.523711e+00 6.398782e+00 7.467450e-04
