# redshift mu k(Mpc^-1) P(k,mu)(mK^2 Mpc^3) standard deviation of P(k,mu) of four realizations
5.5 0.1 3.503514e-02 2.598206e+03 4.077506e+01
5.5 0.1 5.263151e-02 1.841160e+03 2.787439e+01
5.5 0.1 7.314235e-02 1.034550e+03 1.078894e+01
5.5 0.1 1.025928e-01 6.575678e+02 3.477358e+00
5.5 0.1 1.448116e-01 3.708314e+02 8.422938e-01
5.5 0.1 2.023460e-01 1.975135e+02 3.962256e-01
5.5 0.1 2.834245e-01 1.027734e+02 6.422631e-02
5.5 0.1 3.967448e-01 5.139881e+01 2.953522e-02
5.5 0.1 5.552783e-01 2.470897e+01 5.900237e-03
5.5 0.1 7.774819e-01 1.156320e+01 1.377463e-03
5.5 0.1 1.088445e+00 5.283968e+00 3.833432e-04
5.5 0.1 1.523711e+00 2.350525e+00 1.150318e-04
5.5 0.5 3.503514e-02 3.028742e+03 4.382919e+01
5.5 0.5 5.263151e-02 2.146402e+03 2.996223e+01
5.5 0.5 7.314235e-02 1.207939e+03 1.159706e+01
5.5 0.5 1.025928e-01 7.667268e+02 3.737819e+00
5.5 0.5 1.448116e-01 4.317969e+02 9.053833e-01
5.5 0.5 2.023460e-01 2.297451e+02 4.259037e-01
5.5 0.5 2.834245e-01 1.194245e+02 6.903699e-02
5.5 0.5 3.967448e-01 5.964565e+01 3.174747e-02
5.5 0.5 5.552783e-01 2.864910e+01 6.342176e-03
5.5 0.5 7.774819e-01 1.339489e+01 1.480638e-03
5.5 0.5 1.088445e+00 6.115868e+00 4.120564e-04
5.5 0.5 1.523711e+00 2.719642e+00 1.236479e-04
5.5 0.9 3.503514e-02 4.161191e+03 5.095550e+01
5.5 0.9 5.263151e-02 2.949325e+03 3.483388e+01
5.5 0.9 7.314235e-02 1.664487e+03 1.348265e+01
5.5 0.9 1.025928e-01 1.053898e+03 4.345561e+00
5.5 0.9 1.448116e-01 5.920377e+02 1.052592e+00
5.5 0.9 2.023460e-01 3.144029e+02 4.951526e-01
5.5 0.9 2.834245e-01 1.631297e+02 8.026191e-02
5.5 0.9 3.967448e-01 8.127133e+01 3.690938e-02
5.5 0.9 5.552783e-01 3.897512e+01 7.373369e-03
5.5 0.9 7.774819e-01 1.819215e+01 1.721379e-03
5.5 0.9 1.088445e+00 8.293335e+00 4.790538e-04
5.5 0.9 1.523711e+00 3.685546e+00 1.437522e-04
4.5 0.1 3.503514e-02 3.195784e+03 3.161228e+01
4.5 0.1 5.263151e-02 2.265533e+03 2.160658e+01
4.5 0.1 7.314235e-02 1.284782e+03 8.138356e+00
4.5 0.1 1.025928e-01 8.130858e+02 2.527618e+00
4.5 0.1 1.448116e-01 4.560398e+02 5.600635e-01
4.5 0.1 2.023460e-01 2.418674e+02 2.679277e-01
4.5 0.1 2.834245e-01 1.252566e+02 4.129765e-02
4.5 0.1 3.967448e-01 6.219779e+01 2.030306e-02
4.5 0.1 5.552783e-01 2.975971e+01 4.221968e-03
4.5 0.1 7.774819e-01 1.385290e+01 1.359841e-03
4.5 0.1 1.088445e+00 6.298445e+00 4.848827e-04
4.5 0.1 1.523711e+00 2.795807e+00 1.803322e-04
4.5 0.5 3.503514e-02 3.711790e+03 3.397332e+01
4.5 0.5 5.263151e-02 2.631436e+03 2.322032e+01
4.5 0.5 7.314235e-02 1.493464e+03 8.746189e+00
4.5 0.5 1.025928e-01 9.442300e+02 2.716400e+00
4.5 0.5 1.448116e-01 5.291132e+02 6.018933e-01
4.5 0.5 2.023460e-01 2.804289e+02 2.879386e-01
4.5 0.5 2.834245e-01 1.451358e+02 4.438207e-02
4.5 0.5 3.967448e-01 7.201165e+01 2.181945e-02
4.5 0.5 5.552783e-01 3.443837e+01 4.537296e-03
4.5 0.5 7.774819e-01 1.602254e+01 1.461404e-03
4.5 0.5 1.088445e+00 7.281502e+00 5.210974e-04
4.5 0.5 1.523711e+00 3.231550e+00 1.938008e-04
4.5 0.9 3.503514e-02 5.065703e+03 3.948243e+01
4.5 0.9 5.263151e-02 3.591531e+03 2.698571e+01
4.5 0.9 7.314235e-02 2.041321e+03 1.016447e+01
4.5 0.9 1.025928e-01 1.288296e+03 3.156890e+00
4.5 0.9 1.448116e-01 7.207055e+02 6.994961e-01
4.5 0.9 2.023460e-01 3.814851e+02 3.346306e-01
4.5 0.9 2.834245e-01 1.972094e+02 5.157905e-02
4.5 0.9 3.967448e-01 9.770437e+01 2.535768e-02
4.5 0.9 5.552783e-01 4.668277e+01 5.273062e-03
4.5 0.9 7.774819e-01 2.169854e+01 1.698384e-03
4.5 0.9 1.088445e+00 9.852401e+00 6.055984e-04
4.5 0.9 1.523711e+00 4.370948e+00 2.252274e-04
3.5 0.1 3.503514e-02 4.620592e+03 2.160517e+01
3.5 0.1 5.263151e-02 3.276507e+03 1.477250e+01
3.5 0.1 7.314235e-02 1.868910e+03 5.586871e+00
3.5 0.1 1.025928e-01 1.174880e+03 1.792750e+00
3.5 0.1 1.448116e-01 6.547680e+02 4.795479e-01
3.5 0.1 2.023460e-01 3.455687e+02 2.335730e-01
3.5 0.1 2.834245e-01 1.781551e+02 7.645432e-02
3.5 0.1 3.967448e-01 8.794975e+01 3.174334e-02
3.5 0.1 5.552783e-01 4.192805e+01 1.186195e-02
3.5 0.1 7.774819e-01 1.944257e+01 4.202755e-03
3.5 0.1 1.088445e+00 8.809034e+00 1.336123e-03
3.5 0.1 1.523711e+00 3.904559e+00 4.805599e-04
3.5 0.5 3.503514e-02 5.442349e+03 2.341328e+01
3.5 0.5 5.263151e-02 3.859294e+03 1.600879e+01
3.5 0.5 7.314235e-02 2.202162e+03 6.054429e+00
3.5 0.5 1.025928e-01 1.383675e+03 1.942783e+00
3.5 0.5 1.448116e-01 7.707690e+02 5.196806e-01
3.5 0.5 2.023460e-01 4.066451e+02 2.531204e-01
3.5 0.5 2.834245e-01 2.095752e+02 8.285268e-02
3.5 0.5 3.967448e-01 1.034185e+02 3.439990e-02
3.5 0.5 5.552783e-01 4.928994e+01 1.285466e-02
3.5 0.5 7.774819e-01 2.285031e+01 4.554478e-03
3.5 0.5 1.088445e+00 1.035049e+01 1.447941e-03
3.5 0.5 1.523711e+00 4.587341e+00 5.207774e-04
3.5 0.9 3.503514e-02 7.621102e+03 2.763219e+01
3.5 0.9 5.263151e-02 5.404479e+03 1.889346e+01
3.5 0.9 7.314235e-02 3.085971e+03 7.145397e+00
3.5 0.9 1.025928e-01 1.937219e+03 2.292859e+00
3.5 0.9 1.448116e-01 1.078200e+03 6.133236e-01
3.5 0.9 2.023460e-01 5.684710e+02 2.987310e-01
3.5 0.9 2.834245e-01 2.928057e+02 9.778218e-02
3.5 0.9 3.967448e-01 1.443826e+02 4.059853e-02
3.5 0.9 5.552783e-01 6.878197e+01 1.517098e-02
3.5 0.9 7.774819e-01 3.187121e+01 5.375165e-03
3.5 0.9 1.088445e+00 1.443029e+01 1.708850e-03
3.5 0.9 1.523711e+00 6.394336e+00 6.146180e-04
