# redshift mu k(Mpc^-1) P(k,mu)(mK^2 Mpc^3) standard deviation of P(k,mu) of four realizations
5.5 0.1 3.503514e-02 2.700724e+03 2.826655e+01
5.5 0.1 5.263151e-02 1.914347e+03 1.932013e+01
5.5 0.1 7.314235e-02 1.082470e+03 7.538676e+00
5.5 0.1 1.025928e-01 6.836258e+02 2.435192e+00
5.5 0.1 1.448116e-01 3.831375e+02 5.986593e-01
5.5 0.1 2.023460e-01 2.030980e+02 2.820698e-01
5.5 0.1 2.834245e-01 1.052141e+02 4.514432e-02
5.5 0.1 3.967448e-01 5.231916e+01 2.126401e-02
5.5 0.1 5.552783e-01 2.506102e+01 4.463985e-03
5.5 0.1 7.774819e-01 1.168227e+01 1.127882e-03
5.5 0.1 1.088445e+00 5.317915e+00 3.111273e-04
5.5 0.1 1.523711e+00 2.359996e+00 9.239225e-05
5.5 0.5 3.503514e-02 3.138939e+03 3.038377e+01
5.5 0.5 5.263151e-02 2.225070e+03 2.076725e+01
5.5 0.5 7.314235e-02 1.259448e+03 8.103338e+00
5.5 0.5 1.025928e-01 7.947362e+02 2.617593e+00
5.5 0.5 1.448116e-01 4.450244e+02 6.435000e-01
5.5 0.5 2.023460e-01 2.357475e+02 3.031974e-01
5.5 0.5 2.834245e-01 1.220477e+02 4.852572e-02
5.5 0.5 3.967448e-01 6.063451e+01 2.285672e-02
5.5 0.5 5.552783e-01 2.902709e+01 4.798347e-03
5.5 0.5 7.774819e-01 1.352246e+01 1.212363e-03
5.5 0.5 1.088445e+00 6.151955e+00 3.344313e-04
5.5 0.5 1.523711e+00 2.729444e+00 9.931262e-05
5.5 0.9 3.503514e-02 4.289305e+03 3.532395e+01
5.5 0.9 5.263151e-02 3.040784e+03 2.414385e+01
5.5 0.9 7.314235e-02 1.724370e+03 9.420882e+00
5.5 0.9 1.025928e-01 1.086461e+03 3.043195e+00
5.5 0.9 1.448116e-01 6.074149e+02 7.481285e-01
5.5 0.9 2.023460e-01 3.213803e+02 3.524951e-01
5.5 0.9 2.834245e-01 1.661782e+02 5.641566e-02
5.5 0.9 3.967448e-01 8.241983e+01 2.657306e-02
5.5 0.9 5.552783e-01 3.941342e+01 5.578524e-03
5.5 0.9 7.774819e-01 1.833932e+01 1.409484e-03
5.5 0.9 1.088445e+00 8.334197e+00 3.888075e-04
5.5 0.9 1.523711e+00 3.695916e+00 1.154601e-04
4.5 0.1 3.503514e-02 3.253766e+03 2.457400e+01
4.5 0.1 5.263151e-02 2.306863e+03 1.679134e+01
4.5 0.1 7.314235e-02 1.311125e+03 6.418630e+00
4.5 0.1 1.025928e-01 8.269871e+02 2.009546e+00
4.5 0.1 1.448116e-01 4.624829e+02 4.349899e-01
4.5 0.1 2.023460e-01 2.447461e+02 2.107077e-01
4.5 0.1 2.834245e-01 1.265030e+02 3.115023e-02
4.5 0.1 3.967448e-01 6.266327e+01 1.625085e-02
4.5 0.1 5.552783e-01 2.993548e+01 3.161948e-03
4.5 0.1 7.774819e-01 1.391034e+01 9.340491e-04
4.5 0.1 1.088445e+00 6.312629e+00 3.197916e-04
4.5 0.1 1.523711e+00 2.797660e+00 1.160482e-04
4.5 0.5 3.503514e-02 3.774102e+03 2.640937e+01
4.5 0.5 5.263151e-02 2.675852e+03 1.804544e+01
4.5 0.5 7.314235e-02 1.521775e+03 6.898022e+00
4.5 0.5 1.025928e-01 9.591693e+02 2.159634e+00
4.5 0.5 1.448116e-01 5.360372e+02 4.674782e-01
4.5 0.5 2.023460e-01 2.835221e+02 2.264450e-01
4.5 0.5 2.834245e-01 1.464748e+02 3.347677e-02
4.5 0.5 3.967448e-01 7.251140e+01 1.746459e-02
4.5 0.5 5.552783e-01 3.462677e+01 3.398106e-03
4.5 0.5 7.774819e-01 1.608378e+01 1.003811e-03
4.5 0.5 1.088445e+00 7.296272e+00 3.436760e-04
4.5 0.5 1.523711e+00 3.233097e+00 1.247155e-04
4.5 0.9 3.503514e-02 5.138120e+03 3.069191e+01
4.5 0.9 5.263151e-02 3.643149e+03 2.097169e+01
4.5 0.9 7.314235e-02 2.074222e+03 8.016602e+00
4.5 0.9 1.025928e-01 1.305657e+03 2.509840e+00
4.5 0.9 1.448116e-01 7.287513e+02 5.432843e-01
4.5 0.9 2.023460e-01 3.850787e+02 2.631652e-01
4.5 0.9 2.834245e-01 1.987643e+02 3.890535e-02
4.5 0.9 3.967448e-01 9.828381e+01 2.029664e-02
4.5 0.9 5.552783e-01 4.690036e+01 3.949141e-03
4.5 0.9 7.774819e-01 2.176837e+01 1.166589e-03
4.5 0.9 1.088445e+00 9.868283e+00 3.994064e-04
4.5 0.9 1.523711e+00 4.371540e+00 1.449394e-04
3.5 0.1 3.503514e-02 4.646327e+03 1.843800e+01
3.5 0.1 5.263151e-02 3.294830e+03 1.260123e+01
3.5 0.1 7.314235e-02 1.880446e+03 4.825119e+00
3.5 0.1 1.025928e-01 1.180913e+03 1.548548e+00
3.5 0.1 1.448116e-01 6.575674e+02 3.922894e-01
3.5 0.1 2.023460e-01 3.468259e+02 1.945914e-01
3.5 0.1 2.834245e-01 1.787030e+02 6.185292e-02
3.5 0.1 3.967448e-01 8.815452e+01 2.609397e-02
3.5 0.1 5.552783e-01 4.200316e+01 9.553712e-03
3.5 0.1 7.774819e-01 1.946394e+01 3.344132e-03
3.5 0.1 1.088445e+00 8.810525e+00 1.047074e-03
3.5 0.1 1.523711e+00 3.900509e+00 3.712709e-04
3.5 0.5 3.503514e-02 5.470237e+03 1.998105e+01
3.5 0.5 5.263151e-02 3.879150e+03 1.365581e+01
3.5 0.5 7.314235e-02 2.214663e+03 5.228927e+00
3.5 0.5 1.025928e-01 1.390212e+03 1.678144e+00
3.5 0.5 1.448116e-01 7.738020e+02 4.251196e-01
3.5 0.5 2.023460e-01 4.080068e+02 2.108765e-01
3.5 0.5 2.834245e-01 2.101682e+02 6.702931e-02
3.5 0.5 3.967448e-01 1.036397e+02 2.827774e-02
3.5 0.5 5.552783e-01 4.937055e+01 1.035325e-02
3.5 0.5 7.774819e-01 2.287269e+01 3.623998e-03
3.5 0.5 1.088445e+00 1.035137e+01 1.134703e-03
3.5 0.5 1.523711e+00 4.582254e+00 4.023421e-04
3.5 0.9 3.503514e-02 7.654015e+03 2.358151e+01
3.5 0.9 5.263151e-02 5.427912e+03 1.611649e+01
3.5 0.9 7.314235e-02 3.100724e+03 6.171145e+00
3.5 0.9 1.025928e-01 1.944932e+03 1.980534e+00
3.5 0.9 1.448116e-01 1.081778e+03 5.017234e-01
3.5 0.9 2.023460e-01 5.700762e+02 2.488751e-01
3.5 0.9 2.834245e-01 2.935035e+02 7.910754e-02
3.5 0.9 3.967448e-01 1.446414e+02 3.337320e-02
3.5 0.9 5.552783e-01 6.887493e+01 1.221884e-02
3.5 0.9 7.774819e-01 3.189549e+01 4.277018e-03
3.5 0.9 1.088445e+00 1.442928e+01 1.339168e-03
3.5 0.9 1.523711e+00 6.386411e+00 4.748415e-04
