# redshift mu k(Mpc^-1) P(k,mu)(Mpc^3) standard deviation of P(k,mu) of four realizations
4.0 0.1 3.503514e-02 6.190660e+02 2.755128e+01
4.0 0.1 5.263151e-02 4.398806e+02 1.893859e+01
4.0 0.1 7.314235e-02 2.609282e+02 8.138099e+00
4.0 0.1 1.025928e-01 1.527578e+02 3.263928e+00
4.0 0.1 1.448116e-01 7.952732e+01 1.288370e+00
4.0 0.1 2.023460e-01 3.964394e+01 5.717886e-01
4.0 0.1 2.834245e-01 1.941653e+01 2.348788e-01
4.0 0.1 3.967448e-01 9.001335e+00 8.687558e-02
4.0 0.1 5.552783e-01 4.127502e+00 3.248083e-02
4.0 0.1 7.774819e-01 1.842108e+00 1.105484e-02
4.0 0.1 1.088445e+00 8.071831e-01 3.385839e-03
4.0 0.1 1.523711e+00 3.532771e-01 1.210147e-03
4.0 0.5 3.503514e-02 9.284440e+02 3.502031e+01
4.0 0.5 5.263151e-02 6.595295e+02 2.407275e+01
4.0 0.5 7.314235e-02 3.892027e+02 1.034430e+01
4.0 0.5 1.025928e-01 2.301126e+02 4.148764e+00
4.0 0.5 1.448116e-01 1.210003e+02 1.637642e+00
4.0 0.5 2.023460e-01 6.085367e+01 7.267979e-01
4.0 0.5 2.834245e-01 3.005229e+01 2.985534e-01
4.0 0.5 3.967448e-01 1.407989e+01 1.104272e-01
4.0 0.5 5.552783e-01 6.500261e+00 4.128623e-02
4.0 0.5 7.774819e-01 2.921041e+00 1.405176e-02
4.0 0.5 1.088445e+00 1.287874e+00 4.303725e-03
4.0 0.5 1.523711e+00 5.650696e-01 1.538213e-03
4.0 0.9 3.503514e-02 1.885135e+03 5.244804e+01
4.0 0.9 5.263151e-02 1.338588e+03 3.605247e+01
4.0 0.9 7.314235e-02 7.839552e+02 1.549211e+01
4.0 0.9 1.025928e-01 4.702298e+02 6.213382e+00
4.0 0.9 1.448116e-01 2.508033e+02 2.452608e+00
4.0 0.9 2.023460e-01 1.276984e+02 1.088486e+00
4.0 0.9 2.834245e-01 6.378030e+01 4.471274e-01
4.0 0.9 3.967448e-01 3.030638e+01 1.653808e-01
4.0 0.9 5.552783e-01 1.411655e+01 6.183218e-02
4.0 0.9 7.774819e-01 6.399912e+00 2.104457e-02
4.0 0.9 1.088445e+00 2.843876e+00 6.445458e-03
4.0 0.9 1.523711e+00 1.251710e+00 2.303699e-03
3.0 0.1 3.503514e-02 2.038368e+02 4.082879e+00
3.0 0.1 5.263151e-02 1.446249e+02 2.879021e+00
3.0 0.1 7.314235e-02 8.332291e+01 1.697765e+00
3.0 0.1 1.025928e-01 5.092296e+01 8.801166e-01
3.0 0.1 1.448116e-01 2.768786e+01 4.087065e-01
3.0 0.1 2.023460e-01 1.432314e+01 1.844410e-01
3.0 0.1 2.834245e-01 7.265183e+00 8.013347e-02
3.0 0.1 3.967448e-01 3.525630e+00 3.001507e-02
3.0 0.1 5.552783e-01 1.664861e+00 1.145775e-02
3.0 0.1 7.774819e-01 7.659524e-01 3.929014e-03
3.0 0.1 1.088445e+00 3.450502e-01 1.207337e-03
3.0 0.1 1.523711e+00 1.527360e-01 4.310228e-04
3.0 0.5 3.503514e-02 3.232001e+02 5.189730e+00
3.0 0.5 5.263151e-02 2.292995e+02 3.659510e+00
3.0 0.5 7.314235e-02 1.319684e+02 2.158021e+00
3.0 0.5 1.025928e-01 8.100521e+01 1.118712e+00
3.0 0.5 1.448116e-01 4.421203e+01 5.195050e-01
3.0 0.5 2.023460e-01 2.294416e+01 2.344422e-01
3.0 0.5 2.834245e-01 1.166755e+01 1.018573e-01
3.0 0.5 3.967448e-01 5.676224e+00 3.815201e-02
3.0 0.5 5.552783e-01 2.684005e+00 1.456389e-02
3.0 0.5 7.774819e-01 1.236055e+00 4.994152e-03
3.0 0.5 1.088445e+00 5.571823e-01 1.534640e-03
3.0 0.5 1.523711e+00 2.466838e-01 5.478711e-04
3.0 0.9 3.503514e-02 7.080515e+02 7.772380e+00
3.0 0.9 5.263151e-02 5.022957e+02 5.480652e+00
3.0 0.9 7.314235e-02 2.886984e+02 3.231952e+00
3.0 0.9 1.025928e-01 1.781982e+02 1.675435e+00
3.0 0.9 1.448116e-01 9.772787e+01 7.780348e-01
3.0 0.9 2.023460e-01 5.091950e+01 3.511115e-01
3.0 0.9 2.834245e-01 2.597532e+01 1.525462e-01
3.0 0.9 3.967448e-01 1.267626e+01 5.713823e-02
3.0 0.9 5.552783e-01 6.003903e+00 2.181156e-02
3.0 0.9 7.774819e-01 2.768328e+00 7.479474e-03
3.0 0.9 1.088445e+00 1.248878e+00 2.298349e-03
3.0 0.9 1.523711e+00 5.530528e-01 8.205172e-04
2.0 0.1 3.503514e-02 4.225210e+01 3.448438e-01
2.0 0.1 5.263151e-02 2.997404e+01 2.419594e-01
2.0 0.1 7.314235e-02 1.723479e+01 1.356331e-01
2.0 0.1 1.025928e-01 1.066742e+01 6.815473e-02
2.0 0.1 1.448116e-01 5.863549e+00 3.103963e-02
2.0 0.1 2.023460e-01 3.061345e+00 1.389486e-02
2.0 0.1 2.834245e-01 1.563877e+00 6.018765e-03
2.0 0.1 3.967448e-01 7.638042e-01 2.276306e-03
2.0 0.1 5.552783e-01 3.618380e-01 8.822776e-04
2.0 0.1 7.774819e-01 1.667831e-01 3.089332e-04
2.0 0.1 1.088445e+00 7.519054e-02 9.731286e-05
2.0 0.1 1.523711e+00 3.328523e-02 3.529913e-05
2.0 0.5 3.503514e-02 7.262125e+01 4.543934e-01
2.0 0.5 5.263151e-02 5.151596e+01 3.188248e-01
2.0 0.5 7.314235e-02 2.959834e+01 1.787209e-01
2.0 0.5 1.025928e-01 1.835931e+01 8.980606e-02
2.0 0.5 1.448116e-01 1.011031e+01 4.090026e-02
2.0 0.5 2.023460e-01 5.286425e+00 1.830896e-02
2.0 0.5 2.834245e-01 2.703827e+00 7.930801e-03
2.0 0.5 3.967448e-01 1.322310e+00 2.999440e-03
2.0 0.5 5.552783e-01 6.268926e-01 1.162559e-03
2.0 0.5 7.774819e-01 2.891497e-01 4.070747e-04
2.0 0.5 1.088445e+00 1.304276e-01 1.282271e-04
2.0 0.5 1.523711e+00 5.774919e-02 4.651292e-05
2.0 0.9 3.503514e-02 1.752598e+02 7.100092e-01
2.0 0.9 5.263151e-02 1.243193e+02 4.981775e-01
2.0 0.9 7.314235e-02 7.136342e+01 2.792591e-01
2.0 0.9 1.025928e-01 4.437594e+01 1.403258e-01
2.0 0.9 1.448116e-01 2.448984e+01 6.390842e-02
2.0 0.9 2.023460e-01 1.282700e+01 2.860854e-02
2.0 0.9 2.834245e-01 6.569687e+00 1.239222e-02
2.0 0.9 3.967448e-01 3.217775e+00 4.686755e-03
2.0 0.9 5.552783e-01 1.526824e+00 1.816548e-03
2.0 0.9 7.774819e-01 7.047750e-01 6.360718e-04
2.0 0.9 1.088445e+00 3.181012e-01 2.003604e-04
2.0 0.9 1.523711e+00 1.408774e-01 7.267843e-05
