# redshift mu k(Mpc^-1) P(k,mu)(Mpc^3) standard deviation of P(k,mu) of four realizations
4.0 0.1 3.503514e-02 7.242806e+02 4.029514e+01
4.0 0.1 5.263151e-02 5.150225e+02 2.765211e+01
4.0 0.1 7.314235e-02 3.088662e+02 1.133300e+01
4.0 0.1 1.025928e-01 1.780727e+02 4.254313e+00
4.0 0.1 1.448116e-01 9.110557e+01 1.553194e+00
4.0 0.1 2.023460e-01 4.472284e+01 6.980132e-01
4.0 0.1 2.834245e-01 2.157066e+01 2.793953e-01
4.0 0.1 3.967448e-01 9.784376e+00 1.041832e-01
4.0 0.1 5.552783e-01 4.419079e+00 3.850418e-02
4.0 0.1 7.774819e-01 1.938403e+00 1.298976e-02
4.0 0.1 1.088445e+00 8.348737e-01 3.924600e-03
4.0 0.1 1.523711e+00 3.619236e-01 1.375024e-03
4.0 0.5 3.503514e-02 1.062182e+03 5.121898e+01
4.0 0.5 5.263151e-02 7.550419e+02 3.514848e+01
4.0 0.5 7.314235e-02 4.501362e+02 1.440533e+01
4.0 0.5 1.025928e-01 2.622899e+02 5.407638e+00
4.0 0.5 1.448116e-01 1.357170e+02 1.974257e+00
4.0 0.5 2.023460e-01 6.730903e+01 8.872414e-01
4.0 0.5 2.834245e-01 3.278995e+01 3.551381e-01
4.0 0.5 3.967448e-01 1.507475e+01 1.324267e-01
4.0 0.5 5.552783e-01 6.870415e+00 4.894249e-02
4.0 0.5 7.774819e-01 3.042980e+00 1.651122e-02
4.0 0.5 1.088445e+00 1.322629e+00 4.988541e-03
4.0 0.5 1.523711e+00 5.756444e-01 1.747787e-03
4.0 0.9 3.503514e-02 2.085427e+03 7.670792e+01
4.0 0.9 5.263151e-02 1.481631e+03 5.263999e+01
4.0 0.9 7.314235e-02 8.752113e+02 2.157409e+01
4.0 0.9 1.025928e-01 5.184189e+02 8.098729e+00
4.0 0.9 1.448116e-01 2.728424e+02 2.956740e+00
4.0 0.9 2.023460e-01 1.373648e+02 1.328774e+00
4.0 0.9 2.834245e-01 6.787878e+01 5.318713e-01
4.0 0.9 3.967448e-01 3.179470e+01 1.983284e-01
4.0 0.9 5.552783e-01 1.466927e+01 7.329855e-02
4.0 0.9 7.774819e-01 6.580924e+00 2.472798e-02
4.0 0.9 1.088445e+00 2.894381e+00 7.471071e-03
4.0 0.9 1.523711e+00 1.266094e+00 2.617567e-03
3.0 0.1 3.503514e-02 2.137832e+02 4.980381e+00
3.0 0.1 5.263151e-02 1.517323e+02 3.484702e+00
3.0 0.1 7.314235e-02 8.790126e+01 1.874179e+00
3.0 0.1 1.025928e-01 5.340997e+01 9.252976e-01
3.0 0.1 1.448116e-01 2.886974e+01 4.181444e-01
3.0 0.1 2.023460e-01 1.486996e+01 1.872871e-01
3.0 0.1 2.834245e-01 7.510801e+00 8.048982e-02
3.0 0.1 3.967448e-01 3.621254e+00 2.989779e-02
3.0 0.1 5.552783e-01 1.702350e+00 1.129833e-02
3.0 0.1 7.774819e-01 7.788124e-01 3.823740e-03
3.0 0.1 1.088445e+00 3.487234e-01 1.152974e-03
3.0 0.1 1.523711e+00 1.537077e-01 4.024558e-04
3.0 0.5 3.503514e-02 3.358429e+02 6.330539e+00
3.0 0.5 5.263151e-02 2.383336e+02 4.429389e+00
3.0 0.5 7.314235e-02 1.377878e+02 2.382261e+00
3.0 0.5 1.025928e-01 8.416631e+01 1.176142e+00
3.0 0.5 1.448116e-01 4.571415e+01 5.315015e-01
3.0 0.5 2.023460e-01 2.363904e+01 2.380598e-01
3.0 0.5 2.834245e-01 1.197955e+01 1.023102e-01
3.0 0.5 3.967448e-01 5.797561e+00 3.800295e-02
3.0 0.5 5.552783e-01 2.731445e+00 1.436126e-02
3.0 0.5 7.774819e-01 1.252192e+00 4.860339e-03
3.0 0.5 1.088445e+00 5.616510e-01 1.465541e-03
3.0 0.5 1.523711e+00 2.477307e-01 5.115598e-04
3.0 0.9 3.503514e-02 7.269857e+02 9.480910e+00
3.0 0.9 5.263151e-02 5.158253e+02 6.633659e+00
3.0 0.9 7.314235e-02 2.974135e+02 3.567784e+00
3.0 0.9 1.025928e-01 1.829320e+02 1.761444e+00
3.0 0.9 1.448116e-01 9.997693e+01 7.960013e-01
3.0 0.9 2.023460e-01 5.195953e+01 3.565294e-01
3.0 0.9 2.834245e-01 2.644189e+01 1.532246e-01
3.0 0.9 3.967448e-01 1.285724e+01 5.691498e-02
3.0 0.9 5.552783e-01 6.074208e+00 2.150808e-02
3.0 0.9 7.774819e-01 2.791767e+00 7.279069e-03
3.0 0.9 1.088445e+00 1.254871e+00 2.194862e-03
3.0 0.9 1.523711e+00 5.539627e-01 7.661357e-04
2.0 0.1 3.503514e-02 4.226555e+01 4.243272e-01
2.0 0.1 5.263151e-02 2.998417e+01 2.994408e-01
2.0 0.1 7.314235e-02 1.723846e+01 1.748315e-01
2.0 0.1 1.025928e-01 1.066957e+01 8.953094e-02
2.0 0.1 1.448116e-01 5.864785e+00 4.087262e-02
2.0 0.1 2.023460e-01 3.062312e+00 1.811262e-02
2.0 0.1 2.834245e-01 1.564561e+00 7.711571e-03
2.0 0.1 3.967448e-01 7.641433e-01 2.816901e-03
2.0 0.1 5.552783e-01 3.619417e-01 1.050288e-03
2.0 0.1 7.774819e-01 1.667479e-01 3.503224e-04
2.0 0.1 1.088445e+00 7.509789e-02 1.041018e-04
2.0 0.1 1.523711e+00 3.317762e-02 3.602649e-05
2.0 0.5 3.503514e-02 7.263895e+01 5.591270e-01
2.0 0.5 5.263151e-02 5.152929e+01 3.945669e-01
2.0 0.5 7.314235e-02 2.960315e+01 2.303717e-01
2.0 0.5 1.025928e-01 1.836211e+01 1.179730e-01
2.0 0.5 1.448116e-01 1.011190e+01 5.385700e-02
2.0 0.5 2.023460e-01 5.287650e+00 2.386661e-02
2.0 0.5 2.834245e-01 2.704674e+00 1.016138e-02
2.0 0.5 3.967448e-01 1.322701e+00 3.711771e-03
2.0 0.5 5.552783e-01 6.269730e-01 1.383942e-03
2.0 0.5 7.774819e-01 2.890481e-01 4.616125e-04
2.0 0.5 1.088445e+00 1.302526e-01 1.371727e-04
2.0 0.5 1.523711e+00 5.755762e-02 4.747135e-05
2.0 0.9 3.503514e-02 1.752874e+02 8.736600e-01
2.0 0.9 5.263151e-02 1.243401e+02 6.165277e-01
2.0 0.9 7.314235e-02 7.137083e+01 3.599658e-01
2.0 0.9 1.025928e-01 4.438017e+01 1.843380e-01
2.0 0.9 1.448116e-01 2.449215e+01 8.415388e-02
2.0 0.9 2.023460e-01 1.282874e+01 3.729261e-02
2.0 0.9 2.834245e-01 6.570816e+00 1.587759e-02
2.0 0.9 3.967448e-01 3.218183e+00 5.799801e-03
2.0 0.9 5.552783e-01 1.526745e+00 2.162469e-03
2.0 0.9 7.774819e-01 7.044150e-01 7.212893e-04
2.0 0.9 1.088445e+00 3.176347e-01 2.143382e-04
2.0 0.9 1.523711e+00 1.403966e-01 7.417602e-05
