# redshift mu k(Mpc^-1) P(k,mu)(Mpc^3) standard deviation of P(k,mu) of four realizations
4.0 0.1 3.503514e-02 6.330294e+02 2.874349e+01
4.0 0.1 5.263151e-02 4.498288e+02 1.972204e+01
4.0 0.1 7.314235e-02 2.670307e+02 8.131377e+00
4.0 0.1 1.025928e-01 1.558125e+02 3.068824e+00
4.0 0.1 1.448116e-01 8.088388e+01 1.147752e+00
4.0 0.1 2.023460e-01 4.022558e+01 5.110262e-01
4.0 0.1 2.834245e-01 1.966204e+01 2.070834e-01
4.0 0.1 3.967448e-01 9.092410e+00 7.734934e-02
4.0 0.1 5.552783e-01 4.162399e+00 2.906570e-02
4.0 0.1 7.774819e-01 1.854163e+00 9.986539e-03
4.0 0.1 1.088445e+00 8.108502e-01 3.089877e-03
4.0 0.1 1.523711e+00 3.544990e-01 1.109617e-03
4.0 0.5 3.503514e-02 9.461927e+02 3.653572e+01
4.0 0.5 5.263151e-02 6.721746e+02 2.506859e+01
4.0 0.5 7.314235e-02 3.969595e+02 1.033576e+01
4.0 0.5 1.025928e-01 2.339953e+02 3.900769e+00
4.0 0.5 1.448116e-01 1.227245e+02 1.458902e+00
4.0 0.5 2.023460e-01 6.159294e+01 6.495630e-01
4.0 0.5 2.834245e-01 3.036431e+01 2.632227e-01
4.0 0.5 3.967448e-01 1.419560e+01 9.831840e-02
4.0 0.5 5.552783e-01 6.544562e+00 3.694528e-02
4.0 0.5 7.774819e-01 2.936307e+00 1.269385e-02
4.0 0.5 1.088445e+00 1.292481e+00 3.927528e-03
4.0 0.5 1.523711e+00 5.665723e-01 1.410429e-03
4.0 0.9 3.503514e-02 1.911717e+03 5.471760e+01
4.0 0.9 5.263151e-02 1.357526e+03 3.754388e+01
4.0 0.9 7.314235e-02 7.955721e+02 1.547931e+01
4.0 0.9 1.025928e-01 4.760446e+02 5.841972e+00
4.0 0.9 1.448116e-01 2.533855e+02 2.184920e+00
4.0 0.9 2.023460e-01 1.288054e+02 9.728158e-01
4.0 0.9 2.834245e-01 6.424740e+01 3.942146e-01
4.0 0.9 3.967448e-01 3.047948e+01 1.472462e-01
4.0 0.9 5.552783e-01 1.418270e+01 5.533097e-02
4.0 0.9 7.774819e-01 6.422581e+00 1.901089e-02
4.0 0.9 1.088445e+00 2.850589e+00 5.882049e-03
4.0 0.9 1.523711e+00 1.253784e+00 2.112324e-03
3.0 0.1 3.503514e-02 2.039727e+02 3.942637e+00
3.0 0.1 5.263151e-02 1.447196e+02 2.776372e+00
3.0 0.1 7.314235e-02 8.334473e+01 1.607443e+00
3.0 0.1 1.025928e-01 5.091855e+01 8.197553e-01
3.0 0.1 1.448116e-01 2.768638e+01 3.763320e-01
3.0 0.1 2.023460e-01 1.432540e+01 1.680040e-01
3.0 0.1 2.834245e-01 7.268542e+00 7.234019e-02
3.0 0.1 3.967448e-01 3.528331e+00 2.688436e-02
3.0 0.1 5.552783e-01 1.666392e+00 1.021817e-02
3.0 0.1 7.774819e-01 7.666332e-01 3.494961e-03
3.0 0.1 1.088445e+00 3.452792e-01 1.071923e-03
3.0 0.1 1.523711e+00 1.527905e-01 3.822872e-04
3.0 0.5 3.503514e-02 3.233728e+02 5.011468e+00
3.0 0.5 5.263151e-02 2.294198e+02 3.529034e+00
3.0 0.5 7.314235e-02 1.319961e+02 2.043213e+00
3.0 0.5 1.025928e-01 8.099959e+01 1.041987e+00
3.0 0.5 1.448116e-01 4.421013e+01 4.783540e-01
3.0 0.5 2.023460e-01 2.294702e+01 2.135491e-01
3.0 0.5 2.834245e-01 1.167179e+01 9.195129e-02
3.0 0.5 3.967448e-01 5.679632e+00 3.417258e-02
3.0 0.5 5.552783e-01 2.685926e+00 1.298827e-02
3.0 0.5 7.774819e-01 1.236895e+00 4.442429e-03
3.0 0.5 1.088445e+00 5.574490e-01 1.362517e-03
3.0 0.5 1.523711e+00 2.467303e-01 4.859235e-04
3.0 0.9 3.503514e-02 7.083101e+02 7.505406e+00
3.0 0.9 5.263151e-02 5.024758e+02 5.285246e+00
3.0 0.9 7.314235e-02 2.887399e+02 3.060011e+00
3.0 0.9 1.025928e-01 1.781898e+02 1.560529e+00
3.0 0.9 1.448116e-01 9.772495e+01 7.164051e-01
3.0 0.9 2.023460e-01 5.092370e+01 3.198211e-01
3.0 0.9 2.834245e-01 2.598160e+01 1.377105e-01
3.0 0.9 3.967448e-01 1.268127e+01 5.117845e-02
3.0 0.9 5.552783e-01 6.006689e+00 1.945184e-02
3.0 0.9 7.774819e-01 2.769498e+00 6.653188e-03
3.0 0.9 1.088445e+00 1.249192e+00 2.040568e-03
3.0 0.9 1.523711e+00 5.530425e-01 7.277416e-04
2.0 0.1 3.503514e-02 4.213325e+01 3.363054e-01
2.0 0.1 5.263151e-02 2.988901e+01 2.362609e-01
2.0 0.1 7.314235e-02 1.717595e+01 1.332800e-01
2.0 0.1 1.025928e-01 1.063346e+01 6.681531e-02
2.0 0.1 1.448116e-01 5.846993e+00 3.034267e-02
2.0 0.1 2.023460e-01 3.053663e+00 1.351286e-02
2.0 0.1 2.834245e-01 1.560503e+00 5.830971e-03
2.0 0.1 3.967448e-01 7.625451e-01 2.192813e-03
2.0 0.1 5.552783e-01 3.613565e-01 8.449464e-04
2.0 0.1 7.774819e-01 1.666120e-01 2.935943e-04
2.0 0.1 1.088445e+00 7.512915e-02 9.156431e-05
2.0 0.1 1.523711e+00 3.325465e-02 3.295370e-05
2.0 0.5 3.503514e-02 7.246464e+01 4.431426e-01
2.0 0.5 5.263151e-02 5.140393e+01 3.113160e-01
2.0 0.5 7.314235e-02 2.952081e+01 1.756203e-01
2.0 0.5 1.025928e-01 1.831455e+01 8.804114e-02
2.0 0.5 1.448116e-01 1.008849e+01 3.998190e-02
2.0 0.5 2.023460e-01 5.276296e+00 1.780561e-02
2.0 0.5 2.834245e-01 2.699374e+00 7.683348e-03
2.0 0.5 3.967448e-01 1.320644e+00 2.889423e-03
2.0 0.5 5.552783e-01 6.262513e-01 1.113368e-03
2.0 0.5 7.774819e-01 2.889175e-01 3.868631e-04
2.0 0.5 1.088445e+00 1.303403e-01 1.206524e-04
2.0 0.5 1.523711e+00 5.770285e-02 4.342240e-05
2.0 0.9 3.503514e-02 1.750151e+02 6.924293e-01
2.0 0.9 5.263151e-02 1.241442e+02 4.864447e-01
2.0 0.9 7.314235e-02 7.124225e+01 2.744142e-01
2.0 0.9 1.025928e-01 4.430598e+01 1.375681e-01
2.0 0.9 1.448116e-01 2.445572e+01 6.247344e-02
2.0 0.9 2.023460e-01 1.281115e+01 2.782203e-02
2.0 0.9 2.834245e-01 6.562706e+00 1.200556e-02
2.0 0.9 3.967448e-01 3.215147e+00 4.514848e-03
2.0 0.9 5.552783e-01 1.525797e+00 1.739686e-03
2.0 0.9 7.774819e-01 7.043878e-01 6.044901e-04
2.0 0.9 1.088445e+00 3.179413e-01 1.885245e-04
2.0 0.9 1.523711e+00 1.407830e-01 6.784936e-05
