9.419703e-04 2.036395e-04
9.641256e-04 2.213301e-04
9.873482e-04 2.410467e-04
1.011717e-03 2.630802e-04
1.037319e-03 2.877721e-04
1.064251e-03 3.155254e-04
1.092618e-03 3.468168e-04
1.12254e-03 3.822138e-04
1.154146e-03 4.223944e-04
1.187583e-03 4.681728e-04
1.223015e-03 5.205327e-04
1.260627e-03 5.806682e-04
1.300626e-03 6.500386e-04
1.343246e-03 7.304380e-04
1.388754e-03 8.240874e-04
1.437454e-03 9.337563e-04
1.489693e-03 1.062925e-03
1.545873e-03 1.216004e-03
1.606456e-03 1.398633e-03
1.671981e-03 1.618093e-03
1.743078e-03 1.883885e-03
1.820491e-03 2.208545e-03
1.905099e-03 2.608824e-03
1.997956e-03 3.107412e-03
2.100327e-03 3.735499e-03
2.213756e-03 4.536681e-03
2.340136e-03 5.573011e-03
2.481819e-03 6.934637e-03
2.641764e-03 8.755561e-03
2.823746e-03 1.124021e-02
3.032654e-03 1.470982e-02
3.274943e-03 1.968674e-02
3.559308e-03 2.705479e-02
3.897752e-03 3.838135e-02
4.307322e-03 5.66074e-02
4.813074e-03 8.764518e-02
5.453393e-03 1.444531e-01
6.290228e-03 2.587896e-01
7.430448e-03 5.211363e-01
9.075559e-03 1.251278e+00
1.165628e-02 4.035713e+00
1.628788e-02 2.375135e+01
2.702703e-02 2.521799e+01
2.74937e-02 2.614181e+01
2.804357e-02 2.516604e+01
2.860444e-02 2.419126e+01
2.917653e-02 2.325312e+01
2.976006e-02 2.235024e+01
3.035526e-02 2.148137e+01
3.096237e-02 2.064529e+01
3.158162e-02 1.984079e+01
3.221325e-02 1.906677e+01
3.285751e-02 1.832213e+01
3.351466e-02 1.760573e+01
3.418496e-02 1.691658e+01
3.486866e-02 1.625373e+01
3.556603e-02 1.561617e+01
3.627735e-02 1.500298e+01
3.70029e-02 1.441329e+01
3.774296e-02 1.384619e+01
3.849782e-02 1.330086e+01
3.926777e-02 1.277653e+01
4.005313e-02 1.227238e+01
4.085418e-02 1.178771e+01
4.167127e-02 1.132178e+01
4.25047e-02 1.087393e+01
4.335479e-02 1.044351e+01
4.422188e-02 1.002986e+01
4.510632e-02 9.632485e+00
4.600845e-02 9.250818e+00
4.692862e-02 8.884409e+00
4.786718e-02 8.532862e+00
4.882453e-02 8.19587e+00
4.980102e-02 7.873209e+00
5.079706e-02 7.564777e+00
5.181299e-02 7.270688e+00
5.284923e-02 6.99115e+00
5.390623e-02 6.726728e+00
5.498436e-02 6.478169e+00
5.608405e-02 6.246667e+00
5.720572e-02 6.033746e+00
5.834983e-02 5.84173e+00
5.951683e-02 5.673074e+00
6.070717e-02 5.531442e+00
6.192131e-02 5.421062e+00
6.315974e-02 5.348011e+00
6.442294e-02 5.319103e+00
6.57114e-02 5.342680e+00
6.702561e-02 5.429304e+00
6.836611e-02 5.591874e+00
6.973345e-02 5.846554e+00
7.112811e-02 6.209882e+00
7.255067e-02 6.707606e+00
7.400172e-02 7.3649e+00
7.548172e-02 8.211187e+00
7.699136e-02 9.287497e+00
7.853121e-02 1.064329e+01
8.010183e-02 1.232854e+01
8.170389e-02 1.442596e+01
8.333792e-02 1.701278e+01
8.500467e-02 2.019555e+01
8.670478e-02 2.40794e+01
8.843891e-02 2.880965e+01
9.020769e-02 3.458232e+01
9.201181e-02 4.160735e+01
9.385205e-02 5.014497e+01
9.572909e-02 6.045747e+01
9.764367e-02 7.29193e+01
9.959654e-02 8.802777e+01
1.015885e-01 1.063653e+02
1.036203e-01 1.287161e+02
1.056926e-01 1.557552e+02
1.078065e-01 1.887586e+02
1.099626e-01 2.28952e+02
1.121619e-01 2.776629e+02
1.144051e-01 3.363782e+02
1.166932e-01 4.056345e+02
1.190271e-01 4.853843e+02
1.214076e-01 5.749193e+02
1.238358e-01 6.753434e+02
1.263125e-01 7.875456e+02
1.288388e-01 9.115709e+02
1.314155e-01 1.047299e+03
1.340438e-01 1.195686e+03
1.367247e-01 1.357859e+03
1.394592e-01 1.534978e+03
1.422484e-01 1.728247e+03
1.450934e-01 1.938943e+03
1.479952e-01 2.168273e+03
1.509551e-01 2.41704e+03
1.539742e-01 2.685178e+03
1.570537e-01 2.972906e+03
1.601948e-01 3.281357e+03
1.633987e-01 3.61173e+03
1.666667e-01 3.965148e+03
