9.419703e-04 2.036395e-04
9.641256e-04 2.213301e-04
9.873482e-04 2.410467e-04
1.011717e-03 2.630802e-04
1.037319e-03 2.877721e-04
1.064251e-03 3.155254e-04
1.092618e-03 3.468168e-04
1.12254e-03 3.822138e-04
1.154146e-03 4.223944e-04
1.187583e-03 4.681728e-04
1.223015e-03 5.205327e-04
1.260627e-03 5.806682e-04
1.300626e-03 6.500386e-04
1.343246e-03 7.304380e-04
1.388754e-03 8.240874e-04
1.437454e-03 9.337563e-04
1.489693e-03 1.062925e-03
1.545873e-03 1.216004e-03
1.606456e-03 1.398633e-03
1.671981e-03 1.618093e-03
1.743078e-03 1.883885e-03
1.820491e-03 2.208545e-03
1.905099e-03 2.608824e-03
1.997956e-03 3.107412e-03
2.100327e-03 3.735499e-03
2.213756e-03 4.536681e-03
2.340136e-03 5.573011e-03
2.481819e-03 6.934637e-03
2.641764e-03 8.755561e-03
2.823746e-03 1.124021e-02
3.032654e-03 1.470982e-02
3.274943e-03 1.968674e-02
3.559308e-03 2.705479e-02
3.897752e-03 3.838135e-02
4.307322e-03 5.66074e-02
4.813074e-03 8.764518e-02
5.453393e-03 1.444531e-01
6.290228e-03 2.587896e-01
7.430448e-03 5.211363e-01
9.075559e-03 1.251278e+00
1.165628e-02 4.035713e+00
1.628788e-02 2.375135e+01
2.702703e-02 2.521799e+01
2.74937e-02 2.614181e+01
2.804357e-02 2.516579e+01
2.860444e-02 2.419059e+01
2.917653e-02 2.325202e+01
2.976006e-02 2.234876e+01
3.035526e-02 2.147956e+01
3.096237e-02 2.064313e+01
3.158162e-02 1.983837e+01
3.221325e-02 1.906409e+01
3.285751e-02 1.831919e+01
3.351466e-02 1.760259e+01
3.418496e-02 1.691328e+01
3.486866e-02 1.625023e+01
3.556603e-02 1.561252e+01
3.627735e-02 1.499919e+01
3.70029e-02 1.440937e+01
3.774296e-02 1.384216e+01
3.849782e-02 1.329673e+01
3.926777e-02 1.27723e+01
4.005313e-02 1.226808e+01
4.085418e-02 1.178331e+01
4.167127e-02 1.131729e+01
4.25047e-02 1.08693e+01
4.335479e-02 1.04387e+01
4.422188e-02 1.002483e+01
4.510632e-02 9.627118e+00
4.600845e-02 9.244971e+00
4.692862e-02 8.877874e+00
4.786718e-02 8.525323e+00
4.882453e-02 8.186887e+00
4.980102e-02 7.862186e+00
5.079706e-02 7.550924e+00
5.181299e-02 7.252877e+00
5.284923e-02 6.967949e+00
5.390623e-02 6.696168e+00
5.498436e-02 6.437727e+00
5.608405e-02 6.193046e+00
5.720572e-02 5.962761e+00
5.834983e-02 5.747903e+00
5.951683e-02 5.549734e+00
6.070717e-02 5.37011e+00
6.192131e-02 5.211184e+00
6.315974e-02 5.076311e+00
6.442294e-02 4.969171e+00
6.57114e-02 4.89447e+00
6.702561e-02 4.858061e+00
6.836611e-02 4.867471e+00
6.973345e-02 4.931847e+00
7.112811e-02 5.061403e+00
7.255067e-02 5.270792e+00
7.400172e-02 5.574623e+00
7.548172e-02 5.992514e+00
7.699136e-02 6.54739e+00
7.853121e-02 7.265376e+00
8.010183e-02 8.178677e+00
8.170389e-02 9.328303e+00
8.333792e-02 1.07634e+01
8.500467e-02 1.254136e+01
8.670478e-02 1.47355e+01
8.843891e-02 1.743176e+01
9.020769e-02 2.071835e+01
9.201181e-02 2.472155e+01
9.385205e-02 2.957359e+01
9.572909e-02 3.548888e+01
9.764367e-02 4.265913e+01
9.959654e-02 5.134744e+01
1.015885e-01 6.180532e+01
1.036203e-01 7.441194e+01
1.056926e-01 8.965427e+01
1.078065e-01 1.081159e+02
1.099626e-01 1.304917e+02
1.121619e-01 1.576444e+02
1.144051e-01 1.904398e+02
1.166932e-01 2.301542e+02
1.190271e-01 2.777041e+02
1.214076e-01 3.34035e+02
1.238358e-01 3.987154e+02
1.263125e-01 4.710774e+02
1.288388e-01 5.520156e+02
1.314155e-01 6.424726e+02
1.340438e-01 7.432898e+02
1.367247e-01 8.547417e+02
1.394592e-01 9.765509e+02
1.422484e-01 1.109312e+03
1.450934e-01 1.253985e+03
1.479952e-01 1.411564e+03
1.509551e-01 1.583072e+03
1.539742e-01 1.76956e+03
1.570537e-01 1.972064e+03
1.601948e-01 2.191559e+03
1.633987e-01 2.428566e+03
1.666667e-01 2.682914e+03
