5.e+00 1.570796e-02 0.e+00
5.e+00 2.346256e-02 0.e+00
5.e+00 3.503514e-02 0.e+00
5.e+00 5.263151e-02 0.e+00
5.e+00 7.314235e-02 0.e+00
5.e+00 1.025928e-01 0.e+00
5.e+00 1.448116e-01 0.e+00
5.e+00 2.023460e-01 0.e+00
5.e+00 2.834245e-01 0.e+00
5.e+00 3.967448e-01 0.e+00
5.e+00 5.552783e-01 0.e+00
5.e+00 7.774819e-01 0.e+00
5.e+00 1.088445e+00 0.e+00
5.e+00 1.523711e+00 0.e+00
5.e+00 2.088426e+00 0.e+00
5.e+00 2.685505e+00 0.e+00
5.12e+00 1.570796e-02 0.e+00
5.12e+00 2.346256e-02 0.e+00
5.12e+00 3.503514e-02 0.e+00
5.12e+00 5.263151e-02 0.e+00
5.12e+00 7.314235e-02 0.e+00
5.12e+00 1.025928e-01 0.e+00
5.12e+00 1.448116e-01 0.e+00
5.12e+00 2.023460e-01 0.e+00
5.12e+00 2.834245e-01 0.e+00
5.12e+00 3.967448e-01 0.e+00
5.12e+00 5.552783e-01 0.e+00
5.12e+00 7.774819e-01 0.e+00
5.12e+00 1.088445e+00 0.e+00
5.12e+00 1.523711e+00 0.e+00
5.12e+00 2.088426e+00 0.e+00
5.12e+00 2.685505e+00 0.e+00
5.2424e+00 1.570796e-02 0.e+00
5.2424e+00 2.346256e-02 0.e+00
5.2424e+00 3.503514e-02 0.e+00
5.2424e+00 5.263151e-02 0.e+00
5.2424e+00 7.314235e-02 0.e+00
5.2424e+00 1.025928e-01 0.e+00
5.2424e+00 1.448116e-01 0.e+00
5.2424e+00 2.023460e-01 0.e+00
5.2424e+00 2.834245e-01 0.e+00
5.2424e+00 3.967448e-01 0.e+00
5.2424e+00 5.552783e-01 0.e+00
5.2424e+00 7.774819e-01 0.e+00
5.2424e+00 1.088445e+00 0.e+00
5.2424e+00 1.523711e+00 0.e+00
5.2424e+00 2.088426e+00 0.e+00
5.2424e+00 2.685505e+00 0.e+00
5.367248e+00 1.570796e-02 0.e+00
5.367248e+00 2.346256e-02 0.e+00
5.367248e+00 3.503514e-02 0.e+00
5.367248e+00 5.263151e-02 0.e+00
5.367248e+00 7.314235e-02 0.e+00
5.367248e+00 1.025928e-01 0.e+00
5.367248e+00 1.448116e-01 0.e+00
5.367248e+00 2.023460e-01 0.e+00
5.367248e+00 2.834245e-01 0.e+00
5.367248e+00 3.967448e-01 0.e+00
5.367248e+00 5.552783e-01 0.e+00
5.367248e+00 7.774819e-01 0.e+00
5.367248e+00 1.088445e+00 0.e+00
5.367248e+00 1.523711e+00 0.e+00
5.367248e+00 2.088426e+00 0.e+00
5.367248e+00 2.685505e+00 0.e+00
5.494593e+00 1.570796e-02 0.e+00
5.494593e+00 2.346256e-02 0.e+00
5.494593e+00 3.503514e-02 0.e+00
5.494593e+00 5.263151e-02 0.e+00
5.494593e+00 7.314235e-02 0.e+00
5.494593e+00 1.025928e-01 0.e+00
5.494593e+00 1.448116e-01 0.e+00
5.494593e+00 2.023460e-01 0.e+00
5.494593e+00 2.834245e-01 0.e+00
5.494593e+00 3.967448e-01 0.e+00
5.494593e+00 5.552783e-01 0.e+00
5.494593e+00 7.774819e-01 0.e+00
5.494593e+00 1.088445e+00 0.e+00
5.494593e+00 1.523711e+00 0.e+00
5.494593e+00 2.088426e+00 0.e+00
5.494593e+00 2.685505e+00 0.e+00
5.624485e+00 1.570796e-02 0.e+00
5.624485e+00 2.346256e-02 0.e+00
5.624485e+00 3.503514e-02 0.e+00
5.624485e+00 5.263151e-02 0.e+00
5.624485e+00 7.314235e-02 0.e+00
5.624485e+00 1.025928e-01 0.e+00
5.624485e+00 1.448116e-01 0.e+00
5.624485e+00 2.023460e-01 0.e+00
5.624485e+00 2.834245e-01 0.e+00
5.624485e+00 3.967448e-01 0.e+00
5.624485e+00 5.552783e-01 0.e+00
5.624485e+00 7.774819e-01 0.e+00
5.624485e+00 1.088445e+00 0.e+00
5.624485e+00 1.523711e+00 0.e+00
5.624485e+00 2.088426e+00 0.e+00
5.624485e+00 2.685505e+00 0.e+00
5.756975e+00 1.570796e-02 0.e+00
5.756975e+00 2.346256e-02 0.e+00
5.756975e+00 3.503514e-02 0.e+00
5.756975e+00 5.263151e-02 0.e+00
5.756975e+00 7.314235e-02 0.e+00
5.756975e+00 1.025928e-01 0.e+00
5.756975e+00 1.448116e-01 0.e+00
5.756975e+00 2.023460e-01 0.e+00
5.756975e+00 2.834245e-01 0.e+00
5.756975e+00 3.967448e-01 0.e+00
5.756975e+00 5.552783e-01 0.e+00
5.756975e+00 7.774819e-01 0.e+00
5.756975e+00 1.088445e+00 0.e+00
5.756975e+00 1.523711e+00 0.e+00
5.756975e+00 2.088426e+00 0.e+00
5.756975e+00 2.685505e+00 0.e+00
5.892114e+00 1.570796e-02 0.e+00
5.892114e+00 2.346256e-02 0.e+00
5.892114e+00 3.503514e-02 0.e+00
5.892114e+00 5.263151e-02 0.e+00
5.892114e+00 7.314235e-02 0.e+00
5.892114e+00 1.025928e-01 0.e+00
5.892114e+00 1.448116e-01 0.e+00
5.892114e+00 2.023460e-01 0.e+00
5.892114e+00 2.834245e-01 0.e+00
5.892114e+00 3.967448e-01 0.e+00
5.892114e+00 5.552783e-01 0.e+00
5.892114e+00 7.774819e-01 0.e+00
5.892114e+00 1.088445e+00 0.e+00
5.892114e+00 1.523711e+00 0.e+00
5.892114e+00 2.088426e+00 0.e+00
5.892114e+00 2.685505e+00 0.e+00
6.029956e+00 1.570796e-02 -1.155460e-05
6.029956e+00 2.346256e-02 -8.194252e-06
6.029956e+00 3.503514e-02 -1.675732e-05
6.029956e+00 5.263151e-02 -5.467806e-06
6.029956e+00 7.314235e-02 -2.693258e-05
6.029956e+00 1.025928e-01 -8.867867e-06
6.029956e+00 1.448116e-01 -2.107698e-05
6.029956e+00 2.023460e-01 -7.555399e-06
6.029956e+00 2.834245e-01 1.054045e-06
6.029956e+00 3.967448e-01 -4.224784e-06
6.029956e+00 5.552783e-01 -1.117225e-05
6.029956e+00 7.774819e-01 -3.017280e-06
6.029956e+00 1.088445e+00 -7.67409e-06
6.029956e+00 1.523711e+00 -7.012477e-06
6.029956e+00 2.088426e+00 -8.347907e-06
6.029956e+00 2.685505e+00 -9.837618e-06
6.170555e+00 1.570796e-02 -1.151802e-04
6.170555e+00 2.346256e-02 -8.272141e-05
6.170555e+00 3.503514e-02 -1.504041e-04
6.170555e+00 5.263151e-02 -2.164562e-04
6.170555e+00 7.314235e-02 -2.497590e-04
6.170555e+00 1.025928e-01 -7.344719e-05
6.170555e+00 1.448116e-01 -2.113166e-04
6.170555e+00 2.023460e-01 -1.251474e-04
6.170555e+00 2.834245e-01 -2.339162e-04
6.170555e+00 3.967448e-01 -1.170557e-04
6.170555e+00 5.552783e-01 -1.034495e-04
6.170555e+00 7.774819e-01 -1.025042e-04
6.170555e+00 1.088445e+00 -9.585057e-05
6.170555e+00 1.523711e+00 -9.310482e-05
6.170555e+00 2.088426e+00 -1.156269e-04
6.170555e+00 2.685505e+00 -1.309175e-04
6.313967e+00 1.570796e-02 -2.643199e-04
6.313967e+00 2.346256e-02 -2.517622e-04
6.313967e+00 3.503514e-02 -3.082764e-04
6.313967e+00 5.263151e-02 -5.477507e-04
6.313967e+00 7.314235e-02 -6.899441e-04
6.313967e+00 1.025928e-01 -4.973036e-04
6.313967e+00 1.448116e-01 -6.182203e-04
6.313967e+00 2.023460e-01 -5.745054e-04
6.313967e+00 2.834245e-01 -7.079726e-04
6.313967e+00 3.967448e-01 -4.894747e-04
6.313967e+00 5.552783e-01 -4.324754e-04
6.313967e+00 7.774819e-01 -3.847621e-04
6.313967e+00 1.088445e+00 -3.377689e-04
6.313967e+00 1.523711e+00 -3.410164e-04
6.313967e+00 2.088426e+00 -3.942211e-04
6.313967e+00 2.685505e+00 -4.777109e-04
6.460246e+00 1.570796e-02 -5.594694e-04
6.460246e+00 2.346256e-02 -6.457737e-04
6.460246e+00 3.503514e-02 -1.037383e-03
6.460246e+00 5.263151e-02 -1.759193e-03
6.460246e+00 7.314235e-02 -2.451228e-03
6.460246e+00 1.025928e-01 -1.892499e-03
6.460246e+00 1.448116e-01 -2.422798e-03
6.460246e+00 2.023460e-01 -2.129830e-03
6.460246e+00 2.834245e-01 -2.227742e-03
6.460246e+00 3.967448e-01 -1.664418e-03
6.460246e+00 5.552783e-01 -1.497062e-03
6.460246e+00 7.774819e-01 -1.338042e-03
6.460246e+00 1.088445e+00 -1.172318e-03
6.460246e+00 1.523711e+00 -1.151929e-03
6.460246e+00 2.088426e+00 -1.347437e-03
6.460246e+00 2.685505e+00 -1.585544e-03
6.609451e+00 1.570796e-02 -7.759290e-04
6.609451e+00 2.346256e-02 -1.358762e-03
6.609451e+00 3.503514e-02 -2.153495e-03
6.609451e+00 5.263151e-02 -3.327416e-03
6.609451e+00 7.314235e-02 -5.388369e-03
6.609451e+00 1.025928e-01 -3.970223e-03
6.609451e+00 1.448116e-01 -4.823580e-03
6.609451e+00 2.023460e-01 -4.858375e-03
6.609451e+00 2.834245e-01 -4.69739e-03
6.609451e+00 3.967448e-01 -3.865892e-03
6.609451e+00 5.552783e-01 -3.515852e-03
6.609451e+00 7.774819e-01 -3.002914e-03
6.609451e+00 1.088445e+00 -2.620591e-03
6.609451e+00 1.523711e+00 -2.560707e-03
6.609451e+00 2.088426e+00 -2.944984e-03
6.609451e+00 2.685505e+00 -3.440666e-03
6.76164e+00 1.570796e-02 -8.438336e-04
6.76164e+00 2.346256e-02 -1.944365e-03
6.76164e+00 3.503514e-02 -3.532936e-03
6.76164e+00 5.263151e-02 -5.219281e-03
6.76164e+00 7.314235e-02 -8.630779e-03
6.76164e+00 1.025928e-01 -7.329696e-03
6.76164e+00 1.448116e-01 -8.441713e-03
6.76164e+00 2.023460e-01 -8.788557e-03
6.76164e+00 2.834245e-01 -8.284175e-03
6.76164e+00 3.967448e-01 -7.157891e-03
6.76164e+00 5.552783e-01 -6.406169e-03
6.76164e+00 7.774819e-01 -5.509790e-03
6.76164e+00 1.088445e+00 -4.750671e-03
6.76164e+00 1.523711e+00 -4.530298e-03
6.76164e+00 2.088426e+00 -5.144895e-03
6.76164e+00 2.685505e+00 -5.951282e-03
6.916873e+00 1.570796e-02 -9.026595e-04
6.916873e+00 2.346256e-02 -2.327815e-03
6.916873e+00 3.503514e-02 -4.485526e-03
6.916873e+00 5.263151e-02 -6.935025e-03
6.916873e+00 7.314235e-02 -1.167108e-02
6.916873e+00 1.025928e-01 -1.119684e-02
6.916873e+00 1.448116e-01 -1.336372e-02
6.916873e+00 2.023460e-01 -1.36224e-02
6.916873e+00 2.834245e-01 -1.33206e-02
6.916873e+00 3.967448e-01 -1.131277e-02
6.916873e+00 5.552783e-01 -1.025560e-02
6.916873e+00 7.774819e-01 -8.747820e-03
6.916873e+00 1.088445e+00 -7.476587e-03
6.916873e+00 1.523711e+00 -7.058202e-03
6.916873e+00 2.088426e+00 -7.921266e-03
6.916873e+00 2.685505e+00 -9.038681e-03
7.075210e+00 1.570796e-02 -9.183828e-04
7.075210e+00 2.346256e-02 -2.358269e-03
7.075210e+00 3.503514e-02 -4.972179e-03
7.075210e+00 5.263151e-02 -8.315044e-03
7.075210e+00 7.314235e-02 -1.417839e-02
7.075210e+00 1.025928e-01 -1.521173e-02
7.075210e+00 1.448116e-01 -1.825299e-02
7.075210e+00 2.023460e-01 -1.872994e-02
7.075210e+00 2.834245e-01 -1.84784e-02
7.075210e+00 3.967448e-01 -1.613983e-02
7.075210e+00 5.552783e-01 -1.462487e-02
7.075210e+00 7.774819e-01 -1.250095e-02
7.075210e+00 1.088445e+00 -1.068757e-02
7.075210e+00 1.523711e+00 -9.9087e-03
7.075210e+00 2.088426e+00 -1.103228e-02
7.075210e+00 2.685505e+00 -1.25611e-02
7.236714e+00 1.570796e-02 -9.455492e-04
7.236714e+00 2.346256e-02 -2.263199e-03
7.236714e+00 3.503514e-02 -5.070977e-03
7.236714e+00 5.263151e-02 -8.939261e-03
7.236714e+00 7.314235e-02 -1.565845e-02
7.236714e+00 1.025928e-01 -1.815351e-02
7.236714e+00 1.448116e-01 -2.291019e-02
7.236714e+00 2.023460e-01 -2.370756e-02
7.236714e+00 2.834245e-01 -2.352091e-02
7.236714e+00 3.967448e-01 -2.112332e-02
7.236714e+00 5.552783e-01 -1.911565e-02
7.236714e+00 7.774819e-01 -1.644523e-02
7.236714e+00 1.088445e+00 -1.393186e-02
7.236714e+00 1.523711e+00 -1.284962e-02
7.236714e+00 2.088426e+00 -1.410174e-02
7.236714e+00 2.685505e+00 -1.581477e-02
7.401449e+00 1.570796e-02 -9.026159e-04
7.401449e+00 2.346256e-02 -2.133119e-03
7.401449e+00 3.503514e-02 -4.848015e-03
7.401449e+00 5.263151e-02 -8.867095e-03
7.401449e+00 7.314235e-02 -1.628661e-02
7.401449e+00 1.025928e-01 -2.022247e-02
7.401449e+00 1.448116e-01 -2.670712e-02
7.401449e+00 2.023460e-01 -2.813126e-02
7.401449e+00 2.834245e-01 -2.81451e-02
7.401449e+00 3.967448e-01 -2.590625e-02
7.401449e+00 5.552783e-01 -2.349636e-02
7.401449e+00 7.774819e-01 -2.026532e-02
7.401449e+00 1.088445e+00 -1.721518e-02
7.401449e+00 1.523711e+00 -1.569638e-02
7.401449e+00 2.088426e+00 -1.695846e-02
7.401449e+00 2.685505e+00 -1.878239e-02
7.569477e+00 1.570796e-02 -8.296272e-04
7.569477e+00 2.346256e-02 -1.995822e-03
7.569477e+00 3.503514e-02 -4.546298e-03
7.569477e+00 5.263151e-02 -8.590838e-03
7.569477e+00 7.314235e-02 -1.616539e-02
7.569477e+00 1.025928e-01 -2.124627e-02
7.569477e+00 1.448116e-01 -2.884398e-02
7.569477e+00 2.023460e-01 -3.145724e-02
7.569477e+00 2.834245e-01 -3.199077e-02
7.569477e+00 3.967448e-01 -3.000784e-02
7.569477e+00 5.552783e-01 -2.749102e-02
7.569477e+00 7.774819e-01 -2.373348e-02
7.569477e+00 1.088445e+00 -2.013602e-02
7.569477e+00 1.523711e+00 -1.829114e-02
7.569477e+00 2.088426e+00 -1.949754e-02
7.569477e+00 2.685505e+00 -2.131978e-02
7.740867e+00 1.570796e-02 -7.406126e-04
7.740867e+00 2.346256e-02 -1.815783e-03
7.740867e+00 3.503514e-02 -4.214375e-03
7.740867e+00 5.263151e-02 -8.098854e-03
7.740867e+00 7.314235e-02 -1.548102e-02
7.740867e+00 1.025928e-01 -2.133632e-02
7.740867e+00 1.448116e-01 -2.98911e-02
7.740867e+00 2.023460e-01 -3.357733e-02
7.740867e+00 2.834245e-01 -3.483243e-02
7.740867e+00 3.967448e-01 -3.329776e-02
7.740867e+00 5.552783e-01 -3.081483e-02
7.740867e+00 7.774819e-01 -2.67197e-02
7.740867e+00 1.088445e+00 -2.271958e-02
7.740867e+00 1.523711e+00 -2.04392e-02
7.740867e+00 2.088426e+00 -2.159242e-02
7.740867e+00 2.685505e+00 -2.340371e-02
7.915684e+00 1.570796e-02 -6.718139e-04
7.915684e+00 2.346256e-02 -1.674266e-03
7.915684e+00 3.503514e-02 -3.791848e-03
7.915684e+00 5.263151e-02 -7.447209e-03
7.915684e+00 7.314235e-02 -1.445416e-02
7.915684e+00 1.025928e-01 -2.065302e-02
7.915684e+00 1.448116e-01 -2.988783e-02
7.915684e+00 2.023460e-01 -3.453704e-02
7.915684e+00 2.834245e-01 -3.665993e-02
7.915684e+00 3.967448e-01 -3.581138e-02
7.915684e+00 5.552783e-01 -3.349348e-02
7.915684e+00 7.774819e-01 -2.931276e-02
7.915684e+00 1.088445e+00 -2.488937e-02
7.915684e+00 1.523711e+00 -2.230871e-02
7.915684e+00 2.088426e+00 -2.33609e-02
7.915684e+00 2.685505e+00 -2.498421e-02
8.093998e+00 1.570796e-02 -6.128257e-04
8.093998e+00 2.346256e-02 -1.535881e-03
8.093998e+00 3.503514e-02 -3.351022e-03
8.093998e+00 5.263151e-02 -6.761377e-03
8.093998e+00 7.314235e-02 -1.33363e-02
8.093998e+00 1.025928e-01 -1.946323e-02
8.093998e+00 1.448116e-01 -2.913366e-02
8.093998e+00 2.023460e-01 -3.457154e-02
8.093998e+00 2.834245e-01 -3.767285e-02
8.093998e+00 3.967448e-01 -3.752353e-02
8.093998e+00 5.552783e-01 -3.546355e-02
8.093998e+00 7.774819e-01 -3.138199e-02
8.093998e+00 1.088445e+00 -2.665679e-02
8.093998e+00 1.523711e+00 -2.383329e-02
8.093998e+00 2.088426e+00 -2.476482e-02
8.093998e+00 2.685505e+00 -2.625546e-02
8.275878e+00 1.570796e-02 -5.565687e-04
8.275878e+00 2.346256e-02 -1.390479e-03
8.275878e+00 3.503514e-02 -2.940954e-03
8.275878e+00 5.263151e-02 -6.101903e-03
8.275878e+00 7.314235e-02 -1.213393e-02
8.275878e+00 1.025928e-01 -1.81068e-02
8.275878e+00 1.448116e-01 -2.773403e-02
8.275878e+00 2.023460e-01 -3.384465e-02
8.275878e+00 2.834245e-01 -3.784068e-02
8.275878e+00 3.967448e-01 -3.841328e-02
8.275878e+00 5.552783e-01 -3.682202e-02
8.275878e+00 7.774819e-01 -3.283635e-02
8.275878e+00 1.088445e+00 -2.799978e-02
8.275878e+00 1.523711e+00 -2.505360e-02
8.275878e+00 2.088426e+00 -2.589956e-02
8.275878e+00 2.685505e+00 -2.72002e-02
8.461396e+00 1.570796e-02 -5.000972e-04
8.461396e+00 2.346256e-02 -1.267268e-03
8.461396e+00 3.503514e-02 -2.615173e-03
8.461396e+00 5.263151e-02 -5.478972e-03
8.461396e+00 7.314235e-02 -1.095767e-02
8.461396e+00 1.025928e-01 -1.655286e-02
8.461396e+00 1.448116e-01 -2.586181e-02
8.461396e+00 2.023460e-01 -3.244145e-02
8.461396e+00 2.834245e-01 -3.725039e-02
8.461396e+00 3.967448e-01 -3.860204e-02
8.461396e+00 5.552783e-01 -3.752091e-02
8.461396e+00 7.774819e-01 -3.381408e-02
8.461396e+00 1.088445e+00 -2.898775e-02
8.461396e+00 1.523711e+00 -2.591204e-02
8.461396e+00 2.088426e+00 -2.677172e-02
8.461396e+00 2.685505e+00 -2.778233e-02
8.650623e+00 1.570796e-02 -4.445864e-04
8.650623e+00 2.346256e-02 -1.144242e-03
8.650623e+00 3.503514e-02 -2.338862e-03
8.650623e+00 5.263151e-02 -4.913074e-03
8.650623e+00 7.314235e-02 -9.82832e-03
8.650623e+00 1.025928e-01 -1.495775e-02
8.650623e+00 1.448116e-01 -2.377476e-02
8.650623e+00 2.023460e-01 -3.064265e-02
8.650623e+00 2.834245e-01 -3.613826e-02
8.650623e+00 3.967448e-01 -3.825065e-02
8.650623e+00 5.552783e-01 -3.774527e-02
8.650623e+00 7.774819e-01 -3.436109e-02
8.650623e+00 1.088445e+00 -2.964544e-02
8.650623e+00 1.523711e+00 -2.657592e-02
8.650623e+00 2.088426e+00 -2.742949e-02
8.650623e+00 2.685505e+00 -2.834608e-02
8.843636e+00 1.570796e-02 -3.891259e-04
8.843636e+00 2.346256e-02 -1.032975e-03
8.843636e+00 3.503514e-02 -2.082131e-03
8.843636e+00 5.263151e-02 -4.39053e-03
8.843636e+00 7.314235e-02 -8.763141e-03
8.843636e+00 1.025928e-01 -1.336403e-02
8.843636e+00 1.448116e-01 -2.157839e-02
8.843636e+00 2.023460e-01 -2.849335e-02
8.843636e+00 2.834245e-01 -3.451174e-02
8.843636e+00 3.967448e-01 -3.732902e-02
8.843636e+00 5.552783e-01 -3.735794e-02
8.843636e+00 7.774819e-01 -3.440698e-02
8.843636e+00 1.088445e+00 -2.992228e-02
8.843636e+00 1.523711e+00 -2.689646e-02
8.843636e+00 2.088426e+00 -2.766778e-02
8.843636e+00 2.685505e+00 -2.848099e-02
9.040509e+00 1.570796e-02 -3.404321e-04
9.040509e+00 2.346256e-02 -9.328175e-04
9.040509e+00 3.503514e-02 -1.846360e-03
9.040509e+00 5.263151e-02 -3.898935e-03
9.040509e+00 7.314235e-02 -7.792532e-03
9.040509e+00 1.025928e-01 -1.188743e-02
9.040509e+00 1.448116e-01 -1.943689e-02
9.040509e+00 2.023460e-01 -2.61915e-02
9.040509e+00 2.834245e-01 -3.25179e-02
9.040509e+00 3.967448e-01 -3.595343e-02
9.040509e+00 5.552783e-01 -3.645610e-02
9.040509e+00 7.774819e-01 -3.400187e-02
9.040509e+00 1.088445e+00 -2.986801e-02
9.040509e+00 1.523711e+00 -2.693882e-02
9.040509e+00 2.088426e+00 -2.765061e-02
9.040509e+00 2.685505e+00 -2.833195e-02
9.241319e+00 1.570796e-02 -2.949548e-04
9.241319e+00 2.346256e-02 -8.388124e-04
9.241319e+00 3.503514e-02 -1.637657e-03
9.241319e+00 5.263151e-02 -3.450677e-03
9.241319e+00 7.314235e-02 -6.901842e-03
9.241319e+00 1.025928e-01 -1.053109e-02
9.241319e+00 1.448116e-01 -1.738192e-02
9.241319e+00 2.023460e-01 -2.387037e-02
9.241319e+00 2.834245e-01 -3.029104e-02
9.241319e+00 3.967448e-01 -3.417744e-02
9.241319e+00 5.552783e-01 -3.522326e-02
9.241319e+00 7.774819e-01 -3.32529e-02
9.241319e+00 1.088445e+00 -2.948110e-02
9.241319e+00 1.523711e+00 -2.677387e-02
9.241319e+00 2.088426e+00 -2.752262e-02
9.241319e+00 2.685505e+00 -2.802264e-02
9.446145e+00 1.570796e-02 -2.587982e-04
9.446145e+00 2.346256e-02 -7.484462e-04
9.446145e+00 3.503514e-02 -1.454988e-03
9.446145e+00 5.263151e-02 -3.046687e-03
9.446145e+00 7.314235e-02 -6.100787e-03
9.446145e+00 1.025928e-01 -9.306338e-03
9.446145e+00 1.448116e-01 -1.546061e-02
9.446145e+00 2.023460e-01 -2.157934e-02
9.446145e+00 2.834245e-01 -2.789550e-02
9.446145e+00 3.967448e-01 -3.210526e-02
9.446145e+00 5.552783e-01 -3.363822e-02
9.446145e+00 7.774819e-01 -3.221259e-02
9.446145e+00 1.088445e+00 -2.881182e-02
9.446145e+00 1.523711e+00 -2.644863e-02
9.446145e+00 2.088426e+00 -2.720140e-02
9.446145e+00 2.685505e+00 -2.760867e-02
9.655068e+00 1.570796e-02 -2.271852e-04
9.655068e+00 2.346256e-02 -6.653747e-04
9.655068e+00 3.503514e-02 -1.290837e-03
9.655068e+00 5.263151e-02 -2.685335e-03
9.655068e+00 7.314235e-02 -5.370548e-03
9.655068e+00 1.025928e-01 -8.218093e-03
9.655068e+00 1.448116e-01 -1.370017e-02
9.655068e+00 2.023460e-01 -1.934821e-02
9.655068e+00 2.834245e-01 -2.543080e-02
9.655068e+00 3.967448e-01 -2.982962e-02
9.655068e+00 5.552783e-01 -3.177560e-02
9.655068e+00 7.774819e-01 -3.084306e-02
9.655068e+00 1.088445e+00 -2.794297e-02
9.655068e+00 1.523711e+00 -2.587612e-02
9.655068e+00 2.088426e+00 -2.666597e-02
9.655068e+00 2.685505e+00 -2.688261e-02
9.86817e+00 1.570796e-02 -1.997562e-04
9.86817e+00 2.346256e-02 -5.858174e-04
9.86817e+00 3.503514e-02 -1.143444e-03
9.86817e+00 5.263151e-02 -2.362354e-03
9.86817e+00 7.314235e-02 -4.730654e-03
9.86817e+00 1.025928e-01 -7.253757e-03
9.86817e+00 1.448116e-01 -1.210184e-02
9.86817e+00 2.023460e-01 -1.72293e-02
9.86817e+00 2.834245e-01 -2.297119e-02
9.86817e+00 3.967448e-01 -2.74088e-02
9.86817e+00 5.552783e-01 -2.972439e-02
9.86817e+00 7.774819e-01 -2.926931e-02
9.86817e+00 1.088445e+00 -2.683257e-02
9.86817e+00 1.523711e+00 -2.512420e-02
9.86817e+00 2.088426e+00 -2.592558e-02
9.86817e+00 2.685505e+00 -2.597257e-02
1.008553e+01 1.570796e-02 -1.758177e-04
1.008553e+01 2.346256e-02 -5.167193e-04
1.008553e+01 3.503514e-02 -1.011384e-03
1.008553e+01 5.263151e-02 -2.075059e-03
1.008553e+01 7.314235e-02 -4.158222e-03
1.008553e+01 1.025928e-01 -6.392846e-03
1.008553e+01 1.448116e-01 -1.064259e-02
1.008553e+01 2.023460e-01 -1.524454e-02
1.008553e+01 2.834245e-01 -2.058266e-02
1.008553e+01 3.967448e-01 -2.496799e-02
1.008553e+01 5.552783e-01 -2.757886e-02
1.008553e+01 7.774819e-01 -2.75264e-02
1.008553e+01 1.088445e+00 -2.559822e-02
1.008553e+01 1.523711e+00 -2.420827e-02
1.008553e+01 2.088426e+00 -2.507615e-02
1.008553e+01 2.685505e+00 -2.494698e-02
1.030724e+01 1.570796e-02 -1.543313e-04
1.030724e+01 2.346256e-02 -4.526694e-04
1.030724e+01 3.503514e-02 -8.906101e-04
1.030724e+01 5.263151e-02 -1.812651e-03
1.030724e+01 7.314235e-02 -3.635713e-03
1.030724e+01 1.025928e-01 -5.597229e-03
1.030724e+01 1.448116e-01 -9.327727e-03
1.030724e+01 2.023460e-01 -1.340434e-02
1.030724e+01 2.834245e-01 -1.832192e-02
1.030724e+01 3.967448e-01 -2.256902e-02
1.030724e+01 5.552783e-01 -2.532531e-02
1.030724e+01 7.774819e-01 -2.568245e-02
1.030724e+01 1.088445e+00 -2.422432e-02
1.030724e+01 1.523711e+00 -2.319263e-02
1.030724e+01 2.088426e+00 -2.410911e-02
1.030724e+01 2.685505e+00 -2.377733e-02
1.053339e+01 1.570796e-02 -1.360264e-04
1.053339e+01 2.346256e-02 -3.918876e-04
1.053339e+01 3.503514e-02 -7.821090e-04
1.053339e+01 5.263151e-02 -1.577316e-03
1.053339e+01 7.314235e-02 -3.168948e-03
1.053339e+01 1.025928e-01 -4.880385e-03
1.053339e+01 1.448116e-01 -8.138426e-03
1.053339e+01 2.023460e-01 -1.173369e-02
1.053339e+01 2.834245e-01 -1.619808e-02
1.053339e+01 3.967448e-01 -2.025057e-02
1.053339e+01 5.552783e-01 -2.308878e-02
1.053339e+01 7.774819e-01 -2.377251e-02
1.053339e+01 1.088445e+00 -2.275971e-02
1.053339e+01 1.523711e+00 -2.208291e-02
1.053339e+01 2.088426e+00 -2.310600e-02
1.053339e+01 2.685505e+00 -2.26915e-02
1.076406e+01 1.570796e-02 -1.19109e-04
1.076406e+01 2.346256e-02 -3.381159e-04
1.076406e+01 3.503514e-02 -6.821400e-04
1.076406e+01 5.263151e-02 -1.375737e-03
1.076406e+01 7.314235e-02 -2.761868e-03
1.076406e+01 1.025928e-01 -4.244105e-03
1.076406e+01 1.448116e-01 -7.076803e-03
1.076406e+01 2.023460e-01 -1.024456e-02
1.076406e+01 2.834245e-01 -1.427684e-02
1.076406e+01 3.967448e-01 -1.806354e-02
1.076406e+01 5.552783e-01 -2.090383e-02
1.076406e+01 7.774819e-01 -2.184241e-02
1.076406e+01 1.088445e+00 -2.122744e-02
1.076406e+01 1.523711e+00 -2.083612e-02
1.076406e+01 2.088426e+00 -2.185899e-02
1.076406e+01 2.685505e+00 -2.139046e-02
1.099934e+01 1.570796e-02 -1.040667e-04
1.099934e+01 2.346256e-02 -2.90722e-04
1.099934e+01 3.503514e-02 -5.882483e-04
1.099934e+01 5.263151e-02 -1.187877e-03
1.099934e+01 7.314235e-02 -2.385911e-03
1.099934e+01 1.025928e-01 -3.674581e-03
1.099934e+01 1.448116e-01 -6.119410e-03
1.099934e+01 2.023460e-01 -8.873286e-03
1.099934e+01 2.834245e-01 -1.245796e-02
1.099934e+01 3.967448e-01 -1.596223e-02
1.099934e+01 5.552783e-01 -1.873488e-02
1.099934e+01 7.774819e-01 -1.987684e-02
1.099934e+01 1.088445e+00 -1.961406e-02
1.099934e+01 1.523711e+00 -1.953072e-02
1.099934e+01 2.088426e+00 -2.061718e-02
1.099934e+01 2.685505e+00 -2.007362e-02
1.123932e+01 1.570796e-02 -8.999879e-05
1.123932e+01 2.346256e-02 -2.478141e-04
1.123932e+01 3.503514e-02 -5.063850e-04
1.123932e+01 5.263151e-02 -1.021825e-03
1.123932e+01 7.314235e-02 -2.054308e-03
1.123932e+01 1.025928e-01 -3.159707e-03
1.123932e+01 1.448116e-01 -5.267764e-03
1.123932e+01 2.023460e-01 -7.659117e-03
1.123932e+01 2.834245e-01 -1.080191e-02
1.123932e+01 3.967448e-01 -1.401106e-02
1.123932e+01 5.552783e-01 -1.665819e-02
1.123932e+01 7.774819e-01 -1.794464e-02
1.123932e+01 1.088445e+00 -1.797646e-02
1.123932e+01 1.523711e+00 -1.817229e-02
1.123932e+01 2.088426e+00 -1.931604e-02
1.123932e+01 2.685505e+00 -1.874420e-02
1.148411e+01 1.570796e-02 -7.755637e-05
1.148411e+01 2.346256e-02 -2.106926e-04
1.148411e+01 3.503514e-02 -4.342197e-04
1.148411e+01 5.263151e-02 -8.791660e-04
1.148411e+01 7.314235e-02 -1.761038e-03
1.148411e+01 1.025928e-01 -2.714572e-03
1.148411e+01 1.448116e-01 -4.502355e-03
1.148411e+01 2.023460e-01 -6.587915e-03
1.148411e+01 2.834245e-01 -9.328586e-03
1.148411e+01 3.967448e-01 -1.221721e-02
1.148411e+01 5.552783e-01 -1.471742e-02
1.148411e+01 7.774819e-01 -1.607686e-02
1.148411e+01 1.088445e+00 -1.634751e-02
1.148411e+01 1.523711e+00 -1.680068e-02
1.148411e+01 2.088426e+00 -1.795734e-02
1.148411e+01 2.685505e+00 -1.73656e-02
1.173379e+01 1.570796e-02 -6.667324e-05
1.173379e+01 2.346256e-02 -1.789989e-04
1.173379e+01 3.503514e-02 -3.723464e-04
1.173379e+01 5.263151e-02 -7.520304e-04
1.173379e+01 7.314235e-02 -1.504366e-03
1.173379e+01 1.025928e-01 -2.317476e-03
1.173379e+01 1.448116e-01 -3.842470e-03
1.173379e+01 2.023460e-01 -5.639931e-03
1.173379e+01 2.834245e-01 -8.01513e-03
1.173379e+01 3.967448e-01 -1.058005e-02
1.173379e+01 5.552783e-01 -1.28884e-02
1.173379e+01 7.774819e-01 -1.430212e-02
1.173379e+01 1.088445e+00 -1.476807e-02
1.173379e+01 1.523711e+00 -1.535472e-02
1.173379e+01 2.088426e+00 -1.658314e-02
1.173379e+01 2.685505e+00 -1.607004e-02
1.198847e+01 1.570796e-02 -5.670704e-05
1.198847e+01 2.346256e-02 -1.520455e-04
1.198847e+01 3.503514e-02 -3.163698e-04
1.198847e+01 5.263151e-02 -6.411694e-04
1.198847e+01 7.314235e-02 -1.277262e-03
1.198847e+01 1.025928e-01 -1.974654e-03
1.198847e+01 1.448116e-01 -3.266654e-03
1.198847e+01 2.023460e-01 -4.805653e-03
1.198847e+01 2.834245e-01 -6.859402e-03
1.198847e+01 3.967448e-01 -9.099115e-03
1.198847e+01 5.552783e-01 -1.120536e-02
1.198847e+01 7.774819e-01 -1.261399e-02
1.198847e+01 1.088445e+00 -1.325406e-02
1.198847e+01 1.523711e+00 -1.399433e-02
1.198847e+01 2.088426e+00 -1.526228e-02
1.198847e+01 2.685505e+00 -1.472854e-02
1.224824e+01 1.570796e-02 -4.827079e-05
1.224824e+01 2.346256e-02 -1.255335e-04
1.224824e+01 3.503514e-02 -2.685384e-04
1.224824e+01 5.263151e-02 -5.433822e-04
1.224824e+01 7.314235e-02 -1.080721e-03
1.224824e+01 1.025928e-01 -1.674995e-03
1.224824e+01 1.448116e-01 -2.766211e-03
1.224824e+01 2.023460e-01 -4.087768e-03
1.224824e+01 2.834245e-01 -5.834272e-03
1.224824e+01 3.967448e-01 -7.792520e-03
1.224824e+01 5.552783e-01 -9.681937e-03
1.224824e+01 7.774819e-01 -1.1054e-02
1.224824e+01 1.088445e+00 -1.180670e-02
1.224824e+01 1.523711e+00 -1.268632e-02
1.224824e+01 2.088426e+00 -1.394728e-02
1.224824e+01 2.685505e+00 -1.345168e-02
1.251320e+01 1.570796e-02 -4.117833e-05
1.251320e+01 2.346256e-02 -1.038710e-04
1.251320e+01 3.503514e-02 -2.256608e-04
1.251320e+01 5.263151e-02 -4.577292e-04
1.251320e+01 7.314235e-02 -9.078806e-04
1.251320e+01 1.025928e-01 -1.41442e-03
1.251320e+01 1.448116e-01 -2.330599e-03
1.251320e+01 2.023460e-01 -3.448781e-03
1.251320e+01 2.834245e-01 -4.925832e-03
1.251320e+01 3.967448e-01 -6.628137e-03
1.251320e+01 5.552783e-01 -8.299621e-03
1.251320e+01 7.774819e-01 -9.612271e-03
1.251320e+01 1.088445e+00 -1.044297e-02
1.251320e+01 1.523711e+00 -1.13973e-02
1.251320e+01 2.088426e+00 -1.265845e-02
1.251320e+01 2.685505e+00 -1.218881e-02
1.278347e+01 1.570796e-02 -3.449263e-05
1.278347e+01 2.346256e-02 -8.597690e-05
1.278347e+01 3.503514e-02 -1.893285e-04
1.278347e+01 5.263151e-02 -3.828242e-04
1.278347e+01 7.314235e-02 -7.595257e-04
1.278347e+01 1.025928e-01 -1.187679e-03
1.278347e+01 1.448116e-01 -1.951366e-03
1.278347e+01 2.023460e-01 -2.892153e-03
1.278347e+01 2.834245e-01 -4.144599e-03
1.278347e+01 3.967448e-01 -5.59558e-03
1.278347e+01 5.552783e-01 -7.05996e-03
1.278347e+01 7.774819e-01 -8.304083e-03
1.278347e+01 1.088445e+00 -9.163118e-03
1.278347e+01 1.523711e+00 -1.017848e-02
1.278347e+01 2.088426e+00 -1.142842e-02
1.278347e+01 2.685505e+00 -1.104761e-02
1.305914e+01 1.570796e-02 -2.895515e-05
1.305914e+01 2.346256e-02 -7.018463e-05
1.305914e+01 3.503514e-02 -1.572919e-04
1.305914e+01 5.263151e-02 -3.185499e-04
1.305914e+01 7.314235e-02 -6.347719e-04
1.305914e+01 1.025928e-01 -9.916355e-04
1.305914e+01 1.448116e-01 -1.622605e-03
1.305914e+01 2.023460e-01 -2.417397e-03
1.305914e+01 2.834245e-01 -3.462864e-03
1.305914e+01 3.967448e-01 -4.687282e-03
1.305914e+01 5.552783e-01 -5.972893e-03
1.305914e+01 7.774819e-01 -7.126577e-03
1.305914e+01 1.088445e+00 -8.007836e-03
1.305914e+01 1.523711e+00 -9.03486e-03
1.305914e+01 2.088426e+00 -1.026753e-02
1.305914e+01 2.685505e+00 -9.973603e-03
1.334032e+01 1.570796e-02 -2.422673e-05
1.334032e+01 2.346256e-02 -5.779305e-05
1.334032e+01 3.503514e-02 -1.305343e-04
1.334032e+01 5.263151e-02 -2.64909e-04
1.334032e+01 7.314235e-02 -5.281263e-04
1.334032e+01 1.025928e-01 -8.216992e-04
1.334032e+01 1.448116e-01 -1.346639e-03
1.334032e+01 2.023460e-01 -2.010232e-03
1.334032e+01 2.834245e-01 -2.892554e-03
1.334032e+01 3.967448e-01 -3.915992e-03
1.334032e+01 5.552783e-01 -5.027193e-03
1.334032e+01 7.774819e-01 -6.092947e-03
1.334032e+01 1.088445e+00 -6.941046e-03
1.334032e+01 1.523711e+00 -7.96808e-03
1.334032e+01 2.088426e+00 -9.163971e-03
1.334032e+01 2.685505e+00 -8.991672e-03
1.362713e+01 1.570796e-02 -2.009607e-05
1.362713e+01 2.346256e-02 -4.715251e-05
1.362713e+01 3.503514e-02 -1.076934e-04
1.362713e+01 5.263151e-02 -2.173675e-04
1.362713e+01 7.314235e-02 -4.336931e-04
1.362713e+01 1.025928e-01 -6.76067e-04
1.362713e+01 1.448116e-01 -1.107073e-03
1.362713e+01 2.023460e-01 -1.658899e-03
1.362713e+01 2.834245e-01 -2.384352e-03
1.362713e+01 3.967448e-01 -3.241755e-03
1.362713e+01 5.552783e-01 -4.187749e-03
1.362713e+01 7.774819e-01 -5.143968e-03
1.362713e+01 1.088445e+00 -5.957251e-03
1.362713e+01 1.523711e+00 -6.937618e-03
1.362713e+01 2.088426e+00 -8.068623e-03
1.362713e+01 2.685505e+00 -7.971074e-03
1.391967e+01 1.570796e-02 -1.658737e-05
1.391967e+01 2.346256e-02 -3.820835e-05
1.391967e+01 3.503514e-02 -8.750648e-05
1.391967e+01 5.263151e-02 -1.769796e-04
1.391967e+01 7.314235e-02 -3.533925e-04
1.391967e+01 1.025928e-01 -5.528608e-04
1.391967e+01 1.448116e-01 -9.055169e-04
1.391967e+01 2.023460e-01 -1.361173e-03
1.391967e+01 2.834245e-01 -1.954441e-03
1.391967e+01 3.967448e-01 -2.667819e-03
1.391967e+01 5.552783e-01 -3.474471e-03
1.391967e+01 7.774819e-01 -4.322317e-03
1.391967e+01 1.088445e+00 -5.100727e-03
1.391967e+01 1.523711e+00 -6.037089e-03
1.391967e+01 2.088426e+00 -7.114097e-03
1.391967e+01 2.685505e+00 -7.044571e-03
1.421806e+01 1.570796e-02 -1.362185e-05
1.421806e+01 2.346256e-02 -3.112574e-05
1.421806e+01 3.503514e-02 -7.140345e-05
1.421806e+01 5.263151e-02 -1.452874e-04
1.421806e+01 7.314235e-02 -2.887248e-04
1.421806e+01 1.025928e-01 -4.496232e-04
1.421806e+01 1.448116e-01 -7.406830e-04
1.421806e+01 2.023460e-01 -1.111684e-03
1.421806e+01 2.834245e-01 -1.599008e-03
1.421806e+01 3.967448e-01 -2.187098e-03
1.421806e+01 5.552783e-01 -2.874693e-03
1.421806e+01 7.774819e-01 -3.620882e-03
1.421806e+01 1.088445e+00 -4.341633e-03
1.421806e+01 1.523711e+00 -5.242526e-03
1.421806e+01 2.088426e+00 -6.234324e-03
1.421806e+01 2.685505e+00 -6.201473e-03
1.452242e+01 1.570796e-02 -1.110349e-05
1.452242e+01 2.346256e-02 -2.552672e-05
1.452242e+01 3.503514e-02 -5.755194e-05
1.452242e+01 5.263151e-02 -1.182137e-04
1.452242e+01 7.314235e-02 -2.327732e-04
1.452242e+01 1.025928e-01 -3.642535e-04
1.452242e+01 1.448116e-01 -5.985420e-04
1.452242e+01 2.023460e-01 -9.023713e-04
1.452242e+01 2.834245e-01 -1.299266e-03
1.452242e+01 3.967448e-01 -1.784369e-03
1.452242e+01 5.552783e-01 -2.356323e-03
1.452242e+01 7.774819e-01 -3.004698e-03
1.452242e+01 1.088445e+00 -3.668744e-03
1.452242e+01 1.523711e+00 -4.519648e-03
1.452242e+01 2.088426e+00 -5.437136e-03
1.452242e+01 2.685505e+00 -5.450729e-03
1.483287e+01 1.570796e-02 -8.975076e-06
1.483287e+01 2.346256e-02 -2.048598e-05
1.483287e+01 3.503514e-02 -4.675067e-05
1.483287e+01 5.263151e-02 -9.586804e-05
1.483287e+01 7.314235e-02 -1.879383e-04
1.483287e+01 1.025928e-01 -2.927241e-04
1.483287e+01 1.448116e-01 -4.828206e-04
1.483287e+01 2.023460e-01 -7.287452e-04
1.483287e+01 2.834245e-01 -1.047844e-03
1.483287e+01 3.967448e-01 -1.441519e-03
1.483287e+01 5.552783e-01 -1.920811e-03
1.483287e+01 7.774819e-01 -2.479635e-03
1.483287e+01 1.088445e+00 -3.074682e-03
1.483287e+01 1.523711e+00 -3.856430e-03
1.483287e+01 2.088426e+00 -4.688859e-03
1.483287e+01 2.685505e+00 -4.732062e-03
1.514953e+01 1.570796e-02 -7.320729e-06
1.514953e+01 2.346256e-02 -1.592897e-05
1.514953e+01 3.503514e-02 -3.725207e-05
1.514953e+01 5.263151e-02 -7.648676e-05
1.514953e+01 7.314235e-02 -1.501502e-04
1.514953e+01 1.025928e-01 -2.348229e-04
1.514953e+01 1.448116e-01 -3.862798e-04
1.514953e+01 2.023460e-01 -5.876371e-04
1.514953e+01 2.834245e-01 -8.392737e-04
1.514953e+01 3.967448e-01 -1.163617e-03
1.514953e+01 5.552783e-01 -1.557181e-03
1.514953e+01 7.774819e-01 -2.03308e-03
1.514953e+01 1.088445e+00 -2.565266e-03
1.514953e+01 1.523711e+00 -3.267165e-03
1.514953e+01 2.088426e+00 -4.015656e-03
1.514953e+01 2.685505e+00 -4.087047e-03
1.547252e+01 1.570796e-02 -5.807117e-06
1.547252e+01 2.346256e-02 -1.219634e-05
1.547252e+01 3.503514e-02 -2.972951e-05
1.547252e+01 5.263151e-02 -6.097950e-05
1.547252e+01 7.314235e-02 -1.190489e-04
1.547252e+01 1.025928e-01 -1.857997e-04
1.547252e+01 1.448116e-01 -3.078341e-04
1.547252e+01 2.023460e-01 -4.675038e-04
1.547252e+01 2.834245e-01 -6.683651e-04
1.547252e+01 3.967448e-01 -9.310462e-04
1.547252e+01 5.552783e-01 -1.255086e-03
1.547252e+01 7.774819e-01 -1.649152e-03
1.547252e+01 1.088445e+00 -2.123227e-03
1.547252e+01 1.523711e+00 -2.741321e-03
1.547252e+01 2.088426e+00 -3.415118e-03
1.547252e+01 2.685505e+00 -3.504834e-03
1.580197e+01 1.570796e-02 -4.714215e-06
1.580197e+01 2.346256e-02 -9.668743e-06
1.580197e+01 3.503514e-02 -2.319945e-05
1.580197e+01 5.263151e-02 -4.745820e-05
1.580197e+01 7.314235e-02 -9.418323e-05
1.580197e+01 1.025928e-01 -1.481757e-04
1.580197e+01 1.448116e-01 -2.439543e-04
1.580197e+01 2.023460e-01 -3.709135e-04
1.580197e+01 2.834245e-01 -5.292218e-04
1.580197e+01 3.967448e-01 -7.400576e-04
1.580197e+01 5.552783e-01 -1.003604e-03
1.580197e+01 7.774819e-01 -1.329749e-03
1.580197e+01 1.088445e+00 -1.740053e-03
1.580197e+01 1.523711e+00 -2.285833e-03
1.580197e+01 2.088426e+00 -2.871821e-03
1.580197e+01 2.685505e+00 -2.977761e-03
1.613801e+01 1.570796e-02 -3.799944e-06
1.613801e+01 2.346256e-02 -7.473394e-06
1.613801e+01 3.503514e-02 -1.816997e-05
1.613801e+01 5.263151e-02 -3.682831e-05
1.613801e+01 7.314235e-02 -7.410051e-05
1.613801e+01 1.025928e-01 -1.161602e-04
1.613801e+01 1.448116e-01 -1.927151e-04
1.613801e+01 2.023460e-01 -2.920402e-04
1.613801e+01 2.834245e-01 -4.175333e-04
1.613801e+01 3.967448e-01 -5.83153e-04
1.613801e+01 5.552783e-01 -7.940635e-04
1.613801e+01 7.774819e-01 -1.063971e-03
1.613801e+01 1.088445e+00 -1.417016e-03
1.613801e+01 1.523711e+00 -1.889623e-03
1.613801e+01 2.088426e+00 -2.400581e-03
1.613801e+01 2.685505e+00 -2.492722e-03
1.648077e+01 1.570796e-02 -3.01645e-06
1.648077e+01 2.346256e-02 -5.888515e-06
1.648077e+01 3.503514e-02 -1.457798e-05
1.648077e+01 5.263151e-02 -2.855271e-05
1.648077e+01 7.314235e-02 -5.755307e-05
1.648077e+01 1.025928e-01 -9.019209e-05
1.648077e+01 1.448116e-01 -1.493081e-04
1.648077e+01 2.023460e-01 -2.275927e-04
1.648077e+01 2.834245e-01 -3.259048e-04
1.648077e+01 3.967448e-01 -4.555885e-04
1.648077e+01 5.552783e-01 -6.263542e-04
1.648077e+01 7.774819e-01 -8.437529e-04
1.648077e+01 1.088445e+00 -1.139361e-03
1.648077e+01 1.523711e+00 -1.54655e-03
1.648077e+01 2.088426e+00 -1.978917e-03
1.648077e+01 2.685505e+00 -2.029361e-03
1.683038e+01 1.570796e-02 -2.397174e-06
1.683038e+01 2.346256e-02 -4.505388e-06
1.683038e+01 3.503514e-02 -1.144578e-05
1.683038e+01 5.263151e-02 -2.174296e-05
1.683038e+01 7.314235e-02 -4.471477e-05
1.683038e+01 1.025928e-01 -6.941242e-05
1.683038e+01 1.448116e-01 -1.156368e-04
1.683038e+01 2.023460e-01 -1.767284e-04
1.683038e+01 2.834245e-01 -2.517784e-04
1.683038e+01 3.967448e-01 -3.535962e-04
1.683038e+01 5.552783e-01 -4.901408e-04
1.683038e+01 7.774819e-01 -6.65458e-04
1.683038e+01 1.088445e+00 -9.090149e-04
1.683038e+01 1.523711e+00 -1.249136e-03
1.683038e+01 2.088426e+00 -1.614142e-03
1.683038e+01 2.685505e+00 -1.650466e-03
1.718699e+01 1.570796e-02 -1.853297e-06
1.718699e+01 2.346256e-02 -3.437227e-06
1.718699e+01 3.503514e-02 -8.756594e-06
1.718699e+01 5.263151e-02 -1.676273e-05
1.718699e+01 7.314235e-02 -3.372195e-05
1.718699e+01 1.025928e-01 -5.264026e-05
1.718699e+01 1.448116e-01 -8.837420e-05
1.718699e+01 2.023460e-01 -1.355893e-04
1.718699e+01 2.834245e-01 -1.932405e-04
1.718699e+01 3.967448e-01 -2.722171e-04
1.718699e+01 5.552783e-01 -3.774278e-04
1.718699e+01 7.774819e-01 -5.180611e-04
1.718699e+01 1.088445e+00 -7.145881e-04
1.718699e+01 1.523711e+00 -9.962822e-04
1.718699e+01 2.088426e+00 -1.296901e-03
1.718699e+01 2.685505e+00 -1.321346e-03
1.755073e+01 1.570796e-02 -1.416227e-06
1.755073e+01 2.346256e-02 -2.634762e-06
1.755073e+01 3.503514e-02 -6.709529e-06
1.755073e+01 5.263151e-02 -1.287745e-05
1.755073e+01 7.314235e-02 -2.532037e-05
1.755073e+01 1.025928e-01 -3.914530e-05
1.755073e+01 1.448116e-01 -6.692681e-05
1.755073e+01 2.023460e-01 -1.029209e-04
1.755073e+01 2.834245e-01 -1.466236e-04
1.755073e+01 3.967448e-01 -2.07007e-04
1.755073e+01 5.552783e-01 -2.883837e-04
1.755073e+01 7.774819e-01 -3.991765e-04
1.755073e+01 1.088445e+00 -5.562567e-04
1.755073e+01 1.523711e+00 -7.828467e-04
1.755073e+01 2.088426e+00 -1.027403e-03
1.755073e+01 2.685505e+00 -1.05233e-03
1.792175e+01 1.570796e-02 -1.074455e-06
1.792175e+01 2.346256e-02 -1.855464e-06
1.792175e+01 3.503514e-02 -5.099641e-06
1.792175e+01 5.263151e-02 -9.529844e-06
1.792175e+01 7.314235e-02 -1.876646e-05
1.792175e+01 1.025928e-01 -2.904073e-05
1.792175e+01 1.448116e-01 -4.982206e-05
1.792175e+01 2.023460e-01 -7.621640e-05
1.792175e+01 2.834245e-01 -1.091188e-04
1.792175e+01 3.967448e-01 -1.544633e-04
1.792175e+01 5.552783e-01 -2.154850e-04
1.792175e+01 7.774819e-01 -3.014574e-04
1.792175e+01 1.088445e+00 -4.238756e-04
1.792175e+01 1.523711e+00 -6.050412e-04
1.792175e+01 2.088426e+00 -8.002568e-04
1.792175e+01 2.685505e+00 -8.326006e-04
1.830018e+01 1.570796e-02 -8.628351e-07
1.830018e+01 2.346256e-02 -1.260276e-06
1.830018e+01 3.503514e-02 -3.784858e-06
1.830018e+01 5.263151e-02 -6.906933e-06
1.830018e+01 7.314235e-02 -1.359223e-05
1.830018e+01 1.025928e-01 -2.117816e-05
1.830018e+01 1.448116e-01 -3.673383e-05
1.830018e+01 2.023460e-01 -5.621474e-05
1.830018e+01 2.834245e-01 -8.018454e-05
1.830018e+01 3.967448e-01 -1.145425e-04
1.830018e+01 5.552783e-01 -1.601445e-04
1.830018e+01 7.774819e-01 -2.262719e-04
1.830018e+01 1.088445e+00 -3.186621e-04
1.830018e+01 1.523711e+00 -4.568823e-04
1.830018e+01 2.088426e+00 -6.077064e-04
1.830018e+01 2.685505e+00 -6.324347e-04
1.868618e+01 1.570796e-02 -6.319876e-07
1.868618e+01 2.346256e-02 -8.012236e-07
1.868618e+01 3.503514e-02 -2.724206e-06
1.868618e+01 5.263151e-02 -5.068884e-06
1.868618e+01 7.314235e-02 -9.643536e-06
1.868618e+01 1.025928e-01 -1.529281e-05
1.868618e+01 1.448116e-01 -2.597544e-05
1.868618e+01 2.023460e-01 -3.970760e-05
1.868618e+01 2.834245e-01 -5.743331e-05
1.868618e+01 3.967448e-01 -8.214948e-05
1.868618e+01 5.552783e-01 -1.154455e-04
1.868618e+01 7.774819e-01 -1.652832e-04
1.868618e+01 1.088445e+00 -2.334066e-04
1.868618e+01 1.523711e+00 -3.372208e-04
1.868618e+01 2.088426e+00 -4.507693e-04
1.868618e+01 2.685505e+00 -4.720364e-04
1.907991e+01 1.570796e-02 -4.461603e-07
1.907991e+01 2.346256e-02 -5.592617e-07
1.907991e+01 3.503514e-02 -1.921118e-06
1.907991e+01 5.263151e-02 -3.722894e-06
1.907991e+01 7.314235e-02 -6.852948e-06
1.907991e+01 1.025928e-01 -1.06102e-05
1.907991e+01 1.448116e-01 -1.845879e-05
1.907991e+01 2.023460e-01 -2.856016e-05
1.907991e+01 2.834245e-01 -4.045396e-05
1.907991e+01 3.967448e-01 -5.816850e-05
1.907991e+01 5.552783e-01 -8.256105e-05
1.907991e+01 7.774819e-01 -1.198475e-04
1.907991e+01 1.088445e+00 -1.691779e-04
1.907991e+01 1.523711e+00 -2.45783e-04
1.907991e+01 2.088426e+00 -3.30801e-04
1.907991e+01 2.685505e+00 -3.491377e-04
1.948151e+01 1.570796e-02 -3.217753e-07
1.948151e+01 2.346256e-02 -3.862414e-07
1.948151e+01 3.503514e-02 -1.287728e-06
1.948151e+01 5.263151e-02 -2.58583e-06
1.948151e+01 7.314235e-02 -4.744817e-06
1.948151e+01 1.025928e-01 -7.331465e-06
1.948151e+01 1.448116e-01 -1.293268e-05
1.948151e+01 2.023460e-01 -1.994835e-05
1.948151e+01 2.834245e-01 -2.845415e-05
1.948151e+01 3.967448e-01 -4.112530e-05
1.948151e+01 5.552783e-01 -5.829564e-05
1.948151e+01 7.774819e-01 -8.599144e-05
1.948151e+01 1.088445e+00 -1.216335e-04
1.948151e+01 1.523711e+00 -1.770210e-04
1.948151e+01 2.088426e+00 -2.388881e-04
1.948151e+01 2.685505e+00 -2.544986e-04
1.989114e+01 1.570796e-02 -2.340648e-07
1.989114e+01 2.346256e-02 -2.258213e-07
1.989114e+01 3.503514e-02 -8.682572e-07
1.989114e+01 5.263151e-02 -1.846353e-06
1.989114e+01 7.314235e-02 -3.309834e-06
1.989114e+01 1.025928e-01 -4.833256e-06
1.989114e+01 1.448116e-01 -8.940851e-06
1.989114e+01 2.023460e-01 -1.399292e-05
1.989114e+01 2.834245e-01 -1.941311e-05
1.989114e+01 3.967448e-01 -2.83456e-05
1.989114e+01 5.552783e-01 -4.068868e-05
1.989114e+01 7.774819e-01 -6.021291e-05
1.989114e+01 1.088445e+00 -8.555216e-05
1.989114e+01 1.523711e+00 -1.24195e-04
1.989114e+01 2.088426e+00 -1.691404e-04
1.989114e+01 2.685505e+00 -1.825462e-04
2.030896e+01 1.570796e-02 -1.704911e-07
2.030896e+01 2.346256e-02 -1.474843e-07
2.030896e+01 3.503514e-02 -6.155127e-07
2.030896e+01 5.263151e-02 -1.203766e-06
2.030896e+01 7.314235e-02 -2.165746e-06
2.030896e+01 1.025928e-01 -3.139936e-06
2.030896e+01 1.448116e-01 -6.049127e-06
2.030896e+01 2.023460e-01 -9.563041e-06
2.030896e+01 2.834245e-01 -1.297211e-05
2.030896e+01 3.967448e-01 -1.924816e-05
2.030896e+01 5.552783e-01 -2.77711e-05
2.030896e+01 7.774819e-01 -4.106764e-05
2.030896e+01 1.088445e+00 -5.798012e-05
2.030896e+01 1.523711e+00 -8.44321e-05
2.030896e+01 2.088426e+00 -1.158700e-04
2.030896e+01 2.685505e+00 -1.239168e-04
2.073514e+01 1.570796e-02 -1.08824e-07
2.073514e+01 2.346256e-02 -8.898104e-08
2.073514e+01 3.503514e-02 -3.999475e-07
2.073514e+01 5.263151e-02 -7.397293e-07
2.073514e+01 7.314235e-02 -1.350908e-06
2.073514e+01 1.025928e-01 -2.014673e-06
2.073514e+01 1.448116e-01 -3.949870e-06
2.073514e+01 2.023460e-01 -6.290462e-06
2.073514e+01 2.834245e-01 -8.421986e-06
2.073514e+01 3.967448e-01 -1.254331e-05
2.073514e+01 5.552783e-01 -1.842946e-05
2.073514e+01 7.774819e-01 -2.735687e-05
2.073514e+01 1.088445e+00 -3.823278e-05
2.073514e+01 1.523711e+00 -5.570312e-05
2.073514e+01 2.088426e+00 -7.712893e-05
2.073514e+01 2.685505e+00 -8.256293e-05
2.116984e+01 1.570796e-02 -7.288656e-08
2.116984e+01 2.346256e-02 -5.438298e-08
2.116984e+01 3.503514e-02 -2.463339e-07
2.116984e+01 5.263151e-02 -4.740428e-07
2.116984e+01 7.314235e-02 -8.356631e-07
2.116984e+01 1.025928e-01 -1.274794e-06
2.116984e+01 1.448116e-01 -2.517782e-06
2.116984e+01 2.023460e-01 -3.989296e-06
2.116984e+01 2.834245e-01 -5.439360e-06
2.116984e+01 3.967448e-01 -8.045512e-06
2.116984e+01 5.552783e-01 -1.199015e-05
2.116984e+01 7.774819e-01 -1.796868e-05
2.116984e+01 1.088445e+00 -2.506248e-05
2.116984e+01 1.523711e+00 -3.668551e-05
2.116984e+01 2.088426e+00 -5.060828e-05
2.116984e+01 2.685505e+00 -5.436646e-05
2.161324e+01 1.570796e-02 -4.628085e-08
2.161324e+01 2.346256e-02 -3.074671e-08
2.161324e+01 3.503514e-02 -1.564267e-07
2.161324e+01 5.263151e-02 -2.785967e-07
2.161324e+01 7.314235e-02 -5.089308e-07
2.161324e+01 1.025928e-01 -8.077767e-07
2.161324e+01 1.448116e-01 -1.589387e-06
2.161324e+01 2.023460e-01 -2.497103e-06
2.161324e+01 2.834245e-01 -3.358176e-06
2.161324e+01 3.967448e-01 -5.184661e-06
2.161324e+01 5.552783e-01 -7.636976e-06
2.161324e+01 7.774819e-01 -1.160536e-05
2.161324e+01 1.088445e+00 -1.598270e-05
2.161324e+01 1.523711e+00 -2.349165e-05
2.161324e+01 2.088426e+00 -3.264103e-05
2.161324e+01 2.685505e+00 -3.463649e-05
2.206550e+01 1.570796e-02 -2.852647e-08
2.206550e+01 2.346256e-02 -1.421024e-08
2.206550e+01 3.503514e-02 -1.002279e-07
2.206550e+01 5.263151e-02 -1.569323e-07
2.206550e+01 7.314235e-02 -2.751298e-07
2.206550e+01 1.025928e-01 -4.837607e-07
2.206550e+01 1.448116e-01 -9.745853e-07
2.206550e+01 2.023460e-01 -1.497599e-06
2.206550e+01 2.834245e-01 -2.023852e-06
2.206550e+01 3.967448e-01 -3.188831e-06
2.206550e+01 5.552783e-01 -4.718400e-06
2.206550e+01 7.774819e-01 -7.145908e-06
2.206550e+01 1.088445e+00 -9.754709e-06
2.206550e+01 1.523711e+00 -1.438054e-05
2.206550e+01 2.088426e+00 -2.050825e-05
2.206550e+01 2.685505e+00 -2.203381e-05
2.252681e+01 1.570796e-02 5.307091e-10
2.252681e+01 2.346256e-02 1.352347e-09
2.252681e+01 3.503514e-02 2.739055e-09
2.252681e+01 5.263151e-02 5.629741e-09
2.252681e+01 7.314235e-02 1.173759e-08
2.252681e+01 1.025928e-01 1.751984e-08
2.252681e+01 1.448116e-01 2.968299e-08
2.252681e+01 2.023460e-01 4.308948e-08
2.252681e+01 2.834245e-01 6.196596e-08
2.252681e+01 3.967448e-01 8.624534e-08
2.252681e+01 5.552783e-01 1.187457e-07
2.252681e+01 7.774819e-01 1.544679e-07
2.252681e+01 1.088445e+00 1.740120e-07
2.252681e+01 1.523711e+00 1.564701e-07
2.252681e+01 2.088426e+00 1.088030e-07
2.252681e+01 2.685505e+00 5.38774e-08
2.299735e+01 1.570796e-02 5.009870e-10
2.299735e+01 2.346256e-02 1.273425e-09
2.299735e+01 3.503514e-02 2.582463e-09
2.299735e+01 5.263151e-02 5.300314e-09
2.299735e+01 7.314235e-02 1.105434e-08
2.299735e+01 1.025928e-01 1.649892e-08
2.299735e+01 1.448116e-01 2.796366e-08
2.299735e+01 2.023460e-01 4.066892e-08
2.299735e+01 2.834245e-01 5.870545e-08
2.299735e+01 3.967448e-01 8.224096e-08
2.299735e+01 5.552783e-01 1.141048e-07
2.299735e+01 7.774819e-01 1.493875e-07
2.299735e+01 1.088445e+00 1.694794e-07
2.299735e+01 1.523711e+00 1.540414e-07
2.299735e+01 2.088426e+00 1.085942e-07
2.299735e+01 2.685505e+00 5.412500e-08
2.34773e+01 1.570796e-02 4.707906e-10
2.34773e+01 2.346256e-02 1.195787e-09
2.34773e+01 3.503514e-02 2.425404e-09
2.34773e+01 5.263151e-02 4.974345e-09
2.34773e+01 7.314235e-02 1.037886e-08
2.34773e+01 1.025928e-01 1.548543e-08
2.34773e+01 1.448116e-01 2.626481e-08
2.34773e+01 2.023460e-01 3.826953e-08
2.34773e+01 2.834245e-01 5.548347e-08
2.34773e+01 3.967448e-01 7.826367e-08
2.34773e+01 5.552783e-01 1.094134e-07
2.34773e+01 7.774819e-01 1.441604e-07
2.34773e+01 1.088445e+00 1.646963e-07
2.34773e+01 1.523711e+00 1.514764e-07
2.34773e+01 2.088426e+00 1.085495e-07
2.34773e+01 2.685505e+00 5.448844e-08
2.396684e+01 1.570796e-02 4.408994e-10
2.396684e+01 2.346256e-02 1.118243e-09
2.396684e+01 3.503514e-02 2.270652e-09
2.396684e+01 5.263151e-02 4.651623e-09
2.396684e+01 7.314235e-02 9.712513e-09
2.396684e+01 1.025928e-01 1.448872e-08
2.396684e+01 1.448116e-01 2.459807e-08
2.396684e+01 2.023460e-01 3.591943e-08
2.396684e+01 2.834245e-01 5.231781e-08
2.396684e+01 3.967448e-01 7.429940e-08
2.396684e+01 5.552783e-01 1.046519e-07
2.396684e+01 7.774819e-01 1.387006e-07
2.396684e+01 1.088445e+00 1.596508e-07
2.396684e+01 1.523711e+00 1.487347e-07
2.396684e+01 2.088426e+00 1.083999e-07
2.396684e+01 2.685505e+00 5.488646e-08
2.446618e+01 1.570796e-02 4.113276e-10
2.446618e+01 2.346256e-02 1.042523e-09
2.446618e+01 3.503514e-02 2.118363e-09
2.446618e+01 5.263151e-02 4.335508e-09
2.446618e+01 7.314235e-02 9.060776e-09
2.446618e+01 1.025928e-01 1.351175e-08
2.446618e+01 1.448116e-01 2.296663e-08
2.446618e+01 2.023460e-01 3.362241e-08
2.446618e+01 2.834245e-01 4.922495e-08
2.446618e+01 3.967448e-01 7.037238e-08
2.446618e+01 5.552783e-01 9.985952e-08
2.446618e+01 7.774819e-01 1.331411e-07
2.446618e+01 1.088445e+00 1.543683e-07
2.446618e+01 1.523711e+00 1.458053e-07
2.446618e+01 2.088426e+00 1.082616e-07
2.446618e+01 2.685505e+00 5.546824e-08
2.497550e+01 1.570796e-02 3.823712e-10
2.497550e+01 2.346256e-02 9.683738e-10
2.497550e+01 3.503514e-02 1.969753e-09
2.497550e+01 5.263151e-02 4.02764e-09
2.497550e+01 7.314235e-02 8.425249e-09
2.497550e+01 1.025928e-01 1.256025e-08
2.497550e+01 1.448116e-01 2.137390e-08
2.497550e+01 2.023460e-01 3.138571e-08
2.497550e+01 2.834245e-01 4.618866e-08
2.497550e+01 3.967448e-01 6.649029e-08
2.497550e+01 5.552783e-01 9.50028e-08
2.497550e+01 7.774819e-01 1.273651e-07
2.497550e+01 1.088445e+00 1.488141e-07
2.497550e+01 1.523711e+00 1.426125e-07
2.497550e+01 2.088426e+00 1.081706e-07
2.497550e+01 2.685505e+00 5.629853e-08
2.549501e+01 1.570796e-02 3.540335e-10
2.549501e+01 2.346256e-02 8.965791e-10
2.549501e+01 3.503514e-02 1.824913e-09
2.549501e+01 5.263151e-02 3.727940e-09
2.549501e+01 7.314235e-02 7.804535e-09
2.549501e+01 1.025928e-01 1.163458e-08
2.549501e+01 1.448116e-01 1.982664e-08
2.549501e+01 2.023460e-01 2.919384e-08
2.549501e+01 2.834245e-01 4.319992e-08
2.549501e+01 3.967448e-01 6.263383e-08
2.549501e+01 5.552783e-01 9.006916e-08
2.549501e+01 7.774819e-01 1.213813e-07
2.549501e+01 1.088445e+00 1.429745e-07
2.549501e+01 1.523711e+00 1.393157e-07
2.549501e+01 2.088426e+00 1.081145e-07
2.549501e+01 2.685505e+00 5.739544e-08
2.602491e+01 1.570796e-02 3.265201e-10
2.602491e+01 2.346256e-02 8.267538e-10
2.602491e+01 3.503514e-02 1.683767e-09
2.602491e+01 5.263151e-02 3.435196e-09
2.602491e+01 7.314235e-02 7.2016e-09
2.602491e+01 1.025928e-01 1.073079e-08
2.602491e+01 1.448116e-01 1.831908e-08
2.602491e+01 2.023460e-01 2.705493e-08
2.602491e+01 2.834245e-01 4.026338e-08
2.602491e+01 3.967448e-01 5.878456e-08
2.602491e+01 5.552783e-01 8.503248e-08
2.602491e+01 7.774819e-01 1.152053e-07
2.602491e+01 1.088445e+00 1.367897e-07
2.602491e+01 1.523711e+00 1.356702e-07
2.602491e+01 2.088426e+00 1.079816e-07
2.602491e+01 2.685505e+00 5.871395e-08
2.656541e+01 1.570796e-02 2.995663e-10
2.656541e+01 2.346256e-02 7.591993e-10
2.656541e+01 3.503514e-02 1.545926e-09
2.656541e+01 5.263151e-02 3.152207e-09
2.656541e+01 7.314235e-02 6.613146e-09
2.656541e+01 1.025928e-01 9.849618e-09
2.656541e+01 1.448116e-01 1.684656e-08
2.656541e+01 2.023460e-01 2.496798e-08
2.656541e+01 2.834245e-01 3.737262e-08
2.656541e+01 3.967448e-01 5.4922e-08
2.656541e+01 5.552783e-01 7.988725e-08
2.656541e+01 7.774819e-01 1.08774e-07
2.656541e+01 1.088445e+00 1.303555e-07
2.656541e+01 1.523711e+00 1.316739e-07
2.656541e+01 2.088426e+00 1.077408e-07
2.656541e+01 2.685505e+00 6.043506e-08
2.711672e+01 1.570796e-02 2.735673e-10
2.711672e+01 2.346256e-02 6.938631e-10
2.711672e+01 3.503514e-02 1.411642e-09
2.711672e+01 5.263151e-02 2.877065e-09
2.711672e+01 7.314235e-02 6.039649e-09
2.711672e+01 1.025928e-01 8.996446e-09
2.711672e+01 1.448116e-01 1.541009e-08
2.711672e+01 2.023460e-01 2.292903e-08
2.711672e+01 2.834245e-01 3.451612e-08
2.711672e+01 3.967448e-01 5.104511e-08
2.711672e+01 5.552783e-01 7.464655e-08
2.711672e+01 7.774819e-01 1.021387e-07
2.711672e+01 1.088445e+00 1.235425e-07
2.711672e+01 1.523711e+00 1.273717e-07
2.711672e+01 2.088426e+00 1.072108e-07
2.711672e+01 2.685505e+00 6.268071e-08
2.767905e+01 1.570796e-02 2.481303e-10
2.767905e+01 2.346256e-02 6.297892e-10
2.767905e+01 3.503514e-02 1.280814e-09
2.767905e+01 5.263151e-02 2.609605e-09
2.767905e+01 7.314235e-02 5.483382e-09
2.767905e+01 1.025928e-01 8.166170e-09
2.767905e+01 1.448116e-01 1.401209e-08
2.767905e+01 2.023460e-01 2.09342e-08
2.767905e+01 2.834245e-01 3.169514e-08
2.767905e+01 3.967448e-01 4.714678e-08
2.767905e+01 5.552783e-01 6.927055e-08
2.767905e+01 7.774819e-01 9.526797e-08
2.767905e+01 1.088445e+00 1.164083e-07
2.767905e+01 1.523711e+00 1.225555e-07
2.767905e+01 2.088426e+00 1.065084e-07
2.767905e+01 2.685505e+00 6.511461e-08
2.825263e+01 1.570796e-02 2.235551e-10
2.825263e+01 2.346256e-02 5.676056e-10
2.825263e+01 3.503514e-02 1.153442e-09
2.825263e+01 5.263151e-02 2.349453e-09
2.825263e+01 7.314235e-02 4.941077e-09
2.825263e+01 1.025928e-01 7.358100e-09
2.825263e+01 1.448116e-01 1.264715e-08
2.825263e+01 2.023460e-01 1.898089e-08
2.825263e+01 2.834245e-01 2.889677e-08
2.825263e+01 3.967448e-01 4.321367e-08
2.825263e+01 5.552783e-01 6.377537e-08
2.825263e+01 7.774819e-01 8.816861e-08
2.825263e+01 1.088445e+00 1.088630e-07
2.825263e+01 1.523711e+00 1.172117e-07
2.825263e+01 2.088426e+00 1.052898e-07
2.825263e+01 2.685505e+00 6.814646e-08
2.883769e+01 1.570796e-02 1.994274e-10
2.883769e+01 2.346256e-02 5.072056e-10
2.883769e+01 3.503514e-02 1.029493e-09
2.883769e+01 5.263151e-02 2.096655e-09
2.883769e+01 7.314235e-02 4.41197e-09
2.883769e+01 1.025928e-01 6.574918e-09
2.883769e+01 1.448116e-01 1.131409e-08
2.883769e+01 2.023460e-01 1.706033e-08
2.883769e+01 2.834245e-01 2.611212e-08
2.883769e+01 3.967448e-01 3.923647e-08
2.883769e+01 5.552783e-01 5.815937e-08
2.883769e+01 7.774819e-01 8.084327e-08
2.883769e+01 1.088445e+00 1.009221e-07
2.883769e+01 1.523711e+00 1.112020e-07
2.883769e+01 2.088426e+00 1.035496e-07
2.883769e+01 2.685505e+00 7.131997e-08
2.943444e+01 1.570796e-02 1.761046e-10
2.943444e+01 2.346256e-02 4.483408e-10
2.943444e+01 3.503514e-02 9.086633e-10
2.943444e+01 5.263151e-02 1.850703e-09
2.943444e+01 7.314235e-02 3.896971e-09
2.943444e+01 1.025928e-01 5.809286e-09
2.943444e+01 1.448116e-01 1.001137e-08
2.943444e+01 2.023460e-01 1.51665e-08
2.943444e+01 2.834245e-01 2.333324e-08
2.943444e+01 3.967448e-01 3.522084e-08
2.943444e+01 5.552783e-01 5.242117e-08
2.943444e+01 7.774819e-01 7.328559e-08
2.943444e+01 1.088445e+00 9.252752e-08
2.943444e+01 1.523711e+00 1.044519e-07
2.943444e+01 2.088426e+00 1.011178e-07
2.943444e+01 2.685505e+00 7.460105e-08
3.004313e+01 1.570796e-02 1.533139e-10
3.004313e+01 2.346256e-02 3.907325e-10
3.004313e+01 3.503514e-02 7.908929e-10
3.004313e+01 5.263151e-02 1.611131e-09
3.004313e+01 7.314235e-02 3.394593e-09
3.004313e+01 1.025928e-01 5.063514e-09
3.004313e+01 1.448116e-01 8.737416e-09
3.004313e+01 2.023460e-01 1.330016e-08
3.004313e+01 2.834245e-01 2.055786e-08
3.004313e+01 3.967448e-01 3.116863e-08
3.004313e+01 5.552783e-01 4.656302e-08
3.004313e+01 7.774819e-01 6.545792e-08
3.004313e+01 1.088445e+00 8.366376e-08
3.004313e+01 1.523711e+00 9.681215e-08
3.004313e+01 2.088426e+00 9.77188e-08
3.004313e+01 2.685505e+00 7.7434e-08
3.066399e+01 1.570796e-02 1.310214e-10
3.066399e+01 2.346256e-02 3.345641e-10
3.066399e+01 3.503514e-02 6.757608e-10
3.066399e+01 5.263151e-02 1.377409e-09
3.066399e+01 7.314235e-02 2.905729e-09
3.066399e+01 1.025928e-01 4.335458e-09
3.066399e+01 1.448116e-01 7.490728e-09
3.066399e+01 2.023460e-01 1.145936e-08
3.066399e+01 2.834245e-01 1.779472e-08
3.066399e+01 3.967448e-01 2.707261e-08
3.066399e+01 5.552783e-01 4.059312e-08
3.066399e+01 7.774819e-01 5.738589e-08
3.066399e+01 1.088445e+00 7.42414e-08
3.066399e+01 1.523711e+00 8.814589e-08
3.066399e+01 2.088426e+00 9.291357e-08
3.066399e+01 2.685505e+00 7.942854e-08
3.129727e+01 1.570796e-02 1.093778e-10
3.129727e+01 2.346256e-02 2.797967e-10
3.129727e+01 3.503514e-02 5.638487e-10
3.129727e+01 5.263151e-02 1.149851e-09
3.129727e+01 7.314235e-02 2.428002e-09
3.129727e+01 1.025928e-01 3.625777e-09
3.129727e+01 1.448116e-01 6.269629e-09
3.129727e+01 2.023460e-01 9.637152e-09
3.129727e+01 2.834245e-01 1.503083e-08
3.129727e+01 3.967448e-01 2.294111e-08
3.129727e+01 5.552783e-01 3.452004e-08
3.129727e+01 7.774819e-01 4.905194e-08
3.129727e+01 1.088445e+00 6.427200e-08
3.129727e+01 1.523711e+00 7.833092e-08
3.129727e+01 2.088426e+00 8.655700e-08
3.129727e+01 2.685505e+00 7.99233e-08
3.194322e+01 1.570796e-02 8.828231e-11
3.194322e+01 2.346256e-02 2.260765e-10
3.194322e+01 3.503514e-02 4.546519e-10
3.194322e+01 5.263151e-02 9.278602e-10
3.194322e+01 7.314235e-02 1.960642e-09
3.194322e+01 1.025928e-01 2.93097e-09
3.194322e+01 1.448116e-01 5.074937e-09
3.194322e+01 2.023460e-01 7.835219e-09
3.194322e+01 2.834245e-01 1.227122e-08
3.194322e+01 3.967448e-01 1.878234e-08
3.194322e+01 5.552783e-01 2.83374e-08
3.194322e+01 7.774819e-01 4.049084e-08
3.194322e+01 1.088445e+00 5.371370e-08
3.194322e+01 1.523711e+00 6.727915e-08
3.194322e+01 2.088426e+00 7.807764e-08
3.194322e+01 2.685505e+00 7.825173e-08
3.260208e+01 1.570796e-02 6.761712e-11
3.260208e+01 2.346256e-02 1.737109e-10
3.260208e+01 3.503514e-02 3.481167e-10
3.260208e+01 5.263151e-02 7.119872e-10
3.260208e+01 7.314235e-02 1.505088e-09
3.260208e+01 1.025928e-01 2.252786e-09
3.260208e+01 1.448116e-01 3.904234e-09
3.260208e+01 2.023460e-01 6.054338e-09
3.260208e+01 2.834245e-01 9.515649e-09
3.260208e+01 3.967448e-01 1.459611e-08
3.260208e+01 5.552783e-01 2.208354e-08
3.260208e+01 7.774819e-01 3.170502e-08
3.260208e+01 1.088445e+00 4.259850e-08
3.260208e+01 1.523711e+00 5.482675e-08
3.260208e+01 2.088426e+00 6.704267e-08
3.260208e+01 2.685505e+00 7.296326e-08
3.327412e+01 1.570796e-02 4.739298e-11
3.327412e+01 2.346256e-02 1.220907e-10
3.327412e+01 3.503514e-02 2.43823e-10
3.327412e+01 5.263151e-02 4.986858e-10
3.327412e+01 7.314235e-02 1.056579e-09
3.327412e+01 1.025928e-01 1.582789e-09
3.327412e+01 1.448116e-01 2.746282e-09
3.327412e+01 2.023460e-01 4.276554e-09
3.327412e+01 2.834245e-01 6.744652e-09
3.327412e+01 3.967448e-01 1.036671e-08
3.327412e+01 5.552783e-01 1.573027e-08
3.327412e+01 7.774819e-01 2.269106e-08
3.327412e+01 1.088445e+00 3.088931e-08
3.327412e+01 1.523711e+00 4.088813e-08
3.327412e+01 2.088426e+00 5.280233e-08
3.327412e+01 2.685505e+00 6.245488e-08
3.395961e+01 1.570796e-02 2.850792e-11
3.395961e+01 2.346256e-02 7.433732e-11
3.395961e+01 3.503514e-02 1.472139e-10
3.395961e+01 5.263151e-02 3.020645e-10
3.395961e+01 7.314235e-02 6.402788e-10
3.395961e+01 1.025928e-01 9.601526e-10
3.395961e+01 1.448116e-01 1.664495e-09
3.395961e+01 2.023460e-01 2.594016e-09
3.395961e+01 2.834245e-01 4.086659e-09
3.395961e+01 3.967448e-01 6.255431e-09
3.395961e+01 5.552783e-01 9.467931e-09
3.395961e+01 7.774819e-01 1.364409e-08
3.395961e+01 1.088445e+00 1.872410e-08
3.395961e+01 1.523711e+00 2.538936e-08
3.395961e+01 2.088426e+00 3.46354e-08
3.395961e+01 2.685505e+00 4.434128e-08
3.46588e+01 1.570796e-02 8.883984e-12
3.46588e+01 2.346256e-02 2.156105e-11
3.46588e+01 3.503514e-02 4.647119e-11
3.46588e+01 5.263151e-02 8.986609e-11
3.46588e+01 7.314235e-02 1.952939e-10
3.46588e+01 1.025928e-01 2.908014e-10
3.46588e+01 1.448116e-01 5.04798e-10
3.46588e+01 2.023460e-01 7.989664e-10
3.46588e+01 2.834245e-01 1.271144e-09
3.46588e+01 3.967448e-01 1.962657e-09
3.46588e+01 5.552783e-01 2.989844e-09
3.46588e+01 7.774819e-01 4.346119e-09
3.46588e+01 1.088445e+00 6.06207e-09
3.46588e+01 1.523711e+00 8.453396e-09
3.46588e+01 2.088426e+00 1.2108e-08
3.46588e+01 2.685505e+00 1.648323e-08
3.537197e+01 1.570796e-02 0.e+00
3.537197e+01 2.346256e-02 0.e+00
3.537197e+01 3.503514e-02 0.e+00
3.537197e+01 5.263151e-02 0.e+00
3.537197e+01 7.314235e-02 0.e+00
3.537197e+01 1.025928e-01 0.e+00
3.537197e+01 1.448116e-01 0.e+00
3.537197e+01 2.023460e-01 0.e+00
3.537197e+01 2.834245e-01 0.e+00
3.537197e+01 3.967448e-01 0.e+00
3.537197e+01 5.552783e-01 0.e+00
3.537197e+01 7.774819e-01 0.e+00
3.537197e+01 1.088445e+00 0.e+00
3.537197e+01 1.523711e+00 0.e+00
3.537197e+01 2.088426e+00 0.e+00
3.537197e+01 2.685505e+00 0.e+00
