5.e+00 1.570796e-02 0.e+00
5.e+00 2.346256e-02 0.e+00
5.e+00 3.503514e-02 0.e+00
5.e+00 5.263151e-02 0.e+00
5.e+00 7.314235e-02 0.e+00
5.e+00 1.025928e-01 0.e+00
5.e+00 1.448116e-01 0.e+00
5.e+00 2.023460e-01 0.e+00
5.e+00 2.834245e-01 0.e+00
5.e+00 3.967448e-01 0.e+00
5.e+00 5.552783e-01 0.e+00
5.e+00 7.774819e-01 0.e+00
5.e+00 1.088445e+00 0.e+00
5.e+00 1.523711e+00 0.e+00
5.e+00 2.088426e+00 0.e+00
5.e+00 2.685505e+00 0.e+00
5.12e+00 1.570796e-02 0.e+00
5.12e+00 2.346256e-02 0.e+00
5.12e+00 3.503514e-02 0.e+00
5.12e+00 5.263151e-02 0.e+00
5.12e+00 7.314235e-02 0.e+00
5.12e+00 1.025928e-01 0.e+00
5.12e+00 1.448116e-01 0.e+00
5.12e+00 2.023460e-01 0.e+00
5.12e+00 2.834245e-01 0.e+00
5.12e+00 3.967448e-01 0.e+00
5.12e+00 5.552783e-01 0.e+00
5.12e+00 7.774819e-01 0.e+00
5.12e+00 1.088445e+00 0.e+00
5.12e+00 1.523711e+00 0.e+00
5.12e+00 2.088426e+00 0.e+00
5.12e+00 2.685505e+00 0.e+00
5.2424e+00 1.570796e-02 0.e+00
5.2424e+00 2.346256e-02 0.e+00
5.2424e+00 3.503514e-02 0.e+00
5.2424e+00 5.263151e-02 0.e+00
5.2424e+00 7.314235e-02 0.e+00
5.2424e+00 1.025928e-01 0.e+00
5.2424e+00 1.448116e-01 0.e+00
5.2424e+00 2.023460e-01 0.e+00
5.2424e+00 2.834245e-01 0.e+00
5.2424e+00 3.967448e-01 0.e+00
5.2424e+00 5.552783e-01 0.e+00
5.2424e+00 7.774819e-01 0.e+00
5.2424e+00 1.088445e+00 0.e+00
5.2424e+00 1.523711e+00 0.e+00
5.2424e+00 2.088426e+00 0.e+00
5.2424e+00 2.685505e+00 0.e+00
5.367248e+00 1.570796e-02 0.e+00
5.367248e+00 2.346256e-02 0.e+00
5.367248e+00 3.503514e-02 0.e+00
5.367248e+00 5.263151e-02 0.e+00
5.367248e+00 7.314235e-02 0.e+00
5.367248e+00 1.025928e-01 0.e+00
5.367248e+00 1.448116e-01 0.e+00
5.367248e+00 2.023460e-01 0.e+00
5.367248e+00 2.834245e-01 0.e+00
5.367248e+00 3.967448e-01 0.e+00
5.367248e+00 5.552783e-01 0.e+00
5.367248e+00 7.774819e-01 0.e+00
5.367248e+00 1.088445e+00 0.e+00
5.367248e+00 1.523711e+00 0.e+00
5.367248e+00 2.088426e+00 0.e+00
5.367248e+00 2.685505e+00 0.e+00
5.494593e+00 1.570796e-02 0.e+00
5.494593e+00 2.346256e-02 0.e+00
5.494593e+00 3.503514e-02 0.e+00
5.494593e+00 5.263151e-02 0.e+00
5.494593e+00 7.314235e-02 0.e+00
5.494593e+00 1.025928e-01 0.e+00
5.494593e+00 1.448116e-01 0.e+00
5.494593e+00 2.023460e-01 0.e+00
5.494593e+00 2.834245e-01 0.e+00
5.494593e+00 3.967448e-01 0.e+00
5.494593e+00 5.552783e-01 0.e+00
5.494593e+00 7.774819e-01 0.e+00
5.494593e+00 1.088445e+00 0.e+00
5.494593e+00 1.523711e+00 0.e+00
5.494593e+00 2.088426e+00 0.e+00
5.494593e+00 2.685505e+00 0.e+00
5.624485e+00 1.570796e-02 0.e+00
5.624485e+00 2.346256e-02 0.e+00
5.624485e+00 3.503514e-02 0.e+00
5.624485e+00 5.263151e-02 0.e+00
5.624485e+00 7.314235e-02 0.e+00
5.624485e+00 1.025928e-01 0.e+00
5.624485e+00 1.448116e-01 0.e+00
5.624485e+00 2.023460e-01 0.e+00
5.624485e+00 2.834245e-01 0.e+00
5.624485e+00 3.967448e-01 0.e+00
5.624485e+00 5.552783e-01 0.e+00
5.624485e+00 7.774819e-01 0.e+00
5.624485e+00 1.088445e+00 0.e+00
5.624485e+00 1.523711e+00 0.e+00
5.624485e+00 2.088426e+00 0.e+00
5.624485e+00 2.685505e+00 0.e+00
5.756975e+00 1.570796e-02 0.e+00
5.756975e+00 2.346256e-02 0.e+00
5.756975e+00 3.503514e-02 0.e+00
5.756975e+00 5.263151e-02 0.e+00
5.756975e+00 7.314235e-02 0.e+00
5.756975e+00 1.025928e-01 0.e+00
5.756975e+00 1.448116e-01 0.e+00
5.756975e+00 2.023460e-01 0.e+00
5.756975e+00 2.834245e-01 0.e+00
5.756975e+00 3.967448e-01 0.e+00
5.756975e+00 5.552783e-01 0.e+00
5.756975e+00 7.774819e-01 0.e+00
5.756975e+00 1.088445e+00 0.e+00
5.756975e+00 1.523711e+00 0.e+00
5.756975e+00 2.088426e+00 0.e+00
5.756975e+00 2.685505e+00 0.e+00
5.892114e+00 1.570796e-02 0.e+00
5.892114e+00 2.346256e-02 0.e+00
5.892114e+00 3.503514e-02 0.e+00
5.892114e+00 5.263151e-02 0.e+00
5.892114e+00 7.314235e-02 0.e+00
5.892114e+00 1.025928e-01 0.e+00
5.892114e+00 1.448116e-01 0.e+00
5.892114e+00 2.023460e-01 0.e+00
5.892114e+00 2.834245e-01 0.e+00
5.892114e+00 3.967448e-01 0.e+00
5.892114e+00 5.552783e-01 0.e+00
5.892114e+00 7.774819e-01 0.e+00
5.892114e+00 1.088445e+00 0.e+00
5.892114e+00 1.523711e+00 0.e+00
5.892114e+00 2.088426e+00 0.e+00
5.892114e+00 2.685505e+00 0.e+00
6.029956e+00 1.570796e-02 -5.761840e-05
6.029956e+00 2.346256e-02 -4.010976e-05
6.029956e+00 3.503514e-02 -7.120837e-05
6.029956e+00 5.263151e-02 -6.324224e-05
6.029956e+00 7.314235e-02 -1.161337e-04
6.029956e+00 1.025928e-01 -2.899314e-05
6.029956e+00 1.448116e-01 -1.005068e-04
6.029956e+00 2.023460e-01 -6.411986e-05
6.029956e+00 2.834245e-01 -8.760314e-05
6.029956e+00 3.967448e-01 -4.886638e-05
6.029956e+00 5.552783e-01 -4.842075e-05
6.029956e+00 7.774819e-01 -4.963137e-05
6.029956e+00 1.088445e+00 -4.763282e-05
6.029956e+00 1.523711e+00 -4.445504e-05
6.029956e+00 2.088426e+00 -5.715117e-05
6.029956e+00 2.685505e+00 -6.690764e-05
6.170555e+00 1.570796e-02 -1.893192e-04
6.170555e+00 2.346256e-02 -1.570456e-04
6.170555e+00 3.503514e-02 -2.417616e-04
6.170555e+00 5.263151e-02 -3.666068e-04
6.170555e+00 7.314235e-02 -4.559638e-04
6.170555e+00 1.025928e-01 -2.827299e-04
6.170555e+00 1.448116e-01 -3.497293e-04
6.170555e+00 2.023460e-01 -3.883179e-04
6.170555e+00 2.834245e-01 -4.767338e-04
6.170555e+00 3.967448e-01 -3.023898e-04
6.170555e+00 5.552783e-01 -2.815806e-04
6.170555e+00 7.774819e-01 -2.622064e-04
6.170555e+00 1.088445e+00 -2.378694e-04
6.170555e+00 1.523711e+00 -2.359866e-04
6.170555e+00 2.088426e+00 -2.899346e-04
6.170555e+00 2.685505e+00 -3.311089e-04
6.313967e+00 1.570796e-02 -4.342810e-04
6.313967e+00 2.346256e-02 -4.621287e-04
6.313967e+00 3.503514e-02 -7.530828e-04
6.313967e+00 5.263151e-02 -1.282631e-03
6.313967e+00 7.314235e-02 -1.701119e-03
6.313967e+00 1.025928e-01 -1.380491e-03
6.313967e+00 1.448116e-01 -1.752859e-03
6.313967e+00 2.023460e-01 -1.608415e-03
6.313967e+00 2.834245e-01 -1.670918e-03
6.313967e+00 3.967448e-01 -1.268767e-03
6.313967e+00 5.552783e-01 -1.11369e-03
6.313967e+00 7.774819e-01 -1.034454e-03
6.313967e+00 1.088445e+00 -9.1387e-04
6.313967e+00 1.523711e+00 -9.20533e-04
6.313967e+00 2.088426e+00 -1.093326e-03
6.313967e+00 2.685505e+00 -1.262458e-03
6.460246e+00 1.570796e-02 -6.686513e-04
6.460246e+00 2.346256e-02 -1.122182e-03
6.460246e+00 3.503514e-02 -1.72972e-03
6.460246e+00 5.263151e-02 -2.753015e-03
6.460246e+00 7.314235e-02 -4.452459e-03
6.460246e+00 1.025928e-01 -3.230339e-03
6.460246e+00 1.448116e-01 -4.032033e-03
6.460246e+00 2.023460e-01 -4.036658e-03
6.460246e+00 2.834245e-01 -3.962539e-03
6.460246e+00 3.967448e-01 -3.279628e-03
6.460246e+00 5.552783e-01 -3.002777e-03
6.460246e+00 7.774819e-01 -2.607902e-03
6.460246e+00 1.088445e+00 -2.319546e-03
6.460246e+00 1.523711e+00 -2.328359e-03
6.460246e+00 2.088426e+00 -2.699470e-03
6.460246e+00 2.685505e+00 -3.132446e-03
6.609451e+00 1.570796e-02 -7.404732e-04
6.609451e+00 2.346256e-02 -1.69274e-03
6.609451e+00 3.503514e-02 -3.034853e-03
6.609451e+00 5.263151e-02 -4.475620e-03
6.609451e+00 7.314235e-02 -7.452047e-03
6.609451e+00 1.025928e-01 -6.298144e-03
6.609451e+00 1.448116e-01 -7.285019e-03
6.609451e+00 2.023460e-01 -7.675394e-03
6.609451e+00 2.834245e-01 -7.262039e-03
6.609451e+00 3.967448e-01 -6.327548e-03
6.609451e+00 5.552783e-01 -5.739209e-03
6.609451e+00 7.774819e-01 -4.992377e-03
6.609451e+00 1.088445e+00 -4.359337e-03
6.609451e+00 1.523711e+00 -4.320717e-03
6.609451e+00 2.088426e+00 -4.982547e-03
6.609451e+00 2.685505e+00 -5.696223e-03
6.76164e+00 1.570796e-02 -8.059444e-04
6.76164e+00 2.346256e-02 -2.080553e-03
6.76164e+00 3.503514e-02 -3.970441e-03
6.76164e+00 5.263151e-02 -6.121859e-03
6.76164e+00 7.314235e-02 -1.036763e-02
6.76164e+00 1.025928e-01 -9.923072e-03
6.76164e+00 1.448116e-01 -1.191381e-02
6.76164e+00 2.023460e-01 -1.224696e-02
6.76164e+00 2.834245e-01 -1.207755e-02
6.76164e+00 3.967448e-01 -1.035789e-02
6.76164e+00 5.552783e-01 -9.452922e-03
6.76164e+00 7.774819e-01 -8.198053e-03
6.76164e+00 1.088445e+00 -7.091965e-03
6.76164e+00 1.523711e+00 -6.911901e-03
6.76164e+00 2.088426e+00 -7.869547e-03
6.76164e+00 2.685505e+00 -8.934359e-03
6.916873e+00 1.570796e-02 -8.256015e-04
6.916873e+00 2.346256e-02 -2.128347e-03
6.916873e+00 3.503514e-02 -4.455292e-03
6.916873e+00 5.263151e-02 -7.465055e-03
6.916873e+00 7.314235e-02 -1.281897e-02
6.916873e+00 1.025928e-01 -1.377485e-02
6.916873e+00 1.448116e-01 -1.664736e-02
6.916873e+00 2.023460e-01 -1.721816e-02
6.916873e+00 2.834245e-01 -1.71452e-02
6.916873e+00 3.967448e-01 -1.511045e-02
6.916873e+00 5.552783e-01 -1.382408e-02
6.916873e+00 7.774819e-01 -1.197279e-02
6.916873e+00 1.088445e+00 -1.035874e-02
6.916873e+00 1.523711e+00 -9.928416e-03
6.916873e+00 2.088426e+00 -1.121043e-02
6.916873e+00 2.685505e+00 -1.258508e-02
7.075210e+00 1.570796e-02 -8.537223e-04
7.075210e+00 2.346256e-02 -2.046744e-03
7.075210e+00 3.503514e-02 -4.57225e-03
7.075210e+00 5.263151e-02 -8.084048e-03
7.075210e+00 7.314235e-02 -1.428821e-02
7.075210e+00 1.025928e-01 -1.664003e-02
7.075210e+00 1.448116e-01 -2.116366e-02
7.075210e+00 2.023460e-01 -2.207714e-02
7.075210e+00 2.834245e-01 -2.211444e-02
7.075210e+00 3.967448e-01 -2.002755e-02
7.075210e+00 5.552783e-01 -1.837121e-02
7.075210e+00 7.774819e-01 -1.598857e-02
7.075210e+00 1.088445e+00 -1.375775e-02
7.075210e+00 1.523711e+00 -1.312161e-02
7.075210e+00 2.088426e+00 -1.461647e-02
7.075210e+00 2.685505e+00 -1.630453e-02
7.236714e+00 1.570796e-02 -8.154550e-04
7.236714e+00 2.346256e-02 -1.94224e-03
7.236714e+00 3.503514e-02 -4.376639e-03
7.236714e+00 5.263151e-02 -8.052724e-03
7.236714e+00 7.314235e-02 -1.489324e-02
7.236714e+00 1.025928e-01 -1.863374e-02
7.236714e+00 1.448116e-01 -2.479493e-02
7.236714e+00 2.023460e-01 -2.639762e-02
7.236714e+00 2.834245e-01 -2.666427e-02
7.236714e+00 3.967448e-01 -2.478857e-02
7.236714e+00 5.552783e-01 -2.277968e-02
7.236714e+00 7.774819e-01 -1.989273e-02
7.236714e+00 1.088445e+00 -1.717232e-02
7.236714e+00 1.523711e+00 -1.621082e-02
7.236714e+00 2.088426e+00 -1.779090e-02
7.236714e+00 2.685505e+00 -1.975216e-02
7.401449e+00 1.570796e-02 -7.503399e-04
7.401449e+00 2.346256e-02 -1.809219e-03
7.401449e+00 3.503514e-02 -4.124383e-03
7.401449e+00 5.263151e-02 -7.824114e-03
7.401449e+00 7.314235e-02 -1.480212e-02
7.401449e+00 1.025928e-01 -1.961139e-02
7.401449e+00 1.448116e-01 -2.687534e-02
7.401449e+00 2.023460e-01 -2.962628e-02
7.401449e+00 2.834245e-01 -3.045444e-02
7.401449e+00 3.967448e-01 -2.885647e-02
7.401449e+00 5.552783e-01 -2.676237e-02
7.401449e+00 7.774819e-01 -2.343922e-02
7.401449e+00 1.088445e+00 -2.020090e-02
7.401449e+00 1.523711e+00 -1.889388e-02
7.401449e+00 2.088426e+00 -2.053224e-02
7.401449e+00 2.685505e+00 -2.237387e-02
7.569477e+00 1.570796e-02 -6.723474e-04
7.569477e+00 2.346256e-02 -1.650014e-03
7.569477e+00 3.503514e-02 -3.811897e-03
7.569477e+00 5.263151e-02 -7.376089e-03
7.569477e+00 7.314235e-02 -1.417814e-02
7.569477e+00 1.025928e-01 -1.969152e-02
7.569477e+00 1.448116e-01 -2.786938e-02
7.569477e+00 2.023460e-01 -3.166046e-02
7.569477e+00 2.834245e-01 -3.327173e-02
7.569477e+00 3.967448e-01 -3.218899e-02
7.569477e+00 5.552783e-01 -3.015864e-02
7.569477e+00 7.774819e-01 -2.65479e-02
7.569477e+00 1.088445e+00 -2.287660e-02
7.569477e+00 1.523711e+00 -2.125085e-02
7.569477e+00 2.088426e+00 -2.280251e-02
7.569477e+00 2.685505e+00 -2.459873e-02
7.740867e+00 1.570796e-02 -6.129123e-04
7.740867e+00 2.346256e-02 -1.532090e-03
7.740867e+00 3.503514e-02 -3.425244e-03
7.740867e+00 5.263151e-02 -6.781216e-03
7.740867e+00 7.314235e-02 -1.324063e-02
7.740867e+00 1.025928e-01 -1.903114e-02
7.740867e+00 1.448116e-01 -2.787117e-02
7.740867e+00 2.023460e-01 -3.258016e-02
7.740867e+00 2.834245e-01 -3.508792e-02
7.740867e+00 3.967448e-01 -3.468055e-02
7.740867e+00 5.552783e-01 -3.286799e-02
7.740867e+00 7.774819e-01 -2.918105e-02
7.740867e+00 1.088445e+00 -2.514972e-02
7.740867e+00 1.523711e+00 -2.321904e-02
7.740867e+00 2.088426e+00 -2.475680e-02
7.740867e+00 2.685505e+00 -2.647135e-02
7.915684e+00 1.570796e-02 -5.589565e-04
7.915684e+00 2.346256e-02 -1.400288e-03
7.915684e+00 3.503514e-02 -3.023497e-03
7.915684e+00 5.263151e-02 -6.163221e-03
7.915684e+00 7.314235e-02 -1.222214e-02
7.915684e+00 1.025928e-01 -1.792909e-02
7.915684e+00 1.448116e-01 -2.714656e-02
7.915684e+00 2.023460e-01 -3.262076e-02
7.915684e+00 2.834245e-01 -3.605234e-02
7.915684e+00 3.967448e-01 -3.636974e-02
7.915684e+00 5.552783e-01 -3.484855e-02
7.915684e+00 7.774819e-01 -3.131856e-02
7.915684e+00 1.088445e+00 -2.704829e-02
7.915684e+00 1.523711e+00 -2.490028e-02
7.915684e+00 2.088426e+00 -2.636114e-02
7.915684e+00 2.685505e+00 -2.78375e-02
8.093998e+00 1.570796e-02 -5.080612e-04
8.093998e+00 2.346256e-02 -1.272291e-03
8.093998e+00 3.503514e-02 -2.672283e-03
8.093998e+00 5.263151e-02 -5.567387e-03
8.093998e+00 7.314235e-02 -1.112956e-02
8.093998e+00 1.025928e-01 -1.668262e-02
8.093998e+00 1.448116e-01 -2.580132e-02
8.093998e+00 2.023460e-01 -3.192524e-02
8.093998e+00 2.834245e-01 -3.620331e-02
8.093998e+00 3.967448e-01 -3.725929e-02
8.093998e+00 5.552783e-01 -3.624881e-02
8.093998e+00 7.774819e-01 -3.283145e-02
8.093998e+00 1.088445e+00 -2.850765e-02
8.093998e+00 1.523711e+00 -2.620636e-02
8.093998e+00 2.088426e+00 -2.755303e-02
8.093998e+00 2.685505e+00 -2.874807e-02
8.275878e+00 1.570796e-02 -4.573878e-04
8.275878e+00 2.346256e-02 -1.164611e-03
8.275878e+00 3.503514e-02 -2.388527e-03
8.275878e+00 5.263151e-02 -5.016036e-03
8.275878e+00 7.314235e-02 -1.005699e-02
8.275878e+00 1.025928e-01 -1.522725e-02
8.275878e+00 1.448116e-01 -2.400309e-02
8.275878e+00 2.023460e-01 -3.052118e-02
8.275878e+00 2.834245e-01 -3.560591e-02
8.275878e+00 3.967448e-01 -3.748332e-02
8.275878e+00 5.552783e-01 -3.698448e-02
8.275878e+00 7.774819e-01 -3.382388e-02
8.275878e+00 1.088445e+00 -2.959863e-02
8.275878e+00 1.523711e+00 -2.715918e-02
8.275878e+00 2.088426e+00 -2.84782e-02
8.275878e+00 2.685505e+00 -2.944936e-02
8.461396e+00 1.570796e-02 -4.056222e-04
8.461396e+00 2.346256e-02 -1.051734e-03
8.461396e+00 3.503514e-02 -2.143429e-03
8.461396e+00 5.263151e-02 -4.501652e-03
8.461396e+00 7.314235e-02 -9.016535e-03
8.461396e+00 1.025928e-01 -1.372882e-02
8.461396e+00 1.448116e-01 -2.200676e-02
8.461396e+00 2.023460e-01 -2.874076e-02
8.461396e+00 2.834245e-01 -3.446223e-02
8.461396e+00 3.967448e-01 -3.710431e-02
8.461396e+00 5.552783e-01 -3.716916e-02
8.461396e+00 7.774819e-01 -3.436586e-02
8.461396e+00 1.088445e+00 -3.029539e-02
8.461396e+00 1.523711e+00 -2.785272e-02
8.461396e+00 2.088426e+00 -2.907591e-02
8.461396e+00 2.685505e+00 -2.986985e-02
8.650623e+00 1.570796e-02 -3.581796e-04
8.650623e+00 2.346256e-02 -9.533214e-04
8.650623e+00 3.503514e-02 -1.907168e-03
8.650623e+00 5.263151e-02 -4.028916e-03
8.650623e+00 7.314235e-02 -8.061461e-03
8.650623e+00 1.025928e-01 -1.228075e-02
8.650623e+00 1.448116e-01 -1.999007e-02
8.650623e+00 2.023460e-01 -2.671752e-02
8.650623e+00 2.834245e-01 -3.288673e-02
8.650623e+00 3.967448e-01 -3.619560e-02
8.650623e+00 5.552783e-01 -3.679639e-02
8.650623e+00 7.774819e-01 -3.44517e-02
8.650623e+00 1.088445e+00 -3.064757e-02
8.650623e+00 1.523711e+00 -2.827778e-02
8.650623e+00 2.088426e+00 -2.944311e-02
8.650623e+00 2.685505e+00 -3.019561e-02
8.843636e+00 1.570796e-02 -3.121778e-04
8.843636e+00 2.346256e-02 -8.640205e-04
8.843636e+00 3.503514e-02 -1.698883e-03
8.843636e+00 5.263151e-02 -3.582992e-03
8.843636e+00 7.314235e-02 -7.184971e-03
8.843636e+00 1.025928e-01 -1.095028e-02
8.843636e+00 1.448116e-01 -1.802604e-02
8.843636e+00 2.023460e-01 -2.456418e-02
8.843636e+00 2.834245e-01 -3.095539e-02
8.843636e+00 3.967448e-01 -3.480814e-02
8.843636e+00 5.552783e-01 -3.59147e-02
8.843636e+00 7.774819e-01 -3.412995e-02
8.843636e+00 1.088445e+00 -3.059685e-02
8.843636e+00 1.523711e+00 -2.840946e-02
8.843636e+00 2.088426e+00 -2.952975e-02
8.843636e+00 2.685505e+00 -3.0002e-02
9.040509e+00 1.570796e-02 -2.724652e-04
9.040509e+00 2.346256e-02 -7.773278e-04
9.040509e+00 3.503514e-02 -1.516629e-03
9.040509e+00 5.263151e-02 -3.177985e-03
9.040509e+00 7.314235e-02 -6.378549e-03
9.040509e+00 1.025928e-01 -9.718138e-03
9.040509e+00 1.448116e-01 -1.613309e-02
9.040509e+00 2.023460e-01 -2.238601e-02
9.040509e+00 2.834245e-01 -2.876946e-02
9.040509e+00 3.967448e-01 -3.303441e-02
9.040509e+00 5.552783e-01 -3.46899e-02
9.040509e+00 7.774819e-01 -3.340250e-02
9.040509e+00 1.088445e+00 -3.02134e-02
9.040509e+00 1.523711e+00 -2.825165e-02
9.040509e+00 2.088426e+00 -2.937600e-02
9.040509e+00 2.685505e+00 -2.960046e-02
9.241319e+00 1.570796e-02 -2.407327e-04
9.241319e+00 2.346256e-02 -6.937105e-04
9.241319e+00 3.503514e-02 -1.352587e-03
9.241319e+00 5.263151e-02 -2.819206e-03
9.241319e+00 7.314235e-02 -5.652567e-03
9.241319e+00 1.025928e-01 -8.629737e-03
9.241319e+00 1.448116e-01 -1.437494e-02
9.241319e+00 2.023460e-01 -2.021625e-02
9.241319e+00 2.834245e-01 -2.645778e-02
9.241319e+00 3.967448e-01 -3.097179e-02
9.241319e+00 5.552783e-01 -3.312183e-02
9.241319e+00 7.774819e-01 -3.233068e-02
9.241319e+00 1.088445e+00 -2.957331e-02
9.241319e+00 1.523711e+00 -2.790663e-02
9.241319e+00 2.088426e+00 -2.902310e-02
9.241319e+00 2.685505e+00 -2.911981e-02
9.446145e+00 1.570796e-02 -2.124686e-04
9.446145e+00 2.346256e-02 -6.145269e-04
9.446145e+00 3.503514e-02 -1.201515e-03
9.446145e+00 5.263151e-02 -2.496017e-03
9.446145e+00 7.314235e-02 -5.009153e-03
9.446145e+00 1.025928e-01 -7.649950e-03
9.446145e+00 1.448116e-01 -1.277120e-02
9.446145e+00 2.023460e-01 -1.812549e-02
9.446145e+00 2.834245e-01 -2.409518e-02
9.446145e+00 3.967448e-01 -2.873065e-02
9.446145e+00 5.552783e-01 -3.125284e-02
9.446145e+00 7.774819e-01 -3.093981e-02
9.446145e+00 1.088445e+00 -2.871428e-02
9.446145e+00 1.523711e+00 -2.735126e-02
9.446145e+00 2.088426e+00 -2.851098e-02
9.446145e+00 2.685505e+00 -2.854585e-02
9.655068e+00 1.570796e-02 -1.874922e-04
9.655068e+00 2.346256e-02 -5.451108e-04
9.655068e+00 3.503514e-02 -1.068686e-03
9.655068e+00 5.263151e-02 -2.200520e-03
9.655068e+00 7.314235e-02 -4.425396e-03
9.655068e+00 1.025928e-01 -6.774046e-03
9.655068e+00 1.448116e-01 -1.131328e-02
9.655068e+00 2.023460e-01 -1.614744e-02
9.655068e+00 2.834245e-01 -2.175696e-02
9.655068e+00 3.967448e-01 -2.638689e-02
9.655068e+00 5.552783e-01 -2.921855e-02
9.655068e+00 7.774819e-01 -2.938848e-02
9.655068e+00 1.088445e+00 -2.765197e-02
9.655068e+00 1.523711e+00 -2.661803e-02
9.655068e+00 2.088426e+00 -2.784004e-02
9.655068e+00 2.685505e+00 -2.766303e-02
9.86817e+00 1.570796e-02 -1.653443e-04
9.86817e+00 2.346256e-02 -4.803477e-04
9.86817e+00 3.503514e-02 -9.475216e-04
9.86817e+00 5.263151e-02 -1.939535e-03
9.86817e+00 7.314235e-02 -3.890179e-03
9.86817e+00 1.025928e-01 -5.979774e-03
9.86817e+00 1.448116e-01 -9.986053e-03
9.86817e+00 2.023460e-01 -1.431438e-02
9.86817e+00 2.834245e-01 -1.950603e-02
9.86817e+00 3.967448e-01 -2.404061e-02
9.86817e+00 5.552783e-01 -2.706922e-02
9.86817e+00 7.774819e-01 -2.765677e-02
9.86817e+00 1.088445e+00 -2.639538e-02
9.86817e+00 1.523711e+00 -2.570947e-02
9.86817e+00 2.088426e+00 -2.698395e-02
9.86817e+00 2.685505e+00 -2.674190e-02
1.008553e+01 1.570796e-02 -1.463490e-04
1.008553e+01 2.346256e-02 -4.207414e-04
1.008553e+01 3.503514e-02 -8.366156e-04
1.008553e+01 5.263151e-02 -1.699422e-03
1.008553e+01 7.314235e-02 -3.413280e-03
1.008553e+01 1.025928e-01 -5.250195e-03
1.008553e+01 1.448116e-01 -8.766285e-03
1.008553e+01 2.023460e-01 -1.260866e-02
1.008553e+01 2.834245e-01 -1.737652e-02
1.008553e+01 3.967448e-01 -2.170798e-02
1.008553e+01 5.552783e-01 -2.485633e-02
1.008553e+01 7.774819e-01 -2.578400e-02
1.008553e+01 1.088445e+00 -2.499667e-02
1.008553e+01 1.523711e+00 -2.464559e-02
1.008553e+01 2.088426e+00 -2.599215e-02
1.008553e+01 2.685505e+00 -2.559393e-02
1.030724e+01 1.570796e-02 -1.281899e-04
1.030724e+01 2.346256e-02 -3.668346e-04
1.030724e+01 3.503514e-02 -7.346341e-04
1.030724e+01 5.263151e-02 -1.484116e-03
1.030724e+01 7.314235e-02 -2.986626e-03
1.030724e+01 1.025928e-01 -4.597273e-03
1.030724e+01 1.448116e-01 -7.669575e-03
1.030724e+01 2.023460e-01 -1.105416e-02
1.030724e+01 2.834245e-01 -1.537905e-02
1.030724e+01 3.967448e-01 -1.946939e-02
1.030724e+01 5.552783e-01 -2.262754e-02
1.030724e+01 7.774819e-01 -2.385905e-02
1.030724e+01 1.088445e+00 -2.350886e-02
1.030724e+01 1.523711e+00 -2.348453e-02
1.030724e+01 2.088426e+00 -2.48515e-02
1.030724e+01 2.685505e+00 -2.441188e-02
1.053339e+01 1.570796e-02 -1.134619e-04
1.053339e+01 2.346256e-02 -3.159576e-04
1.053339e+01 3.503514e-02 -6.396934e-04
1.053339e+01 5.263151e-02 -1.296068e-03
1.053339e+01 7.314235e-02 -2.608091e-03
1.053339e+01 1.025928e-01 -4.006900e-03
1.053339e+01 1.448116e-01 -6.685788e-03
1.053339e+01 2.023460e-01 -9.660145e-03
1.053339e+01 2.834245e-01 -1.354033e-02
1.053339e+01 3.967448e-01 -1.734238e-02
1.053339e+01 5.552783e-01 -2.045893e-02
1.053339e+01 7.774819e-01 -2.191058e-02
1.053339e+01 1.088445e+00 -2.194768e-02
1.053339e+01 1.523711e+00 -2.224263e-02
1.053339e+01 2.088426e+00 -2.366762e-02
1.053339e+01 2.685505e+00 -2.315477e-02
1.076406e+01 1.570796e-02 -9.925941e-05
1.076406e+01 2.346256e-02 -2.72499e-04
1.076406e+01 3.503514e-02 -5.546091e-04
1.076406e+01 5.263151e-02 -1.126640e-03
1.076406e+01 7.314235e-02 -2.266177e-03
1.076406e+01 1.025928e-01 -3.47907e-03
1.076406e+01 1.448116e-01 -5.801985e-03
1.076406e+01 2.023460e-01 -8.410258e-03
1.076406e+01 2.834245e-01 -1.184584e-02
1.076406e+01 3.967448e-01 -1.535655e-02
1.076406e+01 5.552783e-01 -1.836600e-02
1.076406e+01 7.774819e-01 -1.998595e-02
1.076406e+01 1.088445e+00 -2.032994e-02
1.076406e+01 1.523711e+00 -2.091782e-02
1.076406e+01 2.088426e+00 -2.243338e-02
1.076406e+01 2.685505e+00 -2.183843e-02
1.099934e+01 1.570796e-02 -8.628572e-05
1.099934e+01 2.346256e-02 -2.338402e-04
1.099934e+01 3.503514e-02 -4.803654e-04
1.099934e+01 5.263151e-02 -9.735906e-04
1.099934e+01 7.314235e-02 -1.959856e-03
1.099934e+01 1.025928e-01 -3.007594e-03
1.099934e+01 1.448116e-01 -5.004862e-03
1.099934e+01 2.023460e-01 -7.297864e-03
1.099934e+01 2.834245e-01 -1.031706e-02
1.099934e+01 3.967448e-01 -1.350068e-02
1.099934e+01 5.552783e-01 -1.634453e-02
1.099934e+01 7.774819e-01 -1.807056e-02
1.099934e+01 1.088445e+00 -1.867707e-02
1.099934e+01 1.523711e+00 -1.946987e-02
1.099934e+01 2.088426e+00 -2.10558e-02
1.099934e+01 2.685505e+00 -2.044433e-02
1.123932e+01 1.570796e-02 -7.462357e-05
1.123932e+01 2.346256e-02 -2.008418e-04
1.123932e+01 3.503514e-02 -4.157285e-04
1.123932e+01 5.263151e-02 -8.432328e-04
1.123932e+01 7.314235e-02 -1.686725e-03
1.123932e+01 1.025928e-01 -2.592468e-03
1.123932e+01 1.448116e-01 -4.313525e-03
1.123932e+01 2.023460e-01 -6.297399e-03
1.123932e+01 2.834245e-01 -8.943962e-03
1.123932e+01 3.967448e-01 -1.178177e-02
1.123932e+01 5.552783e-01 -1.442659e-02
1.123932e+01 7.774819e-01 -1.619394e-02
1.123932e+01 1.088445e+00 -1.701112e-02
1.123932e+01 1.523711e+00 -1.79992e-02
1.123932e+01 2.088426e+00 -1.958818e-02
1.123932e+01 2.685505e+00 -1.892633e-02
1.148411e+01 1.570796e-02 -6.399053e-05
1.148411e+01 2.346256e-02 -1.707310e-04
1.148411e+01 3.503514e-02 -3.574822e-04
1.148411e+01 5.263151e-02 -7.231495e-04
1.148411e+01 7.314235e-02 -1.443849e-03
1.148411e+01 1.025928e-01 -2.228079e-03
1.148411e+01 1.448116e-01 -3.695534e-03
1.148411e+01 2.023460e-01 -5.417368e-03
1.148411e+01 2.834245e-01 -7.711729e-03
1.148411e+01 3.967448e-01 -1.022133e-02
1.148411e+01 5.552783e-01 -1.265385e-02
1.148411e+01 7.774819e-01 -1.441901e-02
1.148411e+01 1.088445e+00 -1.540072e-02
1.148411e+01 1.523711e+00 -1.654321e-02
1.148411e+01 2.088426e+00 -1.812545e-02
1.148411e+01 2.685505e+00 -1.739359e-02
1.173379e+01 1.570796e-02 -5.505799e-05
1.173379e+01 2.346256e-02 -1.447512e-04
1.173379e+01 3.503514e-02 -3.056926e-04
1.173379e+01 5.263151e-02 -6.186788e-04
1.173379e+01 7.314235e-02 -1.234889e-03
1.173379e+01 1.025928e-01 -1.908652e-03
1.173379e+01 1.448116e-01 -3.157197e-03
1.173379e+01 2.023460e-01 -4.646896e-03
1.173379e+01 2.834245e-01 -6.616372e-03
1.173379e+01 3.967448e-01 -8.827769e-03
1.173379e+01 5.552783e-01 -1.102386e-02
1.173379e+01 7.774819e-01 -1.272836e-02
1.173379e+01 1.088445e+00 -1.382754e-02
1.173379e+01 1.523711e+00 -1.508924e-02
1.173379e+01 2.088426e+00 -1.666278e-02
1.173379e+01 2.685505e+00 -1.600673e-02
1.198847e+01 1.570796e-02 -4.702694e-05
1.198847e+01 2.346256e-02 -1.21275e-04
1.198847e+01 3.503514e-02 -2.598664e-04
1.198847e+01 5.263151e-02 -5.252663e-04
1.198847e+01 7.314235e-02 -1.047143e-03
1.198847e+01 1.025928e-01 -1.626131e-03
1.198847e+01 1.448116e-01 -2.687968e-03
1.198847e+01 2.023460e-01 -3.959811e-03
1.198847e+01 2.834245e-01 -5.649075e-03
1.198847e+01 3.967448e-01 -7.574984e-03
1.198847e+01 5.552783e-01 -9.530261e-03
1.198847e+01 7.774819e-01 -1.117298e-02
1.198847e+01 1.088445e+00 -1.233967e-02
1.198847e+01 1.523711e+00 -1.370186e-02
1.198847e+01 2.088426e+00 -1.524652e-02
1.198847e+01 2.685505e+00 -1.464418e-02
1.224824e+01 1.570796e-02 -3.977942e-05
1.224824e+01 2.346256e-02 -1.000131e-04
1.224824e+01 3.503514e-02 -2.189359e-04
1.224824e+01 5.263151e-02 -4.445501e-04
1.224824e+01 7.314235e-02 -8.873235e-04
1.224824e+01 1.025928e-01 -1.381205e-03
1.224824e+01 1.448116e-01 -2.271798e-03
1.224824e+01 2.023460e-01 -3.356638e-03
1.224824e+01 2.834245e-01 -4.7985e-03
1.224824e+01 3.967448e-01 -6.453208e-03
1.224824e+01 5.552783e-01 -8.191056e-03
1.224824e+01 7.774819e-01 -9.740138e-03
1.224824e+01 1.088445e+00 -1.094119e-02
1.224824e+01 1.523711e+00 -1.23204e-02
1.224824e+01 2.088426e+00 -1.385890e-02
1.224824e+01 2.685505e+00 -1.332652e-02
1.251320e+01 1.570796e-02 -3.355078e-05
1.251320e+01 2.346256e-02 -8.357865e-05
1.251320e+01 3.503514e-02 -1.849595e-04
1.251320e+01 5.263151e-02 -3.745974e-04
1.251320e+01 7.314235e-02 -7.490493e-04
1.251320e+01 1.025928e-01 -1.162451e-03
1.251320e+01 1.448116e-01 -1.914174e-03
1.251320e+01 2.023460e-01 -2.830070e-03
1.251320e+01 2.834245e-01 -4.056075e-03
1.251320e+01 3.967448e-01 -5.463855e-03
1.251320e+01 5.552783e-01 -6.983903e-03
1.251320e+01 7.774819e-01 -8.441013e-03
1.251320e+01 1.088445e+00 -9.635021e-03
1.251320e+01 1.523711e+00 -1.100804e-02
1.251320e+01 2.088426e+00 -1.250822e-02
1.251320e+01 2.685505e+00 -1.208888e-02
1.278347e+01 1.570796e-02 -2.82927e-05
1.278347e+01 2.346256e-02 -6.999364e-05
1.278347e+01 3.503514e-02 -1.545793e-04
1.278347e+01 5.263151e-02 -3.134733e-04
1.278347e+01 7.314235e-02 -6.259724e-04
1.278347e+01 1.025928e-01 -9.74638e-04
1.278347e+01 1.448116e-01 -1.60011e-03
1.278347e+01 2.023460e-01 -2.372773e-03
1.278347e+01 2.834245e-01 -3.405794e-03
1.278347e+01 3.967448e-01 -4.597525e-03
1.278347e+01 5.552783e-01 -5.920210e-03
1.278347e+01 7.774819e-01 -7.256472e-03
1.278347e+01 1.088445e+00 -8.419669e-03
1.278347e+01 1.523711e+00 -9.781373e-03
1.278347e+01 2.088426e+00 -1.121687e-02
1.278347e+01 2.685505e+00 -1.092687e-02
1.305914e+01 1.570796e-02 -2.378636e-05
1.305914e+01 2.346256e-02 -5.777396e-05
1.305914e+01 3.503514e-02 -1.286956e-04
1.305914e+01 5.263151e-02 -2.603136e-04
1.305914e+01 7.314235e-02 -5.209111e-04
1.305914e+01 1.025928e-01 -8.09701e-04
1.305914e+01 1.448116e-01 -1.333111e-03
1.305914e+01 2.023460e-01 -1.982451e-03
1.305914e+01 2.834245e-01 -2.846189e-03
1.305914e+01 3.967448e-01 -3.854435e-03
1.305914e+01 5.552783e-01 -4.996898e-03
1.305914e+01 7.774819e-01 -6.200157e-03
1.305914e+01 1.088445e+00 -7.319024e-03
1.305914e+01 1.523711e+00 -8.628591e-03
1.305914e+01 2.088426e+00 -1.001326e-02
1.305914e+01 2.685505e+00 -9.802094e-03
1.334032e+01 1.570796e-02 -1.970603e-05
1.334032e+01 2.346256e-02 -4.758127e-05
1.334032e+01 3.503514e-02 -1.065565e-04
1.334032e+01 5.263151e-02 -2.1572e-04
1.334032e+01 7.314235e-02 -4.308302e-04
1.334032e+01 1.025928e-01 -6.698393e-04
1.334032e+01 1.448116e-01 -1.105592e-03
1.334032e+01 2.023460e-01 -1.644118e-03
1.334032e+01 2.834245e-01 -2.361733e-03
1.334032e+01 3.967448e-01 -3.207982e-03
1.334032e+01 5.552783e-01 -4.187137e-03
1.334032e+01 7.774819e-01 -5.268953e-03
1.334032e+01 1.088445e+00 -6.330200e-03
1.334032e+01 1.523711e+00 -7.577496e-03
1.334032e+01 2.088426e+00 -8.895689e-03
1.334032e+01 2.685505e+00 -8.740776e-03
1.362713e+01 1.570796e-02 -1.618241e-05
1.362713e+01 2.346256e-02 -3.886665e-05
1.362713e+01 3.503514e-02 -8.754807e-05
1.362713e+01 5.263151e-02 -1.790022e-04
1.362713e+01 7.314235e-02 -3.546924e-04
1.362713e+01 1.025928e-01 -5.515517e-04
1.362713e+01 1.448116e-01 -9.092470e-04
1.362713e+01 2.023460e-01 -1.357906e-03
1.362713e+01 2.834245e-01 -1.946800e-03
1.362713e+01 3.967448e-01 -2.657329e-03
1.362713e+01 5.552783e-01 -3.494589e-03
1.362713e+01 7.774819e-01 -4.452579e-03
1.362713e+01 1.088445e+00 -5.432421e-03
1.362713e+01 1.523711e+00 -6.632128e-03
1.362713e+01 2.088426e+00 -7.841860e-03
1.362713e+01 2.685505e+00 -7.763902e-03
1.391967e+01 1.570796e-02 -1.349904e-05
1.391967e+01 2.346256e-02 -3.207934e-05
1.391967e+01 3.503514e-02 -7.246685e-05
1.391967e+01 5.263151e-02 -1.481079e-04
1.391967e+01 7.314235e-02 -2.909427e-04
1.391967e+01 1.025928e-01 -4.510064e-04
1.391967e+01 1.448116e-01 -7.459577e-04
1.391967e+01 2.023460e-01 -1.115116e-03
1.391967e+01 2.834245e-01 -1.602816e-03
1.391967e+01 3.967448e-01 -2.189242e-03
1.391967e+01 5.552783e-01 -2.903605e-03
1.391967e+01 7.774819e-01 -3.736142e-03
1.391967e+01 1.088445e+00 -4.624684e-03
1.391967e+01 1.523711e+00 -5.750048e-03
1.391967e+01 2.088426e+00 -6.872261e-03
1.391967e+01 2.685505e+00 -6.839386e-03
1.421806e+01 1.570796e-02 -1.119203e-05
1.421806e+01 2.346256e-02 -2.584767e-05
1.421806e+01 3.503514e-02 -5.882219e-05
1.421806e+01 5.263151e-02 -1.201431e-04
1.421806e+01 7.314235e-02 -2.370684e-04
1.421806e+01 1.025928e-01 -3.688894e-04
1.421806e+01 1.448116e-01 -6.092232e-04
1.421806e+01 2.023460e-01 -9.129014e-04
1.421806e+01 2.834245e-01 -1.308689e-03
1.421806e+01 3.967448e-01 -1.798862e-03
1.421806e+01 5.552783e-01 -2.396651e-03
1.421806e+01 7.774819e-01 -3.116769e-03
1.421806e+01 1.088445e+00 -3.933703e-03
1.421806e+01 1.523711e+00 -4.962882e-03
1.421806e+01 2.088426e+00 -6.004028e-03
1.421806e+01 2.685505e+00 -6.039848e-03
1.452242e+01 1.570796e-02 -8.927852e-06
1.452242e+01 2.346256e-02 -2.059723e-05
1.452242e+01 3.503514e-02 -4.752448e-05
1.452242e+01 5.263151e-02 -9.756601e-05
1.452242e+01 7.314235e-02 -1.91227e-04
1.452242e+01 1.025928e-01 -2.976646e-04
1.452242e+01 1.448116e-01 -4.94005e-04
1.452242e+01 2.023460e-01 -7.419708e-04
1.452242e+01 2.834245e-01 -1.063661e-03
1.452242e+01 3.967448e-01 -1.464705e-03
1.452242e+01 5.552783e-01 -1.966447e-03
1.452242e+01 7.774819e-01 -2.581731e-03
1.452242e+01 1.088445e+00 -3.320631e-03
1.452242e+01 1.523711e+00 -4.244732e-03
1.452242e+01 2.088426e+00 -5.214359e-03
1.452242e+01 2.685505e+00 -5.312490e-03
1.483287e+01 1.570796e-02 -7.368297e-06
1.483287e+01 2.346256e-02 -1.650810e-05
1.483287e+01 3.503514e-02 -3.833288e-05
1.483287e+01 5.263151e-02 -7.851819e-05
1.483287e+01 7.314235e-02 -1.546085e-04
1.483287e+01 1.025928e-01 -2.419742e-04
1.483287e+01 1.448116e-01 -3.995654e-04
1.483287e+01 2.023460e-01 -6.012550e-04
1.483287e+01 2.834245e-01 -8.600517e-04
1.483287e+01 3.967448e-01 -1.190436e-03
1.483287e+01 5.552783e-01 -1.607262e-03
1.483287e+01 7.774819e-01 -2.132946e-03
1.483287e+01 1.088445e+00 -2.781855e-03
1.483287e+01 1.523711e+00 -3.615604e-03
1.483287e+01 2.088426e+00 -4.479888e-03
1.483287e+01 2.685505e+00 -4.601864e-03
1.514953e+01 1.570796e-02 -5.993583e-06
1.514953e+01 2.346256e-02 -1.297439e-05
1.514953e+01 3.503514e-02 -3.057825e-05
1.514953e+01 5.263151e-02 -6.249276e-05
1.514953e+01 7.314235e-02 -1.239402e-04
1.514953e+01 1.025928e-01 -1.935045e-04
1.514953e+01 1.448116e-01 -3.215149e-04
1.514953e+01 2.023460e-01 -4.834441e-04
1.514953e+01 2.834245e-01 -6.903300e-04
1.514953e+01 3.967448e-01 -9.583266e-04
1.514953e+01 5.552783e-01 -1.302513e-03
1.514953e+01 7.774819e-01 -1.743926e-03
1.514953e+01 1.088445e+00 -2.311694e-03
1.514953e+01 1.523711e+00 -3.049418e-03
1.514953e+01 2.088426e+00 -3.820775e-03
1.514953e+01 2.685505e+00 -3.963748e-03
1.547252e+01 1.570796e-02 -4.844745e-06
1.547252e+01 2.346256e-02 -1.065071e-05
1.547252e+01 3.503514e-02 -2.478950e-05
1.547252e+01 5.263151e-02 -4.936760e-05
1.547252e+01 7.314235e-02 -9.980201e-05
1.547252e+01 1.025928e-01 -1.546918e-04
1.547252e+01 1.448116e-01 -2.576044e-04
1.547252e+01 2.023460e-01 -3.861579e-04
1.547252e+01 2.834245e-01 -5.519577e-04
1.547252e+01 3.967448e-01 -7.690181e-04
1.547252e+01 5.552783e-01 -1.050919e-03
1.547252e+01 7.774819e-01 -1.418775e-03
1.547252e+01 1.088445e+00 -1.907364e-03
1.547252e+01 1.523711e+00 -2.560268e-03
1.547252e+01 2.088426e+00 -3.242728e-03
1.547252e+01 2.685505e+00 -3.361023e-03
1.580197e+01 1.570796e-02 -3.916963e-06
1.580197e+01 2.346256e-02 -8.215834e-06
1.580197e+01 3.503514e-02 -2.001395e-05
1.580197e+01 5.263151e-02 -3.84257e-05
1.580197e+01 7.314235e-02 -7.909157e-05
1.580197e+01 1.025928e-01 -1.225142e-04
1.580197e+01 1.448116e-01 -2.023781e-04
1.580197e+01 2.023460e-01 -3.071514e-04
1.580197e+01 2.834245e-01 -4.386285e-04
1.580197e+01 3.967448e-01 -6.124303e-04
1.580197e+01 5.552783e-01 -8.423311e-04
1.580197e+01 7.774819e-01 -1.146311e-03
1.580197e+01 1.088445e+00 -1.565153e-03
1.580197e+01 1.523711e+00 -2.129017e-03
1.580197e+01 2.088426e+00 -2.726357e-03
1.580197e+01 2.685505e+00 -2.830753e-03
1.613801e+01 1.570796e-02 -3.11113e-06
1.613801e+01 2.346256e-02 -6.504483e-06
1.613801e+01 3.503514e-02 -1.595173e-05
1.613801e+01 5.263151e-02 -3.036983e-05
1.613801e+01 7.314235e-02 -6.197194e-05
1.613801e+01 1.025928e-01 -9.623310e-05
1.613801e+01 1.448116e-01 -1.607809e-04
1.613801e+01 2.023460e-01 -2.426346e-04
1.613801e+01 2.834245e-01 -3.46834e-04
1.613801e+01 3.967448e-01 -4.855956e-04
1.613801e+01 5.552783e-01 -6.710756e-04
1.613801e+01 7.774819e-01 -9.230533e-04
1.613801e+01 1.088445e+00 -1.280988e-03
1.613801e+01 1.523711e+00 -1.767121e-03
1.613801e+01 2.088426e+00 -2.286155e-03
1.613801e+01 2.685505e+00 -2.38008e-03
1.648077e+01 1.570796e-02 -2.439948e-06
1.648077e+01 2.346256e-02 -5.098747e-06
1.648077e+01 3.503514e-02 -1.257925e-05
1.648077e+01 5.263151e-02 -2.403414e-05
1.648077e+01 7.314235e-02 -4.855264e-05
1.648077e+01 1.025928e-01 -7.524679e-05
1.648077e+01 1.448116e-01 -1.270499e-04
1.648077e+01 2.023460e-01 -1.909931e-04
1.648077e+01 2.834245e-01 -2.740274e-04
1.648077e+01 3.967448e-01 -3.839691e-04
1.648077e+01 5.552783e-01 -5.335108e-04
1.648077e+01 7.774819e-01 -7.404167e-04
1.648077e+01 1.088445e+00 -1.034931e-03
1.648077e+01 1.523711e+00 -1.443636e-03
1.648077e+01 2.088426e+00 -1.887552e-03
1.648077e+01 2.685505e+00 -1.973332e-03
1.683038e+01 1.570796e-02 -1.927407e-06
1.683038e+01 2.346256e-02 -3.812955e-06
1.683038e+01 3.503514e-02 -9.917532e-06
1.683038e+01 5.263151e-02 -1.864312e-05
1.683038e+01 7.314235e-02 -3.745631e-05
1.683038e+01 1.025928e-01 -5.817356e-05
1.683038e+01 1.448116e-01 -9.866833e-05
1.683038e+01 2.023460e-01 -1.480732e-04
1.683038e+01 2.834245e-01 -2.127401e-04
1.683038e+01 3.967448e-01 -2.992632e-04
1.683038e+01 5.552783e-01 -4.174402e-04
1.683038e+01 7.774819e-01 -5.845143e-04
1.683038e+01 1.088445e+00 -8.264194e-04
1.683038e+01 1.523711e+00 -1.169287e-03
1.683038e+01 2.088426e+00 -1.538422e-03
1.683038e+01 2.685505e+00 -1.627507e-03
1.718699e+01 1.570796e-02 -1.547931e-06
1.718699e+01 2.346256e-02 -2.897275e-06
1.718699e+01 3.503514e-02 -7.590657e-06
1.718699e+01 5.263151e-02 -1.425734e-05
1.718699e+01 7.314235e-02 -2.848829e-05
1.718699e+01 1.025928e-01 -4.422390e-05
1.718699e+01 1.448116e-01 -7.537925e-05
1.718699e+01 2.023460e-01 -1.139642e-04
1.718699e+01 2.834245e-01 -1.633912e-04
1.718699e+01 3.967448e-01 -2.312487e-04
1.718699e+01 5.552783e-01 -3.236098e-04
1.718699e+01 7.774819e-01 -4.581892e-04
1.718699e+01 1.088445e+00 -6.53561e-04
1.718699e+01 1.523711e+00 -9.340308e-04
1.718699e+01 2.088426e+00 -1.240818e-03
1.718699e+01 2.685505e+00 -1.30823e-03
1.755073e+01 1.570796e-02 -1.240102e-06
1.755073e+01 2.346256e-02 -2.170522e-06
1.755073e+01 3.503514e-02 -5.903820e-06
1.755073e+01 5.263151e-02 -1.110598e-05
1.755073e+01 7.314235e-02 -2.181508e-05
1.755073e+01 1.025928e-01 -3.394678e-05
1.755073e+01 1.448116e-01 -5.753804e-05
1.755073e+01 2.023460e-01 -8.702236e-05
1.755073e+01 2.834245e-01 -1.25825e-04
1.755073e+01 3.967448e-01 -1.784680e-04
1.755073e+01 5.552783e-01 -2.511049e-04
1.755073e+01 7.774819e-01 -3.61374e-04
1.755073e+01 1.088445e+00 -5.158179e-04
1.755073e+01 1.523711e+00 -7.429151e-04
1.755073e+01 2.088426e+00 -9.905141e-04
1.755073e+01 2.685505e+00 -1.053938e-03
1.792175e+01 1.570796e-02 -9.495987e-07
1.792175e+01 2.346256e-02 -1.546520e-06
1.792175e+01 3.503514e-02 -4.511416e-06
1.792175e+01 5.263151e-02 -8.572963e-06
1.792175e+01 7.314235e-02 -1.654936e-05
1.792175e+01 1.025928e-01 -2.550961e-05
1.792175e+01 1.448116e-01 -4.334099e-05
1.792175e+01 2.023460e-01 -6.615184e-05
1.792175e+01 2.834245e-01 -9.544701e-05
1.792175e+01 3.967448e-01 -1.346433e-04
1.792175e+01 5.552783e-01 -1.921998e-04
1.792175e+01 7.774819e-01 -2.790197e-04
1.792175e+01 1.088445e+00 -4.007140e-04
1.792175e+01 1.523711e+00 -5.823645e-04
1.792175e+01 2.088426e+00 -7.796678e-04
1.792175e+01 2.685505e+00 -8.239545e-04
1.830018e+01 1.570796e-02 -7.192299e-07
1.830018e+01 2.346256e-02 -1.11192e-06
1.830018e+01 3.503514e-02 -3.329636e-06
1.830018e+01 5.263151e-02 -6.379103e-06
1.830018e+01 7.314235e-02 -1.229992e-05
1.830018e+01 1.025928e-01 -1.902018e-05
1.830018e+01 1.448116e-01 -3.206578e-05
1.830018e+01 2.023460e-01 -4.881996e-05
1.830018e+01 2.834245e-01 -7.028717e-05
1.830018e+01 3.967448e-01 -9.977818e-05
1.830018e+01 5.552783e-01 -1.435183e-04
1.830018e+01 7.774819e-01 -2.117629e-04
1.830018e+01 1.088445e+00 -3.044111e-04
1.830018e+01 1.523711e+00 -4.446003e-04
1.830018e+01 2.088426e+00 -5.97367e-04
1.830018e+01 2.685505e+00 -6.319754e-04
1.868618e+01 1.570796e-02 -5.335992e-07
1.868618e+01 2.346256e-02 -7.950439e-07
1.868618e+01 3.503514e-02 -2.348288e-06
1.868618e+01 5.263151e-02 -4.697230e-06
1.868618e+01 7.314235e-02 -8.978644e-06
1.868618e+01 1.025928e-01 -1.376e-05
1.868618e+01 1.448116e-01 -2.342486e-05
1.868618e+01 2.023460e-01 -3.565685e-05
1.868618e+01 2.834245e-01 -5.116839e-05
1.868618e+01 3.967448e-01 -7.359333e-05
1.868618e+01 5.552783e-01 -1.0565e-04
1.868618e+01 7.774819e-01 -1.570646e-04
1.868618e+01 1.088445e+00 -2.275153e-04
1.868618e+01 1.523711e+00 -3.325872e-04
1.868618e+01 2.088426e+00 -4.489991e-04
1.868618e+01 2.685505e+00 -4.741841e-04
1.907991e+01 1.570796e-02 -3.989817e-07
1.907991e+01 2.346256e-02 -5.607631e-07
1.907991e+01 3.503514e-02 -1.647509e-06
1.907991e+01 5.263151e-02 -3.451575e-06
1.907991e+01 7.314235e-02 -6.394833e-06
1.907991e+01 1.025928e-01 -9.684803e-06
1.907991e+01 1.448116e-01 -1.697355e-05
1.907991e+01 2.023460e-01 -2.603383e-05
1.907991e+01 2.834245e-01 -3.677466e-05
1.907991e+01 3.967448e-01 -5.323547e-05
1.907991e+01 5.552783e-01 -7.702758e-05
1.907991e+01 7.774819e-01 -1.159674e-04
1.907991e+01 1.088445e+00 -1.674364e-04
1.907991e+01 1.523711e+00 -2.456883e-04
1.907991e+01 2.088426e+00 -3.325726e-04
1.907991e+01 2.685505e+00 -3.500278e-04
1.948151e+01 1.570796e-02 -2.809014e-07
1.948151e+01 2.346256e-02 -3.966328e-07
1.948151e+01 3.503514e-02 -1.140543e-06
1.948151e+01 5.263151e-02 -2.411072e-06
1.948151e+01 7.314235e-02 -4.519345e-06
1.948151e+01 1.025928e-01 -6.749135e-06
1.948151e+01 1.448116e-01 -1.201621e-05
1.948151e+01 2.023460e-01 -1.838974e-05
1.948151e+01 2.834245e-01 -2.597493e-05
1.948151e+01 3.967448e-01 -3.783893e-05
1.948151e+01 5.552783e-01 -5.54886e-05
1.948151e+01 7.774819e-01 -8.338038e-05
1.948151e+01 1.088445e+00 -1.204547e-04
1.948151e+01 1.523711e+00 -1.760433e-04
1.948151e+01 2.088426e+00 -2.401277e-04
1.948151e+01 2.685505e+00 -2.561784e-04
1.989114e+01 1.570796e-02 -2.122894e-07
1.989114e+01 2.346256e-02 -2.577821e-07
1.989114e+01 3.503514e-02 -8.216599e-07
1.989114e+01 5.263151e-02 -1.620432e-06
1.989114e+01 7.314235e-02 -3.040909e-06
1.989114e+01 1.025928e-01 -4.634188e-06
1.989114e+01 1.448116e-01 -8.270329e-06
1.989114e+01 2.023460e-01 -1.286632e-05
1.989114e+01 2.834245e-01 -1.809597e-05
1.989114e+01 3.967448e-01 -2.63796e-05
1.989114e+01 5.552783e-01 -3.893883e-05
1.989114e+01 7.774819e-01 -5.91892e-05
1.989114e+01 1.088445e+00 -8.520051e-05
1.989114e+01 1.523711e+00 -1.247226e-04
1.989114e+01 2.088426e+00 -1.720852e-04
1.989114e+01 2.685505e+00 -1.840586e-04
2.030896e+01 1.570796e-02 -1.402428e-07
2.030896e+01 2.346256e-02 -1.830926e-07
2.030896e+01 3.503514e-02 -5.550441e-07
2.030896e+01 5.263151e-02 -1.08207e-06
2.030896e+01 7.314235e-02 -2.013085e-06
2.030896e+01 1.025928e-01 -3.079136e-06
2.030896e+01 1.448116e-01 -5.563244e-06
2.030896e+01 2.023460e-01 -8.748345e-06
2.030896e+01 2.834245e-01 -1.224829e-05
2.030896e+01 3.967448e-01 -1.800163e-05
2.030896e+01 5.552783e-01 -2.682314e-05
2.030896e+01 7.774819e-01 -4.075689e-05
2.030896e+01 1.088445e+00 -5.860965e-05
2.030896e+01 1.523711e+00 -8.669775e-05
2.030896e+01 2.088426e+00 -1.205022e-04
2.030896e+01 2.685505e+00 -1.292927e-04
2.073514e+01 1.570796e-02 -8.810237e-08
2.073514e+01 2.346256e-02 -9.853095e-08
2.073514e+01 3.503514e-02 -3.69378e-07
2.073514e+01 5.263151e-02 -6.860214e-07
2.073514e+01 7.314235e-02 -1.320204e-06
2.073514e+01 1.025928e-01 -2.042086e-06
2.073514e+01 1.448116e-01 -3.677387e-06
2.073514e+01 2.023460e-01 -5.659017e-06
2.073514e+01 2.834245e-01 -7.975403e-06
2.073514e+01 3.967448e-01 -1.200233e-05
2.073514e+01 5.552783e-01 -1.784281e-05
2.073514e+01 7.774819e-01 -2.737212e-05
2.073514e+01 1.088445e+00 -3.951219e-05
2.073514e+01 1.523711e+00 -5.833213e-05
2.073514e+01 2.088426e+00 -8.194266e-05
2.073514e+01 2.685505e+00 -8.892461e-05
2.116984e+01 1.570796e-02 -5.907264e-08
2.116984e+01 2.346256e-02 -5.606575e-08
2.116984e+01 3.503514e-02 -2.491306e-07
2.116984e+01 5.263151e-02 -4.267733e-07
2.116984e+01 7.314235e-02 -8.570292e-07
2.116984e+01 1.025928e-01 -1.363349e-06
2.116984e+01 1.448116e-01 -2.422126e-06
2.116984e+01 2.023460e-01 -3.728258e-06
2.116984e+01 2.834245e-01 -5.304246e-06
2.116984e+01 3.967448e-01 -7.963417e-06
2.116984e+01 5.552783e-01 -1.202623e-05
2.116984e+01 7.774819e-01 -1.842472e-05
2.116984e+01 1.088445e+00 -2.671563e-05
2.116984e+01 1.523711e+00 -3.916892e-05
2.116984e+01 2.088426e+00 -5.540550e-05
2.116984e+01 2.685505e+00 -6.090496e-05
2.161324e+01 1.570796e-02 -3.367591e-08
2.161324e+01 2.346256e-02 -4.261845e-08
2.161324e+01 3.503514e-02 -1.604921e-07
2.161324e+01 5.263151e-02 -2.762546e-07
2.161324e+01 7.314235e-02 -5.460068e-07
2.161324e+01 1.025928e-01 -8.502611e-07
2.161324e+01 1.448116e-01 -1.530202e-06
2.161324e+01 2.023460e-01 -2.357573e-06
2.161324e+01 2.834245e-01 -3.350476e-06
2.161324e+01 3.967448e-01 -5.087732e-06
2.161324e+01 5.552783e-01 -7.803463e-06
2.161324e+01 7.774819e-01 -1.196086e-05
2.161324e+01 1.088445e+00 -1.751420e-05
2.161324e+01 1.523711e+00 -2.588211e-05
2.161324e+01 2.088426e+00 -3.668643e-05
2.161324e+01 2.685505e+00 -4.030215e-05
2.206550e+01 1.570796e-02 -2.356322e-08
2.206550e+01 2.346256e-02 -2.160311e-08
2.206550e+01 3.503514e-02 -9.379131e-08
2.206550e+01 5.263151e-02 -1.739471e-07
2.206550e+01 7.314235e-02 -3.217789e-07
2.206550e+01 1.025928e-01 -5.206786e-07
2.206550e+01 1.448116e-01 -9.582023e-07
2.206550e+01 2.023460e-01 -1.516845e-06
2.206550e+01 2.834245e-01 -2.110850e-06
2.206550e+01 3.967448e-01 -3.207145e-06
2.206550e+01 5.552783e-01 -4.951367e-06
2.206550e+01 7.774819e-01 -7.739325e-06
2.206550e+01 1.088445e+00 -1.116683e-05
2.206550e+01 1.523711e+00 -1.677566e-05
2.206550e+01 2.088426e+00 -2.36923e-05
2.206550e+01 2.685505e+00 -2.464106e-05
2.252681e+01 1.570796e-02 -1.363134e-08
2.252681e+01 2.346256e-02 -1.548753e-08
2.252681e+01 3.503514e-02 -5.600401e-08
2.252681e+01 5.263151e-02 -1.050238e-07
2.252681e+01 7.314235e-02 -2.087070e-07
2.252681e+01 1.025928e-01 -3.119922e-07
2.252681e+01 1.448116e-01 -5.526701e-07
2.252681e+01 2.023460e-01 -9.161845e-07
2.252681e+01 2.834245e-01 -1.257305e-06
2.252681e+01 3.967448e-01 -1.942615e-06
2.252681e+01 5.552783e-01 -3.041557e-06
2.252681e+01 7.774819e-01 -4.671081e-06
2.252681e+01 1.088445e+00 -6.948916e-06
2.252681e+01 1.523711e+00 -1.068256e-05
2.252681e+01 2.088426e+00 -1.501827e-05
2.252681e+01 2.685505e+00 -1.588955e-05
2.299735e+01 1.570796e-02 4.467285e-10
2.299735e+01 2.346256e-02 1.135593e-09
2.299735e+01 3.503514e-02 2.300127e-09
2.299735e+01 5.263151e-02 4.712875e-09
2.299735e+01 7.314235e-02 9.853409e-09
2.299735e+01 1.025928e-01 1.469238e-08
2.299735e+01 1.448116e-01 2.494269e-08
2.299735e+01 2.023460e-01 3.647756e-08
2.299735e+01 2.834245e-01 5.3242e-08
2.299735e+01 3.967448e-01 7.549659e-08
2.299735e+01 5.552783e-01 1.057496e-07
2.299735e+01 7.774819e-01 1.384405e-07
2.299735e+01 1.088445e+00 1.563316e-07
2.299735e+01 1.523711e+00 1.407857e-07
2.299735e+01 2.088426e+00 9.888037e-08
2.299735e+01 2.685505e+00 5.103383e-08
2.34773e+01 1.570796e-02 4.195610e-10
2.34773e+01 2.346256e-02 1.064893e-09
2.34773e+01 3.503514e-02 2.159848e-09
2.34773e+01 5.263151e-02 4.420276e-09
2.34773e+01 7.314235e-02 9.250443e-09
2.34773e+01 1.025928e-01 1.378792e-08
2.34773e+01 1.448116e-01 2.343289e-08
2.34773e+01 2.023460e-01 3.436432e-08
2.34773e+01 2.834245e-01 5.041220e-08
2.34773e+01 3.967448e-01 7.197005e-08
2.34773e+01 5.552783e-01 1.01482e-07
2.34773e+01 7.774819e-01 1.336009e-07
2.34773e+01 1.088445e+00 1.51921e-07
2.34773e+01 1.523711e+00 1.383793e-07
2.34773e+01 2.088426e+00 9.864312e-08
2.34773e+01 2.685505e+00 5.124903e-08
2.396684e+01 1.570796e-02 3.926356e-10
2.396684e+01 2.346256e-02 9.95903e-10
2.396684e+01 3.503514e-02 2.022132e-09
2.396684e+01 5.263151e-02 4.134027e-09
2.396684e+01 7.314235e-02 8.657465e-09
2.396684e+01 1.025928e-01 1.290290e-08
2.396684e+01 1.448116e-01 2.195787e-08
2.396684e+01 2.023460e-01 3.229380e-08
2.396684e+01 2.834245e-01 4.762037e-08
2.396684e+01 3.967448e-01 6.845929e-08
2.396684e+01 5.552783e-01 9.718225e-08
2.396684e+01 7.774819e-01 1.285933e-07
2.396684e+01 1.088445e+00 1.47249e-07
2.396684e+01 1.523711e+00 1.360337e-07
2.396684e+01 2.088426e+00 9.869529e-08
2.396684e+01 2.685505e+00 5.145801e-08
2.446618e+01 1.570796e-02 3.662491e-10
2.446618e+01 2.346256e-02 9.287669e-10
2.446618e+01 3.503514e-02 1.887058e-09
2.446618e+01 5.263151e-02 3.85386e-09
2.446618e+01 7.314235e-02 8.079701e-09
2.446618e+01 1.025928e-01 1.203600e-08
2.446618e+01 1.448116e-01 2.051508e-08
2.446618e+01 2.023460e-01 3.026538e-08
2.446618e+01 2.834245e-01 4.488128e-08
2.446618e+01 3.967448e-01 6.496331e-08
2.446618e+01 5.552783e-01 9.277581e-08
2.446618e+01 7.774819e-01 1.234431e-07
2.446618e+01 1.088445e+00 1.423675e-07
2.446618e+01 1.523711e+00 1.334992e-07
2.446618e+01 2.088426e+00 9.867751e-08
2.446618e+01 2.685505e+00 5.162447e-08
2.497550e+01 1.570796e-02 3.404077e-10
2.497550e+01 2.346256e-02 8.633845e-10
2.497550e+01 3.503514e-02 1.754779e-09
2.497550e+01 5.263151e-02 3.580783e-09
2.497550e+01 7.314235e-02 7.513534e-09
2.497550e+01 1.025928e-01 1.118827e-08
2.497550e+01 1.448116e-01 1.910536e-08
2.497550e+01 2.023460e-01 2.828056e-08
2.497550e+01 2.834245e-01 4.217772e-08
2.497550e+01 3.967448e-01 6.146230e-08
2.497550e+01 5.552783e-01 8.830011e-08
2.497550e+01 7.774819e-01 1.180601e-07
2.497550e+01 1.088445e+00 1.373318e-07
2.497550e+01 1.523711e+00 1.308133e-07
2.497550e+01 2.088426e+00 9.878344e-08
2.497550e+01 2.685505e+00 5.219951e-08
2.549501e+01 1.570796e-02 3.153242e-10
2.549501e+01 2.346256e-02 8.005696e-10
2.549501e+01 3.503514e-02 1.62562e-09
2.549501e+01 5.263151e-02 3.315328e-09
2.549501e+01 7.314235e-02 6.961541e-09
2.549501e+01 1.025928e-01 1.036557e-08
2.549501e+01 1.448116e-01 1.772745e-08
2.549501e+01 2.023460e-01 2.634552e-08
2.549501e+01 2.834245e-01 3.952264e-08
2.549501e+01 3.967448e-01 5.796858e-08
2.549501e+01 5.552783e-01 8.373988e-08
2.549501e+01 7.774819e-01 1.125449e-07
2.549501e+01 1.088445e+00 1.319736e-07
2.549501e+01 1.523711e+00 1.279687e-07
2.549501e+01 2.088426e+00 9.876950e-08
2.549501e+01 2.685505e+00 5.293362e-08
2.602491e+01 1.570796e-02 2.907665e-10
2.602491e+01 2.346256e-02 7.388573e-10
2.602491e+01 3.503514e-02 1.499502e-09
2.602491e+01 5.263151e-02 3.056905e-09
2.602491e+01 7.314235e-02 6.424536e-09
2.602491e+01 1.025928e-01 9.566409e-09
2.602491e+01 1.448116e-01 1.638827e-08
2.602491e+01 2.023460e-01 2.445502e-08
2.602491e+01 2.834245e-01 3.69021e-08
2.602491e+01 3.967448e-01 5.445563e-08
2.602491e+01 5.552783e-01 7.906761e-08
2.602491e+01 7.774819e-01 1.068050e-07
2.602491e+01 1.088445e+00 1.2642e-07
2.602491e+01 1.523711e+00 1.248712e-07
2.602491e+01 2.088426e+00 9.882923e-08
2.602491e+01 2.685505e+00 5.416370e-08
2.656541e+01 1.570796e-02 2.669967e-10
2.656541e+01 2.346256e-02 6.788003e-10
2.656541e+01 3.503514e-02 1.376853e-09
2.656541e+01 5.263151e-02 2.805486e-09
2.656541e+01 7.314235e-02 5.902474e-09
2.656541e+01 1.025928e-01 8.788173e-09
2.656541e+01 1.448116e-01 1.508262e-08
2.656541e+01 2.023460e-01 2.260869e-08
2.656541e+01 2.834245e-01 3.431259e-08
2.656541e+01 3.967448e-01 5.092353e-08
2.656541e+01 5.552783e-01 7.429839e-08
2.656541e+01 7.774819e-01 1.008847e-07
2.656541e+01 1.088445e+00 1.205828e-07
2.656541e+01 1.523711e+00 1.215082e-07
2.656541e+01 2.088426e+00 9.87354e-08
2.656541e+01 2.685505e+00 5.571111e-08
2.711672e+01 1.570796e-02 2.438579e-10
2.711672e+01 2.346256e-02 6.20675e-10
2.711672e+01 3.503514e-02 1.257533e-09
2.711672e+01 5.263151e-02 2.561829e-09
2.711672e+01 7.314235e-02 5.393307e-09
2.711672e+01 1.025928e-01 8.033708e-09
2.711672e+01 1.448116e-01 1.380675e-08
2.711672e+01 2.023460e-01 2.079751e-08
2.711672e+01 2.834245e-01 3.174023e-08
2.711672e+01 3.967448e-01 4.735012e-08
2.711672e+01 5.552783e-01 6.941163e-08
2.711672e+01 7.774819e-01 9.476658e-08
2.711672e+01 1.088445e+00 1.144389e-07
2.711672e+01 1.523711e+00 1.177792e-07
2.711672e+01 2.088426e+00 9.85467e-08
2.711672e+01 2.685505e+00 5.78785e-08
2.767905e+01 1.570796e-02 2.212186e-10
2.767905e+01 2.346256e-02 5.639163e-10
2.767905e+01 3.503514e-02 1.140417e-09
2.767905e+01 5.263151e-02 2.324274e-09
2.767905e+01 7.314235e-02 4.896948e-09
2.767905e+01 1.025928e-01 7.298583e-09
2.767905e+01 1.448116e-01 1.256104e-08
2.767905e+01 2.023460e-01 1.901596e-08
2.767905e+01 2.834245e-01 2.91759e-08
2.767905e+01 3.967448e-01 4.374226e-08
2.767905e+01 5.552783e-01 6.442281e-08
2.767905e+01 7.774819e-01 8.848457e-08
2.767905e+01 1.088445e+00 1.080019e-07
2.767905e+01 1.523711e+00 1.136697e-07
2.767905e+01 2.088426e+00 9.818986e-08
2.767905e+01 2.685505e+00 6.033408e-08
2.825263e+01 1.570796e-02 1.992122e-10
2.825263e+01 2.346256e-02 5.084122e-10
2.825263e+01 3.503514e-02 1.026898e-09
2.825263e+01 5.263151e-02 2.093249e-09
2.825263e+01 7.314235e-02 4.413312e-09
2.825263e+01 1.025928e-01 6.581885e-09
2.825263e+01 1.448116e-01 1.134313e-08
2.825263e+01 2.023460e-01 1.72625e-08
2.825263e+01 2.834245e-01 2.662238e-08
2.825263e+01 3.967448e-01 4.009643e-08
2.825263e+01 5.552783e-01 5.932302e-08
2.825263e+01 7.774819e-01 8.192763e-08
2.825263e+01 1.088445e+00 1.011932e-07
2.825263e+01 1.523711e+00 1.089689e-07
2.825263e+01 2.088426e+00 9.747066e-08
2.825263e+01 2.685505e+00 6.311328e-08
2.883769e+01 1.570796e-02 1.777652e-10
2.883769e+01 2.346256e-02 4.546522e-10
2.883769e+01 3.503514e-02 9.15965e-10
2.883769e+01 5.263151e-02 1.868203e-09
2.883769e+01 7.314235e-02 3.942602e-09
2.883769e+01 1.025928e-01 5.883351e-09
2.883769e+01 1.448116e-01 1.015434e-08
2.883769e+01 2.023460e-01 1.552827e-08
2.883769e+01 2.834245e-01 2.407394e-08
2.883769e+01 3.967448e-01 3.641695e-08
2.883769e+01 5.552783e-01 5.40995e-08
2.883769e+01 7.774819e-01 7.516860e-08
2.883769e+01 1.088445e+00 9.397325e-08
2.883769e+01 1.523711e+00 1.036385e-07
2.883769e+01 2.088426e+00 9.625495e-08
2.883769e+01 2.685505e+00 6.63657e-08
2.943444e+01 1.570796e-02 1.568028e-10
2.943444e+01 2.346256e-02 4.018364e-10
2.943444e+01 3.503514e-02 8.082314e-10
2.943444e+01 5.263151e-02 1.649276e-09
2.943444e+01 7.314235e-02 3.484320e-09
2.943444e+01 1.025928e-01 5.202455e-09
2.943444e+01 1.448116e-01 8.989286e-09
2.943444e+01 2.023460e-01 1.382236e-08
2.943444e+01 2.834245e-01 2.152931e-08
2.943444e+01 3.967448e-01 3.268886e-08
2.943444e+01 5.552783e-01 4.876833e-08
2.943444e+01 7.774819e-01 6.814011e-08
2.943444e+01 1.088445e+00 8.629864e-08
2.943444e+01 1.523711e+00 9.751604e-08
2.943444e+01 2.088426e+00 9.433992e-08
2.943444e+01 2.685505e+00 6.958482e-08
3.004313e+01 1.570796e-02 1.364406e-10
3.004313e+01 2.346256e-02 3.503555e-10
3.004313e+01 3.503514e-02 7.030698e-10
3.004313e+01 5.263151e-02 1.435593e-09
3.004313e+01 7.314235e-02 3.035422e-09
3.004313e+01 1.025928e-01 4.537304e-09
3.004313e+01 1.448116e-01 7.851934e-09
3.004313e+01 2.023460e-01 1.213044e-08
3.004313e+01 2.834245e-01 1.898062e-08
3.004313e+01 3.967448e-01 2.891978e-08
3.004313e+01 5.552783e-01 4.331183e-08
3.004313e+01 7.774819e-01 6.089240e-08
3.004313e+01 1.088445e+00 7.809418e-08
3.004313e+01 1.523711e+00 9.06243e-08
3.004313e+01 2.088426e+00 9.149186e-08
3.004313e+01 2.685505e+00 7.268171e-08
3.066399e+01 1.570796e-02 1.166004e-10
3.066399e+01 2.346256e-02 3.001217e-10
3.066399e+01 3.503514e-02 6.003342e-10
3.066399e+01 5.263151e-02 1.227461e-09
3.066399e+01 7.314235e-02 2.598128e-09
3.066399e+01 1.025928e-01 3.888707e-09
3.066399e+01 1.448116e-01 6.73752e-09
3.066399e+01 2.023460e-01 1.045809e-08
3.066399e+01 2.834245e-01 1.642929e-08
3.066399e+01 3.967448e-01 2.511071e-08
3.066399e+01 5.552783e-01 3.775686e-08
3.066399e+01 7.774819e-01 5.339091e-08
3.066399e+01 1.088445e+00 6.938126e-08
3.066399e+01 1.523711e+00 8.262527e-08
3.066399e+01 2.088426e+00 8.737321e-08
3.066399e+01 2.685505e+00 7.522193e-08
3.129727e+01 1.570796e-02 9.716442e-11
3.129727e+01 2.346256e-02 2.510267e-10
3.129727e+01 3.503514e-02 5.004388e-10
3.129727e+01 5.263151e-02 1.024232e-09
3.129727e+01 7.314235e-02 2.171160e-09
3.129727e+01 1.025928e-01 3.254208e-09
3.129727e+01 1.448116e-01 5.643699e-09
3.129727e+01 2.023460e-01 8.800624e-09
3.129727e+01 2.834245e-01 1.388096e-08
3.129727e+01 3.967448e-01 2.126905e-08
3.129727e+01 5.552783e-01 3.209764e-08
3.129727e+01 7.774819e-01 4.565603e-08
3.129727e+01 1.088445e+00 6.014633e-08
3.129727e+01 1.523711e+00 7.356167e-08
3.129727e+01 2.088426e+00 8.169126e-08
3.129727e+01 2.685505e+00 7.642141e-08
3.194322e+01 1.570796e-02 7.836447e-11
3.194322e+01 2.346256e-02 2.027928e-10
3.194322e+01 3.503514e-02 4.032287e-10
3.194322e+01 5.263151e-02 8.263254e-10
3.194322e+01 7.314235e-02 1.754019e-09
3.194322e+01 1.025928e-01 2.632296e-09
3.194322e+01 1.448116e-01 4.56929e-09
3.194322e+01 2.023460e-01 7.158542e-09
3.194322e+01 2.834245e-01 1.133106e-08
3.194322e+01 3.967448e-01 1.739477e-08
3.194322e+01 5.552783e-01 2.634283e-08
3.194322e+01 7.774819e-01 3.766567e-08
3.194322e+01 1.088445e+00 5.03084e-08
3.194322e+01 1.523711e+00 6.324365e-08
3.194322e+01 2.088426e+00 7.402952e-08
3.194322e+01 2.685505e+00 7.551111e-08
3.260208e+01 1.570796e-02 6.003939e-11
3.260208e+01 2.346256e-02 1.557363e-10
3.260208e+01 3.503514e-02 3.086454e-10
3.260208e+01 5.263151e-02 6.337472e-10
3.260208e+01 7.314235e-02 1.346714e-09
3.260208e+01 1.025928e-01 2.022970e-09
3.260208e+01 1.448116e-01 3.517681e-09
3.260208e+01 2.023460e-01 5.534048e-09
3.260208e+01 2.834245e-01 8.788396e-09
3.260208e+01 3.967448e-01 1.351121e-08
3.260208e+01 5.552783e-01 2.052247e-08
3.260208e+01 7.774819e-01 2.948695e-08
3.260208e+01 1.088445e+00 3.99069e-08
3.260208e+01 1.523711e+00 5.162581e-08
3.260208e+01 2.088426e+00 6.383241e-08
3.260208e+01 2.685505e+00 7.085616e-08
3.327412e+01 1.570796e-02 4.194084e-11
3.327412e+01 2.346256e-02 1.092836e-10
3.327412e+01 3.503514e-02 2.154092e-10
3.327412e+01 5.263151e-02 4.431295e-10
3.327412e+01 7.314235e-02 9.432357e-10
3.327412e+01 1.025928e-01 1.419614e-09
3.327412e+01 1.448116e-01 2.471528e-09
3.327412e+01 2.023460e-01 3.904814e-09
3.327412e+01 2.834245e-01 6.223496e-09
3.327412e+01 3.967448e-01 9.583019e-09
3.327412e+01 5.552783e-01 1.460921e-08
3.327412e+01 7.774819e-01 2.108851e-08
3.327412e+01 1.088445e+00 2.892896e-08
3.327412e+01 1.523711e+00 3.858313e-08
3.327412e+01 2.088426e+00 5.046901e-08
3.327412e+01 2.685505e+00 6.089754e-08
3.395961e+01 1.570796e-02 2.535881e-11
3.395961e+01 2.346256e-02 6.692027e-11
3.395961e+01 3.503514e-02 1.309217e-10
3.395961e+01 5.263151e-02 2.701628e-10
3.395961e+01 7.314235e-02 5.756879e-10
3.395961e+01 1.025928e-01 8.668503e-10
3.395961e+01 1.448116e-01 1.507794e-09
3.395961e+01 2.023460e-01 2.379715e-09
3.395961e+01 2.834245e-01 3.78271e-09
3.395961e+01 3.967448e-01 5.795016e-09
3.395961e+01 5.552783e-01 8.804628e-09
3.395961e+01 7.774819e-01 1.269459e-08
3.395961e+01 1.088445e+00 1.755631e-08
3.395961e+01 1.523711e+00 2.402067e-08
3.395961e+01 2.088426e+00 3.321941e-08
3.395961e+01 2.685505e+00 4.352496e-08
3.46588e+01 1.570796e-02 7.887777e-12
3.46588e+01 2.346256e-02 1.872785e-11
3.46588e+01 3.503514e-02 4.109584e-11
3.46588e+01 5.263151e-02 7.920099e-11
3.46588e+01 7.314235e-02 1.727575e-10
3.46588e+01 1.025928e-01 2.591108e-10
3.46588e+01 1.448116e-01 4.519087e-10
3.46588e+01 2.023460e-01 7.250592e-10
3.46588e+01 2.834245e-01 1.167183e-09
3.46588e+01 3.967448e-01 1.807452e-09
3.46588e+01 5.552783e-01 2.768484e-09
3.46588e+01 7.774819e-01 4.041793e-09
3.46588e+01 1.088445e+00 5.687886e-09
3.46588e+01 1.523711e+00 8.023427e-09
3.46588e+01 2.088426e+00 1.166788e-08
3.46588e+01 2.685505e+00 1.630419e-08
3.537197e+01 1.570796e-02 0.e+00
3.537197e+01 2.346256e-02 0.e+00
3.537197e+01 3.503514e-02 0.e+00
3.537197e+01 5.263151e-02 0.e+00
3.537197e+01 7.314235e-02 0.e+00
3.537197e+01 1.025928e-01 0.e+00
3.537197e+01 1.448116e-01 0.e+00
3.537197e+01 2.023460e-01 0.e+00
3.537197e+01 2.834245e-01 0.e+00
3.537197e+01 3.967448e-01 0.e+00
3.537197e+01 5.552783e-01 0.e+00
3.537197e+01 7.774819e-01 0.e+00
3.537197e+01 1.088445e+00 0.e+00
3.537197e+01 1.523711e+00 0.e+00
3.537197e+01 2.088426e+00 0.e+00
3.537197e+01 2.685505e+00 0.e+00
