5.e+00 1.570796e-02 0.e+00
5.e+00 2.346256e-02 0.e+00
5.e+00 3.503514e-02 0.e+00
5.e+00 5.263151e-02 0.e+00
5.e+00 7.314235e-02 0.e+00
5.e+00 1.025928e-01 0.e+00
5.e+00 1.448116e-01 0.e+00
5.e+00 2.023460e-01 0.e+00
5.e+00 2.834245e-01 0.e+00
5.e+00 3.967448e-01 0.e+00
5.e+00 5.552783e-01 0.e+00
5.e+00 7.774819e-01 0.e+00
5.e+00 1.088445e+00 0.e+00
5.e+00 1.523711e+00 0.e+00
5.e+00 2.088426e+00 0.e+00
5.e+00 2.685505e+00 0.e+00
5.12e+00 1.570796e-02 0.e+00
5.12e+00 2.346256e-02 0.e+00
5.12e+00 3.503514e-02 0.e+00
5.12e+00 5.263151e-02 0.e+00
5.12e+00 7.314235e-02 0.e+00
5.12e+00 1.025928e-01 0.e+00
5.12e+00 1.448116e-01 0.e+00
5.12e+00 2.023460e-01 0.e+00
5.12e+00 2.834245e-01 0.e+00
5.12e+00 3.967448e-01 0.e+00
5.12e+00 5.552783e-01 0.e+00
5.12e+00 7.774819e-01 0.e+00
5.12e+00 1.088445e+00 0.e+00
5.12e+00 1.523711e+00 0.e+00
5.12e+00 2.088426e+00 0.e+00
5.12e+00 2.685505e+00 0.e+00
5.2424e+00 1.570796e-02 0.e+00
5.2424e+00 2.346256e-02 0.e+00
5.2424e+00 3.503514e-02 0.e+00
5.2424e+00 5.263151e-02 0.e+00
5.2424e+00 7.314235e-02 0.e+00
5.2424e+00 1.025928e-01 0.e+00
5.2424e+00 1.448116e-01 0.e+00
5.2424e+00 2.023460e-01 0.e+00
5.2424e+00 2.834245e-01 0.e+00
5.2424e+00 3.967448e-01 0.e+00
5.2424e+00 5.552783e-01 0.e+00
5.2424e+00 7.774819e-01 0.e+00
5.2424e+00 1.088445e+00 0.e+00
5.2424e+00 1.523711e+00 0.e+00
5.2424e+00 2.088426e+00 0.e+00
5.2424e+00 2.685505e+00 0.e+00
5.367248e+00 1.570796e-02 0.e+00
5.367248e+00 2.346256e-02 0.e+00
5.367248e+00 3.503514e-02 0.e+00
5.367248e+00 5.263151e-02 0.e+00
5.367248e+00 7.314235e-02 0.e+00
5.367248e+00 1.025928e-01 0.e+00
5.367248e+00 1.448116e-01 0.e+00
5.367248e+00 2.023460e-01 0.e+00
5.367248e+00 2.834245e-01 0.e+00
5.367248e+00 3.967448e-01 0.e+00
5.367248e+00 5.552783e-01 0.e+00
5.367248e+00 7.774819e-01 0.e+00
5.367248e+00 1.088445e+00 0.e+00
5.367248e+00 1.523711e+00 0.e+00
5.367248e+00 2.088426e+00 0.e+00
5.367248e+00 2.685505e+00 0.e+00
5.494593e+00 1.570796e-02 0.e+00
5.494593e+00 2.346256e-02 0.e+00
5.494593e+00 3.503514e-02 0.e+00
5.494593e+00 5.263151e-02 0.e+00
5.494593e+00 7.314235e-02 0.e+00
5.494593e+00 1.025928e-01 0.e+00
5.494593e+00 1.448116e-01 0.e+00
5.494593e+00 2.023460e-01 0.e+00
5.494593e+00 2.834245e-01 0.e+00
5.494593e+00 3.967448e-01 0.e+00
5.494593e+00 5.552783e-01 0.e+00
5.494593e+00 7.774819e-01 0.e+00
5.494593e+00 1.088445e+00 0.e+00
5.494593e+00 1.523711e+00 0.e+00
5.494593e+00 2.088426e+00 0.e+00
5.494593e+00 2.685505e+00 0.e+00
5.624485e+00 1.570796e-02 0.e+00
5.624485e+00 2.346256e-02 0.e+00
5.624485e+00 3.503514e-02 0.e+00
5.624485e+00 5.263151e-02 0.e+00
5.624485e+00 7.314235e-02 0.e+00
5.624485e+00 1.025928e-01 0.e+00
5.624485e+00 1.448116e-01 0.e+00
5.624485e+00 2.023460e-01 0.e+00
5.624485e+00 2.834245e-01 0.e+00
5.624485e+00 3.967448e-01 0.e+00
5.624485e+00 5.552783e-01 0.e+00
5.624485e+00 7.774819e-01 0.e+00
5.624485e+00 1.088445e+00 0.e+00
5.624485e+00 1.523711e+00 0.e+00
5.624485e+00 2.088426e+00 0.e+00
5.624485e+00 2.685505e+00 0.e+00
5.756975e+00 1.570796e-02 0.e+00
5.756975e+00 2.346256e-02 0.e+00
5.756975e+00 3.503514e-02 0.e+00
5.756975e+00 5.263151e-02 0.e+00
5.756975e+00 7.314235e-02 0.e+00
5.756975e+00 1.025928e-01 0.e+00
5.756975e+00 1.448116e-01 0.e+00
5.756975e+00 2.023460e-01 0.e+00
5.756975e+00 2.834245e-01 0.e+00
5.756975e+00 3.967448e-01 0.e+00
5.756975e+00 5.552783e-01 0.e+00
5.756975e+00 7.774819e-01 0.e+00
5.756975e+00 1.088445e+00 0.e+00
5.756975e+00 1.523711e+00 0.e+00
5.756975e+00 2.088426e+00 0.e+00
5.756975e+00 2.685505e+00 0.e+00
5.892114e+00 1.570796e-02 0.e+00
5.892114e+00 2.346256e-02 0.e+00
5.892114e+00 3.503514e-02 0.e+00
5.892114e+00 5.263151e-02 0.e+00
5.892114e+00 7.314235e-02 0.e+00
5.892114e+00 1.025928e-01 0.e+00
5.892114e+00 1.448116e-01 0.e+00
5.892114e+00 2.023460e-01 0.e+00
5.892114e+00 2.834245e-01 0.e+00
5.892114e+00 3.967448e-01 0.e+00
5.892114e+00 5.552783e-01 0.e+00
5.892114e+00 7.774819e-01 0.e+00
5.892114e+00 1.088445e+00 0.e+00
5.892114e+00 1.523711e+00 0.e+00
5.892114e+00 2.088426e+00 0.e+00
5.892114e+00 2.685505e+00 0.e+00
6.029956e+00 1.570796e-02 -2.197426e-06
6.029956e+00 2.346256e-02 -1.598581e-06
6.029956e+00 3.503514e-02 -3.145258e-06
6.029956e+00 5.263151e-02 -1.001478e-06
6.029956e+00 7.314235e-02 -4.150957e-06
6.029956e+00 1.025928e-01 -4.160167e-06
6.029956e+00 1.448116e-01 5.030801e-06
6.029956e+00 2.023460e-01 -2.238726e-06
6.029956e+00 2.834245e-01 6.821158e-07
6.029956e+00 3.967448e-01 -2.949930e-06
6.029956e+00 5.552783e-01 -9.878744e-07
6.029956e+00 7.774819e-01 -3.449988e-07
6.029956e+00 1.088445e+00 -9.823639e-07
6.029956e+00 1.523711e+00 -1.211234e-06
6.029956e+00 2.088426e+00 -2.368724e-06
6.029956e+00 2.685505e+00 -2.114178e-06
6.170555e+00 1.570796e-02 -8.411564e-05
6.170555e+00 2.346256e-02 -5.946100e-05
6.170555e+00 3.503514e-02 -1.116024e-04
6.170555e+00 5.263151e-02 -1.491546e-04
6.170555e+00 7.314235e-02 -1.690958e-04
6.170555e+00 1.025928e-01 -4.663511e-05
6.170555e+00 1.448116e-01 -1.633618e-04
6.170555e+00 2.023460e-01 -7.950373e-05
6.170555e+00 2.834245e-01 -1.695891e-04
6.170555e+00 3.967448e-01 -8.162911e-05
6.170555e+00 5.552783e-01 -7.152931e-05
6.170555e+00 7.774819e-01 -7.690946e-05
6.170555e+00 1.088445e+00 -7.512925e-05
6.170555e+00 1.523711e+00 -6.959971e-05
6.170555e+00 2.088426e+00 -9.106337e-05
6.170555e+00 2.685505e+00 -1.064387e-04
6.313967e+00 1.570796e-02 -2.168237e-04
6.313967e+00 2.346256e-02 -1.962067e-04
6.313967e+00 3.503514e-02 -2.620632e-04
6.313967e+00 5.263151e-02 -4.41691e-04
6.313967e+00 7.314235e-02 -5.508905e-04
6.313967e+00 1.025928e-01 -3.86518e-04
6.313967e+00 1.448116e-01 -4.802549e-04
6.313967e+00 2.023460e-01 -4.689191e-04
6.313967e+00 2.834245e-01 -5.891317e-04
6.313967e+00 3.967448e-01 -3.993878e-04
6.313967e+00 5.552783e-01 -3.615121e-04
6.313967e+00 7.774819e-01 -3.254396e-04
6.313967e+00 1.088445e+00 -2.894116e-04
6.313967e+00 1.523711e+00 -2.951872e-04
6.313967e+00 2.088426e+00 -3.569411e-04
6.313967e+00 2.685505e+00 -4.002666e-04
6.460246e+00 1.570796e-02 -4.844468e-04
6.460246e+00 2.346256e-02 -5.481737e-04
6.460246e+00 3.503514e-02 -8.83816e-04
6.460246e+00 5.263151e-02 -1.493829e-03
6.460246e+00 7.314235e-02 -2.084702e-03
6.460246e+00 1.025928e-01 -1.637727e-03
6.460246e+00 1.448116e-01 -2.098811e-03
6.460246e+00 2.023460e-01 -1.883311e-03
6.460246e+00 2.834245e-01 -1.967866e-03
6.460246e+00 3.967448e-01 -1.496951e-03
6.460246e+00 5.552783e-01 -1.336049e-03
6.460246e+00 7.774819e-01 -1.228650e-03
6.460246e+00 1.088445e+00 -1.082954e-03
6.460246e+00 1.523711e+00 -1.084788e-03
6.460246e+00 2.088426e+00 -1.294894e-03
6.460246e+00 2.685505e+00 -1.489691e-03
6.609451e+00 1.570796e-02 -6.905407e-04
6.609451e+00 2.346256e-02 -1.211250e-03
6.609451e+00 3.503514e-02 -1.916878e-03
6.609451e+00 5.263151e-02 -2.964937e-03
6.609451e+00 7.314235e-02 -4.847261e-03
6.609451e+00 1.025928e-01 -3.581302e-03
6.609451e+00 1.448116e-01 -4.399485e-03
6.609451e+00 2.023460e-01 -4.470665e-03
6.609451e+00 2.834245e-01 -4.350174e-03
6.609451e+00 3.967448e-01 -3.640131e-03
6.609451e+00 5.552783e-01 -3.331047e-03
6.609451e+00 7.774819e-01 -2.869381e-03
6.609451e+00 1.088445e+00 -2.556116e-03
6.609451e+00 1.523711e+00 -2.555736e-03
6.609451e+00 2.088426e+00 -2.962617e-03
6.609451e+00 2.685505e+00 -3.437105e-03
6.76164e+00 1.570796e-02 -7.569951e-04
6.76164e+00 2.346256e-02 -1.762121e-03
6.76164e+00 3.503514e-02 -3.203965e-03
6.76164e+00 5.263151e-02 -4.742318e-03
6.76164e+00 7.314235e-02 -7.914347e-03
6.76164e+00 1.025928e-01 -6.785192e-03
6.76164e+00 1.448116e-01 -7.871421e-03
6.76164e+00 2.023460e-01 -8.260045e-03
6.76164e+00 2.834245e-01 -7.873351e-03
6.76164e+00 3.967448e-01 -6.866052e-03
6.76164e+00 5.552783e-01 -6.190791e-03
6.76164e+00 7.774819e-01 -5.392381e-03
6.76164e+00 1.088445e+00 -4.697243e-03
6.76164e+00 1.523711e+00 -4.622586e-03
6.76164e+00 2.088426e+00 -5.325316e-03
6.76164e+00 2.685505e+00 -6.080654e-03
6.916873e+00 1.570796e-02 -8.163950e-04
6.916873e+00 2.346256e-02 -2.114250e-03
6.916873e+00 3.503514e-02 -4.084779e-03
6.916873e+00 5.263151e-02 -6.351315e-03
6.916873e+00 7.314235e-02 -1.079760e-02
6.916873e+00 1.025928e-01 -1.048107e-02
6.916873e+00 1.448116e-01 -1.262188e-02
6.916873e+00 2.023460e-01 -1.299040e-02
6.916873e+00 2.834245e-01 -1.279408e-02
6.916873e+00 3.967448e-01 -1.100477e-02
6.916873e+00 5.552783e-01 -1.006065e-02
6.916873e+00 7.774819e-01 -8.705147e-03
6.916873e+00 1.088445e+00 -7.528439e-03
6.916873e+00 1.523711e+00 -7.304574e-03
6.916873e+00 2.088426e+00 -8.294585e-03
6.916873e+00 2.685505e+00 -9.419401e-03
7.075210e+00 1.570796e-02 -8.347557e-04
7.075210e+00 2.346256e-02 -2.128917e-03
7.075210e+00 3.503514e-02 -4.519515e-03
7.075210e+00 5.263151e-02 -7.637417e-03
7.075210e+00 7.314235e-02 -1.311426e-02
7.075210e+00 1.025928e-01 -1.426724e-02
7.075210e+00 1.448116e-01 -1.729626e-02
7.075210e+00 2.023460e-01 -1.793433e-02
7.075210e+00 2.834245e-01 -1.784731e-02
7.075210e+00 3.967448e-01 -1.579317e-02
7.075210e+00 5.552783e-01 -1.444876e-02
7.075210e+00 7.774819e-01 -1.248461e-02
7.075210e+00 1.088445e+00 -1.082939e-02
7.075210e+00 1.523711e+00 -1.031719e-02
7.075210e+00 2.088426e+00 -1.161399e-02
7.075210e+00 2.685505e+00 -1.304962e-02
7.236714e+00 1.570796e-02 -8.585572e-04
7.236714e+00 2.346256e-02 -2.040165e-03
7.236714e+00 3.503514e-02 -4.588458e-03
7.236714e+00 5.263151e-02 -8.15279e-03
7.236714e+00 7.314235e-02 -1.450713e-02
7.236714e+00 1.025928e-01 -1.704575e-02
7.236714e+00 1.448116e-01 -2.181697e-02
7.236714e+00 2.023460e-01 -2.277895e-02
7.236714e+00 2.834245e-01 -2.284241e-02
7.236714e+00 3.967448e-01 -2.071248e-02
7.236714e+00 5.552783e-01 -1.901562e-02
7.236714e+00 7.774819e-01 -1.653333e-02
7.236714e+00 1.088445e+00 -1.422447e-02
7.236714e+00 1.523711e+00 -1.352868e-02
7.236714e+00 2.088426e+00 -1.502836e-02
7.236714e+00 2.685505e+00 -1.678041e-02
7.401449e+00 1.570796e-02 -8.106563e-04
7.401449e+00 2.346256e-02 -1.944122e-03
7.401449e+00 3.503514e-02 -4.367807e-03
7.401449e+00 5.263151e-02 -8.075491e-03
7.401449e+00 7.314235e-02 -1.499447e-02
7.401449e+00 1.025928e-01 -1.888804e-02
7.401449e+00 1.448116e-01 -2.523271e-02
7.401449e+00 2.023460e-01 -2.697359e-02
7.401449e+00 2.834245e-01 -2.732733e-02
7.401449e+00 3.967448e-01 -2.542978e-02
7.401449e+00 5.552783e-01 -2.339651e-02
7.401449e+00 7.774819e-01 -2.041451e-02
7.401449e+00 1.088445e+00 -1.759715e-02
7.401449e+00 1.523711e+00 -1.654479e-02
7.401449e+00 2.088426e+00 -1.812787e-02
7.401449e+00 2.685505e+00 -2.003679e-02
7.569477e+00 1.570796e-02 -7.44502e-04
7.569477e+00 2.346256e-02 -1.798182e-03
7.569477e+00 3.503514e-02 -4.121879e-03
7.569477e+00 5.263151e-02 -7.830023e-03
7.569477e+00 7.314235e-02 -1.484227e-02
7.569477e+00 1.025928e-01 -1.977241e-02
7.569477e+00 1.448116e-01 -2.719124e-02
7.569477e+00 2.023460e-01 -3.006851e-02
7.569477e+00 2.834245e-01 -3.096869e-02
7.569477e+00 3.967448e-01 -2.94052e-02
7.569477e+00 5.552783e-01 -2.731644e-02
7.569477e+00 7.774819e-01 -2.391248e-02
7.569477e+00 1.088445e+00 -2.060004e-02
7.569477e+00 1.523711e+00 -1.918066e-02
7.569477e+00 2.088426e+00 -2.079063e-02
7.569477e+00 2.685505e+00 -2.262189e-02
7.740867e+00 1.570796e-02 -6.686075e-04
7.740867e+00 2.346256e-02 -1.640111e-03
7.740867e+00 3.503514e-02 -3.792104e-03
7.740867e+00 5.263151e-02 -7.352768e-03
7.740867e+00 7.314235e-02 -1.415679e-02
7.740867e+00 1.025928e-01 -1.974970e-02
7.740867e+00 1.448116e-01 -2.805338e-02
7.740867e+00 2.023460e-01 -3.196743e-02
7.740867e+00 2.834245e-01 -3.364824e-02
7.740867e+00 3.967448e-01 -3.26488e-02
7.740867e+00 5.552783e-01 -3.060324e-02
7.740867e+00 7.774819e-01 -2.696296e-02
7.740867e+00 1.088445e+00 -2.32023e-02
7.740867e+00 1.523711e+00 -2.148961e-02
7.740867e+00 2.088426e+00 -2.300904e-02
7.740867e+00 2.685505e+00 -2.480821e-02
7.915684e+00 1.570796e-02 -6.103498e-04
7.915684e+00 2.346256e-02 -1.526847e-03
7.915684e+00 3.503514e-02 -3.399376e-03
7.915684e+00 5.263151e-02 -6.74497e-03
7.915684e+00 7.314235e-02 -1.319963e-02
7.915684e+00 1.025928e-01 -1.901814e-02
7.915684e+00 1.448116e-01 -2.796073e-02
7.915684e+00 2.023460e-01 -3.277165e-02
7.915684e+00 2.834245e-01 -3.537491e-02
7.915684e+00 3.967448e-01 -3.504531e-02
7.915684e+00 5.552783e-01 -3.323534e-02
7.915684e+00 7.774819e-01 -2.951737e-02
7.915684e+00 1.088445e+00 -2.541805e-02
7.915684e+00 1.523711e+00 -2.341308e-02
7.915684e+00 2.088426e+00 -2.489415e-02
7.915684e+00 2.685505e+00 -2.661318e-02
8.093998e+00 1.570796e-02 -5.558407e-04
8.093998e+00 2.346256e-02 -1.394361e-03
8.093998e+00 3.503514e-02 -2.997782e-03
8.093998e+00 5.263151e-02 -6.129719e-03
8.093998e+00 7.314235e-02 -1.216394e-02
8.093998e+00 1.025928e-01 -1.788964e-02
8.093998e+00 1.448116e-01 -2.715311e-02
8.093998e+00 2.023460e-01 -3.271861e-02
8.093998e+00 2.834245e-01 -3.625034e-02
8.093998e+00 3.967448e-01 -3.662231e-02
8.093998e+00 5.552783e-01 -3.512950e-02
8.093998e+00 7.774819e-01 -3.158623e-02
8.093998e+00 1.088445e+00 -2.727236e-02
8.093998e+00 1.523711e+00 -2.504773e-02
8.093998e+00 2.088426e+00 -2.64446e-02
8.093998e+00 2.685505e+00 -2.785938e-02
8.275878e+00 1.570796e-02 -5.052944e-04
8.275878e+00 2.346256e-02 -1.266527e-03
8.275878e+00 3.503514e-02 -2.652024e-03
8.275878e+00 5.263151e-02 -5.534511e-03
8.275878e+00 7.314235e-02 -1.106699e-02
8.275878e+00 1.025928e-01 -1.661711e-02
8.275878e+00 1.448116e-01 -2.574515e-02
8.275878e+00 2.023460e-01 -3.193670e-02
8.275878e+00 2.834245e-01 -3.631248e-02
8.275878e+00 3.967448e-01 -3.743649e-02
8.275878e+00 5.552783e-01 -3.645777e-02
8.275878e+00 7.774819e-01 -3.302104e-02
8.275878e+00 1.088445e+00 -2.866787e-02
8.275878e+00 1.523711e+00 -2.629508e-02
8.275878e+00 2.088426e+00 -2.759870e-02
8.275878e+00 2.685505e+00 -2.880270e-02
8.461396e+00 1.570796e-02 -4.550667e-04
8.461396e+00 2.346256e-02 -1.157388e-03
8.461396e+00 3.503514e-02 -2.374488e-03
8.461396e+00 5.263151e-02 -4.985094e-03
8.461396e+00 7.314235e-02 -9.990471e-03
8.461396e+00 1.025928e-01 -1.514349e-02
8.461396e+00 1.448116e-01 -2.391131e-02
8.461396e+00 2.023460e-01 -3.04773e-02
8.461396e+00 2.834245e-01 -3.564302e-02
8.461396e+00 3.967448e-01 -3.758246e-02
8.461396e+00 5.552783e-01 -3.712363e-02
8.461396e+00 7.774819e-01 -3.396891e-02
8.461396e+00 1.088445e+00 -2.971438e-02
8.461396e+00 1.523711e+00 -2.720379e-02
8.461396e+00 2.088426e+00 -2.847973e-02
8.461396e+00 2.685505e+00 -2.944868e-02
8.650623e+00 1.570796e-02 -4.024123e-04
8.650623e+00 2.346256e-02 -1.046193e-03
8.650623e+00 3.503514e-02 -2.129599e-03
8.650623e+00 5.263151e-02 -4.473736e-03
8.650623e+00 7.314235e-02 -8.961171e-03
8.650623e+00 1.025928e-01 -1.364370e-02
8.650623e+00 1.448116e-01 -2.189770e-02
8.650623e+00 2.023460e-01 -2.866231e-02
8.650623e+00 2.834245e-01 -3.443208e-02
8.650623e+00 3.967448e-01 -3.713983e-02
8.650623e+00 5.552783e-01 -3.724352e-02
8.650623e+00 7.774819e-01 -3.445889e-02
8.650623e+00 1.088445e+00 -3.037192e-02
8.650623e+00 1.523711e+00 -2.786783e-02
8.650623e+00 2.088426e+00 -2.9061e-02
8.650623e+00 2.685505e+00 -2.985084e-02
8.843636e+00 1.570796e-02 -3.549365e-04
8.843636e+00 2.346256e-02 -9.487335e-04
8.843636e+00 3.503514e-02 -1.893943e-03
8.843636e+00 5.263151e-02 -4.002126e-03
8.843636e+00 7.314235e-02 -8.006455e-03
8.843636e+00 1.025928e-01 -1.219795e-02
8.843636e+00 1.448116e-01 -1.987554e-02
8.843636e+00 2.023460e-01 -2.661503e-02
8.843636e+00 2.834245e-01 -3.281767e-02
8.843636e+00 3.967448e-01 -3.618089e-02
8.843636e+00 5.552783e-01 -3.681554e-02
8.843636e+00 7.774819e-01 -3.449448e-02
8.843636e+00 1.088445e+00 -3.067484e-02
8.843636e+00 1.523711e+00 -2.826302e-02
8.843636e+00 2.088426e+00 -2.937425e-02
8.843636e+00 2.685505e+00 -3.012903e-02
9.040509e+00 1.570796e-02 -3.092908e-04
9.040509e+00 2.346256e-02 -8.58855e-04
9.040509e+00 3.503514e-02 -1.6869e-03
9.040509e+00 5.263151e-02 -3.555487e-03
9.040509e+00 7.314235e-02 -7.134028e-03
9.040509e+00 1.025928e-01 -1.087203e-02
9.040509e+00 1.448116e-01 -1.791435e-02
9.040509e+00 2.023460e-01 -2.444384e-02
9.040509e+00 2.834245e-01 -3.085040e-02
9.040509e+00 3.967448e-01 -3.475198e-02
9.040509e+00 5.552783e-01 -3.588721e-02
9.040509e+00 7.774819e-01 -3.411343e-02
9.040509e+00 1.088445e+00 -3.057829e-02
9.040509e+00 1.523711e+00 -2.835387e-02
9.040509e+00 2.088426e+00 -2.942683e-02
9.040509e+00 2.685505e+00 -2.988404e-02
9.241319e+00 1.570796e-02 -2.699730e-04
9.241319e+00 2.346256e-02 -7.726702e-04
9.241319e+00 3.503514e-02 -1.506595e-03
9.241319e+00 5.263151e-02 -3.155360e-03
9.241319e+00 7.314235e-02 -6.333447e-03
9.241319e+00 1.025928e-01 -9.650272e-03
9.241319e+00 1.448116e-01 -1.602309e-02
9.241319e+00 2.023460e-01 -2.226313e-02
9.241319e+00 2.834245e-01 -2.864516e-02
9.241319e+00 3.967448e-01 -3.293293e-02
9.241319e+00 5.552783e-01 -3.461421e-02
9.241319e+00 7.774819e-01 -3.334940e-02
9.241319e+00 1.088445e+00 -3.016150e-02
9.241319e+00 1.523711e+00 -2.817022e-02
9.241319e+00 2.088426e+00 -2.926157e-02
9.241319e+00 2.685505e+00 -2.947652e-02
9.446145e+00 1.570796e-02 -2.388734e-04
9.446145e+00 2.346256e-02 -6.888536e-04
9.446145e+00 3.503514e-02 -1.343724e-03
9.446145e+00 5.263151e-02 -2.797407e-03
9.446145e+00 7.314235e-02 -5.611069e-03
9.446145e+00 1.025928e-01 -8.566675e-03
9.446145e+00 1.448116e-01 -1.427204e-02
9.446145e+00 2.023460e-01 -2.008801e-02
9.446145e+00 2.834245e-01 -2.632221e-02
9.446145e+00 3.967448e-01 -3.085607e-02
9.446145e+00 5.552783e-01 -3.30104e-02
9.446145e+00 7.774819e-01 -3.224521e-02
9.446145e+00 1.088445e+00 -2.948874e-02
9.446145e+00 1.523711e+00 -2.780029e-02
9.446145e+00 2.088426e+00 -2.889311e-02
9.446145e+00 2.685505e+00 -2.898863e-02
9.655068e+00 1.570796e-02 -2.109163e-04
9.655068e+00 2.346256e-02 -6.097973e-04
9.655068e+00 3.503514e-02 -1.193478e-03
9.655068e+00 5.263151e-02 -2.476553e-03
9.655068e+00 7.314235e-02 -4.969794e-03
9.655068e+00 1.025928e-01 -7.593332e-03
9.655068e+00 1.448116e-01 -1.267503e-02
9.655068e+00 2.023460e-01 -1.800363e-02
9.655068e+00 2.834245e-01 -2.395404e-02
9.655068e+00 3.967448e-01 -2.85911e-02
9.655068e+00 5.552783e-01 -3.112299e-02
9.655068e+00 7.774819e-01 -3.082660e-02
9.655068e+00 1.088445e+00 -2.860729e-02
9.655068e+00 1.523711e+00 -2.721974e-02
9.655068e+00 2.088426e+00 -2.835519e-02
9.655068e+00 2.685505e+00 -2.839337e-02
9.86817e+00 1.570796e-02 -1.858595e-04
9.86817e+00 2.346256e-02 -5.411773e-04
9.86817e+00 3.503514e-02 -1.060977e-03
9.86817e+00 5.263151e-02 -2.183545e-03
9.86817e+00 7.314235e-02 -4.389435e-03
9.86817e+00 1.025928e-01 -6.724383e-03
9.86817e+00 1.448116e-01 -1.122718e-02
9.86817e+00 2.023460e-01 -1.602978e-02
9.86817e+00 2.834245e-01 -2.161734e-02
9.86817e+00 3.967448e-01 -2.62385e-02
9.86817e+00 5.552783e-01 -2.907742e-02
9.86817e+00 7.774819e-01 -2.925446e-02
9.86817e+00 1.088445e+00 -2.751444e-02
9.86817e+00 1.523711e+00 -2.647259e-02
9.86817e+00 2.088426e+00 -2.767491e-02
9.86817e+00 2.685505e+00 -2.750658e-02
1.008553e+01 1.570796e-02 -1.641503e-04
1.008553e+01 2.346256e-02 -4.760160e-04
1.008553e+01 3.503514e-02 -9.395991e-04
1.008553e+01 5.263151e-02 -1.923317e-03
1.008553e+01 7.314235e-02 -3.85898e-03
1.008553e+01 1.025928e-01 -5.932283e-03
1.008553e+01 1.448116e-01 -9.901663e-03
1.008553e+01 2.023460e-01 -1.419996e-02
1.008553e+01 2.834245e-01 -1.936571e-02
1.008553e+01 3.967448e-01 -2.388722e-02
1.008553e+01 5.552783e-01 -2.690916e-02
1.008553e+01 7.774819e-01 -2.749965e-02
1.008553e+01 1.088445e+00 -2.62558e-02
1.008553e+01 1.523711e+00 -2.553774e-02
1.008553e+01 2.088426e+00 -2.679616e-02
1.008553e+01 2.685505e+00 -2.653951e-02
1.030724e+01 1.570796e-02 -1.449836e-04
1.030724e+01 2.346256e-02 -4.174279e-04
1.030724e+01 3.503514e-02 -8.306301e-04
1.030724e+01 5.263151e-02 -1.684162e-03
1.030724e+01 7.314235e-02 -3.383855e-03
1.030724e+01 1.025928e-01 -5.204245e-03
1.030724e+01 1.448116e-01 -8.692033e-03
1.030724e+01 2.023460e-01 -1.250676e-02
1.030724e+01 2.834245e-01 -1.724434e-02
1.030724e+01 3.967448e-01 -2.155234e-02
1.030724e+01 5.552783e-01 -2.469492e-02
1.030724e+01 7.774819e-01 -2.562840e-02
1.030724e+01 1.088445e+00 -2.483783e-02
1.030724e+01 1.523711e+00 -2.447318e-02
1.030724e+01 2.088426e+00 -2.578987e-02
1.030724e+01 2.685505e+00 -2.535631e-02
1.053339e+01 1.570796e-02 -1.271321e-04
1.053339e+01 2.346256e-02 -3.634938e-04
1.053339e+01 3.503514e-02 -7.280251e-04
1.053339e+01 5.263151e-02 -1.470234e-03
1.053339e+01 7.314235e-02 -2.959411e-03
1.053339e+01 1.025928e-01 -4.554080e-03
1.053339e+01 1.448116e-01 -7.601276e-03
1.053339e+01 2.023460e-01 -1.095917e-02
1.053339e+01 2.834245e-01 -1.525285e-02
1.053339e+01 3.967448e-01 -1.932060e-02
1.053339e+01 5.552783e-01 -2.246277e-02
1.053339e+01 7.774819e-01 -2.368331e-02
1.053339e+01 1.088445e+00 -2.333435e-02
1.053339e+01 1.523711e+00 -2.329698e-02
1.053339e+01 2.088426e+00 -2.46428e-02
1.053339e+01 2.685505e+00 -2.421596e-02
1.076406e+01 1.570796e-02 -1.124899e-04
1.076406e+01 2.346256e-02 -3.132595e-04
1.076406e+01 3.503514e-02 -6.33339e-04
1.076406e+01 5.263151e-02 -1.283613e-03
1.076406e+01 7.314235e-02 -2.583947e-03
1.076406e+01 1.025928e-01 -3.967412e-03
1.076406e+01 1.448116e-01 -6.624831e-03
1.076406e+01 2.023460e-01 -9.570458e-03
1.076406e+01 2.834245e-01 -1.341817e-02
1.076406e+01 3.967448e-01 -1.720375e-02
1.076406e+01 5.552783e-01 -2.029506e-02
1.076406e+01 7.774819e-01 -2.174127e-02
1.076406e+01 1.088445e+00 -2.177186e-02
1.076406e+01 1.523711e+00 -2.205230e-02
1.076406e+01 2.088426e+00 -2.346196e-02
1.076406e+01 2.685505e+00 -2.294872e-02
1.099934e+01 1.570796e-02 -9.819402e-05
1.099934e+01 2.346256e-02 -2.694656e-04
1.099934e+01 3.503514e-02 -5.491279e-04
1.099934e+01 5.263151e-02 -1.115434e-03
1.099934e+01 7.314235e-02 -2.241927e-03
1.099934e+01 1.025928e-01 -3.445338e-03
1.099934e+01 1.448116e-01 -5.744133e-03
1.099934e+01 2.023460e-01 -8.329834e-03
1.099934e+01 2.834245e-01 -1.173232e-02
1.099934e+01 3.967448e-01 -1.521997e-02
1.099934e+01 5.552783e-01 -1.820620e-02
1.099934e+01 7.774819e-01 -1.981336e-02
1.099934e+01 1.088445e+00 -2.015012e-02
1.099934e+01 1.523711e+00 -2.072154e-02
1.099934e+01 2.088426e+00 -2.222233e-02
1.099934e+01 2.685505e+00 -2.163742e-02
1.123932e+01 1.570796e-02 -8.541375e-05
1.123932e+01 2.346256e-02 -2.316526e-04
1.123932e+01 3.503514e-02 -4.754929e-04
1.123932e+01 5.263151e-02 -9.639988e-04
1.123932e+01 7.314235e-02 -1.939147e-03
1.123932e+01 1.025928e-01 -2.976095e-03
1.123932e+01 1.448116e-01 -4.953277e-03
1.123932e+01 2.023460e-01 -7.222783e-03
1.123932e+01 2.834245e-01 -1.021539e-02
1.123932e+01 3.967448e-01 -1.337529e-02
1.123932e+01 5.552783e-01 -1.619195e-02
1.123932e+01 7.774819e-01 -1.79027e-02
1.123932e+01 1.088445e+00 -1.849441e-02
1.123932e+01 1.523711e+00 -1.926401e-02
1.123932e+01 2.088426e+00 -2.082315e-02
1.123932e+01 2.685505e+00 -2.0203e-02
1.148411e+01 1.570796e-02 -7.374309e-05
1.148411e+01 2.346256e-02 -1.987104e-04
1.148411e+01 3.503514e-02 -4.115623e-04
1.148411e+01 5.263151e-02 -8.345003e-04
1.148411e+01 7.314235e-02 -1.669164e-03
1.148411e+01 1.025928e-01 -2.564609e-03
1.148411e+01 1.448116e-01 -4.265918e-03
1.148411e+01 2.023460e-01 -6.231050e-03
1.148411e+01 2.834245e-01 -8.849849e-03
1.148411e+01 3.967448e-01 -1.166119e-02
1.148411e+01 5.552783e-01 -1.428386e-02
1.148411e+01 7.774819e-01 -1.603068e-02
1.148411e+01 1.088445e+00 -1.682966e-02
1.148411e+01 1.523711e+00 -1.779883e-02
1.148411e+01 2.088426e+00 -1.934865e-02
1.148411e+01 2.685505e+00 -1.869569e-02
1.173379e+01 1.570796e-02 -6.320856e-05
1.173379e+01 2.346256e-02 -1.686847e-04
1.173379e+01 3.503514e-02 -3.535535e-04
1.173379e+01 5.263151e-02 -7.147354e-04
1.173379e+01 7.314235e-02 -1.427051e-03
1.173379e+01 1.025928e-01 -2.202434e-03
1.173379e+01 1.448116e-01 -3.652647e-03
1.173379e+01 2.023460e-01 -5.357798e-03
1.173379e+01 2.834245e-01 -7.625508e-03
1.173379e+01 3.967448e-01 -1.011168e-02
1.173379e+01 5.552783e-01 -1.251918e-02
1.173379e+01 7.774819e-01 -1.425915e-02
1.173379e+01 1.088445e+00 -1.522048e-02
1.173379e+01 1.523711e+00 -1.634749e-02
1.173379e+01 2.088426e+00 -1.790054e-02
1.173379e+01 2.685505e+00 -1.717794e-02
1.198847e+01 1.570796e-02 -5.448001e-05
1.198847e+01 2.346256e-02 -1.429006e-04
1.198847e+01 3.503514e-02 -3.020072e-04
1.198847e+01 5.263151e-02 -6.109336e-04
1.198847e+01 7.314235e-02 -1.219720e-03
1.198847e+01 1.025928e-01 -1.884782e-03
1.198847e+01 1.448116e-01 -3.121153e-03
1.198847e+01 2.023460e-01 -4.591767e-03
1.198847e+01 2.834245e-01 -6.54085e-03
1.198847e+01 3.967448e-01 -8.727477e-03
1.198847e+01 5.552783e-01 -1.089912e-02
1.198847e+01 7.774819e-01 -1.258050e-02
1.198847e+01 1.088445e+00 -1.366168e-02
1.198847e+01 1.523711e+00 -1.489622e-02
1.198847e+01 2.088426e+00 -1.644865e-02
1.198847e+01 2.685505e+00 -1.579891e-02
1.224824e+01 1.570796e-02 -4.640481e-05
1.224824e+01 2.346256e-02 -1.198422e-04
1.224824e+01 3.503514e-02 -2.567911e-04
1.224824e+01 5.263151e-02 -5.188560e-04
1.224824e+01 7.314235e-02 -1.033788e-03
1.224824e+01 1.025928e-01 -1.605557e-03
1.224824e+01 1.448116e-01 -2.653931e-03
1.224824e+01 2.023460e-01 -3.911623e-03
1.224824e+01 2.834245e-01 -5.580169e-03
1.224824e+01 3.967448e-01 -7.484197e-03
1.224824e+01 5.552783e-01 -9.418981e-03
1.224824e+01 7.774819e-01 -1.104067e-02
1.224824e+01 1.088445e+00 -1.218085e-02
1.224824e+01 1.523711e+00 -1.351657e-02
1.224824e+01 2.088426e+00 -1.503474e-02
1.224824e+01 2.685505e+00 -1.444261e-02
1.251320e+01 1.570796e-02 -3.926193e-05
1.251320e+01 2.346256e-02 -9.831866e-05
1.251320e+01 3.503514e-02 -2.162184e-04
1.251320e+01 5.263151e-02 -4.384129e-04
1.251320e+01 7.314235e-02 -8.747866e-04
1.251320e+01 1.025928e-01 -1.362538e-03
1.251320e+01 1.448116e-01 -2.241359e-03
1.251320e+01 2.023460e-01 -3.312958e-03
1.251320e+01 2.834245e-01 -4.734736e-03
1.251320e+01 3.967448e-01 -6.371384e-03
1.251320e+01 5.552783e-01 -8.087446e-03
1.251320e+01 7.774819e-01 -9.614243e-03
1.251320e+01 1.088445e+00 -1.07971e-02
1.251320e+01 1.523711e+00 -1.214793e-02
1.251320e+01 2.088426e+00 -1.365936e-02
1.251320e+01 2.685505e+00 -1.313632e-02
1.278347e+01 1.570796e-02 -3.315921e-05
1.278347e+01 2.346256e-02 -8.232124e-05
1.278347e+01 3.503514e-02 -1.824759e-04
1.278347e+01 5.263151e-02 -3.696457e-04
1.278347e+01 7.314235e-02 -7.385205e-04
1.278347e+01 1.025928e-01 -1.146808e-03
1.278347e+01 1.448116e-01 -1.886950e-03
1.278347e+01 2.023460e-01 -2.791048e-03
1.278347e+01 2.834245e-01 -4.001723e-03
1.278347e+01 3.967448e-01 -5.391808e-03
1.278347e+01 5.552783e-01 -6.892326e-03
1.278347e+01 7.774819e-01 -8.326926e-03
1.278347e+01 1.088445e+00 -9.496692e-03
1.278347e+01 1.523711e+00 -1.084374e-02
1.278347e+01 2.088426e+00 -1.232095e-02
1.278347e+01 2.685505e+00 -1.190672e-02
1.305914e+01 1.570796e-02 -2.790899e-05
1.305914e+01 2.346256e-02 -6.87756e-05
1.305914e+01 3.503514e-02 -1.522138e-04
1.305914e+01 5.263151e-02 -3.090906e-04
1.305914e+01 7.314235e-02 -6.169858e-04
1.305914e+01 1.025928e-01 -9.604817e-04
1.305914e+01 1.448116e-01 -1.576398e-03
1.305914e+01 2.023460e-01 -2.339028e-03
1.305914e+01 2.834245e-01 -3.358818e-03
1.305914e+01 3.967448e-01 -4.533067e-03
1.305914e+01 5.552783e-01 -5.837866e-03
1.305914e+01 7.774819e-01 -7.152991e-03
1.305914e+01 1.088445e+00 -8.292021e-03
1.305914e+01 1.523711e+00 -9.628994e-03
1.305914e+01 2.088426e+00 -1.104347e-02
1.305914e+01 2.685505e+00 -1.076611e-02
1.334032e+01 1.570796e-02 -2.336798e-05
1.334032e+01 2.346256e-02 -5.664517e-05
1.334032e+01 3.503514e-02 -1.26542e-04
1.334032e+01 5.263151e-02 -2.563207e-04
1.334032e+01 7.314235e-02 -5.125551e-04
1.334032e+01 1.025928e-01 -7.969514e-04
1.334032e+01 1.448116e-01 -1.31226e-03
1.334032e+01 2.023460e-01 -1.952315e-03
1.334032e+01 2.834245e-01 -2.80401e-03
1.334032e+01 3.967448e-01 -3.796864e-03
1.334032e+01 5.552783e-01 -4.923391e-03
1.334032e+01 7.774819e-01 -6.108046e-03
1.334032e+01 1.088445e+00 -7.204108e-03
1.334032e+01 1.523711e+00 -8.487453e-03
1.334032e+01 2.088426e+00 -9.852380e-03
1.334032e+01 2.685505e+00 -9.649832e-03
1.362713e+01 1.570796e-02 -1.93902e-05
1.362713e+01 2.346256e-02 -4.674973e-05
1.362713e+01 3.503514e-02 -1.049839e-04
1.362713e+01 5.263151e-02 -2.124177e-04
1.362713e+01 7.314235e-02 -4.240529e-04
1.362713e+01 1.025928e-01 -6.588909e-04
1.362713e+01 1.448116e-01 -1.087553e-03
1.362713e+01 2.023460e-01 -1.617773e-03
1.362713e+01 2.834245e-01 -2.324513e-03
1.362713e+01 3.967448e-01 -3.158758e-03
1.362713e+01 5.552783e-01 -4.122017e-03
1.362713e+01 7.774819e-01 -5.186921e-03
1.362713e+01 1.088445e+00 -6.226438e-03
1.362713e+01 1.523711e+00 -7.451061e-03
1.362713e+01 2.088426e+00 -8.748057e-03
1.362713e+01 2.685505e+00 -8.606037e-03
1.391967e+01 1.570796e-02 -1.590180e-05
1.391967e+01 2.346256e-02 -3.811165e-05
1.391967e+01 3.503514e-02 -8.590679e-05
1.391967e+01 5.263151e-02 -1.759727e-04
1.391967e+01 7.314235e-02 -3.48278e-04
1.391967e+01 1.025928e-01 -5.422e-04
1.391967e+01 1.448116e-01 -8.929881e-04
1.391967e+01 2.023460e-01 -1.334383e-03
1.391967e+01 2.834245e-01 -1.913794e-03
1.391967e+01 3.967448e-01 -2.612693e-03
1.391967e+01 5.552783e-01 -3.437025e-03
1.391967e+01 7.774819e-01 -4.376675e-03
1.391967e+01 1.088445e+00 -5.337278e-03
1.391967e+01 1.523711e+00 -6.511275e-03
1.391967e+01 2.088426e+00 -7.705507e-03
1.391967e+01 2.685505e+00 -7.636625e-03
1.421806e+01 1.570796e-02 -1.321998e-05
1.421806e+01 2.346256e-02 -3.156353e-05
1.421806e+01 3.503514e-02 -7.114458e-05
1.421806e+01 5.263151e-02 -1.451531e-04
1.421806e+01 7.314235e-02 -2.857428e-04
1.421806e+01 1.025928e-01 -4.431408e-04
1.421806e+01 1.448116e-01 -7.325859e-04
1.421806e+01 2.023460e-01 -1.095736e-03
1.421806e+01 2.834245e-01 -1.574474e-03
1.421806e+01 3.967448e-01 -2.152247e-03
1.421806e+01 5.552783e-01 -2.853944e-03
1.421806e+01 7.774819e-01 -3.672024e-03
1.421806e+01 1.088445e+00 -4.540068e-03
1.421806e+01 1.523711e+00 -5.643643e-03
1.421806e+01 2.088426e+00 -6.749123e-03
1.421806e+01 2.685505e+00 -6.718697e-03
1.452242e+01 1.570796e-02 -1.098609e-05
1.452242e+01 2.346256e-02 -2.534093e-05
1.452242e+01 3.503514e-02 -5.766429e-05
1.452242e+01 5.263151e-02 -1.178237e-04
1.452242e+01 7.314235e-02 -2.322883e-04
1.452242e+01 1.025928e-01 -3.620736e-04
1.452242e+01 1.448116e-01 -5.981355e-04
1.452242e+01 2.023460e-01 -8.959137e-04
1.452242e+01 2.834245e-01 -1.285107e-03
1.452242e+01 3.967448e-01 -1.766426e-03
1.452242e+01 5.552783e-01 -2.354465e-03
1.452242e+01 7.774819e-01 -3.060362e-03
1.452242e+01 1.088445e+00 -3.859828e-03
1.452242e+01 1.523711e+00 -4.868169e-03
1.452242e+01 2.088426e+00 -5.893766e-03
1.452242e+01 2.685505e+00 -5.934985e-03
1.483287e+01 1.570796e-02 -8.760855e-06
1.483287e+01 2.346256e-02 -2.015906e-05
1.483287e+01 3.503514e-02 -4.651373e-05
1.483287e+01 5.263151e-02 -9.573076e-05
1.483287e+01 7.314235e-02 -1.873545e-04
1.483287e+01 1.025928e-01 -2.918457e-04
1.483287e+01 1.448116e-01 -4.83937e-04
1.483287e+01 2.023460e-01 -7.27769e-04
1.483287e+01 2.834245e-01 -1.042859e-03
1.483287e+01 3.967448e-01 -1.436771e-03
1.483287e+01 5.552783e-01 -1.928871e-03
1.483287e+01 7.774819e-01 -2.533132e-03
1.483287e+01 1.088445e+00 -3.255457e-03
1.483287e+01 1.523711e+00 -4.161376e-03
1.483287e+01 2.088426e+00 -5.115942e-03
1.483287e+01 2.685505e+00 -5.213467e-03
1.514953e+01 1.570796e-02 -7.226740e-06
1.514953e+01 2.346256e-02 -1.61183e-05
1.514953e+01 3.503514e-02 -3.759253e-05
1.514953e+01 5.263151e-02 -7.685541e-05
1.514953e+01 7.314235e-02 -1.515778e-04
1.514953e+01 1.025928e-01 -2.369712e-04
1.514953e+01 1.448116e-01 -3.911733e-04
1.514953e+01 2.023460e-01 -5.886913e-04
1.514953e+01 2.834245e-01 -8.427706e-04
1.514953e+01 3.967448e-01 -1.166844e-03
1.514953e+01 5.552783e-01 -1.575655e-03
1.514953e+01 7.774819e-01 -2.090058e-03
1.514953e+01 1.088445e+00 -2.724780e-03
1.514953e+01 1.523711e+00 -3.540764e-03
1.514953e+01 2.088426e+00 -4.387099e-03
1.514953e+01 2.685505e+00 -4.509025e-03
1.547252e+01 1.570796e-02 -5.864516e-06
1.547252e+01 2.346256e-02 -1.273429e-05
1.547252e+01 3.503514e-02 -2.989345e-05
1.547252e+01 5.263151e-02 -6.105286e-05
1.547252e+01 7.314235e-02 -1.211477e-04
1.547252e+01 1.025928e-01 -1.893352e-04
1.547252e+01 1.448116e-01 -3.145079e-04
1.547252e+01 2.023460e-01 -4.732786e-04
1.547252e+01 2.834245e-01 -6.750549e-04
1.547252e+01 3.967448e-01 -9.374726e-04
1.547252e+01 5.552783e-01 -1.274791e-03
1.547252e+01 7.774819e-01 -1.705917e-03
1.547252e+01 1.088445e+00 -2.260314e-03
1.547252e+01 1.523711e+00 -2.981181e-03
1.547252e+01 2.088426e+00 -3.737480e-03
1.547252e+01 2.685505e+00 -3.87551e-03
1.580197e+01 1.570796e-02 -4.749634e-06
1.580197e+01 2.346256e-02 -1.041039e-05
1.580197e+01 3.503514e-02 -2.424424e-05
1.580197e+01 5.263151e-02 -4.821212e-05
1.580197e+01 7.314235e-02 -9.737481e-05
1.580197e+01 1.025928e-01 -1.510527e-04
1.580197e+01 1.448116e-01 -2.512313e-04
1.580197e+01 2.023460e-01 -3.770006e-04
1.580197e+01 2.834245e-01 -5.391134e-04
1.580197e+01 3.967448e-01 -7.511745e-04
1.580197e+01 5.552783e-01 -1.026323e-03
1.580197e+01 7.774819e-01 -1.386023e-03
1.580197e+01 1.088445e+00 -1.862265e-03
1.580197e+01 1.523711e+00 -2.500518e-03
1.580197e+01 2.088426e+00 -3.168355e-03
1.580197e+01 2.685505e+00 -3.285942e-03
1.613801e+01 1.570796e-02 -3.84028e-06
1.613801e+01 2.346256e-02 -8.018506e-06
1.613801e+01 3.503514e-02 -1.956585e-05
1.613801e+01 5.263151e-02 -3.743625e-05
1.613801e+01 7.314235e-02 -7.723814e-05
1.613801e+01 1.025928e-01 -1.196724e-04
1.613801e+01 1.448116e-01 -1.973156e-04
1.613801e+01 2.023460e-01 -3.000971e-04
1.613801e+01 2.834245e-01 -4.286694e-04
1.613801e+01 3.967448e-01 -5.986183e-04
1.613801e+01 5.552783e-01 -8.232782e-04
1.613801e+01 7.774819e-01 -1.119814e-03
1.613801e+01 1.088445e+00 -1.52807e-03
1.613801e+01 1.523711e+00 -2.078936e-03
1.613801e+01 2.088426e+00 -2.662350e-03
1.613801e+01 2.685505e+00 -2.763029e-03
1.648077e+01 1.570796e-02 -3.026170e-06
1.648077e+01 2.346256e-02 -6.344537e-06
1.648077e+01 3.503514e-02 -1.555654e-05
1.648077e+01 5.263151e-02 -2.961193e-05
1.648077e+01 7.314235e-02 -6.047773e-05
1.648077e+01 1.025928e-01 -9.381860e-05
1.648077e+01 1.448116e-01 -1.567817e-04
1.648077e+01 2.023460e-01 -2.366747e-04
1.648077e+01 2.834245e-01 -3.384632e-04
1.648077e+01 3.967448e-01 -4.738005e-04
1.648077e+01 5.552783e-01 -6.549918e-04
1.648077e+01 7.774819e-01 -9.005986e-04
1.648077e+01 1.088445e+00 -1.248895e-03
1.648077e+01 1.523711e+00 -1.723974e-03
1.648077e+01 2.088426e+00 -2.230368e-03
1.648077e+01 2.685505e+00 -2.320867e-03
1.683038e+01 1.570796e-02 -2.389503e-06
1.683038e+01 2.346256e-02 -4.973977e-06
1.683038e+01 3.503514e-02 -1.219493e-05
1.683038e+01 5.263151e-02 -2.333262e-05
1.683038e+01 7.314235e-02 -4.718734e-05
1.683038e+01 1.025928e-01 -7.321907e-05
1.683038e+01 1.448116e-01 -1.235214e-04
1.683038e+01 2.023460e-01 -1.859057e-04
1.683038e+01 2.834245e-01 -2.664174e-04
1.683038e+01 3.967448e-01 -3.737998e-04
1.683038e+01 5.552783e-01 -5.193941e-04
1.683038e+01 7.774819e-01 -7.202505e-04
1.683038e+01 1.088445e+00 -1.005929e-03
1.683038e+01 1.523711e+00 -1.402863e-03
1.683038e+01 2.088426e+00 -1.834948e-03
1.683038e+01 2.685505e+00 -1.915082e-03
1.718699e+01 1.570796e-02 -1.871839e-06
1.718699e+01 2.346256e-02 -3.665349e-06
1.718699e+01 3.503514e-02 -9.641127e-06
1.718699e+01 5.263151e-02 -1.809526e-05
1.718699e+01 7.314235e-02 -3.638126e-05
1.718699e+01 1.025928e-01 -5.649053e-05
1.718699e+01 1.448116e-01 -9.585341e-05
1.718699e+01 2.023460e-01 -1.438519e-04
1.718699e+01 2.834245e-01 -2.065746e-04
1.718699e+01 3.967448e-01 -2.907901e-04
1.718699e+01 5.552783e-01 -4.056812e-04
1.718699e+01 7.774819e-01 -5.677513e-04
1.718699e+01 1.088445e+00 -8.023408e-04
1.718699e+01 1.523711e+00 -1.134848e-03
1.718699e+01 2.088426e+00 -1.493809e-03
1.718699e+01 2.685505e+00 -1.578109e-03
1.755073e+01 1.570796e-02 -1.516606e-06
1.755073e+01 2.346256e-02 -2.780619e-06
1.755073e+01 3.503514e-02 -7.345922e-06
1.755073e+01 5.263151e-02 -1.383049e-05
1.755073e+01 7.314235e-02 -2.757439e-05
1.755073e+01 1.025928e-01 -4.286675e-05
1.755073e+01 1.448116e-01 -7.301926e-05
1.755073e+01 2.023460e-01 -1.104507e-04
1.755073e+01 2.834245e-01 -1.583816e-04
1.755073e+01 3.967448e-01 -2.242935e-04
1.755073e+01 5.552783e-01 -3.141975e-04
1.755073e+01 7.774819e-01 -4.445030e-04
1.755073e+01 1.088445e+00 -6.33102e-04
1.755073e+01 1.523711e+00 -9.044108e-04
1.755073e+01 2.088426e+00 -1.202119e-03
1.755073e+01 2.685505e+00 -1.26723e-03
1.792175e+01 1.570796e-02 -1.206392e-06
1.792175e+01 2.346256e-02 -2.072623e-06
1.792175e+01 3.503514e-02 -5.696889e-06
1.792175e+01 5.263151e-02 -1.075029e-05
1.792175e+01 7.314235e-02 -2.107313e-05
1.792175e+01 1.025928e-01 -3.279287e-05
1.792175e+01 1.448116e-01 -5.563669e-05
1.792175e+01 2.023460e-01 -8.434383e-05
1.792175e+01 2.834245e-01 -1.220773e-04
1.792175e+01 3.967448e-01 -1.729755e-04
1.792175e+01 5.552783e-01 -2.431749e-04
1.792175e+01 7.774819e-01 -3.498868e-04
1.792175e+01 1.088445e+00 -4.990815e-04
1.792175e+01 1.523711e+00 -7.183185e-04
1.792175e+01 2.088426e+00 -9.566754e-04
1.792175e+01 2.685505e+00 -1.017647e-03
1.830018e+01 1.570796e-02 -9.170331e-07
1.830018e+01 2.346256e-02 -1.484964e-06
1.830018e+01 3.503514e-02 -4.347173e-06
1.830018e+01 5.263151e-02 -8.256943e-06
1.830018e+01 7.314235e-02 -1.596805e-05
1.830018e+01 1.025928e-01 -2.458612e-05
1.830018e+01 1.448116e-01 -4.181566e-05
1.830018e+01 2.023460e-01 -6.376017e-05
1.830018e+01 2.834245e-01 -9.191659e-05
1.830018e+01 3.967448e-01 -1.300115e-04
1.830018e+01 5.552783e-01 -1.853971e-04
1.830018e+01 7.774819e-01 -2.688343e-04
1.830018e+01 1.088445e+00 -3.861572e-04
1.830018e+01 1.523711e+00 -5.610287e-04
1.830018e+01 2.088426e+00 -7.506847e-04
1.830018e+01 2.685505e+00 -7.916932e-04
1.868618e+01 1.570796e-02 -6.951039e-07
1.868618e+01 2.346256e-02 -1.046909e-06
1.868618e+01 3.503514e-02 -3.184089e-06
1.868618e+01 5.263151e-02 -6.122221e-06
1.868618e+01 7.314235e-02 -1.17548e-05
1.868618e+01 1.025928e-01 -1.817331e-05
1.868618e+01 1.448116e-01 -3.082034e-05
1.868618e+01 2.023460e-01 -4.690818e-05
1.868618e+01 2.834245e-01 -6.740733e-05
1.868618e+01 3.967448e-01 -9.575624e-05
1.868618e+01 5.552783e-01 -1.376258e-04
1.868618e+01 7.774819e-01 -2.031357e-04
1.868618e+01 1.088445e+00 -2.912647e-04
1.868618e+01 1.523711e+00 -4.257203e-04
1.868618e+01 2.088426e+00 -5.714733e-04
1.868618e+01 2.685505e+00 -6.044729e-04
1.907991e+01 1.570796e-02 -5.141550e-07
1.907991e+01 2.346256e-02 -7.706519e-07
1.907991e+01 3.503514e-02 -2.237981e-06
1.907991e+01 5.263151e-02 -4.506310e-06
1.907991e+01 7.314235e-02 -8.582359e-06
1.907991e+01 1.025928e-01 -1.309952e-05
1.907991e+01 1.448116e-01 -2.239166e-05
1.907991e+01 2.023460e-01 -3.417332e-05
1.907991e+01 2.834245e-01 -4.900311e-05
1.907991e+01 3.967448e-01 -7.052387e-05
1.907991e+01 5.552783e-01 -1.010759e-04
1.907991e+01 7.774819e-01 -1.502999e-04
1.907991e+01 1.088445e+00 -2.172036e-04
1.907991e+01 1.523711e+00 -3.173791e-04
1.907991e+01 2.088426e+00 -4.284517e-04
1.907991e+01 2.685505e+00 -4.519593e-04
1.948151e+01 1.570796e-02 -3.819412e-07
1.948151e+01 2.346256e-02 -5.488008e-07
1.948151e+01 3.503514e-02 -1.559205e-06
1.948151e+01 5.263151e-02 -3.289538e-06
1.948151e+01 7.314235e-02 -6.036423e-06
1.948151e+01 1.025928e-01 -9.193159e-06
1.948151e+01 1.448116e-01 -1.614666e-05
1.948151e+01 2.023460e-01 -2.479713e-05
1.948151e+01 2.834245e-01 -3.500372e-05
1.948151e+01 3.967448e-01 -5.066899e-05
1.948151e+01 5.552783e-01 -7.338369e-05
1.948151e+01 7.774819e-01 -1.103752e-04
1.948151e+01 1.088445e+00 -1.592562e-04
1.948151e+01 1.523711e+00 -2.333605e-04
1.948151e+01 2.088426e+00 -3.161752e-04
1.948151e+01 2.685505e+00 -3.333204e-04
1.989114e+01 1.570796e-02 -2.734568e-07
1.989114e+01 2.346256e-02 -3.693781e-07
1.989114e+01 3.503514e-02 -1.091761e-06
1.989114e+01 5.263151e-02 -2.288053e-06
1.989114e+01 7.314235e-02 -4.295695e-06
1.989114e+01 1.025928e-01 -6.395938e-06
1.989114e+01 1.448116e-01 -1.145811e-05
1.989114e+01 2.023460e-01 -1.754757e-05
1.989114e+01 2.834245e-01 -2.477372e-05
1.989114e+01 3.967448e-01 -3.603739e-05
1.989114e+01 5.552783e-01 -5.280219e-05
1.989114e+01 7.774819e-01 -7.930902e-05
1.989114e+01 1.088445e+00 -1.142228e-04
1.989114e+01 1.523711e+00 -1.671428e-04
1.989114e+01 2.088426e+00 -2.276108e-04
1.989114e+01 2.685505e+00 -2.427605e-04
2.030896e+01 1.570796e-02 -2.013159e-07
2.030896e+01 2.346256e-02 -2.503065e-07
2.030896e+01 3.503514e-02 -7.778547e-07
2.030896e+01 5.263151e-02 -1.552915e-06
2.030896e+01 7.314235e-02 -2.873334e-06
2.030896e+01 1.025928e-01 -4.374217e-06
2.030896e+01 1.448116e-01 -7.818480e-06
2.030896e+01 2.023460e-01 -1.219637e-05
2.030896e+01 2.834245e-01 -1.709874e-05
2.030896e+01 3.967448e-01 -2.495123e-05
2.030896e+01 5.552783e-01 -3.686947e-05
2.030896e+01 7.774819e-01 -5.593773e-05
2.030896e+01 1.088445e+00 -8.035999e-05
2.030896e+01 1.523711e+00 -1.174585e-04
2.030896e+01 2.088426e+00 -1.62182e-04
2.030896e+01 2.685505e+00 -1.737794e-04
2.073514e+01 1.570796e-02 -1.298927e-07
2.073514e+01 2.346256e-02 -1.739797e-07
2.073514e+01 3.503514e-02 -5.273573e-07
2.073514e+01 5.263151e-02 -1.011705e-06
2.073514e+01 7.314235e-02 -1.86594e-06
2.073514e+01 1.025928e-01 -2.893555e-06
2.073514e+01 1.448116e-01 -5.225539e-06
2.073514e+01 2.023460e-01 -8.207900e-06
2.073514e+01 2.834245e-01 -1.14765e-05
2.073514e+01 3.967448e-01 -1.693921e-05
2.073514e+01 5.552783e-01 -2.519452e-05
2.073514e+01 7.774819e-01 -3.828928e-05
2.073514e+01 1.088445e+00 -5.501253e-05
2.073514e+01 1.523711e+00 -8.130116e-05
2.073514e+01 2.088426e+00 -1.131477e-04
2.073514e+01 2.685505e+00 -1.214655e-04
2.116984e+01 1.570796e-02 -8.331936e-08
2.116984e+01 2.346256e-02 -9.004408e-08
2.116984e+01 3.503514e-02 -3.486655e-07
2.116984e+01 5.263151e-02 -6.335241e-07
2.116984e+01 7.314235e-02 -1.225786e-06
2.116984e+01 1.025928e-01 -1.900973e-06
2.116984e+01 1.448116e-01 -3.442242e-06
2.116984e+01 2.023460e-01 -5.316315e-06
2.116984e+01 2.834245e-01 -7.453704e-06
2.116984e+01 3.967448e-01 -1.126539e-05
2.116984e+01 5.552783e-01 -1.672893e-05
2.116984e+01 7.774819e-01 -2.562763e-05
2.116984e+01 1.088445e+00 -3.693687e-05
2.116984e+01 1.523711e+00 -5.442891e-05
2.116984e+01 2.088426e+00 -7.643548e-05
2.116984e+01 2.685505e+00 -8.314924e-05
2.161324e+01 1.570796e-02 -5.647395e-08
2.161324e+01 2.346256e-02 -5.364780e-08
2.161324e+01 3.503514e-02 -2.312519e-07
2.161324e+01 5.263151e-02 -4.04248e-07
2.161324e+01 7.314235e-02 -7.941910e-07
2.161324e+01 1.025928e-01 -1.262035e-06
2.161324e+01 1.448116e-01 -2.260863e-06
2.161324e+01 2.023460e-01 -3.477205e-06
2.161324e+01 2.834245e-01 -4.927596e-06
2.161324e+01 3.967448e-01 -7.438893e-06
2.161324e+01 5.552783e-01 -1.118978e-05
2.161324e+01 7.774819e-01 -1.714209e-05
2.161324e+01 1.088445e+00 -2.480312e-05
2.161324e+01 1.523711e+00 -3.638613e-05
2.161324e+01 2.088426e+00 -5.146517e-05
2.161324e+01 2.685505e+00 -5.640634e-05
2.206550e+01 1.570796e-02 -3.186509e-08
2.206550e+01 2.346256e-02 -4.143528e-08
2.206550e+01 3.503514e-02 -1.45807e-07
2.206550e+01 5.263151e-02 -2.55125e-07
2.206550e+01 7.314235e-02 -5.009604e-07
2.206550e+01 1.025928e-01 -7.823474e-07
2.206550e+01 1.448116e-01 -1.401180e-06
2.206550e+01 2.023460e-01 -2.172723e-06
2.206550e+01 2.834245e-01 -3.086785e-06
2.206550e+01 3.967448e-01 -4.679796e-06
2.206550e+01 5.552783e-01 -7.209998e-06
2.206550e+01 7.774819e-01 -1.103105e-05
2.206550e+01 1.088445e+00 -1.614189e-05
2.206550e+01 1.523711e+00 -2.387848e-05
2.206550e+01 2.088426e+00 -3.379791e-05
2.206550e+01 2.685505e+00 -3.704821e-05
2.252681e+01 1.570796e-02 -2.242979e-08
2.252681e+01 2.346256e-02 -1.716993e-08
2.252681e+01 3.503514e-02 -8.779951e-08
2.252681e+01 5.263151e-02 -1.608878e-07
2.252681e+01 7.314235e-02 -2.873983e-07
2.252681e+01 1.025928e-01 -4.79195e-07
2.252681e+01 1.448116e-01 -8.764801e-07
2.252681e+01 2.023460e-01 -1.395986e-06
2.252681e+01 2.834245e-01 -1.931070e-06
2.252681e+01 3.967448e-01 -2.949339e-06
2.252681e+01 5.552783e-01 -4.549199e-06
2.252681e+01 7.774819e-01 -7.148949e-06
2.252681e+01 1.088445e+00 -1.025462e-05
2.252681e+01 1.523711e+00 -1.542725e-05
2.252681e+01 2.088426e+00 -2.178914e-05
2.252681e+01 2.685505e+00 -2.261537e-05
2.299735e+01 1.570796e-02 -1.278451e-08
2.299735e+01 2.346256e-02 -1.424696e-08
2.299735e+01 3.503514e-02 -5.102623e-08
2.299735e+01 5.263151e-02 -9.663302e-08
2.299735e+01 7.314235e-02 -1.908514e-07
2.299735e+01 1.025928e-01 -2.850770e-07
2.299735e+01 1.448116e-01 -5.080646e-07
2.299735e+01 2.023460e-01 -8.468604e-07
2.299735e+01 2.834245e-01 -1.153109e-06
2.299735e+01 3.967448e-01 -1.788494e-06
2.299735e+01 5.552783e-01 -2.801719e-06
2.299735e+01 7.774819e-01 -4.301337e-06
2.299735e+01 1.088445e+00 -6.383046e-06
2.299735e+01 1.523711e+00 -9.824e-06
2.299735e+01 2.088426e+00 -1.378625e-05
2.299735e+01 2.685505e+00 -1.456217e-05
2.34773e+01 1.570796e-02 4.359130e-10
2.34773e+01 2.346256e-02 1.10803e-09
2.34773e+01 3.503514e-02 2.246015e-09
2.34773e+01 5.263151e-02 4.600258e-09
2.34773e+01 7.314235e-02 9.617871e-09
2.34773e+01 1.025928e-01 1.434157e-08
2.34773e+01 1.448116e-01 2.435908e-08
2.34773e+01 2.023460e-01 3.563363e-08
2.34773e+01 2.834245e-01 5.206259e-08
2.34773e+01 3.967448e-01 7.401966e-08
2.34773e+01 5.552783e-01 1.041328e-07
2.34773e+01 7.774819e-01 1.371656e-07
2.34773e+01 1.088445e+00 1.562758e-07
2.34773e+01 1.523711e+00 1.428756e-07
2.34773e+01 2.088426e+00 1.019936e-07
2.34773e+01 2.685505e+00 5.218388e-08
2.396684e+01 1.570796e-02 4.083945e-10
2.396684e+01 2.346256e-02 1.036296e-09
2.396684e+01 3.503514e-02 2.103771e-09
2.396684e+01 5.263151e-02 4.304447e-09
2.396684e+01 7.314235e-02 9.006188e-09
2.396684e+01 1.025928e-01 1.342576e-08
2.396684e+01 1.448116e-01 2.282545e-08
2.396684e+01 2.023460e-01 3.348694e-08
2.396684e+01 2.834245e-01 4.917138e-08
2.396684e+01 3.967448e-01 7.039173e-08
2.396684e+01 5.552783e-01 9.968196e-08
2.396684e+01 7.774819e-01 1.320502e-07
2.396684e+01 1.088445e+00 1.515468e-07
2.396684e+01 1.523711e+00 1.402934e-07
2.396684e+01 2.088426e+00 1.018969e-07
2.396684e+01 2.685505e+00 5.261062e-08
2.446618e+01 1.570796e-02 3.811119e-10
2.446618e+01 2.346256e-02 9.664431e-10
2.446618e+01 3.503514e-02 1.963810e-09
2.446618e+01 5.263151e-02 4.013921e-09
2.446618e+01 7.314235e-02 8.404534e-09
2.446618e+01 1.025928e-01 1.25282e-08
2.446618e+01 1.448116e-01 2.132762e-08
2.446618e+01 2.023460e-01 3.137933e-08
2.446618e+01 2.834245e-01 4.631881e-08
2.446618e+01 3.967448e-01 6.677112e-08
2.446618e+01 5.552783e-01 9.520525e-08
2.446618e+01 7.774819e-01 1.267521e-07
2.446618e+01 1.088445e+00 1.465144e-07
2.446618e+01 1.523711e+00 1.377188e-07
2.446618e+01 2.088426e+00 1.019828e-07
2.446618e+01 2.685505e+00 5.30607e-08
2.497550e+01 1.570796e-02 3.543498e-10
2.497550e+01 2.346256e-02 8.983758e-10
2.497550e+01 3.503514e-02 1.826964e-09
2.497550e+01 5.263151e-02 3.729558e-09
2.497550e+01 7.314235e-02 7.818808e-09
2.497550e+01 1.025928e-01 1.16493e-08
2.497550e+01 1.448116e-01 1.986465e-08
2.497550e+01 2.023460e-01 2.931465e-08
2.497550e+01 2.834245e-01 4.351798e-08
2.497550e+01 3.967448e-01 6.316002e-08
2.497550e+01 5.552783e-01 9.059213e-08
2.497550e+01 7.774819e-01 1.212876e-07
2.497550e+01 1.088445e+00 1.412683e-07
2.497550e+01 1.523711e+00 1.349220e-07
2.497550e+01 2.088426e+00 1.020352e-07
2.497550e+01 2.685505e+00 5.361081e-08
2.549501e+01 1.570796e-02 3.281684e-10
2.549501e+01 2.346256e-02 8.321541e-10
2.549501e+01 3.503514e-02 1.692680e-09
2.549501e+01 5.263151e-02 3.453049e-09
2.549501e+01 7.314235e-02 7.244754e-09
2.549501e+01 1.025928e-01 1.078942e-08
2.549501e+01 1.448116e-01 1.843403e-08
2.549501e+01 2.023460e-01 2.729431e-08
2.549501e+01 2.834245e-01 4.074711e-08
2.549501e+01 3.967448e-01 5.954639e-08
2.549501e+01 5.552783e-01 8.591221e-08
2.549501e+01 7.774819e-01 1.155752e-07
2.549501e+01 1.088445e+00 1.358049e-07
2.549501e+01 1.523711e+00 1.318811e-07
2.549501e+01 2.088426e+00 1.021073e-07
2.549501e+01 2.685505e+00 5.449556e-08
2.602491e+01 1.570796e-02 3.027965e-10
2.602491e+01 2.346256e-02 7.68349e-10
2.602491e+01 3.503514e-02 1.561707e-09
2.602491e+01 5.263151e-02 3.184081e-09
2.602491e+01 7.314235e-02 6.685373e-09
2.602491e+01 1.025928e-01 9.956089e-09
2.602491e+01 1.448116e-01 1.703427e-08
2.602491e+01 2.023460e-01 2.532178e-08
2.602491e+01 2.834245e-01 3.802463e-08
2.602491e+01 3.967448e-01 5.592467e-08
2.602491e+01 5.552783e-01 8.112551e-08
2.602491e+01 7.774819e-01 1.097115e-07
2.602491e+01 1.088445e+00 1.299914e-07
2.602491e+01 1.523711e+00 1.286425e-07
2.602491e+01 2.088426e+00 1.020319e-07
2.602491e+01 2.685505e+00 5.571251e-08
2.656541e+01 1.570796e-02 2.778761e-10
2.656541e+01 2.346256e-02 7.059048e-10
2.656541e+01 3.503514e-02 1.433620e-09
2.656541e+01 5.263151e-02 2.922248e-09
2.656541e+01 7.314235e-02 6.140961e-09
2.656541e+01 1.025928e-01 9.144985e-09
2.656541e+01 1.448116e-01 1.567388e-08
2.656541e+01 2.023460e-01 2.339453e-08
2.656541e+01 2.834245e-01 3.533802e-08
2.656541e+01 3.967448e-01 5.228609e-08
2.656541e+01 5.552783e-01 7.622542e-08
2.656541e+01 7.774819e-01 1.036045e-07
2.656541e+01 1.088445e+00 1.239526e-07
2.656541e+01 1.523711e+00 1.250555e-07
2.656541e+01 2.088426e+00 1.01927e-07
2.656541e+01 2.685505e+00 5.737229e-08
2.711672e+01 1.570796e-02 2.538948e-10
2.711672e+01 2.346256e-02 6.449788e-10
2.711672e+01 3.503514e-02 1.309614e-09
2.711672e+01 5.263151e-02 2.667683e-09
2.711672e+01 7.314235e-02 5.611289e-09
2.711672e+01 1.025928e-01 8.355841e-09
2.711672e+01 1.448116e-01 1.434751e-08
2.711672e+01 2.023460e-01 2.151058e-08
2.711672e+01 2.834245e-01 3.267445e-08
2.711672e+01 3.967448e-01 4.861907e-08
2.711672e+01 5.552783e-01 7.121837e-08
2.711672e+01 7.774819e-01 9.730126e-08
2.711672e+01 1.088445e+00 1.17593e-07
2.711672e+01 1.523711e+00 1.211411e-07
2.711672e+01 2.088426e+00 1.016319e-07
2.711672e+01 2.685505e+00 5.947347e-08
2.767905e+01 1.570796e-02 2.303334e-10
2.767905e+01 2.346256e-02 5.860597e-10
2.767905e+01 3.503514e-02 1.188303e-09
2.767905e+01 5.263151e-02 2.42025e-09
2.767905e+01 7.314235e-02 5.094846e-09
2.767905e+01 1.025928e-01 7.590454e-09
2.767905e+01 1.448116e-01 1.305023e-08
2.767905e+01 2.023460e-01 1.966171e-08
2.767905e+01 2.834245e-01 3.003017e-08
2.767905e+01 3.967448e-01 4.49129e-08
2.767905e+01 5.552783e-01 6.608897e-08
2.767905e+01 7.774819e-01 9.079039e-08
2.767905e+01 1.088445e+00 1.108896e-07
2.767905e+01 1.523711e+00 1.167357e-07
2.767905e+01 2.088426e+00 1.010984e-07
2.767905e+01 2.685505e+00 6.209767e-08
2.825263e+01 1.570796e-02 2.074570e-10
2.825263e+01 2.346256e-02 5.28449e-10
2.825263e+01 3.503514e-02 1.069642e-09
2.825263e+01 5.263151e-02 2.179473e-09
2.825263e+01 7.314235e-02 4.591508e-09
2.825263e+01 1.025928e-01 6.844237e-09
2.825263e+01 1.448116e-01 1.178332e-08
2.825263e+01 2.023460e-01 1.784005e-08
2.825263e+01 2.834245e-01 2.739192e-08
2.825263e+01 3.967448e-01 4.116898e-08
2.825263e+01 5.552783e-01 6.085771e-08
2.825263e+01 7.774819e-01 8.409767e-08
2.825263e+01 1.088445e+00 1.038301e-07
2.825263e+01 1.523711e+00 1.118782e-07
2.825263e+01 2.088426e+00 1.002673e-07
2.825263e+01 2.685505e+00 6.502174e-08
2.883769e+01 1.570796e-02 1.851405e-10
2.883769e+01 2.346256e-02 4.724035e-10
2.883769e+01 3.503514e-02 9.546301e-10
2.883769e+01 5.263151e-02 1.945593e-09
2.883769e+01 7.314235e-02 4.101101e-09
2.883769e+01 1.025928e-01 6.116362e-09
2.883769e+01 1.448116e-01 1.054425e-08
2.883769e+01 2.023460e-01 1.604637e-08
2.883769e+01 2.834245e-01 2.476338e-08
2.883769e+01 3.967448e-01 3.73838e-08
2.883769e+01 5.552783e-01 5.549925e-08
2.883769e+01 7.774819e-01 7.712060e-08
2.883769e+01 1.088445e+00 9.636986e-08
2.883769e+01 1.523711e+00 1.063027e-07
2.883769e+01 2.088426e+00 9.888814e-08
2.883769e+01 2.685505e+00 6.815188e-08
2.943444e+01 1.570796e-02 1.633838e-10
2.943444e+01 2.346256e-02 4.175639e-10
2.943444e+01 3.503514e-02 8.422705e-10
2.943444e+01 5.263151e-02 1.717301e-09
2.943444e+01 7.314235e-02 3.623175e-09
2.943444e+01 1.025928e-01 5.405928e-09
2.943444e+01 1.448116e-01 9.334296e-09
2.943444e+01 2.023460e-01 1.427399e-08
2.943444e+01 2.834245e-01 2.214080e-08
2.943444e+01 3.967448e-01 3.356464e-08
2.943444e+01 5.552783e-01 5.002421e-08
2.943444e+01 7.774819e-01 6.99304e-08
2.943444e+01 1.088445e+00 8.844851e-08
2.943444e+01 1.523711e+00 9.998675e-08
2.943444e+01 2.088426e+00 9.676749e-08
2.943444e+01 2.685505e+00 7.147909e-08
3.004313e+01 1.570796e-02 1.421322e-10
3.004313e+01 2.346256e-02 3.640171e-10
3.004313e+01 3.503514e-02 7.328773e-10
3.004313e+01 5.263151e-02 1.494915e-09
3.004313e+01 7.314235e-02 3.157230e-09
3.004313e+01 1.025928e-01 4.715056e-09
3.004313e+01 1.448116e-01 8.148712e-09
3.004313e+01 2.023460e-01 1.252721e-08
3.004313e+01 2.834245e-01 1.951985e-08
3.004313e+01 3.967448e-01 2.969273e-08
3.004313e+01 5.552783e-01 4.443866e-08
3.004313e+01 7.774819e-01 6.245817e-08
3.004313e+01 1.088445e+00 8.004344e-08
3.004313e+01 1.523711e+00 9.2756e-08
3.004313e+01 2.088426e+00 9.370477e-08
3.004313e+01 2.685505e+00 7.439493e-08
3.066399e+01 1.570796e-02 1.215308e-10
3.066399e+01 2.346256e-02 3.117272e-10
3.066399e+01 3.503514e-02 6.260627e-10
3.066399e+01 5.263151e-02 1.278151e-09
3.066399e+01 7.314235e-02 2.702031e-09
3.066399e+01 1.025928e-01 4.039001e-09
3.066399e+01 1.448116e-01 6.991017e-09
3.066399e+01 2.023460e-01 1.079666e-08
3.066399e+01 2.834245e-01 1.689782e-08
3.066399e+01 3.967448e-01 2.579128e-08
3.066399e+01 5.552783e-01 3.873584e-08
3.066399e+01 7.774819e-01 5.477066e-08
3.066399e+01 1.088445e+00 7.107267e-08
3.066399e+01 1.523711e+00 8.460160e-08
3.066399e+01 2.088426e+00 8.939863e-08
3.066399e+01 2.685505e+00 7.670431e-08
3.129727e+01 1.570796e-02 1.013250e-10
3.129727e+01 2.346256e-02 2.607268e-10
3.129727e+01 3.503514e-02 5.220446e-10
3.129727e+01 5.263151e-02 1.066959e-09
3.129727e+01 7.314235e-02 2.257794e-09
3.129727e+01 1.025928e-01 3.37952e-09
3.129727e+01 1.448116e-01 5.855571e-09
3.129727e+01 2.023460e-01 9.084111e-09
3.129727e+01 2.834245e-01 1.427375e-08
3.129727e+01 3.967448e-01 2.184776e-08
3.129727e+01 5.552783e-01 3.293199e-08
3.129727e+01 7.774819e-01 4.682185e-08
3.129727e+01 1.088445e+00 6.156309e-08
3.129727e+01 1.523711e+00 7.524006e-08
3.129727e+01 2.088426e+00 8.342414e-08
3.129727e+01 2.685505e+00 7.772185e-08
3.194322e+01 1.570796e-02 8.174183e-11
3.194322e+01 2.346256e-02 2.107139e-10
3.194322e+01 3.503514e-02 4.20732e-10
3.194322e+01 5.263151e-02 8.609186e-10
3.194322e+01 7.314235e-02 1.823819e-09
3.194322e+01 1.025928e-01 2.733287e-09
3.194322e+01 1.448116e-01 4.740333e-09
3.194322e+01 2.023460e-01 7.388527e-09
3.194322e+01 2.834245e-01 1.165217e-08
3.194322e+01 3.967448e-01 1.787586e-08
3.194322e+01 5.552783e-01 2.703563e-08
3.194322e+01 7.774819e-01 3.865102e-08
3.194322e+01 1.088445e+00 5.150566e-08
3.194322e+01 1.523711e+00 6.467884e-08
3.194322e+01 2.088426e+00 7.547443e-08
3.194322e+01 2.685505e+00 7.650445e-08
3.260208e+01 1.570796e-02 6.261086e-11
3.260208e+01 2.346256e-02 1.617997e-10
3.260208e+01 3.503514e-02 3.221253e-10
3.260208e+01 5.263151e-02 6.603137e-10
3.260208e+01 7.314235e-02 1.400739e-09
3.260208e+01 1.025928e-01 2.101409e-09
3.260208e+01 1.448116e-01 3.648554e-09
3.260208e+01 2.023460e-01 5.710416e-09
3.260208e+01 2.834245e-01 9.036166e-09
3.260208e+01 3.967448e-01 1.388605e-08
3.260208e+01 5.552783e-01 2.106224e-08
3.260208e+01 7.774819e-01 3.025250e-08
3.260208e+01 1.088445e+00 4.084448e-08
3.260208e+01 1.523711e+00 5.274108e-08
3.260208e+01 2.088426e+00 6.496685e-08
3.260208e+01 2.685505e+00 7.172942e-08
3.327412e+01 1.570796e-02 4.378144e-11
3.327412e+01 2.346256e-02 1.135932e-10
3.327412e+01 3.503514e-02 2.251760e-10
3.327412e+01 5.263151e-02 4.620262e-10
3.327412e+01 7.314235e-02 9.818834e-10
3.327412e+01 1.025928e-01 1.474702e-09
3.327412e+01 1.448116e-01 2.564268e-09
3.327412e+01 2.023460e-01 4.031801e-09
3.327412e+01 2.834245e-01 6.402786e-09
3.327412e+01 3.967448e-01 9.854449e-09
3.327412e+01 5.552783e-01 1.499547e-08
3.327412e+01 7.774819e-01 2.163847e-08
3.327412e+01 1.088445e+00 2.961294e-08
3.327412e+01 1.523711e+00 3.936958e-08
3.327412e+01 2.088426e+00 5.131188e-08
3.327412e+01 2.685505e+00 6.156672e-08
3.395961e+01 1.570796e-02 2.643605e-11
3.395961e+01 2.346256e-02 6.939508e-11
3.395961e+01 3.503514e-02 1.364339e-10
3.395961e+01 5.263151e-02 2.810530e-10
3.395961e+01 7.314235e-02 5.977802e-10
3.395961e+01 1.025928e-01 8.986555e-10
3.395961e+01 1.448116e-01 1.56125e-09
3.395961e+01 2.023460e-01 2.453138e-09
3.395961e+01 2.834245e-01 3.888798e-09
3.395961e+01 3.967448e-01 5.95529e-09
3.395961e+01 5.552783e-01 9.036943e-09
3.395961e+01 7.774819e-01 1.30206e-08
3.395961e+01 1.088445e+00 1.795796e-08
3.395961e+01 1.523711e+00 2.450557e-08
3.395961e+01 2.088426e+00 3.374315e-08
3.395961e+01 2.685505e+00 4.380060e-08
3.46588e+01 1.570796e-02 8.222128e-12
3.46588e+01 2.346256e-02 1.968150e-11
3.46588e+01 3.503514e-02 4.291326e-11
3.46588e+01 5.263151e-02 8.288136e-11
3.46588e+01 7.314235e-02 1.805048e-10
3.46588e+01 1.025928e-01 2.699101e-10
3.46588e+01 1.448116e-01 4.697254e-10
3.46588e+01 2.023460e-01 7.506212e-10
3.46588e+01 2.834245e-01 1.203225e-09
3.46588e+01 3.967448e-01 1.860861e-09
3.46588e+01 5.552783e-01 2.845568e-09
3.46588e+01 7.774819e-01 4.145285e-09
3.46588e+01 1.088445e+00 5.821909e-09
3.46588e+01 1.523711e+00 8.181160e-09
3.46588e+01 2.088426e+00 1.182588e-08
3.46588e+01 2.685505e+00 1.637432e-08
3.537197e+01 1.570796e-02 0.e+00
3.537197e+01 2.346256e-02 0.e+00
3.537197e+01 3.503514e-02 0.e+00
3.537197e+01 5.263151e-02 0.e+00
3.537197e+01 7.314235e-02 0.e+00
3.537197e+01 1.025928e-01 0.e+00
3.537197e+01 1.448116e-01 0.e+00
3.537197e+01 2.023460e-01 0.e+00
3.537197e+01 2.834245e-01 0.e+00
3.537197e+01 3.967448e-01 0.e+00
3.537197e+01 5.552783e-01 0.e+00
3.537197e+01 7.774819e-01 0.e+00
3.537197e+01 1.088445e+00 0.e+00
3.537197e+01 1.523711e+00 0.e+00
3.537197e+01 2.088426e+00 0.e+00
3.537197e+01 2.685505e+00 0.e+00
