5.e+00 1.570796e-02 0.e+00
5.e+00 2.346256e-02 0.e+00
5.e+00 3.503514e-02 0.e+00
5.e+00 5.263151e-02 0.e+00
5.e+00 7.314235e-02 0.e+00
5.e+00 1.025928e-01 0.e+00
5.e+00 1.448116e-01 0.e+00
5.e+00 2.023460e-01 0.e+00
5.e+00 2.834245e-01 0.e+00
5.e+00 3.967448e-01 0.e+00
5.e+00 5.552783e-01 0.e+00
5.e+00 7.774819e-01 0.e+00
5.e+00 1.088445e+00 0.e+00
5.e+00 1.523711e+00 0.e+00
5.e+00 2.088426e+00 0.e+00
5.e+00 2.685505e+00 0.e+00
5.12e+00 1.570796e-02 0.e+00
5.12e+00 2.346256e-02 0.e+00
5.12e+00 3.503514e-02 0.e+00
5.12e+00 5.263151e-02 0.e+00
5.12e+00 7.314235e-02 0.e+00
5.12e+00 1.025928e-01 0.e+00
5.12e+00 1.448116e-01 0.e+00
5.12e+00 2.023460e-01 0.e+00
5.12e+00 2.834245e-01 0.e+00
5.12e+00 3.967448e-01 0.e+00
5.12e+00 5.552783e-01 0.e+00
5.12e+00 7.774819e-01 0.e+00
5.12e+00 1.088445e+00 0.e+00
5.12e+00 1.523711e+00 0.e+00
5.12e+00 2.088426e+00 0.e+00
5.12e+00 2.685505e+00 0.e+00
5.2424e+00 1.570796e-02 0.e+00
5.2424e+00 2.346256e-02 0.e+00
5.2424e+00 3.503514e-02 0.e+00
5.2424e+00 5.263151e-02 0.e+00
5.2424e+00 7.314235e-02 0.e+00
5.2424e+00 1.025928e-01 0.e+00
5.2424e+00 1.448116e-01 0.e+00
5.2424e+00 2.023460e-01 0.e+00
5.2424e+00 2.834245e-01 0.e+00
5.2424e+00 3.967448e-01 0.e+00
5.2424e+00 5.552783e-01 0.e+00
5.2424e+00 7.774819e-01 0.e+00
5.2424e+00 1.088445e+00 0.e+00
5.2424e+00 1.523711e+00 0.e+00
5.2424e+00 2.088426e+00 0.e+00
5.2424e+00 2.685505e+00 0.e+00
5.367248e+00 1.570796e-02 0.e+00
5.367248e+00 2.346256e-02 0.e+00
5.367248e+00 3.503514e-02 0.e+00
5.367248e+00 5.263151e-02 0.e+00
5.367248e+00 7.314235e-02 0.e+00
5.367248e+00 1.025928e-01 0.e+00
5.367248e+00 1.448116e-01 0.e+00
5.367248e+00 2.023460e-01 0.e+00
5.367248e+00 2.834245e-01 0.e+00
5.367248e+00 3.967448e-01 0.e+00
5.367248e+00 5.552783e-01 0.e+00
5.367248e+00 7.774819e-01 0.e+00
5.367248e+00 1.088445e+00 0.e+00
5.367248e+00 1.523711e+00 0.e+00
5.367248e+00 2.088426e+00 0.e+00
5.367248e+00 2.685505e+00 0.e+00
5.494593e+00 1.570796e-02 0.e+00
5.494593e+00 2.346256e-02 0.e+00
5.494593e+00 3.503514e-02 0.e+00
5.494593e+00 5.263151e-02 0.e+00
5.494593e+00 7.314235e-02 0.e+00
5.494593e+00 1.025928e-01 0.e+00
5.494593e+00 1.448116e-01 0.e+00
5.494593e+00 2.023460e-01 0.e+00
5.494593e+00 2.834245e-01 0.e+00
5.494593e+00 3.967448e-01 0.e+00
5.494593e+00 5.552783e-01 0.e+00
5.494593e+00 7.774819e-01 0.e+00
5.494593e+00 1.088445e+00 0.e+00
5.494593e+00 1.523711e+00 0.e+00
5.494593e+00 2.088426e+00 0.e+00
5.494593e+00 2.685505e+00 0.e+00
5.624485e+00 1.570796e-02 -2.127329e-05
5.624485e+00 2.346256e-02 -1.496943e-05
5.624485e+00 3.503514e-02 -3.165071e-05
5.624485e+00 5.263151e-02 -1.147823e-05
5.624485e+00 7.314235e-02 -5.055999e-05
5.624485e+00 1.025928e-01 -5.915389e-06
5.624485e+00 1.448116e-01 -6.842560e-05
5.624485e+00 2.023460e-01 -2.489832e-05
5.624485e+00 2.834245e-01 -9.165969e-06
5.624485e+00 3.967448e-01 -1.267467e-05
5.624485e+00 5.552783e-01 -1.188496e-05
5.624485e+00 7.774819e-01 -9.661347e-06
5.624485e+00 1.088445e+00 -1.213294e-05
5.624485e+00 1.523711e+00 -1.433767e-05
5.624485e+00 2.088426e+00 -1.839279e-05
5.624485e+00 2.685505e+00 -1.918064e-05
5.756975e+00 1.570796e-02 -1.310371e-04
5.756975e+00 2.346256e-02 -9.859906e-05
5.756975e+00 3.503514e-02 -1.642732e-04
5.756975e+00 5.263151e-02 -2.475079e-04
5.756975e+00 7.314235e-02 -3.136897e-04
5.756975e+00 1.025928e-01 -1.150645e-04
5.756975e+00 1.448116e-01 -2.205642e-04
5.756975e+00 2.023460e-01 -1.979231e-04
5.756975e+00 2.834245e-01 -2.609842e-04
5.756975e+00 3.967448e-01 -1.643909e-04
5.756975e+00 5.552783e-01 -1.429233e-04
5.756975e+00 7.774819e-01 -1.412587e-04
5.756975e+00 1.088445e+00 -1.328998e-04
5.756975e+00 1.523711e+00 -1.294516e-04
5.756975e+00 2.088426e+00 -1.594095e-04
5.756975e+00 2.685505e+00 -1.791511e-04
5.892114e+00 1.570796e-02 -2.951505e-04
5.892114e+00 2.346256e-02 -3.094815e-04
5.892114e+00 3.503514e-02 -3.637161e-04
5.892114e+00 5.263151e-02 -7.037906e-04
5.892114e+00 7.314235e-02 -8.987073e-04
5.892114e+00 1.025928e-01 -6.860292e-04
5.892114e+00 1.448116e-01 -9.029811e-04
5.892114e+00 2.023460e-01 -8.2538e-04
5.892114e+00 2.834245e-01 -9.199948e-04
5.892114e+00 3.967448e-01 -7.029317e-04
5.892114e+00 5.552783e-01 -5.893226e-04
5.892114e+00 7.774819e-01 -5.631036e-04
5.892114e+00 1.088445e+00 -4.942719e-04
5.892114e+00 1.523711e+00 -4.996216e-04
5.892114e+00 2.088426e+00 -5.927330e-04
5.892114e+00 2.685505e+00 -6.867763e-04
6.029956e+00 1.570796e-02 -5.923252e-04
6.029956e+00 2.346256e-02 -8.121802e-04
6.029956e+00 3.503514e-02 -1.235288e-03
6.029956e+00 5.263151e-02 -2.104560e-03
6.029956e+00 7.314235e-02 -3.174224e-03
6.029956e+00 1.025928e-01 -2.342632e-03
6.029956e+00 1.448116e-01 -3.006901e-03
6.029956e+00 2.023460e-01 -2.806357e-03
6.029956e+00 2.834245e-01 -2.861552e-03
6.029956e+00 3.967448e-01 -2.276291e-03
6.029956e+00 5.552783e-01 -2.023381e-03
6.029956e+00 7.774819e-01 -1.820573e-03
6.029956e+00 1.088445e+00 -1.606830e-03
6.029956e+00 1.523711e+00 -1.628572e-03
6.029956e+00 2.088426e+00 -1.893523e-03
6.029956e+00 2.685505e+00 -2.207280e-03
6.170555e+00 1.570796e-02 -7.276405e-04
6.170555e+00 2.346256e-02 -1.480182e-03
6.170555e+00 3.503514e-02 -2.471666e-03
6.170555e+00 5.263151e-02 -3.64992e-03
6.170555e+00 7.314235e-02 -6.058969e-03
6.170555e+00 1.025928e-01 -4.748565e-03
6.170555e+00 1.448116e-01 -5.56802e-03
6.170555e+00 2.023460e-01 -5.849524e-03
6.170555e+00 2.834245e-01 -5.640616e-03
6.170555e+00 3.967448e-01 -4.720723e-03
6.170555e+00 5.552783e-01 -4.356626e-03
6.170555e+00 7.774819e-01 -3.785785e-03
6.170555e+00 1.088445e+00 -3.312423e-03
6.170555e+00 1.523711e+00 -3.310206e-03
6.170555e+00 2.088426e+00 -3.847454e-03
6.170555e+00 2.685505e+00 -4.381746e-03
6.313967e+00 1.570796e-02 -7.835051e-04
6.313967e+00 2.346256e-02 -1.938717e-03
6.313967e+00 3.503514e-02 -3.600629e-03
6.313967e+00 5.263151e-02 -5.436763e-03
6.313967e+00 7.314235e-02 -9.112007e-03
6.313967e+00 1.025928e-01 -8.23653e-03
6.313967e+00 1.448116e-01 -9.641633e-03
6.313967e+00 2.023460e-01 -1.000896e-02
6.313967e+00 2.834245e-01 -9.764009e-03
6.313967e+00 3.967448e-01 -8.408014e-03
6.313967e+00 5.552783e-01 -7.544086e-03
6.313967e+00 7.774819e-01 -6.642952e-03
6.313967e+00 1.088445e+00 -5.725889e-03
6.313967e+00 1.523711e+00 -5.638293e-03
6.313967e+00 2.088426e+00 -6.477218e-03
6.313967e+00 2.685505e+00 -7.383843e-03
6.460246e+00 1.570796e-02 -8.166971e-04
6.460246e+00 2.346256e-02 -2.155466e-03
6.460246e+00 3.503514e-02 -4.314365e-03
6.460246e+00 5.263151e-02 -6.908316e-03
6.460246e+00 7.314235e-02 -1.188538e-02
6.460246e+00 1.025928e-01 -1.211572e-02
6.460246e+00 1.448116e-01 -1.458301e-02
6.460246e+00 2.023460e-01 -1.502211e-02
6.460246e+00 2.834245e-01 -1.481356e-02
6.460246e+00 3.967448e-01 -1.291680e-02
6.460246e+00 5.552783e-01 -1.17626e-02
6.460246e+00 7.774819e-01 -1.019456e-02
6.460246e+00 1.088445e+00 -8.83906e-03
6.460246e+00 1.523711e+00 -8.548448e-03
6.460246e+00 2.088426e+00 -9.680601e-03
6.460246e+00 2.685505e+00 -1.088134e-02
6.609451e+00 1.570796e-02 -8.486869e-04
6.609451e+00 2.346256e-02 -2.098049e-03
6.609451e+00 3.503514e-02 -4.582944e-03
6.609451e+00 5.263151e-02 -7.924603e-03
6.609451e+00 7.314235e-02 -1.374247e-02
6.609451e+00 1.025928e-01 -1.545855e-02
6.609451e+00 1.448116e-01 -1.909109e-02
6.609451e+00 2.023460e-01 -1.994699e-02
6.609451e+00 2.834245e-01 -1.982452e-02
6.609451e+00 3.967448e-01 -1.774884e-02
6.609451e+00 5.552783e-01 -1.624944e-02
6.609451e+00 7.774819e-01 -1.406908e-02
6.609451e+00 1.088445e+00 -1.218904e-02
6.609451e+00 1.523711e+00 -1.161719e-02
6.609451e+00 2.088426e+00 -1.304151e-02
6.609451e+00 2.685505e+00 -1.458318e-02
6.76164e+00 1.570796e-02 -8.406009e-04
6.76164e+00 2.346256e-02 -1.985582e-03
6.76164e+00 3.503514e-02 -4.509819e-03
6.76164e+00 5.263151e-02 -8.119333e-03
6.76164e+00 7.314235e-02 -1.475111e-02
6.76164e+00 1.025928e-01 -1.791136e-02
6.76164e+00 1.448116e-01 -2.340007e-02
6.76164e+00 2.023460e-01 -2.455419e-02
6.76164e+00 2.834245e-01 -2.463870e-02
6.76164e+00 3.967448e-01 -2.265897e-02
6.76164e+00 5.552783e-01 -2.080163e-02
6.76164e+00 7.774819e-01 -1.812649e-02
6.76164e+00 1.088445e+00 -1.559652e-02
6.76164e+00 1.523711e+00 -1.484877e-02
6.76164e+00 2.088426e+00 -1.641116e-02
6.76164e+00 2.685505e+00 -1.823800e-02
6.916873e+00 1.570796e-02 -7.796311e-04
6.916873e+00 2.346256e-02 -1.883031e-03
6.916873e+00 3.503514e-02 -4.229183e-03
6.916873e+00 5.263151e-02 -7.944517e-03
6.916873e+00 7.314235e-02 -1.493993e-02
6.916873e+00 1.025928e-01 -1.931667e-02
6.916873e+00 1.448116e-01 -2.607796e-02
6.916873e+00 2.023460e-01 -2.828918e-02
6.916873e+00 2.834245e-01 -2.889343e-02
6.916873e+00 3.967448e-01 -2.713472e-02
6.916873e+00 5.552783e-01 -2.498240e-02
6.916873e+00 7.774819e-01 -2.182849e-02
6.916873e+00 1.088445e+00 -1.883286e-02
6.916873e+00 1.523711e+00 -1.7672e-02
6.916873e+00 2.088426e+00 -1.930060e-02
6.916873e+00 2.685505e+00 -2.118726e-02
7.075210e+00 1.570796e-02 -7.074693e-04
7.075210e+00 2.346256e-02 -1.714511e-03
7.075210e+00 3.503514e-02 -3.972789e-03
7.075210e+00 5.263151e-02 -7.608561e-03
7.075210e+00 7.314235e-02 -1.452398e-02
7.075210e+00 1.025928e-01 -1.977225e-02
7.075210e+00 1.448116e-01 -2.756806e-02
7.075210e+00 2.023460e-01 -3.088054e-02
7.075210e+00 2.834245e-01 -3.213481e-02
7.075210e+00 3.967448e-01 -3.069766e-02
7.075210e+00 5.552783e-01 -2.860310e-02
7.075210e+00 7.774819e-01 -2.512578e-02
7.075210e+00 1.088445e+00 -2.165211e-02
7.075210e+00 1.523711e+00 -2.017922e-02
7.075210e+00 2.088426e+00 -2.173234e-02
7.075210e+00 2.685505e+00 -2.355958e-02
7.236714e+00 1.570796e-02 -6.362181e-04
7.236714e+00 2.346256e-02 -1.579910e-03
7.236714e+00 3.503514e-02 -3.596959e-03
7.236714e+00 5.263151e-02 -7.051219e-03
7.236714e+00 7.314235e-02 -1.36589e-02
7.236714e+00 1.025928e-01 -1.939840e-02
7.236714e+00 1.448116e-01 -2.795944e-02
7.236714e+00 2.023460e-01 -3.226323e-02
7.236714e+00 2.834245e-01 -3.432247e-02
7.236714e+00 3.967448e-01 -3.358578e-02
7.236714e+00 5.552783e-01 -3.162233e-02
7.236714e+00 7.774819e-01 -2.795847e-02
7.236714e+00 1.088445e+00 -2.410256e-02
7.236714e+00 1.523711e+00 -2.230394e-02
7.236714e+00 2.088426e+00 -2.387385e-02
7.236714e+00 2.685505e+00 -2.562412e-02
7.401449e+00 1.570796e-02 -5.821582e-04
7.401449e+00 2.346256e-02 -1.460007e-03
7.401449e+00 3.503514e-02 -3.200797e-03
7.401449e+00 5.263151e-02 -6.425487e-03
7.401449e+00 7.314235e-02 -1.268089e-02
7.401449e+00 1.025928e-01 -1.842489e-02
7.401449e+00 1.448116e-01 -2.752386e-02
7.401449e+00 2.023460e-01 -3.263976e-02
7.401449e+00 2.834245e-01 -3.564141e-02
7.401449e+00 3.967448e-01 -3.565287e-02
7.401449e+00 5.552783e-01 -3.393908e-02
7.401449e+00 7.774819e-01 -3.031014e-02
7.401449e+00 1.088445e+00 -2.611973e-02
7.401449e+00 1.523711e+00 -2.410981e-02
7.401449e+00 2.088426e+00 -2.561861e-02
7.401449e+00 2.685505e+00 -2.71751e-02
7.569477e+00 1.570796e-02 -5.291399e-04
7.569477e+00 2.346256e-02 -1.325784e-03
7.569477e+00 3.503514e-02 -2.814594e-03
7.569477e+00 5.263151e-02 -5.814881e-03
7.569477e+00 7.314235e-02 -1.158946e-02
7.569477e+00 1.025928e-01 -1.721876e-02
7.569477e+00 1.448116e-01 -2.639993e-02
7.569477e+00 2.023460e-01 -3.222636e-02
7.569477e+00 2.834245e-01 -3.615028e-02
7.569477e+00 3.967448e-01 -3.685192e-02
7.569477e+00 5.552783e-01 -3.556360e-02
7.569477e+00 7.774819e-01 -3.210011e-02
7.569477e+00 1.088445e+00 -2.775574e-02
7.569477e+00 1.523711e+00 -2.555059e-02
7.569477e+00 2.088426e+00 -2.694241e-02
7.569477e+00 2.685505e+00 -2.832959e-02
7.740867e+00 1.570796e-02 -4.786447e-04
7.740867e+00 2.346256e-02 -1.209615e-03
7.740867e+00 3.503514e-02 -2.501979e-03
7.740867e+00 5.263151e-02 -5.238288e-03
7.740867e+00 7.314235e-02 -1.049855e-02
7.740867e+00 1.025928e-01 -1.582951e-02
7.740867e+00 1.448116e-01 -2.475253e-02
7.740867e+00 2.023460e-01 -3.110827e-02
7.740867e+00 2.834245e-01 -3.582865e-02
7.740867e+00 3.967448e-01 -3.733697e-02
7.740867e+00 5.552783e-01 -3.656828e-02
7.740867e+00 7.774819e-01 -3.328158e-02
7.740867e+00 1.088445e+00 -2.898723e-02
7.740867e+00 1.523711e+00 -2.663416e-02
7.740867e+00 2.088426e+00 -2.798717e-02
7.740867e+00 2.685505e+00 -2.912284e-02
7.915684e+00 1.570796e-02 -4.259137e-04
7.915684e+00 2.346256e-02 -1.097785e-03
7.915684e+00 3.503514e-02 -2.238414e-03
7.915684e+00 5.263151e-02 -4.707702e-03
7.915684e+00 7.314235e-02 -9.428144e-03
7.915684e+00 1.025928e-01 -1.433861e-02
7.915684e+00 1.448116e-01 -2.280164e-02
7.915684e+00 2.023460e-01 -2.944384e-02
7.915684e+00 2.834245e-01 -3.488833e-02
7.915684e+00 3.967448e-01 -3.717959e-02
7.915684e+00 5.552783e-01 -3.699640e-02
7.915684e+00 7.774819e-01 -3.399067e-02
7.915684e+00 1.088445e+00 -2.986574e-02
7.915684e+00 1.523711e+00 -2.746250e-02
7.915684e+00 2.088426e+00 -2.873129e-02
7.915684e+00 2.685505e+00 -2.956137e-02
8.093998e+00 1.570796e-02 -3.763595e-04
8.093998e+00 2.346256e-02 -9.906795e-04
8.093998e+00 3.503514e-02 -1.999886e-03
8.093998e+00 5.263151e-02 -4.211058e-03
8.093998e+00 7.314235e-02 -8.430845e-03
8.093998e+00 1.025928e-01 -1.283941e-02
8.093998e+00 1.448116e-01 -2.076439e-02
8.093998e+00 2.023460e-01 -2.750081e-02
8.093998e+00 2.834245e-01 -3.346601e-02
8.093998e+00 3.967448e-01 -3.649201e-02
8.093998e+00 5.552783e-01 -3.683122e-02
8.093998e+00 7.774819e-01 -3.428105e-02
8.093998e+00 1.088445e+00 -3.035174e-02
8.093998e+00 1.523711e+00 -2.797016e-02
8.093998e+00 2.088426e+00 -2.919175e-02
8.093998e+00 2.685505e+00 -3.002681e-02
8.275878e+00 1.570796e-02 -3.294885e-04
8.275878e+00 2.346256e-02 -8.990606e-04
8.275878e+00 3.503514e-02 -1.776449e-03
8.275878e+00 5.263151e-02 -3.754083e-03
8.275878e+00 7.314235e-02 -7.516865e-03
8.275878e+00 1.025928e-01 -1.145792e-02
8.275878e+00 1.448116e-01 -1.877539e-02
8.275878e+00 2.023460e-01 -2.536841e-02
8.275878e+00 2.834245e-01 -3.166354e-02
8.275878e+00 3.967448e-01 -3.52855e-02
8.275878e+00 5.552783e-01 -3.614926e-02
8.275878e+00 7.774819e-01 -3.413334e-02
8.275878e+00 1.088445e+00 -3.047561e-02
8.275878e+00 1.523711e+00 -2.822868e-02
8.275878e+00 2.088426e+00 -2.939602e-02
8.275878e+00 2.685505e+00 -3.001696e-02
8.461396e+00 1.570796e-02 -2.8673e-04
8.461396e+00 2.346256e-02 -8.098532e-04
8.461396e+00 3.503514e-02 -1.582683e-03
8.461396e+00 5.263151e-02 -3.330381e-03
8.461396e+00 7.314235e-02 -6.676685e-03
8.461396e+00 1.025928e-01 -1.017130e-02
8.461396e+00 1.448116e-01 -1.683821e-02
8.461396e+00 2.023460e-01 -2.31866e-02
8.461396e+00 2.834245e-01 -2.957151e-02
8.461396e+00 3.967448e-01 -3.366101e-02
8.461396e+00 5.552783e-01 -3.50362e-02
8.461396e+00 7.774819e-01 -3.353717e-02
8.461396e+00 1.088445e+00 -3.021993e-02
8.461396e+00 1.523711e+00 -2.817666e-02
8.461396e+00 2.088426e+00 -2.931151e-02
8.461396e+00 2.685505e+00 -2.962233e-02
8.650623e+00 1.570796e-02 -2.516845e-04
8.650623e+00 2.346256e-02 -7.255323e-04
8.650623e+00 3.503514e-02 -1.413096e-03
8.650623e+00 5.263151e-02 -2.952075e-03
8.650623e+00 7.314235e-02 -5.918573e-03
8.650623e+00 1.025928e-01 -9.020213e-03
8.650623e+00 1.448116e-01 -1.501418e-02
8.650623e+00 2.023460e-01 -2.100938e-02
8.650623e+00 2.834245e-01 -2.730269e-02
8.650623e+00 3.967448e-01 -3.168510e-02
8.650623e+00 5.552783e-01 -3.362933e-02
8.650623e+00 7.774819e-01 -3.260331e-02
8.650623e+00 1.088445e+00 -2.966727e-02
8.650623e+00 1.523711e+00 -2.791123e-02
8.650623e+00 2.088426e+00 -2.904750e-02
8.650623e+00 2.685505e+00 -2.920716e-02
8.843636e+00 1.570796e-02 -2.225338e-04
8.843636e+00 2.346256e-02 -6.429279e-04
8.843636e+00 3.503514e-02 -1.255692e-03
8.843636e+00 5.263151e-02 -2.613440e-03
8.843636e+00 7.314235e-02 -5.238398e-03
8.843636e+00 1.025928e-01 -7.999068e-03
8.843636e+00 1.448116e-01 -1.334313e-02
8.843636e+00 2.023460e-01 -1.887414e-02
8.843636e+00 2.834245e-01 -2.493413e-02
8.843636e+00 3.967448e-01 -2.950983e-02
8.843636e+00 5.552783e-01 -3.185945e-02
8.843636e+00 7.774819e-01 -3.134981e-02
8.843636e+00 1.088445e+00 -2.891718e-02
8.843636e+00 1.523711e+00 -2.743327e-02
8.843636e+00 2.088426e+00 -2.858897e-02
8.843636e+00 2.685505e+00 -2.865513e-02
9.040509e+00 1.570796e-02 -1.962294e-04
9.040509e+00 2.346256e-02 -5.713571e-04
9.040509e+00 3.503514e-02 -1.114972e-03
9.040509e+00 5.263151e-02 -2.304569e-03
9.040509e+00 7.314235e-02 -4.632059e-03
9.040509e+00 1.025928e-01 -7.086928e-03
9.040509e+00 1.448116e-01 -1.182526e-02
9.040509e+00 2.023460e-01 -1.684738e-02
9.040509e+00 2.834245e-01 -2.257533e-02
9.040509e+00 3.967448e-01 -2.719008e-02
9.040509e+00 5.552783e-01 -2.989037e-02
9.040509e+00 7.774819e-01 -2.984724e-02
9.040509e+00 1.088445e+00 -2.792427e-02
9.040509e+00 1.523711e+00 -2.677235e-02
9.040509e+00 2.088426e+00 -2.797967e-02
9.040509e+00 2.685505e+00 -2.790697e-02
9.241319e+00 1.570796e-02 -1.731839e-04
9.241319e+00 2.346256e-02 -5.033015e-04
9.241319e+00 3.503514e-02 -9.908901e-04
9.241319e+00 5.263151e-02 -2.030862e-03
9.241319e+00 7.314235e-02 -4.075869e-03
9.241319e+00 1.025928e-01 -6.253969e-03
9.241319e+00 1.448116e-01 -1.044976e-02
9.241319e+00 2.023460e-01 -1.494649e-02
9.241319e+00 2.834245e-01 -2.028908e-02
9.241319e+00 3.967448e-01 -2.484407e-02
9.241319e+00 5.552783e-01 -2.7791e-02
9.241319e+00 7.774819e-01 -2.81873e-02
9.241319e+00 1.088445e+00 -2.673242e-02
9.241319e+00 1.523711e+00 -2.593470e-02
9.241319e+00 2.088426e+00 -2.721958e-02
9.241319e+00 2.685505e+00 -2.703448e-02
9.446145e+00 1.570796e-02 -1.525909e-04
9.446145e+00 2.346256e-02 -4.400036e-04
9.446145e+00 3.503514e-02 -8.756034e-04
9.446145e+00 5.263151e-02 -1.78086e-03
9.446145e+00 7.314235e-02 -3.580502e-03
9.446145e+00 1.025928e-01 -5.501544e-03
9.446145e+00 1.448116e-01 -9.186311e-03
9.446145e+00 2.023460e-01 -1.319494e-02
9.446145e+00 2.834245e-01 -1.809561e-02
9.446145e+00 3.967448e-01 -2.248124e-02
9.446145e+00 5.552783e-01 -2.557662e-02
9.446145e+00 7.774819e-01 -2.635776e-02
9.446145e+00 1.088445e+00 -2.540334e-02
9.446145e+00 1.523711e+00 -2.490939e-02
9.446145e+00 2.088426e+00 -2.623354e-02
9.446145e+00 2.685505e+00 -2.590236e-02
9.655068e+00 1.570796e-02 -1.344638e-04
9.655068e+00 2.346256e-02 -3.850395e-04
9.655068e+00 3.503514e-02 -7.699277e-04
9.655068e+00 5.263151e-02 -1.555345e-03
9.655068e+00 7.314235e-02 -3.130916e-03
9.655068e+00 1.025928e-01 -4.815217e-03
9.655068e+00 1.448116e-01 -8.042546e-03
9.655068e+00 2.023460e-01 -1.157784e-02
9.655068e+00 2.834245e-01 -1.605121e-02
9.655068e+00 3.967448e-01 -2.021456e-02
9.655068e+00 5.552783e-01 -2.336056e-02
9.655068e+00 7.774819e-01 -2.446177e-02
9.655068e+00 1.088445e+00 -2.393859e-02
9.655068e+00 1.523711e+00 -2.379906e-02
9.655068e+00 2.088426e+00 -2.516811e-02
9.655068e+00 2.685505e+00 -2.474409e-02
9.86817e+00 1.570796e-02 -1.184829e-04
9.86817e+00 2.346256e-02 -3.331924e-04
9.86817e+00 3.503514e-02 -6.716489e-04
9.86817e+00 5.263151e-02 -1.359451e-03
9.86817e+00 7.314235e-02 -2.736773e-03
9.86817e+00 1.025928e-01 -4.202245e-03
9.86817e+00 1.448116e-01 -7.013776e-03
9.86817e+00 2.023460e-01 -1.012858e-02
9.86817e+00 2.834245e-01 -1.415118e-02
9.86817e+00 3.967448e-01 -1.804867e-02
9.86817e+00 5.552783e-01 -2.117273e-02
9.86817e+00 7.774819e-01 -2.25197e-02
9.86817e+00 1.088445e+00 -2.241754e-02
9.86817e+00 1.523711e+00 -2.258965e-02
9.86817e+00 2.088426e+00 -2.399533e-02
9.86817e+00 2.685505e+00 -2.349344e-02
1.008553e+01 1.570796e-02 -1.041677e-04
1.008553e+01 2.346256e-02 -2.870136e-04
1.008553e+01 3.503514e-02 -5.835555e-04
1.008553e+01 5.263151e-02 -1.182237e-03
1.008553e+01 7.314235e-02 -2.379581e-03
1.008553e+01 1.025928e-01 -3.651144e-03
1.008553e+01 1.448116e-01 -6.098054e-03
1.008553e+01 2.023460e-01 -8.819797e-03
1.008553e+01 2.834245e-01 -1.240286e-02
1.008553e+01 3.967448e-01 -1.601507e-02
1.008553e+01 5.552783e-01 -1.904228e-02
1.008553e+01 7.774819e-01 -2.059496e-02
1.008553e+01 1.088445e+00 -2.082466e-02
1.008553e+01 1.523711e+00 -2.130425e-02
1.008553e+01 2.088426e+00 -2.279925e-02
1.008553e+01 2.685505e+00 -2.225555e-02
1.030724e+01 1.570796e-02 -9.05559e-05
1.030724e+01 2.346256e-02 -2.468305e-04
1.030724e+01 3.503514e-02 -5.059169e-04
1.030724e+01 5.263151e-02 -1.024375e-03
1.030724e+01 7.314235e-02 -2.058867e-03
1.030724e+01 1.025928e-01 -3.163416e-03
1.030724e+01 1.448116e-01 -5.268177e-03
1.030724e+01 2.023460e-01 -7.660274e-03
1.030724e+01 2.834245e-01 -1.081999e-02
1.030724e+01 3.967448e-01 -1.411108e-02
1.030724e+01 5.552783e-01 -1.698925e-02
1.030724e+01 7.774819e-01 -1.866727e-02
1.030724e+01 1.088445e+00 -1.918638e-02
1.030724e+01 1.523711e+00 -1.991602e-02
1.030724e+01 2.088426e+00 -2.148749e-02
1.030724e+01 2.685505e+00 -2.087408e-02
1.053339e+01 1.570796e-02 -7.856296e-05
1.053339e+01 2.346256e-02 -2.115532e-04
1.053339e+01 3.503514e-02 -4.359891e-04
1.053339e+01 5.263151e-02 -8.866338e-04
1.053339e+01 7.314235e-02 -1.776916e-03
1.053339e+01 1.025928e-01 -2.730866e-03
1.053339e+01 1.448116e-01 -4.535469e-03
1.053339e+01 2.023460e-01 -6.624219e-03
1.053339e+01 2.834245e-01 -9.38537e-03
1.053339e+01 3.967448e-01 -1.23387e-02
1.053339e+01 5.552783e-01 -1.504706e-02
1.053339e+01 7.774819e-01 -1.679781e-02
1.053339e+01 1.088445e+00 -1.752851e-02
1.053339e+01 1.523711e+00 -1.843194e-02
1.053339e+01 2.088426e+00 -2.002885e-02
1.053339e+01 2.685505e+00 -1.941324e-02
1.076406e+01 1.570796e-02 -6.738699e-05
1.076406e+01 2.346256e-02 -1.793636e-04
1.076406e+01 3.503514e-02 -3.760204e-04
1.076406e+01 5.263151e-02 -7.617655e-04
1.076406e+01 7.314235e-02 -1.524409e-03
1.076406e+01 1.025928e-01 -2.345498e-03
1.076406e+01 1.448116e-01 -3.893577e-03
1.076406e+01 2.023460e-01 -5.702214e-03
1.076406e+01 2.834245e-01 -8.106653e-03
1.076406e+01 3.967448e-01 -1.072742e-02
1.076406e+01 5.552783e-01 -1.321474e-02
1.076406e+01 7.774819e-01 -1.497401e-02
1.076406e+01 1.088445e+00 -1.589846e-02
1.076406e+01 1.523711e+00 -1.698407e-02
1.076406e+01 2.088426e+00 -1.855712e-02
1.076406e+01 2.685505e+00 -1.787646e-02
1.099934e+01 1.570796e-02 -5.762389e-05
1.099934e+01 2.346256e-02 -1.527163e-04
1.099934e+01 3.503514e-02 -3.223025e-04
1.099934e+01 5.263151e-02 -6.514442e-04
1.099934e+01 7.314235e-02 -1.301048e-03
1.099934e+01 1.025928e-01 -2.009376e-03
1.099934e+01 1.448116e-01 -3.330638e-03
1.099934e+01 2.023460e-01 -4.895557e-03
1.099934e+01 2.834245e-01 -6.966713e-03
1.099934e+01 3.967448e-01 -9.276479e-03
1.099934e+01 5.552783e-01 -1.153938e-02
1.099934e+01 7.774819e-01 -1.325837e-02
1.099934e+01 1.088445e+00 -1.431633e-02
1.099934e+01 1.523711e+00 -1.552705e-02
1.099934e+01 2.088426e+00 -1.710516e-02
1.099934e+01 2.685505e+00 -1.645834e-02
1.123932e+01 1.570796e-02 -4.960529e-05
1.123932e+01 2.346256e-02 -1.283463e-04
1.123932e+01 3.503514e-02 -2.739029e-04
1.123932e+01 5.263151e-02 -5.553972e-04
1.123932e+01 7.314235e-02 -1.107606e-03
1.123932e+01 1.025928e-01 -1.716718e-03
1.123932e+01 1.448116e-01 -2.836519e-03
1.123932e+01 2.023460e-01 -4.177205e-03
1.123932e+01 2.834245e-01 -5.957735e-03
1.123932e+01 3.967448e-01 -7.973225e-03
1.123932e+01 5.552783e-01 -1.000255e-02
1.123932e+01 7.774819e-01 -1.165563e-02
1.123932e+01 1.088445e+00 -1.278744e-02
1.123932e+01 1.523711e+00 -1.41146e-02
1.123932e+01 2.088426e+00 -1.568161e-02
1.123932e+01 2.685505e+00 -1.506706e-02
1.148411e+01 1.570796e-02 -4.210596e-05
1.148411e+01 2.346256e-02 -1.067113e-04
1.148411e+01 3.503514e-02 -2.322919e-04
1.148411e+01 5.263151e-02 -4.707788e-04
1.148411e+01 7.314235e-02 -9.369814e-04
1.148411e+01 1.025928e-01 -1.458520e-03
1.148411e+01 1.448116e-01 -2.403901e-03
1.148411e+01 2.023460e-01 -3.548326e-03
1.148411e+01 2.834245e-01 -5.064985e-03
1.148411e+01 3.967448e-01 -6.804006e-03
1.148411e+01 5.552783e-01 -8.60552e-03
1.148411e+01 7.774819e-01 -1.01839e-02
1.148411e+01 1.088445e+00 -1.136846e-02
1.148411e+01 1.523711e+00 -1.274223e-02
1.148411e+01 2.088426e+00 -1.427257e-02
1.148411e+01 2.685505e+00 -1.375735e-02
1.173379e+01 1.570796e-02 -3.539512e-05
1.173379e+01 2.346256e-02 -8.855641e-05
1.173379e+01 3.503514e-02 -1.953393e-04
1.173379e+01 5.263151e-02 -3.96528e-04
1.173379e+01 7.314235e-02 -7.910065e-04
1.173379e+01 1.025928e-01 -1.231091e-03
1.173379e+01 1.448116e-01 -2.023603e-03
1.173379e+01 2.023460e-01 -2.99466e-03
1.173379e+01 2.834245e-01 -4.284926e-03
1.173379e+01 3.967448e-01 -5.771750e-03
1.173379e+01 5.552783e-01 -7.362394e-03
1.173379e+01 7.774819e-01 -8.842876e-03
1.173379e+01 1.088445e+00 -1.003661e-02
1.173379e+01 1.523711e+00 -1.140982e-02
1.173379e+01 2.088426e+00 -1.290548e-02
1.173379e+01 2.685505e+00 -1.242533e-02
1.198847e+01 1.570796e-02 -3.000748e-05
1.198847e+01 2.346256e-02 -7.357102e-05
1.198847e+01 3.503514e-02 -1.642684e-04
1.198847e+01 5.263151e-02 -3.327125e-04
1.198847e+01 7.314235e-02 -6.639164e-04
1.198847e+01 1.025928e-01 -1.032476e-03
1.198847e+01 1.448116e-01 -1.698813e-03
1.198847e+01 2.023460e-01 -2.515838e-03
1.198847e+01 2.834245e-01 -3.609072e-03
1.198847e+01 3.967448e-01 -4.866003e-03
1.198847e+01 5.552783e-01 -6.253465e-03
1.198847e+01 7.774819e-01 -7.624651e-03
1.198847e+01 1.088445e+00 -8.79326e-03
1.198847e+01 1.523711e+00 -1.015791e-02
1.198847e+01 2.088426e+00 -1.160522e-02
1.198847e+01 2.685505e+00 -1.127868e-02
1.224824e+01 1.570796e-02 -2.519716e-05
1.224824e+01 2.346256e-02 -6.179000e-05
1.224824e+01 3.503514e-02 -1.372237e-04
1.224824e+01 5.263151e-02 -2.765875e-04
1.224824e+01 7.314235e-02 -5.53921e-04
1.224824e+01 1.025928e-01 -8.621189e-04
1.224824e+01 1.448116e-01 -1.415996e-03
1.224824e+01 2.023460e-01 -2.104527e-03
1.224824e+01 2.834245e-01 -3.016979e-03
1.224824e+01 3.967448e-01 -4.081454e-03
1.224824e+01 5.552783e-01 -5.282443e-03
1.224824e+01 7.774819e-01 -6.526487e-03
1.224824e+01 1.088445e+00 -7.655429e-03
1.224824e+01 1.523711e+00 -8.982218e-03
1.224824e+01 2.088426e+00 -1.037651e-02
1.224824e+01 2.685505e+00 -1.01589e-02
1.251320e+01 1.570796e-02 -2.085786e-05
1.251320e+01 2.346256e-02 -5.051328e-05
1.251320e+01 3.503514e-02 -1.131505e-04
1.251320e+01 5.263151e-02 -2.291067e-04
1.251320e+01 7.314235e-02 -4.586597e-04
1.251320e+01 1.025928e-01 -7.125287e-04
1.251320e+01 1.448116e-01 -1.174565e-03
1.251320e+01 2.023460e-01 -1.747393e-03
1.251320e+01 2.834245e-01 -2.509442e-03
1.251320e+01 3.967448e-01 -3.403030e-03
1.251320e+01 5.552783e-01 -4.433384e-03
1.251320e+01 7.774819e-01 -5.549385e-03
1.251320e+01 1.088445e+00 -6.629182e-03
1.251320e+01 1.523711e+00 -7.891431e-03
1.251320e+01 2.088426e+00 -9.232826e-03
1.251320e+01 2.685505e+00 -9.052243e-03
1.278347e+01 1.570796e-02 -1.733312e-05
1.278347e+01 2.346256e-02 -4.155113e-05
1.278347e+01 3.503514e-02 -9.377335e-05
1.278347e+01 5.263151e-02 -1.898669e-04
1.278347e+01 7.314235e-02 -3.778670e-04
1.278347e+01 1.025928e-01 -5.878403e-04
1.278347e+01 1.448116e-01 -9.703829e-04
1.278347e+01 2.023460e-01 -1.447035e-03
1.278347e+01 2.834245e-01 -2.075227e-03
1.278347e+01 3.967448e-01 -2.824139e-03
1.278347e+01 5.552783e-01 -3.708914e-03
1.278347e+01 7.774819e-01 -4.7e-03
1.278347e+01 1.088445e+00 -5.709613e-03
1.278347e+01 1.523711e+00 -6.918667e-03
1.278347e+01 2.088426e+00 -8.167506e-03
1.278347e+01 2.685505e+00 -8.06709e-03
1.305914e+01 1.570796e-02 -1.435629e-05
1.305914e+01 2.346256e-02 -3.442076e-05
1.305914e+01 3.503514e-02 -7.702666e-05
1.305914e+01 5.263151e-02 -1.568342e-04
1.305914e+01 7.314235e-02 -3.106914e-04
1.305914e+01 1.025928e-01 -4.824085e-04
1.305914e+01 1.448116e-01 -7.964039e-04
1.305914e+01 2.023460e-01 -1.19017e-03
1.305914e+01 2.834245e-01 -1.707894e-03
1.305914e+01 3.967448e-01 -2.333039e-03
1.305914e+01 5.552783e-01 -3.084171e-03
1.305914e+01 7.774819e-01 -3.956772e-03
1.305914e+01 1.088445e+00 -4.86986e-03
1.305914e+01 1.523711e+00 -6.014233e-03
1.305914e+01 2.088426e+00 -7.169457e-03
1.305914e+01 2.685505e+00 -7.145964e-03
1.334032e+01 1.570796e-02 -1.191132e-05
1.334032e+01 2.346256e-02 -2.755112e-05
1.334032e+01 3.503514e-02 -6.301495e-05
1.334032e+01 5.263151e-02 -1.282906e-04
1.334032e+01 7.314235e-02 -2.52946e-04
1.334032e+01 1.025928e-01 -3.938677e-04
1.334032e+01 1.448116e-01 -6.502438e-04
1.334032e+01 2.023460e-01 -9.720028e-04
1.334032e+01 2.834245e-01 -1.396911e-03
1.334032e+01 3.967448e-01 -1.914513e-03
1.334032e+01 5.552783e-01 -2.550908e-03
1.334032e+01 7.774819e-01 -3.304697e-03
1.334032e+01 1.088445e+00 -4.136377e-03
1.334032e+01 1.523711e+00 -5.200614e-03
1.334032e+01 2.088426e+00 -6.264891e-03
1.334032e+01 2.685505e+00 -6.273201e-03
1.362713e+01 1.570796e-02 -9.628447e-06
1.362713e+01 2.346256e-02 -2.225674e-05
1.362713e+01 3.503514e-02 -5.082260e-05
1.362713e+01 5.263151e-02 -1.042213e-04
1.362713e+01 7.314235e-02 -2.049537e-04
1.362713e+01 1.025928e-01 -3.187069e-04
1.362713e+01 1.448116e-01 -5.287763e-04
1.362713e+01 2.023460e-01 -7.932518e-04
1.362713e+01 2.834245e-01 -1.137927e-03
1.362713e+01 3.967448e-01 -1.564770e-03
1.362713e+01 5.552783e-01 -2.096561e-03
1.362713e+01 7.774819e-01 -2.745072e-03
1.362713e+01 1.088445e+00 -3.508437e-03
1.362713e+01 1.523711e+00 -4.47287e-03
1.362713e+01 2.088426e+00 -5.459267e-03
1.362713e+01 2.685505e+00 -5.526462e-03
1.391967e+01 1.570796e-02 -7.880517e-06
1.391967e+01 2.346256e-02 -1.778764e-05
1.391967e+01 3.503514e-02 -4.102391e-05
1.391967e+01 5.263151e-02 -8.401865e-05
1.391967e+01 7.314235e-02 -1.659130e-04
1.391967e+01 1.025928e-01 -2.574629e-04
1.391967e+01 1.448116e-01 -4.270814e-04
1.391967e+01 2.023460e-01 -6.436887e-04
1.391967e+01 2.834245e-01 -9.211481e-04
1.391967e+01 3.967448e-01 -1.272169e-03
1.391967e+01 5.552783e-01 -1.712475e-03
1.391967e+01 7.774819e-01 -2.267311e-03
1.391967e+01 1.088445e+00 -2.945092e-03
1.391967e+01 1.523711e+00 -3.812328e-03
1.391967e+01 2.088426e+00 -4.712996e-03
1.391967e+01 2.685505e+00 -4.813403e-03
1.421806e+01 1.570796e-02 -6.454771e-06
1.421806e+01 2.346256e-02 -1.410101e-05
1.421806e+01 3.503514e-02 -3.310172e-05
1.421806e+01 5.263151e-02 -6.724606e-05
1.421806e+01 7.314235e-02 -1.335931e-04
1.421806e+01 1.025928e-01 -2.089856e-04
1.421806e+01 1.448116e-01 -3.451704e-04
1.421806e+01 2.023460e-01 -5.194903e-04
1.421806e+01 2.834245e-01 -7.425105e-04
1.421806e+01 3.967448e-01 -1.029919e-03
1.421806e+01 5.552783e-01 -1.395197e-03
1.421806e+01 7.774819e-01 -1.863788e-03
1.421806e+01 1.088445e+00 -2.455162e-03
1.421806e+01 1.523711e+00 -3.220755e-03
1.421806e+01 2.088426e+00 -4.021507e-03
1.421806e+01 2.685505e+00 -4.161042e-03
1.452242e+01 1.570796e-02 -5.242146e-06
1.452242e+01 2.346256e-02 -1.111662e-05
1.452242e+01 3.503514e-02 -2.644246e-05
1.452242e+01 5.263151e-02 -5.333157e-05
1.452242e+01 7.314235e-02 -1.068789e-04
1.452242e+01 1.025928e-01 -1.664133e-04
1.452242e+01 1.448116e-01 -2.766951e-04
1.452242e+01 2.023460e-01 -4.154418e-04
1.452242e+01 2.834245e-01 -5.932305e-04
1.452242e+01 3.967448e-01 -8.24748e-04
1.452242e+01 5.552783e-01 -1.124215e-03
1.452242e+01 7.774819e-01 -1.513413e-03
1.452242e+01 1.088445e+00 -2.026023e-03
1.452242e+01 1.523711e+00 -2.703934e-03
1.452242e+01 2.088426e+00 -3.416348e-03
1.452242e+01 2.685505e+00 -3.552344e-03
1.483287e+01 1.570796e-02 -4.307635e-06
1.483287e+01 2.346256e-02 -8.902837e-06
1.483287e+01 3.503514e-02 -2.151139e-05
1.483287e+01 5.263151e-02 -4.195890e-05
1.483287e+01 7.314235e-02 -8.537143e-05
1.483287e+01 1.025928e-01 -1.323075e-04
1.483287e+01 1.448116e-01 -2.185685e-04
1.483287e+01 2.023460e-01 -3.307464e-04
1.483287e+01 2.834245e-01 -4.72976e-04
1.483287e+01 3.967448e-01 -6.588459e-04
1.483287e+01 5.552783e-01 -9.053195e-04
1.483287e+01 7.774819e-01 -1.227914e-03
1.483287e+01 1.088445e+00 -1.668549e-03
1.483287e+01 1.523711e+00 -2.258371e-03
1.483287e+01 2.088426e+00 -2.878523e-03
1.483287e+01 2.685505e+00 -2.974207e-03
1.514953e+01 1.570796e-02 -3.306700e-06
1.514953e+01 2.346256e-02 -7.074125e-06
1.514953e+01 3.503514e-02 -1.724985e-05
1.514953e+01 5.263151e-02 -3.273949e-05
1.514953e+01 7.314235e-02 -6.702410e-05
1.514953e+01 1.025928e-01 -1.042800e-04
1.514953e+01 1.448116e-01 -1.730095e-04
1.514953e+01 2.023460e-01 -2.611845e-04
1.514953e+01 2.834245e-01 -3.743418e-04
1.514953e+01 3.967448e-01 -5.234006e-04
1.514953e+01 5.552783e-01 -7.23092e-04
1.514953e+01 7.774819e-01 -9.908247e-04
1.514953e+01 1.088445e+00 -1.366327e-03
1.514953e+01 1.523711e+00 -1.876515e-03
1.514953e+01 2.088426e+00 -2.414209e-03
1.514953e+01 2.685505e+00 -2.50419e-03
1.547252e+01 1.570796e-02 -2.664963e-06
1.547252e+01 2.346256e-02 -5.583079e-06
1.547252e+01 3.503514e-02 -1.367139e-05
1.547252e+01 5.263151e-02 -2.59942e-05
1.547252e+01 7.314235e-02 -5.241154e-05
1.547252e+01 1.025928e-01 -8.131793e-05
1.547252e+01 1.448116e-01 -1.370672e-04
1.547252e+01 2.023460e-01 -2.063661e-04
1.547252e+01 2.834245e-01 -2.956425e-04
1.547252e+01 3.967448e-01 -4.145436e-04
1.547252e+01 5.552783e-01 -5.741542e-04
1.547252e+01 7.774819e-01 -7.939009e-04
1.547252e+01 1.088445e+00 -1.106842e-03
1.547252e+01 1.523711e+00 -1.542833e-03
1.547252e+01 2.088426e+00 -2.009941e-03
1.547252e+01 2.685505e+00 -2.100973e-03
1.580197e+01 1.570796e-02 -2.119519e-06
1.580197e+01 2.346256e-02 -4.285917e-06
1.580197e+01 3.503514e-02 -1.064623e-05
1.580197e+01 5.263151e-02 -2.036334e-05
1.580197e+01 7.314235e-02 -4.063607e-05
1.580197e+01 1.025928e-01 -6.316677e-05
1.580197e+01 1.448116e-01 -1.068076e-04
1.580197e+01 2.023460e-01 -1.607908e-04
1.580197e+01 2.834245e-01 -2.312088e-04
1.580197e+01 3.967448e-01 -3.241028e-04
1.580197e+01 5.552783e-01 -4.526325e-04
1.580197e+01 7.774819e-01 -6.311333e-04
1.580197e+01 1.088445e+00 -8.865615e-04
1.580197e+01 1.523711e+00 -1.251818e-03
1.580197e+01 2.088426e+00 -1.640946e-03
1.580197e+01 2.685505e+00 -1.727238e-03
1.613801e+01 1.570796e-02 -1.649948e-06
1.613801e+01 2.346256e-02 -3.189481e-06
1.613801e+01 3.503514e-02 -8.376180e-06
1.613801e+01 5.263151e-02 -1.549769e-05
1.613801e+01 7.314235e-02 -3.129215e-05
1.613801e+01 1.025928e-01 -4.836605e-05
1.613801e+01 1.448116e-01 -8.180202e-05
1.613801e+01 2.023460e-01 -1.238997e-04
1.613801e+01 2.834245e-01 -1.779569e-04
1.613801e+01 3.967448e-01 -2.502067e-04
1.613801e+01 5.552783e-01 -3.499868e-04
1.613801e+01 7.774819e-01 -4.945103e-04
1.613801e+01 1.088445e+00 -7.041090e-04
1.613801e+01 1.523711e+00 -1.003387e-03
1.613801e+01 2.088426e+00 -1.330429e-03
1.613801e+01 2.685505e+00 -1.405599e-03
1.648077e+01 1.570796e-02 -1.352922e-06
1.648077e+01 2.346256e-02 -2.424217e-06
1.648077e+01 3.503514e-02 -6.413536e-06
1.648077e+01 5.263151e-02 -1.192444e-05
1.648077e+01 7.314235e-02 -2.380466e-05
1.648077e+01 1.025928e-01 -3.689201e-05
1.648077e+01 1.448116e-01 -6.260596e-05
1.648077e+01 2.023460e-01 -9.535722e-05
1.648077e+01 2.834245e-01 -1.366617e-04
1.648077e+01 3.967448e-01 -1.939528e-04
1.648077e+01 5.552783e-01 -2.717287e-04
1.648077e+01 7.774819e-01 -3.892139e-04
1.648077e+01 1.088445e+00 -5.559738e-04
1.648077e+01 1.523711e+00 -7.978277e-04
1.648077e+01 2.088426e+00 -1.065732e-03
1.648077e+01 2.685505e+00 -1.134602e-03
1.683038e+01 1.570796e-02 -1.027128e-06
1.683038e+01 2.346256e-02 -1.695098e-06
1.683038e+01 3.503514e-02 -4.83628e-06
1.683038e+01 5.263151e-02 -9.325007e-06
1.683038e+01 7.314235e-02 -1.825097e-05
1.683038e+01 1.025928e-01 -2.802019e-05
1.683038e+01 1.448116e-01 -4.718016e-05
1.683038e+01 2.023460e-01 -7.186903e-05
1.683038e+01 2.834245e-01 -1.039571e-04
1.683038e+01 3.967448e-01 -1.4712e-04
1.683038e+01 5.552783e-01 -2.092831e-04
1.683038e+01 7.774819e-01 -3.013257e-04
1.683038e+01 1.088445e+00 -4.331398e-04
1.683038e+01 1.523711e+00 -6.283439e-04
1.683038e+01 2.088426e+00 -8.41593e-04
1.683038e+01 2.685505e+00 -8.918452e-04
1.718699e+01 1.570796e-02 -7.723637e-07
1.718699e+01 2.346256e-02 -1.212983e-06
1.718699e+01 3.503514e-02 -3.661341e-06
1.718699e+01 5.263151e-02 -7.065961e-06
1.718699e+01 7.314235e-02 -1.356163e-05
1.718699e+01 1.025928e-01 -2.081606e-05
1.718699e+01 1.448116e-01 -3.542923e-05
1.718699e+01 2.023460e-01 -5.400147e-05
1.718699e+01 2.834245e-01 -7.754564e-05
1.718699e+01 3.967448e-01 -1.101720e-04
1.718699e+01 5.552783e-01 -1.576189e-04
1.718699e+01 7.774819e-01 -2.305683e-04
1.718699e+01 1.088445e+00 -3.328449e-04
1.718699e+01 1.523711e+00 -4.867389e-04
1.718699e+01 2.088426e+00 -6.524094e-04
1.718699e+01 2.685505e+00 -6.886796e-04
1.755073e+01 1.570796e-02 -5.749672e-07
1.755073e+01 2.346256e-02 -9.481875e-07
1.755073e+01 3.503514e-02 -2.621669e-06
1.755073e+01 5.263151e-02 -5.147822e-06
1.755073e+01 7.314235e-02 -9.837072e-06
1.755073e+01 1.025928e-01 -1.521566e-05
1.755073e+01 1.448116e-01 -2.585014e-05
1.755073e+01 2.023460e-01 -3.946879e-05
1.755073e+01 2.834245e-01 -5.667732e-05
1.755073e+01 3.967448e-01 -8.099127e-05
1.755073e+01 5.552783e-01 -1.167286e-04
1.755073e+01 7.774819e-01 -1.729997e-04
1.755073e+01 1.088445e+00 -2.499972e-04
1.755073e+01 1.523711e+00 -3.652455e-04
1.755073e+01 2.088426e+00 -4.913700e-04
1.755073e+01 2.685505e+00 -5.148431e-04
1.792175e+01 1.570796e-02 -4.362802e-07
1.792175e+01 2.346256e-02 -6.188899e-07
1.792175e+01 3.503514e-02 -1.83947e-06
1.792175e+01 5.263151e-02 -3.784947e-06
1.792175e+01 7.314235e-02 -7.137502e-06
1.792175e+01 1.025928e-01 -1.088002e-05
1.792175e+01 1.448116e-01 -1.876283e-05
1.792175e+01 2.023460e-01 -2.868067e-05
1.792175e+01 2.834245e-01 -4.117030e-05
1.792175e+01 3.967448e-01 -5.917662e-05
1.792175e+01 5.552783e-01 -8.530087e-05
1.792175e+01 7.774819e-01 -1.278052e-04
1.792175e+01 1.088445e+00 -1.845138e-04
1.792175e+01 1.523711e+00 -2.702715e-04
1.792175e+01 2.088426e+00 -3.655935e-04
1.792175e+01 2.685505e+00 -3.880281e-04
1.830018e+01 1.570796e-02 -3.258904e-07
1.830018e+01 2.346256e-02 -4.319933e-07
1.830018e+01 3.503514e-02 -1.318121e-06
1.830018e+01 5.263151e-02 -2.694532e-06
1.830018e+01 7.314235e-02 -5.040074e-06
1.830018e+01 1.025928e-01 -7.570866e-06
1.830018e+01 1.448116e-01 -1.334497e-05
1.830018e+01 2.023460e-01 -2.059579e-05
1.830018e+01 2.834245e-01 -2.925324e-05
1.830018e+01 3.967448e-01 -4.218853e-05
1.830018e+01 5.552783e-01 -6.146328e-05
1.830018e+01 7.774819e-01 -9.254162e-05
1.830018e+01 1.088445e+00 -1.338376e-04
1.830018e+01 1.523711e+00 -1.960297e-04
1.830018e+01 2.088426e+00 -2.680942e-04
1.830018e+01 2.685505e+00 -2.850367e-04
1.868618e+01 1.570796e-02 -2.309453e-07
1.868618e+01 2.346256e-02 -2.843072e-07
1.868618e+01 3.503514e-02 -9.082725e-07
1.868618e+01 5.263151e-02 -1.88437e-06
1.868618e+01 7.314235e-02 -3.455718e-06
1.868618e+01 1.025928e-01 -5.229527e-06
1.868618e+01 1.448116e-01 -9.402926e-06
1.868618e+01 2.023460e-01 -1.439879e-05
1.868618e+01 2.834245e-01 -2.033650e-05
1.868618e+01 3.967448e-01 -2.980355e-05
1.868618e+01 5.552783e-01 -4.360567e-05
1.868618e+01 7.774819e-01 -6.596807e-05
1.868618e+01 1.088445e+00 -9.520831e-05
1.868618e+01 1.523711e+00 -1.396638e-04
1.868618e+01 2.088426e+00 -1.913828e-04
1.868618e+01 2.685505e+00 -2.067219e-04
1.907991e+01 1.570796e-02 -1.549357e-07
1.907991e+01 2.346256e-02 -2.081675e-07
1.907991e+01 3.503514e-02 -6.311511e-07
1.907991e+01 5.263151e-02 -1.235691e-06
1.907991e+01 7.314235e-02 -2.310601e-06
1.907991e+01 1.025928e-01 -3.504069e-06
1.907991e+01 1.448116e-01 -6.328705e-06
1.907991e+01 2.023460e-01 -9.825195e-06
1.907991e+01 2.834245e-01 -1.391662e-05
1.907991e+01 3.967448e-01 -2.025039e-05
1.907991e+01 5.552783e-01 -3.021078e-05
1.907991e+01 7.774819e-01 -4.584638e-05
1.907991e+01 1.088445e+00 -6.609591e-05
1.907991e+01 1.523711e+00 -9.746819e-05
1.907991e+01 2.088426e+00 -1.356141e-04
1.907991e+01 2.685505e+00 -1.450477e-04
1.948151e+01 1.570796e-02 -1.025384e-07
1.948151e+01 2.346256e-02 -1.201908e-07
1.948151e+01 3.503514e-02 -4.348060e-07
1.948151e+01 5.263151e-02 -7.993549e-07
1.948151e+01 7.314235e-02 -1.524515e-06
1.948151e+01 1.025928e-01 -2.346014e-06
1.948151e+01 1.448116e-01 -4.219523e-06
1.948151e+01 2.023460e-01 -6.560005e-06
1.948151e+01 2.834245e-01 -9.228451e-06
1.948151e+01 3.967448e-01 -1.382886e-05
1.948151e+01 5.552783e-01 -2.040054e-05
1.948151e+01 7.774819e-01 -3.115434e-05
1.948151e+01 1.088445e+00 -4.494393e-05
1.948151e+01 1.523711e+00 -6.664201e-05
1.948151e+01 2.088426e+00 -9.273686e-05
1.948151e+01 2.685505e+00 -1.005041e-04
1.989114e+01 1.570796e-02 -6.879754e-08
1.989114e+01 2.346256e-02 -6.911607e-08
1.989114e+01 3.503514e-02 -2.940202e-07
1.989114e+01 5.263151e-02 -5.152869e-07
1.989114e+01 7.314235e-02 -9.934669e-07
1.989114e+01 1.025928e-01 -1.541701e-06
1.989114e+01 1.448116e-01 -2.772999e-06
1.989114e+01 2.023460e-01 -4.294925e-06
1.989114e+01 2.834245e-01 -6.072934e-06
1.989114e+01 3.967448e-01 -9.106377e-06
1.989114e+01 5.552783e-01 -1.368772e-05
1.989114e+01 7.774819e-01 -2.095118e-05
1.989114e+01 1.088445e+00 -3.033661e-05
1.989114e+01 1.523711e+00 -4.452571e-05
1.989114e+01 2.088426e+00 -6.25702e-05
1.989114e+01 2.685505e+00 -6.923358e-05
2.030896e+01 1.570796e-02 -4.235997e-08
2.030896e+01 2.346256e-02 -4.195736e-08
2.030896e+01 3.503514e-02 -1.824568e-07
2.030896e+01 5.263151e-02 -3.168154e-07
2.030896e+01 7.314235e-02 -6.310591e-07
2.030896e+01 1.025928e-01 -9.705106e-07
2.030896e+01 1.448116e-01 -1.773025e-06
2.030896e+01 2.023460e-01 -2.742538e-06
2.030896e+01 2.834245e-01 -3.911382e-06
2.030896e+01 3.967448e-01 -5.901741e-06
2.030896e+01 5.552783e-01 -8.947175e-06
2.030896e+01 7.774819e-01 -1.371134e-05
2.030896e+01 1.088445e+00 -2.015359e-05
2.030896e+01 1.523711e+00 -2.958651e-05
2.030896e+01 2.088426e+00 -4.197988e-05
2.030896e+01 2.685505e+00 -4.575007e-05
2.073514e+01 1.570796e-02 -2.564093e-08
2.073514e+01 2.346256e-02 -2.908711e-08
2.073514e+01 3.503514e-02 -1.103518e-07
2.073514e+01 5.263151e-02 -2.040711e-07
2.073514e+01 7.314235e-02 -3.700391e-07
2.073514e+01 1.025928e-01 -6.114793e-07
2.073514e+01 1.448116e-01 -1.099825e-06
2.073514e+01 2.023460e-01 -1.724597e-06
2.073514e+01 2.834245e-01 -2.412630e-06
2.073514e+01 3.967448e-01 -3.680049e-06
2.073514e+01 5.552783e-01 -5.698584e-06
2.073514e+01 7.774819e-01 -8.868554e-06
2.073514e+01 1.088445e+00 -1.287017e-05
2.073514e+01 1.523711e+00 -1.910718e-05
2.073514e+01 2.088426e+00 -2.723768e-05
2.073514e+01 2.685505e+00 -2.914172e-05
2.116984e+01 1.570796e-02 -1.760844e-08
2.116984e+01 2.346256e-02 -1.518209e-08
2.116984e+01 3.503514e-02 -6.585543e-08
2.116984e+01 5.263151e-02 -1.269947e-07
2.116984e+01 7.314235e-02 -2.436837e-07
2.116984e+01 1.025928e-01 -3.767843e-07
2.116984e+01 1.448116e-01 -6.639514e-07
2.116984e+01 2.023460e-01 -1.094198e-06
2.116984e+01 2.834245e-01 -1.493843e-06
2.116984e+01 3.967448e-01 -2.301774e-06
2.116984e+01 5.552783e-01 -3.597343e-06
2.116984e+01 7.774819e-01 -5.606071e-06
2.116984e+01 1.088445e+00 -8.223516e-06
2.116984e+01 1.523711e+00 -1.251935e-05
2.116984e+01 2.088426e+00 -1.764483e-05
2.116984e+01 2.685505e+00 -1.871044e-05
2.161324e+01 1.570796e-02 4.828248e-10
2.161324e+01 2.346256e-02 1.228176e-09
2.161324e+01 3.503514e-02 2.482319e-09
2.161324e+01 5.263151e-02 5.092154e-09
2.161324e+01 7.314235e-02 1.064638e-08
2.161324e+01 1.025928e-01 1.587054e-08
2.161324e+01 1.448116e-01 2.690359e-08
2.161324e+01 2.023460e-01 3.926461e-08
2.161324e+01 2.834245e-01 5.703154e-08
2.161324e+01 3.967448e-01 8.007191e-08
2.161324e+01 5.552783e-01 1.105194e-07
2.161324e+01 7.774819e-01 1.419987e-07
2.161324e+01 1.088445e+00 1.565495e-07
2.161324e+01 1.523711e+00 1.360188e-07
2.161324e+01 2.088426e+00 9.251492e-08
2.161324e+01 2.685505e+00 4.950663e-08
2.206550e+01 1.570796e-02 4.562478e-10
2.206550e+01 2.346256e-02 1.159542e-09
2.206550e+01 3.503514e-02 2.345281e-09
2.206550e+01 5.263151e-02 4.80601e-09
2.206550e+01 7.314235e-02 1.005575e-08
2.206550e+01 1.025928e-01 1.498430e-08
2.206550e+01 1.448116e-01 2.542816e-08
2.206550e+01 2.023460e-01 3.720605e-08
2.206550e+01 2.834245e-01 5.430045e-08
2.206550e+01 3.967448e-01 7.674332e-08
2.206550e+01 5.552783e-01 1.066524e-07
2.206550e+01 7.774819e-01 1.37818e-07
2.206550e+01 1.088445e+00 1.527954e-07
2.206550e+01 1.523711e+00 1.338761e-07
2.206550e+01 2.088426e+00 9.174234e-08
2.206550e+01 2.685505e+00 4.923016e-08
2.252681e+01 1.570796e-02 4.300422e-10
2.252681e+01 2.346256e-02 1.091806e-09
2.252681e+01 3.503514e-02 2.210369e-09
2.252681e+01 5.263151e-02 4.525335e-09
2.252681e+01 7.314235e-02 9.475936e-09
2.252681e+01 1.025928e-01 1.411759e-08
2.252681e+01 1.448116e-01 2.398384e-08
2.252681e+01 2.023460e-01 3.519407e-08
2.252681e+01 2.834245e-01 5.162995e-08
2.252681e+01 3.967448e-01 7.345077e-08
2.252681e+01 5.552783e-01 1.027693e-07
2.252681e+01 7.774819e-01 1.334956e-07
2.252681e+01 1.088445e+00 1.489281e-07
2.252681e+01 1.523711e+00 1.316076e-07
2.252681e+01 2.088426e+00 9.127073e-08
2.252681e+01 2.685505e+00 4.908645e-08
2.299735e+01 1.570796e-02 4.040795e-10
2.299735e+01 2.346256e-02 1.025902e-09
2.299735e+01 3.503514e-02 2.078724e-09
2.299735e+01 5.263151e-02 4.250668e-09
2.299735e+01 7.314235e-02 8.909836e-09
2.299735e+01 1.025928e-01 1.327096e-08
2.299735e+01 1.448116e-01 2.257623e-08
2.299735e+01 2.023460e-01 3.322223e-08
2.299735e+01 2.834245e-01 4.900916e-08
2.299735e+01 3.967448e-01 7.01999e-08
2.299735e+01 5.552783e-01 9.884634e-08
2.299735e+01 7.774819e-01 1.290802e-07
2.299735e+01 1.088445e+00 1.448512e-07
2.299735e+01 1.523711e+00 1.294893e-07
2.299735e+01 2.088426e+00 9.087723e-08
2.299735e+01 2.685505e+00 4.878004e-08
2.34773e+01 1.570796e-02 3.788016e-10
2.34773e+01 2.346256e-02 9.618736e-10
2.34773e+01 3.503514e-02 1.949468e-09
2.34773e+01 5.263151e-02 3.98219e-09
2.34773e+01 7.314235e-02 8.35677e-09
2.34773e+01 1.025928e-01 1.244186e-08
2.34773e+01 1.448116e-01 2.120098e-08
2.34773e+01 2.023460e-01 3.129967e-08
2.34773e+01 2.834245e-01 4.644460e-08
2.34773e+01 3.967448e-01 6.696322e-08
2.34773e+01 5.552783e-01 9.485176e-08
2.34773e+01 7.774819e-01 1.245082e-07
2.34773e+01 1.088445e+00 1.406787e-07
2.34773e+01 1.523711e+00 1.273614e-07
2.34773e+01 2.088426e+00 9.070955e-08
2.34773e+01 2.685505e+00 4.858223e-08
2.396684e+01 1.570796e-02 3.541277e-10
2.396684e+01 2.346256e-02 8.996299e-10
2.396684e+01 3.503514e-02 1.823267e-09
2.396684e+01 5.263151e-02 3.722015e-09
2.396684e+01 7.314235e-02 7.817576e-09
2.396684e+01 1.025928e-01 1.163522e-08
2.396684e+01 1.448116e-01 1.986173e-08
2.396684e+01 2.023460e-01 2.943262e-08
2.396684e+01 2.834245e-01 4.391537e-08
2.396684e+01 3.967448e-01 6.375033e-08
2.396684e+01 5.552783e-01 9.081995e-08
2.396684e+01 7.774819e-01 1.197989e-07
2.396684e+01 1.088445e+00 1.363583e-07
2.396684e+01 1.523711e+00 1.251198e-07
2.396684e+01 2.088426e+00 9.058671e-08
2.396684e+01 2.685505e+00 4.844754e-08
2.446618e+01 1.570796e-02 3.301476e-10
2.446618e+01 2.346256e-02 8.396684e-10
2.446618e+01 3.503514e-02 1.700206e-09
2.446618e+01 5.263151e-02 3.46949e-09
2.446618e+01 7.314235e-02 7.29183e-09
2.446618e+01 1.025928e-01 1.085388e-08
2.446618e+01 1.448116e-01 1.855406e-08
2.446618e+01 2.023460e-01 2.761109e-08
2.446618e+01 2.834245e-01 4.143969e-08
2.446618e+01 3.967448e-01 6.053594e-08
2.446618e+01 5.552783e-01 8.672583e-08
2.446618e+01 7.774819e-01 1.149746e-07
2.446618e+01 1.088445e+00 1.318974e-07
2.446618e+01 1.523711e+00 1.229185e-07
2.446618e+01 2.088426e+00 9.041948e-08
2.446618e+01 2.685505e+00 4.851431e-08
2.497550e+01 1.570796e-02 3.067839e-10
2.497550e+01 2.346256e-02 7.806134e-10
2.497550e+01 3.503514e-02 1.580438e-09
2.497550e+01 5.263151e-02 3.223602e-09
2.497550e+01 7.314235e-02 6.781817e-09
2.497550e+01 1.025928e-01 1.009304e-08
2.497550e+01 1.448116e-01 1.728777e-08
2.497550e+01 2.023460e-01 2.583619e-08
2.497550e+01 2.834245e-01 3.900799e-08
2.497550e+01 3.967448e-01 5.732309e-08
2.497550e+01 5.552783e-01 8.253439e-08
2.497550e+01 7.774819e-01 1.099726e-07
2.497550e+01 1.088445e+00 1.272649e-07
2.497550e+01 1.523711e+00 1.205439e-07
2.497550e+01 2.088426e+00 9.047329e-08
2.497550e+01 2.685505e+00 4.876634e-08
2.549501e+01 1.570796e-02 2.842392e-10
2.549501e+01 2.346256e-02 7.239612e-10
2.549501e+01 3.503514e-02 1.463786e-09
2.549501e+01 5.263151e-02 2.984384e-09
2.549501e+01 7.314235e-02 6.285443e-09
2.549501e+01 1.025928e-01 9.356740e-09
2.549501e+01 1.448116e-01 1.604957e-08
2.549501e+01 2.023460e-01 2.410545e-08
2.549501e+01 2.834245e-01 3.660118e-08
2.549501e+01 3.967448e-01 5.408687e-08
2.549501e+01 5.552783e-01 7.827463e-08
2.549501e+01 7.774819e-01 1.048474e-07
2.549501e+01 1.088445e+00 1.224508e-07
2.549501e+01 1.523711e+00 1.181575e-07
2.549501e+01 2.088426e+00 9.054313e-08
2.549501e+01 2.685505e+00 4.954821e-08
2.602491e+01 1.570796e-02 2.621116e-10
2.602491e+01 2.346256e-02 6.68661e-10
2.602491e+01 3.503514e-02 1.350020e-09
2.602491e+01 5.263151e-02 2.752445e-09
2.602491e+01 7.314235e-02 5.801148e-09
2.602491e+01 1.025928e-01 8.641087e-09
2.602491e+01 1.448116e-01 1.484291e-08
2.602491e+01 2.023460e-01 2.240610e-08
2.602491e+01 2.834245e-01 3.421278e-08
2.602491e+01 3.967448e-01 5.082326e-08
2.602491e+01 5.552783e-01 7.391885e-08
2.602491e+01 7.774819e-01 9.957119e-08
2.602491e+01 1.088445e+00 1.174466e-07
2.602491e+01 1.523711e+00 1.154687e-07
2.602491e+01 2.088426e+00 9.065725e-08
2.602491e+01 2.685505e+00 5.048101e-08
2.656541e+01 1.570796e-02 2.406058e-10
2.656541e+01 2.346256e-02 6.144504e-10
2.656541e+01 3.503514e-02 1.23878e-09
2.656541e+01 5.263151e-02 2.526537e-09
2.656541e+01 7.314235e-02 5.330031e-09
2.656541e+01 1.025928e-01 7.942999e-09
2.656541e+01 1.448116e-01 1.366625e-08
2.656541e+01 2.023460e-01 2.073539e-08
2.656541e+01 2.834245e-01 3.183816e-08
2.656541e+01 3.967448e-01 4.753206e-08
2.656541e+01 5.552783e-01 6.947059e-08
2.656541e+01 7.774819e-01 9.411671e-08
2.656541e+01 1.088445e+00 1.121572e-07
2.656541e+01 1.523711e+00 1.125818e-07
2.656541e+01 2.088426e+00 9.07671e-08
2.656541e+01 2.685505e+00 5.169685e-08
2.711672e+01 1.570796e-02 2.195809e-10
2.711672e+01 2.346256e-02 5.620167e-10
2.711672e+01 3.503514e-02 1.13102e-09
2.711672e+01 5.263151e-02 2.306988e-09
2.711672e+01 7.314235e-02 4.870695e-09
2.711672e+01 1.025928e-01 7.263574e-09
2.711672e+01 1.448116e-01 1.251832e-08
2.711672e+01 2.023460e-01 1.909167e-08
2.711672e+01 2.834245e-01 2.946720e-08
2.711672e+01 3.967448e-01 4.421213e-08
2.711672e+01 5.552783e-01 6.49122e-08
2.711672e+01 7.774819e-01 8.845516e-08
2.711672e+01 1.088445e+00 1.066660e-07
2.711672e+01 1.523711e+00 1.093771e-07
2.711672e+01 2.088426e+00 9.093191e-08
2.711672e+01 2.685505e+00 5.350903e-08
2.767905e+01 1.570796e-02 1.991652e-10
2.767905e+01 2.346256e-02 5.108364e-10
2.767905e+01 3.503514e-02 1.025738e-09
2.767905e+01 5.263151e-02 2.093304e-09
2.767905e+01 7.314235e-02 4.424681e-09
2.767905e+01 1.025928e-01 6.601649e-09
2.767905e+01 1.448116e-01 1.139392e-08
2.767905e+01 2.023460e-01 1.747463e-08
2.767905e+01 2.834245e-01 2.710800e-08
2.767905e+01 3.967448e-01 4.085218e-08
2.767905e+01 5.552783e-01 6.025998e-08
2.767905e+01 7.774819e-01 8.260284e-08
2.767905e+01 1.088445e+00 1.008061e-07
2.767905e+01 1.523711e+00 1.057498e-07
2.767905e+01 2.088426e+00 9.078040e-08
2.767905e+01 2.685505e+00 5.579779e-08
2.825263e+01 1.570796e-02 1.792262e-10
2.825263e+01 2.346256e-02 4.607221e-10
2.825263e+01 3.503514e-02 9.229695e-10
2.825263e+01 5.263151e-02 1.885209e-09
2.825263e+01 7.314235e-02 3.988834e-09
2.825263e+01 1.025928e-01 5.959069e-09
2.825263e+01 1.448116e-01 1.029599e-08
2.825263e+01 2.023460e-01 1.587423e-08
2.825263e+01 2.834245e-01 2.474968e-08
2.825263e+01 3.967448e-01 3.744297e-08
2.825263e+01 5.552783e-01 5.548759e-08
2.825263e+01 7.774819e-01 7.652664e-08
2.825263e+01 1.088445e+00 9.457083e-08
2.825263e+01 1.523711e+00 1.015726e-07
2.825263e+01 2.088426e+00 9.038734e-08
2.825263e+01 2.685505e+00 5.847111e-08
2.883769e+01 1.570796e-02 1.598612e-10
2.883769e+01 2.346256e-02 4.118632e-10
2.883769e+01 3.503514e-02 8.229491e-10
2.883769e+01 5.263151e-02 1.682482e-09
2.883769e+01 7.314235e-02 3.563072e-09
2.883769e+01 1.025928e-01 5.329835e-09
2.883769e+01 1.448116e-01 9.225272e-09
2.883769e+01 2.023460e-01 1.429327e-08
2.883769e+01 2.834245e-01 2.238974e-08
2.883769e+01 3.967448e-01 3.400208e-08
2.883769e+01 5.552783e-01 5.059847e-08
2.883769e+01 7.774819e-01 7.023618e-08
2.883769e+01 1.088445e+00 8.792582e-08
2.883769e+01 1.523711e+00 9.681533e-08
2.883769e+01 2.088426e+00 8.957616e-08
2.883769e+01 2.685505e+00 6.168080e-08
2.943444e+01 1.570796e-02 1.409640e-10
2.943444e+01 2.346256e-02 3.641796e-10
2.943444e+01 3.503514e-02 7.254933e-10
2.943444e+01 5.263151e-02 1.485078e-09
2.943444e+01 7.314235e-02 3.149005e-09
2.943444e+01 1.025928e-01 4.716176e-09
2.943444e+01 1.448116e-01 8.17411e-09
2.943444e+01 2.023460e-01 1.272704e-08
2.943444e+01 2.834245e-01 2.002387e-08
2.943444e+01 3.967448e-01 3.05098e-08
2.943444e+01 5.552783e-01 4.561618e-08
2.943444e+01 7.774819e-01 6.371842e-08
2.943444e+01 1.088445e+00 8.081377e-08
2.943444e+01 1.523711e+00 9.127138e-08
2.943444e+01 2.088426e+00 8.807627e-08
2.943444e+01 2.685505e+00 6.499152e-08
3.004313e+01 1.570796e-02 1.225119e-10
3.004313e+01 2.346256e-02 3.174413e-10
3.004313e+01 3.503514e-02 6.305796e-10
3.004313e+01 5.263151e-02 1.292259e-09
3.004313e+01 7.314235e-02 2.744094e-09
3.004313e+01 1.025928e-01 4.116452e-09
3.004313e+01 1.448116e-01 7.142362e-09
3.004313e+01 2.023460e-01 1.117698e-08
3.004313e+01 2.834245e-01 1.765296e-08
3.004313e+01 3.967448e-01 2.697612e-08
3.004313e+01 5.552783e-01 4.050031e-08
3.004313e+01 7.774819e-01 5.694764e-08
3.004313e+01 1.088445e+00 7.3272e-08
3.004313e+01 1.523711e+00 8.491762e-08
3.004313e+01 2.088426e+00 8.575039e-08
3.004313e+01 2.685505e+00 6.842023e-08
3.066399e+01 1.570796e-02 1.045761e-10
3.066399e+01 2.346256e-02 2.718395e-10
3.066399e+01 3.503514e-02 5.380501e-10
3.066399e+01 5.263151e-02 1.104343e-09
3.066399e+01 7.314235e-02 2.349059e-09
3.066399e+01 1.025928e-01 3.528529e-09
3.066399e+01 1.448116e-01 6.129529e-09
3.066399e+01 2.023460e-01 9.637867e-09
3.066399e+01 2.834245e-01 1.528409e-08
3.066399e+01 3.967448e-01 2.340867e-08
3.066399e+01 5.552783e-01 3.529883e-08
3.066399e+01 7.774819e-01 4.992742e-08
3.066399e+01 1.088445e+00 6.513728e-08
3.066399e+01 1.523711e+00 7.755795e-08
3.066399e+01 2.088426e+00 8.22411e-08
3.066399e+01 2.685505e+00 7.130679e-08
3.129727e+01 1.570796e-02 8.715064e-11
3.129727e+01 2.346256e-02 2.271955e-10
3.129727e+01 3.503514e-02 4.480623e-10
3.129727e+01 5.263151e-02 9.211876e-10
3.129727e+01 7.314235e-02 1.962439e-09
3.129727e+01 1.025928e-01 2.951783e-09
3.129727e+01 1.448116e-01 5.135907e-09
3.129727e+01 2.023460e-01 8.112356e-09
3.129727e+01 2.834245e-01 1.291109e-08
3.129727e+01 3.967448e-01 1.981113e-08
3.129727e+01 5.552783e-01 2.999528e-08
3.129727e+01 7.774819e-01 4.268268e-08
3.129727e+01 1.088445e+00 5.648155e-08
3.129727e+01 1.523711e+00 6.918949e-08
3.129727e+01 2.088426e+00 7.721174e-08
3.129727e+01 2.685505e+00 7.272008e-08
3.194322e+01 1.570796e-02 7.017555e-11
3.194322e+01 2.346256e-02 1.834659e-10
3.194322e+01 3.503514e-02 3.605659e-10
3.194322e+01 5.263151e-02 7.426106e-10
3.194322e+01 7.314235e-02 1.584409e-09
3.194322e+01 1.025928e-01 2.387351e-09
3.194322e+01 1.448116e-01 4.158564e-09
3.194322e+01 2.023460e-01 6.596914e-09
3.194322e+01 2.834245e-01 1.053373e-08
3.194322e+01 3.967448e-01 1.619595e-08
3.194322e+01 5.552783e-01 2.461377e-08
3.194322e+01 7.774819e-01 3.521471e-08
3.194322e+01 1.088445e+00 4.728111e-08
3.194322e+01 1.523711e+00 5.966340e-08
3.194322e+01 2.088426e+00 7.028881e-08
3.194322e+01 2.685505e+00 7.223677e-08
3.260208e+01 1.570796e-02 5.368526e-11
3.260208e+01 2.346256e-02 1.408725e-10
3.260208e+01 3.503514e-02 2.755096e-10
3.260208e+01 5.263151e-02 5.688179e-10
3.260208e+01 7.314235e-02 1.216528e-09
3.260208e+01 1.025928e-01 1.835161e-09
3.260208e+01 1.448116e-01 3.201696e-09
3.260208e+01 2.023460e-01 5.098289e-09
3.260208e+01 2.834245e-01 8.163896e-09
3.260208e+01 3.967448e-01 1.25689e-08
3.260208e+01 5.552783e-01 1.915837e-08
3.260208e+01 7.774819e-01 2.758473e-08
3.260208e+01 1.088445e+00 3.752381e-08
3.260208e+01 1.523711e+00 4.881811e-08
3.260208e+01 2.088426e+00 6.080445e-08
3.260208e+01 2.685505e+00 6.841641e-08
3.327412e+01 1.570796e-02 3.741896e-11
3.327412e+01 2.346256e-02 9.861251e-11
3.327412e+01 3.503514e-02 1.916502e-10
3.327412e+01 5.263151e-02 3.965463e-10
3.327412e+01 7.314235e-02 8.504775e-10
3.327412e+01 1.025928e-01 1.284995e-09
3.327412e+01 1.448116e-01 2.245891e-09
3.327412e+01 2.023460e-01 3.591304e-09
3.327412e+01 2.834245e-01 5.769584e-09
3.327412e+01 3.967448e-01 8.897255e-09
3.327412e+01 5.552783e-01 1.360991e-08
3.327412e+01 7.774819e-01 1.972307e-08
3.327412e+01 1.088445e+00 2.719679e-08
3.327412e+01 1.523711e+00 3.649413e-08
3.327412e+01 2.088426e+00 4.826212e-08
3.327412e+01 2.685505e+00 5.938368e-08
3.395961e+01 1.570796e-02 2.280351e-11
3.395961e+01 2.346256e-02 6.077034e-11
3.395961e+01 3.503514e-02 1.172584e-10
3.395961e+01 5.263151e-02 2.432958e-10
3.395961e+01 7.314235e-02 5.228880e-10
3.395961e+01 1.025928e-01 7.896571e-10
3.395961e+01 1.448116e-01 1.377455e-09
3.395961e+01 2.023460e-01 2.197619e-09
3.395961e+01 2.834245e-01 3.518075e-09
3.395961e+01 3.967448e-01 5.387613e-09
3.395961e+01 5.552783e-01 8.206966e-09
3.395961e+01 7.774819e-01 1.188592e-08
3.395961e+01 1.088445e+00 1.649461e-08
3.395961e+01 1.523711e+00 2.271187e-08
3.395961e+01 2.088426e+00 3.187786e-08
3.395961e+01 2.685505e+00 4.272997e-08
3.46588e+01 1.570796e-02 7.064206e-12
3.46588e+01 2.346256e-02 1.631563e-11
3.46588e+01 3.503514e-02 3.658774e-11
3.46588e+01 5.263151e-02 7.031746e-11
3.46588e+01 7.314235e-02 1.543864e-10
3.46588e+01 1.025928e-01 2.326556e-10
3.46588e+01 1.448116e-01 4.080147e-10
3.46588e+01 2.023460e-01 6.636145e-10
3.46588e+01 2.834245e-01 1.076858e-09
3.46588e+01 3.967448e-01 1.671305e-09
3.46588e+01 5.552783e-01 2.567971e-09
3.46588e+01 7.774819e-01 3.775613e-09
3.46588e+01 1.088445e+00 5.340942e-09
3.46588e+01 1.523711e+00 7.603519e-09
3.46588e+01 2.088426e+00 1.125018e-08
3.46588e+01 2.685505e+00 1.60956e-08
3.537197e+01 1.570796e-02 0.e+00
3.537197e+01 2.346256e-02 0.e+00
3.537197e+01 3.503514e-02 0.e+00
3.537197e+01 5.263151e-02 0.e+00
3.537197e+01 7.314235e-02 0.e+00
3.537197e+01 1.025928e-01 0.e+00
3.537197e+01 1.448116e-01 0.e+00
3.537197e+01 2.023460e-01 0.e+00
3.537197e+01 2.834245e-01 0.e+00
3.537197e+01 3.967448e-01 0.e+00
3.537197e+01 5.552783e-01 0.e+00
3.537197e+01 7.774819e-01 0.e+00
3.537197e+01 1.088445e+00 0.e+00
3.537197e+01 1.523711e+00 0.e+00
3.537197e+01 2.088426e+00 0.e+00
3.537197e+01 2.685505e+00 0.e+00
