5.e+00 1.570796e-02 0.e+00
5.e+00 2.346256e-02 0.e+00
5.e+00 3.503514e-02 0.e+00
5.e+00 5.263151e-02 0.e+00
5.e+00 7.314235e-02 0.e+00
5.e+00 1.025928e-01 0.e+00
5.e+00 1.448116e-01 0.e+00
5.e+00 2.023460e-01 0.e+00
5.e+00 2.834245e-01 0.e+00
5.e+00 3.967448e-01 0.e+00
5.e+00 5.552783e-01 0.e+00
5.e+00 7.774819e-01 0.e+00
5.e+00 1.088445e+00 0.e+00
5.e+00 1.523711e+00 0.e+00
5.e+00 2.088426e+00 0.e+00
5.e+00 2.685505e+00 0.e+00
5.12e+00 1.570796e-02 0.e+00
5.12e+00 2.346256e-02 0.e+00
5.12e+00 3.503514e-02 0.e+00
5.12e+00 5.263151e-02 0.e+00
5.12e+00 7.314235e-02 0.e+00
5.12e+00 1.025928e-01 0.e+00
5.12e+00 1.448116e-01 0.e+00
5.12e+00 2.023460e-01 0.e+00
5.12e+00 2.834245e-01 0.e+00
5.12e+00 3.967448e-01 0.e+00
5.12e+00 5.552783e-01 0.e+00
5.12e+00 7.774819e-01 0.e+00
5.12e+00 1.088445e+00 0.e+00
5.12e+00 1.523711e+00 0.e+00
5.12e+00 2.088426e+00 0.e+00
5.12e+00 2.685505e+00 0.e+00
5.2424e+00 1.570796e-02 0.e+00
5.2424e+00 2.346256e-02 0.e+00
5.2424e+00 3.503514e-02 0.e+00
5.2424e+00 5.263151e-02 0.e+00
5.2424e+00 7.314235e-02 0.e+00
5.2424e+00 1.025928e-01 0.e+00
5.2424e+00 1.448116e-01 0.e+00
5.2424e+00 2.023460e-01 0.e+00
5.2424e+00 2.834245e-01 0.e+00
5.2424e+00 3.967448e-01 0.e+00
5.2424e+00 5.552783e-01 0.e+00
5.2424e+00 7.774819e-01 0.e+00
5.2424e+00 1.088445e+00 0.e+00
5.2424e+00 1.523711e+00 0.e+00
5.2424e+00 2.088426e+00 0.e+00
5.2424e+00 2.685505e+00 0.e+00
5.367248e+00 1.570796e-02 0.e+00
5.367248e+00 2.346256e-02 0.e+00
5.367248e+00 3.503514e-02 0.e+00
5.367248e+00 5.263151e-02 0.e+00
5.367248e+00 7.314235e-02 0.e+00
5.367248e+00 1.025928e-01 0.e+00
5.367248e+00 1.448116e-01 0.e+00
5.367248e+00 2.023460e-01 0.e+00
5.367248e+00 2.834245e-01 0.e+00
5.367248e+00 3.967448e-01 0.e+00
5.367248e+00 5.552783e-01 0.e+00
5.367248e+00 7.774819e-01 0.e+00
5.367248e+00 1.088445e+00 0.e+00
5.367248e+00 1.523711e+00 0.e+00
5.367248e+00 2.088426e+00 0.e+00
5.367248e+00 2.685505e+00 0.e+00
5.494593e+00 1.570796e-02 0.e+00
5.494593e+00 2.346256e-02 0.e+00
5.494593e+00 3.503514e-02 0.e+00
5.494593e+00 5.263151e-02 0.e+00
5.494593e+00 7.314235e-02 0.e+00
5.494593e+00 1.025928e-01 0.e+00
5.494593e+00 1.448116e-01 0.e+00
5.494593e+00 2.023460e-01 0.e+00
5.494593e+00 2.834245e-01 0.e+00
5.494593e+00 3.967448e-01 0.e+00
5.494593e+00 5.552783e-01 0.e+00
5.494593e+00 7.774819e-01 0.e+00
5.494593e+00 1.088445e+00 0.e+00
5.494593e+00 1.523711e+00 0.e+00
5.494593e+00 2.088426e+00 0.e+00
5.494593e+00 2.685505e+00 0.e+00
5.624485e+00 1.570796e-02 -4.522717e-05
5.624485e+00 2.346256e-02 -3.187911e-05
5.624485e+00 3.503514e-02 -6.021855e-05
5.624485e+00 5.263151e-02 -3.676519e-05
5.624485e+00 7.314235e-02 -9.442163e-05
5.624485e+00 1.025928e-01 -1.702256e-05
5.624485e+00 1.448116e-01 -1.067491e-04
5.624485e+00 2.023460e-01 -4.75394e-05
5.624485e+00 2.834245e-01 -6.661636e-05
5.624485e+00 3.967448e-01 -2.634915e-05
5.624485e+00 5.552783e-01 -3.463166e-05
5.624485e+00 7.774819e-01 -3.596390e-05
5.624485e+00 1.088445e+00 -3.463908e-05
5.624485e+00 1.523711e+00 -3.299173e-05
5.624485e+00 2.088426e+00 -4.181335e-05
5.624485e+00 2.685505e+00 -5.194355e-05
5.756975e+00 1.570796e-02 -1.744991e-04
5.756975e+00 2.346256e-02 -1.416699e-04
5.756975e+00 3.503514e-02 -2.226164e-04
5.756975e+00 5.263151e-02 -3.330643e-04
5.756975e+00 7.314235e-02 -4.100012e-04
5.756975e+00 1.025928e-01 -2.331802e-04
5.756975e+00 1.448116e-01 -3.024113e-04
5.756975e+00 2.023460e-01 -3.424113e-04
5.756975e+00 2.834245e-01 -4.088857e-04
5.756975e+00 3.967448e-01 -2.608111e-04
5.756975e+00 5.552783e-01 -2.388685e-04
5.756975e+00 7.774819e-01 -2.292115e-04
5.756975e+00 1.088445e+00 -2.062209e-04
5.756975e+00 1.523711e+00 -2.060007e-04
5.756975e+00 2.088426e+00 -2.521979e-04
5.756975e+00 2.685505e+00 -2.902011e-04
5.892114e+00 1.570796e-02 -4.034007e-04
5.892114e+00 2.346256e-02 -4.159062e-04
5.892114e+00 3.503514e-02 -6.655266e-04
5.892114e+00 5.263151e-02 -1.157459e-03
5.892114e+00 7.314235e-02 -1.481809e-03
5.892114e+00 1.025928e-01 -1.216851e-03
5.892114e+00 1.448116e-01 -1.550416e-03
5.892114e+00 2.023460e-01 -1.451737e-03
5.892114e+00 2.834245e-01 -1.477198e-03
5.892114e+00 3.967448e-01 -1.116979e-03
5.892114e+00 5.552783e-01 -9.861060e-04
5.892114e+00 7.774819e-01 -9.169731e-04
5.892114e+00 1.088445e+00 -8.11275e-04
5.892114e+00 1.523711e+00 -8.210003e-04
5.892114e+00 2.088426e+00 -9.708804e-04
5.892114e+00 2.685505e+00 -1.138973e-03
6.029956e+00 1.570796e-02 -6.583000e-04
6.029956e+00 2.346256e-02 -1.06554e-03
6.029956e+00 3.503514e-02 -1.618246e-03
6.029956e+00 5.263151e-02 -2.630909e-03
6.029956e+00 7.314235e-02 -4.212322e-03
6.029956e+00 1.025928e-01 -3.039358e-03
6.029956e+00 1.448116e-01 -3.808551e-03
6.029956e+00 2.023460e-01 -3.768015e-03
6.029956e+00 2.834245e-01 -3.73822e-03
6.029956e+00 3.967448e-01 -3.045439e-03
6.029956e+00 5.552783e-01 -2.789757e-03
6.029956e+00 7.774819e-01 -2.446052e-03
6.029956e+00 1.088445e+00 -2.161371e-03
6.029956e+00 1.523711e+00 -2.186347e-03
6.029956e+00 2.088426e+00 -2.541753e-03
6.029956e+00 2.685505e+00 -2.952456e-03
6.170555e+00 1.570796e-02 -7.355447e-04
6.170555e+00 2.346256e-02 -1.657893e-03
6.170555e+00 3.503514e-02 -2.935615e-03
6.170555e+00 5.263151e-02 -4.326061e-03
6.170555e+00 7.314235e-02 -7.193736e-03
6.170555e+00 1.025928e-01 -6.010801e-03
6.170555e+00 1.448116e-01 -6.941471e-03
6.170555e+00 2.023460e-01 -7.312986e-03
6.170555e+00 2.834245e-01 -6.917176e-03
6.170555e+00 3.967448e-01 -5.998569e-03
6.170555e+00 5.552783e-01 -5.461574e-03
6.170555e+00 7.774819e-01 -4.747963e-03
6.170555e+00 1.088445e+00 -4.150877e-03
6.170555e+00 1.523711e+00 -4.12427e-03
6.170555e+00 2.088426e+00 -4.758732e-03
6.170555e+00 2.685505e+00 -5.457915e-03
6.313967e+00 1.570796e-02 -8.018687e-04
6.313967e+00 2.346256e-02 -2.060484e-03
6.313967e+00 3.503514e-02 -3.910745e-03
6.313967e+00 5.263151e-02 -6.008471e-03
6.313967e+00 7.314235e-02 -1.013548e-02
6.313967e+00 1.025928e-01 -9.619362e-03
6.313967e+00 1.448116e-01 -1.15061e-02
6.313967e+00 2.023460e-01 -1.180397e-02
6.313967e+00 2.834245e-01 -1.164976e-02
6.313967e+00 3.967448e-01 -9.971145e-03
6.313967e+00 5.552783e-01 -9.071714e-03
6.313967e+00 7.774819e-01 -7.890794e-03
6.313967e+00 1.088445e+00 -6.832478e-03
6.313967e+00 1.523711e+00 -6.693557e-03
6.313967e+00 2.088426e+00 -7.619066e-03
6.313967e+00 2.685505e+00 -8.630803e-03
6.460246e+00 1.570796e-02 -8.219490e-04
6.460246e+00 2.346256e-02 -2.133769e-03
6.460246e+00 3.503514e-02 -4.430837e-03
6.460246e+00 5.263151e-02 -7.378176e-03
6.460246e+00 7.314235e-02 -1.266638e-02
6.460246e+00 1.025928e-01 -1.350043e-02
6.460246e+00 1.448116e-01 -1.628268e-02
6.460246e+00 2.023460e-01 -1.680002e-02
6.460246e+00 2.834245e-01 -1.67111e-02
6.460246e+00 3.967448e-01 -1.468788e-02
6.460246e+00 5.552783e-01 -1.342175e-02
6.460246e+00 7.774819e-01 -1.164005e-02
6.460246e+00 1.088445e+00 -1.007924e-02
6.460246e+00 1.523711e+00 -9.693333e-03
6.460246e+00 2.088426e+00 -1.09605e-02
6.460246e+00 2.685505e+00 -1.229742e-02
6.609451e+00 1.570796e-02 -8.516069e-04
6.609451e+00 2.346256e-02 -2.053199e-03
6.609451e+00 3.503514e-02 -4.569673e-03
6.609451e+00 5.263151e-02 -8.059986e-03
6.609451e+00 7.314235e-02 -1.418173e-02
6.609451e+00 1.025928e-01 -1.643539e-02
6.609451e+00 1.448116e-01 -2.079257e-02
6.609451e+00 2.023460e-01 -2.169684e-02
6.609451e+00 2.834245e-01 -2.168908e-02
6.609451e+00 3.967448e-01 -1.960109e-02
6.609451e+00 5.552783e-01 -1.796696e-02
6.609451e+00 7.774819e-01 -1.563161e-02
6.609451e+00 1.088445e+00 -1.347416e-02
6.609451e+00 1.523711e+00 -1.286931e-02
6.609451e+00 2.088426e+00 -1.43768e-02
6.609451e+00 2.685505e+00 -1.602546e-02
6.76164e+00 1.570796e-02 -8.163985e-04
6.76164e+00 2.346256e-02 -1.942887e-03
6.76164e+00 3.503514e-02 -4.382525e-03
6.76164e+00 5.263151e-02 -8.048421e-03
6.76164e+00 7.314235e-02 -1.485447e-02
6.76164e+00 1.025928e-01 -1.850553e-02
6.76164e+00 1.448116e-01 -2.456328e-02
6.76164e+00 2.023460e-01 -2.607685e-02
6.76164e+00 2.834245e-01 -2.628396e-02
6.76164e+00 3.967448e-01 -2.439548e-02
6.76164e+00 5.552783e-01 -2.238700e-02
6.76164e+00 7.774819e-01 -1.954637e-02
6.76164e+00 1.088445e+00 -1.688863e-02
6.76164e+00 1.523711e+00 -1.598205e-02
6.76164e+00 2.088426e+00 -1.758214e-02
6.76164e+00 2.685505e+00 -1.950716e-02
6.916873e+00 1.570796e-02 -7.527483e-04
6.916873e+00 2.346256e-02 -1.813807e-03
6.916873e+00 3.503514e-02 -4.12548e-03
6.916873e+00 5.263151e-02 -7.823355e-03
6.916873e+00 7.314235e-02 -1.478574e-02
6.916873e+00 1.025928e-01 -1.953132e-02
6.916873e+00 1.448116e-01 -2.669636e-02
6.916873e+00 2.023460e-01 -2.936043e-02
6.916873e+00 2.834245e-01 -3.012653e-02
6.916873e+00 3.967448e-01 -2.851633e-02
6.916873e+00 5.552783e-01 -2.639509e-02
6.916873e+00 7.774819e-01 -2.310414e-02
6.916873e+00 1.088445e+00 -1.99483e-02
6.916873e+00 1.523711e+00 -1.868710e-02
6.916873e+00 2.088426e+00 -2.036432e-02
6.916873e+00 2.685505e+00 -2.216240e-02
7.075210e+00 1.570796e-02 -6.736020e-04
7.075210e+00 2.346256e-02 -1.653526e-03
7.075210e+00 3.503514e-02 -3.820260e-03
7.075210e+00 5.263151e-02 -7.381865e-03
7.075210e+00 7.314235e-02 -1.418007e-02
7.075210e+00 1.025928e-01 -1.964678e-02
7.075210e+00 1.448116e-01 -2.774865e-02
7.075210e+00 2.023460e-01 -3.146897e-02
7.075210e+00 2.834245e-01 -3.300382e-02
7.075210e+00 3.967448e-01 -3.187245e-02
7.075210e+00 5.552783e-01 -2.982089e-02
7.075210e+00 7.774819e-01 -2.622990e-02
7.075210e+00 1.088445e+00 -2.261911e-02
7.075210e+00 1.523711e+00 -2.105103e-02
7.075210e+00 2.088426e+00 -2.265001e-02
7.075210e+00 2.685505e+00 -2.444625e-02
7.236714e+00 1.570796e-02 -6.126073e-04
7.236714e+00 2.346256e-02 -1.533776e-03
7.236714e+00 3.503514e-02 -3.430979e-03
7.236714e+00 5.263151e-02 -6.785273e-03
7.236714e+00 7.314235e-02 -1.323939e-02
7.236714e+00 1.025928e-01 -1.900968e-02
7.236714e+00 1.448116e-01 -2.778476e-02
7.236714e+00 2.023460e-01 -3.242184e-02
7.236714e+00 2.834245e-01 -3.485479e-02
7.236714e+00 3.967448e-01 -3.441009e-02
7.236714e+00 5.552783e-01 -3.256109e-02
7.236714e+00 7.774819e-01 -2.889596e-02
7.236714e+00 1.088445e+00 -2.489837e-02
7.236714e+00 1.523711e+00 -2.30517e-02
7.236714e+00 2.088426e+00 -2.462368e-02
7.236714e+00 2.685505e+00 -2.628757e-02
7.401449e+00 1.570796e-02 -5.58237e-04
7.401449e+00 2.346256e-02 -1.401137e-03
7.401449e+00 3.503514e-02 -3.027179e-03
7.401449e+00 5.263151e-02 -6.160940e-03
7.401449e+00 7.314235e-02 -1.221746e-02
7.401449e+00 1.025928e-01 -1.790612e-02
7.401449e+00 1.448116e-01 -2.708482e-02
7.401449e+00 2.023460e-01 -3.248945e-02
7.401449e+00 2.834245e-01 -3.585851e-02
7.401449e+00 3.967448e-01 -3.612687e-02
7.401449e+00 5.552783e-01 -3.457958e-02
7.401449e+00 7.774819e-01 -3.105885e-02
7.401449e+00 1.088445e+00 -2.681113e-02
7.401449e+00 1.523711e+00 -2.475190e-02
7.401449e+00 2.088426e+00 -2.624287e-02
7.401449e+00 2.685505e+00 -2.772372e-02
7.569477e+00 1.570796e-02 -5.074898e-04
7.569477e+00 2.346256e-02 -1.270399e-03
7.569477e+00 3.503514e-02 -2.671134e-03
7.569477e+00 5.263151e-02 -5.564317e-03
7.569477e+00 7.314235e-02 -1.112202e-02
7.569477e+00 1.025928e-01 -1.665631e-02
7.569477e+00 1.448116e-01 -2.574446e-02
7.569477e+00 2.023460e-01 -3.180811e-02
7.569477e+00 2.834245e-01 -3.603453e-02
7.569477e+00 3.967448e-01 -3.704241e-02
7.569477e+00 5.552783e-01 -3.599734e-02
7.569477e+00 7.774819e-01 -3.258918e-02
7.569477e+00 1.088445e+00 -2.828379e-02
7.569477e+00 1.523711e+00 -2.605818e-02
7.569477e+00 2.088426e+00 -2.744138e-02
7.569477e+00 2.685505e+00 -2.864846e-02
7.740867e+00 1.570796e-02 -4.567263e-04
7.740867e+00 2.346256e-02 -1.164624e-03
7.740867e+00 3.503514e-02 -2.386089e-03
7.740867e+00 5.263151e-02 -5.010222e-03
7.740867e+00 7.314235e-02 -1.004013e-02
7.740867e+00 1.025928e-01 -1.519806e-02
7.740867e+00 1.448116e-01 -2.394251e-02
7.740867e+00 2.023460e-01 -3.041485e-02
7.740867e+00 2.834245e-01 -3.545287e-02
7.740867e+00 3.967448e-01 -3.728714e-02
7.740867e+00 5.552783e-01 -3.675345e-02
7.740867e+00 7.774819e-01 -3.358773e-02
7.740867e+00 1.088445e+00 -2.939607e-02
7.740867e+00 1.523711e+00 -2.700973e-02
7.740867e+00 2.088426e+00 -2.837089e-02
7.740867e+00 2.685505e+00 -2.939719e-02
7.915684e+00 1.570796e-02 -4.044124e-04
7.915684e+00 2.346256e-02 -1.048814e-03
7.915684e+00 3.503514e-02 -2.137709e-03
7.915684e+00 5.263151e-02 -4.492847e-03
7.915684e+00 7.314235e-02 -8.995672e-03
7.915684e+00 1.025928e-01 -1.369159e-02
7.915684e+00 1.448116e-01 -2.193798e-02
7.915684e+00 2.023460e-01 -2.863495e-02
7.915684e+00 2.834245e-01 -3.431158e-02
7.915684e+00 3.967448e-01 -3.691854e-02
7.915684e+00 5.552783e-01 -3.694934e-02
7.915684e+00 7.774819e-01 -3.414202e-02
7.915684e+00 1.088445e+00 -3.011565e-02
7.915684e+00 1.523711e+00 -2.772086e-02
7.915684e+00 2.088426e+00 -2.897602e-02
7.915684e+00 2.685505e+00 -2.981537e-02
8.093998e+00 1.570796e-02 -3.568272e-04
8.093998e+00 2.346256e-02 -9.518451e-04
8.093998e+00 3.503514e-02 -1.901496e-03
8.093998e+00 5.263151e-02 -4.017881e-03
8.093998e+00 7.314235e-02 -8.03544e-03
8.093998e+00 1.025928e-01 -1.223989e-02
8.093998e+00 1.448116e-01 -1.992178e-02
8.093998e+00 2.023460e-01 -2.661230e-02
8.093998e+00 2.834245e-01 -3.274155e-02
8.093998e+00 3.967448e-01 -3.602870e-02
8.093998e+00 5.552783e-01 -3.659434e-02
8.093998e+00 7.774819e-01 -3.424367e-02
8.093998e+00 1.088445e+00 -3.047202e-02
8.093998e+00 1.523711e+00 -2.816976e-02
8.093998e+00 2.088426e+00 -2.934041e-02
8.093998e+00 2.685505e+00 -3.008259e-02
8.275878e+00 1.570796e-02 -3.106173e-04
8.275878e+00 2.346256e-02 -8.609808e-04
8.275878e+00 3.503514e-02 -1.692408e-03
8.275878e+00 5.263151e-02 -3.570466e-03
8.275878e+00 7.314235e-02 -7.157247e-03
8.275878e+00 1.025928e-01 -1.090768e-02
8.275878e+00 1.448116e-01 -1.795391e-02
8.275878e+00 2.023460e-01 -2.445657e-02
8.275878e+00 2.834245e-01 -3.081303e-02
8.275878e+00 3.967448e-01 -3.463227e-02
8.275878e+00 5.552783e-01 -3.571568e-02
8.275878e+00 7.774819e-01 -3.393454e-02
8.275878e+00 1.088445e+00 -3.042489e-02
8.275878e+00 1.523711e+00 -2.828658e-02
8.275878e+00 2.088426e+00 -2.944579e-02
8.275878e+00 2.685505e+00 -2.992741e-02
8.461396e+00 1.570796e-02 -2.709159e-04
8.461396e+00 2.346256e-02 -7.747947e-04
8.461396e+00 3.503514e-02 -1.509294e-03
8.461396e+00 5.263151e-02 -3.163623e-03
8.461396e+00 7.314235e-02 -6.35017e-03
8.461396e+00 1.025928e-01 -9.675395e-03
8.461396e+00 1.448116e-01 -1.60569e-02
8.461396e+00 2.023460e-01 -2.227782e-02
8.461396e+00 2.834245e-01 -2.862751e-02
8.461396e+00 3.967448e-01 -3.285293e-02
8.461396e+00 5.552783e-01 -3.45023e-02
8.461396e+00 7.774819e-01 -3.321171e-02
8.461396e+00 1.088445e+00 -3.005681e-02
8.461396e+00 1.523711e+00 -2.81426e-02
8.461396e+00 2.088426e+00 -2.930219e-02
8.461396e+00 2.685505e+00 -2.951968e-02
8.650623e+00 1.570796e-02 -2.394214e-04
8.650623e+00 2.346256e-02 -6.905946e-04
8.650623e+00 3.503514e-02 -1.346283e-03
8.650623e+00 5.263151e-02 -2.804916e-03
8.650623e+00 7.314235e-02 -5.623304e-03
8.650623e+00 1.025928e-01 -8.578605e-03
8.650623e+00 1.448116e-01 -1.429577e-02
8.650623e+00 2.023460e-01 -2.010645e-02
8.650623e+00 2.834245e-01 -2.631498e-02
8.650623e+00 3.967448e-01 -3.079607e-02
8.650623e+00 5.552783e-01 -3.294013e-02
8.650623e+00 7.774819e-01 -3.214926e-02
8.650623e+00 1.088445e+00 -2.940968e-02
8.650623e+00 1.523711e+00 -2.77986e-02
8.650623e+00 2.088426e+00 -2.894037e-02
8.650623e+00 2.685505e+00 -2.905829e-02
8.843636e+00 1.570796e-02 -2.112319e-04
8.843636e+00 2.346256e-02 -6.113373e-04
8.843636e+00 3.503514e-02 -1.194371e-03
8.843636e+00 5.263151e-02 -2.480233e-03
8.843636e+00 7.314235e-02 -4.979715e-03
8.843636e+00 1.025928e-01 -7.605507e-03
8.843636e+00 1.448116e-01 -1.269286e-02
8.843636e+00 2.023460e-01 -1.801802e-02
8.843636e+00 2.834245e-01 -2.394694e-02
8.843636e+00 3.967448e-01 -2.855524e-02
8.843636e+00 5.552783e-01 -3.107366e-02
8.843636e+00 7.774819e-01 -3.076122e-02
8.843636e+00 1.088445e+00 -2.855884e-02
8.843636e+00 1.523711e+00 -2.724451e-02
8.843636e+00 2.088426e+00 -2.844632e-02
8.843636e+00 2.685505e+00 -2.851215e-02
9.040509e+00 1.570796e-02 -1.860603e-04
9.040509e+00 2.346256e-02 -5.40627e-04
9.040509e+00 3.503514e-02 -1.063007e-03
9.040509e+00 5.263151e-02 -2.185143e-03
9.040509e+00 7.314235e-02 -4.396409e-03
9.040509e+00 1.025928e-01 -6.728722e-03
9.040509e+00 1.448116e-01 -1.123702e-02
9.040509e+00 2.023460e-01 -1.603644e-02
9.040509e+00 2.834245e-01 -2.161185e-02
9.040509e+00 3.967448e-01 -2.621545e-02
9.040509e+00 5.552783e-01 -2.903876e-02
9.040509e+00 7.774819e-01 -2.921486e-02
9.040509e+00 1.088445e+00 -2.751232e-02
9.040509e+00 1.523711e+00 -2.651959e-02
9.040509e+00 2.088426e+00 -2.777523e-02
9.040509e+00 2.685505e+00 -2.761344e-02
9.241319e+00 1.570796e-02 -1.643847e-04
9.241319e+00 2.346256e-02 -4.771956e-04
9.241319e+00 3.503514e-02 -9.396939e-04
9.241319e+00 5.263151e-02 -1.924811e-03
9.241319e+00 7.314235e-02 -3.862488e-03
9.241319e+00 1.025928e-01 -5.934441e-03
9.241319e+00 1.448116e-01 -9.91045e-03
9.241319e+00 2.023460e-01 -1.420542e-02
9.241319e+00 2.834245e-01 -1.936362e-02
9.241319e+00 3.967448e-01 -2.387167e-02
9.241319e+00 5.552783e-01 -2.688848e-02
9.241319e+00 7.774819e-01 -2.748437e-02
9.241319e+00 1.088445e+00 -2.625659e-02
9.241319e+00 1.523711e+00 -2.561324e-02
9.241319e+00 2.088426e+00 -2.691243e-02
9.241319e+00 2.685505e+00 -2.66432e-02
9.446145e+00 1.570796e-02 -1.450512e-04
9.446145e+00 2.346256e-02 -4.168753e-04
9.446145e+00 3.503514e-02 -8.305094e-04
9.446145e+00 5.263151e-02 -1.68651e-03
9.446145e+00 7.314235e-02 -3.387323e-03
9.446145e+00 1.025928e-01 -5.205212e-03
9.446145e+00 1.448116e-01 -8.693113e-03
9.446145e+00 2.023460e-01 -1.250845e-02
9.446145e+00 2.834245e-01 -1.724511e-02
9.446145e+00 3.967448e-01 -2.154944e-02
9.446145e+00 5.552783e-01 -2.468441e-02
9.446145e+00 7.774819e-01 -2.562306e-02
9.446145e+00 1.088445e+00 -2.485903e-02
9.446145e+00 1.523711e+00 -2.45451e-02
9.446145e+00 2.088426e+00 -2.591165e-02
9.446145e+00 2.685505e+00 -2.551559e-02
9.655068e+00 1.570796e-02 -1.273736e-04
9.655068e+00 2.346256e-02 -3.638364e-04
9.655068e+00 3.503514e-02 -7.280589e-04
9.655068e+00 5.263151e-02 -1.471735e-03
9.655068e+00 7.314235e-02 -2.961484e-03
9.655068e+00 1.025928e-01 -4.556552e-03
9.655068e+00 1.448116e-01 -7.602697e-03
9.655068e+00 2.023460e-01 -1.096390e-02
9.655068e+00 2.834245e-01 -1.525190e-02
9.655068e+00 3.967448e-01 -1.930949e-02
9.655068e+00 5.552783e-01 -2.245699e-02
9.655068e+00 7.774819e-01 -2.369540e-02
9.655068e+00 1.088445e+00 -2.33697e-02
9.655068e+00 1.523711e+00 -2.339313e-02
9.655068e+00 2.088426e+00 -2.477784e-02
9.655068e+00 2.685505e+00 -2.434085e-02
9.86817e+00 1.570796e-02 -1.125543e-04
9.86817e+00 2.346256e-02 -3.135675e-04
9.86817e+00 3.503514e-02 -6.336653e-04
9.86817e+00 5.263151e-02 -1.283726e-03
9.86817e+00 7.314235e-02 -2.583275e-03
9.86817e+00 1.025928e-01 -3.968210e-03
9.86817e+00 1.448116e-01 -6.625004e-03
9.86817e+00 2.023460e-01 -9.570081e-03
9.86817e+00 2.834245e-01 -1.341868e-02
9.86817e+00 3.967448e-01 -1.719837e-02
9.86817e+00 5.552783e-01 -2.029229e-02
9.86817e+00 7.774819e-01 -2.175758e-02
9.86817e+00 1.088445e+00 -2.181625e-02
9.86817e+00 1.523711e+00 -2.214239e-02
9.86817e+00 2.088426e+00 -2.360379e-02
9.86817e+00 2.685505e+00 -2.310713e-02
1.008553e+01 1.570796e-02 -9.841652e-05
1.008553e+01 2.346256e-02 -2.69312e-04
1.008553e+01 3.503514e-02 -5.496510e-04
1.008553e+01 5.263151e-02 -1.114332e-03
1.008553e+01 7.314235e-02 -2.243301e-03
1.008553e+01 1.025928e-01 -3.444662e-03
1.008553e+01 1.448116e-01 -5.747204e-03
1.008553e+01 2.023460e-01 -8.328449e-03
1.008553e+01 2.834245e-01 -1.173510e-02
1.008553e+01 3.967448e-01 -1.521254e-02
1.008553e+01 5.552783e-01 -1.820500e-02
1.008553e+01 7.774819e-01 -1.983135e-02
1.008553e+01 1.088445e+00 -2.020379e-02
1.008553e+01 1.523711e+00 -2.082132e-02
1.008553e+01 2.088426e+00 -2.236330e-02
1.008553e+01 2.685505e+00 -2.178638e-02
1.030724e+01 1.570796e-02 -8.551607e-05
1.030724e+01 2.346256e-02 -2.313615e-04
1.030724e+01 3.503514e-02 -4.759134e-04
1.030724e+01 5.263151e-02 -9.629938e-04
1.030724e+01 7.314235e-02 -1.941319e-03
1.030724e+01 1.025928e-01 -2.977450e-03
1.030724e+01 1.448116e-01 -4.954751e-03
1.030724e+01 2.023460e-01 -7.22234e-03
1.030724e+01 2.834245e-01 -1.021255e-02
1.030724e+01 3.967448e-01 -1.336619e-02
1.030724e+01 5.552783e-01 -1.619075e-02
1.030724e+01 7.774819e-01 -1.791857e-02
1.030724e+01 1.088445e+00 -1.854818e-02
1.030724e+01 1.523711e+00 -1.937156e-02
1.030724e+01 2.088426e+00 -2.097269e-02
1.030724e+01 2.685505e+00 -2.03582e-02
1.053339e+01 1.570796e-02 -7.377707e-05
1.053339e+01 2.346256e-02 -1.987275e-04
1.053339e+01 3.503514e-02 -4.116405e-04
1.053339e+01 5.263151e-02 -8.342596e-04
1.053339e+01 7.314235e-02 -1.669162e-03
1.053339e+01 1.025928e-01 -2.565978e-03
1.053339e+01 1.448116e-01 -4.264841e-03
1.053339e+01 2.023460e-01 -6.232893e-03
1.053339e+01 2.834245e-01 -8.849491e-03
1.053339e+01 3.967448e-01 -1.165877e-02
1.053339e+01 5.552783e-01 -1.429000e-02
1.053339e+01 7.774819e-01 -1.60536e-02
1.053339e+01 1.088445e+00 -1.689570e-02
1.053339e+01 1.523711e+00 -1.789934e-02
1.053339e+01 2.088426e+00 -1.951476e-02
1.053339e+01 2.685505e+00 -1.886167e-02
1.076406e+01 1.570796e-02 -6.333115e-05
1.076406e+01 2.346256e-02 -1.686691e-04
1.076406e+01 3.503514e-02 -3.532526e-04
1.076406e+01 5.263151e-02 -7.157458e-04
1.076406e+01 7.314235e-02 -1.428205e-03
1.076406e+01 1.025928e-01 -2.20376e-03
1.076406e+01 1.448116e-01 -3.655858e-03
1.076406e+01 2.023460e-01 -5.357467e-03
1.076406e+01 2.834245e-01 -7.625166e-03
1.076406e+01 3.967448e-01 -1.011174e-02
1.076406e+01 5.552783e-01 -1.252544e-02
1.076406e+01 7.774819e-01 -1.428935e-02
1.076406e+01 1.088445e+00 -1.529264e-02
1.076406e+01 1.523711e+00 -1.646068e-02
1.076406e+01 2.088426e+00 -1.805124e-02
1.076406e+01 2.685505e+00 -1.733926e-02
1.099934e+01 1.570796e-02 -5.445625e-05
1.099934e+01 2.346256e-02 -1.431692e-04
1.099934e+01 3.503514e-02 -3.025678e-04
1.099934e+01 5.263151e-02 -6.117678e-04
1.099934e+01 7.314235e-02 -1.221056e-03
1.099934e+01 1.025928e-01 -1.887044e-03
1.099934e+01 1.448116e-01 -3.123781e-03
1.099934e+01 2.023460e-01 -4.595711e-03
1.099934e+01 2.834245e-01 -6.539941e-03
1.099934e+01 3.967448e-01 -8.730383e-03
1.099934e+01 5.552783e-01 -1.090933e-02
1.099934e+01 7.774819e-01 -1.261041e-02
1.099934e+01 1.088445e+00 -1.372402e-02
1.099934e+01 1.523711e+00 -1.501395e-02
1.099934e+01 2.088426e+00 -1.659788e-02
1.099934e+01 2.685505e+00 -1.597077e-02
1.123932e+01 1.570796e-02 -4.655270e-05
1.123932e+01 2.346256e-02 -1.192622e-04
1.123932e+01 3.503514e-02 -2.565823e-04
1.123932e+01 5.263151e-02 -5.188774e-04
1.123932e+01 7.314235e-02 -1.034698e-03
1.123932e+01 1.025928e-01 -1.606708e-03
1.123932e+01 1.448116e-01 -2.655122e-03
1.123932e+01 2.023460e-01 -3.911156e-03
1.123932e+01 2.834245e-01 -5.579258e-03
1.123932e+01 3.967448e-01 -7.486979e-03
1.123932e+01 5.552783e-01 -9.422169e-03
1.123932e+01 7.774819e-01 -1.106415e-02
1.123932e+01 1.088445e+00 -1.223914e-02
1.123932e+01 1.523711e+00 -1.362171e-02
1.123932e+01 2.088426e+00 -1.518410e-02
1.123932e+01 2.685505e+00 -1.459349e-02
1.148411e+01 1.570796e-02 -3.93391e-05
1.148411e+01 2.346256e-02 -9.832734e-05
1.148411e+01 3.503514e-02 -2.162396e-04
1.148411e+01 5.263151e-02 -4.388628e-04
1.148411e+01 7.314235e-02 -8.7609e-04
1.148411e+01 1.025928e-01 -1.364336e-03
1.148411e+01 1.448116e-01 -2.243232e-03
1.148411e+01 2.023460e-01 -3.315564e-03
1.148411e+01 2.834245e-01 -4.738432e-03
1.148411e+01 3.967448e-01 -6.371264e-03
1.148411e+01 5.552783e-01 -8.097134e-03
1.148411e+01 7.774819e-01 -9.644510e-03
1.148411e+01 1.088445e+00 -1.085875e-02
1.148411e+01 1.523711e+00 -1.225319e-02
1.148411e+01 2.088426e+00 -1.378753e-02
1.148411e+01 2.685505e+00 -1.325657e-02
1.173379e+01 1.570796e-02 -3.311343e-05
1.173379e+01 2.346256e-02 -8.224987e-05
1.173379e+01 3.503514e-02 -1.827564e-04
1.173379e+01 5.263151e-02 -3.694917e-04
1.173379e+01 7.314235e-02 -7.398645e-04
1.173379e+01 1.025928e-01 -1.148083e-03
1.173379e+01 1.448116e-01 -1.888559e-03
1.173379e+01 2.023460e-01 -2.795178e-03
1.173379e+01 2.834245e-01 -4.004759e-03
1.173379e+01 3.967448e-01 -5.394671e-03
1.173379e+01 5.552783e-01 -6.902966e-03
1.173379e+01 7.774819e-01 -8.354542e-03
1.173379e+01 1.088445e+00 -9.554078e-03
1.173379e+01 1.523711e+00 -1.094057e-02
1.173379e+01 2.088426e+00 -1.244408e-02
1.173379e+01 2.685505e+00 -1.203335e-02
1.198847e+01 1.570796e-02 -2.793976e-05
1.198847e+01 2.346256e-02 -6.900527e-05
1.198847e+01 3.503514e-02 -1.525539e-04
1.198847e+01 5.263151e-02 -3.093398e-04
1.198847e+01 7.314235e-02 -6.178451e-04
1.198847e+01 1.025928e-01 -9.621036e-04
1.198847e+01 1.448116e-01 -1.580123e-03
1.198847e+01 2.023460e-01 -2.343870e-03
1.198847e+01 2.834245e-01 -3.362401e-03
1.198847e+01 3.967448e-01 -4.538375e-03
1.198847e+01 5.552783e-01 -5.847389e-03
1.198847e+01 7.774819e-01 -7.178451e-03
1.198847e+01 1.088445e+00 -8.346479e-03
1.198847e+01 1.523711e+00 -9.719721e-03
1.198847e+01 2.088426e+00 -1.115685e-02
1.198847e+01 2.685505e+00 -1.088578e-02
1.224824e+01 1.570796e-02 -2.337191e-05
1.224824e+01 2.346256e-02 -5.666949e-05
1.224824e+01 3.503514e-02 -1.269068e-04
1.224824e+01 5.263151e-02 -2.568133e-04
1.224824e+01 7.314235e-02 -5.137968e-04
1.224824e+01 1.025928e-01 -7.980657e-04
1.224824e+01 1.448116e-01 -1.315610e-03
1.224824e+01 2.023460e-01 -1.956799e-03
1.224824e+01 2.834245e-01 -2.806980e-03
1.224824e+01 3.967448e-01 -3.800525e-03
1.224824e+01 5.552783e-01 -4.930294e-03
1.224824e+01 7.774819e-01 -6.129690e-03
1.224824e+01 1.088445e+00 -7.252798e-03
1.224824e+01 1.523711e+00 -8.565477e-03
1.224824e+01 2.088426e+00 -9.958456e-03
1.224824e+01 2.685505e+00 -9.747518e-03
1.251320e+01 1.570796e-02 -1.952929e-05
1.251320e+01 2.346256e-02 -4.692931e-05
1.251320e+01 3.503514e-02 -1.051818e-04
1.251320e+01 5.263151e-02 -2.129523e-04
1.251320e+01 7.314235e-02 -4.251730e-04
1.251320e+01 1.025928e-01 -6.606592e-04
1.251320e+01 1.448116e-01 -1.090626e-03
1.251320e+01 2.023460e-01 -1.621691e-03
1.251320e+01 2.834245e-01 -2.329004e-03
1.251320e+01 3.967448e-01 -3.163448e-03
1.251320e+01 5.552783e-01 -4.133649e-03
1.251320e+01 7.774819e-01 -5.207738e-03
1.251320e+01 1.088445e+00 -6.271553e-03
1.251320e+01 1.523711e+00 -7.527048e-03
1.251320e+01 2.088426e+00 -8.844349e-03
1.251320e+01 2.685505e+00 -8.705393e-03
1.278347e+01 1.570796e-02 -1.602801e-05
1.278347e+01 2.346256e-02 -3.826187e-05
1.278347e+01 3.503514e-02 -8.638557e-05
1.278347e+01 5.263151e-02 -1.763719e-04
1.278347e+01 7.314235e-02 -3.499975e-04
1.278347e+01 1.025928e-01 -5.433630e-04
1.278347e+01 1.448116e-01 -8.966837e-04
1.278347e+01 2.023460e-01 -1.33858e-03
1.278347e+01 2.834245e-01 -1.919281e-03
1.278347e+01 3.967448e-01 -2.620948e-03
1.278347e+01 5.552783e-01 -3.448643e-03
1.278347e+01 7.774819e-01 -4.397764e-03
1.278347e+01 1.088445e+00 -5.377653e-03
1.278347e+01 1.523711e+00 -6.582102e-03
1.278347e+01 2.088426e+00 -7.794367e-03
1.278347e+01 2.685505e+00 -7.715965e-03
1.305914e+01 1.570796e-02 -1.328308e-05
1.305914e+01 2.346256e-02 -3.175437e-05
1.305914e+01 3.503514e-02 -7.129989e-05
1.305914e+01 5.263151e-02 -1.457028e-04
1.305914e+01 7.314235e-02 -2.86508e-04
1.305914e+01 1.025928e-01 -4.448726e-04
1.305914e+01 1.448116e-01 -7.355994e-04
1.305914e+01 2.023460e-01 -1.099983e-03
1.305914e+01 2.834245e-01 -1.580146e-03
1.305914e+01 3.967448e-01 -2.159041e-03
1.305914e+01 5.552783e-01 -2.864312e-03
1.305914e+01 7.774819e-01 -3.690266e-03
1.305914e+01 1.088445e+00 -4.578908e-03
1.305914e+01 1.523711e+00 -5.703972e-03
1.305914e+01 2.088426e+00 -6.829484e-03
1.305914e+01 2.685505e+00 -6.8015e-03
1.334032e+01 1.570796e-02 -1.10126e-05
1.334032e+01 2.346256e-02 -2.551568e-05
1.334032e+01 3.503514e-02 -5.796897e-05
1.334032e+01 5.263151e-02 -1.184548e-04
1.334032e+01 7.314235e-02 -2.337198e-04
1.334032e+01 1.025928e-01 -3.632818e-04
1.334032e+01 1.448116e-01 -6.004277e-04
1.334032e+01 2.023460e-01 -9.002382e-04
1.334032e+01 2.834245e-01 -1.290369e-03
1.334032e+01 3.967448e-01 -1.773007e-03
1.334032e+01 5.552783e-01 -2.364638e-03
1.334032e+01 7.774819e-01 -3.078340e-03
1.334032e+01 1.088445e+00 -3.892360e-03
1.334032e+01 1.523711e+00 -4.922109e-03
1.334032e+01 2.088426e+00 -5.961344e-03
1.334032e+01 2.685505e+00 -6.009153e-03
1.362713e+01 1.570796e-02 -8.785665e-06
1.362713e+01 2.346256e-02 -2.027106e-05
1.362713e+01 3.503514e-02 -4.691971e-05
1.362713e+01 5.263151e-02 -9.626510e-05
1.362713e+01 7.314235e-02 -1.886494e-04
1.362713e+01 1.025928e-01 -2.933919e-04
1.362713e+01 1.448116e-01 -4.869673e-04
1.362713e+01 2.023460e-01 -7.316994e-04
1.362713e+01 2.834245e-01 -1.048316e-03
1.362713e+01 3.967448e-01 -1.44465e-03
1.362713e+01 5.552783e-01 -1.939873e-03
1.362713e+01 7.774819e-01 -2.549690e-03
1.362713e+01 1.088445e+00 -3.285426e-03
1.362713e+01 1.523711e+00 -4.21166e-03
1.362713e+01 2.088426e+00 -5.17867e-03
1.362713e+01 2.685505e+00 -5.279646e-03
1.391967e+01 1.570796e-02 -7.251451e-06
1.391967e+01 2.346256e-02 -1.632632e-05
1.391967e+01 3.503514e-02 -3.779221e-05
1.391967e+01 5.263151e-02 -7.723087e-05
1.391967e+01 7.314235e-02 -1.522995e-04
1.391967e+01 1.025928e-01 -2.384557e-04
1.391967e+01 1.448116e-01 -3.935076e-04
1.391967e+01 2.023460e-01 -5.918531e-04
1.391967e+01 2.834245e-01 -8.474925e-04
1.391967e+01 3.967448e-01 -1.173002e-03
1.391967e+01 5.552783e-01 -1.583251e-03
1.391967e+01 7.774819e-01 -2.105147e-03
1.391967e+01 1.088445e+00 -2.750995e-03
1.391967e+01 1.523711e+00 -3.58458e-03
1.391967e+01 2.088426e+00 -4.446106e-03
1.391967e+01 2.685505e+00 -4.577762e-03
1.421806e+01 1.570796e-02 -5.902548e-06
1.421806e+01 2.346256e-02 -1.286393e-05
1.421806e+01 3.503514e-02 -3.012873e-05
1.421806e+01 5.263151e-02 -6.142453e-05
1.421806e+01 7.314235e-02 -1.223724e-04
1.421806e+01 1.025928e-01 -1.907305e-04
1.421806e+01 1.448116e-01 -3.169665e-04
1.421806e+01 2.023460e-01 -4.764941e-04
1.421806e+01 2.834245e-01 -6.796484e-04
1.421806e+01 3.967448e-01 -9.432792e-04
1.421806e+01 5.552783e-01 -1.283845e-03
1.421806e+01 7.774819e-01 -1.719956e-03
1.421806e+01 1.088445e+00 -2.284009e-03
1.421806e+01 1.523711e+00 -3.022818e-03
1.421806e+01 2.088426e+00 -3.792536e-03
1.421806e+01 2.685505e+00 -3.938855e-03
1.452242e+01 1.570796e-02 -4.788166e-06
1.452242e+01 2.346256e-02 -1.04985e-05
1.452242e+01 3.503514e-02 -2.446109e-05
1.452242e+01 5.263151e-02 -4.858624e-05
1.452242e+01 7.314235e-02 -9.826919e-05
1.452242e+01 1.025928e-01 -1.522053e-04
1.452242e+01 1.448116e-01 -2.531880e-04
1.452242e+01 2.023460e-01 -3.797376e-04
1.452242e+01 2.834245e-01 -5.431852e-04
1.452242e+01 3.967448e-01 -7.566564e-04
1.452242e+01 5.552783e-01 -1.034150e-03
1.452242e+01 7.774819e-01 -1.398374e-03
1.452242e+01 1.088445e+00 -1.884783e-03
1.452242e+01 1.523711e+00 -2.535567e-03
1.452242e+01 2.088426e+00 -3.217487e-03
1.452242e+01 2.685505e+00 -3.340177e-03
1.483287e+01 1.570796e-02 -3.894409e-06
1.483287e+01 2.346256e-02 -8.075255e-06
1.483287e+01 3.503514e-02 -1.976233e-05
1.483287e+01 5.263151e-02 -3.791408e-05
1.483287e+01 7.314235e-02 -7.804318e-05
1.483287e+01 1.025928e-01 -1.206607e-04
1.483287e+01 1.448116e-01 -1.994645e-04
1.483287e+01 2.023460e-01 -3.023040e-04
1.483287e+01 2.834245e-01 -4.322302e-04
1.483287e+01 3.967448e-01 -6.033154e-04
1.483287e+01 5.552783e-01 -8.304682e-04
1.483287e+01 7.774819e-01 -1.131208e-03
1.483287e+01 1.088445e+00 -1.548211e-03
1.483287e+01 1.523711e+00 -2.10988e-03
1.483287e+01 2.088426e+00 -2.704633e-03
1.483287e+01 2.685505e+00 -2.808819e-03
1.514953e+01 1.570796e-02 -3.041828e-06
1.514953e+01 2.346256e-02 -6.401742e-06
1.514953e+01 3.503514e-02 -1.578790e-05
1.514953e+01 5.263151e-02 -2.990534e-05
1.514953e+01 7.314235e-02 -6.097498e-05
1.514953e+01 1.025928e-01 -9.467876e-05
1.514953e+01 1.448116e-01 -1.585202e-04
1.514953e+01 2.023460e-01 -2.389963e-04
1.514953e+01 2.834245e-01 -3.415108e-04
1.514953e+01 3.967448e-01 -4.787449e-04
1.514953e+01 5.552783e-01 -6.613273e-04
1.514953e+01 7.774819e-01 -9.106083e-04
1.514953e+01 1.088445e+00 -1.266540e-03
1.514953e+01 1.523711e+00 -1.751840e-03
1.514953e+01 2.088426e+00 -2.269455e-03
1.514953e+01 2.685505e+00 -2.360509e-03
1.547252e+01 1.570796e-02 -2.397226e-06
1.547252e+01 2.346256e-02 -5.094043e-06
1.547252e+01 3.503514e-02 -1.241018e-05
1.547252e+01 5.263151e-02 -2.362631e-05
1.547252e+01 7.314235e-02 -4.789829e-05
1.547252e+01 1.025928e-01 -7.42162e-05
1.547252e+01 1.448116e-01 -1.251313e-04
1.547252e+01 2.023460e-01 -1.880707e-04
1.547252e+01 2.834245e-01 -2.700288e-04
1.547252e+01 3.967448e-01 -3.785143e-04
1.547252e+01 5.552783e-01 -5.262501e-04
1.547252e+01 7.774819e-01 -7.307749e-04
1.547252e+01 1.088445e+00 -1.023803e-03
1.547252e+01 1.523711e+00 -1.431173e-03
1.547252e+01 2.088426e+00 -1.872855e-03
1.547252e+01 2.685505e+00 -1.958578e-03
1.580197e+01 1.570796e-02 -1.894739e-06
1.580197e+01 2.346256e-02 -3.759265e-06
1.580197e+01 3.503514e-02 -9.796525e-06
1.580197e+01 5.263151e-02 -1.835057e-05
1.580197e+01 7.314235e-02 -3.689189e-05
1.580197e+01 1.025928e-01 -5.729373e-05
1.580197e+01 1.448116e-01 -9.713644e-05
1.580197e+01 2.023460e-01 -1.458139e-04
1.580197e+01 2.834245e-01 -2.094426e-04
1.580197e+01 3.967448e-01 -2.947351e-04
1.580197e+01 5.552783e-01 -4.113057e-04
1.580197e+01 7.774819e-01 -5.763150e-04
1.580197e+01 1.088445e+00 -8.167807e-04
1.580197e+01 1.523711e+00 -1.157008e-03
1.580197e+01 2.088426e+00 -1.524688e-03
1.580197e+01 2.685505e+00 -1.613979e-03
1.613801e+01 1.570796e-02 -1.535482e-06
1.613801e+01 2.346256e-02 -2.873414e-06
1.613801e+01 3.503514e-02 -7.492679e-06
1.613801e+01 5.263151e-02 -1.407417e-05
1.613801e+01 7.314235e-02 -2.812808e-05
1.613801e+01 1.025928e-01 -4.367668e-05
1.613801e+01 1.448116e-01 -7.431722e-05
1.613801e+01 2.023460e-01 -1.122660e-04
1.613801e+01 2.834245e-01 -1.609155e-04
1.613801e+01 3.967448e-01 -2.280172e-04
1.613801e+01 5.552783e-01 -3.193458e-04
1.613801e+01 7.774819e-01 -4.526146e-04
1.613801e+01 1.088445e+00 -6.462851e-04
1.613801e+01 1.523711e+00 -9.249863e-04
1.613801e+01 2.088426e+00 -1.230717e-03
1.613801e+01 2.685505e+00 -1.299146e-03
1.648077e+01 1.570796e-02 -1.222650e-06
1.648077e+01 2.346256e-02 -2.137652e-06
1.648077e+01 3.503514e-02 -5.809015e-06
1.648077e+01 5.263151e-02 -1.098775e-05
1.648077e+01 7.314235e-02 -2.152337e-05
1.648077e+01 1.025928e-01 -3.339278e-05
1.648077e+01 1.448116e-01 -5.671581e-05
1.648077e+01 2.023460e-01 -8.582739e-05
1.648077e+01 2.834245e-01 -1.241997e-04
1.648077e+01 3.967448e-01 -1.757890e-04
1.648077e+01 5.552783e-01 -2.476447e-04
1.648077e+01 7.774819e-01 -3.566683e-04
1.648077e+01 1.088445e+00 -5.099812e-04
1.648077e+01 1.523711e+00 -7.359871e-04
1.648077e+01 2.088426e+00 -9.817219e-04
1.648077e+01 2.685505e+00 -1.044607e-03
1.683038e+01 1.570796e-02 -9.35008e-07
1.683038e+01 2.346256e-02 -1.529108e-06
1.683038e+01 3.503514e-02 -4.434524e-06
1.683038e+01 5.263151e-02 -8.439358e-06
1.683038e+01 7.314235e-02 -1.631695e-05
1.683038e+01 1.025928e-01 -2.513731e-05
1.683038e+01 1.448116e-01 -4.272675e-05
1.683038e+01 2.023460e-01 -6.506817e-05
1.683038e+01 2.834245e-01 -9.394182e-05
1.683038e+01 3.967448e-01 -1.326877e-04
1.683038e+01 5.552783e-01 -1.894039e-04
1.683038e+01 7.774819e-01 -2.751878e-04
1.683038e+01 1.088445e+00 -3.960827e-04
1.683038e+01 1.523711e+00 -5.764538e-04
1.683038e+01 2.088426e+00 -7.72678e-04
1.683038e+01 2.685505e+00 -8.163376e-04
1.718699e+01 1.570796e-02 -7.136866e-07
1.718699e+01 2.346256e-02 -1.079631e-06
1.718699e+01 3.503514e-02 -3.270850e-06
1.718699e+01 5.263151e-02 -6.271959e-06
1.718699e+01 7.314235e-02 -1.207974e-05
1.718699e+01 1.025928e-01 -1.869589e-05
1.718699e+01 1.448116e-01 -3.160335e-05
1.718699e+01 2.023460e-01 -4.807671e-05
1.718699e+01 2.834245e-01 -6.924252e-05
1.718699e+01 3.967448e-01 -9.817898e-05
1.718699e+01 5.552783e-01 -1.413106e-04
1.718699e+01 7.774819e-01 -2.086928e-04
1.718699e+01 1.088445e+00 -3.005117e-04
1.718699e+01 1.523711e+00 -4.398479e-04
1.718699e+01 2.088426e+00 -5.915448e-04
1.718699e+01 2.685505e+00 -6.270101e-04
1.755073e+01 1.570796e-02 -5.239616e-07
1.755073e+01 2.346256e-02 -7.906493e-07
1.755073e+01 3.503514e-02 -2.319035e-06
1.755073e+01 5.263151e-02 -4.649681e-06
1.755073e+01 7.314235e-02 -8.839654e-06
1.755073e+01 1.025928e-01 -1.352580e-05
1.755073e+01 1.448116e-01 -2.307445e-05
1.755073e+01 2.023460e-01 -3.517498e-05
1.755073e+01 2.834245e-01 -5.047118e-05
1.755073e+01 3.967448e-01 -7.244212e-05
1.755073e+01 5.552783e-01 -1.042201e-04
1.755073e+01 7.774819e-01 -1.550292e-04
1.755073e+01 1.088445e+00 -2.247926e-04
1.755073e+01 1.523711e+00 -3.291993e-04
1.755073e+01 2.088426e+00 -4.44984e-04
1.755073e+01 2.685505e+00 -4.696290e-04
1.792175e+01 1.570796e-02 -3.949312e-07
1.792175e+01 2.346256e-02 -5.644805e-07
1.792175e+01 3.503514e-02 -1.624897e-06
1.792175e+01 5.263151e-02 -3.407213e-06
1.792175e+01 7.314235e-02 -6.291231e-06
1.792175e+01 1.025928e-01 -9.595564e-06
1.792175e+01 1.448116e-01 -1.677053e-05
1.792175e+01 2.023460e-01 -2.56345e-05
1.792175e+01 2.834245e-01 -3.631804e-05
1.792175e+01 3.967448e-01 -5.250585e-05
1.792175e+01 5.552783e-01 -7.609495e-05
1.792175e+01 7.774819e-01 -1.147039e-04
1.792175e+01 1.088445e+00 -1.656592e-04
1.792175e+01 1.523711e+00 -2.435825e-04
1.792175e+01 2.088426e+00 -3.298557e-04
1.792175e+01 2.685505e+00 -3.471416e-04
1.830018e+01 1.570796e-02 -2.785102e-07
1.830018e+01 2.346256e-02 -3.868798e-07
1.830018e+01 3.503514e-02 -1.131715e-06
1.830018e+01 5.263151e-02 -2.38232e-06
1.830018e+01 7.314235e-02 -4.441312e-06
1.830018e+01 1.025928e-01 -6.676506e-06
1.830018e+01 1.448116e-01 -1.185754e-05
1.830018e+01 2.023460e-01 -1.810727e-05
1.830018e+01 2.834245e-01 -2.561867e-05
1.830018e+01 3.967448e-01 -3.732261e-05
1.830018e+01 5.552783e-01 -5.464870e-05
1.830018e+01 7.774819e-01 -8.239053e-05
1.830018e+01 1.088445e+00 -1.192519e-04
1.830018e+01 1.523711e+00 -1.745009e-04
1.830018e+01 2.088426e+00 -2.383304e-04
1.830018e+01 2.685505e+00 -2.542553e-04
1.868618e+01 1.570796e-02 -2.104687e-07
1.868618e+01 2.346256e-02 -2.552247e-07
1.868618e+01 3.503514e-02 -8.127196e-07
1.868618e+01 5.263151e-02 -1.616928e-06
1.868618e+01 7.314235e-02 -2.992816e-06
1.868618e+01 1.025928e-01 -4.573199e-06
1.868618e+01 1.448116e-01 -8.165956e-06
1.868618e+01 2.023460e-01 -1.272066e-05
1.868618e+01 2.834245e-01 -1.787403e-05
1.868618e+01 3.967448e-01 -2.605447e-05
1.868618e+01 5.552783e-01 -3.846241e-05
1.868618e+01 7.774819e-01 -5.848667e-05
1.868618e+01 1.088445e+00 -8.437747e-05
1.868618e+01 1.523711e+00 -1.236552e-04
1.868618e+01 2.088426e+00 -1.706283e-04
1.868618e+01 2.685505e+00 -1.826086e-04
1.907991e+01 1.570796e-02 -1.379498e-07
1.907991e+01 2.346256e-02 -1.791054e-07
1.907991e+01 3.503514e-02 -5.594576e-07
1.907991e+01 5.263151e-02 -1.072289e-06
1.907991e+01 7.314235e-02 -1.991598e-06
1.907991e+01 1.025928e-01 -3.051159e-06
1.907991e+01 1.448116e-01 -5.511976e-06
1.907991e+01 2.023460e-01 -8.671007e-06
1.907991e+01 2.834245e-01 -1.210364e-05
1.907991e+01 3.967448e-01 -1.784185e-05
1.907991e+01 5.552783e-01 -2.659223e-05
1.907991e+01 7.774819e-01 -4.043112e-05
1.907991e+01 1.088445e+00 -5.8227e-05
1.907991e+01 1.523711e+00 -8.619464e-05
1.907991e+01 2.088426e+00 -1.200099e-04
1.907991e+01 2.685505e+00 -1.287070e-04
1.948151e+01 1.570796e-02 -8.696254e-08
1.948151e+01 2.346256e-02 -9.670747e-08
1.948151e+01 3.503514e-02 -3.678556e-07
1.948151e+01 5.263151e-02 -6.741032e-07
1.948151e+01 7.314235e-02 -1.306323e-06
1.948151e+01 1.025928e-01 -2.026685e-06
1.948151e+01 1.448116e-01 -3.640771e-06
1.948151e+01 2.023460e-01 -5.599531e-06
1.948151e+01 2.834245e-01 -7.909506e-06
1.948151e+01 3.967448e-01 -1.188568e-05
1.948151e+01 5.552783e-01 -1.766978e-05
1.948151e+01 7.774819e-01 -2.721541e-05
1.948151e+01 1.088445e+00 -3.926702e-05
1.948151e+01 1.523711e+00 -5.798314e-05
1.948151e+01 2.088426e+00 -8.153143e-05
1.948151e+01 2.685505e+00 -8.873480e-05
1.989114e+01 1.570796e-02 -5.910030e-08
1.989114e+01 2.346256e-02 -5.579522e-08
1.989114e+01 3.503514e-02 -2.499879e-07
1.989114e+01 5.263151e-02 -4.240156e-07
1.989114e+01 7.314235e-02 -8.517317e-07
1.989114e+01 1.025928e-01 -1.349484e-06
1.989114e+01 1.448116e-01 -2.410431e-06
1.989114e+01 2.023460e-01 -3.709093e-06
1.989114e+01 2.834245e-01 -5.279642e-06
1.989114e+01 3.967448e-01 -7.903311e-06
1.989114e+01 5.552783e-01 -1.191904e-05
1.989114e+01 7.774819e-01 -1.835098e-05
1.989114e+01 1.088445e+00 -2.657609e-05
1.989114e+01 1.523711e+00 -3.903457e-05
1.989114e+01 2.088426e+00 -5.5224e-05
1.989114e+01 2.685505e+00 -6.074257e-05
2.030896e+01 1.570796e-02 -3.4536e-08
2.030896e+01 2.346256e-02 -3.898878e-08
2.030896e+01 3.503514e-02 -1.616673e-07
2.030896e+01 5.263151e-02 -2.725816e-07
2.030896e+01 7.314235e-02 -5.356116e-07
2.030896e+01 1.025928e-01 -8.369555e-07
2.030896e+01 1.448116e-01 -1.523185e-06
2.030896e+01 2.023460e-01 -2.342561e-06
2.030896e+01 2.834245e-01 -3.337234e-06
2.030896e+01 3.967448e-01 -5.071787e-06
2.030896e+01 5.552783e-01 -7.807993e-06
2.030896e+01 7.774819e-01 -1.196358e-05
2.030896e+01 1.088445e+00 -1.74286e-05
2.030896e+01 1.523711e+00 -2.581587e-05
2.030896e+01 2.088426e+00 -3.668925e-05
2.030896e+01 2.685505e+00 -4.028128e-05
2.073514e+01 1.570796e-02 -2.235120e-08
2.073514e+01 2.346256e-02 -2.013201e-08
2.073514e+01 3.503514e-02 -9.437016e-08
2.073514e+01 5.263151e-02 -1.713453e-07
2.073514e+01 7.314235e-02 -3.210792e-07
2.073514e+01 1.025928e-01 -5.178916e-07
2.073514e+01 1.448116e-01 -9.310686e-07
2.073514e+01 2.023460e-01 -1.488818e-06
2.073514e+01 2.834245e-01 -2.068326e-06
2.073514e+01 3.967448e-01 -3.142216e-06
2.073514e+01 5.552783e-01 -4.867919e-06
2.073514e+01 7.774819e-01 -7.646575e-06
2.073514e+01 1.088445e+00 -1.110508e-05
2.073514e+01 1.523711e+00 -1.669288e-05
2.073514e+01 2.088426e+00 -2.376311e-05
2.073514e+01 2.685505e+00 -2.464098e-05
2.116984e+01 1.570796e-02 -1.333269e-08
2.116984e+01 2.346256e-02 -1.538546e-08
2.116984e+01 3.503514e-02 -5.546713e-08
2.116984e+01 5.263151e-02 -1.047193e-07
2.116984e+01 7.314235e-02 -2.099757e-07
2.116984e+01 1.025928e-01 -3.101283e-07
2.116984e+01 1.448116e-01 -5.489809e-07
2.116984e+01 2.023460e-01 -9.104231e-07
2.116984e+01 2.834245e-01 -1.247532e-06
2.116984e+01 3.967448e-01 -1.938163e-06
2.116984e+01 5.552783e-01 -3.025174e-06
2.116984e+01 7.774819e-01 -4.665972e-06
2.116984e+01 1.088445e+00 -6.956492e-06
2.116984e+01 1.523711e+00 -1.070110e-05
2.116984e+01 2.088426e+00 -1.505257e-05
2.116984e+01 2.685505e+00 -1.592987e-05
2.161324e+01 1.570796e-02 4.742717e-10
2.161324e+01 2.346256e-02 1.206558e-09
2.161324e+01 3.503514e-02 2.437388e-09
2.161324e+01 5.263151e-02 4.998983e-09
2.161324e+01 7.314235e-02 1.045531e-08
2.161324e+01 1.025928e-01 1.558243e-08
2.161324e+01 1.448116e-01 2.642068e-08
2.161324e+01 2.023460e-01 3.859815e-08
2.161324e+01 2.834245e-01 5.615463e-08
2.161324e+01 3.967448e-01 7.897906e-08
2.161324e+01 5.552783e-01 1.091346e-07
2.161324e+01 7.774819e-01 1.401875e-07
2.161324e+01 1.088445e+00 1.543798e-07
2.161324e+01 1.523711e+00 1.339734e-07
2.161324e+01 2.088426e+00 9.111229e-08
2.161324e+01 2.685505e+00 4.917987e-08
2.206550e+01 1.570796e-02 4.481288e-10
2.206550e+01 2.346256e-02 1.138319e-09
2.206550e+01 3.503514e-02 2.302496e-09
2.206550e+01 5.263151e-02 4.717201e-09
2.206550e+01 7.314235e-02 9.87378e-09
2.206550e+01 1.025928e-01 1.471111e-08
2.206550e+01 1.448116e-01 2.496711e-08
2.206550e+01 2.023460e-01 3.657613e-08
2.206550e+01 2.834245e-01 5.34836e-08
2.206550e+01 3.967448e-01 7.571014e-08
2.206550e+01 5.552783e-01 1.053081e-07
2.206550e+01 7.774819e-01 1.360338e-07
2.206550e+01 1.088445e+00 1.506797e-07
2.206550e+01 1.523711e+00 1.317056e-07
2.206550e+01 2.088426e+00 9.030637e-08
2.206550e+01 2.685505e+00 4.890008e-08
2.252681e+01 1.570796e-02 4.221420e-10
2.252681e+01 2.346256e-02 1.071762e-09
2.252681e+01 3.503514e-02 2.170123e-09
2.252681e+01 5.263151e-02 4.441067e-09
2.252681e+01 7.314235e-02 9.30405e-09
2.252681e+01 1.025928e-01 1.385867e-08
2.252681e+01 1.448116e-01 2.354877e-08
2.252681e+01 2.023460e-01 3.459926e-08
2.252681e+01 2.834245e-01 5.085761e-08
2.252681e+01 3.967448e-01 7.248198e-08
2.252681e+01 5.552783e-01 1.014888e-07
2.252681e+01 7.774819e-01 1.317622e-07
2.252681e+01 1.088445e+00 1.468339e-07
2.252681e+01 1.523711e+00 1.296306e-07
2.252681e+01 2.088426e+00 8.987798e-08
2.252681e+01 2.685505e+00 4.86618e-08
2.299735e+01 1.570796e-02 3.966266e-10
2.299735e+01 2.346256e-02 1.00724e-09
2.299735e+01 3.503514e-02 2.040206e-09
2.299735e+01 5.263151e-02 4.170874e-09
2.299735e+01 7.314235e-02 8.748018e-09
2.299735e+01 1.025928e-01 1.302499e-08
2.299735e+01 1.448116e-01 2.216975e-08
2.299735e+01 2.023460e-01 3.266729e-08
2.299735e+01 2.834245e-01 4.828681e-08
2.299735e+01 3.967448e-01 6.928403e-08
2.299735e+01 5.552783e-01 9.760723e-08
2.299735e+01 7.774819e-01 1.27396e-07
2.299735e+01 1.088445e+00 1.427918e-07
2.299735e+01 1.523711e+00 1.274934e-07
2.299735e+01 2.088426e+00 8.945955e-08
2.299735e+01 2.685505e+00 4.822736e-08
2.34773e+01 1.570796e-02 3.717981e-10
2.34773e+01 2.346256e-02 9.443155e-10
2.34773e+01 3.503514e-02 1.913195e-09
2.34773e+01 5.263151e-02 3.908292e-09
2.34773e+01 7.314235e-02 8.204134e-09
2.34773e+01 1.025928e-01 1.221077e-08
2.34773e+01 1.448116e-01 2.081890e-08
2.34773e+01 2.023460e-01 3.078468e-08
2.34773e+01 2.834245e-01 4.575943e-08
2.34773e+01 3.967448e-01 6.609856e-08
2.34773e+01 5.552783e-01 9.367714e-08
2.34773e+01 7.774819e-01 1.22871e-07
2.34773e+01 1.088445e+00 1.387194e-07
2.34773e+01 1.523711e+00 1.253612e-07
2.34773e+01 2.088426e+00 8.928521e-08
2.34773e+01 2.685505e+00 4.809434e-08
2.396684e+01 1.570796e-02 3.476222e-10
2.396684e+01 2.346256e-02 8.838283e-10
2.396684e+01 3.503514e-02 1.789459e-09
2.396684e+01 5.263151e-02 3.652658e-09
2.396684e+01 7.314235e-02 7.674472e-09
2.396684e+01 1.025928e-01 1.142101e-08
2.396684e+01 1.448116e-01 1.950367e-08
2.396684e+01 2.023460e-01 2.895238e-08
2.396684e+01 2.834245e-01 4.328885e-08
2.396684e+01 3.967448e-01 6.293747e-08
2.396684e+01 5.552783e-01 8.970459e-08
2.396684e+01 7.774819e-01 1.182609e-07
2.396684e+01 1.088445e+00 1.344484e-07
2.396684e+01 1.523711e+00 1.23236e-07
2.396684e+01 2.088426e+00 8.906063e-08
2.396684e+01 2.685505e+00 4.784786e-08
2.446618e+01 1.570796e-02 3.240791e-10
2.446618e+01 2.346256e-02 8.246161e-10
2.446618e+01 3.503514e-02 1.668378e-09
2.446618e+01 5.263151e-02 3.404494e-09
2.446618e+01 7.314235e-02 7.158827e-09
2.446618e+01 1.025928e-01 1.065472e-08
2.446618e+01 1.448116e-01 1.822489e-08
2.446618e+01 2.023460e-01 2.716811e-08
2.446618e+01 2.834245e-01 4.086338e-08
2.446618e+01 3.967448e-01 5.977507e-08
2.446618e+01 5.552783e-01 8.565296e-08
2.446618e+01 7.774819e-01 1.134761e-07
2.446618e+01 1.088445e+00 1.300558e-07
2.446618e+01 1.523711e+00 1.210346e-07
2.446618e+01 2.088426e+00 8.900680e-08
2.446618e+01 2.685505e+00 4.792714e-08
2.497550e+01 1.570796e-02 3.011489e-10
2.497550e+01 2.346256e-02 7.668205e-10
2.497550e+01 3.503514e-02 1.550858e-09
2.497550e+01 5.263151e-02 3.162667e-09
2.497550e+01 7.314235e-02 6.658143e-09
2.497550e+01 1.025928e-01 9.908743e-09
2.497550e+01 1.448116e-01 1.698029e-08
2.497550e+01 2.023460e-01 2.542969e-08
2.497550e+01 2.834245e-01 3.847223e-08
2.497550e+01 3.967448e-01 5.66096e-08
2.497550e+01 5.552783e-01 8.152379e-08
2.497550e+01 7.774819e-01 1.085458e-07
2.497550e+01 1.088445e+00 1.255016e-07
2.497550e+01 1.523711e+00 1.187694e-07
2.497550e+01 2.088426e+00 8.903607e-08
2.497550e+01 2.685505e+00 4.826137e-08
2.549501e+01 1.570796e-02 2.789381e-10
2.549501e+01 2.346256e-02 7.110585e-10
2.549501e+01 3.503514e-02 1.436362e-09
2.549501e+01 5.263151e-02 2.928837e-09
2.549501e+01 7.314235e-02 6.170486e-09
2.549501e+01 1.025928e-01 9.187826e-09
2.549501e+01 1.448116e-01 1.576600e-08
2.549501e+01 2.023460e-01 2.372879e-08
2.549501e+01 2.834245e-01 3.610357e-08
2.549501e+01 3.967448e-01 5.341126e-08
2.549501e+01 5.552783e-01 7.731585e-08
2.549501e+01 7.774819e-01 1.034838e-07
2.549501e+01 1.088445e+00 1.207762e-07
2.549501e+01 1.523711e+00 1.163969e-07
2.549501e+01 2.088426e+00 8.912023e-08
2.549501e+01 2.685505e+00 4.892230e-08
2.602491e+01 1.570796e-02 2.571605e-10
2.602491e+01 2.346256e-02 6.566376e-10
2.602491e+01 3.503514e-02 1.324328e-09
2.602491e+01 5.263151e-02 2.701316e-09
2.602491e+01 7.314235e-02 5.695359e-09
2.602491e+01 1.025928e-01 8.485112e-09
2.602491e+01 1.448116e-01 1.458277e-08
2.602491e+01 2.023460e-01 2.206121e-08
2.602491e+01 2.834245e-01 3.37507e-08
2.602491e+01 3.967448e-01 5.0189e-08
2.602491e+01 5.552783e-01 7.301922e-08
2.602491e+01 7.774819e-01 9.831832e-08
2.602491e+01 1.088445e+00 1.158622e-07
2.602491e+01 1.523711e+00 1.138563e-07
2.602491e+01 2.088426e+00 8.927735e-08
2.602491e+01 2.685505e+00 4.986437e-08
2.656541e+01 1.570796e-02 2.360892e-10
2.656541e+01 2.346256e-02 6.03493e-10
2.656541e+01 3.503514e-02 1.215281e-09
2.656541e+01 5.263151e-02 2.479659e-09
2.656541e+01 7.314235e-02 5.232832e-09
2.656541e+01 1.025928e-01 7.800122e-09
2.656541e+01 1.448116e-01 1.342589e-08
2.656541e+01 2.023460e-01 2.042261e-08
2.656541e+01 2.834245e-01 3.140932e-08
2.656541e+01 3.967448e-01 4.694037e-08
2.656541e+01 5.552783e-01 6.862379e-08
2.656541e+01 7.774819e-01 9.291800e-08
2.656541e+01 1.088445e+00 1.107013e-07
2.656541e+01 1.523711e+00 1.11044e-07
2.656541e+01 2.088426e+00 8.944855e-08
2.656541e+01 2.685505e+00 5.106964e-08
2.711672e+01 1.570796e-02 2.154634e-10
2.711672e+01 2.346256e-02 5.520591e-10
2.711672e+01 3.503514e-02 1.109337e-09
2.711672e+01 5.263151e-02 2.264074e-09
2.711672e+01 7.314235e-02 4.782701e-09
2.711672e+01 1.025928e-01 7.134285e-09
2.711672e+01 1.448116e-01 1.229975e-08
2.711672e+01 2.023460e-01 1.880468e-08
2.711672e+01 2.834245e-01 2.908078e-08
2.711672e+01 3.967448e-01 4.366598e-08
2.711672e+01 5.552783e-01 6.412539e-08
2.711672e+01 7.774819e-01 8.734253e-08
2.711672e+01 1.088445e+00 1.052852e-07
2.711672e+01 1.523711e+00 1.078816e-07
2.711672e+01 2.088426e+00 8.953807e-08
2.711672e+01 2.685505e+00 5.298664e-08
2.767905e+01 1.570796e-02 1.953872e-10
2.767905e+01 2.346256e-02 5.017898e-10
2.767905e+01 3.503514e-02 1.006106e-09
2.767905e+01 5.263151e-02 2.054299e-09
2.767905e+01 7.314235e-02 4.344434e-09
2.767905e+01 1.025928e-01 6.485523e-09
2.767905e+01 1.448116e-01 1.119639e-08
2.767905e+01 2.023460e-01 1.721570e-08
2.767905e+01 2.834245e-01 2.675650e-08
2.767905e+01 3.967448e-01 4.03433e-08
2.767905e+01 5.552783e-01 5.953303e-08
2.767905e+01 7.774819e-01 8.154885e-08
2.767905e+01 1.088445e+00 9.953917e-08
2.767905e+01 1.523711e+00 1.042944e-07
2.767905e+01 2.088426e+00 8.949728e-08
2.767905e+01 2.685505e+00 5.510838e-08
2.825263e+01 1.570796e-02 1.758835e-10
2.825263e+01 2.346256e-02 4.525459e-10
2.825263e+01 3.503514e-02 9.051209e-10
2.825263e+01 5.263151e-02 1.850065e-09
2.825263e+01 7.314235e-02 3.916358e-09
2.825263e+01 1.025928e-01 5.853571e-09
2.825263e+01 1.448116e-01 1.012091e-08
2.825263e+01 2.023460e-01 1.563879e-08
2.825263e+01 2.834245e-01 2.442692e-08
2.825263e+01 3.967448e-01 3.697863e-08
2.825263e+01 5.552783e-01 5.481502e-08
2.825263e+01 7.774819e-01 7.557405e-08
2.825263e+01 1.088445e+00 9.337669e-08
2.825263e+01 1.523711e+00 1.002669e-07
2.825263e+01 2.088426e+00 8.914914e-08
2.825263e+01 2.685505e+00 5.779155e-08
2.883769e+01 1.570796e-02 1.568386e-10
2.883769e+01 2.346256e-02 4.046968e-10
2.883769e+01 3.503514e-02 8.070651e-10
2.883769e+01 5.263151e-02 1.651135e-09
2.883769e+01 7.314235e-02 3.499181e-09
2.883769e+01 1.025928e-01 5.237090e-09
2.883769e+01 1.448116e-01 9.067426e-09
2.883769e+01 2.023460e-01 1.408424e-08
2.883769e+01 2.834245e-01 2.209694e-08
2.883769e+01 3.967448e-01 3.35726e-08
2.883769e+01 5.552783e-01 4.998288e-08
2.883769e+01 7.774819e-01 6.93636e-08
2.883769e+01 1.088445e+00 8.685759e-08
2.883769e+01 1.523711e+00 9.556883e-08
2.883769e+01 2.088426e+00 8.839228e-08
2.883769e+01 2.685505e+00 6.093606e-08
2.943444e+01 1.570796e-02 1.382337e-10
2.943444e+01 2.346256e-02 3.576700e-10
2.943444e+01 3.503514e-02 7.113029e-10
2.943444e+01 5.263151e-02 1.456885e-09
2.943444e+01 7.314235e-02 3.092358e-09
2.943444e+01 1.025928e-01 4.634377e-09
2.943444e+01 1.448116e-01 8.035370e-09
2.943444e+01 2.023460e-01 1.254245e-08
2.943444e+01 2.834245e-01 1.976279e-08
2.943444e+01 3.967448e-01 3.012144e-08
2.943444e+01 5.552783e-01 4.505449e-08
2.943444e+01 7.774819e-01 6.294007e-08
2.943444e+01 1.088445e+00 7.987318e-08
2.943444e+01 1.523711e+00 9.014156e-08
2.943444e+01 2.088426e+00 8.693998e-08
2.943444e+01 2.685505e+00 6.420372e-08
3.004313e+01 1.570796e-02 1.201871e-10
3.004313e+01 2.346256e-02 3.117774e-10
3.004313e+01 3.503514e-02 6.181316e-10
3.004313e+01 5.263151e-02 1.267793e-09
3.004313e+01 7.314235e-02 2.694929e-09
3.004313e+01 1.025928e-01 4.044615e-09
3.004313e+01 1.448116e-01 7.021602e-09
3.004313e+01 2.023460e-01 1.101368e-08
3.004313e+01 2.834245e-01 1.742595e-08
3.004313e+01 3.967448e-01 2.662854e-08
3.004313e+01 5.552783e-01 4.000411e-08
3.004313e+01 7.774819e-01 5.623271e-08
3.004313e+01 1.088445e+00 7.240076e-08
3.004313e+01 1.523711e+00 8.386577e-08
3.004313e+01 2.088426e+00 8.471553e-08
3.004313e+01 2.685505e+00 6.764921e-08
3.066399e+01 1.570796e-02 1.025383e-10
3.066399e+01 2.346256e-02 2.670064e-10
3.066399e+01 3.503514e-02 5.272779e-10
3.066399e+01 5.263151e-02 1.083446e-09
3.066399e+01 7.314235e-02 2.306398e-09
3.066399e+01 1.025928e-01 3.466668e-09
3.066399e+01 1.448116e-01 6.026812e-09
3.066399e+01 2.023460e-01 9.497024e-09
3.066399e+01 2.834245e-01 1.508531e-08
3.066399e+01 3.967448e-01 2.310604e-08
3.066399e+01 5.552783e-01 3.486446e-08
3.066399e+01 7.774819e-01 4.930934e-08
3.066399e+01 1.088445e+00 6.438957e-08
3.066399e+01 1.523711e+00 7.668656e-08
3.066399e+01 2.088426e+00 8.132028e-08
3.066399e+01 2.685505e+00 7.052465e-08
3.129727e+01 1.570796e-02 8.545967e-11
3.129727e+01 2.346256e-02 2.230691e-10
3.129727e+01 3.503514e-02 4.389637e-10
3.129727e+01 5.263151e-02 9.035716e-10
3.129727e+01 7.314235e-02 1.926717e-09
3.129727e+01 1.025928e-01 2.90058e-09
3.129727e+01 1.448116e-01 5.050060e-09
3.129727e+01 2.023460e-01 7.993438e-09
3.129727e+01 2.834245e-01 1.274185e-08
3.129727e+01 3.967448e-01 1.955572e-08
3.129727e+01 5.552783e-01 2.962568e-08
3.129727e+01 7.774819e-01 4.215486e-08
3.129727e+01 1.088445e+00 5.582910e-08
3.129727e+01 1.523711e+00 6.846005e-08
3.129727e+01 2.088426e+00 7.638949e-08
3.129727e+01 2.685505e+00 7.198972e-08
3.194322e+01 1.570796e-02 6.876918e-11
3.194322e+01 2.346256e-02 1.801483e-10
3.194322e+01 3.503514e-02 3.531369e-10
3.194322e+01 5.263151e-02 7.281855e-10
3.194322e+01 7.314235e-02 1.555574e-09
3.194322e+01 1.025928e-01 2.345683e-09
3.194322e+01 1.448116e-01 4.088905e-09
3.194322e+01 2.023460e-01 6.500817e-09
3.194322e+01 2.834245e-01 1.039446e-08
3.194322e+01 3.967448e-01 1.598215e-08
3.194322e+01 5.552783e-01 2.430254e-08
3.194322e+01 7.774819e-01 3.479154e-08
3.194322e+01 1.088445e+00 4.674643e-08
3.194322e+01 1.523711e+00 5.902492e-08
3.194322e+01 2.088426e+00 6.954604e-08
3.194322e+01 2.685505e+00 7.165446e-08
3.260208e+01 1.570796e-02 5.263611e-11
3.260208e+01 2.346256e-02 1.382641e-10
3.260208e+01 3.503514e-02 2.697628e-10
3.260208e+01 5.263151e-02 5.576562e-10
3.260208e+01 7.314235e-02 1.194036e-09
3.260208e+01 1.025928e-01 1.802872e-09
3.260208e+01 1.448116e-01 3.147367e-09
3.260208e+01 2.023460e-01 5.022778e-09
3.260208e+01 2.834245e-01 8.053316e-09
3.260208e+01 3.967448e-01 1.24019e-08
3.260208e+01 5.552783e-01 1.891814e-08
3.260208e+01 7.774819e-01 2.72505e-08
3.260208e+01 1.088445e+00 3.709764e-08
3.260208e+01 1.523711e+00 4.829977e-08
3.260208e+01 2.088426e+00 6.024872e-08
3.260208e+01 2.685505e+00 6.790206e-08
3.327412e+01 1.570796e-02 3.660714e-11
3.327412e+01 2.346256e-02 9.679799e-11
3.327412e+01 3.503514e-02 1.875627e-10
3.327412e+01 5.263151e-02 3.885448e-10
3.327412e+01 7.314235e-02 8.343662e-10
3.327412e+01 1.025928e-01 1.261938e-09
3.327412e+01 1.448116e-01 2.207067e-09
3.327412e+01 2.023460e-01 3.537377e-09
3.327412e+01 2.834245e-01 5.689396e-09
3.327412e+01 3.967448e-01 8.776659e-09
3.327412e+01 5.552783e-01 1.343332e-08
3.327412e+01 7.774819e-01 1.948475e-08
3.327412e+01 1.088445e+00 2.687848e-08
3.327412e+01 1.523711e+00 3.611496e-08
3.327412e+01 2.088426e+00 4.786629e-08
3.327412e+01 2.685505e+00 5.915552e-08
3.395961e+01 1.570796e-02 2.237629e-11
3.395961e+01 2.346256e-02 5.963746e-11
3.395961e+01 3.503514e-02 1.148724e-10
3.395961e+01 5.263151e-02 2.387468e-10
3.395961e+01 7.314235e-02 5.137318e-10
3.395961e+01 1.025928e-01 7.764875e-10
3.395961e+01 1.448116e-01 1.355271e-09
3.395961e+01 2.023460e-01 2.166561e-09
3.395961e+01 2.834245e-01 3.471092e-09
3.395961e+01 3.967448e-01 5.317664e-09
3.395961e+01 5.552783e-01 8.100981e-09
3.395961e+01 7.774819e-01 1.174057e-08
3.395961e+01 1.088445e+00 1.630511e-08
3.395961e+01 1.523711e+00 2.24744e-08
3.395961e+01 2.088426e+00 3.161446e-08
3.395961e+01 2.685505e+00 4.255675e-08
3.46588e+01 1.570796e-02 6.942261e-12
3.46588e+01 2.346256e-02 1.585082e-11
3.46588e+01 3.503514e-02 3.583793e-11
3.46588e+01 5.263151e-02 6.88624e-11
3.46588e+01 7.314235e-02 1.51272e-10
3.46588e+01 1.025928e-01 2.282081e-10
3.46588e+01 1.448116e-01 4.004545e-10
3.46588e+01 2.023460e-01 6.526871e-10
3.46588e+01 2.834245e-01 1.060763e-09
3.46588e+01 3.967448e-01 1.647645e-09
3.46588e+01 5.552783e-01 2.533257e-09
3.46588e+01 7.774819e-01 3.727273e-09
3.46588e+01 1.088445e+00 5.279126e-09
3.46588e+01 1.523711e+00 7.531910e-09
3.46588e+01 2.088426e+00 1.116960e-08
3.46588e+01 2.685505e+00 1.605271e-08
3.537197e+01 1.570796e-02 0.e+00
3.537197e+01 2.346256e-02 0.e+00
3.537197e+01 3.503514e-02 0.e+00
3.537197e+01 5.263151e-02 0.e+00
3.537197e+01 7.314235e-02 0.e+00
3.537197e+01 1.025928e-01 0.e+00
3.537197e+01 1.448116e-01 0.e+00
3.537197e+01 2.023460e-01 0.e+00
3.537197e+01 2.834245e-01 0.e+00
3.537197e+01 3.967448e-01 0.e+00
3.537197e+01 5.552783e-01 0.e+00
3.537197e+01 7.774819e-01 0.e+00
3.537197e+01 1.088445e+00 0.e+00
3.537197e+01 1.523711e+00 0.e+00
3.537197e+01 2.088426e+00 0.e+00
3.537197e+01 2.685505e+00 0.e+00
