5.e+00 1.570796e-02 0.e+00
5.e+00 2.346256e-02 0.e+00
5.e+00 3.503514e-02 0.e+00
5.e+00 5.263151e-02 0.e+00
5.e+00 7.314235e-02 0.e+00
5.e+00 1.025928e-01 0.e+00
5.e+00 1.448116e-01 0.e+00
5.e+00 2.023460e-01 0.e+00
5.e+00 2.834245e-01 0.e+00
5.e+00 3.967448e-01 0.e+00
5.e+00 5.552783e-01 0.e+00
5.e+00 7.774819e-01 0.e+00
5.e+00 1.088445e+00 0.e+00
5.e+00 1.523711e+00 0.e+00
5.e+00 2.088426e+00 0.e+00
5.e+00 2.685505e+00 0.e+00
5.12e+00 1.570796e-02 0.e+00
5.12e+00 2.346256e-02 0.e+00
5.12e+00 3.503514e-02 0.e+00
5.12e+00 5.263151e-02 0.e+00
5.12e+00 7.314235e-02 0.e+00
5.12e+00 1.025928e-01 0.e+00
5.12e+00 1.448116e-01 0.e+00
5.12e+00 2.023460e-01 0.e+00
5.12e+00 2.834245e-01 0.e+00
5.12e+00 3.967448e-01 0.e+00
5.12e+00 5.552783e-01 0.e+00
5.12e+00 7.774819e-01 0.e+00
5.12e+00 1.088445e+00 0.e+00
5.12e+00 1.523711e+00 0.e+00
5.12e+00 2.088426e+00 0.e+00
5.12e+00 2.685505e+00 0.e+00
5.2424e+00 1.570796e-02 0.e+00
5.2424e+00 2.346256e-02 0.e+00
5.2424e+00 3.503514e-02 0.e+00
5.2424e+00 5.263151e-02 0.e+00
5.2424e+00 7.314235e-02 0.e+00
5.2424e+00 1.025928e-01 0.e+00
5.2424e+00 1.448116e-01 0.e+00
5.2424e+00 2.023460e-01 0.e+00
5.2424e+00 2.834245e-01 0.e+00
5.2424e+00 3.967448e-01 0.e+00
5.2424e+00 5.552783e-01 0.e+00
5.2424e+00 7.774819e-01 0.e+00
5.2424e+00 1.088445e+00 0.e+00
5.2424e+00 1.523711e+00 0.e+00
5.2424e+00 2.088426e+00 0.e+00
5.2424e+00 2.685505e+00 0.e+00
5.367248e+00 1.570796e-02 0.e+00
5.367248e+00 2.346256e-02 0.e+00
5.367248e+00 3.503514e-02 0.e+00
5.367248e+00 5.263151e-02 0.e+00
5.367248e+00 7.314235e-02 0.e+00
5.367248e+00 1.025928e-01 0.e+00
5.367248e+00 1.448116e-01 0.e+00
5.367248e+00 2.023460e-01 0.e+00
5.367248e+00 2.834245e-01 0.e+00
5.367248e+00 3.967448e-01 0.e+00
5.367248e+00 5.552783e-01 0.e+00
5.367248e+00 7.774819e-01 0.e+00
5.367248e+00 1.088445e+00 0.e+00
5.367248e+00 1.523711e+00 0.e+00
5.367248e+00 2.088426e+00 0.e+00
5.367248e+00 2.685505e+00 0.e+00
5.494593e+00 1.570796e-02 0.e+00
5.494593e+00 2.346256e-02 0.e+00
5.494593e+00 3.503514e-02 0.e+00
5.494593e+00 5.263151e-02 0.e+00
5.494593e+00 7.314235e-02 0.e+00
5.494593e+00 1.025928e-01 0.e+00
5.494593e+00 1.448116e-01 0.e+00
5.494593e+00 2.023460e-01 0.e+00
5.494593e+00 2.834245e-01 0.e+00
5.494593e+00 3.967448e-01 0.e+00
5.494593e+00 5.552783e-01 0.e+00
5.494593e+00 7.774819e-01 0.e+00
5.494593e+00 1.088445e+00 0.e+00
5.494593e+00 1.523711e+00 0.e+00
5.494593e+00 2.088426e+00 0.e+00
5.494593e+00 2.685505e+00 0.e+00
5.624485e+00 1.570796e-02 -3.707442e-05
5.624485e+00 2.346256e-02 -2.593762e-05
5.624485e+00 3.503514e-02 -5.416544e-05
5.624485e+00 5.263151e-02 -2.213585e-05
5.624485e+00 7.314235e-02 -8.24894e-05
5.624485e+00 1.025928e-01 -6.073753e-06
5.624485e+00 1.448116e-01 -1.191817e-04
5.624485e+00 2.023460e-01 -3.227300e-05
5.624485e+00 2.834245e-01 -4.324641e-05
5.624485e+00 3.967448e-01 -1.427488e-05
5.624485e+00 5.552783e-01 -2.362788e-05
5.624485e+00 7.774819e-01 -2.555328e-05
5.624485e+00 1.088445e+00 -2.103215e-05
5.624485e+00 1.523711e+00 -2.360002e-05
5.624485e+00 2.088426e+00 -2.860810e-05
5.624485e+00 2.685505e+00 -3.397636e-05
5.756975e+00 1.570796e-02 -1.652782e-04
5.756975e+00 2.346256e-02 -1.288544e-04
5.756975e+00 3.503514e-02 -2.069019e-04
5.756975e+00 5.263151e-02 -3.085326e-04
5.756975e+00 7.314235e-02 -3.932662e-04
5.756975e+00 1.025928e-01 -1.750418e-04
5.756975e+00 1.448116e-01 -2.583332e-04
5.756975e+00 2.023460e-01 -2.856819e-04
5.756975e+00 2.834245e-01 -3.233653e-04
5.756975e+00 3.967448e-01 -2.174589e-04
5.756975e+00 5.552783e-01 -1.855343e-04
5.756975e+00 7.774819e-01 -1.815932e-04
5.756975e+00 1.088445e+00 -1.656782e-04
5.756975e+00 1.523711e+00 -1.627299e-04
5.756975e+00 2.088426e+00 -1.976906e-04
5.756975e+00 2.685505e+00 -2.185906e-04
5.892114e+00 1.570796e-02 -3.649185e-04
5.892114e+00 2.346256e-02 -3.688165e-04
5.892114e+00 3.503514e-02 -5.024575e-04
5.892114e+00 5.263151e-02 -9.573694e-04
5.892114e+00 7.314235e-02 -1.163708e-03
5.892114e+00 1.025928e-01 -9.292457e-04
5.892114e+00 1.448116e-01 -1.215183e-03
5.892114e+00 2.023460e-01 -1.132396e-03
5.892114e+00 2.834245e-01 -1.155642e-03
5.892114e+00 3.967448e-01 -8.710466e-04
5.892114e+00 5.552783e-01 -7.443233e-04
5.892114e+00 7.774819e-01 -6.979798e-04
5.892114e+00 1.088445e+00 -6.190086e-04
5.892114e+00 1.523711e+00 -6.077695e-04
5.892114e+00 2.088426e+00 -7.110813e-04
5.892114e+00 2.685505e+00 -8.387808e-04
6.029956e+00 1.570796e-02 -6.741164e-04
6.029956e+00 2.346256e-02 -9.708857e-04
6.029956e+00 3.503514e-02 -1.467699e-03
6.029956e+00 5.263151e-02 -2.47836e-03
6.029956e+00 7.314235e-02 -3.776212e-03
6.029956e+00 1.025928e-01 -2.748766e-03
6.029956e+00 1.448116e-01 -3.491182e-03
6.029956e+00 2.023460e-01 -3.269761e-03
6.029956e+00 2.834245e-01 -3.314938e-03
6.029956e+00 3.967448e-01 -2.610455e-03
6.029956e+00 5.552783e-01 -2.311958e-03
6.029956e+00 7.774819e-01 -2.056928e-03
6.029956e+00 1.088445e+00 -1.798124e-03
6.029956e+00 1.523711e+00 -1.786994e-03
6.029956e+00 2.088426e+00 -2.071784e-03
6.029956e+00 2.685505e+00 -2.420776e-03
6.170555e+00 1.570796e-02 -7.982726e-04
6.170555e+00 2.346256e-02 -1.662225e-03
6.170555e+00 3.503514e-02 -2.809378e-03
6.170555e+00 5.263151e-02 -4.133522e-03
6.170555e+00 7.314235e-02 -6.830095e-03
6.170555e+00 1.025928e-01 -5.399116e-03
6.170555e+00 1.448116e-01 -6.259396e-03
6.170555e+00 2.023460e-01 -6.547006e-03
6.170555e+00 2.834245e-01 -6.249838e-03
6.170555e+00 3.967448e-01 -5.212161e-03
6.170555e+00 5.552783e-01 -4.749327e-03
6.170555e+00 7.774819e-01 -4.091943e-03
6.170555e+00 1.088445e+00 -3.567850e-03
6.170555e+00 1.523711e+00 -3.456948e-03
6.170555e+00 2.088426e+00 -3.959084e-03
6.170555e+00 2.685505e+00 -4.597087e-03
6.313967e+00 1.570796e-02 -8.565489e-04
6.313967e+00 2.346256e-02 -2.124603e-03
6.313967e+00 3.503514e-02 -3.967017e-03
6.313967e+00 5.263151e-02 -5.996201e-03
6.313967e+00 7.314235e-02 -9.987794e-03
6.313967e+00 1.025928e-01 -9.055732e-03
6.313967e+00 1.448116e-01 -1.055888e-02
6.313967e+00 2.023460e-01 -1.086362e-02
6.313967e+00 2.834245e-01 -1.055389e-02
6.313967e+00 3.967448e-01 -9.006130e-03
6.313967e+00 5.552783e-01 -8.018169e-03
6.313967e+00 7.774819e-01 -6.991241e-03
6.313967e+00 1.088445e+00 -5.958597e-03
6.313967e+00 1.523711e+00 -5.74018e-03
6.313967e+00 2.088426e+00 -6.489474e-03
6.313967e+00 2.685505e+00 -7.472171e-03
6.460246e+00 1.570796e-02 -8.85673e-04
6.460246e+00 2.346256e-02 -2.331828e-03
6.460246e+00 3.503514e-02 -4.693194e-03
6.460246e+00 5.263151e-02 -7.507275e-03
6.460246e+00 7.314235e-02 -1.285034e-02
6.460246e+00 1.025928e-01 -1.307910e-02
6.460246e+00 1.448116e-01 -1.565155e-02
6.460246e+00 2.023460e-01 -1.602065e-02
6.460246e+00 2.834245e-01 -1.56732e-02
6.460246e+00 3.967448e-01 -1.356232e-02
6.460246e+00 5.552783e-01 -1.226870e-02
6.460246e+00 7.774819e-01 -1.052085e-02
6.460246e+00 1.088445e+00 -9.031873e-03
6.460246e+00 1.523711e+00 -8.502331e-03
6.460246e+00 2.088426e+00 -9.583112e-03
6.460246e+00 2.685505e+00 -1.090568e-02
6.609451e+00 1.570796e-02 -9.167086e-04
6.609451e+00 2.346256e-02 -2.264523e-03
6.609451e+00 3.503514e-02 -4.958064e-03
6.609451e+00 5.263151e-02 -8.550259e-03
6.609451e+00 7.314235e-02 -1.473748e-02
6.609451e+00 1.025928e-01 -1.651829e-02
6.609451e+00 1.448116e-01 -2.02712e-02
6.609451e+00 2.023460e-01 -2.103358e-02
6.609451e+00 2.834245e-01 -2.076455e-02
6.609451e+00 3.967448e-01 -1.845539e-02
6.609451e+00 5.552783e-01 -1.675652e-02
6.609451e+00 7.774819e-01 -1.436134e-02
6.609451e+00 1.088445e+00 -1.231134e-02
6.609451e+00 1.523711e+00 -1.146781e-02
6.609451e+00 2.088426e+00 -1.276034e-02
6.609451e+00 2.685505e+00 -1.434427e-02
6.76164e+00 1.570796e-02 -9.080809e-04
6.76164e+00 2.346256e-02 -2.133699e-03
6.76164e+00 3.503514e-02 -4.873682e-03
6.76164e+00 5.263151e-02 -8.737463e-03
6.76164e+00 7.314235e-02 -1.578201e-02
6.76164e+00 1.025928e-01 -1.904080e-02
6.76164e+00 1.448116e-01 -2.471695e-02
6.76164e+00 2.023460e-01 -2.572926e-02
6.76164e+00 2.834245e-01 -2.565687e-02
6.76164e+00 3.967448e-01 -2.339804e-02
6.76164e+00 5.552783e-01 -2.126162e-02
6.76164e+00 7.774819e-01 -1.833641e-02
6.76164e+00 1.088445e+00 -1.558520e-02
6.76164e+00 1.523711e+00 -1.445402e-02
6.76164e+00 2.088426e+00 -1.579263e-02
6.76164e+00 2.685505e+00 -1.765118e-02
6.916873e+00 1.570796e-02 -8.403302e-04
6.916873e+00 2.346256e-02 -2.025798e-03
6.916873e+00 3.503514e-02 -4.559673e-03
6.916873e+00 5.263151e-02 -8.53139e-03
6.916873e+00 7.314235e-02 -1.596398e-02
6.916873e+00 1.025928e-01 -2.048854e-02
6.916873e+00 1.448116e-01 -2.749198e-02
6.916873e+00 2.023460e-01 -2.955206e-02
6.916873e+00 2.834245e-01 -2.993788e-02
6.916873e+00 3.967448e-01 -2.787607e-02
6.916873e+00 5.552783e-01 -2.541846e-02
6.916873e+00 7.774819e-01 -2.197938e-02
6.916873e+00 1.088445e+00 -1.873223e-02
6.916873e+00 1.523711e+00 -1.719839e-02
6.916873e+00 2.088426e+00 -1.852081e-02
6.916873e+00 2.685505e+00 -2.033215e-02
7.075210e+00 1.570796e-02 -7.614534e-04
7.075210e+00 2.346256e-02 -1.850156e-03
7.075210e+00 3.503514e-02 -4.280472e-03
7.075210e+00 5.263151e-02 -8.164688e-03
7.075210e+00 7.314235e-02 -1.5514e-02
7.075210e+00 1.025928e-01 -2.09844e-02
7.075210e+00 1.448116e-01 -2.903187e-02
7.075210e+00 2.023460e-01 -3.222596e-02
7.075210e+00 2.834245e-01 -3.318826e-02
7.075210e+00 3.967448e-01 -3.143492e-02
7.075210e+00 5.552783e-01 -2.903425e-02
7.075210e+00 7.774819e-01 -2.519598e-02
7.075210e+00 1.088445e+00 -2.148174e-02
7.075210e+00 1.523711e+00 -1.951492e-02
7.075210e+00 2.088426e+00 -2.079943e-02
7.075210e+00 2.685505e+00 -2.262797e-02
7.236714e+00 1.570796e-02 -6.829036e-04
7.236714e+00 2.346256e-02 -1.687662e-03
7.236714e+00 3.503514e-02 -3.886686e-03
7.236714e+00 5.263151e-02 -7.573385e-03
7.236714e+00 7.314235e-02 -1.461042e-02
7.236714e+00 1.025928e-01 -2.062492e-02
7.236714e+00 1.448116e-01 -2.945676e-02
7.236714e+00 2.023460e-01 -3.368911e-02
7.236714e+00 2.834245e-01 -3.542455e-02
7.236714e+00 3.967448e-01 -3.437290e-02
7.236714e+00 5.552783e-01 -3.204150e-02
7.236714e+00 7.774819e-01 -2.803102e-02
7.236714e+00 1.088445e+00 -2.385551e-02
7.236714e+00 1.523711e+00 -2.161588e-02
7.236714e+00 2.088426e+00 -2.284608e-02
7.236714e+00 2.685505e+00 -2.459471e-02
7.401449e+00 1.570796e-02 -6.236829e-04
7.401449e+00 2.346256e-02 -1.565865e-03
7.401449e+00 3.503514e-02 -3.454551e-03
7.401449e+00 5.263151e-02 -6.895432e-03
7.401449e+00 7.314235e-02 -1.353887e-02
7.401449e+00 1.025928e-01 -1.959344e-02
7.401449e+00 1.448116e-01 -2.900218e-02
7.401449e+00 2.023460e-01 -3.407965e-02
7.401449e+00 2.834245e-01 -3.680634e-02
7.401449e+00 3.967448e-01 -3.645403e-02
7.401449e+00 5.552783e-01 -3.435849e-02
7.401449e+00 7.774819e-01 -3.029149e-02
7.401449e+00 1.088445e+00 -2.579132e-02
7.401449e+00 1.523711e+00 -2.32828e-02
7.401449e+00 2.088426e+00 -2.439827e-02
7.401449e+00 2.685505e+00 -2.593182e-02
7.569477e+00 1.570796e-02 -5.652439e-04
7.569477e+00 2.346256e-02 -1.421265e-03
7.569477e+00 3.503514e-02 -3.027451e-03
7.569477e+00 5.263151e-02 -6.232990e-03
7.569477e+00 7.314235e-02 -1.236918e-02
7.569477e+00 1.025928e-01 -1.829873e-02
7.569477e+00 1.448116e-01 -2.785377e-02
7.569477e+00 2.023460e-01 -3.364562e-02
7.569477e+00 2.834245e-01 -3.731801e-02
7.569477e+00 3.967448e-01 -3.765252e-02
7.569477e+00 5.552783e-01 -3.592960e-02
7.569477e+00 7.774819e-01 -3.203078e-02
7.569477e+00 1.088445e+00 -2.732524e-02
7.569477e+00 1.523711e+00 -2.464879e-02
7.569477e+00 2.088426e+00 -2.56549e-02
7.569477e+00 2.685505e+00 -2.703035e-02
7.740867e+00 1.570796e-02 -5.117168e-04
7.740867e+00 2.346256e-02 -1.289764e-03
7.740867e+00 3.503514e-02 -2.679122e-03
7.740867e+00 5.263151e-02 -5.606376e-03
7.740867e+00 7.314235e-02 -1.1188e-02
7.740867e+00 1.025928e-01 -1.685987e-02
7.740867e+00 1.448116e-01 -2.616055e-02
7.740867e+00 2.023460e-01 -3.253185e-02
7.740867e+00 2.834245e-01 -3.703503e-02
7.740867e+00 3.967448e-01 -3.811009e-02
7.740867e+00 5.552783e-01 -3.693357e-02
7.740867e+00 7.774819e-01 -3.320923e-02
7.740867e+00 1.088445e+00 -2.848843e-02
7.740867e+00 1.523711e+00 -2.565772e-02
7.740867e+00 2.088426e+00 -2.668821e-02
7.740867e+00 2.685505e+00 -2.784739e-02
7.915684e+00 1.570796e-02 -4.567237e-04
7.915684e+00 2.346256e-02 -1.168809e-03
7.915684e+00 3.503514e-02 -2.391221e-03
7.915684e+00 5.263151e-02 -5.023783e-03
7.915684e+00 7.314235e-02 -1.005032e-02
7.915684e+00 1.025928e-01 -1.526525e-02
7.915684e+00 1.448116e-01 -2.41301e-02
7.915684e+00 2.023460e-01 -3.084947e-02
7.915684e+00 2.834245e-01 -3.608356e-02
7.915684e+00 3.967448e-01 -3.796758e-02
7.915684e+00 5.552783e-01 -3.731692e-02
7.915684e+00 7.774819e-01 -3.390356e-02
7.915684e+00 1.088445e+00 -2.928702e-02
7.915684e+00 1.523711e+00 -2.642594e-02
7.915684e+00 2.088426e+00 -2.740869e-02
7.915684e+00 2.685505e+00 -2.836532e-02
8.093998e+00 1.570796e-02 -4.001732e-04
8.093998e+00 2.346256e-02 -1.052915e-03
8.093998e+00 3.503514e-02 -2.134273e-03
8.093998e+00 5.263151e-02 -4.496007e-03
8.093998e+00 7.314235e-02 -8.973397e-03
8.093998e+00 1.025928e-01 -1.367319e-02
8.093998e+00 1.448116e-01 -2.197013e-02
8.093998e+00 2.023460e-01 -2.88229e-02
8.093998e+00 2.834245e-01 -3.464476e-02
8.093998e+00 3.967448e-01 -3.727665e-02
8.093998e+00 5.552783e-01 -3.717717e-02
8.093998e+00 7.774819e-01 -3.417428e-02
8.093998e+00 1.088445e+00 -2.975512e-02
8.093998e+00 1.523711e+00 -2.689506e-02
8.093998e+00 2.088426e+00 -2.782768e-02
8.093998e+00 2.685505e+00 -2.859529e-02
8.275878e+00 1.570796e-02 -3.510192e-04
8.275878e+00 2.346256e-02 -9.503069e-04
8.275878e+00 3.503514e-02 -1.891501e-03
8.275878e+00 5.263151e-02 -3.997073e-03
8.275878e+00 7.314235e-02 -7.985577e-03
8.275878e+00 1.025928e-01 -1.218228e-02
8.275878e+00 1.448116e-01 -1.983938e-02
8.275878e+00 2.023460e-01 -2.660022e-02
8.275878e+00 2.834245e-01 -3.280259e-02
8.275878e+00 3.967448e-01 -3.607806e-02
8.275878e+00 5.552783e-01 -3.649708e-02
8.275878e+00 7.774819e-01 -3.394672e-02
8.275878e+00 1.088445e+00 -2.984051e-02
8.275878e+00 1.523711e+00 -2.706260e-02
8.275878e+00 2.088426e+00 -2.787650e-02
8.275878e+00 2.685505e+00 -2.86046e-02
8.461396e+00 1.570796e-02 -3.046353e-04
8.461396e+00 2.346256e-02 -8.593713e-04
8.461396e+00 3.503514e-02 -1.679682e-03
8.461396e+00 5.263151e-02 -3.541432e-03
8.461396e+00 7.314235e-02 -7.088614e-03
8.461396e+00 1.025928e-01 -1.081165e-02
8.461396e+00 1.448116e-01 -1.781025e-02
8.461396e+00 2.023460e-01 -2.432948e-02
8.461396e+00 2.834245e-01 -3.070988e-02
8.461396e+00 3.967448e-01 -3.449798e-02
8.461396e+00 5.552783e-01 -3.542811e-02
8.461396e+00 7.774819e-01 -3.33951e-02
8.461396e+00 1.088445e+00 -2.963538e-02
8.461396e+00 1.523711e+00 -2.705104e-02
8.461396e+00 2.088426e+00 -2.790909e-02
8.461396e+00 2.685505e+00 -2.844031e-02
8.650623e+00 1.570796e-02 -2.666017e-04
8.650623e+00 2.346256e-02 -7.671178e-04
8.650623e+00 3.503514e-02 -1.491215e-03
8.650623e+00 5.263151e-02 -3.130328e-03
8.650623e+00 7.314235e-02 -6.272167e-03
8.650623e+00 1.025928e-01 -9.553443e-03
8.650623e+00 1.448116e-01 -1.585431e-02
8.650623e+00 2.023460e-01 -2.205456e-02
8.650623e+00 2.834245e-01 -2.836491e-02
8.650623e+00 3.967448e-01 -3.251935e-02
8.650623e+00 5.552783e-01 -3.398094e-02
8.650623e+00 7.774819e-01 -3.247611e-02
8.650623e+00 1.088445e+00 -2.906614e-02
8.650623e+00 1.523711e+00 -2.677244e-02
8.650623e+00 2.088426e+00 -2.764396e-02
8.650623e+00 2.685505e+00 -2.801306e-02
8.843636e+00 1.570796e-02 -2.342881e-04
8.843636e+00 2.346256e-02 -6.821603e-04
8.843636e+00 3.503514e-02 -1.326296e-03
8.843636e+00 5.263151e-02 -2.758983e-03
8.843636e+00 7.314235e-02 -5.524273e-03
8.843636e+00 1.025928e-01 -8.439143e-03
8.843636e+00 1.448116e-01 -1.406855e-02
8.843636e+00 2.023460e-01 -1.981172e-02
8.843636e+00 2.834245e-01 -2.594782e-02
8.843636e+00 3.967448e-01 -3.03226e-02
8.843636e+00 5.552783e-01 -3.222002e-02
8.843636e+00 7.774819e-01 -3.123367e-02
8.843636e+00 1.088445e+00 -2.828204e-02
8.843636e+00 1.523711e+00 -2.630952e-02
8.843636e+00 2.088426e+00 -2.720324e-02
8.843636e+00 2.685505e+00 -2.746258e-02
9.040509e+00 1.570796e-02 -2.064703e-04
9.040509e+00 2.346256e-02 -6.016802e-04
9.040509e+00 3.503514e-02 -1.175952e-03
9.040509e+00 5.263151e-02 -2.430987e-03
9.040509e+00 7.314235e-02 -4.867136e-03
9.040509e+00 1.025928e-01 -7.457038e-03
9.040509e+00 1.448116e-01 -1.243895e-02
9.040509e+00 2.023460e-01 -1.767403e-02
9.040509e+00 2.834245e-01 -2.349930e-02
9.040509e+00 3.967448e-01 -2.795689e-02
9.040509e+00 5.552783e-01 -3.025462e-02
9.040509e+00 7.774819e-01 -2.974358e-02
9.040509e+00 1.088445e+00 -2.727676e-02
9.040509e+00 1.523711e+00 -2.564202e-02
9.040509e+00 2.088426e+00 -2.653411e-02
9.040509e+00 2.685505e+00 -2.666298e-02
9.241319e+00 1.570796e-02 -1.807053e-04
9.241319e+00 2.346256e-02 -5.310479e-04
9.241319e+00 3.503514e-02 -1.038711e-03
9.241319e+00 5.263151e-02 -2.136239e-03
9.241319e+00 7.314235e-02 -4.282286e-03
9.241319e+00 1.025928e-01 -6.572894e-03
9.241319e+00 1.448116e-01 -1.095271e-02
9.241319e+00 2.023460e-01 -1.566915e-02
9.241319e+00 2.834245e-01 -2.109676e-02
9.241319e+00 3.967448e-01 -2.552492e-02
9.241319e+00 5.552783e-01 -2.813072e-02
9.241319e+00 7.774819e-01 -2.803714e-02
9.241319e+00 1.088445e+00 -2.610001e-02
9.241319e+00 1.523711e+00 -2.477132e-02
9.241319e+00 2.088426e+00 -2.574605e-02
9.241319e+00 2.685505e+00 -2.572462e-02
9.446145e+00 1.570796e-02 -1.593297e-04
9.446145e+00 2.346256e-02 -4.652228e-04
9.446145e+00 3.503514e-02 -9.16115e-04
9.446145e+00 5.263151e-02 -1.868369e-03
9.446145e+00 7.314235e-02 -3.748846e-03
9.446145e+00 1.025928e-01 -5.767371e-03
9.446145e+00 1.448116e-01 -9.610885e-03
9.446145e+00 2.023460e-01 -1.379698e-02
9.446145e+00 2.834245e-01 -1.881829e-02
9.446145e+00 3.967448e-01 -2.311847e-02
9.446145e+00 5.552783e-01 -2.590571e-02
9.446145e+00 7.774819e-01 -2.625605e-02
9.446145e+00 1.088445e+00 -2.477915e-02
9.446145e+00 1.523711e+00 -2.379476e-02
9.446145e+00 2.088426e+00 -2.479442e-02
9.446145e+00 2.685505e+00 -2.454952e-02
9.655068e+00 1.570796e-02 -1.400493e-04
9.655068e+00 2.346256e-02 -4.041643e-04
9.655068e+00 3.503514e-02 -8.062044e-04
9.655068e+00 5.263151e-02 -1.628474e-03
9.655068e+00 7.314235e-02 -3.271007e-03
9.655068e+00 1.025928e-01 -5.035766e-03
9.655068e+00 1.448116e-01 -8.400208e-03
9.655068e+00 2.023460e-01 -1.209576e-02
9.655068e+00 2.834245e-01 -1.667249e-02
9.655068e+00 3.967448e-01 -2.079775e-02
9.655068e+00 5.552783e-01 -2.367401e-02
9.655068e+00 7.774819e-01 -2.435311e-02
9.655068e+00 1.088445e+00 -2.334578e-02
9.655068e+00 1.523711e+00 -2.269159e-02
9.655068e+00 2.088426e+00 -2.380474e-02
9.655068e+00 2.685505e+00 -2.343633e-02
9.86817e+00 1.570796e-02 -1.226514e-04
9.86817e+00 2.346256e-02 -3.487409e-04
9.86817e+00 3.503514e-02 -7.033015e-04
9.86817e+00 5.263151e-02 -1.418097e-03
9.86817e+00 7.314235e-02 -2.850086e-03
9.86817e+00 1.025928e-01 -4.380706e-03
9.86817e+00 1.448116e-01 -7.306444e-03
9.86817e+00 2.023460e-01 -1.05655e-02
9.86817e+00 2.834245e-01 -1.470683e-02
9.86817e+00 3.967448e-01 -1.856474e-02
9.86817e+00 5.552783e-01 -2.147082e-02
9.86817e+00 7.774819e-01 -2.24347e-02
9.86817e+00 1.088445e+00 -2.184221e-02
9.86817e+00 1.523711e+00 -2.15355e-02
9.86817e+00 2.088426e+00 -2.270692e-02
9.86817e+00 2.685505e+00 -2.231399e-02
1.008553e+01 1.570796e-02 -1.072981e-04
1.008553e+01 2.346256e-02 -3.008267e-04
1.008553e+01 3.503514e-02 -6.092732e-04
1.008553e+01 5.263151e-02 -1.229773e-03
1.008553e+01 7.314235e-02 -2.468875e-03
1.008553e+01 1.025928e-01 -3.801843e-03
1.008553e+01 1.448116e-01 -6.335697e-03
1.008553e+01 2.023460e-01 -9.174486e-03
1.008553e+01 2.834245e-01 -1.286555e-02
1.008553e+01 3.967448e-01 -1.646141e-02
1.008553e+01 5.552783e-01 -1.930488e-02
1.008553e+01 7.774819e-01 -2.049441e-02
1.008553e+01 1.088445e+00 -2.026945e-02
1.008553e+01 1.523711e+00 -2.026007e-02
1.008553e+01 2.088426e+00 -2.14529e-02
1.008553e+01 2.685505e+00 -2.097264e-02
1.030724e+01 1.570796e-02 -9.338976e-05
1.030724e+01 2.346256e-02 -2.559912e-04
1.030724e+01 3.503514e-02 -5.242744e-04
1.030724e+01 5.263151e-02 -1.059855e-03
1.030724e+01 7.314235e-02 -2.130197e-03
1.030724e+01 1.025928e-01 -3.279104e-03
1.030724e+01 1.448116e-01 -5.464889e-03
1.030724e+01 2.023460e-01 -7.934444e-03
1.030724e+01 2.834245e-01 -1.118205e-02
1.030724e+01 3.967448e-01 -1.448387e-02
1.030724e+01 5.552783e-01 -1.720997e-02
1.030724e+01 7.774819e-01 -1.854607e-02
1.030724e+01 1.088445e+00 -1.863376e-02
1.030724e+01 1.523711e+00 -1.888727e-02
1.030724e+01 2.088426e+00 -2.011934e-02
1.030724e+01 2.685505e+00 -1.958778e-02
1.053339e+01 1.570796e-02 -8.096523e-05
1.053339e+01 2.346256e-02 -2.192717e-04
1.053339e+01 3.503514e-02 -4.512410e-04
1.053339e+01 5.263151e-02 -9.146226e-04
1.053339e+01 7.314235e-02 -1.832522e-03
1.053339e+01 1.025928e-01 -2.820332e-03
1.053339e+01 1.448116e-01 -4.683013e-03
1.053339e+01 2.023460e-01 -6.843035e-03
1.053339e+01 2.834245e-01 -9.678814e-03
1.053339e+01 3.967448e-01 -1.265936e-02
1.053339e+01 5.552783e-01 -1.524052e-02
1.053339e+01 7.774819e-01 -1.666088e-02
1.053339e+01 1.088445e+00 -1.697567e-02
1.053339e+01 1.523711e+00 -1.746894e-02
1.053339e+01 2.088426e+00 -1.870433e-02
1.053339e+01 2.685505e+00 -1.810175e-02
1.076406e+01 1.570796e-02 -6.955484e-05
1.076406e+01 2.346256e-02 -1.865105e-04
1.076406e+01 3.503514e-02 -3.870781e-04
1.076406e+01 5.263151e-02 -7.833562e-04
1.076406e+01 7.314235e-02 -1.568830e-03
1.076406e+01 1.025928e-01 -2.41294e-03
1.076406e+01 1.448116e-01 -4.00385e-03
1.076406e+01 2.023460e-01 -5.871739e-03
1.076406e+01 2.834245e-01 -8.337175e-03
1.076406e+01 3.967448e-01 -1.099326e-02
1.076406e+01 5.552783e-01 -1.338497e-02
1.076406e+01 7.774819e-01 -1.487154e-02
1.076406e+01 1.088445e+00 -1.538544e-02
1.076406e+01 1.523711e+00 -1.603156e-02
1.076406e+01 2.088426e+00 -1.734076e-02
1.076406e+01 2.685505e+00 -1.679878e-02
1.099934e+01 1.570796e-02 -5.922113e-05
1.099934e+01 2.346256e-02 -1.581944e-04
1.099934e+01 3.503514e-02 -3.303371e-04
1.099934e+01 5.263151e-02 -6.690218e-04
1.099934e+01 7.314235e-02 -1.334294e-03
1.099934e+01 1.025928e-01 -2.060537e-03
1.099934e+01 1.448116e-01 -3.411781e-03
1.099934e+01 2.023460e-01 -5.012243e-03
1.099934e+01 2.834245e-01 -7.144727e-03
1.099934e+01 3.967448e-01 -9.472991e-03
1.099934e+01 5.552783e-01 -1.16621e-02
1.099934e+01 7.774819e-01 -1.314590e-02
1.099934e+01 1.088445e+00 -1.384501e-02
1.099934e+01 1.523711e+00 -1.464654e-02
1.099934e+01 2.088426e+00 -1.597680e-02
1.099934e+01 2.685505e+00 -1.540130e-02
1.123932e+01 1.570796e-02 -5.054875e-05
1.123932e+01 2.346256e-02 -1.320674e-04
1.123932e+01 3.503514e-02 -2.807465e-04
1.123932e+01 5.263151e-02 -5.680434e-04
1.123932e+01 7.314235e-02 -1.130145e-03
1.123932e+01 1.025928e-01 -1.754247e-03
1.123932e+01 1.448116e-01 -2.893852e-03
1.123932e+01 2.023460e-01 -4.274048e-03
1.123932e+01 2.834245e-01 -6.092541e-03
1.123932e+01 3.967448e-01 -8.128636e-03
1.123932e+01 5.552783e-01 -1.010367e-02
1.123932e+01 7.774819e-01 -1.155136e-02
1.123932e+01 1.088445e+00 -1.236343e-02
1.123932e+01 1.523711e+00 -1.330835e-02
1.123932e+01 2.088426e+00 -1.462957e-02
1.123932e+01 2.685505e+00 -1.410121e-02
1.148411e+01 1.570796e-02 -4.309513e-05
1.148411e+01 2.346256e-02 -1.094096e-04
1.148411e+01 3.503514e-02 -2.370709e-04
1.148411e+01 5.263151e-02 -4.789117e-04
1.148411e+01 7.314235e-02 -9.530107e-04
1.148411e+01 1.025928e-01 -1.481948e-03
1.148411e+01 1.448116e-01 -2.444196e-03
1.148411e+01 2.023460e-01 -3.614211e-03
1.148411e+01 2.834245e-01 -5.157986e-03
1.148411e+01 3.967448e-01 -6.931804e-03
1.148411e+01 5.552783e-01 -8.678238e-03
1.148411e+01 7.774819e-01 -1.006708e-02
1.148411e+01 1.088445e+00 -1.096130e-02
1.148411e+01 1.523711e+00 -1.198938e-02
1.148411e+01 2.088426e+00 -1.332652e-02
1.148411e+01 2.685505e+00 -1.283317e-02
1.173379e+01 1.570796e-02 -3.642730e-05
1.173379e+01 2.346256e-02 -9.09391e-05
1.173379e+01 3.503514e-02 -1.991098e-04
1.173379e+01 5.263151e-02 -4.022931e-04
1.173379e+01 7.314235e-02 -7.988636e-04
1.173379e+01 1.025928e-01 -1.248562e-03
1.173379e+01 1.448116e-01 -2.052988e-03
1.173379e+01 2.023460e-01 -3.040824e-03
1.173379e+01 2.834245e-01 -4.350407e-03
1.173379e+01 3.967448e-01 -5.866867e-03
1.173379e+01 5.552783e-01 -7.405856e-03
1.173379e+01 7.774819e-01 -8.725096e-03
1.173379e+01 1.088445e+00 -9.650507e-03
1.173379e+01 1.523711e+00 -1.073744e-02
1.173379e+01 2.088426e+00 -1.205327e-02
1.173379e+01 2.685505e+00 -1.166966e-02
1.198847e+01 1.570796e-02 -3.053977e-05
1.198847e+01 2.346256e-02 -7.42473e-05
1.198847e+01 3.503514e-02 -1.658493e-04
1.198847e+01 5.263151e-02 -3.362676e-04
1.198847e+01 7.314235e-02 -6.702255e-04
1.198847e+01 1.025928e-01 -1.044673e-03
1.198847e+01 1.448116e-01 -1.711077e-03
1.198847e+01 2.023460e-01 -2.546387e-03
1.198847e+01 2.834245e-01 -3.646338e-03
1.198847e+01 3.967448e-01 -4.927102e-03
1.198847e+01 5.552783e-01 -6.280641e-03
1.198847e+01 7.774819e-01 -7.503782e-03
1.198847e+01 1.088445e+00 -8.44664e-03
1.198847e+01 1.523711e+00 -9.558000e-03
1.198847e+01 2.088426e+00 -1.08448e-02
1.198847e+01 2.685505e+00 -1.052342e-02
1.224824e+01 1.570796e-02 -2.543168e-05
1.224824e+01 2.346256e-02 -6.121899e-05
1.224824e+01 3.503514e-02 -1.378179e-04
1.224824e+01 5.263151e-02 -2.796182e-04
1.224824e+01 7.314235e-02 -5.572622e-04
1.224824e+01 1.025928e-01 -8.675914e-04
1.224824e+01 1.448116e-01 -1.422080e-03
1.224824e+01 2.023460e-01 -2.118861e-03
1.224824e+01 2.834245e-01 -3.044958e-03
1.224824e+01 3.967448e-01 -4.119529e-03
1.224824e+01 5.552783e-01 -5.292341e-03
1.224824e+01 7.774819e-01 -6.418505e-03
1.224824e+01 1.088445e+00 -7.333532e-03
1.224824e+01 1.523711e+00 -8.435571e-03
1.224824e+01 2.088426e+00 -9.688521e-03
1.224824e+01 2.685505e+00 -9.467274e-03
1.251320e+01 1.570796e-02 -2.120389e-05
1.251320e+01 2.346256e-02 -5.026974e-05
1.251320e+01 3.503514e-02 -1.142028e-04
1.251320e+01 5.263151e-02 -2.307684e-04
1.251320e+01 7.314235e-02 -4.601159e-04
1.251320e+01 1.025928e-01 -7.166237e-04
1.251320e+01 1.448116e-01 -1.175567e-03
1.251320e+01 2.023460e-01 -1.755692e-03
1.251320e+01 2.834245e-01 -2.523828e-03
1.251320e+01 3.967448e-01 -3.426864e-03
1.251320e+01 5.552783e-01 -4.428714e-03
1.251320e+01 7.774819e-01 -5.450401e-03
1.251320e+01 1.088445e+00 -6.333636e-03
1.251320e+01 1.523711e+00 -7.397672e-03
1.251320e+01 2.088426e+00 -8.599141e-03
1.251320e+01 2.685505e+00 -8.49062e-03
1.278347e+01 1.570796e-02 -1.760597e-05
1.278347e+01 2.346256e-02 -4.086922e-05
1.278347e+01 3.503514e-02 -9.333331e-05
1.278347e+01 5.263151e-02 -1.8824e-04
1.278347e+01 7.314235e-02 -3.768882e-04
1.278347e+01 1.025928e-01 -5.876893e-04
1.278347e+01 1.448116e-01 -9.646852e-04
1.278347e+01 2.023460e-01 -1.447031e-03
1.278347e+01 2.834245e-01 -2.078569e-03
1.278347e+01 3.967448e-01 -2.830235e-03
1.278347e+01 5.552783e-01 -3.686790e-03
1.278347e+01 7.774819e-01 -4.596104e-03
1.278347e+01 1.088445e+00 -5.436938e-03
1.278347e+01 1.523711e+00 -6.446607e-03
1.278347e+01 2.088426e+00 -7.580062e-03
1.278347e+01 2.685505e+00 -7.502754e-03
1.305914e+01 1.570796e-02 -1.443343e-05
1.305914e+01 2.346256e-02 -3.319053e-05
1.305914e+01 3.503514e-02 -7.625614e-05
1.305914e+01 5.263151e-02 -1.549211e-04
1.305914e+01 7.314235e-02 -3.080901e-04
1.305914e+01 1.025928e-01 -4.794764e-04
1.305914e+01 1.448116e-01 -7.904081e-04
1.305914e+01 2.023460e-01 -1.183821e-03
1.305914e+01 2.834245e-01 -1.700364e-03
1.305914e+01 3.967448e-01 -2.324227e-03
1.305914e+01 5.552783e-01 -3.050975e-03
1.305914e+01 7.774819e-01 -3.849193e-03
1.305914e+01 1.088445e+00 -4.630636e-03
1.305914e+01 1.523711e+00 -5.596171e-03
1.305914e+01 2.088426e+00 -6.640145e-03
1.305914e+01 2.685505e+00 -6.589025e-03
1.334032e+01 1.570796e-02 -1.175694e-05
1.334032e+01 2.346256e-02 -2.728963e-05
1.334032e+01 3.503514e-02 -6.153464e-05
1.334032e+01 5.263151e-02 -1.260408e-04
1.334032e+01 7.314235e-02 -2.49238e-04
1.334032e+01 1.025928e-01 -3.883129e-04
1.334032e+01 1.448116e-01 -6.392762e-04
1.334032e+01 2.023460e-01 -9.623921e-04
1.334032e+01 2.834245e-01 -1.383299e-03
1.334032e+01 3.967448e-01 -1.897708e-03
1.334032e+01 5.552783e-01 -2.504775e-03
1.334032e+01 7.774819e-01 -3.198564e-03
1.334032e+01 1.088445e+00 -3.914443e-03
1.334032e+01 1.523711e+00 -4.826586e-03
1.334032e+01 2.088426e+00 -5.792309e-03
1.334032e+01 2.685505e+00 -5.797727e-03
1.362713e+01 1.570796e-02 -9.561875e-06
1.362713e+01 2.346256e-02 -2.203870e-05
1.362713e+01 3.503514e-02 -5.004372e-05
1.362713e+01 5.263151e-02 -1.026668e-04
1.362713e+01 7.314235e-02 -2.013914e-04
1.362713e+01 1.025928e-01 -3.134159e-04
1.362713e+01 1.448116e-01 -5.181568e-04
1.362713e+01 2.023460e-01 -7.804837e-04
1.362713e+01 2.834245e-01 -1.121565e-03
1.362713e+01 3.967448e-01 -1.540998e-03
1.362713e+01 5.552783e-01 -2.053138e-03
1.362713e+01 7.774819e-01 -2.652602e-03
1.362713e+01 1.088445e+00 -3.297429e-03
1.362713e+01 1.523711e+00 -4.137523e-03
1.362713e+01 2.088426e+00 -5.028994e-03
1.362713e+01 2.685505e+00 -5.067667e-03
1.391967e+01 1.570796e-02 -7.839239e-06
1.391967e+01 2.346256e-02 -1.729814e-05
1.391967e+01 3.503514e-02 -4.006849e-05
1.391967e+01 5.263151e-02 -8.250778e-05
1.391967e+01 7.314235e-02 -1.614599e-04
1.391967e+01 1.025928e-01 -2.521334e-04
1.391967e+01 1.448116e-01 -4.157645e-04
1.391967e+01 2.023460e-01 -6.306910e-04
1.391967e+01 2.834245e-01 -9.014465e-04
1.391967e+01 3.967448e-01 -1.247198e-03
1.391967e+01 5.552783e-01 -1.668638e-03
1.391967e+01 7.774819e-01 -2.182099e-03
1.391967e+01 1.088445e+00 -2.761891e-03
1.391967e+01 1.523711e+00 -3.519351e-03
1.391967e+01 2.088426e+00 -4.319846e-03
1.391967e+01 2.685505e+00 -4.396851e-03
1.421806e+01 1.570796e-02 -6.252135e-06
1.421806e+01 2.346256e-02 -1.323335e-05
1.421806e+01 3.503514e-02 -3.203396e-05
1.421806e+01 5.263151e-02 -6.563169e-05
1.421806e+01 7.314235e-02 -1.288229e-04
1.421806e+01 1.025928e-01 -2.000905e-04
1.421806e+01 1.448116e-01 -3.322179e-04
1.421806e+01 2.023460e-01 -5.030044e-04
1.421806e+01 2.834245e-01 -7.202586e-04
1.421806e+01 3.967448e-01 -1.000528e-03
1.421806e+01 5.552783e-01 -1.34853e-03
1.421806e+01 7.774819e-01 -1.775742e-03
1.421806e+01 1.088445e+00 -2.291796e-03
1.421806e+01 1.523711e+00 -2.959555e-03
1.421806e+01 2.088426e+00 -3.682875e-03
1.421806e+01 2.685505e+00 -3.777047e-03
1.452242e+01 1.570796e-02 -5.056815e-06
1.452242e+01 2.346256e-02 -1.045667e-05
1.452242e+01 3.503514e-02 -2.513181e-05
1.452242e+01 5.263151e-02 -5.135449e-05
1.452242e+01 7.314235e-02 -1.020903e-04
1.452242e+01 1.025928e-01 -1.606022e-04
1.452242e+01 1.448116e-01 -2.63865e-04
1.452242e+01 2.023460e-01 -3.999516e-04
1.452242e+01 2.834245e-01 -5.715740e-04
1.452242e+01 3.967448e-01 -7.97554e-04
1.452242e+01 5.552783e-01 -1.081525e-03
1.452242e+01 7.774819e-01 -1.435289e-03
1.452242e+01 1.088445e+00 -1.883781e-03
1.452242e+01 1.523711e+00 -2.473945e-03
1.452242e+01 2.088426e+00 -3.104330e-03
1.452242e+01 2.685505e+00 -3.219862e-03
1.483287e+01 1.570796e-02 -4.092590e-06
1.483287e+01 2.346256e-02 -8.216780e-06
1.483287e+01 3.503514e-02 -1.999329e-05
1.483287e+01 5.263151e-02 -4.011598e-05
1.483287e+01 7.314235e-02 -8.084909e-05
1.483287e+01 1.025928e-01 -1.264570e-04
1.483287e+01 1.448116e-01 -2.102470e-04
1.483287e+01 2.023460e-01 -3.170229e-04
1.483287e+01 2.834245e-01 -4.527805e-04
1.483287e+01 3.967448e-01 -6.329244e-04
1.483287e+01 5.552783e-01 -8.622141e-04
1.483287e+01 7.774819e-01 -1.154988e-03
1.483287e+01 1.088445e+00 -1.543036e-03
1.483287e+01 1.523711e+00 -2.060072e-03
1.483287e+01 2.088426e+00 -2.617626e-03
1.483287e+01 2.685505e+00 -2.731602e-03
1.514953e+01 1.570796e-02 -3.252896e-06
1.514953e+01 2.346256e-02 -6.580575e-06
1.514953e+01 3.503514e-02 -1.600692e-05
1.514953e+01 5.263151e-02 -3.145834e-05
1.514953e+01 7.314235e-02 -6.331751e-05
1.514953e+01 1.025928e-01 -9.913627e-05
1.514953e+01 1.448116e-01 -1.638981e-04
1.514953e+01 2.023460e-01 -2.492695e-04
1.514953e+01 2.834245e-01 -3.564136e-04
1.514953e+01 3.967448e-01 -4.988036e-04
1.514953e+01 5.552783e-01 -6.843052e-04
1.514953e+01 7.774819e-01 -9.233991e-04
1.514953e+01 1.088445e+00 -1.250606e-03
1.514953e+01 1.523711e+00 -1.69936e-03
1.514953e+01 2.088426e+00 -2.174032e-03
1.514953e+01 2.685505e+00 -2.242116e-03
1.547252e+01 1.570796e-02 -2.568165e-06
1.547252e+01 2.346256e-02 -5.022523e-06
1.547252e+01 3.503514e-02 -1.254805e-05
1.547252e+01 5.263151e-02 -2.398465e-05
1.547252e+01 7.314235e-02 -4.928345e-05
1.547252e+01 1.025928e-01 -7.633381e-05
1.547252e+01 1.448116e-01 -1.270606e-04
1.547252e+01 2.023460e-01 -1.936523e-04
1.547252e+01 2.834245e-01 -2.766354e-04
1.547252e+01 3.967448e-01 -3.875624e-04
1.547252e+01 5.552783e-01 -5.359797e-04
1.547252e+01 7.774819e-01 -7.299928e-04
1.547252e+01 1.088445e+00 -1.000663e-03
1.547252e+01 1.523711e+00 -1.376491e-03
1.547252e+01 2.088426e+00 -1.780320e-03
1.547252e+01 2.685505e+00 -1.826695e-03
1.580197e+01 1.570796e-02 -2.001353e-06
1.580197e+01 2.346256e-02 -3.856616e-06
1.580197e+01 3.503514e-02 -9.693238e-06
1.580197e+01 5.263151e-02 -1.86703e-05
1.580197e+01 7.314235e-02 -3.740640e-05
1.580197e+01 1.025928e-01 -5.854006e-05
1.580197e+01 1.448116e-01 -9.811047e-05
1.580197e+01 2.023460e-01 -1.500266e-04
1.580197e+01 2.834245e-01 -2.143659e-04
1.580197e+01 3.967448e-01 -3.010436e-04
1.580197e+01 5.552783e-01 -4.17619e-04
1.580197e+01 7.774819e-01 -5.745250e-04
1.580197e+01 1.088445e+00 -7.954339e-04
1.580197e+01 1.523711e+00 -1.110498e-03
1.580197e+01 2.088426e+00 -1.446192e-03
1.580197e+01 2.685505e+00 -1.484152e-03
1.613801e+01 1.570796e-02 -1.553656e-06
1.613801e+01 2.346256e-02 -2.966865e-06
1.613801e+01 3.503514e-02 -7.527041e-06
1.613801e+01 5.263151e-02 -1.439515e-05
1.613801e+01 7.314235e-02 -2.850961e-05
1.613801e+01 1.025928e-01 -4.407134e-05
1.613801e+01 1.448116e-01 -7.505064e-05
1.613801e+01 2.023460e-01 -1.148912e-04
1.613801e+01 2.834245e-01 -1.636299e-04
1.613801e+01 3.967448e-01 -2.308151e-04
1.613801e+01 5.552783e-01 -3.219337e-04
1.613801e+01 7.774819e-01 -4.461196e-04
1.613801e+01 1.088445e+00 -6.240974e-04
1.613801e+01 1.523711e+00 -8.794307e-04
1.613801e+01 2.088426e+00 -1.156984e-03
1.613801e+01 2.685505e+00 -1.195818e-03
1.648077e+01 1.570796e-02 -1.194509e-06
1.648077e+01 2.346256e-02 -2.112804e-06
1.648077e+01 3.503514e-02 -5.742261e-06
1.648077e+01 5.263151e-02 -1.079485e-05
1.648077e+01 7.314235e-02 -2.139342e-05
1.648077e+01 1.025928e-01 -3.301599e-05
1.648077e+01 1.448116e-01 -5.629457e-05
1.648077e+01 2.023460e-01 -8.612419e-05
1.648077e+01 2.834245e-01 -1.230615e-04
1.648077e+01 3.967448e-01 -1.743586e-04
1.648077e+01 5.552783e-01 -2.432905e-04
1.648077e+01 7.774819e-01 -3.407794e-04
1.648077e+01 1.088445e+00 -4.811838e-04
1.648077e+01 1.523711e+00 -6.875116e-04
1.648077e+01 2.088426e+00 -9.117997e-04
1.648077e+01 2.685505e+00 -9.510039e-04
1.683038e+01 1.570796e-02 -9.594286e-07
1.683038e+01 2.346256e-02 -1.495116e-06
1.683038e+01 3.503514e-02 -4.339175e-06
1.683038e+01 5.263151e-02 -7.872242e-06
1.683038e+01 7.314235e-02 -1.559278e-05
1.683038e+01 1.025928e-01 -2.429672e-05
1.683038e+01 1.448116e-01 -4.190177e-05
1.683038e+01 2.023460e-01 -6.407349e-05
1.683038e+01 2.834245e-01 -9.133990e-05
1.683038e+01 3.967448e-01 -1.305300e-04
1.683038e+01 5.552783e-01 -1.826295e-04
1.683038e+01 7.774819e-01 -2.584598e-04
1.683038e+01 1.088445e+00 -3.654066e-04
1.683038e+01 1.523711e+00 -5.253247e-04
1.683038e+01 2.088426e+00 -6.995058e-04
1.683038e+01 2.685505e+00 -7.282719e-04
1.718699e+01 1.570796e-02 -7.211649e-07
1.718699e+01 2.346256e-02 -9.69348e-07
1.718699e+01 3.503514e-02 -3.175747e-06
1.718699e+01 5.263151e-02 -5.902545e-06
1.718699e+01 7.314235e-02 -1.122089e-05
1.718699e+01 1.025928e-01 -1.778757e-05
1.718699e+01 1.448116e-01 -3.040712e-05
1.718699e+01 2.023460e-01 -4.642097e-05
1.718699e+01 2.834245e-01 -6.717912e-05
1.718699e+01 3.967448e-01 -9.564250e-05
1.718699e+01 5.552783e-01 -1.348180e-04
1.718699e+01 7.774819e-01 -1.931460e-04
1.718699e+01 1.088445e+00 -2.743186e-04
1.718699e+01 1.523711e+00 -3.972384e-04
1.718699e+01 2.088426e+00 -5.30257e-04
1.718699e+01 2.685505e+00 -5.556071e-04
1.755073e+01 1.570796e-02 -5.106879e-07
1.755073e+01 2.346256e-02 -6.943938e-07
1.755073e+01 3.503514e-02 -2.265882e-06
1.755073e+01 5.263151e-02 -4.379456e-06
1.755073e+01 7.314235e-02 -8.170707e-06
1.755073e+01 1.025928e-01 -1.266086e-05
1.755073e+01 1.448116e-01 -2.18071e-05
1.755073e+01 2.023460e-01 -3.354225e-05
1.755073e+01 2.834245e-01 -4.783382e-05
1.755073e+01 3.967448e-01 -6.836167e-05
1.755073e+01 5.552783e-01 -9.728805e-05
1.755073e+01 7.774819e-01 -1.415619e-04
1.755073e+01 1.088445e+00 -2.009794e-04
1.755073e+01 1.523711e+00 -2.924059e-04
1.755073e+01 2.088426e+00 -3.923514e-04
1.755073e+01 2.685505e+00 -4.139018e-04
1.792175e+01 1.570796e-02 -3.767225e-07
1.792175e+01 2.346256e-02 -4.684757e-07
1.792175e+01 3.503514e-02 -1.514205e-06
1.792175e+01 5.263151e-02 -3.00161e-06
1.792175e+01 7.314235e-02 -5.682114e-06
1.792175e+01 1.025928e-01 -8.705004e-06
1.792175e+01 1.448116e-01 -1.521773e-05
1.792175e+01 2.023460e-01 -2.331361e-05
1.792175e+01 2.834245e-01 -3.326131e-05
1.792175e+01 3.967448e-01 -4.797127e-05
1.792175e+01 5.552783e-01 -6.835957e-05
1.792175e+01 7.774819e-01 -1.010385e-04
1.792175e+01 1.088445e+00 -1.434158e-04
1.792175e+01 1.523711e+00 -2.098514e-04
1.792175e+01 2.088426e+00 -2.829069e-04
1.792175e+01 2.685505e+00 -3.003005e-04
1.830018e+01 1.570796e-02 -2.796239e-07
1.830018e+01 2.346256e-02 -3.003012e-07
1.830018e+01 3.503514e-02 -1.029168e-06
1.830018e+01 5.263151e-02 -2.211994e-06
1.830018e+01 7.314235e-02 -4.062513e-06
1.830018e+01 1.025928e-01 -5.938505e-06
1.830018e+01 1.448116e-01 -1.072034e-05
1.830018e+01 2.023460e-01 -1.672431e-05
1.830018e+01 2.834245e-01 -2.339964e-05
1.830018e+01 3.967448e-01 -3.401116e-05
1.830018e+01 5.552783e-01 -4.880389e-05
1.830018e+01 7.774819e-01 -7.254219e-05
1.830018e+01 1.088445e+00 -1.032990e-04
1.830018e+01 1.523711e+00 -1.503013e-04
1.830018e+01 2.088426e+00 -2.041652e-04
1.830018e+01 2.685505e+00 -2.200495e-04
1.868618e+01 1.570796e-02 -1.985129e-07
1.868618e+01 2.346256e-02 -2.017465e-07
1.868618e+01 3.503514e-02 -7.450787e-07
1.868618e+01 5.263151e-02 -1.47317e-06
1.868618e+01 7.314235e-02 -2.664956e-06
1.868618e+01 1.025928e-01 -3.871151e-06
1.868618e+01 1.448116e-01 -7.339682e-06
1.868618e+01 2.023460e-01 -1.144516e-05
1.868618e+01 2.834245e-01 -1.576965e-05
1.868618e+01 3.967448e-01 -2.325965e-05
1.868618e+01 5.552783e-01 -3.351579e-05
1.868618e+01 7.774819e-01 -4.987052e-05
1.868618e+01 1.088445e+00 -7.103906e-05
1.868618e+01 1.523711e+00 -1.038220e-04
1.868618e+01 2.088426e+00 -1.431380e-04
1.868618e+01 2.685505e+00 -1.526744e-04
1.907991e+01 1.570796e-02 -1.344287e-07
1.907991e+01 2.346256e-02 -1.186323e-07
1.907991e+01 3.503514e-02 -4.879408e-07
1.907991e+01 5.263151e-02 -9.425207e-07
1.907991e+01 7.314235e-02 -1.717424e-06
1.907991e+01 1.025928e-01 -2.569388e-06
1.907991e+01 1.448116e-01 -4.957701e-06
1.907991e+01 2.023460e-01 -7.755753e-06
1.907991e+01 2.834245e-01 -1.061013e-05
1.907991e+01 3.967448e-01 -1.56044e-05
1.907991e+01 5.552783e-01 -2.292765e-05
1.907991e+01 7.774819e-01 -3.423670e-05
1.907991e+01 1.088445e+00 -4.833138e-05
1.907991e+01 1.523711e+00 -7.05153e-05
1.907991e+01 2.088426e+00 -9.74256e-05
1.907991e+01 2.685505e+00 -1.035843e-04
1.948151e+01 1.570796e-02 -8.861255e-08
1.948151e+01 2.346256e-02 -7.045842e-08
1.948151e+01 3.503514e-02 -3.136038e-07
1.948151e+01 5.263151e-02 -6.012404e-07
1.948151e+01 7.314235e-02 -1.088113e-06
1.948151e+01 1.025928e-01 -1.640141e-06
1.948151e+01 1.448116e-01 -3.173146e-06
1.948151e+01 2.023460e-01 -5.010586e-06
1.948151e+01 2.834245e-01 -6.871695e-06
1.948151e+01 3.967448e-01 -1.007677e-05
1.948151e+01 5.552783e-01 -1.501246e-05
1.948151e+01 7.774819e-01 -2.262099e-05
1.948151e+01 1.088445e+00 -3.191607e-05
1.948151e+01 1.523711e+00 -4.687882e-05
1.948151e+01 2.088426e+00 -6.495723e-05
1.948151e+01 2.685505e+00 -6.972277e-05
1.989114e+01 1.570796e-02 -5.677627e-08
1.989114e+01 2.346256e-02 -4.709856e-08
1.989114e+01 3.503514e-02 -2.004240e-07
1.989114e+01 5.263151e-02 -3.664459e-07
1.989114e+01 7.314235e-02 -6.595350e-07
1.989114e+01 1.025928e-01 -1.051831e-06
1.989114e+01 1.448116e-01 -2.037965e-06
1.989114e+01 2.023460e-01 -3.228085e-06
1.989114e+01 2.834245e-01 -4.343513e-06
1.989114e+01 3.967448e-01 -6.607539e-06
1.989114e+01 5.552783e-01 -9.790467e-06
1.989114e+01 7.774819e-01 -1.482077e-05
1.989114e+01 1.088445e+00 -2.091835e-05
1.989114e+01 1.523711e+00 -3.080347e-05
1.989114e+01 2.088426e+00 -4.269996e-05
1.989114e+01 2.685505e+00 -4.6078e-05
2.030896e+01 1.570796e-02 -3.365158e-08
2.030896e+01 2.346256e-02 -2.613324e-08
2.030896e+01 3.503514e-02 -1.286412e-07
2.030896e+01 5.263151e-02 -2.244721e-07
2.030896e+01 7.314235e-02 -3.878036e-07
2.030896e+01 1.025928e-01 -6.525757e-07
2.030896e+01 1.448116e-01 -1.310706e-06
2.030896e+01 2.023460e-01 -2.014113e-06
2.030896e+01 2.834245e-01 -2.745533e-06
2.030896e+01 3.967448e-01 -4.229624e-06
2.030896e+01 5.552783e-01 -6.270099e-06
2.030896e+01 7.774819e-01 -9.523797e-06
2.030896e+01 1.088445e+00 -1.334974e-05
2.030896e+01 1.523711e+00 -1.94879e-05
2.030896e+01 2.088426e+00 -2.738825e-05
2.030896e+01 2.685505e+00 -2.961394e-05
2.073514e+01 1.570796e-02 -1.989012e-08
2.073514e+01 2.346256e-02 -2.035302e-08
2.073514e+01 3.503514e-02 -7.528011e-08
2.073514e+01 5.263151e-02 -1.369121e-07
2.073514e+01 7.314235e-02 -2.376638e-07
2.073514e+01 1.025928e-01 -4.001369e-07
2.073514e+01 1.448116e-01 -7.116027e-07
2.073514e+01 2.023460e-01 -1.144341e-06
2.073514e+01 2.834245e-01 -1.552333e-06
2.073514e+01 3.967448e-01 -2.423576e-06
2.073514e+01 5.552783e-01 -3.689399e-06
2.073514e+01 7.774819e-01 -5.651512e-06
2.073514e+01 1.088445e+00 -8.212542e-06
2.073514e+01 1.523711e+00 -1.206862e-05
2.073514e+01 2.088426e+00 -1.705173e-05
2.073514e+01 2.685505e+00 -1.830464e-05
2.116984e+01 1.570796e-02 5.408162e-10
2.116984e+01 2.346256e-02 1.375182e-09
2.116984e+01 3.503514e-02 2.781054e-09
2.116984e+01 5.263151e-02 5.713942e-09
2.116984e+01 7.314235e-02 1.192107e-08
2.116984e+01 1.025928e-01 1.778335e-08
2.116984e+01 1.448116e-01 3.010592e-08
2.116984e+01 2.023460e-01 4.373602e-08
2.116984e+01 2.834245e-01 6.291816e-08
2.116984e+01 3.967448e-01 8.733678e-08
2.116984e+01 5.552783e-01 1.191423e-07
2.116984e+01 7.774819e-01 1.521427e-07
2.116984e+01 1.088445e+00 1.671795e-07
2.116984e+01 1.523711e+00 1.449188e-07
2.116984e+01 2.088426e+00 9.785567e-08
2.116984e+01 2.685505e+00 5.116541e-08
2.161324e+01 1.570796e-02 5.121502e-10
2.161324e+01 2.346256e-02 1.301202e-09
2.161324e+01 3.503514e-02 2.632937e-09
2.161324e+01 5.263151e-02 5.405024e-09
2.161324e+01 7.314235e-02 1.128093e-08
2.161324e+01 1.025928e-01 1.682267e-08
2.161324e+01 1.448116e-01 2.849694e-08
2.161324e+01 2.023460e-01 4.147555e-08
2.161324e+01 2.834245e-01 5.991147e-08
2.161324e+01 3.967448e-01 8.370428e-08
2.161324e+01 5.552783e-01 1.150373e-07
2.161324e+01 7.774819e-01 1.478595e-07
2.161324e+01 1.088445e+00 1.634081e-07
2.161324e+01 1.523711e+00 1.426500e-07
2.161324e+01 2.088426e+00 9.708575e-08
2.161324e+01 2.685505e+00 5.075163e-08
2.206550e+01 1.570796e-02 4.837176e-10
2.206550e+01 2.346256e-02 1.227880e-09
2.206550e+01 3.503514e-02 2.486409e-09
2.206550e+01 5.263151e-02 5.098481e-09
2.206550e+01 7.314235e-02 1.064912e-08
2.206550e+01 1.025928e-01 1.587884e-08
2.206550e+01 1.448116e-01 2.691922e-08
2.206550e+01 2.023460e-01 3.926377e-08
2.206550e+01 2.834245e-01 5.697365e-08
2.206550e+01 3.967448e-01 8.010005e-08
2.206550e+01 5.552783e-01 1.108948e-07
2.206550e+01 7.774819e-01 1.433901e-07
2.206550e+01 1.088445e+00 1.594667e-07
2.206550e+01 1.523711e+00 1.403160e-07
2.206550e+01 2.088426e+00 9.622552e-08
2.206550e+01 2.685505e+00 5.031941e-08
2.252681e+01 1.570796e-02 4.557921e-10
2.252681e+01 2.346256e-02 1.156109e-09
2.252681e+01 3.503514e-02 2.342443e-09
2.252681e+01 5.263151e-02 4.798550e-09
2.252681e+01 7.314235e-02 1.003192e-08
2.252681e+01 1.025928e-01 1.495200e-08
2.252681e+01 1.448116e-01 2.537512e-08
2.252681e+01 2.023460e-01 3.71018e-08
2.252681e+01 2.834245e-01 5.411410e-08
2.252681e+01 3.967448e-01 7.656504e-08
2.252681e+01 5.552783e-01 1.067954e-07
2.252681e+01 7.774819e-01 1.388887e-07
2.252681e+01 1.088445e+00 1.553844e-07
2.252681e+01 1.523711e+00 1.379695e-07
2.252681e+01 2.088426e+00 9.562970e-08
2.252681e+01 2.685505e+00 5.012824e-08
2.299735e+01 1.570796e-02 4.281927e-10
2.299735e+01 2.346256e-02 1.085551e-09
2.299735e+01 3.503514e-02 2.201744e-09
2.299735e+01 5.263151e-02 4.506054e-09
2.299735e+01 7.314235e-02 9.429500e-09
2.299735e+01 1.025928e-01 1.405023e-08
2.299735e+01 1.448116e-01 2.386949e-08
2.299735e+01 2.023460e-01 3.500571e-08
2.299735e+01 2.834245e-01 5.131761e-08
2.299735e+01 3.967448e-01 7.310067e-08
2.299735e+01 5.552783e-01 1.026416e-07
2.299735e+01 7.774819e-01 1.342468e-07
2.299735e+01 1.088445e+00 1.511937e-07
2.299735e+01 1.523711e+00 1.355957e-07
2.299735e+01 2.088426e+00 9.519011e-08
2.299735e+01 2.685505e+00 5.005995e-08
2.34773e+01 1.570796e-02 4.012115e-10
2.34773e+01 2.346256e-02 1.017273e-09
2.34773e+01 3.503514e-02 2.064506e-09
2.34773e+01 5.263151e-02 4.220682e-09
2.34773e+01 7.314235e-02 8.841185e-09
2.34773e+01 1.025928e-01 1.317217e-08
2.34773e+01 1.448116e-01 2.240990e-08
2.34773e+01 2.023460e-01 3.295741e-08
2.34773e+01 2.834245e-01 4.857745e-08
2.34773e+01 3.967448e-01 6.968227e-08
2.34773e+01 5.552783e-01 9.850378e-08
2.34773e+01 7.774819e-01 1.294832e-07
2.34773e+01 1.088445e+00 1.468091e-07
2.34773e+01 1.523711e+00 1.333306e-07
2.34773e+01 2.088426e+00 9.497284e-08
2.34773e+01 2.685505e+00 5.006457e-08
2.396684e+01 1.570796e-02 3.750375e-10
2.396684e+01 2.346256e-02 9.511255e-10
2.396684e+01 3.503514e-02 1.931003e-09
2.396684e+01 5.263151e-02 3.943217e-09
2.396684e+01 7.314235e-02 8.270233e-09
2.396684e+01 1.025928e-01 1.231641e-08
2.396684e+01 1.448116e-01 2.098793e-08
2.396684e+01 2.023460e-01 3.096557e-08
2.396684e+01 2.834245e-01 4.590132e-08
2.396684e+01 3.967448e-01 6.629442e-08
2.396684e+01 5.552783e-01 9.428301e-08
2.396684e+01 7.774819e-01 1.246115e-07
2.396684e+01 1.088445e+00 1.422140e-07
2.396684e+01 1.523711e+00 1.309714e-07
2.396684e+01 2.088426e+00 9.485538e-08
2.396684e+01 2.685505e+00 4.997828e-08
2.446618e+01 1.570796e-02 3.494868e-10
2.446618e+01 2.346256e-02 8.868882e-10
2.446618e+01 3.503514e-02 1.800563e-09
2.446618e+01 5.263151e-02 3.674614e-09
2.446618e+01 7.314235e-02 7.713079e-09
2.446618e+01 1.025928e-01 1.14828e-08
2.446618e+01 1.448116e-01 1.960253e-08
2.446618e+01 2.023460e-01 2.901968e-08
2.446618e+01 2.834245e-01 4.326627e-08
2.446618e+01 3.967448e-01 6.291686e-08
2.446618e+01 5.552783e-01 8.999906e-08
2.446618e+01 7.774819e-01 1.195278e-07
2.446618e+01 1.088445e+00 1.375450e-07
2.446618e+01 1.523711e+00 1.285100e-07
2.446618e+01 2.088426e+00 9.480273e-08
2.446618e+01 2.685505e+00 5.006348e-08
2.497550e+01 1.570796e-02 3.247976e-10
2.497550e+01 2.346256e-02 8.248968e-10
2.497550e+01 3.503514e-02 1.673485e-09
2.497550e+01 5.263151e-02 3.413765e-09
2.497550e+01 7.314235e-02 7.170724e-09
2.497550e+01 1.025928e-01 1.067513e-08
2.497550e+01 1.448116e-01 1.825126e-08
2.497550e+01 2.023460e-01 2.713195e-08
2.497550e+01 2.834245e-01 4.068875e-08
2.497550e+01 3.967448e-01 5.954307e-08
2.497550e+01 5.552783e-01 8.564913e-08
2.497550e+01 7.774819e-01 1.143548e-07
2.497550e+01 1.088445e+00 1.326239e-07
2.497550e+01 1.523711e+00 1.260116e-07
2.497550e+01 2.088426e+00 9.476697e-08
2.497550e+01 2.685505e+00 5.049191e-08
2.549501e+01 1.570796e-02 3.007316e-10
2.549501e+01 2.346256e-02 7.642337e-10
2.549501e+01 3.503514e-02 1.549814e-09
2.549501e+01 5.263151e-02 3.159929e-09
2.549501e+01 7.314235e-02 6.644126e-09
2.549501e+01 1.025928e-01 9.891547e-09
2.549501e+01 1.448116e-01 1.693970e-08
2.549501e+01 2.023460e-01 2.528681e-08
2.549501e+01 2.834245e-01 3.815009e-08
2.549501e+01 3.967448e-01 5.616512e-08
2.549501e+01 5.552783e-01 8.122057e-08
2.549501e+01 7.774819e-01 1.089666e-07
2.549501e+01 1.088445e+00 1.275395e-07
2.549501e+01 1.523711e+00 1.233288e-07
2.549501e+01 2.088426e+00 9.486125e-08
2.549501e+01 2.685505e+00 5.109245e-08
2.602491e+01 1.570796e-02 2.773418e-10
2.602491e+01 2.346256e-02 7.054760e-10
2.602491e+01 3.503514e-02 1.429581e-09
2.602491e+01 5.263151e-02 2.913602e-09
2.602491e+01 7.314235e-02 6.131926e-09
2.602491e+01 1.025928e-01 9.128719e-09
2.602491e+01 1.448116e-01 1.566294e-08
2.602491e+01 2.023460e-01 2.349080e-08
2.602491e+01 2.834245e-01 3.564135e-08
2.602491e+01 3.967448e-01 5.277635e-08
2.602491e+01 5.552783e-01 7.668846e-08
2.602491e+01 7.774819e-01 1.034298e-07
2.602491e+01 1.088445e+00 1.222026e-07
2.602491e+01 1.523711e+00 1.204540e-07
2.602491e+01 2.088426e+00 9.487929e-08
2.602491e+01 2.685505e+00 5.224697e-08
2.656541e+01 1.570796e-02 2.546319e-10
2.656541e+01 2.346256e-02 6.485723e-10
2.656541e+01 3.503514e-02 1.312329e-09
2.656541e+01 5.263151e-02 2.674209e-09
2.656541e+01 7.314235e-02 5.633345e-09
2.656541e+01 1.025928e-01 8.391091e-09
2.656541e+01 1.448116e-01 1.441608e-08
2.656541e+01 2.023460e-01 2.172716e-08
2.656541e+01 2.834245e-01 3.315353e-08
2.656541e+01 3.967448e-01 4.935139e-08
2.656541e+01 5.552783e-01 7.205277e-08
2.656541e+01 7.774819e-01 9.772931e-08
2.656541e+01 1.088445e+00 1.166375e-07
2.656541e+01 1.523711e+00 1.173117e-07
2.656541e+01 2.088426e+00 9.49169e-08
2.656541e+01 2.685505e+00 5.381694e-08
2.711672e+01 1.570796e-02 2.324091e-10
2.711672e+01 2.346256e-02 5.929439e-10
2.711672e+01 3.503514e-02 1.197993e-09
2.711672e+01 5.263151e-02 2.441687e-09
2.711672e+01 7.314235e-02 5.147313e-09
2.711672e+01 1.025928e-01 7.671986e-09
2.711672e+01 1.448116e-01 1.319924e-08
2.711672e+01 2.023460e-01 1.999511e-08
2.711672e+01 2.834245e-01 3.067455e-08
2.711672e+01 3.967448e-01 4.589016e-08
2.711672e+01 5.552783e-01 6.733547e-08
2.711672e+01 7.774819e-01 9.186007e-08
2.711672e+01 1.088445e+00 1.107948e-07
2.711672e+01 1.523711e+00 1.13873e-07
2.711672e+01 2.088426e+00 9.49105e-08
2.711672e+01 2.685505e+00 5.573216e-08
2.767905e+01 1.570796e-02 2.108827e-10
2.767905e+01 2.346256e-02 5.388736e-10
2.767905e+01 3.503514e-02 1.086573e-09
2.767905e+01 5.263151e-02 2.215672e-09
2.767905e+01 7.314235e-02 4.674178e-09
2.767905e+01 1.025928e-01 6.97014e-09
2.767905e+01 1.448116e-01 1.201141e-08
2.767905e+01 2.023460e-01 1.829137e-08
2.767905e+01 2.834245e-01 2.820658e-08
2.767905e+01 3.967448e-01 4.240205e-08
2.767905e+01 5.552783e-01 6.249432e-08
2.767905e+01 7.774819e-01 8.574918e-08
2.767905e+01 1.088445e+00 1.046579e-07
2.767905e+01 1.523711e+00 1.099722e-07
2.767905e+01 2.088426e+00 9.470899e-08
2.767905e+01 2.685505e+00 5.811294e-08
2.825263e+01 1.570796e-02 1.898376e-10
2.825263e+01 2.346256e-02 4.860959e-10
2.825263e+01 3.503514e-02 9.781137e-10
2.825263e+01 5.263151e-02 1.995232e-09
2.825263e+01 7.314235e-02 4.213558e-09
2.825263e+01 1.025928e-01 6.287638e-09
2.825263e+01 1.448116e-01 1.085083e-08
2.825263e+01 2.023460e-01 1.660897e-08
2.825263e+01 2.834245e-01 2.574753e-08
2.825263e+01 3.967448e-01 3.88717e-08
2.825263e+01 5.552783e-01 5.754520e-08
2.825263e+01 7.774819e-01 7.943240e-08
2.825263e+01 1.088445e+00 9.811347e-08
2.825263e+01 1.523711e+00 1.055418e-07
2.825263e+01 2.088426e+00 9.4117e-08
2.825263e+01 2.685505e+00 6.096654e-08
2.883769e+01 1.570796e-02 1.693259e-10
2.883769e+01 2.346256e-02 4.344344e-10
2.883769e+01 3.503514e-02 8.726267e-10
2.883769e+01 5.263151e-02 1.781147e-09
2.883769e+01 7.314235e-02 3.764991e-09
2.883769e+01 1.025928e-01 5.622868e-09
2.883769e+01 1.448116e-01 9.714508e-09
2.883769e+01 2.023460e-01 1.495008e-08
2.883769e+01 2.834245e-01 2.328776e-08
2.883769e+01 3.967448e-01 3.529399e-08
2.883769e+01 5.552783e-01 5.249219e-08
2.883769e+01 7.774819e-01 7.286209e-08
2.883769e+01 1.088445e+00 9.117253e-08
2.883769e+01 1.523711e+00 1.004225e-07
2.883769e+01 2.088426e+00 9.308624e-08
2.883769e+01 2.685505e+00 6.403293e-08
2.943444e+01 1.570796e-02 1.493588e-10
2.943444e+01 2.346256e-02 3.840058e-10
2.943444e+01 3.503514e-02 7.694468e-10
2.943444e+01 5.263151e-02 1.571963e-09
2.943444e+01 7.314235e-02 3.326774e-09
2.943444e+01 1.025928e-01 4.972829e-09
2.943444e+01 1.448116e-01 8.605544e-09
2.943444e+01 2.023460e-01 1.330775e-08
2.943444e+01 2.834245e-01 2.082954e-08
2.943444e+01 3.967448e-01 3.168473e-08
2.943444e+01 5.552783e-01 4.730916e-08
2.943444e+01 7.774819e-01 6.609575e-08
2.943444e+01 1.088445e+00 8.375094e-08
2.943444e+01 1.523711e+00 9.464668e-08
2.943444e+01 2.088426e+00 9.140318e-08
2.943444e+01 2.685505e+00 6.734275e-08
3.004313e+01 1.570796e-02 1.299188e-10
3.004313e+01 2.346256e-02 3.350090e-10
3.004313e+01 3.503514e-02 6.691482e-10
3.004313e+01 5.263151e-02 1.368473e-09
3.004313e+01 7.314235e-02 2.898247e-09
3.004313e+01 1.025928e-01 4.339535e-09
3.004313e+01 1.448116e-01 7.518213e-09
3.004313e+01 2.023460e-01 1.168311e-08
3.004313e+01 2.834245e-01 1.836309e-08
3.004313e+01 3.967448e-01 2.802351e-08
3.004313e+01 5.552783e-01 4.201815e-08
3.004313e+01 7.774819e-01 5.906223e-08
3.004313e+01 1.088445e+00 7.584311e-08
3.004313e+01 1.523711e+00 8.793403e-08
3.004313e+01 2.088426e+00 8.873174e-08
3.004313e+01 2.685505e+00 7.055915e-08
3.066399e+01 1.570796e-02 1.109044e-10
3.066399e+01 2.346256e-02 2.869488e-10
3.066399e+01 3.503514e-02 5.712087e-10
3.066399e+01 5.263151e-02 1.169576e-09
3.066399e+01 7.314235e-02 2.481030e-09
3.066399e+01 1.025928e-01 3.719828e-09
3.066399e+01 1.448116e-01 6.451722e-09
3.066399e+01 2.023460e-01 1.007386e-08
3.066399e+01 2.834245e-01 1.589545e-08
3.066399e+01 3.967448e-01 2.432668e-08
3.066399e+01 5.552783e-01 3.662331e-08
3.066399e+01 7.774819e-01 5.179841e-08
3.066399e+01 1.088445e+00 6.744078e-08
3.066399e+01 1.523711e+00 8.029519e-08
3.066399e+01 2.088426e+00 8.493713e-08
3.066399e+01 2.685505e+00 7.333089e-08
3.129727e+01 1.570796e-02 9.245882e-11
3.129727e+01 2.346256e-02 2.398461e-10
3.129727e+01 3.503514e-02 4.759461e-10
3.129727e+01 5.263151e-02 9.760860e-10
3.129727e+01 7.314235e-02 2.073662e-09
3.129727e+01 1.025928e-01 3.112626e-09
3.129727e+01 1.448116e-01 5.405388e-09
3.129727e+01 2.023460e-01 8.478734e-09
3.129727e+01 2.834245e-01 1.342923e-08
3.129727e+01 3.967448e-01 2.059557e-08
3.129727e+01 5.552783e-01 3.112878e-08
3.129727e+01 7.774819e-01 4.427574e-08
3.129727e+01 1.088445e+00 5.844648e-08
3.129727e+01 1.523711e+00 7.149727e-08
3.129727e+01 2.088426e+00 7.957701e-08
3.129727e+01 2.685505e+00 7.480879e-08
3.194322e+01 1.570796e-02 7.452318e-11
3.194322e+01 2.346256e-02 1.937655e-10
3.194322e+01 3.503514e-02 3.832337e-10
3.194322e+01 5.263151e-02 7.871568e-10
3.194322e+01 7.314235e-02 1.674569e-09
3.194322e+01 1.025928e-01 2.517034e-09
3.194322e+01 1.448116e-01 4.377344e-09
3.194322e+01 2.023460e-01 6.896590e-09
3.194322e+01 2.834245e-01 1.096252e-08
3.194322e+01 3.967448e-01 1.684182e-08
3.194322e+01 5.552783e-01 2.554666e-08
3.194322e+01 7.774819e-01 3.653543e-08
3.194322e+01 1.088445e+00 4.89074e-08
3.194322e+01 1.523711e+00 6.154625e-08
3.194322e+01 2.088426e+00 7.224243e-08
3.194322e+01 2.685505e+00 7.400882e-08
3.260208e+01 1.570796e-02 5.706064e-11
3.260208e+01 2.346256e-02 1.488221e-10
3.260208e+01 3.503514e-02 2.929951e-10
3.260208e+01 5.263151e-02 6.035167e-10
3.260208e+01 7.314235e-02 1.285779e-09
3.260208e+01 1.025928e-01 1.935446e-09
3.260208e+01 1.448116e-01 3.370177e-09
3.260208e+01 2.023460e-01 5.330335e-09
3.260208e+01 2.834245e-01 8.500539e-09
3.260208e+01 3.967448e-01 1.307832e-08
3.260208e+01 5.552783e-01 1.990021e-08
3.260208e+01 7.774819e-01 2.85963e-08
3.260208e+01 1.088445e+00 3.880876e-08
3.260208e+01 1.523711e+00 5.031474e-08
3.260208e+01 2.088426e+00 6.240560e-08
3.260208e+01 2.685505e+00 6.953814e-08
3.327412e+01 1.570796e-02 3.981192e-11
3.327412e+01 2.346256e-02 1.043522e-10
3.327412e+01 3.503514e-02 2.043762e-10
3.327412e+01 5.263151e-02 4.213680e-10
3.327412e+01 7.314235e-02 8.998256e-10
3.327412e+01 1.025928e-01 1.356645e-09
3.327412e+01 1.448116e-01 2.365987e-09
3.327412e+01 2.023460e-01 3.759612e-09
3.327412e+01 2.834245e-01 6.012981e-09
3.327412e+01 3.967448e-01 9.266599e-09
3.327412e+01 5.552783e-01 1.415366e-08
3.327412e+01 7.774819e-01 2.045345e-08
3.327412e+01 1.088445e+00 2.814798e-08
3.327412e+01 1.523711e+00 3.763175e-08
3.327412e+01 2.088426e+00 4.943184e-08
3.327412e+01 2.685505e+00 6.016690e-08
3.395961e+01 1.570796e-02 2.417238e-11
3.395961e+01 2.346256e-02 6.402259e-11
3.395961e+01 3.503514e-02 1.245171e-10
3.395961e+01 5.263151e-02 2.577048e-10
3.395961e+01 7.314235e-02 5.509626e-10
3.395961e+01 1.025928e-01 8.309918e-10
3.395961e+01 1.448116e-01 1.446879e-09
3.395961e+01 2.023460e-01 2.294694e-09
3.395961e+01 2.834245e-01 3.659392e-09
3.395961e+01 3.967448e-01 5.609272e-09
3.395961e+01 5.552783e-01 8.531648e-09
3.395961e+01 7.774819e-01 1.232426e-08
3.395961e+01 1.088445e+00 1.707292e-08
3.395961e+01 1.523711e+00 2.342230e-08
3.395961e+01 2.088426e+00 3.258079e-08
3.395961e+01 2.685505e+00 4.311184e-08
3.46588e+01 1.570796e-02 7.505163e-12
3.46588e+01 2.346256e-02 1.757233e-11
3.46588e+01 3.503514e-02 3.901246e-11
3.46588e+01 5.263151e-02 7.501536e-11
3.46588e+01 7.314235e-02 1.641925e-10
3.46588e+01 1.025928e-01 2.466769e-10
3.46588e+01 1.448116e-01 4.313344e-10
3.46588e+01 2.023460e-01 6.968975e-10
3.46588e+01 2.834245e-01 1.125397e-09
3.46588e+01 3.967448e-01 1.742961e-09
3.46588e+01 5.552783e-01 2.677586e-09
3.46588e+01 7.774819e-01 3.919572e-09
3.46588e+01 1.088445e+00 5.529562e-09
3.46588e+01 1.523711e+00 7.830461e-09
3.46588e+01 2.088426e+00 1.147004e-08
3.46588e+01 2.685505e+00 1.622639e-08
3.537197e+01 1.570796e-02 0.e+00
3.537197e+01 2.346256e-02 0.e+00
3.537197e+01 3.503514e-02 0.e+00
3.537197e+01 5.263151e-02 0.e+00
3.537197e+01 7.314235e-02 0.e+00
3.537197e+01 1.025928e-01 0.e+00
3.537197e+01 1.448116e-01 0.e+00
3.537197e+01 2.023460e-01 0.e+00
3.537197e+01 2.834245e-01 0.e+00
3.537197e+01 3.967448e-01 0.e+00
3.537197e+01 5.552783e-01 0.e+00
3.537197e+01 7.774819e-01 0.e+00
3.537197e+01 1.088445e+00 0.e+00
3.537197e+01 1.523711e+00 0.e+00
3.537197e+01 2.088426e+00 0.e+00
3.537197e+01 2.685505e+00 0.e+00
