5.e+00 1.570796e-02 0.e+00
5.e+00 2.346256e-02 0.e+00
5.e+00 3.503514e-02 0.e+00
5.e+00 5.263151e-02 0.e+00
5.e+00 7.314235e-02 0.e+00
5.e+00 1.025928e-01 0.e+00
5.e+00 1.448116e-01 0.e+00
5.e+00 2.023460e-01 0.e+00
5.e+00 2.834245e-01 0.e+00
5.e+00 3.967448e-01 0.e+00
5.e+00 5.552783e-01 0.e+00
5.e+00 7.774819e-01 0.e+00
5.e+00 1.088445e+00 0.e+00
5.e+00 1.523711e+00 0.e+00
5.e+00 2.088426e+00 0.e+00
5.e+00 2.685505e+00 0.e+00
5.12e+00 1.570796e-02 0.e+00
5.12e+00 2.346256e-02 0.e+00
5.12e+00 3.503514e-02 0.e+00
5.12e+00 5.263151e-02 0.e+00
5.12e+00 7.314235e-02 0.e+00
5.12e+00 1.025928e-01 0.e+00
5.12e+00 1.448116e-01 0.e+00
5.12e+00 2.023460e-01 0.e+00
5.12e+00 2.834245e-01 0.e+00
5.12e+00 3.967448e-01 0.e+00
5.12e+00 5.552783e-01 0.e+00
5.12e+00 7.774819e-01 0.e+00
5.12e+00 1.088445e+00 0.e+00
5.12e+00 1.523711e+00 0.e+00
5.12e+00 2.088426e+00 0.e+00
5.12e+00 2.685505e+00 0.e+00
5.2424e+00 1.570796e-02 0.e+00
5.2424e+00 2.346256e-02 0.e+00
5.2424e+00 3.503514e-02 0.e+00
5.2424e+00 5.263151e-02 0.e+00
5.2424e+00 7.314235e-02 0.e+00
5.2424e+00 1.025928e-01 0.e+00
5.2424e+00 1.448116e-01 0.e+00
5.2424e+00 2.023460e-01 0.e+00
5.2424e+00 2.834245e-01 0.e+00
5.2424e+00 3.967448e-01 0.e+00
5.2424e+00 5.552783e-01 0.e+00
5.2424e+00 7.774819e-01 0.e+00
5.2424e+00 1.088445e+00 0.e+00
5.2424e+00 1.523711e+00 0.e+00
5.2424e+00 2.088426e+00 0.e+00
5.2424e+00 2.685505e+00 0.e+00
5.367248e+00 1.570796e-02 0.e+00
5.367248e+00 2.346256e-02 0.e+00
5.367248e+00 3.503514e-02 0.e+00
5.367248e+00 5.263151e-02 0.e+00
5.367248e+00 7.314235e-02 0.e+00
5.367248e+00 1.025928e-01 0.e+00
5.367248e+00 1.448116e-01 0.e+00
5.367248e+00 2.023460e-01 0.e+00
5.367248e+00 2.834245e-01 0.e+00
5.367248e+00 3.967448e-01 0.e+00
5.367248e+00 5.552783e-01 0.e+00
5.367248e+00 7.774819e-01 0.e+00
5.367248e+00 1.088445e+00 0.e+00
5.367248e+00 1.523711e+00 0.e+00
5.367248e+00 2.088426e+00 0.e+00
5.367248e+00 2.685505e+00 0.e+00
5.494593e+00 1.570796e-02 0.e+00
5.494593e+00 2.346256e-02 0.e+00
5.494593e+00 3.503514e-02 0.e+00
5.494593e+00 5.263151e-02 0.e+00
5.494593e+00 7.314235e-02 0.e+00
5.494593e+00 1.025928e-01 0.e+00
5.494593e+00 1.448116e-01 0.e+00
5.494593e+00 2.023460e-01 0.e+00
5.494593e+00 2.834245e-01 0.e+00
5.494593e+00 3.967448e-01 0.e+00
5.494593e+00 5.552783e-01 0.e+00
5.494593e+00 7.774819e-01 0.e+00
5.494593e+00 1.088445e+00 0.e+00
5.494593e+00 1.523711e+00 0.e+00
5.494593e+00 2.088426e+00 0.e+00
5.494593e+00 2.685505e+00 0.e+00
5.624485e+00 1.570796e-02 0.e+00
5.624485e+00 2.346256e-02 0.e+00
5.624485e+00 3.503514e-02 0.e+00
5.624485e+00 5.263151e-02 0.e+00
5.624485e+00 7.314235e-02 0.e+00
5.624485e+00 1.025928e-01 0.e+00
5.624485e+00 1.448116e-01 0.e+00
5.624485e+00 2.023460e-01 0.e+00
5.624485e+00 2.834245e-01 0.e+00
5.624485e+00 3.967448e-01 0.e+00
5.624485e+00 5.552783e-01 0.e+00
5.624485e+00 7.774819e-01 0.e+00
5.624485e+00 1.088445e+00 0.e+00
5.624485e+00 1.523711e+00 0.e+00
5.624485e+00 2.088426e+00 0.e+00
5.624485e+00 2.685505e+00 0.e+00
5.756975e+00 1.570796e-02 0.e+00
5.756975e+00 2.346256e-02 0.e+00
5.756975e+00 3.503514e-02 0.e+00
5.756975e+00 5.263151e-02 0.e+00
5.756975e+00 7.314235e-02 0.e+00
5.756975e+00 1.025928e-01 0.e+00
5.756975e+00 1.448116e-01 0.e+00
5.756975e+00 2.023460e-01 0.e+00
5.756975e+00 2.834245e-01 0.e+00
5.756975e+00 3.967448e-01 0.e+00
5.756975e+00 5.552783e-01 0.e+00
5.756975e+00 7.774819e-01 0.e+00
5.756975e+00 1.088445e+00 0.e+00
5.756975e+00 1.523711e+00 0.e+00
5.756975e+00 2.088426e+00 0.e+00
5.756975e+00 2.685505e+00 0.e+00
5.892114e+00 1.570796e-02 0.e+00
5.892114e+00 2.346256e-02 0.e+00
5.892114e+00 3.503514e-02 0.e+00
5.892114e+00 5.263151e-02 0.e+00
5.892114e+00 7.314235e-02 0.e+00
5.892114e+00 1.025928e-01 0.e+00
5.892114e+00 1.448116e-01 0.e+00
5.892114e+00 2.023460e-01 0.e+00
5.892114e+00 2.834245e-01 0.e+00
5.892114e+00 3.967448e-01 0.e+00
5.892114e+00 5.552783e-01 0.e+00
5.892114e+00 7.774819e-01 0.e+00
5.892114e+00 1.088445e+00 0.e+00
5.892114e+00 1.523711e+00 0.e+00
5.892114e+00 2.088426e+00 0.e+00
5.892114e+00 2.685505e+00 0.e+00
6.029956e+00 1.570796e-02 0.e+00
6.029956e+00 2.346256e-02 0.e+00
6.029956e+00 3.503514e-02 0.e+00
6.029956e+00 5.263151e-02 0.e+00
6.029956e+00 7.314235e-02 0.e+00
6.029956e+00 1.025928e-01 0.e+00
6.029956e+00 1.448116e-01 0.e+00
6.029956e+00 2.023460e-01 0.e+00
6.029956e+00 2.834245e-01 0.e+00
6.029956e+00 3.967448e-01 0.e+00
6.029956e+00 5.552783e-01 0.e+00
6.029956e+00 7.774819e-01 0.e+00
6.029956e+00 1.088445e+00 0.e+00
6.029956e+00 1.523711e+00 0.e+00
6.029956e+00 2.088426e+00 0.e+00
6.029956e+00 2.685505e+00 0.e+00
6.170555e+00 1.570796e-02 0.e+00
6.170555e+00 2.346256e-02 0.e+00
6.170555e+00 3.503514e-02 0.e+00
6.170555e+00 5.263151e-02 0.e+00
6.170555e+00 7.314235e-02 0.e+00
6.170555e+00 1.025928e-01 0.e+00
6.170555e+00 1.448116e-01 0.e+00
6.170555e+00 2.023460e-01 0.e+00
6.170555e+00 2.834245e-01 0.e+00
6.170555e+00 3.967448e-01 0.e+00
6.170555e+00 5.552783e-01 0.e+00
6.170555e+00 7.774819e-01 0.e+00
6.170555e+00 1.088445e+00 0.e+00
6.170555e+00 1.523711e+00 0.e+00
6.170555e+00 2.088426e+00 0.e+00
6.170555e+00 2.685505e+00 0.e+00
6.313967e+00 1.570796e-02 -3.366858e-05
6.313967e+00 2.346256e-02 -2.342234e-05
6.313967e+00 3.503514e-02 -5.037217e-05
6.313967e+00 5.263151e-02 -1.992068e-05
6.313967e+00 7.314235e-02 -7.596629e-05
6.313967e+00 1.025928e-01 -5.852058e-06
6.313967e+00 1.448116e-01 -1.120039e-04
6.313967e+00 2.023460e-01 -2.903972e-05
6.313967e+00 2.834245e-01 -4.034639e-05
6.313967e+00 3.967448e-01 -1.313592e-05
6.313967e+00 5.552783e-01 -2.323875e-05
6.313967e+00 7.774819e-01 -2.564318e-05
6.313967e+00 1.088445e+00 -2.096144e-05
6.313967e+00 1.523711e+00 -2.35551e-05
6.313967e+00 2.088426e+00 -2.888078e-05
6.313967e+00 2.685505e+00 -3.121919e-05
6.460246e+00 1.570796e-02 -1.502523e-04
6.460246e+00 2.346256e-02 -1.167773e-04
6.460246e+00 3.503514e-02 -1.892979e-04
6.460246e+00 5.263151e-02 -2.783489e-04
6.460246e+00 7.314235e-02 -3.60114e-04
6.460246e+00 1.025928e-01 -1.583087e-04
6.460246e+00 1.448116e-01 -2.440943e-04
6.460246e+00 2.023460e-01 -2.664199e-04
6.460246e+00 2.834245e-01 -3.044636e-04
6.460246e+00 3.967448e-01 -2.081891e-04
6.460246e+00 5.552783e-01 -1.797466e-04
6.460246e+00 7.774819e-01 -1.752825e-04
6.460246e+00 1.088445e+00 -1.619032e-04
6.460246e+00 1.523711e+00 -1.584348e-04
6.460246e+00 2.088426e+00 -1.941814e-04
6.460246e+00 2.685505e+00 -2.198225e-04
6.609451e+00 1.570796e-02 -3.410500e-04
6.609451e+00 2.346256e-02 -3.412184e-04
6.609451e+00 3.503514e-02 -4.743206e-04
6.609451e+00 5.263151e-02 -8.985147e-04
6.609451e+00 7.314235e-02 -1.108366e-03
6.609451e+00 1.025928e-01 -8.972371e-04
6.609451e+00 1.448116e-01 -1.167688e-03
6.609451e+00 2.023460e-01 -1.102446e-03
6.609451e+00 2.834245e-01 -1.122335e-03
6.609451e+00 3.967448e-01 -8.573457e-04
6.609451e+00 5.552783e-01 -7.418356e-04
6.609451e+00 7.774819e-01 -7.010684e-04
6.609451e+00 1.088445e+00 -6.198726e-04
6.609451e+00 1.523711e+00 -6.146288e-04
6.609451e+00 2.088426e+00 -7.283393e-04
6.609451e+00 2.685505e+00 -8.477266e-04
6.76164e+00 1.570796e-02 -6.263482e-04
6.76164e+00 2.346256e-02 -9.198813e-04
6.76164e+00 3.503514e-02 -1.393484e-03
6.76164e+00 5.263151e-02 -2.324880e-03
6.76164e+00 7.314235e-02 -3.614546e-03
6.76164e+00 1.025928e-01 -2.625217e-03
6.76164e+00 1.448116e-01 -3.358897e-03
6.76164e+00 2.023460e-01 -3.193483e-03
6.76164e+00 2.834245e-01 -3.247516e-03
6.76164e+00 3.967448e-01 -2.604654e-03
6.76164e+00 5.552783e-01 -2.320222e-03
6.76164e+00 7.774819e-01 -2.070607e-03
6.76164e+00 1.088445e+00 -1.830997e-03
6.76164e+00 1.523711e+00 -1.835587e-03
6.76164e+00 2.088426e+00 -2.140292e-03
6.76164e+00 2.685505e+00 -2.479634e-03
6.916873e+00 1.570796e-02 -7.350793e-04
6.916873e+00 2.346256e-02 -1.560544e-03
6.916873e+00 3.503514e-02 -2.671317e-03
6.916873e+00 5.263151e-02 -3.920854e-03
6.916873e+00 7.314235e-02 -6.540611e-03
6.916873e+00 1.025928e-01 -5.245649e-03
6.916873e+00 1.448116e-01 -6.112042e-03
6.916873e+00 2.023460e-01 -6.445299e-03
6.916873e+00 2.834245e-01 -6.163844e-03
6.916873e+00 3.967448e-01 -5.231383e-03
6.916873e+00 5.552783e-01 -4.786742e-03
6.916873e+00 7.774819e-01 -4.15329e-03
6.916873e+00 1.088445e+00 -3.647959e-03
6.916873e+00 1.523711e+00 -3.605733e-03
6.916873e+00 2.088426e+00 -4.168346e-03
6.916873e+00 2.685505e+00 -4.755375e-03
7.075210e+00 1.570796e-02 -7.983435e-04
7.075210e+00 2.346256e-02 -2.003401e-03
7.075210e+00 3.503514e-02 -3.744996e-03
7.075210e+00 5.263151e-02 -5.674739e-03
7.075210e+00 7.314235e-02 -9.530738e-03
7.075210e+00 1.025928e-01 -8.780594e-03
7.075210e+00 1.448116e-01 -1.037124e-02
7.075210e+00 2.023460e-01 -1.071086e-02
7.075210e+00 2.834245e-01 -1.052489e-02
7.075210e+00 3.967448e-01 -9.021596e-03
7.075210e+00 5.552783e-01 -8.139149e-03
7.075210e+00 7.774819e-01 -7.121603e-03
7.075210e+00 1.088445e+00 -6.136697e-03
7.075210e+00 1.523711e+00 -5.989021e-03
7.075210e+00 2.088426e+00 -6.828196e-03
7.075210e+00 2.685505e+00 -7.813158e-03
7.236714e+00 1.570796e-02 -8.263873e-04
7.236714e+00 2.346256e-02 -2.173433e-03
7.236714e+00 3.503514e-02 -4.402281e-03
7.236714e+00 5.263151e-02 -7.108756e-03
7.236714e+00 7.314235e-02 -1.224960e-02
7.236714e+00 1.025928e-01 -1.266844e-02
7.236714e+00 1.448116e-01 -1.526727e-02
7.236714e+00 2.023460e-01 -1.572838e-02
7.236714e+00 2.834245e-01 -1.555880e-02
7.236714e+00 3.967448e-01 -1.361879e-02
7.236714e+00 5.552783e-01 -1.242895e-02
7.236714e+00 7.774819e-01 -1.075422e-02
7.236714e+00 1.088445e+00 -9.288693e-03
7.236714e+00 1.523711e+00 -8.91372e-03
7.236714e+00 2.088426e+00 -1.005541e-02
7.236714e+00 2.685505e+00 -1.135026e-02
7.401449e+00 1.570796e-02 -8.602571e-04
7.401449e+00 2.346256e-02 -2.107691e-03
7.401449e+00 3.503514e-02 -4.637431e-03
7.401449e+00 5.263151e-02 -8.047402e-03
7.401449e+00 7.314235e-02 -1.399245e-02
7.401449e+00 1.025928e-01 -1.586903e-02
7.401449e+00 1.448116e-01 -1.974068e-02
7.401449e+00 2.023460e-01 -2.065784e-02
7.401449e+00 2.834245e-01 -2.057582e-02
7.401449e+00 3.967448e-01 -1.847129e-02
7.401449e+00 5.552783e-01 -1.694303e-02
7.401449e+00 7.774819e-01 -1.466679e-02
7.401449e+00 1.088445e+00 -1.264634e-02
7.401449e+00 1.523711e+00 -1.198494e-02
7.401449e+00 2.088426e+00 -1.339998e-02
7.401449e+00 2.685505e+00 -1.498407e-02
7.569477e+00 1.570796e-02 -8.462078e-04
7.569477e+00 2.346256e-02 -1.990683e-03
7.569477e+00 3.503514e-02 -4.533890e-03
7.569477e+00 5.263151e-02 -8.190018e-03
7.569477e+00 7.314235e-02 -1.491930e-02
7.569477e+00 1.025928e-01 -1.824748e-02
7.569477e+00 1.448116e-01 -2.394654e-02
7.569477e+00 2.023460e-01 -2.520166e-02
7.569477e+00 2.834245e-01 -2.533033e-02
7.569477e+00 3.967448e-01 -2.336951e-02
7.569477e+00 5.552783e-01 -2.145639e-02
7.569477e+00 7.774819e-01 -1.870677e-02
7.569477e+00 1.088445e+00 -1.606884e-02
7.569477e+00 1.523711e+00 -1.518731e-02
7.569477e+00 2.088426e+00 -1.670153e-02
7.569477e+00 2.685505e+00 -1.860832e-02
7.740867e+00 1.570796e-02 -7.824918e-04
7.740867e+00 2.346256e-02 -1.888861e-03
7.740867e+00 3.503514e-02 -4.254464e-03
7.740867e+00 5.263151e-02 -8.000140e-03
7.740867e+00 7.314235e-02 -1.506493e-02
7.740867e+00 1.025928e-01 -1.956823e-02
7.740867e+00 1.448116e-01 -2.649315e-02
7.740867e+00 2.023460e-01 -2.885019e-02
7.740867e+00 2.834245e-01 -2.951653e-02
7.740867e+00 3.967448e-01 -2.777318e-02
7.740867e+00 5.552783e-01 -2.561747e-02
7.740867e+00 7.774819e-01 -2.237383e-02
7.740867e+00 1.088445e+00 -1.928016e-02
7.740867e+00 1.523711e+00 -1.797583e-02
7.740867e+00 2.088426e+00 -1.956501e-02
7.740867e+00 2.685505e+00 -2.143405e-02
7.915684e+00 1.570796e-02 -7.090626e-04
7.915684e+00 2.346256e-02 -1.720068e-03
7.915684e+00 3.503514e-02 -3.993906e-03
7.915684e+00 5.263151e-02 -7.648139e-03
7.915684e+00 7.314235e-02 -1.461600e-02
7.915684e+00 1.025928e-01 -1.996218e-02
7.915684e+00 1.448116e-01 -2.790086e-02
7.915684e+00 2.023460e-01 -3.134057e-02
7.915684e+00 2.834245e-01 -3.268003e-02
7.915684e+00 3.967448e-01 -3.128578e-02
7.915684e+00 5.552783e-01 -2.919549e-02
7.915684e+00 7.774819e-01 -2.564359e-02
7.915684e+00 1.088445e+00 -2.206623e-02
7.915684e+00 1.523711e+00 -2.043364e-02
7.915684e+00 2.088426e+00 -2.196443e-02
7.915684e+00 2.685505e+00 -2.378408e-02
8.093998e+00 1.570796e-02 -6.405961e-04
8.093998e+00 2.346256e-02 -1.589046e-03
8.093998e+00 3.503514e-02 -3.614395e-03
8.093998e+00 5.263151e-02 -7.086941e-03
8.093998e+00 7.314235e-02 -1.374454e-02
8.093998e+00 1.025928e-01 -1.955415e-02
8.093998e+00 1.448116e-01 -2.824274e-02
8.093998e+00 2.023460e-01 -3.265361e-02
8.093998e+00 2.834245e-01 -3.481740e-02
8.093998e+00 3.967448e-01 -3.412677e-02
8.093998e+00 5.552783e-01 -3.214771e-02
8.093998e+00 7.774819e-01 -2.844220e-02
8.093998e+00 1.088445e+00 -2.448147e-02
8.093998e+00 1.523711e+00 -2.253674e-02
8.093998e+00 2.088426e+00 -2.401463e-02
8.093998e+00 2.685505e+00 -2.576151e-02
8.275878e+00 1.570796e-02 -5.862351e-04
8.275878e+00 2.346256e-02 -1.467982e-03
8.275878e+00 3.503514e-02 -3.213515e-03
8.275878e+00 5.263151e-02 -6.462936e-03
8.275878e+00 7.314235e-02 -1.275878e-02
8.275878e+00 1.025928e-01 -1.856573e-02
8.275878e+00 1.448116e-01 -2.778741e-02
8.275878e+00 2.023460e-01 -3.299890e-02
8.275878e+00 2.834245e-01 -3.607931e-02
8.275878e+00 3.967448e-01 -3.613357e-02
8.275878e+00 5.552783e-01 -3.444168e-02
8.275878e+00 7.774819e-01 -3.075028e-02
8.275878e+00 1.088445e+00 -2.647837e-02
8.275878e+00 1.523711e+00 -2.433273e-02
8.275878e+00 2.088426e+00 -2.571297e-02
8.275878e+00 2.685505e+00 -2.72906e-02
8.461396e+00 1.570796e-02 -5.341386e-04
8.461396e+00 2.346256e-02 -1.334135e-03
8.461396e+00 3.503514e-02 -2.832247e-03
8.461396e+00 5.263151e-02 -5.854252e-03
8.461396e+00 7.314235e-02 -1.166658e-02
8.461396e+00 1.025928e-01 -1.735754e-02
8.461396e+00 1.448116e-01 -2.662934e-02
8.461396e+00 2.023460e-01 -3.254686e-02
8.461396e+00 2.834245e-01 -3.655073e-02
8.461396e+00 3.967448e-01 -3.728825e-02
8.461396e+00 5.552783e-01 -3.600907e-02
8.461396e+00 7.774819e-01 -3.251681e-02
8.461396e+00 1.088445e+00 -2.809980e-02
8.461396e+00 1.523711e+00 -2.574266e-02
8.461396e+00 2.088426e+00 -2.705852e-02
8.461396e+00 2.685505e+00 -2.837126e-02
8.650623e+00 1.570796e-02 -4.821923e-04
8.650623e+00 2.346256e-02 -1.219211e-03
8.650623e+00 3.503514e-02 -2.520752e-03
8.650623e+00 5.263151e-02 -5.279253e-03
8.650623e+00 7.314235e-02 -1.058272e-02
8.650623e+00 1.025928e-01 -1.597531e-02
8.650623e+00 1.448116e-01 -2.497601e-02
8.650623e+00 2.023460e-01 -3.141212e-02
8.650623e+00 2.834245e-01 -3.620658e-02
8.650623e+00 3.967448e-01 -3.775159e-02
8.650623e+00 5.552783e-01 -3.700237e-02
8.650623e+00 7.774819e-01 -3.367626e-02
8.650623e+00 1.088445e+00 -2.927815e-02
8.650623e+00 1.523711e+00 -2.681129e-02
8.650623e+00 2.088426e+00 -2.804483e-02
8.650623e+00 2.685505e+00 -2.91257e-02
8.843636e+00 1.570796e-02 -4.309608e-04
8.843636e+00 2.346256e-02 -1.107698e-03
8.843636e+00 3.503514e-02 -2.257652e-03
8.843636e+00 5.263151e-02 -4.753726e-03
8.843636e+00 7.314235e-02 -9.514215e-03
8.843636e+00 1.025928e-01 -1.447575e-02
8.843636e+00 1.448116e-01 -2.302878e-02
8.843636e+00 2.023460e-01 -2.974722e-02
8.843636e+00 2.834245e-01 -3.525826e-02
8.843636e+00 3.967448e-01 -3.756838e-02
8.843636e+00 5.552783e-01 -3.740457e-02
8.843636e+00 7.774819e-01 -3.436113e-02
8.843636e+00 1.088445e+00 -3.013395e-02
8.843636e+00 1.523711e+00 -2.759698e-02
8.843636e+00 2.088426e+00 -2.878828e-02
8.843636e+00 2.685505e+00 -2.958304e-02
9.040509e+00 1.570796e-02 -3.803183e-04
9.040509e+00 2.346256e-02 -9.995428e-04
9.040509e+00 3.503514e-02 -2.021911e-03
9.040509e+00 5.263151e-02 -4.256798e-03
9.040509e+00 7.314235e-02 -8.521667e-03
9.040509e+00 1.025928e-01 -1.297881e-02
9.040509e+00 1.448116e-01 -2.098658e-02
9.040509e+00 2.023460e-01 -2.779539e-02
9.040509e+00 2.834245e-01 -3.381949e-02
9.040509e+00 3.967448e-01 -3.687705e-02
9.040509e+00 5.552783e-01 -3.722429e-02
9.040509e+00 7.774819e-01 -3.465099e-02
9.040509e+00 1.088445e+00 -3.061489e-02
9.040509e+00 1.523711e+00 -2.808513e-02
9.040509e+00 2.088426e+00 -2.921222e-02
9.040509e+00 2.685505e+00 -3.002664e-02
9.241319e+00 1.570796e-02 -3.327693e-04
9.241319e+00 2.346256e-02 -9.083700e-04
9.241319e+00 3.503514e-02 -1.797625e-03
9.241319e+00 5.263151e-02 -3.798142e-03
9.241319e+00 7.314235e-02 -7.601176e-03
9.241319e+00 1.025928e-01 -1.159423e-02
9.241319e+00 1.448116e-01 -1.899628e-02
9.241319e+00 2.023460e-01 -2.567036e-02
9.241319e+00 2.834245e-01 -3.201409e-02
9.241319e+00 3.967448e-01 -3.565857e-02
9.241319e+00 5.552783e-01 -3.653082e-02
9.241319e+00 7.774819e-01 -3.445471e-02
9.241319e+00 1.088445e+00 -3.073866e-02
9.241319e+00 1.523711e+00 -2.833115e-02
9.241319e+00 2.088426e+00 -2.938865e-02
9.241319e+00 2.685505e+00 -3.000401e-02
9.446145e+00 1.570796e-02 -2.912123e-04
9.446145e+00 2.346256e-02 -8.203711e-04
9.446145e+00 3.503514e-02 -1.602699e-03
9.446145e+00 5.263151e-02 -3.373013e-03
9.446145e+00 7.314235e-02 -6.762904e-03
9.446145e+00 1.025928e-01 -1.031290e-02
9.446145e+00 1.448116e-01 -1.705598e-02
9.446145e+00 2.023460e-01 -2.347179e-02
9.446145e+00 2.834245e-01 -2.992651e-02
9.446145e+00 3.967448e-01 -3.402325e-02
9.446145e+00 5.552783e-01 -3.540152e-02
9.446145e+00 7.774819e-01 -3.386706e-02
9.446145e+00 1.088445e+00 -3.045608e-02
9.446145e+00 1.523711e+00 -2.82796e-02
9.446145e+00 2.088426e+00 -2.93325e-02
9.446145e+00 2.685505e+00 -2.958763e-02
9.655068e+00 1.570796e-02 -2.554771e-04
9.655068e+00 2.346256e-02 -7.364878e-04
9.655068e+00 3.503514e-02 -1.431646e-03
9.655068e+00 5.263151e-02 -2.992942e-03
9.655068e+00 7.314235e-02 -6.001349e-03
9.655068e+00 1.025928e-01 -9.14701e-03
9.655068e+00 1.448116e-01 -1.522649e-02
9.655068e+00 2.023460e-01 -2.130039e-02
9.655068e+00 2.834245e-01 -2.764522e-02
9.655068e+00 3.967448e-01 -3.206649e-02
9.655068e+00 5.552783e-01 -3.398393e-02
9.655068e+00 7.774819e-01 -3.293447e-02
9.655068e+00 1.088445e+00 -2.990226e-02
9.655068e+00 1.523711e+00 -2.800088e-02
9.655068e+00 2.088426e+00 -2.904003e-02
9.655068e+00 2.685505e+00 -2.921231e-02
9.86817e+00 1.570796e-02 -2.261656e-04
9.86817e+00 2.346256e-02 -6.530001e-04
9.86817e+00 3.503514e-02 -1.274468e-03
9.86817e+00 5.263151e-02 -2.650846e-03
9.86817e+00 7.314235e-02 -5.314740e-03
9.86817e+00 1.025928e-01 -8.118037e-03
9.86817e+00 1.448116e-01 -1.354594e-02
9.86817e+00 2.023460e-01 -1.915172e-02
9.86817e+00 2.834245e-01 -2.528805e-02
9.86817e+00 3.967448e-01 -2.988794e-02
9.86817e+00 5.552783e-01 -3.221689e-02
9.86817e+00 7.774819e-01 -3.166663e-02
9.86817e+00 1.088445e+00 -2.911768e-02
9.86817e+00 1.523711e+00 -2.752939e-02
9.86817e+00 2.088426e+00 -2.85833e-02
9.86817e+00 2.685505e+00 -2.861100e-02
1.008553e+01 1.570796e-02 -1.991119e-04
1.008553e+01 2.346256e-02 -5.794203e-04
1.008553e+01 3.503514e-02 -1.131847e-03
1.008553e+01 5.263151e-02 -2.34437e-03
1.008553e+01 7.314235e-02 -4.704896e-03
1.008553e+01 1.025928e-01 -7.198650e-03
1.008553e+01 1.448116e-01 -1.202005e-02
1.008553e+01 2.023460e-01 -1.712058e-02
1.008553e+01 2.834245e-01 -2.291952e-02
1.008553e+01 3.967448e-01 -2.756211e-02
1.008553e+01 5.552783e-01 -3.024102e-02
1.008553e+01 7.774819e-01 -3.014352e-02
1.008553e+01 1.088445e+00 -2.812677e-02
1.008553e+01 1.523711e+00 -2.684624e-02
1.008553e+01 2.088426e+00 -2.797633e-02
1.008553e+01 2.685505e+00 -2.796532e-02
1.030724e+01 1.570796e-02 -1.756714e-04
1.030724e+01 2.346256e-02 -5.133414e-04
1.030724e+01 3.503514e-02 -1.007115e-03
1.030724e+01 5.263151e-02 -2.066461e-03
1.030724e+01 7.314235e-02 -4.145373e-03
1.030724e+01 1.025928e-01 -6.359418e-03
1.030724e+01 1.448116e-01 -1.062092e-02
1.030724e+01 2.023460e-01 -1.519717e-02
1.030724e+01 2.834245e-01 -2.060456e-02
1.030724e+01 3.967448e-01 -2.519598e-02
1.030724e+01 5.552783e-01 -2.813079e-02
1.030724e+01 7.774819e-01 -2.848573e-02
1.030724e+01 1.088445e+00 -2.693159e-02
1.030724e+01 1.523711e+00 -2.601321e-02
1.030724e+01 2.088426e+00 -2.720842e-02
1.030724e+01 2.685505e+00 -2.700613e-02
1.053339e+01 1.570796e-02 -1.555254e-04
1.053339e+01 2.346256e-02 -4.504803e-04
1.053339e+01 3.503514e-02 -8.91604e-04
1.053339e+01 5.263151e-02 -1.814411e-03
1.053339e+01 7.314235e-02 -3.639677e-03
1.053339e+01 1.025928e-01 -5.602001e-03
1.053339e+01 1.448116e-01 -9.347298e-03
1.053339e+01 2.023460e-01 -1.343532e-02
1.053339e+01 2.834245e-01 -1.841221e-02
1.053339e+01 3.967448e-01 -2.283018e-02
1.053339e+01 5.552783e-01 -2.591101e-02
1.053339e+01 7.774819e-01 -2.665747e-02
1.053339e+01 1.088445e+00 -2.560571e-02
1.053339e+01 1.523711e+00 -2.499502e-02
1.053339e+01 2.088426e+00 -2.622817e-02
1.053339e+01 2.685505e+00 -2.586684e-02
1.076406e+01 1.570796e-02 -1.364276e-04
1.076406e+01 2.346256e-02 -3.929307e-04
1.076406e+01 3.503514e-02 -7.846728e-04
1.076406e+01 5.263151e-02 -1.585773e-03
1.076406e+01 7.314235e-02 -3.190766e-03
1.076406e+01 1.025928e-01 -4.906513e-03
1.076406e+01 1.448116e-01 -8.194833e-03
1.076406e+01 2.023460e-01 -1.179902e-02
1.076406e+01 2.834245e-01 -1.634677e-02
1.076406e+01 3.967448e-01 -2.054629e-02
1.076406e+01 5.552783e-01 -2.369193e-02
1.076406e+01 7.774819e-01 -2.475027e-02
1.076406e+01 1.088445e+00 -2.413732e-02
1.076406e+01 1.523711e+00 -2.388056e-02
1.076406e+01 2.088426e+00 -2.51741e-02
1.076406e+01 2.685505e+00 -2.471557e-02
1.099934e+01 1.570796e-02 -1.202836e-04
1.099934e+01 2.346256e-02 -3.411540e-04
1.099934e+01 3.503514e-02 -6.854830e-04
1.099934e+01 5.263151e-02 -1.384537e-03
1.099934e+01 7.314235e-02 -2.788536e-03
1.099934e+01 1.025928e-01 -4.281689e-03
1.099934e+01 1.448116e-01 -7.152334e-03
1.099934e+01 2.023460e-01 -1.032601e-02
1.099934e+01 2.834245e-01 -1.441854e-02
1.099934e+01 3.967448e-01 -1.83677e-02
1.099934e+01 5.552783e-01 -2.148273e-02
1.099934e+01 7.774819e-01 -2.278668e-02
1.099934e+01 1.088445e+00 -2.259142e-02
1.099934e+01 1.523711e+00 -2.266834e-02
1.099934e+01 2.088426e+00 -2.400026e-02
1.099934e+01 2.685505e+00 -2.354322e-02
1.123932e+01 1.570796e-02 -1.061504e-04
1.123932e+01 2.346256e-02 -2.925508e-04
1.123932e+01 3.503514e-02 -5.952114e-04
1.123932e+01 5.263151e-02 -1.206115e-03
1.123932e+01 7.314235e-02 -2.430316e-03
1.123932e+01 1.025928e-01 -3.727293e-03
1.123932e+01 1.448116e-01 -6.222733e-03
1.123932e+01 2.023460e-01 -9.002691e-03
1.123932e+01 2.834245e-01 -1.265704e-02
1.123932e+01 3.967448e-01 -1.631288e-02
1.123932e+01 5.552783e-01 -1.935068e-02
1.123932e+01 7.774819e-01 -2.086046e-02
1.123932e+01 1.088445e+00 -2.101277e-02
1.123932e+01 1.523711e+00 -2.137926e-02
1.123932e+01 2.088426e+00 -2.281966e-02
1.123932e+01 2.685505e+00 -2.224967e-02
1.148411e+01 1.570796e-02 -9.238086e-05
1.148411e+01 2.346256e-02 -2.511781e-04
1.148411e+01 3.503514e-02 -5.165541e-04
1.148411e+01 5.263151e-02 -1.046021e-03
1.148411e+01 7.314235e-02 -2.103359e-03
1.148411e+01 1.025928e-01 -3.229995e-03
1.148411e+01 1.448116e-01 -5.385043e-03
1.148411e+01 2.023460e-01 -7.819755e-03
1.148411e+01 2.834245e-01 -1.104331e-02
1.148411e+01 3.967448e-01 -1.438157e-02
1.148411e+01 5.552783e-01 -1.728724e-02
1.148411e+01 7.774819e-01 -1.892039e-02
1.148411e+01 1.088445e+00 -1.936938e-02
1.148411e+01 1.523711e+00 -2.000791e-02
1.148411e+01 2.088426e+00 -2.150639e-02
1.148411e+01 2.685505e+00 -2.091676e-02
1.173379e+01 1.570796e-02 -8.018460e-05
1.173379e+01 2.346256e-02 -2.167004e-04
1.173379e+01 3.503514e-02 -4.449934e-04
1.173379e+01 5.263151e-02 -9.037012e-04
1.173379e+01 7.314235e-02 -1.815391e-03
1.173379e+01 1.025928e-01 -2.788527e-03
1.173379e+01 1.448116e-01 -4.635134e-03
1.173379e+01 2.023460e-01 -6.764491e-03
1.173379e+01 2.834245e-01 -9.589363e-03
1.173379e+01 3.967448e-01 -1.258596e-02
1.173379e+01 5.552783e-01 -1.531438e-02
1.173379e+01 7.774819e-01 -1.703587e-02
1.173379e+01 1.088445e+00 -1.769689e-02
1.173379e+01 1.523711e+00 -1.850541e-02
1.173379e+01 2.088426e+00 -2.004771e-02
1.173379e+01 2.685505e+00 -1.944158e-02
1.198847e+01 1.570796e-02 -6.876722e-05
1.198847e+01 2.346256e-02 -1.844801e-04
1.198847e+01 3.503514e-02 -3.846373e-04
1.198847e+01 5.263151e-02 -7.784903e-04
1.198847e+01 7.314235e-02 -1.558041e-03
1.198847e+01 1.025928e-01 -2.398220e-03
1.198847e+01 1.448116e-01 -3.979308e-03
1.198847e+01 2.023460e-01 -5.824711e-03
1.198847e+01 2.834245e-01 -8.284279e-03
1.198847e+01 3.967448e-01 -1.095088e-02
1.198847e+01 5.552783e-01 -1.346475e-02
1.198847e+01 7.774819e-01 -1.519459e-02
1.198847e+01 1.088445e+00 -1.605514e-02
1.198847e+01 1.523711e+00 -1.705967e-02
1.198847e+01 2.088426e+00 -1.858535e-02
1.198847e+01 2.685505e+00 -1.790173e-02
1.224824e+01 1.570796e-02 -5.894141e-05
1.224824e+01 2.346256e-02 -1.567495e-04
1.224824e+01 3.503514e-02 -3.300436e-04
1.224824e+01 5.263151e-02 -6.667702e-04
1.224824e+01 7.314235e-02 -1.329712e-03
1.224824e+01 1.025928e-01 -2.054728e-03
1.224824e+01 1.448116e-01 -3.406200e-03
1.224824e+01 2.023460e-01 -5.005548e-03
1.224824e+01 2.834245e-01 -7.127971e-03
1.224824e+01 3.967448e-01 -9.474725e-03
1.224824e+01 5.552783e-01 -1.17745e-02
1.224824e+01 7.774819e-01 -1.347170e-02
1.224824e+01 1.088445e+00 -1.447923e-02
1.224824e+01 1.523711e+00 -1.561378e-02
1.224824e+01 2.088426e+00 -1.714911e-02
1.224824e+01 2.685505e+00 -1.64717e-02
1.251320e+01 1.570796e-02 -5.083072e-05
1.251320e+01 2.346256e-02 -1.319259e-04
1.251320e+01 3.503514e-02 -2.805397e-04
1.251320e+01 5.263151e-02 -5.679523e-04
1.251320e+01 7.314235e-02 -1.134346e-03
1.251320e+01 1.025928e-01 -1.756039e-03
1.251320e+01 1.448116e-01 -2.903434e-03
1.251320e+01 2.023460e-01 -4.274525e-03
1.251320e+01 2.834245e-01 -6.096877e-03
1.251320e+01 3.967448e-01 -8.153311e-03
1.251320e+01 5.552783e-01 -1.021301e-02
1.251320e+01 7.774819e-01 -1.185065e-02
1.251320e+01 1.088445e+00 -1.293508e-02
1.251320e+01 1.523711e+00 -1.419019e-02
1.251320e+01 2.088426e+00 -1.572752e-02
1.251320e+01 2.685505e+00 -1.509852e-02
1.278347e+01 1.570796e-02 -4.310908e-05
1.278347e+01 2.346256e-02 -1.097463e-04
1.278347e+01 3.503514e-02 -2.380103e-04
1.278347e+01 5.263151e-02 -4.816142e-04
1.278347e+01 7.314235e-02 -9.591147e-04
1.278347e+01 1.025928e-01 -1.492569e-03
1.278347e+01 1.448116e-01 -2.460578e-03
1.278347e+01 2.023460e-01 -3.632310e-03
1.278347e+01 2.834245e-01 -5.186228e-03
1.278347e+01 3.967448e-01 -6.966467e-03
1.278347e+01 5.552783e-01 -8.793269e-03
1.278347e+01 7.774819e-01 -1.036936e-02
1.278347e+01 1.088445e+00 -1.150870e-02
1.278347e+01 1.523711e+00 -1.282981e-02
1.278347e+01 2.088426e+00 -1.43227e-02
1.278347e+01 2.685505e+00 -1.379167e-02
1.305914e+01 1.570796e-02 -3.618561e-05
1.305914e+01 2.346256e-02 -9.060602e-05
1.305914e+01 3.503514e-02 -2.000892e-04
1.305914e+01 5.263151e-02 -4.063333e-04
1.305914e+01 7.314235e-02 -8.105392e-04
1.305914e+01 1.025928e-01 -1.260065e-03
1.305914e+01 1.448116e-01 -2.071498e-03
1.305914e+01 2.023460e-01 -3.066184e-03
1.305914e+01 2.834245e-01 -4.39024e-03
1.305914e+01 3.967448e-01 -5.908704e-03
1.305914e+01 5.552783e-01 -7.525785e-03
1.305914e+01 7.774819e-01 -9.003774e-03
1.305914e+01 1.088445e+00 -1.015852e-02
1.305914e+01 1.523711e+00 -1.149194e-02
1.305914e+01 2.088426e+00 -1.295369e-02
1.305914e+01 2.685505e+00 -1.246811e-02
1.334032e+01 1.570796e-02 -3.075178e-05
1.334032e+01 2.346256e-02 -7.577940e-05
1.334032e+01 3.503514e-02 -1.684169e-04
1.334032e+01 5.263151e-02 -3.414682e-04
1.334032e+01 7.314235e-02 -6.812020e-04
1.334032e+01 1.025928e-01 -1.058338e-03
1.334032e+01 1.448116e-01 -1.741933e-03
1.334032e+01 2.023460e-01 -2.578534e-03
1.334032e+01 2.834245e-01 -3.696639e-03
1.334032e+01 3.967448e-01 -4.989685e-03
1.334032e+01 5.552783e-01 -6.396951e-03
1.334032e+01 7.774819e-01 -7.771404e-03
1.334032e+01 1.088445e+00 -8.910952e-03
1.334032e+01 1.523711e+00 -1.022715e-02
1.334032e+01 2.088426e+00 -1.165491e-02
1.334032e+01 2.685505e+00 -1.129008e-02
1.362713e+01 1.570796e-02 -2.580830e-05
1.362713e+01 2.346256e-02 -6.300724e-05
1.362713e+01 3.503514e-02 -1.409391e-04
1.362713e+01 5.263151e-02 -2.841237e-04
1.362713e+01 7.314235e-02 -5.672624e-04
1.362713e+01 1.025928e-01 -8.827259e-04
1.362713e+01 1.448116e-01 -1.451534e-03
1.362713e+01 2.023460e-01 -2.158387e-03
1.362713e+01 2.834245e-01 -3.091994e-03
1.362713e+01 3.967448e-01 -4.186285e-03
1.362713e+01 5.552783e-01 -5.402209e-03
1.362713e+01 7.774819e-01 -6.654886e-03
1.362713e+01 1.088445e+00 -7.752626e-03
1.362713e+01 1.523711e+00 -9.048345e-03
1.362713e+01 2.088426e+00 -1.041818e-02
1.362713e+01 2.685505e+00 -1.018948e-02
1.391967e+01 1.570796e-02 -2.157608e-05
1.391967e+01 2.346256e-02 -5.169235e-05
1.391967e+01 3.503514e-02 -1.160083e-04
1.391967e+01 5.263151e-02 -2.348503e-04
1.391967e+01 7.314235e-02 -4.712608e-04
1.391967e+01 1.025928e-01 -7.303065e-04
1.391967e+01 1.448116e-01 -1.20387e-03
1.391967e+01 2.023460e-01 -1.794365e-03
1.391967e+01 2.834245e-01 -2.576302e-03
1.391967e+01 3.967448e-01 -3.495393e-03
1.391967e+01 5.552783e-01 -4.541353e-03
1.391967e+01 7.774819e-01 -5.659245e-03
1.391967e+01 1.088445e+00 -6.720276e-03
1.391967e+01 1.523711e+00 -7.951865e-03
1.391967e+01 2.088426e+00 -9.269895e-03
1.391967e+01 2.685505e+00 -9.10015e-03
1.421806e+01 1.570796e-02 -1.770362e-05
1.421806e+01 2.346256e-02 -4.270452e-05
1.421806e+01 3.503514e-02 -9.624821e-05
1.421806e+01 5.263151e-02 -1.947808e-04
1.421806e+01 7.314235e-02 -3.866563e-04
1.421806e+01 1.025928e-01 -6.034760e-04
1.421806e+01 1.448116e-01 -9.954799e-04
1.421806e+01 2.023460e-01 -1.484419e-03
1.421806e+01 2.834245e-01 -2.129555e-03
1.421806e+01 3.967448e-01 -2.899375e-03
1.421806e+01 5.552783e-01 -3.793822e-03
1.421806e+01 7.774819e-01 -4.794082e-03
1.421806e+01 1.088445e+00 -5.788308e-03
1.421806e+01 1.523711e+00 -6.976672e-03
1.421806e+01 2.088426e+00 -8.216965e-03
1.421806e+01 2.685505e+00 -8.095201e-03
1.452242e+01 1.570796e-02 -1.468591e-05
1.452242e+01 2.346256e-02 -3.497705e-05
1.452242e+01 3.503514e-02 -7.865755e-05
1.452242e+01 5.263151e-02 -1.604587e-04
1.452242e+01 7.314235e-02 -3.179575e-04
1.452242e+01 1.025928e-01 -4.937987e-04
1.452242e+01 1.448116e-01 -8.160854e-04
1.452242e+01 2.023460e-01 -1.218470e-03
1.452242e+01 2.834245e-01 -1.750199e-03
1.452242e+01 3.967448e-01 -2.389619e-03
1.452242e+01 5.552783e-01 -3.151517e-03
1.452242e+01 7.774819e-01 -4.030621e-03
1.452242e+01 1.088445e+00 -4.935733e-03
1.452242e+01 1.523711e+00 -6.064673e-03
1.452242e+01 2.088426e+00 -7.211383e-03
1.452242e+01 2.685505e+00 -7.173864e-03
1.483287e+01 1.570796e-02 -1.213458e-05
1.483287e+01 2.346256e-02 -2.848453e-05
1.483287e+01 3.503514e-02 -6.466944e-05
1.483287e+01 5.263151e-02 -1.319791e-04
1.483287e+01 7.314235e-02 -2.596783e-04
1.483287e+01 1.025928e-01 -4.042917e-04
1.483287e+01 1.448116e-01 -6.670861e-04
1.483287e+01 2.023460e-01 -9.983377e-04
1.483287e+01 2.834245e-01 -1.434695e-03
1.483287e+01 3.967448e-01 -1.965815e-03
1.483287e+01 5.552783e-01 -2.613115e-03
1.483287e+01 7.774819e-01 -3.37597e-03
1.483287e+01 1.088445e+00 -4.198592e-03
1.483287e+01 1.523711e+00 -5.243437e-03
1.483287e+01 2.088426e+00 -6.306687e-03
1.483287e+01 2.685505e+00 -6.297445e-03
1.514953e+01 1.570796e-02 -9.923972e-06
1.514953e+01 2.346256e-02 -2.285778e-05
1.514953e+01 3.503514e-02 -5.219918e-05
1.514953e+01 5.263151e-02 -1.069334e-04
1.514953e+01 7.314235e-02 -2.111284e-04
1.514953e+01 1.025928e-01 -3.274693e-04
1.514953e+01 1.448116e-01 -5.420421e-04
1.514953e+01 2.023460e-01 -8.147380e-04
1.514953e+01 2.834245e-01 -1.167807e-03
1.514953e+01 3.967448e-01 -1.607051e-03
1.514953e+01 5.552783e-01 -2.149027e-03
1.514953e+01 7.774819e-01 -2.804293e-03
1.514953e+01 1.088445e+00 -3.557594e-03
1.514953e+01 1.523711e+00 -4.513831e-03
1.514953e+01 2.088426e+00 -5.495923e-03
1.514953e+01 2.685505e+00 -5.562666e-03
1.547252e+01 1.570796e-02 -8.089193e-06
1.547252e+01 2.346256e-02 -1.8024e-05
1.547252e+01 3.503514e-02 -4.227031e-05
1.547252e+01 5.263151e-02 -8.615328e-05
1.547252e+01 7.314235e-02 -1.693341e-04
1.547252e+01 1.025928e-01 -2.638078e-04
1.547252e+01 1.448116e-01 -4.382323e-04
1.547252e+01 2.023460e-01 -6.595383e-04
1.547252e+01 2.834245e-01 -9.453686e-04
1.547252e+01 3.967448e-01 -1.304602e-03
1.547252e+01 5.552783e-01 -1.754823e-03
1.547252e+01 7.774819e-01 -2.314242e-03
1.547252e+01 1.088445e+00 -2.991177e-03
1.547252e+01 1.523711e+00 -3.845677e-03
1.547252e+01 2.088426e+00 -4.747308e-03
1.547252e+01 2.685505e+00 -4.849247e-03
1.580197e+01 1.570796e-02 -6.554495e-06
1.580197e+01 2.346256e-02 -1.451519e-05
1.580197e+01 3.503514e-02 -3.391893e-05
1.580197e+01 5.263151e-02 -6.891048e-05
1.580197e+01 7.314235e-02 -1.366554e-04
1.580197e+01 1.025928e-01 -2.137759e-04
1.580197e+01 1.448116e-01 -3.531286e-04
1.580197e+01 2.023460e-01 -5.319824e-04
1.580197e+01 2.834245e-01 -7.600183e-04
1.580197e+01 3.967448e-01 -1.05503e-03
1.580197e+01 5.552783e-01 -1.427328e-03
1.580197e+01 7.774819e-01 -1.899751e-03
1.580197e+01 1.088445e+00 -2.489569e-03
1.580197e+01 1.523711e+00 -3.253725e-03
1.580197e+01 2.088426e+00 -4.045605e-03
1.580197e+01 2.685505e+00 -4.182017e-03
1.613801e+01 1.570796e-02 -5.379758e-06
1.613801e+01 2.346256e-02 -1.131750e-05
1.613801e+01 3.503514e-02 -2.700296e-05
1.613801e+01 5.263151e-02 -5.491802e-05
1.613801e+01 7.314235e-02 -1.091271e-04
1.613801e+01 1.025928e-01 -1.706972e-04
1.613801e+01 1.448116e-01 -2.831854e-04
1.613801e+01 2.023460e-01 -4.253738e-04
1.613801e+01 2.834245e-01 -6.076382e-04
1.613801e+01 3.967448e-01 -8.467738e-04
1.613801e+01 5.552783e-01 -1.152673e-03
1.613801e+01 7.774819e-01 -1.545713e-03
1.613801e+01 1.088445e+00 -2.056694e-03
1.613801e+01 1.523711e+00 -2.730010e-03
1.613801e+01 2.088426e+00 -3.438780e-03
1.613801e+01 2.685505e+00 -3.568502e-03
1.648077e+01 1.570796e-02 -4.359002e-06
1.648077e+01 2.346256e-02 -9.167507e-06
1.648077e+01 3.503514e-02 -2.17423e-05
1.648077e+01 5.263151e-02 -4.277338e-05
1.648077e+01 7.314235e-02 -8.745915e-05
1.648077e+01 1.025928e-01 -1.351424e-04
1.648077e+01 1.448116e-01 -2.240221e-04
1.648077e+01 2.023460e-01 -3.385661e-04
1.648077e+01 2.834245e-01 -4.842375e-04
1.648077e+01 3.967448e-01 -6.745228e-04
1.648077e+01 5.552783e-01 -9.248346e-04
1.648077e+01 7.774819e-01 -1.251838e-03
1.648077e+01 1.088445e+00 -1.691118e-03
1.648077e+01 1.523711e+00 -2.278288e-03
1.648077e+01 2.088426e+00 -2.899288e-03
1.648077e+01 2.685505e+00 -2.990789e-03
1.683038e+01 1.570796e-02 -3.403401e-06
1.683038e+01 2.346256e-02 -7.245342e-06
1.683038e+01 3.503514e-02 -1.752404e-05
1.683038e+01 5.263151e-02 -3.347525e-05
1.683038e+01 7.314235e-02 -6.902665e-05
1.683038e+01 1.025928e-01 -1.069571e-04
1.683038e+01 1.448116e-01 -1.766039e-04
1.683038e+01 2.023460e-01 -2.675265e-04
1.683038e+01 2.834245e-01 -3.832793e-04
1.683038e+01 3.967448e-01 -5.363213e-04
1.683038e+01 5.552783e-01 -7.394306e-04
1.683038e+01 7.774819e-01 -1.010092e-03
1.683038e+01 1.088445e+00 -1.385062e-03
1.683038e+01 1.523711e+00 -1.891950e-03
1.683038e+01 2.088426e+00 -2.432944e-03
1.683038e+01 2.685505e+00 -2.522923e-03
1.718699e+01 1.570796e-02 -2.701093e-06
1.718699e+01 2.346256e-02 -5.646482e-06
1.718699e+01 3.503514e-02 -1.389902e-05
1.718699e+01 5.263151e-02 -2.657584e-05
1.718699e+01 7.314235e-02 -5.348332e-05
1.718699e+01 1.025928e-01 -8.284155e-05
1.718699e+01 1.448116e-01 -1.39735e-04
1.718699e+01 2.023460e-01 -2.104580e-04
1.718699e+01 2.834245e-01 -3.01388e-04
1.718699e+01 3.967448e-01 -4.228691e-04
1.718699e+01 5.552783e-01 -5.854902e-04
1.718699e+01 7.774819e-01 -8.073282e-04
1.718699e+01 1.088445e+00 -1.121924e-03
1.718699e+01 1.523711e+00 -1.555484e-03
1.718699e+01 2.088426e+00 -2.022757e-03
1.718699e+01 2.685505e+00 -2.111073e-03
1.755073e+01 1.570796e-02 -2.162898e-06
1.755073e+01 2.346256e-02 -4.396788e-06
1.755073e+01 3.503514e-02 -1.091005e-05
1.755073e+01 5.263151e-02 -2.078738e-05
1.755073e+01 7.314235e-02 -4.151404e-05
1.755073e+01 1.025928e-01 -6.473231e-05
1.755073e+01 1.448116e-01 -1.091362e-04
1.755073e+01 2.023460e-01 -1.644289e-04
1.755073e+01 2.834245e-01 -2.363308e-04
1.755073e+01 3.967448e-01 -3.318570e-04
1.755073e+01 5.552783e-01 -4.622785e-04
1.755073e+01 7.774819e-01 -6.414764e-04
1.755073e+01 1.088445e+00 -8.994521e-04
1.755073e+01 1.523711e+00 -1.263754e-03
1.755073e+01 2.088426e+00 -1.655007e-03
1.755073e+01 2.685505e+00 -1.728196e-03
1.792175e+01 1.570796e-02 -1.697099e-06
1.792175e+01 2.346256e-02 -3.293409e-06
1.792175e+01 3.503514e-02 -8.463333e-06
1.792175e+01 5.263151e-02 -1.582112e-05
1.792175e+01 7.314235e-02 -3.192376e-05
1.792175e+01 1.025928e-01 -4.953915e-05
1.792175e+01 1.448116e-01 -8.349966e-05
1.792175e+01 2.023460e-01 -1.266573e-04
1.792175e+01 2.834245e-01 -1.815236e-04
1.792175e+01 3.967448e-01 -2.557702e-04
1.792175e+01 5.552783e-01 -3.577548e-04
1.792175e+01 7.774819e-01 -5.025778e-04
1.792175e+01 1.088445e+00 -7.117258e-04
1.792175e+01 1.523711e+00 -1.011994e-03
1.792175e+01 2.088426e+00 -1.338662e-03
1.792175e+01 2.685505e+00 -1.414327e-03
1.830018e+01 1.570796e-02 -1.362827e-06
1.830018e+01 2.346256e-02 -2.385524e-06
1.830018e+01 3.503514e-02 -6.492745e-06
1.830018e+01 5.263151e-02 -1.208585e-05
1.830018e+01 7.314235e-02 -2.422736e-05
1.830018e+01 1.025928e-01 -3.74829e-05
1.830018e+01 1.448116e-01 -6.374339e-05
1.830018e+01 2.023460e-01 -9.70151e-05
1.830018e+01 2.834245e-01 -1.391389e-04
1.830018e+01 3.967448e-01 -1.975936e-04
1.830018e+01 5.552783e-01 -2.764033e-04
1.830018e+01 7.774819e-01 -3.938325e-04
1.830018e+01 1.088445e+00 -5.610531e-04
1.830018e+01 1.523711e+00 -8.028648e-04
1.830018e+01 2.088426e+00 -1.070433e-03
1.830018e+01 2.685505e+00 -1.13767e-03
1.868618e+01 1.570796e-02 -1.044211e-06
1.868618e+01 2.346256e-02 -1.744585e-06
1.868618e+01 3.503514e-02 -4.951115e-06
1.868618e+01 5.263151e-02 -9.412691e-06
1.868618e+01 7.314235e-02 -1.854129e-05
1.868618e+01 1.025928e-01 -2.850371e-05
1.868618e+01 1.448116e-01 -4.81606e-05
1.868618e+01 2.023460e-01 -7.312505e-05
1.868618e+01 2.834245e-01 -1.056927e-04
1.868618e+01 3.967448e-01 -1.498703e-04
1.868618e+01 5.552783e-01 -2.130807e-04
1.868618e+01 7.774819e-01 -3.056550e-04
1.868618e+01 1.088445e+00 -4.367830e-04
1.868618e+01 1.523711e+00 -6.326212e-04
1.868618e+01 2.088426e+00 -8.441418e-04
1.868618e+01 2.685505e+00 -8.920447e-04
1.907991e+01 1.570796e-02 -8.006337e-07
1.907991e+01 2.346256e-02 -1.182128e-06
1.907991e+01 3.503514e-02 -3.723156e-06
1.907991e+01 5.263151e-02 -7.197276e-06
1.907991e+01 7.314235e-02 -1.375739e-05
1.907991e+01 1.025928e-01 -2.119676e-05
1.907991e+01 1.448116e-01 -3.620174e-05
1.907991e+01 2.023460e-01 -5.49545e-05
1.907991e+01 2.834245e-01 -7.886516e-05
1.907991e+01 3.967448e-01 -1.122641e-04
1.907991e+01 5.552783e-01 -1.60032e-04
1.907991e+01 7.774819e-01 -2.333678e-04
1.907991e+01 1.088445e+00 -3.356163e-04
1.907991e+01 1.523711e+00 -4.879611e-04
1.907991e+01 2.088426e+00 -6.54474e-04
1.907991e+01 2.685505e+00 -6.869231e-04
1.948151e+01 1.570796e-02 -5.871358e-07
1.948151e+01 2.346256e-02 -9.202207e-07
1.948151e+01 3.503514e-02 -2.678267e-06
1.948151e+01 5.263151e-02 -5.184694e-06
1.948151e+01 7.314235e-02 -1.001945e-05
1.948151e+01 1.025928e-01 -1.544231e-05
1.948151e+01 1.448116e-01 -2.613160e-05
1.948151e+01 2.023460e-01 -4.008850e-05
1.948151e+01 2.834245e-01 -5.744226e-05
1.948151e+01 3.967448e-01 -8.189092e-05
1.948151e+01 5.552783e-01 -1.180666e-04
1.948151e+01 7.774819e-01 -1.744276e-04
1.948151e+01 1.088445e+00 -2.506905e-04
1.948151e+01 1.523711e+00 -3.657806e-04
1.948151e+01 2.088426e+00 -4.912894e-04
1.948151e+01 2.685505e+00 -5.168642e-04
1.989114e+01 1.570796e-02 -4.432588e-07
1.989114e+01 2.346256e-02 -6.088429e-07
1.989114e+01 3.503514e-02 -1.870441e-06
1.989114e+01 5.263151e-02 -3.853432e-06
1.989114e+01 7.314235e-02 -7.203875e-06
1.989114e+01 1.025928e-01 -1.100877e-05
1.989114e+01 1.448116e-01 -1.893071e-05
1.989114e+01 2.023460e-01 -2.898303e-05
1.989114e+01 2.834245e-01 -4.154344e-05
1.989114e+01 3.967448e-01 -5.988311e-05
1.989114e+01 5.552783e-01 -8.585846e-05
1.989114e+01 7.774819e-01 -1.285538e-04
1.989114e+01 1.088445e+00 -1.848049e-04
1.989114e+01 1.523711e+00 -2.699509e-04
1.989114e+01 2.088426e+00 -3.648572e-04
1.989114e+01 2.685505e+00 -3.857609e-04
2.030896e+01 1.570796e-02 -3.287788e-07
2.030896e+01 2.346256e-02 -4.5168e-07
2.030896e+01 3.503514e-02 -1.338732e-06
2.030896e+01 5.263151e-02 -2.728582e-06
2.030896e+01 7.314235e-02 -5.111261e-06
2.030896e+01 1.025928e-01 -7.616038e-06
2.030896e+01 1.448116e-01 -1.349398e-05
2.030896e+01 2.023460e-01 -2.082715e-05
2.030896e+01 2.834245e-01 -2.958869e-05
2.030896e+01 3.967448e-01 -4.273553e-05
2.030896e+01 5.552783e-01 -6.189093e-05
2.030896e+01 7.774819e-01 -9.288035e-05
2.030896e+01 1.088445e+00 -1.341882e-04
2.030896e+01 1.523711e+00 -1.961935e-04
2.030896e+01 2.088426e+00 -2.672319e-04
2.030896e+01 2.685505e+00 -2.841885e-04
2.073514e+01 1.570796e-02 -2.276521e-07
2.073514e+01 2.346256e-02 -2.807171e-07
2.073514e+01 3.503514e-02 -9.218846e-07
2.073514e+01 5.263151e-02 -1.874875e-06
2.073514e+01 7.314235e-02 -3.485707e-06
2.073514e+01 1.025928e-01 -5.240646e-06
2.073514e+01 1.448116e-01 -9.454737e-06
2.073514e+01 2.023460e-01 -1.450701e-05
2.073514e+01 2.834245e-01 -2.044890e-05
2.073514e+01 3.967448e-01 -2.985985e-05
2.073514e+01 5.552783e-01 -4.367373e-05
2.073514e+01 7.774819e-01 -6.588267e-05
2.073514e+01 1.088445e+00 -9.476806e-05
2.073514e+01 1.523711e+00 -1.386639e-04
2.073514e+01 2.088426e+00 -1.899677e-04
2.073514e+01 2.685505e+00 -2.043490e-04
2.116984e+01 1.570796e-02 -1.601740e-07
2.116984e+01 2.346256e-02 -1.929322e-07
2.116984e+01 3.503514e-02 -6.316539e-07
2.116984e+01 5.263151e-02 -1.229439e-06
2.116984e+01 7.314235e-02 -2.28355e-06
2.116984e+01 1.025928e-01 -3.468568e-06
2.116984e+01 1.448116e-01 -6.387977e-06
2.116984e+01 2.023460e-01 -9.913084e-06
2.116984e+01 2.834245e-01 -1.393529e-05
2.116984e+01 3.967448e-01 -2.038061e-05
2.116984e+01 5.552783e-01 -3.022066e-05
2.116984e+01 7.774819e-01 -4.581231e-05
2.116984e+01 1.088445e+00 -6.558508e-05
2.116984e+01 1.523711e+00 -9.627422e-05
2.116984e+01 2.088426e+00 -1.335007e-04
2.116984e+01 2.685505e+00 -1.435046e-04
2.161324e+01 1.570796e-02 -1.079948e-07
2.161324e+01 2.346256e-02 -1.227202e-07
2.161324e+01 3.503514e-02 -4.281177e-07
2.161324e+01 5.263151e-02 -7.95374e-07
2.161324e+01 7.314235e-02 -1.531601e-06
2.161324e+01 1.025928e-01 -2.313956e-06
2.161324e+01 1.448116e-01 -4.225046e-06
2.161324e+01 2.023460e-01 -6.572838e-06
2.161324e+01 2.834245e-01 -9.240304e-06
2.161324e+01 3.967448e-01 -1.379801e-05
2.161324e+01 5.552783e-01 -2.03451e-05
2.161324e+01 7.774819e-01 -3.092691e-05
2.161324e+01 1.088445e+00 -4.440136e-05
2.161324e+01 1.523711e+00 -6.582239e-05
2.161324e+01 2.088426e+00 -9.172135e-05
2.161324e+01 2.685505e+00 -9.912618e-05
2.206550e+01 1.570796e-02 -6.878851e-08
2.206550e+01 2.346256e-02 -7.166556e-08
2.206550e+01 3.503514e-02 -2.912799e-07
2.206550e+01 5.263151e-02 -5.097349e-07
2.206550e+01 7.314235e-02 -9.720055e-07
2.206550e+01 1.025928e-01 -1.528156e-06
2.206550e+01 1.448116e-01 -2.756013e-06
2.206550e+01 2.023460e-01 -4.257015e-06
2.206550e+01 2.834245e-01 -6.01353e-06
2.206550e+01 3.967448e-01 -9.01198e-06
2.206550e+01 5.552783e-01 -1.353898e-05
2.206550e+01 7.774819e-01 -2.063993e-05
2.206550e+01 1.088445e+00 -2.980995e-05
2.206550e+01 1.523711e+00 -4.363228e-05
2.206550e+01 2.088426e+00 -6.128755e-05
2.206550e+01 2.685505e+00 -6.756190e-05
2.252681e+01 1.570796e-02 -4.19862e-08
2.252681e+01 2.346256e-02 -4.498858e-08
2.252681e+01 3.503514e-02 -1.799753e-07
2.252681e+01 5.263151e-02 -3.132487e-07
2.252681e+01 7.314235e-02 -6.282733e-07
2.252681e+01 1.025928e-01 -9.567521e-07
2.252681e+01 1.448116e-01 -1.741545e-06
2.252681e+01 2.023460e-01 -2.708296e-06
2.252681e+01 2.834245e-01 -3.844897e-06
2.252681e+01 3.967448e-01 -5.811674e-06
2.252681e+01 5.552783e-01 -8.772365e-06
2.252681e+01 7.774819e-01 -1.343006e-05
2.252681e+01 1.088445e+00 -1.967187e-05
2.252681e+01 1.523711e+00 -2.882443e-05
2.252681e+01 2.088426e+00 -4.076951e-05
2.252681e+01 2.685505e+00 -4.458837e-05
2.299735e+01 1.570796e-02 -2.667258e-08
2.299735e+01 2.346256e-02 -2.685735e-08
2.299735e+01 3.503514e-02 -1.091701e-07
2.299735e+01 5.263151e-02 -1.998591e-07
2.299735e+01 7.314235e-02 -3.597431e-07
2.299735e+01 1.025928e-01 -5.964807e-07
2.299735e+01 1.448116e-01 -1.100824e-06
2.299735e+01 2.023460e-01 -1.715738e-06
2.299735e+01 2.834245e-01 -2.395356e-06
2.299735e+01 3.967448e-01 -3.654080e-06
2.299735e+01 5.552783e-01 -5.616814e-06
2.299735e+01 7.774819e-01 -8.713841e-06
2.299735e+01 1.088445e+00 -1.256866e-05
2.299735e+01 1.523711e+00 -1.859439e-05
2.299735e+01 2.088426e+00 -2.636883e-05
2.299735e+01 2.685505e+00 -2.816160e-05
2.34773e+01 1.570796e-02 -1.595544e-08
2.34773e+01 2.346256e-02 -1.976865e-08
2.34773e+01 3.503514e-02 -6.481046e-08
2.34773e+01 5.263151e-02 -1.275005e-07
2.34773e+01 7.314235e-02 -2.366293e-07
2.34773e+01 1.025928e-01 -3.697227e-07
2.34773e+01 1.448116e-01 -6.387191e-07
2.34773e+01 2.023460e-01 -1.061303e-06
2.34773e+01 2.834245e-01 -1.464027e-06
2.34773e+01 3.967448e-01 -2.237703e-06
2.34773e+01 5.552783e-01 -3.476376e-06
2.34773e+01 7.774819e-01 -5.397665e-06
2.34773e+01 1.088445e+00 -7.94895e-06
2.34773e+01 1.523711e+00 -1.210567e-05
2.34773e+01 2.088426e+00 -1.6907e-05
2.34773e+01 2.685505e+00 -1.788944e-05
2.396684e+01 1.570796e-02 4.338376e-10
2.396684e+01 2.346256e-02 1.10348e-09
2.396684e+01 3.503514e-02 2.238309e-09
2.396684e+01 5.263151e-02 4.586114e-09
2.396684e+01 7.314235e-02 9.581761e-09
2.396684e+01 1.025928e-01 1.429622e-08
2.396684e+01 1.448116e-01 2.427883e-08
2.396684e+01 2.023460e-01 3.548002e-08
2.396684e+01 2.834245e-01 5.176058e-08
2.396684e+01 3.967448e-01 7.358596e-08
2.396684e+01 5.552783e-01 1.037832e-07
2.396684e+01 7.774819e-01 1.375829e-07
2.396684e+01 1.088445e+00 1.583334e-07
2.396684e+01 1.523711e+00 1.473610e-07
2.396684e+01 2.088426e+00 1.073028e-07
2.396684e+01 2.685505e+00 5.439391e-08
2.446618e+01 1.570796e-02 4.055475e-10
2.446618e+01 2.346256e-02 1.030511e-09
2.446618e+01 3.503514e-02 2.091192e-09
2.446618e+01 5.263151e-02 4.280609e-09
2.446618e+01 7.314235e-02 8.950258e-09
2.446618e+01 1.025928e-01 1.334739e-08
2.446618e+01 1.448116e-01 2.269485e-08
2.446618e+01 2.023460e-01 3.325118e-08
2.446618e+01 2.834245e-01 4.874701e-08
2.446618e+01 3.967448e-01 6.97781e-08
2.446618e+01 5.552783e-01 9.909815e-08
2.446618e+01 7.774819e-01 1.321361e-07
2.446618e+01 1.088445e+00 1.531842e-07
2.446618e+01 1.523711e+00 1.446367e-07
2.446618e+01 2.088426e+00 1.072859e-07
2.446618e+01 2.685505e+00 5.513643e-08
2.497550e+01 1.570796e-02 3.775826e-10
2.497550e+01 2.346256e-02 9.575834e-10
2.497550e+01 3.503514e-02 1.946609e-09
2.497550e+01 5.263151e-02 3.980444e-09
2.497550e+01 7.314235e-02 8.328583e-09
2.497550e+01 1.025928e-01 1.241923e-08
2.497550e+01 1.448116e-01 2.114084e-08
2.497550e+01 2.023460e-01 3.106138e-08
2.497550e+01 2.834245e-01 4.577310e-08
2.497550e+01 3.967448e-01 6.597580e-08
2.497550e+01 5.552783e-01 9.433836e-08
2.497550e+01 7.774819e-01 1.264414e-07
2.497550e+01 1.088445e+00 1.477497e-07
2.497550e+01 1.523711e+00 1.415321e-07
2.497550e+01 2.088426e+00 1.073753e-07
2.497550e+01 2.685505e+00 5.603079e-08
2.549501e+01 1.570796e-02 3.499581e-10
2.549501e+01 2.346256e-02 8.871645e-10
2.549501e+01 3.503514e-02 1.804902e-09
2.549501e+01 5.263151e-02 3.686602e-09
2.549501e+01 7.314235e-02 7.72075e-09
2.549501e+01 1.025928e-01 1.150870e-08
2.549501e+01 1.448116e-01 1.962018e-08
2.549501e+01 2.023460e-01 2.890868e-08
2.549501e+01 2.834245e-01 4.283845e-08
2.549501e+01 3.967448e-01 6.217755e-08
2.549501e+01 5.552783e-01 8.946796e-08
2.549501e+01 7.774819e-01 1.205607e-07
2.549501e+01 1.088445e+00 1.419561e-07
2.549501e+01 1.523711e+00 1.383040e-07
2.549501e+01 2.088426e+00 1.073443e-07
2.549501e+01 2.685505e+00 5.704829e-08
2.602491e+01 1.570796e-02 3.229048e-10
2.602491e+01 2.346256e-02 8.182243e-10
2.602491e+01 3.503514e-02 1.665835e-09
2.602491e+01 5.263151e-02 3.398628e-09
2.602491e+01 7.314235e-02 7.126076e-09
2.602491e+01 1.025928e-01 1.061815e-08
2.602491e+01 1.448116e-01 1.813296e-08
2.602491e+01 2.023460e-01 2.680137e-08
2.602491e+01 2.834245e-01 3.994574e-08
2.602491e+01 3.967448e-01 5.836976e-08
2.602491e+01 5.552783e-01 8.447228e-08
2.602491e+01 7.774819e-01 1.144294e-07
2.602491e+01 1.088445e+00 1.359003e-07
2.602491e+01 1.523711e+00 1.34789e-07
2.602491e+01 2.088426e+00 1.073324e-07
2.602491e+01 2.685505e+00 5.844147e-08
2.656541e+01 1.570796e-02 2.964389e-10
2.656541e+01 2.346256e-02 7.515578e-10
2.656541e+01 3.503514e-02 1.529776e-09
2.656541e+01 5.263151e-02 3.1195e-09
2.656541e+01 7.314235e-02 6.545713e-09
2.656541e+01 1.025928e-01 9.749788e-09
2.656541e+01 1.448116e-01 1.668026e-08
2.656541e+01 2.023460e-01 2.474231e-08
2.656541e+01 2.834245e-01 3.708136e-08
2.656541e+01 3.967448e-01 5.455220e-08
2.656541e+01 5.552783e-01 7.938710e-08
2.656541e+01 7.774819e-01 1.080655e-07
2.656541e+01 1.088445e+00 1.294970e-07
2.656541e+01 1.523711e+00 1.308807e-07
2.656541e+01 2.088426e+00 1.071369e-07
2.656541e+01 2.685505e+00 6.020557e-08
2.711672e+01 1.570796e-02 2.708066e-10
2.711672e+01 2.346256e-02 6.870947e-10
2.711672e+01 3.503514e-02 1.397501e-09
2.711672e+01 5.263151e-02 2.847793e-09
2.711672e+01 7.314235e-02 5.979373e-09
2.711672e+01 1.025928e-01 8.906537e-09
2.711672e+01 1.448116e-01 1.526134e-08
2.711672e+01 2.023460e-01 2.272741e-08
2.711672e+01 2.834245e-01 3.425805e-08
2.711672e+01 3.967448e-01 5.071173e-08
2.711672e+01 5.552783e-01 7.417559e-08
2.711672e+01 7.774819e-01 1.014862e-07
2.711672e+01 1.088445e+00 1.22769e-07
2.711672e+01 1.523711e+00 1.26616e-07
2.711672e+01 2.088426e+00 1.065953e-07
2.711672e+01 2.685505e+00 6.244268e-08
2.767905e+01 1.570796e-02 2.456269e-10
2.767905e+01 2.346256e-02 6.235963e-10
2.767905e+01 3.503514e-02 1.268200e-09
2.767905e+01 5.263151e-02 2.583660e-09
2.767905e+01 7.314235e-02 5.429937e-09
2.767905e+01 1.025928e-01 8.085691e-09
2.767905e+01 1.448116e-01 1.388003e-08
2.767905e+01 2.023460e-01 2.075639e-08
2.767905e+01 2.834245e-01 3.146699e-08
2.767905e+01 3.967448e-01 4.684154e-08
2.767905e+01 5.552783e-01 6.883827e-08
2.767905e+01 7.774819e-01 9.465374e-08
2.767905e+01 1.088445e+00 1.156938e-07
2.767905e+01 1.523711e+00 1.218327e-07
2.767905e+01 2.088426e+00 1.059044e-07
2.767905e+01 2.685505e+00 6.495015e-08
2.825263e+01 1.570796e-02 2.213838e-10
2.825263e+01 2.346256e-02 5.622718e-10
2.825263e+01 3.503514e-02 1.142095e-09
2.825263e+01 5.263151e-02 2.326168e-09
2.825263e+01 7.314235e-02 4.893285e-09
2.825263e+01 1.025928e-01 7.288499e-09
2.825263e+01 1.448116e-01 1.252817e-08
2.825263e+01 2.023460e-01 1.882313e-08
2.825263e+01 2.834245e-01 2.869012e-08
2.825263e+01 3.967448e-01 4.293540e-08
2.825263e+01 5.552783e-01 6.337523e-08
2.825263e+01 7.774819e-01 8.762205e-08
2.825263e+01 1.088445e+00 1.082165e-07
2.825263e+01 1.523711e+00 1.165897e-07
2.825263e+01 2.088426e+00 1.047422e-07
2.825263e+01 2.685505e+00 6.797805e-08
2.883769e+01 1.570796e-02 1.974827e-10
2.883769e+01 2.346256e-02 5.025257e-10
2.883769e+01 3.503514e-02 1.019229e-09
2.883769e+01 5.263151e-02 2.075965e-09
2.883769e+01 7.314235e-02 4.369433e-09
2.883769e+01 1.025928e-01 6.512332e-09
2.883769e+01 1.448116e-01 1.120883e-08
2.883769e+01 2.023460e-01 1.691963e-08
2.883769e+01 2.834245e-01 2.592782e-08
2.883769e+01 3.967448e-01 3.898663e-08
2.883769e+01 5.552783e-01 5.779921e-08
2.883769e+01 7.774819e-01 8.035774e-08
2.883769e+01 1.088445e+00 1.003381e-07
2.883769e+01 1.523711e+00 1.106015e-07
2.883769e+01 2.088426e+00 1.030518e-07
2.883769e+01 2.685505e+00 7.107417e-08
2.943444e+01 1.570796e-02 1.744076e-10
2.943444e+01 2.346256e-02 4.440237e-10
2.943444e+01 3.503514e-02 8.998179e-10
2.943444e+01 5.263151e-02 1.832364e-09
2.943444e+01 7.314235e-02 3.859399e-09
2.943444e+01 1.025928e-01 5.754035e-09
2.943444e+01 1.448116e-01 9.918559e-09
2.943444e+01 2.023460e-01 1.504482e-08
2.943444e+01 2.834245e-01 2.317206e-08
2.943444e+01 3.967448e-01 3.499594e-08
2.943444e+01 5.552783e-01 5.209892e-08
2.943444e+01 7.774819e-01 7.284310e-08
2.943444e+01 1.088445e+00 9.199865e-08
2.943444e+01 1.523711e+00 1.038886e-07
2.943444e+01 2.088426e+00 1.006348e-07
2.943444e+01 2.685505e+00 7.426329e-08
3.004313e+01 1.570796e-02 1.518029e-10
3.004313e+01 2.346256e-02 3.870170e-10
3.004313e+01 3.503514e-02 7.830374e-10
3.004313e+01 5.263151e-02 1.595135e-09
3.004313e+01 7.314235e-02 3.362062e-09
3.004313e+01 1.025928e-01 5.015339e-09
3.004313e+01 1.448116e-01 8.657404e-09
3.004313e+01 2.023460e-01 1.319373e-08
3.004313e+01 2.834245e-01 2.041534e-08
3.004313e+01 3.967448e-01 3.096785e-08
3.004313e+01 5.552783e-01 4.627457e-08
3.004313e+01 7.774819e-01 6.506523e-08
3.004313e+01 1.088445e+00 8.320364e-08
3.004313e+01 1.523711e+00 9.631038e-08
3.004313e+01 2.088426e+00 9.727926e-08
3.004313e+01 2.685505e+00 7.712756e-08
3.066399e+01 1.570796e-02 1.297146e-10
3.066399e+01 2.346256e-02 3.314909e-10
3.066399e+01 3.503514e-02 6.690795e-10
3.066399e+01 5.263151e-02 1.363877e-09
3.066399e+01 7.314235e-02 2.878282e-09
3.066399e+01 1.025928e-01 4.294868e-09
3.066399e+01 1.448116e-01 7.421783e-09
3.066399e+01 2.023460e-01 1.136911e-08
3.066399e+01 2.834245e-01 1.767369e-08
3.066399e+01 3.967448e-01 2.690075e-08
3.066399e+01 5.552783e-01 4.034581e-08
3.066399e+01 7.774819e-01 5.703564e-08
3.066399e+01 1.088445e+00 7.384583e-08
3.066399e+01 1.523711e+00 8.770596e-08
3.066399e+01 2.088426e+00 9.251987e-08
3.066399e+01 2.685505e+00 7.912526e-08
3.129727e+01 1.570796e-02 1.082752e-10
3.129727e+01 2.346256e-02 2.771387e-10
3.129727e+01 3.503514e-02 5.582543e-10
3.129727e+01 5.263151e-02 1.13848e-09
3.129727e+01 7.314235e-02 2.404427e-09
3.129727e+01 1.025928e-01 3.591917e-09
3.129727e+01 1.448116e-01 6.212623e-09
3.129727e+01 2.023460e-01 9.561171e-09
3.129727e+01 2.834245e-01 1.492808e-08
3.129727e+01 3.967448e-01 2.279429e-08
3.129727e+01 5.552783e-01 3.430303e-08
3.129727e+01 7.774819e-01 4.876202e-08
3.129727e+01 1.088445e+00 6.392116e-08
3.129727e+01 1.523711e+00 7.794736e-08
3.129727e+01 2.088426e+00 8.622100e-08
3.129727e+01 2.685505e+00 7.981096e-08
3.194322e+01 1.570796e-02 8.738406e-11
3.194322e+01 2.346256e-02 2.240386e-10
3.194322e+01 3.503514e-02 4.499921e-10
3.194322e+01 5.263151e-02 9.188919e-10
3.194322e+01 7.314235e-02 1.941905e-09
3.194322e+01 1.025928e-01 2.903867e-09
3.194322e+01 1.448116e-01 5.028887e-09
3.194322e+01 2.023460e-01 7.774688e-09
3.194322e+01 2.834245e-01 1.218807e-08
3.194322e+01 3.967448e-01 1.865915e-08
3.194322e+01 5.552783e-01 2.815902e-08
3.194322e+01 7.774819e-01 4.024259e-08
3.194322e+01 1.088445e+00 5.343354e-08
3.194322e+01 1.523711e+00 6.696399e-08
3.194322e+01 2.088426e+00 7.781241e-08
3.194322e+01 2.685505e+00 7.817033e-08
3.260208e+01 1.570796e-02 6.694545e-11
3.260208e+01 2.346256e-02 1.721038e-10
3.260208e+01 3.503514e-02 3.446245e-10
3.260208e+01 5.263151e-02 7.049312e-10
3.260208e+01 7.314235e-02 1.490813e-09
3.260208e+01 1.025928e-01 2.232269e-09
3.260208e+01 1.448116e-01 3.869227e-09
3.260208e+01 2.023460e-01 6.007303e-09
3.260208e+01 2.834245e-01 9.451086e-09
3.260208e+01 3.967448e-01 1.449905e-08
3.260208e+01 5.552783e-01 2.194890e-08
3.260208e+01 7.774819e-01 3.15215e-08
3.260208e+01 1.088445e+00 4.237078e-08
3.260208e+01 1.523711e+00 5.458592e-08
3.260208e+01 2.088426e+00 6.682851e-08
3.260208e+01 2.685505e+00 7.291224e-08
3.327412e+01 1.570796e-02 4.688082e-11
3.327412e+01 2.346256e-02 1.208895e-10
3.327412e+01 3.503514e-02 2.413291e-10
3.327412e+01 5.263151e-02 4.937838e-10
3.327412e+01 7.314235e-02 1.046316e-09
3.327412e+01 1.025928e-01 1.568229e-09
3.327412e+01 1.448116e-01 2.721522e-09
3.327412e+01 2.023460e-01 4.243299e-09
3.327412e+01 2.834245e-01 6.699062e-09
3.327412e+01 3.967448e-01 1.02981e-08
3.327412e+01 5.552783e-01 1.563224e-08
3.327412e+01 7.774819e-01 2.255187e-08
3.327412e+01 1.088445e+00 3.072434e-08
3.327412e+01 1.523711e+00 4.069252e-08
3.327412e+01 2.088426e+00 5.263905e-08
3.327412e+01 2.685505e+00 6.244188e-08
3.395961e+01 1.570796e-02 2.822888e-11
3.395961e+01 2.346256e-02 7.365491e-11
3.395961e+01 3.503514e-02 1.457367e-10
3.395961e+01 5.263151e-02 2.993328e-10
3.395961e+01 7.314235e-02 6.344918e-10
3.395961e+01 1.025928e-01 9.5176e-10
3.395961e+01 1.448116e-01 1.650225e-09
3.395961e+01 2.023460e-01 2.574462e-09
3.395961e+01 2.834245e-01 4.060173e-09
3.395961e+01 3.967448e-01 6.214678e-09
3.395961e+01 5.552783e-01 9.410757e-09
3.395961e+01 7.774819e-01 1.356233e-08
3.395961e+01 1.088445e+00 1.862680e-08
3.395961e+01 1.523711e+00 2.528311e-08
3.395961e+01 2.088426e+00 3.454501e-08
3.395961e+01 2.685505e+00 4.436328e-08
3.46588e+01 1.570796e-02 8.805055e-12
3.46588e+01 2.346256e-02 2.129332e-11
3.46588e+01 3.503514e-02 4.596442e-11
3.46588e+01 5.263151e-02 8.889186e-11
3.46588e+01 7.314235e-02 1.932234e-10
3.46588e+01 1.025928e-01 2.880772e-10
3.46588e+01 1.448116e-01 5.001338e-10
3.46588e+01 2.023460e-01 7.925232e-10
3.46588e+01 2.834245e-01 1.262080e-09
3.46588e+01 3.967448e-01 1.949168e-09
3.46588e+01 5.552783e-01 2.970196e-09
3.46588e+01 7.774819e-01 4.320167e-09
3.46588e+01 1.088445e+00 6.027988e-09
3.46588e+01 1.523711e+00 8.423997e-09
3.46588e+01 2.088426e+00 1.208069e-08
3.46588e+01 2.685505e+00 1.647020e-08
3.537197e+01 1.570796e-02 0.e+00
3.537197e+01 2.346256e-02 0.e+00
3.537197e+01 3.503514e-02 0.e+00
3.537197e+01 5.263151e-02 0.e+00
3.537197e+01 7.314235e-02 0.e+00
3.537197e+01 1.025928e-01 0.e+00
3.537197e+01 1.448116e-01 0.e+00
3.537197e+01 2.023460e-01 0.e+00
3.537197e+01 2.834245e-01 0.e+00
3.537197e+01 3.967448e-01 0.e+00
3.537197e+01 5.552783e-01 0.e+00
3.537197e+01 7.774819e-01 0.e+00
3.537197e+01 1.088445e+00 0.e+00
3.537197e+01 1.523711e+00 0.e+00
3.537197e+01 2.088426e+00 0.e+00
3.537197e+01 2.685505e+00 0.e+00
