5.e+00 0.e+00
5.12e+00 0.e+00
5.2424e+00 3.356472e-05
5.367248e+00 1.659784e-03
5.494593e+00 5.998593e-03
5.624485e+00 2.161063e-02
5.756975e+00 5.110036e-02
5.892114e+00 9.253564e-02
6.029956e+00 1.467932e-01
6.170555e+00 2.10087e-01
6.313967e+00 2.759438e-01
6.460246e+00 3.428946e-01
6.609451e+00 4.049961e-01
6.76164e+00 4.624389e-01
6.916873e+00 5.154461e-01
7.075210e+00 5.640616e-01
7.236714e+00 6.086078e-01
7.401449e+00 6.490276e-01
7.569477e+00 6.868186e-01
7.740867e+00 7.206207e-01
7.915684e+00 7.513238e-01
8.093998e+00 7.792292e-01
8.275878e+00 8.044123e-01
8.461396e+00 8.269524e-01
8.650623e+00 8.473538e-01
8.843636e+00 8.660136e-01
9.040509e+00 8.824771e-01
9.241319e+00 8.972200e-01
9.446145e+00 9.110962e-01
9.655068e+00 9.230331e-01
9.86817e+00 9.334406e-01
1.008553e+01 9.427037e-01
1.030724e+01 9.509963e-01
1.053339e+01 9.58145e-01
1.076406e+01 9.64372e-01
1.099934e+01 9.699125e-01
1.123932e+01 9.746799e-01
1.148411e+01 9.787379e-01
1.173379e+01 9.822315e-01
1.198847e+01 9.854031e-01
1.224824e+01 9.879152e-01
1.251320e+01 9.900141e-01
1.278347e+01 9.918113e-01
1.305914e+01 9.933254e-01
1.334032e+01 9.945766e-01
1.362713e+01 9.956045e-01
1.391967e+01 9.964622e-01
1.421806e+01 9.971673e-01
1.452242e+01 9.977365e-01
1.483287e+01 9.981981e-01
1.514953e+01 9.985773e-01
1.547252e+01 9.988744e-01
1.580197e+01 9.991134e-01
1.613801e+01 9.993016e-01
1.648077e+01 9.994494e-01
1.683038e+01 9.995539e-01
1.718699e+01 9.996333e-01
1.755073e+01 9.996898e-01
1.792175e+01 9.997283e-01
1.830018e+01 9.997519e-01
1.868618e+01 9.997662e-01
1.907991e+01 9.997749e-01
1.948151e+01 9.997804e-01
1.989114e+01 9.997863e-01
2.030896e+01 9.997863e-01
2.073514e+01 9.997863e-01
2.116984e+01 9.997863e-01
2.161324e+01 9.997860e-01
2.206550e+01 9.997860e-01
2.252681e+01 9.99786e-01
2.299735e+01 9.997859e-01
2.34773e+01 9.997859e-01
2.396684e+01 9.997854e-01
2.446618e+01 9.997849e-01
2.497550e+01 9.997849e-01
2.549501e+01 9.997849e-01
2.602491e+01 9.997848e-01
2.656541e+01 9.997848e-01
2.711672e+01 9.997846e-01
2.767905e+01 9.997846e-01
2.825263e+01 9.997845e-01
2.883769e+01 9.997845e-01
2.943444e+01 9.997845e-01
3.004313e+01 9.997807e-01
3.066399e+01 9.997807e-01
3.129727e+01 9.997806e-01
3.194322e+01 9.997805e-01
3.260208e+01 9.997803e-01
3.327412e+01 9.997803e-01
3.395961e+01 9.997802e-01
3.46588e+01 9.997802e-01
3.537197e+01 9.997802e-01
