5.e+00 0.e+00
5.12e+00 0.e+00
5.2424e+00 0.e+00
5.367248e+00 0.e+00
5.494593e+00 0.e+00
5.624485e+00 5.454728e-04
5.756975e+00 3.464954e-03
5.892114e+00 1.290823e-02
6.029956e+00 3.789072e-02
6.170555e+00 7.342462e-02
6.313967e+00 1.223967e-01
6.460246e+00 1.826152e-01
6.609451e+00 2.466311e-01
6.76164e+00 3.132975e-01
6.916873e+00 3.768735e-01
7.075210e+00 4.355249e-01
7.236714e+00 4.902035e-01
7.401449e+00 5.401507e-01
7.569477e+00 5.861521e-01
7.740867e+00 6.281612e-01
7.915684e+00 6.667084e-01
8.093998e+00 7.020180e-01
8.275878e+00 7.342339e-01
8.461396e+00 7.639393e-01
8.650623e+00 7.902433e-01
8.843636e+00 8.139646e-01
9.040509e+00 8.35661e-01
9.241319e+00 8.551212e-01
9.446145e+00 8.725588e-01
9.655068e+00 8.883422e-01
9.86817e+00 9.025478e-01
1.008553e+01 9.152209e-01
1.030724e+01 9.266012e-01
1.053339e+01 9.372195e-01
1.076406e+01 9.459874e-01
1.099934e+01 9.537393e-01
1.123932e+01 9.605337e-01
1.148411e+01 9.665366e-01
1.173379e+01 9.717131e-01
1.198847e+01 9.762053e-01
1.224824e+01 9.801244e-01
1.251320e+01 9.834382e-01
1.278347e+01 9.862637e-01
1.305914e+01 9.886891e-01
1.334032e+01 9.907478e-01
1.362713e+01 9.924017e-01
1.391967e+01 9.937986e-01
1.421806e+01 9.94974e-01
1.452242e+01 9.959402e-01
1.483287e+01 9.967192e-01
1.514953e+01 9.973633e-01
1.547252e+01 9.979036e-01
1.580197e+01 9.983261e-01
1.613801e+01 9.986708e-01
1.648077e+01 9.989513e-01
1.683038e+01 9.991701e-01
1.718699e+01 9.993411e-01
1.755073e+01 9.994745e-01
1.792175e+01 9.995765e-01
1.830018e+01 9.996473e-01
1.868618e+01 9.996997e-01
1.907991e+01 9.997341e-01
1.948151e+01 9.997552e-01
1.989114e+01 9.997674e-01
2.030896e+01 9.997752e-01
2.073514e+01 9.997804e-01
2.116984e+01 9.997863e-01
2.161324e+01 9.997860e-01
2.206550e+01 9.997860e-01
2.252681e+01 9.99786e-01
2.299735e+01 9.997859e-01
2.34773e+01 9.997859e-01
2.396684e+01 9.997854e-01
2.446618e+01 9.997849e-01
2.497550e+01 9.997849e-01
2.549501e+01 9.997849e-01
2.602491e+01 9.997848e-01
2.656541e+01 9.997848e-01
2.711672e+01 9.997846e-01
2.767905e+01 9.997846e-01
2.825263e+01 9.997845e-01
2.883769e+01 9.997845e-01
2.943444e+01 9.997844e-01
3.004313e+01 9.997807e-01
3.066399e+01 9.997807e-01
3.129727e+01 9.997806e-01
3.194322e+01 9.997805e-01
3.260208e+01 9.997803e-01
3.327412e+01 9.997803e-01
3.395961e+01 9.997802e-01
3.46588e+01 9.997802e-01
3.537197e+01 9.997802e-01
