5.e+00 0.e+00
5.12e+00 0.e+00
5.2424e+00 0.e+00
5.367248e+00 0.e+00
5.494593e+00 0.e+00
5.624485e+00 0.e+00
5.756975e+00 0.e+00
5.892114e+00 0.e+00
6.029956e+00 3.766344e-04
6.170555e+00 6.017119e-03
6.313967e+00 2.121011e-02
6.460246e+00 5.324278e-02
6.609451e+00 1.000688e-01
6.76164e+00 1.586424e-01
6.916873e+00 2.21471e-01
7.075210e+00 2.863801e-01
7.236714e+00 3.499446e-01
7.401449e+00 4.089165e-01
7.569477e+00 4.637697e-01
7.740867e+00 5.143785e-01
7.915684e+00 5.616034e-01
8.093998e+00 6.050842e-01
8.275878e+00 6.451747e-01
8.461396e+00 6.818943e-01
8.650623e+00 7.153302e-01
8.843636e+00 7.458393e-01
9.040509e+00 7.735881e-01
9.241319e+00 7.987494e-01
9.446145e+00 8.215211e-01
9.655068e+00 8.422009e-01
9.86817e+00 8.608730e-01
1.008553e+01 8.777882e-01
1.030724e+01 8.929725e-01
1.053339e+01 9.065245e-01
1.076406e+01 9.187334e-01
1.099934e+01 9.296361e-01
1.123932e+01 9.393656e-01
1.148411e+01 9.479175e-01
1.173379e+01 9.554737e-01
1.198847e+01 9.621354e-01
1.224824e+01 9.679062e-01
1.251320e+01 9.729260e-01
1.278347e+01 9.772767e-01
1.305914e+01 9.810105e-01
1.334032e+01 9.842258e-01
1.362713e+01 9.869823e-01
1.391967e+01 9.892915e-01
1.421806e+01 9.911931e-01
1.452242e+01 9.927956e-01
1.483287e+01 9.941473e-01
1.514953e+01 9.952613e-01
1.547252e+01 9.961666e-01
1.580197e+01 9.969074e-01
1.613801e+01 9.975105e-01
1.648077e+01 9.980127e-01
1.683038e+01 9.984121e-01
1.718699e+01 9.987297e-01
1.755073e+01 9.989851e-01
1.792175e+01 9.991891e-01
1.830018e+01 9.993534e-01
1.868618e+01 9.994773e-01
1.907991e+01 9.995722e-01
1.948151e+01 9.996430e-01
1.989114e+01 9.996952e-01
2.030896e+01 9.997292e-01
2.073514e+01 9.997501e-01
2.116984e+01 9.997628e-01
2.161324e+01 9.997724e-01
2.206550e+01 9.997787e-01
2.252681e+01 9.99786e-01
2.299735e+01 9.997859e-01
2.34773e+01 9.997859e-01
2.396684e+01 9.997854e-01
2.446618e+01 9.997849e-01
2.497550e+01 9.997849e-01
2.549501e+01 9.997849e-01
2.602491e+01 9.997848e-01
2.656541e+01 9.997848e-01
2.711672e+01 9.997846e-01
2.767905e+01 9.997846e-01
2.825263e+01 9.997845e-01
2.883769e+01 9.997845e-01
2.943444e+01 9.997845e-01
3.004313e+01 9.997807e-01
3.066399e+01 9.997807e-01
3.129727e+01 9.997806e-01
3.194322e+01 9.997805e-01
3.260208e+01 9.997803e-01
3.327412e+01 9.997803e-01
3.395961e+01 9.997802e-01
3.46588e+01 9.997802e-01
3.537197e+01 9.997802e-01
