5.e+00 0.e+00
5.12e+00 0.e+00
5.2424e+00 0.e+00
5.367248e+00 0.e+00
5.494593e+00 0.e+00
5.624485e+00 0.e+00
5.756975e+00 6.965987e-04
5.892114e+00 6.971885e-03
6.029956e+00 2.296798e-02
6.170555e+00 5.590954e-02
6.313967e+00 1.037837e-01
6.460246e+00 1.631987e-01
6.609451e+00 2.277572e-01
6.76164e+00 2.936894e-01
6.916873e+00 3.590462e-01
7.075210e+00 4.195504e-01
7.236714e+00 4.754789e-01
7.401449e+00 5.268084e-01
7.569477e+00 5.743705e-01
7.740867e+00 6.180266e-01
7.915684e+00 6.580135e-01
8.093998e+00 6.949971e-01
8.275878e+00 7.283495e-01
8.461396e+00 7.583093e-01
8.650623e+00 7.85592e-01
8.843636e+00 8.102474e-01
9.040509e+00 8.324079e-01
9.241319e+00 8.523802e-01
9.446145e+00 8.704728e-01
9.655068e+00 8.865758e-01
9.86817e+00 9.010555e-01
1.008553e+01 9.144526e-01
1.030724e+01 9.261665e-01
1.053339e+01 9.36227e-01
1.076406e+01 9.451857e-01
1.099934e+01 9.531217e-01
1.123932e+01 9.600216e-01
1.148411e+01 9.660615e-01
1.173379e+01 9.713697e-01
1.198847e+01 9.75942e-01
1.224824e+01 9.798395e-01
1.251320e+01 9.832172e-01
1.278347e+01 9.861782e-01
1.305914e+01 9.885832e-01
1.334032e+01 9.906234e-01
1.362713e+01 9.923300e-01
1.391967e+01 9.937800e-01
1.421806e+01 9.949387e-01
1.452242e+01 9.959077e-01
1.483287e+01 9.967240e-01
1.514953e+01 9.973772e-01
1.547252e+01 9.979063e-01
1.580197e+01 9.983397e-01
1.613801e+01 9.986840e-01
1.648077e+01 9.989555e-01
1.683038e+01 9.991745e-01
1.718699e+01 9.993474e-01
1.755073e+01 9.994796e-01
1.792175e+01 9.995769e-01
1.830018e+01 9.996482e-01
1.868618e+01 9.996985e-01
1.907991e+01 9.997314e-01
1.948151e+01 9.997523e-01
1.989114e+01 9.997668e-01
2.030896e+01 9.997756e-01
2.073514e+01 9.997802e-01
2.116984e+01 9.997862e-01
2.161324e+01 9.997860e-01
2.206550e+01 9.997860e-01
2.252681e+01 9.99786e-01
2.299735e+01 9.997859e-01
2.34773e+01 9.997859e-01
2.396684e+01 9.997854e-01
2.446618e+01 9.997849e-01
2.497550e+01 9.997849e-01
2.549501e+01 9.997849e-01
2.602491e+01 9.997848e-01
2.656541e+01 9.997848e-01
2.711672e+01 9.997846e-01
2.767905e+01 9.997846e-01
2.825263e+01 9.997845e-01
2.883769e+01 9.997845e-01
2.943444e+01 9.997845e-01
3.004313e+01 9.997807e-01
3.066399e+01 9.997807e-01
3.129727e+01 9.997806e-01
3.194322e+01 9.997805e-01
3.260208e+01 9.997803e-01
3.327412e+01 9.997803e-01
3.395961e+01 9.997802e-01
3.46588e+01 9.997802e-01
3.537197e+01 9.997802e-01
