5.e+00 0.e+00
5.12e+00 0.e+00
5.2424e+00 0.e+00
5.367248e+00 0.e+00
5.494593e+00 0.e+00
5.624485e+00 0.e+00
5.756975e+00 0.e+00
5.892114e+00 1.509491e-04
6.029956e+00 2.129026e-03
6.170555e+00 7.769837e-03
6.313967e+00 2.72765e-02
6.460246e+00 5.809559e-02
6.609451e+00 1.02539e-01
6.76164e+00 1.590136e-01
6.916873e+00 2.211460e-01
7.075210e+00 2.867061e-01
7.236714e+00 3.503065e-01
7.401449e+00 4.094633e-01
7.569477e+00 4.645455e-01
7.740867e+00 5.152864e-01
7.915684e+00 5.622594e-01
8.093998e+00 6.053443e-01
8.275878e+00 6.449267e-01
8.461396e+00 6.81483e-01
8.650623e+00 7.148826e-01
8.843636e+00 7.453886e-01
9.040509e+00 7.730481e-01
9.241319e+00 7.981448e-01
9.446145e+00 8.209518e-01
9.655068e+00 8.415636e-01
9.86817e+00 8.603008e-01
1.008553e+01 8.772137e-01
1.030724e+01 8.924424e-01
1.053339e+01 9.060656e-01
1.076406e+01 9.183838e-01
1.099934e+01 9.293525e-01
1.123932e+01 9.391229e-01
1.148411e+01 9.476883e-01
1.173379e+01 9.552727e-01
1.198847e+01 9.619395e-01
1.224824e+01 9.677792e-01
1.251320e+01 9.728287e-01
1.278347e+01 9.772148e-01
1.305914e+01 9.809901e-01
1.334032e+01 9.842041e-01
1.362713e+01 9.869831e-01
1.391967e+01 9.892567e-01
1.421806e+01 9.911741e-01
1.452242e+01 9.927954e-01
1.483287e+01 9.941381e-01
1.514953e+01 9.952473e-01
1.547252e+01 9.961622e-01
1.580197e+01 9.969074e-01
1.613801e+01 9.975123e-01
1.648077e+01 9.980121e-01
1.683038e+01 9.984231e-01
1.718699e+01 9.987391e-01
1.755073e+01 9.989891e-01
1.792175e+01 9.991933e-01
1.830018e+01 9.993564e-01
1.868618e+01 9.994792e-01
1.907991e+01 9.995716e-01
1.948151e+01 9.996436e-01
1.989114e+01 9.996950e-01
2.030896e+01 9.997307e-01
2.073514e+01 9.997516e-01
2.116984e+01 9.997646e-01
2.161324e+01 9.997734e-01
2.206550e+01 9.997786e-01
2.252681e+01 9.99786e-01
2.299735e+01 9.997859e-01
2.34773e+01 9.997859e-01
2.396684e+01 9.997854e-01
2.446618e+01 9.997849e-01
2.497550e+01 9.997849e-01
2.549501e+01 9.997849e-01
2.602491e+01 9.997848e-01
2.656541e+01 9.997848e-01
2.711672e+01 9.997846e-01
2.767905e+01 9.997846e-01
2.825263e+01 9.997845e-01
2.883769e+01 9.997845e-01
2.943444e+01 9.997845e-01
3.004313e+01 9.997807e-01
3.066399e+01 9.997807e-01
3.129727e+01 9.997806e-01
3.194322e+01 9.997805e-01
3.260208e+01 9.997803e-01
3.327412e+01 9.997803e-01
3.395961e+01 9.997802e-01
3.46588e+01 9.997802e-01
3.537197e+01 9.997802e-01
