5.e+00 0.e+00
5.12e+00 0.e+00
5.2424e+00 0.e+00
5.367248e+00 0.e+00
5.494593e+00 0.e+00
5.624485e+00 0.e+00
5.756975e+00 1.553315e-04
5.892114e+00 2.167786e-03
6.029956e+00 7.695530e-03
6.170555e+00 2.674132e-02
6.313967e+00 5.741401e-02
6.460246e+00 1.015494e-01
6.609451e+00 1.577611e-01
6.76164e+00 2.204502e-01
6.916873e+00 2.864554e-01
7.075210e+00 3.510726e-01
7.236714e+00 4.110672e-01
7.401449e+00 4.669617e-01
7.569477e+00 5.183244e-01
7.740867e+00 5.657687e-01
7.915684e+00 6.092292e-01
8.093998e+00 6.490185e-01
8.275878e+00 6.856095e-01
8.461396e+00 7.191274e-01
8.650623e+00 7.496563e-01
8.843636e+00 7.772467e-01
9.040509e+00 8.021911e-01
9.241319e+00 8.248874e-01
9.446145e+00 8.455467e-01
9.655068e+00 8.639246e-01
9.86817e+00 8.805569e-01
1.008553e+01 8.955593e-01
1.030724e+01 9.090014e-01
1.053339e+01 9.210343e-01
1.076406e+01 9.318511e-01
1.099934e+01 9.413419e-01
1.123932e+01 9.497200e-01
1.148411e+01 9.571818e-01
1.173379e+01 9.637733e-01
1.198847e+01 9.693178e-01
1.224824e+01 9.741752e-01
1.251320e+01 9.78367e-01
1.278347e+01 9.819612e-01
1.305914e+01 9.850328e-01
1.334032e+01 9.87657e-01
1.362713e+01 9.898391e-01
1.391967e+01 9.916621e-01
1.421806e+01 9.932184e-01
1.452242e+01 9.945278e-01
1.483287e+01 9.955705e-01
1.514953e+01 9.964238e-01
1.547252e+01 9.971272e-01
1.580197e+01 9.977002e-01
1.613801e+01 9.981626e-01
1.648077e+01 9.985365e-01
1.683038e+01 9.988428e-01
1.718699e+01 9.990771e-01
1.755073e+01 9.99268e-01
1.792175e+01 9.994162e-01
1.830018e+01 9.995283e-01
1.868618e+01 9.996111e-01
1.907991e+01 9.996722e-01
1.948151e+01 9.997165e-01
1.989114e+01 9.997431e-01
2.030896e+01 9.997593e-01
2.073514e+01 9.997702e-01
2.116984e+01 9.997768e-01
2.161324e+01 9.997810e-01
2.206550e+01 9.997860e-01
2.252681e+01 9.99786e-01
2.299735e+01 9.997859e-01
2.34773e+01 9.997859e-01
2.396684e+01 9.997854e-01
2.446618e+01 9.997849e-01
2.497550e+01 9.997849e-01
2.549501e+01 9.997849e-01
2.602491e+01 9.997848e-01
2.656541e+01 9.997848e-01
2.711672e+01 9.997846e-01
2.767905e+01 9.997846e-01
2.825263e+01 9.997845e-01
2.883769e+01 9.997845e-01
2.943444e+01 9.997845e-01
3.004313e+01 9.997807e-01
3.066399e+01 9.997807e-01
3.129727e+01 9.997806e-01
3.194322e+01 9.997805e-01
3.260208e+01 9.997803e-01
3.327412e+01 9.997803e-01
3.395961e+01 9.997802e-01
3.46588e+01 9.997802e-01
3.537197e+01 9.997802e-01
