5.e+00 0.e+00
5.12e+00 0.e+00
5.2424e+00 0.e+00
5.367248e+00 0.e+00
5.494593e+00 0.e+00
5.624485e+00 0.e+00
5.756975e+00 0.e+00
5.892114e+00 0.e+00
6.029956e+00 7.386669e-04
6.170555e+00 7.200807e-03
6.313967e+00 2.506939e-02
6.460246e+00 5.727831e-02
6.609451e+00 1.078707e-01
6.76164e+00 1.720466e-01
6.916873e+00 2.392958e-01
7.075210e+00 3.043514e-01
7.236714e+00 3.673255e-01
7.401449e+00 4.260239e-01
7.569477e+00 4.804849e-01
7.740867e+00 5.310107e-01
7.915684e+00 5.770950e-01
8.093998e+00 6.194142e-01
8.275878e+00 6.583435e-01
8.461396e+00 6.937865e-01
8.650623e+00 7.261534e-01
8.843636e+00 7.555349e-01
9.040509e+00 7.822996e-01
9.241319e+00 8.065706e-01
9.446145e+00 8.286405e-01
9.655068e+00 8.486661e-01
9.86817e+00 8.667815e-01
1.008553e+01 8.830809e-01
1.030724e+01 8.976250e-01
1.053339e+01 9.107107e-01
1.076406e+01 9.224944e-01
1.099934e+01 9.330525e-01
1.123932e+01 9.423785e-01
1.148411e+01 9.506349e-01
1.173379e+01 9.578593e-01
1.198847e+01 9.642043e-01
1.224824e+01 9.697396e-01
1.251320e+01 9.745805e-01
1.278347e+01 9.786985e-01
1.305914e+01 9.822521e-01
1.334032e+01 9.853064e-01
1.362713e+01 9.878590e-01
1.391967e+01 9.899936e-01
1.421806e+01 9.917877e-01
1.452242e+01 9.932918e-01
1.483287e+01 9.945469e-01
1.514953e+01 9.955881e-01
1.547252e+01 9.964349e-01
1.580197e+01 9.971318e-01
1.613801e+01 9.977089e-01
1.648077e+01 9.981725e-01
1.683038e+01 9.98542e-01
1.718699e+01 9.988341e-01
1.755073e+01 9.990725e-01
1.792175e+01 9.992592e-01
1.830018e+01 9.994055e-01
1.868618e+01 9.995201e-01
1.907991e+01 9.99603e-01
1.948151e+01 9.996658e-01
1.989114e+01 9.997111e-01
2.030896e+01 9.997396e-01
2.073514e+01 9.997572e-01
2.116984e+01 9.997689e-01
2.161324e+01 9.997756e-01
2.206550e+01 9.997802e-01
2.252681e+01 9.99786e-01
2.299735e+01 9.997859e-01
2.34773e+01 9.997859e-01
2.396684e+01 9.997853e-01
2.446618e+01 9.997849e-01
2.497550e+01 9.997849e-01
2.549501e+01 9.997849e-01
2.602491e+01 9.997848e-01
2.656541e+01 9.997848e-01
2.711672e+01 9.997846e-01
2.767905e+01 9.997846e-01
2.825263e+01 9.997845e-01
2.883769e+01 9.997845e-01
2.943444e+01 9.997845e-01
3.004313e+01 9.997807e-01
3.066399e+01 9.997807e-01
3.129727e+01 9.997806e-01
3.194322e+01 9.997805e-01
3.260208e+01 9.997804e-01
3.327412e+01 9.997803e-01
3.395961e+01 9.997802e-01
3.46588e+01 9.997802e-01
3.537197e+01 9.997802e-01
