5.e+00 0.e+00
5.12e+00 0.e+00
5.2424e+00 0.e+00
5.367248e+00 0.e+00
5.494593e+00 0.e+00
5.624485e+00 3.09911e-06
5.756975e+00 1.015439e-03
5.892114e+00 5.447289e-03
6.029956e+00 2.080294e-02
6.170555e+00 5.053519e-02
6.313967e+00 9.727917e-02
6.460246e+00 1.590565e-01
6.609451e+00 2.273328e-01
6.76164e+00 2.952543e-01
6.916873e+00 3.597982e-01
7.075210e+00 4.207283e-01
7.236714e+00 4.765339e-01
7.401449e+00 5.275733e-01
7.569477e+00 5.746456e-01
7.740867e+00 6.182781e-01
7.915684e+00 6.582186e-01
8.093998e+00 6.950361e-01
8.275878e+00 7.283840e-01
8.461396e+00 7.581950e-01
8.650623e+00 7.8527e-01
8.843636e+00 8.09985e-01
9.040509e+00 8.320613e-01
9.241319e+00 8.520746e-01
9.446145e+00 8.702322e-01
9.655068e+00 8.863164e-01
9.86817e+00 9.007417e-01
1.008553e+01 9.140956e-01
1.030724e+01 9.258832e-01
1.053339e+01 9.360543e-01
1.076406e+01 9.450569e-01
1.099934e+01 9.530758e-01
1.123932e+01 9.600313e-01
1.148411e+01 9.660837e-01
1.173379e+01 9.713938e-01
1.198847e+01 9.759840e-01
1.224824e+01 9.798919e-01
1.251320e+01 9.832742e-01
1.278347e+01 9.862294e-01
1.305914e+01 9.886386e-01
1.334032e+01 9.906512e-01
1.362713e+01 9.923525e-01
1.391967e+01 9.937748e-01
1.421806e+01 9.949428e-01
1.452242e+01 9.959173e-01
1.483287e+01 9.967229e-01
1.514953e+01 9.973831e-01
1.547252e+01 9.979072e-01
1.580197e+01 9.983464e-01
1.613801e+01 9.986894e-01
1.648077e+01 9.989616e-01
1.683038e+01 9.991823e-01
1.718699e+01 9.993567e-01
1.755073e+01 9.994850e-01
1.792175e+01 9.995779e-01
1.830018e+01 9.996481e-01
1.868618e+01 9.997e-01
1.907991e+01 9.99733e-01
1.948151e+01 9.997538e-01
1.989114e+01 9.997672e-01
2.030896e+01 9.997759e-01
2.073514e+01 9.997810e-01
2.116984e+01 9.997861e-01
2.161324e+01 9.997860e-01
2.206550e+01 9.997860e-01
2.252681e+01 9.99786e-01
2.299735e+01 9.997859e-01
2.34773e+01 9.997859e-01
2.396684e+01 9.997852e-01
2.446618e+01 9.997849e-01
2.497550e+01 9.997849e-01
2.549501e+01 9.997849e-01
2.602491e+01 9.997848e-01
2.656541e+01 9.997848e-01
2.711672e+01 9.997846e-01
2.767905e+01 9.997846e-01
2.825263e+01 9.997845e-01
2.883769e+01 9.997845e-01
2.943444e+01 9.997845e-01
3.004313e+01 9.997807e-01
3.066399e+01 9.997807e-01
3.129727e+01 9.997806e-01
3.194322e+01 9.997805e-01
3.260208e+01 9.997804e-01
3.327412e+01 9.997803e-01
3.395961e+01 9.997802e-01
3.46588e+01 9.997802e-01
3.537197e+01 9.997802e-01
