5.e+00 0.e+00
5.12e+00 0.e+00
5.2424e+00 0.e+00
5.367248e+00 0.e+00
5.494593e+00 0.e+00
5.624485e+00 0.e+00
5.756975e+00 0.e+00
5.892114e+00 2.368781e-04
6.029956e+00 4.169631e-03
6.170555e+00 1.860403e-02
6.313967e+00 4.57044e-02
6.460246e+00 9.090051e-02
6.609451e+00 1.522590e-01
6.76164e+00 2.196002e-01
6.916873e+00 2.866772e-01
7.075210e+00 3.505006e-01
7.236714e+00 4.114727e-01
7.401449e+00 4.674601e-01
7.569477e+00 5.196344e-01
7.740867e+00 5.672512e-01
7.915684e+00 6.108540e-01
8.093998e+00 6.507593e-01
8.275878e+00 6.873547e-01
8.461396e+00 7.206321e-01
8.650623e+00 7.508159e-01
8.843636e+00 7.781457e-01
9.040509e+00 8.030413e-01
9.241319e+00 8.256162e-01
9.446145e+00 8.461310e-01
9.655068e+00 8.645871e-01
9.86817e+00 8.811667e-01
1.008553e+01 8.960585e-01
1.030724e+01 9.094033e-01
1.053339e+01 9.213206e-01
1.076406e+01 9.320334e-01
1.099934e+01 9.415240e-01
1.123932e+01 9.498810e-01
1.148411e+01 9.573670e-01
1.173379e+01 9.639069e-01
1.198847e+01 9.69458e-01
1.224824e+01 9.742834e-01
1.251320e+01 9.784860e-01
1.278347e+01 9.820455e-01
1.305914e+01 9.850779e-01
1.334032e+01 9.876739e-01
1.362713e+01 9.898595e-01
1.391967e+01 9.916824e-01
1.421806e+01 9.932179e-01
1.452242e+01 9.945208e-01
1.483287e+01 9.955489e-01
1.514953e+01 9.96404e-01
1.547252e+01 9.971082e-01
1.580197e+01 9.976858e-01
1.613801e+01 9.981542e-01
1.648077e+01 9.985331e-01
1.683038e+01 9.988282e-01
1.718699e+01 9.990708e-01
1.755073e+01 9.992632e-01
1.792175e+01 9.994116e-01
1.830018e+01 9.995254e-01
1.868618e+01 9.996092e-01
1.907991e+01 9.996723e-01
1.948151e+01 9.997152e-01
1.989114e+01 9.997429e-01
2.030896e+01 9.997587e-01
2.073514e+01 9.997697e-01
2.116984e+01 9.997768e-01
2.161324e+01 9.997813e-01
2.206550e+01 9.997860e-01
2.252681e+01 9.99786e-01
2.299735e+01 9.997859e-01
2.34773e+01 9.997859e-01
2.396684e+01 9.997853e-01
2.446618e+01 9.997849e-01
2.497550e+01 9.997849e-01
2.549501e+01 9.997849e-01
2.602491e+01 9.997848e-01
2.656541e+01 9.997848e-01
2.711672e+01 9.997846e-01
2.767905e+01 9.997846e-01
2.825263e+01 9.997845e-01
2.883769e+01 9.997845e-01
2.943444e+01 9.997845e-01
3.004313e+01 9.997807e-01
3.066399e+01 9.997807e-01
3.129727e+01 9.997806e-01
3.194322e+01 9.997805e-01
3.260208e+01 9.997804e-01
3.327412e+01 9.997803e-01
3.395961e+01 9.997802e-01
3.46588e+01 9.997802e-01
3.537197e+01 9.997802e-01
