5.e+00 0.e+00
5.12e+00 0.e+00
5.2424e+00 0.e+00
5.367248e+00 0.e+00
5.494593e+00 0.e+00
5.624485e+00 0.e+00
5.756975e+00 0.e+00
5.892114e+00 0.e+00
6.029956e+00 5.197002e-05
6.170555e+00 3.122617e-03
6.313967e+00 1.632319e-02
6.460246e+00 4.170839e-02
6.609451e+00 8.515603e-02
6.76164e+00 1.449985e-01
6.916873e+00 2.111702e-01
7.075210e+00 2.772689e-01
7.236714e+00 3.405864e-01
7.401449e+00 4.010303e-01
7.569477e+00 4.567504e-01
7.740867e+00 5.087784e-01
7.915684e+00 5.564315e-01
8.093998e+00 6.001317e-01
8.275878e+00 6.404109e-01
8.461396e+00 6.772026e-01
8.650623e+00 7.108225e-01
8.843636e+00 7.414543e-01
9.040509e+00 7.69356e-01
9.241319e+00 7.947209e-01
9.446145e+00 8.177090e-01
9.655068e+00 8.386915e-01
9.86817e+00 8.577491e-01
1.008553e+01 8.748932e-01
1.030724e+01 8.902403e-01
1.053339e+01 9.040276e-01
1.076406e+01 9.164479e-01
1.099934e+01 9.276293e-01
1.123932e+01 9.375789e-01
1.148411e+01 9.463726e-01
1.173379e+01 9.540965e-01
1.198847e+01 9.609115e-01
1.224824e+01 9.668715e-01
1.251320e+01 9.720768e-01
1.278347e+01 9.765618e-01
1.305914e+01 9.803877e-01
1.334032e+01 9.836677e-01
1.362713e+01 9.865155e-01
1.391967e+01 9.888877e-01
1.421806e+01 9.908431e-01
1.452242e+01 9.924950e-01
1.483287e+01 9.938830e-01
1.514953e+01 9.950356e-01
1.547252e+01 9.959829e-01
1.580197e+01 9.967618e-01
1.613801e+01 9.973950e-01
1.648077e+01 9.979176e-01
1.683038e+01 9.983386e-01
1.718699e+01 9.986699e-01
1.755073e+01 9.989383e-01
1.792175e+01 9.991509e-01
1.830018e+01 9.993196e-01
1.868618e+01 9.994535e-01
1.907991e+01 9.995528e-01
1.948151e+01 9.996273e-01
1.989114e+01 9.996830e-01
2.030896e+01 9.997222e-01
2.073514e+01 9.997464e-01
2.116984e+01 9.997609e-01
2.161324e+01 9.997712e-01
2.206550e+01 9.997772e-01
2.252681e+01 9.99781e-01
2.299735e+01 9.997859e-01
2.34773e+01 9.997859e-01
2.396684e+01 9.997853e-01
2.446618e+01 9.997849e-01
2.497550e+01 9.997849e-01
2.549501e+01 9.997849e-01
2.602491e+01 9.997848e-01
2.656541e+01 9.997848e-01
2.711672e+01 9.997846e-01
2.767905e+01 9.997846e-01
2.825263e+01 9.997845e-01
2.883769e+01 9.997845e-01
2.943444e+01 9.997845e-01
3.004313e+01 9.997807e-01
3.066399e+01 9.997807e-01
3.129727e+01 9.997806e-01
3.194322e+01 9.997805e-01
3.260208e+01 9.997804e-01
3.327412e+01 9.997803e-01
3.395961e+01 9.997802e-01
3.46588e+01 9.997802e-01
3.537197e+01 9.997802e-01
