5.e+00 1.570796e-02 0.e+00
5.e+00 2.346256e-02 0.e+00
5.e+00 3.503514e-02 0.e+00
5.e+00 5.263151e-02 0.e+00
5.e+00 7.314235e-02 0.e+00
5.e+00 1.025928e-01 0.e+00
5.e+00 1.448116e-01 0.e+00
5.e+00 2.023460e-01 0.e+00
5.e+00 2.834245e-01 0.e+00
5.e+00 3.967448e-01 0.e+00
5.e+00 5.552783e-01 0.e+00
5.e+00 7.774819e-01 0.e+00
5.e+00 1.088445e+00 0.e+00
5.e+00 1.523711e+00 0.e+00
5.e+00 2.088426e+00 0.e+00
5.e+00 2.685505e+00 0.e+00
5.12e+00 1.570796e-02 0.e+00
5.12e+00 2.346256e-02 0.e+00
5.12e+00 3.503514e-02 0.e+00
5.12e+00 5.263151e-02 0.e+00
5.12e+00 7.314235e-02 0.e+00
5.12e+00 1.025928e-01 0.e+00
5.12e+00 1.448116e-01 0.e+00
5.12e+00 2.023460e-01 0.e+00
5.12e+00 2.834245e-01 0.e+00
5.12e+00 3.967448e-01 0.e+00
5.12e+00 5.552783e-01 0.e+00
5.12e+00 7.774819e-01 0.e+00
5.12e+00 1.088445e+00 0.e+00
5.12e+00 1.523711e+00 0.e+00
5.12e+00 2.088426e+00 0.e+00
5.12e+00 2.685505e+00 0.e+00
5.2424e+00 1.570796e-02 0.e+00
5.2424e+00 2.346256e-02 0.e+00
5.2424e+00 3.503514e-02 0.e+00
5.2424e+00 5.263151e-02 0.e+00
5.2424e+00 7.314235e-02 0.e+00
5.2424e+00 1.025928e-01 0.e+00
5.2424e+00 1.448116e-01 0.e+00
5.2424e+00 2.023460e-01 0.e+00
5.2424e+00 2.834245e-01 0.e+00
5.2424e+00 3.967448e-01 0.e+00
5.2424e+00 5.552783e-01 0.e+00
5.2424e+00 7.774819e-01 0.e+00
5.2424e+00 1.088445e+00 0.e+00
5.2424e+00 1.523711e+00 0.e+00
5.2424e+00 2.088426e+00 0.e+00
5.2424e+00 2.685505e+00 0.e+00
5.367248e+00 1.570796e-02 0.e+00
5.367248e+00 2.346256e-02 0.e+00
5.367248e+00 3.503514e-02 0.e+00
5.367248e+00 5.263151e-02 0.e+00
5.367248e+00 7.314235e-02 0.e+00
5.367248e+00 1.025928e-01 0.e+00
5.367248e+00 1.448116e-01 0.e+00
5.367248e+00 2.023460e-01 0.e+00
5.367248e+00 2.834245e-01 0.e+00
5.367248e+00 3.967448e-01 0.e+00
5.367248e+00 5.552783e-01 0.e+00
5.367248e+00 7.774819e-01 0.e+00
5.367248e+00 1.088445e+00 0.e+00
5.367248e+00 1.523711e+00 0.e+00
5.367248e+00 2.088426e+00 0.e+00
5.367248e+00 2.685505e+00 0.e+00
5.494593e+00 1.570796e-02 0.e+00
5.494593e+00 2.346256e-02 0.e+00
5.494593e+00 3.503514e-02 0.e+00
5.494593e+00 5.263151e-02 0.e+00
5.494593e+00 7.314235e-02 0.e+00
5.494593e+00 1.025928e-01 0.e+00
5.494593e+00 1.448116e-01 0.e+00
5.494593e+00 2.023460e-01 0.e+00
5.494593e+00 2.834245e-01 0.e+00
5.494593e+00 3.967448e-01 0.e+00
5.494593e+00 5.552783e-01 0.e+00
5.494593e+00 7.774819e-01 0.e+00
5.494593e+00 1.088445e+00 0.e+00
5.494593e+00 1.523711e+00 0.e+00
5.494593e+00 2.088426e+00 0.e+00
5.494593e+00 2.685505e+00 0.e+00
5.624485e+00 1.570796e-02 0.e+00
5.624485e+00 2.346256e-02 0.e+00
5.624485e+00 3.503514e-02 0.e+00
5.624485e+00 5.263151e-02 0.e+00
5.624485e+00 7.314235e-02 0.e+00
5.624485e+00 1.025928e-01 0.e+00
5.624485e+00 1.448116e-01 0.e+00
5.624485e+00 2.023460e-01 0.e+00
5.624485e+00 2.834245e-01 0.e+00
5.624485e+00 3.967448e-01 0.e+00
5.624485e+00 5.552783e-01 0.e+00
5.624485e+00 7.774819e-01 0.e+00
5.624485e+00 1.088445e+00 0.e+00
5.624485e+00 1.523711e+00 0.e+00
5.624485e+00 2.088426e+00 0.e+00
5.624485e+00 2.685505e+00 0.e+00
5.756975e+00 1.570796e-02 0.e+00
5.756975e+00 2.346256e-02 0.e+00
5.756975e+00 3.503514e-02 0.e+00
5.756975e+00 5.263151e-02 0.e+00
5.756975e+00 7.314235e-02 0.e+00
5.756975e+00 1.025928e-01 0.e+00
5.756975e+00 1.448116e-01 0.e+00
5.756975e+00 2.023460e-01 0.e+00
5.756975e+00 2.834245e-01 0.e+00
5.756975e+00 3.967448e-01 0.e+00
5.756975e+00 5.552783e-01 0.e+00
5.756975e+00 7.774819e-01 0.e+00
5.756975e+00 1.088445e+00 0.e+00
5.756975e+00 1.523711e+00 0.e+00
5.756975e+00 2.088426e+00 0.e+00
5.756975e+00 2.685505e+00 0.e+00
5.892114e+00 1.570796e-02 -4.807169e-05
5.892114e+00 2.346256e-02 2.680136e-07
5.892114e+00 3.503514e-02 7.028415e-06
5.892114e+00 5.263151e-02 -1.929637e-04
5.892114e+00 7.314235e-02 -9.192044e-05
5.892114e+00 1.025928e-01 -1.289427e-05
5.892114e+00 1.448116e-01 -6.414861e-05
5.892114e+00 2.023460e-01 -7.972221e-05
5.892114e+00 2.834245e-01 -4.949642e-05
5.892114e+00 3.967448e-01 -3.608302e-05
5.892114e+00 5.552783e-01 -4.343210e-05
5.892114e+00 7.774819e-01 -3.974197e-05
5.892114e+00 1.088445e+00 -3.801262e-05
5.892114e+00 1.523711e+00 -3.799222e-05
5.892114e+00 2.088426e+00 -4.106632e-05
5.892114e+00 2.685505e+00 -4.59291e-05
6.029956e+00 1.570796e-02 -2.119721e-04
6.029956e+00 2.346256e-02 -6.109289e-05
6.029956e+00 3.503514e-02 -1.627022e-04
6.029956e+00 5.263151e-02 -5.675262e-04
6.029956e+00 7.314235e-02 -7.298421e-04
6.029956e+00 1.025928e-01 -4.739848e-04
6.029956e+00 1.448116e-01 -3.289473e-04
6.029956e+00 2.023460e-01 -3.905261e-04
6.029956e+00 2.834245e-01 -3.085567e-04
6.029956e+00 3.967448e-01 -3.018813e-04
6.029956e+00 5.552783e-01 -2.669572e-04
6.029956e+00 7.774819e-01 -2.4773e-04
6.029956e+00 1.088445e+00 -2.101365e-04
6.029956e+00 1.523711e+00 -1.985862e-04
6.029956e+00 2.088426e+00 -2.194121e-04
6.029956e+00 2.685505e+00 -2.398684e-04
6.170555e+00 1.570796e-02 -6.297984e-04
6.170555e+00 2.346256e-02 -1.930846e-04
6.170555e+00 3.503514e-02 -7.509917e-04
6.170555e+00 5.263151e-02 -1.343388e-03
6.170555e+00 7.314235e-02 -2.096753e-03
6.170555e+00 1.025928e-01 -1.740994e-03
6.170555e+00 1.448116e-01 -1.675920e-03
6.170555e+00 2.023460e-01 -1.465753e-03
6.170555e+00 2.834245e-01 -1.525817e-03
6.170555e+00 3.967448e-01 -1.330837e-03
6.170555e+00 5.552783e-01 -1.172285e-03
6.170555e+00 7.774819e-01 -9.967697e-04
6.170555e+00 1.088445e+00 -8.625684e-04
6.170555e+00 1.523711e+00 -8.278360e-04
6.170555e+00 2.088426e+00 -9.008417e-04
6.170555e+00 2.685505e+00 -9.38215e-04
6.313967e+00 1.570796e-02 -1.08292e-03
6.313967e+00 2.346256e-02 -5.858258e-04
6.313967e+00 3.503514e-02 -1.517711e-03
6.313967e+00 5.263151e-02 -2.854897e-03
6.313967e+00 7.314235e-02 -4.217374e-03
6.313967e+00 1.025928e-01 -4.347533e-03
6.313967e+00 1.448116e-01 -4.406348e-03
6.313967e+00 2.023460e-01 -3.835021e-03
6.313967e+00 2.834245e-01 -4.014169e-03
6.313967e+00 3.967448e-01 -3.500622e-03
6.313967e+00 5.552783e-01 -3.052116e-03
6.313967e+00 7.774819e-01 -2.549224e-03
6.313967e+00 1.088445e+00 -2.214209e-03
6.313967e+00 1.523711e+00 -2.094624e-03
6.313967e+00 2.088426e+00 -2.266302e-03
6.313967e+00 2.685505e+00 -2.356574e-03
6.460246e+00 1.570796e-02 -1.413646e-03
6.460246e+00 2.346256e-02 -1.078025e-03
6.460246e+00 3.503514e-02 -2.345273e-03
6.460246e+00 5.263151e-02 -4.901826e-03
6.460246e+00 7.314235e-02 -7.369564e-03
6.460246e+00 1.025928e-01 -8.109357e-03
6.460246e+00 1.448116e-01 -8.529954e-03
6.460246e+00 2.023460e-01 -7.754543e-03
6.460246e+00 2.834245e-01 -8.197752e-03
6.460246e+00 3.967448e-01 -7.115604e-03
6.460246e+00 5.552783e-01 -6.136346e-03
6.460246e+00 7.774819e-01 -5.203372e-03
6.460246e+00 1.088445e+00 -4.408906e-03
6.460246e+00 1.523711e+00 -4.111355e-03
6.460246e+00 2.088426e+00 -4.389251e-03
6.460246e+00 2.685505e+00 -4.502656e-03
6.609451e+00 1.570796e-02 -1.514066e-03
6.609451e+00 2.346256e-02 -1.391099e-03
6.609451e+00 3.503514e-02 -2.796199e-03
6.609451e+00 5.263151e-02 -6.786016e-03
6.609451e+00 7.314235e-02 -1.027299e-02
6.609451e+00 1.025928e-01 -1.275225e-02
6.609451e+00 1.448116e-01 -1.355777e-02
6.609451e+00 2.023460e-01 -1.319435e-02
6.609451e+00 2.834245e-01 -1.350484e-02
6.609451e+00 3.967448e-01 -1.210589e-02
6.609451e+00 5.552783e-01 -1.028412e-02
6.609451e+00 7.774819e-01 -8.819969e-03
6.609451e+00 1.088445e+00 -7.404935e-03
6.609451e+00 1.523711e+00 -6.842340e-03
6.609451e+00 2.088426e+00 -7.196351e-03
6.609451e+00 2.685505e+00 -7.343947e-03
6.76164e+00 1.570796e-02 -1.441695e-03
6.76164e+00 2.346256e-02 -1.421969e-03
6.76164e+00 3.503514e-02 -2.991287e-03
6.76164e+00 5.263151e-02 -7.944894e-03
6.76164e+00 7.314235e-02 -1.284432e-02
6.76164e+00 1.025928e-01 -1.689884e-02
6.76164e+00 1.448116e-01 -1.853954e-02
6.76164e+00 2.023460e-01 -1.908554e-02
6.76164e+00 2.834245e-01 -1.906429e-02
6.76164e+00 3.967448e-01 -1.758399e-02
6.76164e+00 5.552783e-01 -1.508459e-02
6.76164e+00 7.774819e-01 -1.274934e-02
6.76164e+00 1.088445e+00 -1.075152e-02
6.76164e+00 1.523711e+00 -9.79438e-03
6.76164e+00 2.088426e+00 -1.020185e-02
6.76164e+00 2.685505e+00 -1.026484e-02
6.916873e+00 1.570796e-02 -1.372384e-03
6.916873e+00 2.346256e-02 -1.381824e-03
6.916873e+00 3.503514e-02 -2.989677e-03
6.916873e+00 5.263151e-02 -8.470386e-03
6.916873e+00 7.314235e-02 -1.442584e-02
6.916873e+00 1.025928e-01 -1.991251e-02
6.916873e+00 1.448116e-01 -2.256815e-02
6.916873e+00 2.023460e-01 -2.421733e-02
6.916873e+00 2.834245e-01 -2.436122e-02
6.916873e+00 3.967448e-01 -2.281508e-02
6.916873e+00 5.552783e-01 -1.973889e-02
6.916873e+00 7.774819e-01 -1.680899e-02
6.916873e+00 1.088445e+00 -1.410232e-02
6.916873e+00 1.523711e+00 -1.266554e-02
6.916873e+00 2.088426e+00 -1.302959e-02
6.916873e+00 2.685505e+00 -1.298445e-02
7.075210e+00 1.570796e-02 -1.276396e-03
7.075210e+00 2.346256e-02 -1.252983e-03
7.075210e+00 3.503514e-02 -2.867408e-03
7.075210e+00 5.263151e-02 -8.532372e-03
7.075210e+00 7.314235e-02 -1.478595e-02
7.075210e+00 1.025928e-01 -2.156227e-02
7.075210e+00 1.448116e-01 -2.537703e-02
7.075210e+00 2.023460e-01 -2.828845e-02
7.075210e+00 2.834245e-01 -2.906002e-02
7.075210e+00 3.967448e-01 -2.736722e-02
7.075210e+00 5.552783e-01 -2.415189e-02
7.075210e+00 7.774819e-01 -2.060380e-02
7.075210e+00 1.088445e+00 -1.723162e-02
7.075210e+00 1.523711e+00 -1.535077e-02
7.075210e+00 2.088426e+00 -1.552332e-02
7.075210e+00 2.685505e+00 -1.527900e-02
7.236714e+00 1.570796e-02 -1.152442e-03
7.236714e+00 2.346256e-02 -1.072408e-03
7.236714e+00 3.503514e-02 -2.699353e-03
7.236714e+00 5.263151e-02 -8.130823e-03
7.236714e+00 7.314235e-02 -1.434779e-02
7.236714e+00 1.025928e-01 -2.212585e-02
7.236714e+00 1.448116e-01 -2.682591e-02
7.236714e+00 2.023460e-01 -3.113641e-02
7.236714e+00 2.834245e-01 -3.283428e-02
7.236714e+00 3.967448e-01 -3.138475e-02
7.236714e+00 5.552783e-01 -2.796532e-02
7.236714e+00 7.774819e-01 -2.399344e-02
7.236714e+00 1.088445e+00 -2.010829e-02
7.236714e+00 1.523711e+00 -1.775552e-02
7.236714e+00 2.088426e+00 -1.774324e-02
7.236714e+00 2.685505e+00 -1.7255e-02
7.401449e+00 1.570796e-02 -1.032096e-03
7.401449e+00 2.346256e-02 -9.246502e-04
7.401449e+00 3.503514e-02 -2.530024e-03
7.401449e+00 5.263151e-02 -7.606215e-03
7.401449e+00 7.314235e-02 -1.355966e-02
7.401449e+00 1.025928e-01 -2.179477e-02
7.401449e+00 1.448116e-01 -2.730221e-02
7.401449e+00 2.023460e-01 -3.268908e-02
7.401449e+00 2.834245e-01 -3.544071e-02
7.401449e+00 3.967448e-01 -3.459693e-02
7.401449e+00 5.552783e-01 -3.111819e-02
7.401449e+00 7.774819e-01 -2.695736e-02
7.401449e+00 1.088445e+00 -2.253657e-02
7.401449e+00 1.523711e+00 -1.987326e-02
7.401449e+00 2.088426e+00 -1.964468e-02
7.401449e+00 2.685505e+00 -1.894981e-02
7.569477e+00 1.570796e-02 -9.410141e-04
7.569477e+00 2.346256e-02 -8.157340e-04
7.569477e+00 3.503514e-02 -2.342771e-03
7.569477e+00 5.263151e-02 -7.106947e-03
7.569477e+00 7.314235e-02 -1.264370e-02
7.569477e+00 1.025928e-01 -2.079897e-02
7.569477e+00 1.448116e-01 -2.681756e-02
7.569477e+00 2.023460e-01 -3.309223e-02
7.569477e+00 2.834245e-01 -3.695822e-02
7.569477e+00 3.967448e-01 -3.687586e-02
7.569477e+00 5.552783e-01 -3.363279e-02
7.569477e+00 7.774819e-01 -2.935207e-02
7.569477e+00 1.088445e+00 -2.456689e-02
7.569477e+00 1.523711e+00 -2.158283e-02
7.569477e+00 2.088426e+00 -2.120535e-02
7.569477e+00 2.685505e+00 -2.031417e-02
7.740867e+00 1.570796e-02 -8.699435e-04
7.740867e+00 2.346256e-02 -7.358220e-04
7.740867e+00 3.503514e-02 -2.126697e-03
7.740867e+00 5.263151e-02 -6.536939e-03
7.740867e+00 7.314235e-02 -1.161420e-02
7.740867e+00 1.025928e-01 -1.945583e-02
7.740867e+00 1.448116e-01 -2.574492e-02
7.740867e+00 2.023460e-01 -3.267828e-02
7.740867e+00 2.834245e-01 -3.754846e-02
7.740867e+00 3.967448e-01 -3.828722e-02
7.740867e+00 5.552783e-01 -3.554176e-02
7.740867e+00 7.774819e-01 -3.130649e-02
7.740867e+00 1.088445e+00 -2.627429e-02
7.740867e+00 1.523711e+00 -2.301708e-02
7.740867e+00 2.088426e+00 -2.247551e-02
7.740867e+00 2.685505e+00 -2.131911e-02
7.915684e+00 1.570796e-02 -7.938599e-04
7.915684e+00 2.346256e-02 -6.636737e-04
7.915684e+00 3.503514e-02 -1.906059e-03
7.915684e+00 5.263151e-02 -5.926146e-03
7.915684e+00 7.314235e-02 -1.046274e-02
7.915684e+00 1.025928e-01 -1.796234e-02
7.915684e+00 1.448116e-01 -2.430211e-02
7.915684e+00 2.023460e-01 -3.169782e-02
7.915684e+00 2.834245e-01 -3.728346e-02
7.915684e+00 3.967448e-01 -3.903521e-02
7.915684e+00 5.552783e-01 -3.677739e-02
7.915684e+00 7.774819e-01 -3.272839e-02
7.915684e+00 1.088445e+00 -2.760315e-02
7.915684e+00 1.523711e+00 -2.419533e-02
7.915684e+00 2.088426e+00 -2.346487e-02
7.915684e+00 2.685505e+00 -2.207501e-02
8.093998e+00 1.570796e-02 -7.190861e-04
8.093998e+00 2.346256e-02 -5.936782e-04
8.093998e+00 3.503514e-02 -1.700375e-03
8.093998e+00 5.263151e-02 -5.30285e-03
8.093998e+00 7.314235e-02 -9.378028e-03
8.093998e+00 1.025928e-01 -1.638241e-02
8.093998e+00 1.448116e-01 -2.258339e-02
8.093998e+00 2.023460e-01 -3.019187e-02
8.093998e+00 2.834245e-01 -3.633894e-02
8.093998e+00 3.967448e-01 -3.892305e-02
8.093998e+00 5.552783e-01 -3.740765e-02
8.093998e+00 7.774819e-01 -3.367413e-02
8.093998e+00 1.088445e+00 -2.861383e-02
8.093998e+00 1.523711e+00 -2.507782e-02
8.093998e+00 2.088426e+00 -2.424563e-02
8.093998e+00 2.685505e+00 -2.266126e-02
8.275878e+00 1.570796e-02 -6.475491e-04
8.275878e+00 2.346256e-02 -5.328702e-04
8.275878e+00 3.503514e-02 -1.520138e-03
8.275878e+00 5.263151e-02 -4.729902e-03
8.275878e+00 7.314235e-02 -8.334837e-03
8.275878e+00 1.025928e-01 -1.481355e-02
8.275878e+00 1.448116e-01 -2.070442e-02
8.275878e+00 2.023460e-01 -2.832040e-02
8.275878e+00 2.834245e-01 -3.484704e-02
8.275878e+00 3.967448e-01 -3.824384e-02
8.275878e+00 5.552783e-01 -3.740236e-02
8.275878e+00 7.774819e-01 -3.415162e-02
8.275878e+00 1.088445e+00 -2.926550e-02
8.275878e+00 1.523711e+00 -2.563841e-02
8.275878e+00 2.088426e+00 -2.477584e-02
8.275878e+00 2.685505e+00 -2.299291e-02
8.461396e+00 1.570796e-02 -5.816149e-04
8.461396e+00 2.346256e-02 -4.693321e-04
8.461396e+00 3.503514e-02 -1.35086e-03
8.461396e+00 5.263151e-02 -4.213733e-03
8.461396e+00 7.314235e-02 -7.429106e-03
8.461396e+00 1.025928e-01 -1.324666e-02
8.461396e+00 1.448116e-01 -1.875445e-02
8.461396e+00 2.023460e-01 -2.623135e-02
8.461396e+00 2.834245e-01 -3.299744e-02
8.461396e+00 3.967448e-01 -3.703951e-02
8.461396e+00 5.552783e-01 -3.684998e-02
8.461396e+00 7.774819e-01 -3.408016e-02
8.461396e+00 1.088445e+00 -2.947391e-02
8.461396e+00 1.523711e+00 -2.590880e-02
8.461396e+00 2.088426e+00 -2.499676e-02
8.461396e+00 2.685505e+00 -2.301136e-02
8.650623e+00 1.570796e-02 -5.236529e-04
8.650623e+00 2.346256e-02 -4.056892e-04
8.650623e+00 3.503514e-02 -1.189105e-03
8.650623e+00 5.263151e-02 -3.738018e-03
8.650623e+00 7.314235e-02 -6.623815e-03
8.650623e+00 1.025928e-01 -1.180415e-02
8.650623e+00 1.448116e-01 -1.684827e-02
8.650623e+00 2.023460e-01 -2.406649e-02
8.650623e+00 2.834245e-01 -3.085792e-02
8.650623e+00 3.967448e-01 -3.541672e-02
8.650623e+00 5.552783e-01 -3.583701e-02
8.650623e+00 7.774819e-01 -3.357289e-02
8.650623e+00 1.088445e+00 -2.937165e-02
8.650623e+00 1.523711e+00 -2.594485e-02
8.650623e+00 2.088426e+00 -2.508044e-02
8.650623e+00 2.685505e+00 -2.294791e-02
8.843636e+00 1.570796e-02 -4.677681e-04
8.843636e+00 2.346256e-02 -3.543575e-04
8.843636e+00 3.503514e-02 -1.050117e-03
8.843636e+00 5.263151e-02 -3.307501e-03
8.843636e+00 7.314235e-02 -5.895620e-03
8.843636e+00 1.025928e-01 -1.049612e-02
8.843636e+00 1.448116e-01 -1.501908e-02
8.843636e+00 2.023460e-01 -2.185521e-02
8.843636e+00 2.834245e-01 -2.851699e-02
8.843636e+00 3.967448e-01 -3.344442e-02
8.843636e+00 5.552783e-01 -3.44585e-02
8.843636e+00 7.774819e-01 -3.270557e-02
8.843636e+00 1.088445e+00 -2.897391e-02
8.843636e+00 1.523711e+00 -2.578353e-02
8.843636e+00 2.088426e+00 -2.494441e-02
8.843636e+00 2.685505e+00 -2.270725e-02
9.040509e+00 1.570796e-02 -4.151176e-04
9.040509e+00 2.346256e-02 -3.079918e-04
9.040509e+00 3.503514e-02 -9.242340e-04
9.040509e+00 5.263151e-02 -2.910075e-03
9.040509e+00 7.314235e-02 -5.230362e-03
9.040509e+00 1.025928e-01 -9.302666e-03
9.040509e+00 1.448116e-01 -1.333777e-02
9.040509e+00 2.023460e-01 -1.968750e-02
9.040509e+00 2.834245e-01 -2.609796e-02
9.040509e+00 3.967448e-01 -3.122692e-02
9.040509e+00 5.552783e-01 -3.276825e-02
9.040509e+00 7.774819e-01 -3.154753e-02
9.040509e+00 1.088445e+00 -2.831664e-02
9.040509e+00 1.523711e+00 -2.538571e-02
9.040509e+00 2.088426e+00 -2.464843e-02
9.040509e+00 2.685505e+00 -2.232515e-02
9.241319e+00 1.570796e-02 -3.673846e-04
9.241319e+00 2.346256e-02 -2.674866e-04
9.241319e+00 3.503514e-02 -8.098857e-04
9.241319e+00 5.263151e-02 -2.564448e-03
9.241319e+00 7.314235e-02 -4.617872e-03
9.241319e+00 1.025928e-01 -8.228855e-03
9.241319e+00 1.448116e-01 -1.181304e-02
9.241319e+00 2.023460e-01 -1.761391e-02
9.241319e+00 2.834245e-01 -2.366043e-02
9.241319e+00 3.967448e-01 -2.887755e-02
9.241319e+00 5.552783e-01 -3.084922e-02
9.241319e+00 7.774819e-01 -3.013289e-02
9.241319e+00 1.088445e+00 -2.740862e-02
9.241319e+00 1.523711e+00 -2.477758e-02
9.241319e+00 2.088426e+00 -2.412914e-02
9.241319e+00 2.685505e+00 -2.178362e-02
9.446145e+00 1.570796e-02 -3.227506e-04
9.446145e+00 2.346256e-02 -2.328048e-04
9.446145e+00 3.503514e-02 -7.048832e-04
9.446145e+00 5.263151e-02 -2.246571e-03
9.446145e+00 7.314235e-02 -4.060088e-03
9.446145e+00 1.025928e-01 -7.25467e-03
9.446145e+00 1.448116e-01 -1.041816e-02
9.446145e+00 2.023460e-01 -1.567980e-02
9.446145e+00 2.834245e-01 -2.130118e-02
9.446145e+00 3.967448e-01 -2.645779e-02
9.446145e+00 5.552783e-01 -2.876856e-02
9.446145e+00 7.774819e-01 -2.855465e-02
9.446145e+00 1.088445e+00 -2.629523e-02
9.446145e+00 1.523711e+00 -2.405201e-02
9.446145e+00 2.088426e+00 -2.349939e-02
9.446145e+00 2.685505e+00 -2.109128e-02
9.655068e+00 1.570796e-02 -2.820029e-04
9.655068e+00 2.346256e-02 -2.023179e-04
9.655068e+00 3.503514e-02 -6.151562e-04
9.655068e+00 5.263151e-02 -1.965882e-03
9.655068e+00 7.314235e-02 -3.56063e-03
9.655068e+00 1.025928e-01 -6.374973e-03
9.655068e+00 1.448116e-01 -9.161586e-03
9.655068e+00 2.023460e-01 -1.387907e-02
9.655068e+00 2.834245e-01 -1.903764e-02
9.655068e+00 3.967448e-01 -2.403268e-02
9.655068e+00 5.552783e-01 -2.65703e-02
9.655068e+00 7.774819e-01 -2.676818e-02
9.655068e+00 1.088445e+00 -2.50166e-02
9.655068e+00 1.523711e+00 -2.316668e-02
9.655068e+00 2.088426e+00 -2.267693e-02
9.655068e+00 2.685505e+00 -2.03182e-02
9.86817e+00 1.570796e-02 -2.457261e-04
9.86817e+00 2.346256e-02 -1.779461e-04
9.86817e+00 3.503514e-02 -5.345412e-04
9.86817e+00 5.263151e-02 -1.71428e-03
9.86817e+00 7.314235e-02 -3.107701e-03
9.86817e+00 1.025928e-01 -5.579544e-03
9.86817e+00 1.448116e-01 -8.035023e-03
9.86817e+00 2.023460e-01 -1.223594e-02
9.86817e+00 2.834245e-01 -1.691935e-02
9.86817e+00 3.967448e-01 -2.163333e-02
9.86817e+00 5.552783e-01 -2.433795e-02
9.86817e+00 7.774819e-01 -2.487920e-02
9.86817e+00 1.088445e+00 -2.359047e-02
9.86817e+00 1.523711e+00 -2.214105e-02
9.86817e+00 2.088426e+00 -2.181853e-02
9.86817e+00 2.685505e+00 -1.944669e-02
1.008553e+01 1.570796e-02 -2.141331e-04
1.008553e+01 2.346256e-02 -1.535288e-04
1.008553e+01 3.503514e-02 -4.634255e-04
1.008553e+01 5.263151e-02 -1.493631e-03
1.008553e+01 7.314235e-02 -2.709137e-03
1.008553e+01 1.025928e-01 -4.863099e-03
1.008553e+01 1.448116e-01 -7.032514e-03
1.008553e+01 2.023460e-01 -1.075771e-02
1.008553e+01 2.834245e-01 -1.495286e-02
1.008553e+01 3.967448e-01 -1.934333e-02
1.008553e+01 5.552783e-01 -2.211102e-02
1.008553e+01 7.774819e-01 -2.297552e-02
1.008553e+01 1.088445e+00 -2.207693e-02
1.008553e+01 1.523711e+00 -2.10214e-02
1.008553e+01 2.088426e+00 -2.086490e-02
1.008553e+01 2.685505e+00 -1.853633e-02
1.030724e+01 1.570796e-02 -1.867236e-04
1.030724e+01 2.346256e-02 -1.320049e-04
1.030724e+01 3.503514e-02 -3.992454e-04
1.030724e+01 5.263151e-02 -1.299124e-03
1.030724e+01 7.314235e-02 -2.348223e-03
1.030724e+01 1.025928e-01 -4.227996e-03
1.030724e+01 1.448116e-01 -6.126716e-03
1.030724e+01 2.023460e-01 -9.390436e-03
1.030724e+01 2.834245e-01 -1.312221e-02
1.030724e+01 3.967448e-01 -1.715011e-02
1.030724e+01 5.552783e-01 -1.991035e-02
1.030724e+01 7.774819e-01 -2.101300e-02
1.030724e+01 1.088445e+00 -2.050211e-02
1.030724e+01 1.523711e+00 -1.979474e-02
1.030724e+01 2.088426e+00 -1.978790e-02
1.030724e+01 2.685505e+00 -1.747627e-02
1.053339e+01 1.570796e-02 -1.619347e-04
1.053339e+01 2.346256e-02 -1.142373e-04
1.053339e+01 3.503514e-02 -3.436904e-04
1.053339e+01 5.263151e-02 -1.122524e-03
1.053339e+01 7.314235e-02 -2.024491e-03
1.053339e+01 1.025928e-01 -3.661618e-03
1.053339e+01 1.448116e-01 -5.309529e-03
1.053339e+01 2.023460e-01 -8.155596e-03
1.053339e+01 2.834245e-01 -1.145486e-02
1.053339e+01 3.967448e-01 -1.509547e-02
1.053339e+01 5.552783e-01 -1.779203e-02
1.053339e+01 7.774819e-01 -1.908193e-02
1.053339e+01 1.088445e+00 -1.887781e-02
1.053339e+01 1.523711e+00 -1.848355e-02
1.053339e+01 2.088426e+00 -1.856337e-02
1.053339e+01 2.685505e+00 -1.637378e-02
1.076406e+01 1.570796e-02 -1.388228e-04
1.076406e+01 2.346256e-02 -9.900209e-05
1.076406e+01 3.503514e-02 -2.956686e-04
1.076406e+01 5.263151e-02 -9.652888e-04
1.076406e+01 7.314235e-02 -1.741888e-03
1.076406e+01 1.025928e-01 -3.161516e-03
1.076406e+01 1.448116e-01 -4.589513e-03
1.076406e+01 2.023460e-01 -7.055621e-03
1.076406e+01 2.834245e-01 -9.936438e-03
1.076406e+01 3.967448e-01 -1.321079e-02
1.076406e+01 5.552783e-01 -1.575891e-02
1.076406e+01 7.774819e-01 -1.719754e-02
1.076406e+01 1.088445e+00 -1.726169e-02
1.076406e+01 1.523711e+00 -1.71441e-02
1.076406e+01 2.088426e+00 -1.735085e-02
1.076406e+01 2.685505e+00 -1.521992e-02
1.099934e+01 1.570796e-02 -1.181932e-04
1.099934e+01 2.346256e-02 -8.485216e-05
1.099934e+01 3.503514e-02 -2.510864e-04
1.099934e+01 5.263151e-02 -8.263698e-04
1.099934e+01 7.314235e-02 -1.491780e-03
1.099934e+01 1.025928e-01 -2.712237e-03
1.099934e+01 1.448116e-01 -3.946294e-03
1.099934e+01 2.023460e-01 -6.058122e-03
1.099934e+01 2.834245e-01 -8.562023e-03
1.099934e+01 3.967448e-01 -1.148291e-02
1.099934e+01 5.552783e-01 -1.386859e-02
1.099934e+01 7.774819e-01 -1.537795e-02
1.099934e+01 1.088445e+00 -1.567208e-02
1.099934e+01 1.523711e+00 -1.582507e-02
1.099934e+01 2.088426e+00 -1.613170e-02
1.099934e+01 2.685505e+00 -1.414239e-02
1.123932e+01 1.570796e-02 -1.002291e-04
1.123932e+01 2.346256e-02 -7.264213e-05
1.123932e+01 3.503514e-02 -2.134018e-04
1.123932e+01 5.263151e-02 -7.065778e-04
1.123932e+01 7.314235e-02 -1.272646e-03
1.123932e+01 1.025928e-01 -2.316688e-03
1.123932e+01 1.448116e-01 -3.372371e-03
1.123932e+01 2.023460e-01 -5.182146e-03
1.123932e+01 2.834245e-01 -7.340212e-03
1.123932e+01 3.967448e-01 -9.926598e-03
1.123932e+01 5.552783e-01 -1.210162e-02
1.123932e+01 7.774819e-01 -1.365609e-02
1.123932e+01 1.088445e+00 -1.413737e-02
1.123932e+01 1.523711e+00 -1.449423e-02
1.123932e+01 2.088426e+00 -1.488304e-02
1.123932e+01 2.685505e+00 -1.305096e-02
1.148411e+01 1.570796e-02 -8.549561e-05
1.148411e+01 2.346256e-02 -6.243468e-05
1.148411e+01 3.503514e-02 -1.805876e-04
1.148411e+01 5.263151e-02 -6.012736e-04
1.148411e+01 7.314235e-02 -1.082323e-03
1.148411e+01 1.025928e-01 -1.977675e-03
1.148411e+01 1.448116e-01 -2.871907e-03
1.148411e+01 2.023460e-01 -4.421358e-03
1.148411e+01 2.834245e-01 -6.270982e-03
1.148411e+01 3.967448e-01 -8.536522e-03
1.148411e+01 5.552783e-01 -1.050633e-02
1.148411e+01 7.774819e-01 -1.202072e-02
1.148411e+01 1.088445e+00 -1.265949e-02
1.148411e+01 1.523711e+00 -1.316683e-02
1.148411e+01 2.088426e+00 -1.363803e-02
1.148411e+01 2.685505e+00 -1.197514e-02
1.173379e+01 1.570796e-02 -7.199440e-05
1.173379e+01 2.346256e-02 -5.291372e-05
1.173379e+01 3.503514e-02 -1.513311e-04
1.173379e+01 5.263151e-02 -5.086406e-04
1.173379e+01 7.314235e-02 -9.174000e-04
1.173379e+01 1.025928e-01 -1.676814e-03
1.173379e+01 1.448116e-01 -2.433136e-03
1.173379e+01 2.023460e-01 -3.751698e-03
1.173379e+01 2.834245e-01 -5.320723e-03
1.173379e+01 3.967448e-01 -7.277814e-03
1.173379e+01 5.552783e-01 -9.049981e-03
1.173379e+01 7.774819e-01 -1.050039e-02
1.173379e+01 1.088445e+00 -1.124613e-02
1.173379e+01 1.523711e+00 -1.190758e-02
1.173379e+01 2.088426e+00 -1.246424e-02
1.173379e+01 2.685505e+00 -1.095110e-02
1.198847e+01 1.570796e-02 -6.041520e-05
1.198847e+01 2.346256e-02 -4.526409e-05
1.198847e+01 3.503514e-02 -1.267267e-04
1.198847e+01 5.263151e-02 -4.282235e-04
1.198847e+01 7.314235e-02 -7.726913e-04
1.198847e+01 1.025928e-01 -1.415166e-03
1.198847e+01 1.448116e-01 -2.053506e-03
1.198847e+01 2.023460e-01 -3.17057e-03
1.198847e+01 2.834245e-01 -4.494257e-03
1.198847e+01 3.967448e-01 -6.167891e-03
1.198847e+01 5.552783e-01 -7.741341e-03
1.198847e+01 7.774819e-01 -9.111260e-03
1.198847e+01 1.088445e+00 -9.921398e-03
1.198847e+01 1.523711e+00 -1.071411e-02
1.198847e+01 2.088426e+00 -1.12992e-02
1.198847e+01 2.685505e+00 -9.989342e-03
1.224824e+01 1.570796e-02 -5.032132e-05
1.224824e+01 2.346256e-02 -3.841584e-05
1.224824e+01 3.503514e-02 -1.060485e-04
1.224824e+01 5.263151e-02 -3.590033e-04
1.224824e+01 7.314235e-02 -6.458333e-04
1.224824e+01 1.025928e-01 -1.187747e-03
1.224824e+01 1.448116e-01 -1.724085e-03
1.224824e+01 2.023460e-01 -2.663941e-03
1.224824e+01 2.834245e-01 -3.780834e-03
1.224824e+01 3.967448e-01 -5.204370e-03
1.224824e+01 5.552783e-01 -6.583918e-03
1.224824e+01 7.774819e-01 -7.847347e-03
1.224824e+01 1.088445e+00 -8.688894e-03
1.224824e+01 1.523711e+00 -9.542278e-03
1.224824e+01 2.088426e+00 -1.018498e-02
1.224824e+01 2.685505e+00 -9.039108e-03
1.251320e+01 1.570796e-02 -4.179700e-05
1.251320e+01 2.346256e-02 -3.254454e-05
1.251320e+01 3.503514e-02 -8.778915e-05
1.251320e+01 5.263151e-02 -2.989621e-04
1.251320e+01 7.314235e-02 -5.389481e-04
1.251320e+01 1.025928e-01 -9.911655e-04
1.251320e+01 1.448116e-01 -1.439423e-03
1.251320e+01 2.023460e-01 -2.228704e-03
1.251320e+01 2.834245e-01 -3.161606e-03
1.251320e+01 3.967448e-01 -4.359650e-03
1.251320e+01 5.552783e-01 -5.565479e-03
1.251320e+01 7.774819e-01 -6.718008e-03
1.251320e+01 1.088445e+00 -7.56861e-03
1.251320e+01 1.523711e+00 -8.442069e-03
1.251320e+01 2.088426e+00 -9.137386e-03
1.251320e+01 2.685505e+00 -8.162892e-03
1.278347e+01 1.570796e-02 -3.466479e-05
1.278347e+01 2.346256e-02 -2.713679e-05
1.278347e+01 3.503514e-02 -7.279549e-05
1.278347e+01 5.263151e-02 -2.463623e-04
1.278347e+01 7.314235e-02 -4.460325e-04
1.278347e+01 1.025928e-01 -8.219698e-04
1.278347e+01 1.448116e-01 -1.19167e-03
1.278347e+01 2.023460e-01 -1.851247e-03
1.278347e+01 2.834245e-01 -2.626359e-03
1.278347e+01 3.967448e-01 -3.639931e-03
1.278347e+01 5.552783e-01 -4.673699e-03
1.278347e+01 7.774819e-01 -5.70921e-03
1.278347e+01 1.088445e+00 -6.541177e-03
1.278347e+01 1.523711e+00 -7.432803e-03
1.278347e+01 2.088426e+00 -8.140144e-03
1.278347e+01 2.685505e+00 -7.306478e-03
1.305914e+01 1.570796e-02 -2.84819e-05
1.305914e+01 2.346256e-02 -2.268817e-05
1.305914e+01 3.503514e-02 -5.981306e-05
1.305914e+01 5.263151e-02 -2.030072e-04
1.305914e+01 7.314235e-02 -3.671024e-04
1.305914e+01 1.025928e-01 -6.794845e-04
1.305914e+01 1.448116e-01 -9.854739e-04
1.305914e+01 2.023460e-01 -1.532409e-03
1.305914e+01 2.834245e-01 -2.171085e-03
1.305914e+01 3.967448e-01 -3.02646e-03
1.305914e+01 5.552783e-01 -3.89854e-03
1.305914e+01 7.774819e-01 -4.819253e-03
1.305914e+01 1.088445e+00 -5.625412e-03
1.305914e+01 1.523711e+00 -6.496412e-03
1.305914e+01 2.088426e+00 -7.186193e-03
1.305914e+01 2.685505e+00 -6.467229e-03
1.334032e+01 1.570796e-02 -2.343679e-05
1.334032e+01 2.346256e-02 -1.877322e-05
1.334032e+01 3.503514e-02 -4.886679e-05
1.334032e+01 5.263151e-02 -1.670615e-04
1.334032e+01 7.314235e-02 -3.012504e-04
1.334032e+01 1.025928e-01 -5.588819e-04
1.334032e+01 1.448116e-01 -8.108948e-04
1.334032e+01 2.023460e-01 -1.261240e-03
1.334032e+01 2.834245e-01 -1.789616e-03
1.334032e+01 3.967448e-01 -2.495713e-03
1.334032e+01 5.552783e-01 -3.237288e-03
1.334032e+01 7.774819e-01 -4.048229e-03
1.334032e+01 1.088445e+00 -4.804260e-03
1.334032e+01 1.523711e+00 -5.631715e-03
1.334032e+01 2.088426e+00 -6.306037e-03
1.334032e+01 2.685505e+00 -5.703678e-03
1.362713e+01 1.570796e-02 -1.919804e-05
1.362713e+01 2.346256e-02 -1.533564e-05
1.362713e+01 3.503514e-02 -3.999285e-05
1.362713e+01 5.263151e-02 -1.363813e-04
1.362713e+01 7.314235e-02 -2.454672e-04
1.362713e+01 1.025928e-01 -4.585050e-04
1.362713e+01 1.448116e-01 -6.630841e-04
1.362713e+01 2.023460e-01 -1.029034e-03
1.362713e+01 2.834245e-01 -1.462344e-03
1.362713e+01 3.967448e-01 -2.045949e-03
1.362713e+01 5.552783e-01 -2.668882e-03
1.362713e+01 7.774819e-01 -3.375495e-03
1.362713e+01 1.088445e+00 -4.076868e-03
1.362713e+01 1.523711e+00 -4.865705e-03
1.362713e+01 2.088426e+00 -5.515874e-03
1.362713e+01 2.685505e+00 -5.036613e-03
1.391967e+01 1.570796e-02 -1.527492e-05
1.391967e+01 2.346256e-02 -1.252275e-05
1.391967e+01 3.503514e-02 -3.202954e-05
1.391967e+01 5.263151e-02 -1.106168e-04
1.391967e+01 7.314235e-02 -1.986568e-04
1.391967e+01 1.025928e-01 -3.727878e-04
1.391967e+01 1.448116e-01 -5.397287e-04
1.391967e+01 2.023460e-01 -8.364914e-04
1.391967e+01 2.834245e-01 -1.189874e-03
1.391967e+01 3.967448e-01 -1.673004e-03
1.391967e+01 5.552783e-01 -2.192979e-03
1.391967e+01 7.774819e-01 -2.808183e-03
1.391967e+01 1.088445e+00 -3.446148e-03
1.391967e+01 1.523711e+00 -4.168289e-03
1.391967e+01 2.088426e+00 -4.789532e-03
1.391967e+01 2.685505e+00 -4.392288e-03
1.421806e+01 1.570796e-02 -1.233735e-05
1.421806e+01 2.346256e-02 -1.010984e-05
1.421806e+01 3.503514e-02 -2.565129e-05
1.421806e+01 5.263151e-02 -8.865233e-05
1.421806e+01 7.314235e-02 -1.604178e-04
1.421806e+01 1.025928e-01 -3.024332e-04
1.421806e+01 1.448116e-01 -4.354087e-04
1.421806e+01 2.023460e-01 -6.761382e-04
1.421806e+01 2.834245e-01 -9.649187e-04
1.421806e+01 3.967448e-01 -1.356766e-03
1.421806e+01 5.552783e-01 -1.789733e-03
1.421806e+01 7.774819e-01 -2.318071e-03
1.421806e+01 1.088445e+00 -2.890660e-03
1.421806e+01 1.523711e+00 -3.547260e-03
1.421806e+01 2.088426e+00 -4.108681e-03
1.421806e+01 2.685505e+00 -3.760663e-03
1.452242e+01 1.570796e-02 -9.784781e-06
1.452242e+01 2.346256e-02 -8.217873e-06
1.452242e+01 3.503514e-02 -2.010236e-05
1.452242e+01 5.263151e-02 -7.099042e-05
1.452242e+01 7.314235e-02 -1.288265e-04
1.452242e+01 1.025928e-01 -2.415046e-04
1.452242e+01 1.448116e-01 -3.483157e-04
1.452242e+01 2.023460e-01 -5.389439e-04
1.452242e+01 2.834245e-01 -7.712985e-04
1.452242e+01 3.967448e-01 -1.088549e-03
1.452242e+01 5.552783e-01 -1.443540e-03
1.452242e+01 7.774819e-01 -1.893328e-03
1.452242e+01 1.088445e+00 -2.396381e-03
1.452242e+01 1.523711e+00 -2.98475e-03
1.452242e+01 2.088426e+00 -3.498023e-03
1.452242e+01 2.685505e+00 -3.235043e-03
1.483287e+01 1.570796e-02 -7.797203e-06
1.483287e+01 2.346256e-02 -6.541813e-06
1.483287e+01 3.503514e-02 -1.590982e-05
1.483287e+01 5.263151e-02 -5.627486e-05
1.483287e+01 7.314235e-02 -1.03159e-04
1.483287e+01 1.025928e-01 -1.922385e-04
1.483287e+01 1.448116e-01 -2.772726e-04
1.483287e+01 2.023460e-01 -4.296603e-04
1.483287e+01 2.834245e-01 -6.167049e-04
1.483287e+01 3.967448e-01 -8.718037e-04
1.483287e+01 5.552783e-01 -1.161432e-03
1.483287e+01 7.774819e-01 -1.541094e-03
1.483287e+01 1.088445e+00 -1.980839e-03
1.483287e+01 1.523711e+00 -2.513478e-03
1.483287e+01 2.088426e+00 -2.974835e-03
1.483287e+01 2.685505e+00 -2.754311e-03
1.514953e+01 1.570796e-02 -6.207188e-06
1.514953e+01 2.346256e-02 -4.999899e-06
1.514953e+01 3.503514e-02 -1.272111e-05
1.514953e+01 5.263151e-02 -4.441528e-05
1.514953e+01 7.314235e-02 -8.168323e-05
1.514953e+01 1.025928e-01 -1.520294e-04
1.514953e+01 1.448116e-01 -2.197171e-04
1.514953e+01 2.023460e-01 -3.424657e-04
1.514953e+01 2.834245e-01 -4.890529e-04
1.514953e+01 3.967448e-01 -6.939594e-04
1.514953e+01 5.552783e-01 -9.323045e-04
1.514953e+01 7.774819e-01 -1.250901e-03
1.514953e+01 1.088445e+00 -1.622653e-03
1.514953e+01 1.523711e+00 -2.094160e-03
1.514953e+01 2.088426e+00 -2.508031e-03
1.514953e+01 2.685505e+00 -2.339653e-03
1.547252e+01 1.570796e-02 -4.863815e-06
1.547252e+01 2.346256e-02 -3.982386e-06
1.547252e+01 3.503514e-02 -1.015743e-05
1.547252e+01 5.263151e-02 -3.513142e-05
1.547252e+01 7.314235e-02 -6.424654e-05
1.547252e+01 1.025928e-01 -1.201581e-04
1.547252e+01 1.448116e-01 -1.734034e-04
1.547252e+01 2.023460e-01 -2.696703e-04
1.547252e+01 2.834245e-01 -3.871283e-04
1.547252e+01 3.967448e-01 -5.489064e-04
1.547252e+01 5.552783e-01 -7.439334e-04
1.547252e+01 7.774819e-01 -1.005665e-03
1.547252e+01 1.088445e+00 -1.325162e-03
1.547252e+01 1.523711e+00 -1.730207e-03
1.547252e+01 2.088426e+00 -2.096296e-03
1.547252e+01 2.685505e+00 -1.970682e-03
1.580197e+01 1.570796e-02 -3.840771e-06
1.580197e+01 2.346256e-02 -2.982325e-06
1.580197e+01 3.503514e-02 -7.735591e-06
1.580197e+01 5.263151e-02 -2.755514e-05
1.580197e+01 7.314235e-02 -5.023126e-05
1.580197e+01 1.025928e-01 -9.340953e-05
1.580197e+01 1.448116e-01 -1.353091e-04
1.580197e+01 2.023460e-01 -2.10416e-04
1.580197e+01 2.834245e-01 -3.025164e-04
1.580197e+01 3.967448e-01 -4.303479e-04
1.580197e+01 5.552783e-01 -5.865841e-04
1.580197e+01 7.774819e-01 -8.012416e-04
1.580197e+01 1.088445e+00 -1.065254e-03
1.580197e+01 1.523711e+00 -1.409894e-03
1.580197e+01 2.088426e+00 -1.725628e-03
1.580197e+01 2.685505e+00 -1.635572e-03
1.613801e+01 1.570796e-02 -2.884814e-06
1.613801e+01 2.346256e-02 -2.357281e-06
1.613801e+01 3.503514e-02 -6.222612e-06
1.613801e+01 5.263151e-02 -2.138084e-05
1.613801e+01 7.314235e-02 -3.927696e-05
1.613801e+01 1.025928e-01 -7.199753e-05
1.613801e+01 1.448116e-01 -1.045459e-04
1.613801e+01 2.023460e-01 -1.634168e-04
1.613801e+01 2.834245e-01 -2.340049e-04
1.613801e+01 3.967448e-01 -3.334853e-04
1.613801e+01 5.552783e-01 -4.600256e-04
1.613801e+01 7.774819e-01 -6.339501e-04
1.613801e+01 1.088445e+00 -8.499565e-04
1.613801e+01 1.523711e+00 -1.140075e-03
1.613801e+01 2.088426e+00 -1.405750e-03
1.613801e+01 2.685505e+00 -1.339848e-03
1.648077e+01 1.570796e-02 -2.294365e-06
1.648077e+01 2.346256e-02 -1.842351e-06
1.648077e+01 3.503514e-02 -4.822613e-06
1.648077e+01 5.263151e-02 -1.626552e-05
1.648077e+01 7.314235e-02 -3.044189e-05
1.648077e+01 1.025928e-01 -5.528679e-05
1.648077e+01 1.448116e-01 -7.985938e-05
1.648077e+01 2.023460e-01 -1.261470e-04
1.648077e+01 2.834245e-01 -1.79422e-04
1.648077e+01 3.967448e-01 -2.569479e-04
1.648077e+01 5.552783e-01 -3.576158e-04
1.648077e+01 7.774819e-01 -4.970058e-04
1.648077e+01 1.088445e+00 -6.741462e-04
1.648077e+01 1.523711e+00 -9.120697e-04
1.648077e+01 2.088426e+00 -1.133943e-03
1.648077e+01 2.685505e+00 -1.076129e-03
1.683038e+01 1.570796e-02 -1.732421e-06
1.683038e+01 2.346256e-02 -1.324453e-06
1.683038e+01 3.503514e-02 -3.614733e-06
1.683038e+01 5.263151e-02 -1.262286e-05
1.683038e+01 7.314235e-02 -2.263375e-05
1.683038e+01 1.025928e-01 -4.205139e-05
1.683038e+01 1.448116e-01 -6.055650e-05
1.683038e+01 2.023460e-01 -9.608006e-05
1.683038e+01 2.834245e-01 -1.36737e-04
1.683038e+01 3.967448e-01 -1.963978e-04
1.683038e+01 5.552783e-01 -2.759294e-04
1.683038e+01 7.774819e-01 -3.842743e-04
1.683038e+01 1.088445e+00 -5.263836e-04
1.683038e+01 1.523711e+00 -7.205988e-04
1.683038e+01 2.088426e+00 -9.021457e-04
1.683038e+01 2.685505e+00 -8.541991e-04
1.718699e+01 1.570796e-02 -1.293916e-06
1.718699e+01 2.346256e-02 -1.013672e-06
1.718699e+01 3.503514e-02 -2.688980e-06
1.718699e+01 5.263151e-02 -9.411797e-06
1.718699e+01 7.314235e-02 -1.685253e-05
1.718699e+01 1.025928e-01 -3.182849e-05
1.718699e+01 1.448116e-01 -4.496007e-05
1.718699e+01 2.023460e-01 -7.216225e-05
1.718699e+01 2.834245e-01 -1.030804e-04
1.718699e+01 3.967448e-01 -1.472271e-04
1.718699e+01 5.552783e-01 -2.091699e-04
1.718699e+01 7.774819e-01 -2.95521e-04
1.718699e+01 1.088445e+00 -4.065832e-04
1.718699e+01 1.523711e+00 -5.609202e-04
1.718699e+01 2.088426e+00 -7.062326e-04
1.718699e+01 2.685505e+00 -6.588583e-04
1.755073e+01 1.570796e-02 -9.721521e-07
1.755073e+01 2.346256e-02 -7.880560e-07
1.755073e+01 3.503514e-02 -2.028036e-06
1.755073e+01 5.263151e-02 -7.012077e-06
1.755073e+01 7.314235e-02 -1.239005e-05
1.755073e+01 1.025928e-01 -2.343978e-05
1.755073e+01 1.448116e-01 -3.315835e-05
1.755073e+01 2.023460e-01 -5.378498e-05
1.755073e+01 2.834245e-01 -7.683524e-05
1.755073e+01 3.967448e-01 -1.093302e-04
1.755073e+01 5.552783e-01 -1.569569e-04
1.755073e+01 7.774819e-01 -2.226213e-04
1.755073e+01 1.088445e+00 -3.087957e-04
1.755073e+01 1.523711e+00 -4.293038e-04
1.755073e+01 2.088426e+00 -5.376452e-04
1.755073e+01 2.685505e+00 -5.050878e-04
1.792175e+01 1.570796e-02 -6.90713e-07
1.792175e+01 2.346256e-02 -5.755591e-07
1.792175e+01 3.503514e-02 -1.433165e-06
1.792175e+01 5.263151e-02 -5.213424e-06
1.792175e+01 7.314235e-02 -9.186664e-06
1.792175e+01 1.025928e-01 -1.717762e-05
1.792175e+01 1.448116e-01 -2.427905e-05
1.792175e+01 2.023460e-01 -3.897572e-05
1.792175e+01 2.834245e-01 -5.603444e-05
1.792175e+01 3.967448e-01 -8.030593e-05
1.792175e+01 5.552783e-01 -1.162342e-04
1.792175e+01 7.774819e-01 -1.660307e-04
1.792175e+01 1.088445e+00 -2.312207e-04
1.792175e+01 1.523711e+00 -3.211653e-04
1.792175e+01 2.088426e+00 -4.041667e-04
1.792175e+01 2.685505e+00 -3.741076e-04
1.830018e+01 1.570796e-02 -4.973747e-07
1.830018e+01 2.346256e-02 -4.011938e-07
1.830018e+01 3.503514e-02 -1.048247e-06
1.830018e+01 5.263151e-02 -3.693045e-06
1.830018e+01 7.314235e-02 -6.514152e-06
1.830018e+01 1.025928e-01 -1.228755e-05
1.830018e+01 1.448116e-01 -1.743958e-05
1.830018e+01 2.023460e-01 -2.804234e-05
1.830018e+01 2.834245e-01 -4.012014e-05
1.830018e+01 3.967448e-01 -5.834106e-05
1.830018e+01 5.552783e-01 -8.443979e-05
1.830018e+01 7.774819e-01 -1.210598e-04
1.830018e+01 1.088445e+00 -1.687471e-04
1.830018e+01 1.523711e+00 -2.36147e-04
1.830018e+01 2.088426e+00 -3.002043e-04
1.830018e+01 2.685505e+00 -2.80395e-04
1.868618e+01 1.570796e-02 -3.586378e-07
1.868618e+01 2.346256e-02 -2.842856e-07
1.868618e+01 3.503514e-02 -7.647020e-07
1.868618e+01 5.263151e-02 -2.666903e-06
1.868618e+01 7.314235e-02 -4.676066e-06
1.868618e+01 1.025928e-01 -8.803839e-06
1.868618e+01 1.448116e-01 -1.252301e-05
1.868618e+01 2.023460e-01 -1.985496e-05
1.868618e+01 2.834245e-01 -2.881042e-05
1.868618e+01 3.967448e-01 -4.155004e-05
1.868618e+01 5.552783e-01 -6.027332e-05
1.868618e+01 7.774819e-01 -8.708027e-05
1.868618e+01 1.088445e+00 -1.214164e-04
1.868618e+01 1.523711e+00 -1.717264e-04
1.868618e+01 2.088426e+00 -2.200714e-04
1.868618e+01 2.685505e+00 -2.043223e-04
1.907991e+01 1.570796e-02 -2.547024e-07
1.907991e+01 2.346256e-02 -2.071221e-07
1.907991e+01 3.503514e-02 -5.389436e-07
1.907991e+01 5.263151e-02 -1.821716e-06
1.907991e+01 7.314235e-02 -3.318616e-06
1.907991e+01 1.025928e-01 -6.058085e-06
1.907991e+01 1.448116e-01 -8.448489e-06
1.907991e+01 2.023460e-01 -1.373758e-05
1.907991e+01 2.834245e-01 -1.975735e-05
1.907991e+01 3.967448e-01 -2.887307e-05
1.907991e+01 5.552783e-01 -4.189939e-05
1.907991e+01 7.774819e-01 -6.057173e-05
1.907991e+01 1.088445e+00 -8.456474e-05
1.907991e+01 1.523711e+00 -1.216258e-04
1.907991e+01 2.088426e+00 -1.563538e-04
1.907991e+01 2.685505e+00 -1.484202e-04
1.948151e+01 1.570796e-02 -1.693114e-07
1.948151e+01 2.346256e-02 -1.456242e-07
1.948151e+01 3.503514e-02 -3.884608e-07
1.948151e+01 5.263151e-02 -1.261097e-06
1.948151e+01 7.314235e-02 -2.335549e-06
1.948151e+01 1.025928e-01 -4.140691e-06
1.948151e+01 1.448116e-01 -5.743527e-06
1.948151e+01 2.023460e-01 -9.424153e-06
1.948151e+01 2.834245e-01 -1.370091e-05
1.948151e+01 3.967448e-01 -1.981758e-05
1.948151e+01 5.552783e-01 -2.903682e-05
1.948151e+01 7.774819e-01 -4.214457e-05
1.948151e+01 1.088445e+00 -5.875141e-05
1.948151e+01 1.523711e+00 -8.528780e-05
1.948151e+01 2.088426e+00 -1.115028e-04
1.948151e+01 2.685505e+00 -1.086210e-04
1.989114e+01 1.570796e-02 -1.256174e-07
1.989114e+01 2.346256e-02 -8.475334e-08
1.989114e+01 3.503514e-02 -2.582773e-07
1.989114e+01 5.263151e-02 -8.589966e-07
1.989114e+01 7.314235e-02 -1.582455e-06
1.989114e+01 1.025928e-01 -2.783869e-06
1.989114e+01 1.448116e-01 -3.820127e-06
1.989114e+01 2.023460e-01 -6.240126e-06
1.989114e+01 2.834245e-01 -9.181303e-06
1.989114e+01 3.967448e-01 -1.339422e-05
1.989114e+01 5.552783e-01 -1.966963e-05
1.989114e+01 7.774819e-01 -2.882179e-05
1.989114e+01 1.088445e+00 -4.032152e-05
1.989114e+01 1.523711e+00 -5.85906e-05
1.989114e+01 2.088426e+00 -7.66789e-05
1.989114e+01 2.685505e+00 -7.531636e-05
2.030896e+01 1.570796e-02 -9.320797e-08
2.030896e+01 2.346256e-02 -5.600527e-08
2.030896e+01 3.503514e-02 -1.645676e-07
2.030896e+01 5.263151e-02 -5.822145e-07
2.030896e+01 7.314235e-02 -1.078568e-06
2.030896e+01 1.025928e-01 -1.837121e-06
2.030896e+01 1.448116e-01 -2.564309e-06
2.030896e+01 2.023460e-01 -4.107697e-06
2.030896e+01 2.834245e-01 -6.118143e-06
2.030896e+01 3.967448e-01 -8.924095e-06
2.030896e+01 5.552783e-01 -1.324239e-05
2.030896e+01 7.774819e-01 -1.929007e-05
2.030896e+01 1.088445e+00 -2.711709e-05
2.030896e+01 1.523711e+00 -3.957443e-05
2.030896e+01 2.088426e+00 -5.11429e-05
2.030896e+01 2.685505e+00 -4.892980e-05
2.073514e+01 1.570796e-02 -6.032922e-08
2.073514e+01 2.346256e-02 -3.693125e-08
2.073514e+01 3.503514e-02 -9.202124e-08
2.073514e+01 5.263151e-02 -3.750265e-07
2.073514e+01 7.314235e-02 -6.593801e-07
2.073514e+01 1.025928e-01 -1.163823e-06
2.073514e+01 1.448116e-01 -1.637671e-06
2.073514e+01 2.023460e-01 -2.585386e-06
2.073514e+01 2.834245e-01 -3.846910e-06
2.073514e+01 3.967448e-01 -5.661155e-06
2.073514e+01 5.552783e-01 -8.399033e-06
2.073514e+01 7.774819e-01 -1.228730e-05
2.073514e+01 1.088445e+00 -1.759825e-05
2.073514e+01 1.523711e+00 -2.587597e-05
2.073514e+01 2.088426e+00 -3.399888e-05
2.073514e+01 2.685505e+00 -3.260498e-05
2.116984e+01 1.570796e-02 -3.234218e-08
2.116984e+01 2.346256e-02 -2.391428e-08
2.116984e+01 3.503514e-02 -5.262171e-08
2.116984e+01 5.263151e-02 -2.25865e-07
2.116984e+01 7.314235e-02 -3.970590e-07
2.116984e+01 1.025928e-01 -6.793058e-07
2.116984e+01 1.448116e-01 -9.855648e-07
2.116984e+01 2.023460e-01 -1.602123e-06
2.116984e+01 2.834245e-01 -2.343986e-06
2.116984e+01 3.967448e-01 -3.531807e-06
2.116984e+01 5.552783e-01 -5.169351e-06
2.116984e+01 7.774819e-01 -7.719369e-06
2.116984e+01 1.088445e+00 -1.115070e-05
2.116984e+01 1.523711e+00 -1.673517e-05
2.116984e+01 2.088426e+00 -2.191609e-05
2.116984e+01 2.685505e+00 -2.094654e-05
2.161324e+01 1.570796e-02 -2.33397e-08
2.161324e+01 2.346256e-02 -1.350926e-08
2.161324e+01 3.503514e-02 -2.761272e-08
2.161324e+01 5.263151e-02 -1.395081e-07
2.161324e+01 7.314235e-02 -2.31274e-07
2.161324e+01 1.025928e-01 -4.081871e-07
2.161324e+01 1.448116e-01 -5.628074e-07
2.161324e+01 2.023460e-01 -9.183634e-07
2.161324e+01 2.834245e-01 -1.372211e-06
2.161324e+01 3.967448e-01 -2.028175e-06
2.161324e+01 5.552783e-01 -3.054295e-06
2.161324e+01 7.774819e-01 -4.655038e-06
2.161324e+01 1.088445e+00 -6.765680e-06
2.161324e+01 1.523711e+00 -1.009486e-05
2.161324e+01 2.088426e+00 -1.347831e-05
2.161324e+01 2.685505e+00 -1.285037e-05
2.206550e+01 1.570796e-02 7.562026e-10
2.206550e+01 2.346256e-02 6.199796e-10
2.206550e+01 3.503514e-02 1.788463e-09
2.206550e+01 5.263151e-02 5.318088e-09
2.206550e+01 7.314235e-02 9.966931e-09
2.206550e+01 1.025928e-01 1.773201e-08
2.206550e+01 1.448116e-01 2.617195e-08
2.206550e+01 2.023460e-01 3.929634e-08
2.206550e+01 2.834245e-01 5.763735e-08
2.206550e+01 3.967448e-01 8.286585e-08
2.206550e+01 5.552783e-01 1.145867e-07
2.206550e+01 7.774819e-01 1.465246e-07
2.206550e+01 1.088445e+00 1.606341e-07
2.206550e+01 1.523711e+00 1.374189e-07
2.206550e+01 2.088426e+00 8.921493e-08
2.206550e+01 2.685505e+00 4.255557e-08
2.252681e+01 1.570796e-02 7.130054e-10
2.252681e+01 2.346256e-02 5.834839e-10
2.252681e+01 3.503514e-02 1.686640e-09
2.252681e+01 5.263151e-02 5.010169e-09
2.252681e+01 7.314235e-02 9.390272e-09
2.252681e+01 1.025928e-01 1.671105e-08
2.252681e+01 1.448116e-01 2.469405e-08
2.252681e+01 2.023460e-01 3.713343e-08
2.252681e+01 2.834245e-01 5.473065e-08
2.252681e+01 3.967448e-01 7.919888e-08
2.252681e+01 5.552783e-01 1.102842e-07
2.252681e+01 7.774819e-01 1.418101e-07
2.252681e+01 1.088445e+00 1.564661e-07
2.252681e+01 1.523711e+00 1.351033e-07
2.252681e+01 2.088426e+00 8.873480e-08
2.252681e+01 2.685505e+00 4.249904e-08
2.299735e+01 1.570796e-02 6.700097e-10
2.299735e+01 2.346256e-02 5.469392e-10
2.299735e+01 3.503514e-02 1.58639e-09
2.299735e+01 5.263151e-02 4.706568e-09
2.299735e+01 7.314235e-02 8.823456e-09
2.299735e+01 1.025928e-01 1.570631e-08
2.299735e+01 1.448116e-01 2.323532e-08
2.299735e+01 2.023460e-01 3.501391e-08
2.299735e+01 2.834245e-01 5.187278e-08
2.299735e+01 3.967448e-01 7.55425e-08
2.299735e+01 5.552783e-01 1.059211e-07
2.299735e+01 7.774819e-01 1.369474e-07
2.299735e+01 1.088445e+00 1.521258e-07
2.299735e+01 1.523711e+00 1.327113e-07
2.299735e+01 2.088426e+00 8.837038e-08
2.299735e+01 2.685505e+00 4.255279e-08
2.34773e+01 1.570796e-02 6.273937e-10
2.34773e+01 2.346256e-02 5.112363e-10
2.34773e+01 3.503514e-02 1.488395e-09
2.34773e+01 5.263151e-02 4.408390e-09
2.34773e+01 7.314235e-02 8.267004e-09
2.34773e+01 1.025928e-01 1.472474e-08
2.34773e+01 1.448116e-01 2.181216e-08
2.34773e+01 2.023460e-01 3.29435e-08
2.34773e+01 2.834245e-01 4.907857e-08
2.34773e+01 3.967448e-01 7.192130e-08
2.34773e+01 5.552783e-01 1.015357e-07
2.34773e+01 7.774819e-01 1.319833e-07
2.34773e+01 1.088445e+00 1.475804e-07
2.34773e+01 1.523711e+00 1.303370e-07
2.34773e+01 2.088426e+00 8.80534e-08
2.34773e+01 2.685505e+00 4.264751e-08
2.396684e+01 1.570796e-02 5.859205e-10
2.396684e+01 2.346256e-02 4.760743e-10
2.396684e+01 3.503514e-02 1.392194e-09
2.396684e+01 5.263151e-02 4.116513e-09
2.396684e+01 7.314235e-02 7.726106e-09
2.396684e+01 1.025928e-01 1.376815e-08
2.396684e+01 1.448116e-01 2.042354e-08
2.396684e+01 2.023460e-01 3.092489e-08
2.396684e+01 2.834245e-01 4.632956e-08
2.396684e+01 3.967448e-01 6.832604e-08
2.396684e+01 5.552783e-01 9.708954e-08
2.396684e+01 7.774819e-01 1.268306e-07
2.396684e+01 1.088445e+00 1.428491e-07
2.396684e+01 1.523711e+00 1.278260e-07
2.396684e+01 2.088426e+00 8.777707e-08
2.396684e+01 2.685505e+00 4.28585e-08
2.446618e+01 1.570796e-02 5.452641e-10
2.446618e+01 2.346256e-02 4.41871e-10
2.446618e+01 3.503514e-02 1.298335e-09
2.446618e+01 5.263151e-02 3.833190e-09
2.446618e+01 7.314235e-02 7.200157e-09
2.446618e+01 1.025928e-01 1.28378e-08
2.446618e+01 1.448116e-01 1.907596e-08
2.446618e+01 2.023460e-01 2.894758e-08
2.446618e+01 2.834245e-01 4.364543e-08
2.446618e+01 3.967448e-01 6.474468e-08
2.446618e+01 5.552783e-01 9.252578e-08
2.446618e+01 7.774819e-01 1.214997e-07
2.446618e+01 1.088445e+00 1.379369e-07
2.446618e+01 1.523711e+00 1.252231e-07
2.446618e+01 2.088426e+00 8.766503e-08
2.446618e+01 2.685505e+00 4.292972e-08
2.497550e+01 1.570796e-02 5.056452e-10
2.497550e+01 2.346256e-02 4.084817e-10
2.497550e+01 3.503514e-02 1.206433e-09
2.497550e+01 5.263151e-02 3.557691e-09
2.497550e+01 7.314235e-02 6.689098e-09
2.497550e+01 1.025928e-01 1.193099e-08
2.497550e+01 1.448116e-01 1.775787e-08
2.497550e+01 2.023460e-01 2.702532e-08
2.497550e+01 2.834245e-01 4.099782e-08
2.497550e+01 3.967448e-01 6.116834e-08
2.497550e+01 5.552783e-01 8.790623e-08
2.497550e+01 7.774819e-01 1.160102e-07
2.497550e+01 1.088445e+00 1.328066e-07
2.497550e+01 1.523711e+00 1.225656e-07
2.497550e+01 2.088426e+00 8.757258e-08
2.497550e+01 2.685505e+00 4.337037e-08
2.549501e+01 1.570796e-02 4.672909e-10
2.549501e+01 2.346256e-02 3.762773e-10
2.549501e+01 3.503514e-02 1.116723e-09
2.549501e+01 5.263151e-02 3.289295e-09
2.549501e+01 7.314235e-02 6.192256e-09
2.549501e+01 1.025928e-01 1.105036e-08
2.549501e+01 1.448116e-01 1.647625e-08
2.549501e+01 2.023460e-01 2.515020e-08
2.549501e+01 2.834245e-01 3.838289e-08
2.549501e+01 3.967448e-01 5.760687e-08
2.549501e+01 5.552783e-01 8.319665e-08
2.549501e+01 7.774819e-01 1.103986e-07
2.549501e+01 1.088445e+00 1.275144e-07
2.549501e+01 1.523711e+00 1.197827e-07
2.549501e+01 2.088426e+00 8.742093e-08
2.549501e+01 2.685505e+00 4.392347e-08
2.602491e+01 1.570796e-02 4.300168e-10
2.602491e+01 2.346256e-02 3.446288e-10
2.602491e+01 3.503514e-02 1.029610e-09
2.602491e+01 5.263151e-02 3.028724e-09
2.602491e+01 7.314235e-02 5.707625e-09
2.602491e+01 1.025928e-01 1.01943e-08
2.602491e+01 1.448116e-01 1.522802e-08
2.602491e+01 2.023460e-01 2.331108e-08
2.602491e+01 2.834245e-01 3.58033e-08
2.602491e+01 3.967448e-01 5.403184e-08
2.602491e+01 5.552783e-01 7.841020e-08
2.602491e+01 7.774819e-01 1.045547e-07
2.602491e+01 1.088445e+00 1.219346e-07
2.602491e+01 1.523711e+00 1.167022e-07
2.602491e+01 2.088426e+00 8.731418e-08
2.602491e+01 2.685505e+00 4.505701e-08
2.656541e+01 1.570796e-02 3.938869e-10
2.656541e+01 2.346256e-02 3.13902e-10
2.656541e+01 3.503514e-02 9.448305e-10
2.656541e+01 5.263151e-02 2.775818e-09
2.656541e+01 7.314235e-02 5.240346e-09
2.656541e+01 1.025928e-01 9.362073e-09
2.656541e+01 1.448116e-01 1.400955e-08
2.656541e+01 2.023460e-01 2.151635e-08
2.656541e+01 2.834245e-01 3.325374e-08
2.656541e+01 3.967448e-01 5.043863e-08
2.656541e+01 5.552783e-01 7.351614e-08
2.656541e+01 7.774819e-01 9.85135e-08
2.656541e+01 1.088445e+00 1.160905e-07
2.656541e+01 1.523711e+00 1.133846e-07
2.656541e+01 2.088426e+00 8.717047e-08
2.656541e+01 2.685505e+00 4.617006e-08
2.711672e+01 1.570796e-02 3.586899e-10
2.711672e+01 2.346256e-02 2.844675e-10
2.711672e+01 3.503514e-02 8.621138e-10
2.711672e+01 5.263151e-02 2.529423e-09
2.711672e+01 7.314235e-02 4.784778e-09
2.711672e+01 1.025928e-01 8.551917e-09
2.711672e+01 1.448116e-01 1.282287e-08
2.711672e+01 2.023460e-01 1.97531e-08
2.711672e+01 2.834245e-01 3.072277e-08
2.711672e+01 3.967448e-01 4.682506e-08
2.711672e+01 5.552783e-01 6.849207e-08
2.711672e+01 7.774819e-01 9.234871e-08
2.711672e+01 1.088445e+00 1.100184e-07
2.711672e+01 1.523711e+00 1.097113e-07
2.711672e+01 2.088426e+00 8.694675e-08
2.711672e+01 2.685505e+00 4.77538e-08
2.767905e+01 1.570796e-02 3.246523e-10
2.767905e+01 2.346256e-02 2.558695e-10
2.767905e+01 3.503514e-02 7.81547e-10
2.767905e+01 5.263151e-02 2.290874e-09
2.767905e+01 7.314235e-02 4.340573e-09
2.767905e+01 1.025928e-01 7.763345e-09
2.767905e+01 1.448116e-01 1.166452e-08
2.767905e+01 2.023460e-01 1.802549e-08
2.767905e+01 2.834245e-01 2.820837e-08
2.767905e+01 3.967448e-01 4.318007e-08
2.767905e+01 5.552783e-01 6.340379e-08
2.767905e+01 7.774819e-01 8.597956e-08
2.767905e+01 1.088445e+00 1.035766e-07
2.767905e+01 1.523711e+00 1.056048e-07
2.767905e+01 2.088426e+00 8.648463e-08
2.767905e+01 2.685505e+00 4.962761e-08
2.825263e+01 1.570796e-02 2.915199e-10
2.825263e+01 2.346256e-02 2.282314e-10
2.825263e+01 3.503514e-02 7.029818e-10
2.825263e+01 5.263151e-02 2.05809e-09
2.825263e+01 7.314235e-02 3.909080e-09
2.825263e+01 1.025928e-01 6.996267e-09
2.825263e+01 1.448116e-01 1.053298e-08
2.825263e+01 2.023460e-01 1.633397e-08
2.825263e+01 2.834245e-01 2.570622e-08
2.825263e+01 3.967448e-01 3.951706e-08
2.825263e+01 5.552783e-01 5.822119e-08
2.825263e+01 7.774819e-01 7.940707e-08
2.825263e+01 1.088445e+00 9.679996e-08
2.825263e+01 1.523711e+00 1.009516e-07
2.825263e+01 2.088426e+00 8.566465e-08
2.825263e+01 2.685505e+00 5.179514e-08
2.883769e+01 1.570796e-02 2.594124e-10
2.883769e+01 2.346256e-02 2.015538e-10
2.883769e+01 3.503514e-02 6.267131e-10
2.883769e+01 5.263151e-02 1.832181e-09
2.883769e+01 7.314235e-02 3.487831e-09
2.883769e+01 1.025928e-01 6.248770e-09
2.883769e+01 1.448116e-01 9.424823e-09
2.883769e+01 2.023460e-01 1.466548e-08
2.883769e+01 2.834245e-01 2.321111e-08
2.883769e+01 3.967448e-01 3.581251e-08
2.883769e+01 5.552783e-01 5.294300e-08
2.883769e+01 7.774819e-01 7.267183e-08
2.883769e+01 1.088445e+00 8.966127e-08
2.883769e+01 1.523711e+00 9.574777e-08
2.883769e+01 2.088426e+00 8.435899e-08
2.883769e+01 2.685505e+00 5.437045e-08
2.943444e+01 1.570796e-02 2.282582e-10
2.943444e+01 2.346256e-02 1.759350e-10
2.943444e+01 3.503514e-02 5.524178e-10
2.943444e+01 5.263151e-02 1.612947e-09
2.943444e+01 7.314235e-02 3.079019e-09
2.943444e+01 1.025928e-01 5.51813e-09
2.943444e+01 1.448116e-01 8.341103e-09
2.943444e+01 2.023460e-01 1.302091e-08
2.943444e+01 2.834245e-01 2.072371e-08
2.943444e+01 3.967448e-01 3.209239e-08
2.943444e+01 5.552783e-01 4.757642e-08
2.943444e+01 7.774819e-01 6.569399e-08
2.943444e+01 1.088445e+00 8.210595e-08
2.943444e+01 1.523711e+00 8.983577e-08
2.943444e+01 2.088426e+00 8.245491e-08
2.943444e+01 2.685505e+00 5.694167e-08
3.004313e+01 1.570796e-02 1.980517e-10
3.004313e+01 2.346256e-02 1.513758e-10
3.004313e+01 3.503514e-02 4.802125e-10
3.004313e+01 5.263151e-02 1.399892e-09
3.004313e+01 7.314235e-02 2.678853e-09
3.004313e+01 1.025928e-01 4.804606e-09
3.004313e+01 1.448116e-01 7.279948e-09
3.004313e+01 2.023460e-01 1.139926e-08
3.004313e+01 2.834245e-01 1.823844e-08
3.004313e+01 3.967448e-01 2.834354e-08
3.004313e+01 5.552783e-01 4.213786e-08
3.004313e+01 7.774819e-01 5.855225e-08
3.004313e+01 1.088445e+00 7.409101e-08
3.004313e+01 1.523711e+00 8.316813e-08
3.004313e+01 2.088426e+00 7.969357e-08
3.004313e+01 2.685505e+00 5.925441e-08
3.066399e+01 1.570796e-02 1.687043e-10
3.066399e+01 2.346256e-02 1.278111e-10
3.066399e+01 3.503514e-02 4.099273e-10
3.066399e+01 5.263151e-02 1.193103e-09
3.066399e+01 7.314235e-02 2.288979e-09
3.066399e+01 1.025928e-01 4.10861e-09
3.066399e+01 1.448116e-01 6.239547e-09
3.066399e+01 2.023460e-01 9.802882e-09
3.066399e+01 2.834245e-01 1.576160e-08
3.066399e+01 3.967448e-01 2.455598e-08
3.066399e+01 5.552783e-01 3.661236e-08
3.066399e+01 7.774819e-01 5.118846e-08
3.066399e+01 1.088445e+00 6.559566e-08
3.066399e+01 1.523711e+00 7.560874e-08
3.066399e+01 2.088426e+00 7.588394e-08
3.066399e+01 2.685505e+00 6.105474e-08
3.129727e+01 1.570796e-02 1.402827e-10
3.129727e+01 2.346256e-02 1.05256e-10
3.129727e+01 3.503514e-02 3.414287e-10
3.129727e+01 5.263151e-02 9.921249e-10
3.129727e+01 7.314235e-02 1.90887e-09
3.129727e+01 1.025928e-01 3.428398e-09
3.129727e+01 1.448116e-01 5.218555e-09
3.129727e+01 2.023460e-01 8.227713e-09
3.129727e+01 2.834245e-01 1.328905e-08
3.129727e+01 3.967448e-01 2.075884e-08
3.129727e+01 5.552783e-01 3.102764e-08
3.129727e+01 7.774819e-01 4.362579e-08
3.129727e+01 1.088445e+00 5.662803e-08
3.129727e+01 1.523711e+00 6.704297e-08
3.129727e+01 2.088426e+00 7.066551e-08
3.129727e+01 2.685505e+00 6.183119e-08
3.194322e+01 1.570796e-02 1.128014e-10
3.194322e+01 2.346256e-02 8.368449e-11
3.194322e+01 3.503514e-02 2.746356e-10
3.194322e+01 5.263151e-02 7.970078e-10
3.194322e+01 7.314235e-02 1.537961e-09
3.194322e+01 1.025928e-01 2.765188e-09
3.194322e+01 1.448116e-01 4.219116e-09
3.194322e+01 2.023460e-01 6.672397e-09
3.194322e+01 2.834245e-01 1.082712e-08
3.194322e+01 3.967448e-01 1.694396e-08
3.194322e+01 5.552783e-01 2.538836e-08
3.194322e+01 7.774819e-01 3.590465e-08
3.194322e+01 1.088445e+00 4.720663e-08
3.194322e+01 1.523711e+00 5.745102e-08
3.194322e+01 2.088426e+00 6.375706e-08
3.194322e+01 2.685505e+00 6.071629e-08
3.260208e+01 1.570796e-02 8.613924e-11
3.260208e+01 2.346256e-02 6.310567e-11
3.260208e+01 3.503514e-02 2.097647e-10
3.260208e+01 5.263151e-02 6.083914e-10
3.260208e+01 7.314235e-02 1.176773e-09
3.260208e+01 1.025928e-01 2.117378e-09
3.260208e+01 1.448116e-01 3.239995e-09
3.260208e+01 2.023460e-01 5.140985e-09
3.260208e+01 2.834245e-01 8.373316e-09
3.260208e+01 3.967448e-01 1.312495e-08
3.260208e+01 5.552783e-01 1.971223e-08
3.260208e+01 7.774819e-01 2.803196e-08
3.260208e+01 1.088445e+00 3.731680e-08
3.260208e+01 1.523711e+00 4.669628e-08
3.260208e+01 2.088426e+00 5.478436e-08
3.260208e+01 2.685505e+00 5.69304e-08
3.327412e+01 1.570796e-02 6.027307e-11
3.327412e+01 2.346256e-02 4.346995e-11
3.327412e+01 3.503514e-02 1.467373e-10
3.327412e+01 5.263151e-02 4.24846e-10
3.327412e+01 7.314235e-02 8.246715e-10
3.327412e+01 1.025928e-01 1.486277e-09
3.327412e+01 1.448116e-01 2.279058e-09
3.327412e+01 2.023460e-01 3.628118e-09
3.327412e+01 2.834245e-01 5.932092e-09
3.327412e+01 3.967448e-01 9.313541e-09
3.327412e+01 5.552783e-01 1.402082e-08
3.327412e+01 7.774819e-01 2.005975e-08
3.327412e+01 1.088445e+00 2.702969e-08
3.327412e+01 1.523711e+00 3.477834e-08
3.327412e+01 2.088426e+00 4.320149e-08
3.327412e+01 2.685505e+00 4.877541e-08
3.395961e+01 1.570796e-02 3.631116e-11
3.395961e+01 2.346256e-02 2.628783e-11
3.395961e+01 3.503514e-02 8.901249e-11
3.395961e+01 5.263151e-02 2.571672e-10
3.395961e+01 7.314235e-02 4.993212e-10
3.395961e+01 1.025928e-01 8.998492e-10
3.395961e+01 1.448116e-01 1.38097e-09
3.395961e+01 2.023460e-01 2.196028e-09
3.395961e+01 2.834245e-01 3.586730e-09
3.395961e+01 3.967448e-01 5.606734e-09
3.395961e+01 5.552783e-01 8.410451e-09
3.395961e+01 7.774819e-01 1.204162e-08
3.395961e+01 1.088445e+00 1.637029e-08
3.395961e+01 1.523711e+00 2.160001e-08
3.395961e+01 2.088426e+00 2.824952e-08
3.395961e+01 2.685505e+00 3.418159e-08
3.46588e+01 1.570796e-02 1.098039e-11
3.46588e+01 2.346256e-02 8.599551e-12
3.46588e+01 3.503514e-02 2.761388e-11
3.46588e+01 5.263151e-02 7.787694e-11
3.46588e+01 7.314235e-02 1.54034e-10
3.46588e+01 1.025928e-01 2.809767e-10
3.46588e+01 1.448116e-01 4.362793e-10
3.46588e+01 2.023460e-01 6.955615e-10
3.46588e+01 2.834245e-01 1.153373e-09
3.46588e+01 3.967448e-01 1.811458e-09
3.46588e+01 5.552783e-01 2.734962e-09
3.46588e+01 7.774819e-01 3.948542e-09
3.46588e+01 1.088445e+00 5.433717e-09
3.46588e+01 1.523711e+00 7.340300e-09
3.46588e+01 2.088426e+00 1.008592e-08
3.46588e+01 2.685505e+00 1.312532e-08
3.537197e+01 1.570796e-02 0.e+00
3.537197e+01 2.346256e-02 0.e+00
3.537197e+01 3.503514e-02 0.e+00
3.537197e+01 5.263151e-02 0.e+00
3.537197e+01 7.314235e-02 0.e+00
3.537197e+01 1.025928e-01 0.e+00
3.537197e+01 1.448116e-01 0.e+00
3.537197e+01 2.023460e-01 0.e+00
3.537197e+01 2.834245e-01 0.e+00
3.537197e+01 3.967448e-01 0.e+00
3.537197e+01 5.552783e-01 0.e+00
3.537197e+01 7.774819e-01 0.e+00
3.537197e+01 1.088445e+00 0.e+00
3.537197e+01 1.523711e+00 0.e+00
3.537197e+01 2.088426e+00 0.e+00
3.537197e+01 2.685505e+00 0.e+00
