5.e+00 1.570796e-02 0.e+00
5.e+00 2.346256e-02 0.e+00
5.e+00 3.503514e-02 0.e+00
5.e+00 5.263151e-02 0.e+00
5.e+00 7.314235e-02 0.e+00
5.e+00 1.025928e-01 0.e+00
5.e+00 1.448116e-01 0.e+00
5.e+00 2.023460e-01 0.e+00
5.e+00 2.834245e-01 0.e+00
5.e+00 3.967448e-01 0.e+00
5.e+00 5.552783e-01 0.e+00
5.e+00 7.774819e-01 0.e+00
5.e+00 1.088445e+00 0.e+00
5.e+00 1.523711e+00 0.e+00
5.e+00 2.088426e+00 0.e+00
5.e+00 2.685505e+00 0.e+00
5.12e+00 1.570796e-02 0.e+00
5.12e+00 2.346256e-02 0.e+00
5.12e+00 3.503514e-02 0.e+00
5.12e+00 5.263151e-02 0.e+00
5.12e+00 7.314235e-02 0.e+00
5.12e+00 1.025928e-01 0.e+00
5.12e+00 1.448116e-01 0.e+00
5.12e+00 2.023460e-01 0.e+00
5.12e+00 2.834245e-01 0.e+00
5.12e+00 3.967448e-01 0.e+00
5.12e+00 5.552783e-01 0.e+00
5.12e+00 7.774819e-01 0.e+00
5.12e+00 1.088445e+00 0.e+00
5.12e+00 1.523711e+00 0.e+00
5.12e+00 2.088426e+00 0.e+00
5.12e+00 2.685505e+00 0.e+00
5.2424e+00 1.570796e-02 0.e+00
5.2424e+00 2.346256e-02 0.e+00
5.2424e+00 3.503514e-02 0.e+00
5.2424e+00 5.263151e-02 0.e+00
5.2424e+00 7.314235e-02 0.e+00
5.2424e+00 1.025928e-01 0.e+00
5.2424e+00 1.448116e-01 0.e+00
5.2424e+00 2.023460e-01 0.e+00
5.2424e+00 2.834245e-01 0.e+00
5.2424e+00 3.967448e-01 0.e+00
5.2424e+00 5.552783e-01 0.e+00
5.2424e+00 7.774819e-01 0.e+00
5.2424e+00 1.088445e+00 0.e+00
5.2424e+00 1.523711e+00 0.e+00
5.2424e+00 2.088426e+00 0.e+00
5.2424e+00 2.685505e+00 0.e+00
5.367248e+00 1.570796e-02 0.e+00
5.367248e+00 2.346256e-02 0.e+00
5.367248e+00 3.503514e-02 0.e+00
5.367248e+00 5.263151e-02 0.e+00
5.367248e+00 7.314235e-02 0.e+00
5.367248e+00 1.025928e-01 0.e+00
5.367248e+00 1.448116e-01 0.e+00
5.367248e+00 2.023460e-01 0.e+00
5.367248e+00 2.834245e-01 0.e+00
5.367248e+00 3.967448e-01 0.e+00
5.367248e+00 5.552783e-01 0.e+00
5.367248e+00 7.774819e-01 0.e+00
5.367248e+00 1.088445e+00 0.e+00
5.367248e+00 1.523711e+00 0.e+00
5.367248e+00 2.088426e+00 0.e+00
5.367248e+00 2.685505e+00 0.e+00
5.494593e+00 1.570796e-02 0.e+00
5.494593e+00 2.346256e-02 0.e+00
5.494593e+00 3.503514e-02 0.e+00
5.494593e+00 5.263151e-02 0.e+00
5.494593e+00 7.314235e-02 0.e+00
5.494593e+00 1.025928e-01 0.e+00
5.494593e+00 1.448116e-01 0.e+00
5.494593e+00 2.023460e-01 0.e+00
5.494593e+00 2.834245e-01 0.e+00
5.494593e+00 3.967448e-01 0.e+00
5.494593e+00 5.552783e-01 0.e+00
5.494593e+00 7.774819e-01 0.e+00
5.494593e+00 1.088445e+00 0.e+00
5.494593e+00 1.523711e+00 0.e+00
5.494593e+00 2.088426e+00 0.e+00
5.494593e+00 2.685505e+00 0.e+00
5.624485e+00 1.570796e-02 0.e+00
5.624485e+00 2.346256e-02 0.e+00
5.624485e+00 3.503514e-02 0.e+00
5.624485e+00 5.263151e-02 0.e+00
5.624485e+00 7.314235e-02 0.e+00
5.624485e+00 1.025928e-01 0.e+00
5.624485e+00 1.448116e-01 0.e+00
5.624485e+00 2.023460e-01 0.e+00
5.624485e+00 2.834245e-01 0.e+00
5.624485e+00 3.967448e-01 0.e+00
5.624485e+00 5.552783e-01 0.e+00
5.624485e+00 7.774819e-01 0.e+00
5.624485e+00 1.088445e+00 0.e+00
5.624485e+00 1.523711e+00 0.e+00
5.624485e+00 2.088426e+00 0.e+00
5.624485e+00 2.685505e+00 0.e+00
5.756975e+00 1.570796e-02 0.e+00
5.756975e+00 2.346256e-02 0.e+00
5.756975e+00 3.503514e-02 0.e+00
5.756975e+00 5.263151e-02 0.e+00
5.756975e+00 7.314235e-02 0.e+00
5.756975e+00 1.025928e-01 0.e+00
5.756975e+00 1.448116e-01 0.e+00
5.756975e+00 2.023460e-01 0.e+00
5.756975e+00 2.834245e-01 0.e+00
5.756975e+00 3.967448e-01 0.e+00
5.756975e+00 5.552783e-01 0.e+00
5.756975e+00 7.774819e-01 0.e+00
5.756975e+00 1.088445e+00 0.e+00
5.756975e+00 1.523711e+00 0.e+00
5.756975e+00 2.088426e+00 0.e+00
5.756975e+00 2.685505e+00 0.e+00
5.892114e+00 1.570796e-02 0.e+00
5.892114e+00 2.346256e-02 0.e+00
5.892114e+00 3.503514e-02 0.e+00
5.892114e+00 5.263151e-02 0.e+00
5.892114e+00 7.314235e-02 0.e+00
5.892114e+00 1.025928e-01 0.e+00
5.892114e+00 1.448116e-01 0.e+00
5.892114e+00 2.023460e-01 0.e+00
5.892114e+00 2.834245e-01 0.e+00
5.892114e+00 3.967448e-01 0.e+00
5.892114e+00 5.552783e-01 0.e+00
5.892114e+00 7.774819e-01 0.e+00
5.892114e+00 1.088445e+00 0.e+00
5.892114e+00 1.523711e+00 0.e+00
5.892114e+00 2.088426e+00 0.e+00
5.892114e+00 2.685505e+00 0.e+00
6.029956e+00 1.570796e-02 -5.213453e-05
6.029956e+00 2.346256e-02 -3.662164e-05
6.029956e+00 3.503514e-02 -6.855165e-05
6.029956e+00 5.263151e-02 -3.714103e-05
6.029956e+00 7.314235e-02 -1.102888e-04
6.029956e+00 1.025928e-01 -1.520941e-05
6.029956e+00 1.448116e-01 -1.159702e-04
6.029956e+00 2.023460e-01 -6.019654e-05
6.029956e+00 2.834245e-01 -7.35643e-05
6.029956e+00 3.967448e-01 -2.998110e-05
6.029956e+00 5.552783e-01 -4.409019e-05
6.029956e+00 7.774819e-01 -4.790391e-05
6.029956e+00 1.088445e+00 -4.254613e-05
6.029956e+00 1.523711e+00 -4.131081e-05
6.029956e+00 2.088426e+00 -4.974564e-05
6.029956e+00 2.685505e+00 -5.838438e-05
6.170555e+00 1.570796e-02 -1.855888e-04
6.170555e+00 2.346256e-02 -1.493312e-04
6.170555e+00 3.503514e-02 -2.422346e-04
6.170555e+00 5.263151e-02 -3.573473e-04
6.170555e+00 7.314235e-02 -4.622728e-04
6.170555e+00 1.025928e-01 -2.842347e-04
6.170555e+00 1.448116e-01 -3.526204e-04
6.170555e+00 2.023460e-01 -4.020291e-04
6.170555e+00 2.834245e-01 -4.839892e-04
6.170555e+00 3.967448e-01 -3.082047e-04
6.170555e+00 5.552783e-01 -2.875635e-04
6.170555e+00 7.774819e-01 -2.667660e-04
6.170555e+00 1.088445e+00 -2.387615e-04
6.170555e+00 1.523711e+00 -2.413787e-04
6.170555e+00 2.088426e+00 -2.926531e-04
6.170555e+00 2.685505e+00 -3.507770e-04
6.313967e+00 1.570796e-02 -4.229727e-04
6.313967e+00 2.346256e-02 -4.442445e-04
6.313967e+00 3.503514e-02 -7.370748e-04
6.313967e+00 5.263151e-02 -1.24542e-03
6.313967e+00 7.314235e-02 -1.707921e-03
6.313967e+00 1.025928e-01 -1.370068e-03
6.313967e+00 1.448116e-01 -1.721485e-03
6.313967e+00 2.023460e-01 -1.606791e-03
6.313967e+00 2.834245e-01 -1.63295e-03
6.313967e+00 3.967448e-01 -1.250863e-03
6.313967e+00 5.552783e-01 -1.098609e-03
6.313967e+00 7.774819e-01 -1.022984e-03
6.313967e+00 1.088445e+00 -9.099183e-04
6.313967e+00 1.523711e+00 -9.178188e-04
6.313967e+00 2.088426e+00 -1.092765e-03
6.313967e+00 2.685505e+00 -1.278317e-03
6.460246e+00 1.570796e-02 -6.373339e-04
6.460246e+00 2.346256e-02 -1.055952e-03
6.460246e+00 3.503514e-02 -1.641869e-03
6.460246e+00 5.263151e-02 -2.598220e-03
6.460246e+00 7.314235e-02 -4.272074e-03
6.460246e+00 1.025928e-01 -3.077697e-03
6.460246e+00 1.448116e-01 -3.889184e-03
6.460246e+00 2.023460e-01 -3.858446e-03
6.460246e+00 2.834245e-01 -3.803765e-03
6.460246e+00 3.967448e-01 -3.133796e-03
6.460246e+00 5.552783e-01 -2.860593e-03
6.460246e+00 7.774819e-01 -2.512678e-03
6.460246e+00 1.088445e+00 -2.246347e-03
6.460246e+00 1.523711e+00 -2.227802e-03
6.460246e+00 2.088426e+00 -2.604262e-03
6.460246e+00 2.685505e+00 -3.037507e-03
6.609451e+00 1.570796e-02 -7.136661e-04
6.609451e+00 2.346256e-02 -1.605754e-03
6.609451e+00 3.503514e-02 -2.853683e-03
6.609451e+00 5.263151e-02 -4.189927e-03
6.609451e+00 7.314235e-02 -7.08443e-03
6.609451e+00 1.025928e-01 -5.936963e-03
6.609451e+00 1.448116e-01 -6.887778e-03
6.609451e+00 2.023460e-01 -7.277005e-03
6.609451e+00 2.834245e-01 -6.861006e-03
6.609451e+00 3.967448e-01 -5.948098e-03
6.609451e+00 5.552783e-01 -5.434685e-03
6.609451e+00 7.774819e-01 -4.730651e-03
6.609451e+00 1.088445e+00 -4.148803e-03
6.609451e+00 1.523711e+00 -4.091912e-03
6.609451e+00 2.088426e+00 -4.726737e-03
6.609451e+00 2.685505e+00 -5.440854e-03
6.76164e+00 1.570796e-02 -7.852290e-04
6.76164e+00 2.346256e-02 -2.00223e-03
6.76164e+00 3.503514e-02 -3.777703e-03
6.76164e+00 5.263151e-02 -5.77431e-03
6.76164e+00 7.314235e-02 -9.864316e-03
6.76164e+00 1.025928e-01 -9.326704e-03
6.76164e+00 1.448116e-01 -1.119118e-02
6.76164e+00 2.023460e-01 -1.150898e-02
6.76164e+00 2.834245e-01 -1.134090e-02
6.76164e+00 3.967448e-01 -9.715759e-03
6.76164e+00 5.552783e-01 -8.836722e-03
6.76164e+00 7.774819e-01 -7.749406e-03
6.76164e+00 1.088445e+00 -6.698661e-03
6.76164e+00 1.523711e+00 -6.496172e-03
6.76164e+00 2.088426e+00 -7.423875e-03
6.76164e+00 2.685505e+00 -8.540646e-03
6.916873e+00 1.570796e-02 -8.137937e-04
6.916873e+00 2.346256e-02 -2.104400e-03
6.916873e+00 3.503514e-02 -4.336022e-03
6.916873e+00 5.263151e-02 -7.106777e-03
6.916873e+00 7.314235e-02 -1.237878e-02
6.916873e+00 1.025928e-01 -1.305477e-02
6.916873e+00 1.448116e-01 -1.578363e-02
6.916873e+00 2.023460e-01 -1.630645e-02
6.916873e+00 2.834245e-01 -1.622392e-02
6.916873e+00 3.967448e-01 -1.422812e-02
6.916873e+00 5.552783e-01 -1.306612e-02
6.916873e+00 7.774819e-01 -1.132149e-02
6.916873e+00 1.088445e+00 -9.831682e-03
6.916873e+00 1.523711e+00 -9.376869e-03
6.916873e+00 2.088426e+00 -1.060869e-02
6.916873e+00 2.685505e+00 -1.204465e-02
7.075210e+00 1.570796e-02 -8.479594e-04
7.075210e+00 2.346256e-02 -2.05835e-03
7.075210e+00 3.503514e-02 -4.560843e-03
7.075210e+00 5.263151e-02 -7.943411e-03
7.075210e+00 7.314235e-02 -1.396323e-02
7.075210e+00 1.025928e-01 -1.600436e-02
7.075210e+00 1.448116e-01 -2.008234e-02
7.075210e+00 2.023460e-01 -2.106845e-02
7.075210e+00 2.834245e-01 -2.106656e-02
7.075210e+00 3.967448e-01 -1.899919e-02
7.075210e+00 5.552783e-01 -1.746609e-02
7.075210e+00 7.774819e-01 -1.518102e-02
7.075210e+00 1.088445e+00 -1.312776e-02
7.075210e+00 1.523711e+00 -1.236006e-02
7.075210e+00 2.088426e+00 -1.384494e-02
7.075210e+00 2.685505e+00 -1.563698e-02
7.236714e+00 1.570796e-02 -8.369084e-04
7.236714e+00 2.346256e-02 -1.960838e-03
7.236714e+00 3.503514e-02 -4.477586e-03
7.236714e+00 5.263151e-02 -8.101640e-03
7.236714e+00 7.314235e-02 -1.485263e-02
7.236714e+00 1.025928e-01 -1.827463e-02
7.236714e+00 1.448116e-01 -2.410449e-02
7.236714e+00 2.023460e-01 -2.547876e-02
7.236714e+00 2.834245e-01 -2.570371e-02
7.236714e+00 3.967448e-01 -2.380645e-02
7.236714e+00 5.552783e-01 -2.195294e-02
7.236714e+00 7.774819e-01 -1.917517e-02
7.236714e+00 1.088445e+00 -1.652452e-02
7.236714e+00 1.523711e+00 -1.552178e-02
7.236714e+00 2.088426e+00 -1.718222e-02
7.236714e+00 2.685505e+00 -1.926415e-02
7.401449e+00 1.570796e-02 -7.822395e-04
7.401449e+00 2.346256e-02 -1.873159e-03
7.401449e+00 3.503514e-02 -4.241390e-03
7.401449e+00 5.263151e-02 -7.967694e-03
7.401449e+00 7.314235e-02 -1.505829e-02
7.401449e+00 1.025928e-01 -1.958549e-02
7.401449e+00 1.448116e-01 -2.662978e-02
7.401449e+00 2.023460e-01 -2.907016e-02
7.401449e+00 2.834245e-01 -2.988486e-02
7.401449e+00 3.967448e-01 -2.820815e-02
7.401449e+00 5.552783e-01 -2.613325e-02
7.401449e+00 7.774819e-01 -2.288425e-02
7.401449e+00 1.088445e+00 -1.979316e-02
7.401449e+00 1.523711e+00 -1.839385e-02
7.401449e+00 2.088426e+00 -2.015945e-02
7.401449e+00 2.685505e+00 -2.23197e-02
7.569477e+00 1.570796e-02 -7.189012e-04
7.569477e+00 2.346256e-02 -1.728401e-03
7.569477e+00 3.503514e-02 -4.01795e-03
7.569477e+00 5.263151e-02 -7.68869e-03
7.569477e+00 7.314235e-02 -1.474405e-02
7.569477e+00 1.025928e-01 -2.008054e-02
7.569477e+00 1.448116e-01 -2.814491e-02
7.569477e+00 2.023460e-01 -3.166399e-02
7.569477e+00 2.834245e-01 -3.311873e-02
7.569477e+00 3.967448e-01 -3.176250e-02
7.569477e+00 5.552783e-01 -2.97846e-02
7.569477e+00 7.774819e-01 -2.626442e-02
7.569477e+00 1.088445e+00 -2.265722e-02
7.569477e+00 1.523711e+00 -2.094947e-02
7.569477e+00 2.088426e+00 -2.264294e-02
7.569477e+00 2.685505e+00 -2.477522e-02
7.740867e+00 1.570796e-02 -6.540889e-04
7.740867e+00 2.346256e-02 -1.606732e-03
7.740867e+00 3.503514e-02 -3.692365e-03
7.740867e+00 5.263151e-02 -7.208115e-03
7.740867e+00 7.314235e-02 -1.399311e-02
7.740867e+00 1.025928e-01 -1.984615e-02
7.740867e+00 1.448116e-01 -2.867135e-02
7.740867e+00 2.023460e-01 -3.316653e-02
7.740867e+00 2.834245e-01 -3.539439e-02
7.740867e+00 3.967448e-01 -3.478665e-02
7.740867e+00 5.552783e-01 -3.290726e-02
7.740867e+00 7.774819e-01 -2.918625e-02
7.740867e+00 1.088445e+00 -2.525108e-02
7.740867e+00 1.523711e+00 -2.314194e-02
7.740867e+00 2.088426e+00 -2.482013e-02
7.740867e+00 2.685505e+00 -2.689396e-02
7.915684e+00 1.570796e-02 -6.058929e-04
7.915684e+00 2.346256e-02 -1.501836e-03
7.915684e+00 3.503514e-02 -3.330167e-03
7.915684e+00 5.263151e-02 -6.643931e-03
7.915684e+00 7.314235e-02 -1.311168e-02
7.915684e+00 1.025928e-01 -1.903406e-02
7.915684e+00 1.448116e-01 -2.840983e-02
7.915684e+00 2.023460e-01 -3.375253e-02
7.915684e+00 2.834245e-01 -3.688164e-02
7.915684e+00 3.967448e-01 -3.702307e-02
7.915684e+00 5.552783e-01 -3.545142e-02
7.915684e+00 7.774819e-01 -3.172300e-02
7.915684e+00 1.088445e+00 -2.743006e-02
7.915684e+00 1.523711e+00 -2.507457e-02
7.915684e+00 2.088426e+00 -2.66348e-02
7.915684e+00 2.685505e+00 -2.851114e-02
8.093998e+00 1.570796e-02 -5.568815e-04
8.093998e+00 2.346256e-02 -1.381854e-03
8.093998e+00 3.503514e-02 -2.964362e-03
8.093998e+00 5.263151e-02 -6.086192e-03
8.093998e+00 7.314235e-02 -1.211684e-02
8.093998e+00 1.025928e-01 -1.796275e-02
8.093998e+00 1.448116e-01 -2.751862e-02
8.093998e+00 2.023460e-01 -3.358126e-02
8.093998e+00 2.834245e-01 -3.767554e-02
8.093998e+00 3.967448e-01 -3.846617e-02
8.093998e+00 5.552783e-01 -3.726297e-02
8.093998e+00 7.774819e-01 -3.372417e-02
8.093998e+00 1.088445e+00 -2.921288e-02
8.093998e+00 1.523711e+00 -2.670486e-02
8.093998e+00 2.088426e+00 -2.814632e-02
8.093998e+00 2.685505e+00 -2.987429e-02
8.275878e+00 1.570796e-02 -5.11574e-04
8.275878e+00 2.346256e-02 -1.270129e-03
8.275878e+00 3.503514e-02 -2.658688e-03
8.275878e+00 5.263151e-02 -5.540238e-03
8.275878e+00 7.314235e-02 -1.110115e-02
8.275878e+00 1.025928e-01 -1.674429e-02
8.275878e+00 1.448116e-01 -2.611759e-02
8.275878e+00 2.023460e-01 -3.274318e-02
8.275878e+00 2.834245e-01 -3.762742e-02
8.275878e+00 3.967448e-01 -3.919245e-02
8.275878e+00 5.552783e-01 -3.855724e-02
8.275878e+00 7.774819e-01 -3.516622e-02
8.275878e+00 1.088445e+00 -3.064714e-02
8.275878e+00 1.523711e+00 -2.798398e-02
8.275878e+00 2.088426e+00 -2.935435e-02
8.275878e+00 2.685505e+00 -3.079473e-02
8.461396e+00 1.570796e-02 -4.632529e-04
8.461396e+00 2.346256e-02 -1.169121e-03
8.461396e+00 3.503514e-02 -2.408342e-03
8.461396e+00 5.263151e-02 -5.038512e-03
8.461396e+00 7.314235e-02 -1.011015e-02
8.461396e+00 1.025928e-01 -1.535633e-02
8.461396e+00 1.448116e-01 -2.437190e-02
8.461396e+00 2.023460e-01 -3.133243e-02
8.461396e+00 2.834245e-01 -3.696966e-02
8.461396e+00 3.967448e-01 -3.9292e-02
8.461396e+00 5.552783e-01 -3.921408e-02
8.461396e+00 7.774819e-01 -3.618376e-02
8.461396e+00 1.088445e+00 -3.168772e-02
8.461396e+00 1.523711e+00 -2.894663e-02
8.461396e+00 2.088426e+00 -3.030414e-02
8.461396e+00 2.685505e+00 -3.142638e-02
8.650623e+00 1.570796e-02 -4.133341e-04
8.650623e+00 2.346256e-02 -1.0645e-03
8.650623e+00 3.503514e-02 -2.179056e-03
8.650623e+00 5.263151e-02 -4.566256e-03
8.650623e+00 7.314235e-02 -9.155962e-03
8.650623e+00 1.025928e-01 -1.394155e-02
8.650623e+00 1.448116e-01 -2.247088e-02
8.650623e+00 2.023460e-01 -2.961313e-02
8.650623e+00 2.834245e-01 -3.583127e-02
8.650623e+00 3.967448e-01 -3.888951e-02
8.650623e+00 5.552783e-01 -3.935923e-02
8.650623e+00 7.774819e-01 -3.674154e-02
8.650623e+00 1.088445e+00 -3.234560e-02
8.650623e+00 1.523711e+00 -2.96158e-02
8.650623e+00 2.088426e+00 -3.09367e-02
8.650623e+00 2.685505e+00 -3.187780e-02
8.843636e+00 1.570796e-02 -3.671276e-04
8.843636e+00 2.346256e-02 -9.725742e-04
8.843636e+00 3.503514e-02 -1.957469e-03
8.843636e+00 5.263151e-02 -4.126711e-03
8.843636e+00 7.314235e-02 -8.258263e-03
8.843636e+00 1.025928e-01 -1.259141e-02
8.843636e+00 1.448116e-01 -2.055495e-02
8.843636e+00 2.023460e-01 -2.763803e-02
8.843636e+00 2.834245e-01 -3.427938e-02
8.843636e+00 3.967448e-01 -3.798931e-02
8.843636e+00 5.552783e-01 -3.899491e-02
8.843636e+00 7.774819e-01 -3.680527e-02
8.843636e+00 1.088445e+00 -3.272153e-02
8.843636e+00 1.523711e+00 -3.006482e-02
8.843636e+00 2.088426e+00 -3.130067e-02
8.843636e+00 2.685505e+00 -3.213677e-02
9.040509e+00 1.570796e-02 -3.244694e-04
9.040509e+00 2.346256e-02 -8.868089e-04
9.040509e+00 3.503514e-02 -1.762426e-03
9.040509e+00 5.263151e-02 -3.704106e-03
9.040509e+00 7.314235e-02 -7.433256e-03
9.040509e+00 1.025928e-01 -1.132444e-02
9.040509e+00 1.448116e-01 -1.866936e-02
9.040509e+00 2.023460e-01 -2.555261e-02
9.040509e+00 2.834245e-01 -3.239034e-02
9.040509e+00 3.967448e-01 -3.666900e-02
9.040509e+00 5.552783e-01 -3.81581e-02
9.040509e+00 7.774819e-01 -3.646228e-02
9.040509e+00 1.088445e+00 -3.276301e-02
9.040509e+00 1.523711e+00 -3.023537e-02
9.040509e+00 2.088426e+00 -3.143647e-02
9.040509e+00 2.685505e+00 -3.213446e-02
9.241319e+00 1.570796e-02 -2.861216e-04
9.241319e+00 2.346256e-02 -8.048992e-04
9.241319e+00 3.503514e-02 -1.585423e-03
9.241319e+00 5.263151e-02 -3.321201e-03
9.241319e+00 7.314235e-02 -6.662074e-03
9.241319e+00 1.025928e-01 -1.015327e-02
9.241319e+00 1.448116e-01 -1.686043e-02
9.241319e+00 2.023460e-01 -2.344648e-02
9.241319e+00 2.834245e-01 -3.027992e-02
9.241319e+00 3.967448e-01 -3.494451e-02
9.241319e+00 5.552783e-01 -3.695738e-02
9.241319e+00 7.774819e-01 -3.575280e-02
9.241319e+00 1.088445e+00 -3.243329e-02
9.241319e+00 1.523711e+00 -3.013199e-02
9.241319e+00 2.088426e+00 -3.131669e-02
9.241319e+00 2.685505e+00 -3.17602e-02
9.446145e+00 1.570796e-02 -2.556286e-04
9.446145e+00 2.346256e-02 -7.25728e-04
9.446145e+00 3.503514e-02 -1.423945e-03
9.446145e+00 5.263151e-02 -2.972403e-03
9.446145e+00 7.314235e-02 -5.965625e-03
9.446145e+00 1.025928e-01 -9.095338e-03
9.446145e+00 1.448116e-01 -1.517522e-02
9.446145e+00 2.023460e-01 -2.134642e-02
9.446145e+00 2.834245e-01 -2.802826e-02
9.446145e+00 3.967448e-01 -3.295539e-02
9.446145e+00 5.552783e-01 -3.539547e-02
9.446145e+00 7.774819e-01 -3.474060e-02
9.446145e+00 1.088445e+00 -3.180804e-02
9.446145e+00 1.523711e+00 -2.981211e-02
9.446145e+00 2.088426e+00 -3.096897e-02
9.446145e+00 2.685505e+00 -3.121364e-02
9.655068e+00 1.570796e-02 -2.277317e-04
9.655068e+00 2.346256e-02 -6.527701e-04
9.655068e+00 3.503514e-02 -1.278144e-03
9.655068e+00 5.263151e-02 -2.654347e-03
9.655068e+00 7.314235e-02 -5.329412e-03
9.655068e+00 1.025928e-01 -8.143529e-03
9.655068e+00 1.448116e-01 -1.360623e-02
9.655068e+00 2.023460e-01 -1.930309e-02
9.655068e+00 2.834245e-01 -2.571811e-02
9.655068e+00 3.967448e-01 -3.078162e-02
9.655068e+00 5.552783e-01 -3.358609e-02
9.655068e+00 7.774819e-01 -3.341547e-02
9.655068e+00 1.088445e+00 -3.096570e-02
9.655068e+00 1.523711e+00 -2.93149e-02
9.655068e+00 2.088426e+00 -3.050886e-02
9.655068e+00 2.685505e+00 -3.063625e-02
9.86817e+00 1.570796e-02 -2.032672e-04
9.86817e+00 2.346256e-02 -5.835918e-04
9.86817e+00 3.503514e-02 -1.148496e-03
9.86817e+00 5.263151e-02 -2.366514e-03
9.86817e+00 7.314235e-02 -4.753783e-03
9.86817e+00 1.025928e-01 -7.281420e-03
9.86817e+00 1.448116e-01 -1.216176e-02
9.86817e+00 2.023460e-01 -1.736146e-02
9.86817e+00 2.834245e-01 -2.340923e-02
9.86817e+00 3.967448e-01 -2.845016e-02
9.86817e+00 5.552783e-01 -3.159490e-02
9.86817e+00 7.774819e-01 -3.187321e-02
9.86817e+00 1.088445e+00 -2.991250e-02
9.86817e+00 1.523711e+00 -2.862713e-02
9.86817e+00 2.088426e+00 -2.990549e-02
9.86817e+00 2.685505e+00 -2.985328e-02
1.008553e+01 1.570796e-02 -1.809305e-04
1.008553e+01 2.346256e-02 -5.195811e-04
1.008553e+01 3.503514e-02 -1.026613e-03
1.008553e+01 5.263151e-02 -2.105963e-03
1.008553e+01 7.314235e-02 -4.233392e-03
1.008553e+01 1.025928e-01 -6.490507e-03
1.008553e+01 1.448116e-01 -1.083090e-02
1.008553e+01 2.023460e-01 -1.552957e-02
1.008553e+01 2.834245e-01 -2.116099e-02
1.008553e+01 3.967448e-01 -2.609342e-02
1.008553e+01 5.552783e-01 -2.947314e-02
1.008553e+01 7.774819e-01 -3.013997e-02
1.008553e+01 1.088445e+00 -2.869264e-02
1.008553e+01 1.523711e+00 -2.775464e-02
1.008553e+01 2.088426e+00 -2.909472e-02
1.008553e+01 2.685505e+00 -2.895798e-02
1.030724e+01 1.570796e-02 -1.604748e-04
1.030724e+01 2.346256e-02 -4.601677e-04
1.030724e+01 3.503514e-02 -9.152469e-04
1.030724e+01 5.263151e-02 -1.862379e-03
1.030724e+01 7.314235e-02 -3.749299e-03
1.030724e+01 1.025928e-01 -5.756912e-03
1.030724e+01 1.448116e-01 -9.608468e-03
1.030724e+01 2.023460e-01 -1.381413e-02
1.030724e+01 2.834245e-01 -1.901913e-02
1.030724e+01 3.967448e-01 -2.37724e-02
1.030724e+01 5.552783e-01 -2.724122e-02
1.030724e+01 7.774819e-01 -2.828594e-02
1.030724e+01 1.088445e+00 -2.731446e-02
1.030724e+01 1.523711e+00 -2.672219e-02
1.030724e+01 2.088426e+00 -2.810034e-02
1.030724e+01 2.685505e+00 -2.771082e-02
1.053339e+01 1.570796e-02 -1.431696e-04
1.053339e+01 2.346256e-02 -4.029326e-04
1.053339e+01 3.503514e-02 -8.117567e-04
1.053339e+01 5.263151e-02 -1.64628e-03
1.053339e+01 7.314235e-02 -3.312217e-03
1.053339e+01 1.025928e-01 -5.084293e-03
1.053339e+01 1.448116e-01 -8.497173e-03
1.053339e+01 2.023460e-01 -1.223877e-02
1.053339e+01 2.834245e-01 -1.699043e-02
1.053339e+01 3.967448e-01 -2.151752e-02
1.053339e+01 5.552783e-01 -2.502003e-02
1.053339e+01 7.774819e-01 -2.635814e-02
1.053339e+01 1.088445e+00 -2.582700e-02
1.053339e+01 1.523711e+00 -2.561041e-02
1.053339e+01 2.088426e+00 -2.705699e-02
1.053339e+01 2.685505e+00 -2.652570e-02
1.076406e+01 1.570796e-02 -1.268206e-04
1.076406e+01 2.346256e-02 -3.533517e-04
1.076406e+01 3.503514e-02 -7.159029e-04
1.076406e+01 5.263151e-02 -1.452576e-03
1.076406e+01 7.314235e-02 -2.921553e-03
1.076406e+01 1.025928e-01 -4.473029e-03
1.076406e+01 1.448116e-01 -7.478452e-03
1.076406e+01 2.023460e-01 -1.080802e-02
1.076406e+01 2.834245e-01 -1.512051e-02
1.076406e+01 3.967448e-01 -1.934237e-02
1.076406e+01 5.552783e-01 -2.280743e-02
1.076406e+01 7.774819e-01 -2.437982e-02
1.076406e+01 1.088445e+00 -2.425686e-02
1.076406e+01 1.523711e+00 -2.434505e-02
1.076406e+01 2.088426e+00 -2.586412e-02
1.076406e+01 2.685505e+00 -2.531005e-02
1.099934e+01 1.570796e-02 -1.119541e-04
1.099934e+01 2.346256e-02 -3.086903e-04
1.099934e+01 3.503514e-02 -6.261729e-04
1.099934e+01 5.263151e-02 -1.272438e-03
1.099934e+01 7.314235e-02 -2.559391e-03
1.099934e+01 1.025928e-01 -3.929680e-03
1.099934e+01 1.448116e-01 -6.563686e-03
1.099934e+01 2.023460e-01 -9.495773e-03
1.099934e+01 2.834245e-01 -1.335994e-02
1.099934e+01 3.967448e-01 -1.72871e-02
1.099934e+01 5.552783e-01 -2.063700e-02
1.099934e+01 7.774819e-01 -2.240455e-02
1.099934e+01 1.088445e+00 -2.26264e-02
1.099934e+01 1.523711e+00 -2.304542e-02
1.099934e+01 2.088426e+00 -2.463443e-02
1.099934e+01 2.685505e+00 -2.406153e-02
1.123932e+01 1.570796e-02 -9.801099e-05
1.123932e+01 2.346256e-02 -2.669314e-04
1.123932e+01 3.503514e-02 -5.477472e-04
1.123932e+01 5.263151e-02 -1.111755e-03
1.123932e+01 7.314235e-02 -2.237640e-03
1.123932e+01 1.025928e-01 -3.436051e-03
1.123932e+01 1.448116e-01 -5.737724e-03
1.123932e+01 2.023460e-01 -8.32176e-03
1.123932e+01 2.834245e-01 -1.175613e-02
1.123932e+01 3.967448e-01 -1.535783e-02
1.123932e+01 5.552783e-01 -1.854802e-02
1.123932e+01 7.774819e-01 -2.042151e-02
1.123932e+01 1.088445e+00 -2.096896e-02
1.123932e+01 1.523711e+00 -2.168251e-02
1.123932e+01 2.088426e+00 -2.333884e-02
1.123932e+01 2.685505e+00 -2.273280e-02
1.148411e+01 1.570796e-02 -8.579474e-05
1.148411e+01 2.346256e-02 -2.322652e-04
1.148411e+01 3.503514e-02 -4.763425e-04
1.148411e+01 5.263151e-02 -9.708017e-04
1.148411e+01 7.314235e-02 -1.950929e-03
1.148411e+01 1.025928e-01 -2.996330e-03
1.148411e+01 1.448116e-01 -4.986755e-03
1.148411e+01 2.023460e-01 -7.266325e-03
1.148411e+01 2.834245e-01 -1.029180e-02
1.148411e+01 3.967448e-01 -1.354779e-02
1.148411e+01 5.552783e-01 -1.65533e-02
1.148411e+01 7.774819e-01 -1.847617e-02
1.148411e+01 1.088445e+00 -1.924453e-02
1.148411e+01 1.523711e+00 -2.022201e-02
1.148411e+01 2.088426e+00 -2.187723e-02
1.148411e+01 2.685505e+00 -2.116545e-02
1.173379e+01 1.570796e-02 -7.460519e-05
1.173379e+01 2.346256e-02 -2.011419e-04
1.173379e+01 3.503514e-02 -4.139739e-04
1.173379e+01 5.263151e-02 -8.432512e-04
1.173379e+01 7.314235e-02 -1.690984e-03
1.173379e+01 1.025928e-01 -2.596225e-03
1.173379e+01 1.448116e-01 -4.320587e-03
1.173379e+01 2.023460e-01 -6.31815e-03
1.173379e+01 2.834245e-01 -8.974078e-03
1.173379e+01 3.967448e-01 -1.18849e-02
1.173379e+01 5.552783e-01 -1.466308e-02
1.173379e+01 7.774819e-01 -1.660467e-02
1.173379e+01 1.088445e+00 -1.756621e-02
1.173379e+01 1.523711e+00 -1.86616e-02
1.173379e+01 2.088426e+00 -2.035525e-02
1.173379e+01 2.685505e+00 -1.967474e-02
1.198847e+01 1.570796e-02 -6.442041e-05
1.198847e+01 2.346256e-02 -1.728305e-04
1.198847e+01 3.503514e-02 -3.584977e-04
1.198847e+01 5.263151e-02 -7.296662e-04
1.198847e+01 7.314235e-02 -1.461041e-03
1.198847e+01 1.025928e-01 -2.248103e-03
1.198847e+01 1.448116e-01 -3.732589e-03
1.198847e+01 2.023460e-01 -5.467373e-03
1.198847e+01 2.834245e-01 -7.790335e-03
1.198847e+01 3.967448e-01 -1.036161e-02
1.198847e+01 5.552783e-01 -1.290654e-02
1.198847e+01 7.774819e-01 -1.481117e-02
1.198847e+01 1.088445e+00 -1.593015e-02
1.198847e+01 1.523711e+00 -1.717291e-02
1.198847e+01 2.088426e+00 -1.887471e-02
1.198847e+01 2.685505e+00 -1.817639e-02
1.224824e+01 1.570796e-02 -5.53857e-05
1.224824e+01 2.346256e-02 -1.46798e-04
1.224824e+01 3.503514e-02 -3.086097e-04
1.224824e+01 5.263151e-02 -6.275554e-04
1.224824e+01 7.314235e-02 -1.253685e-03
1.224824e+01 1.025928e-01 -1.937592e-03
1.224824e+01 1.448116e-01 -3.210289e-03
1.224824e+01 2.023460e-01 -4.719818e-03
1.224824e+01 2.834245e-01 -6.729471e-03
1.224824e+01 3.967448e-01 -8.991368e-03
1.224824e+01 5.552783e-01 -1.129271e-02
1.224824e+01 7.774819e-01 -1.312955e-02
1.224824e+01 1.088445e+00 -1.434962e-02
1.224824e+01 1.523711e+00 -1.573249e-02
1.224824e+01 2.088426e+00 -1.741139e-02
1.224824e+01 2.685505e+00 -1.671983e-02
1.251320e+01 1.570796e-02 -4.791522e-05
1.251320e+01 2.346256e-02 -1.233072e-04
1.251320e+01 3.503514e-02 -2.646439e-04
1.251320e+01 5.263151e-02 -5.378136e-04
1.251320e+01 7.314235e-02 -1.072656e-03
1.251320e+01 1.025928e-01 -1.663015e-03
1.251320e+01 1.448116e-01 -2.748495e-03
1.251320e+01 2.023460e-01 -4.048655e-03
1.251320e+01 2.834245e-01 -5.774987e-03
1.251320e+01 3.967448e-01 -7.760771e-03
1.251320e+01 5.552783e-01 -9.808653e-03
1.251320e+01 7.774819e-01 -1.155968e-02
1.251320e+01 1.088445e+00 -1.283196e-02
1.251320e+01 1.523711e+00 -1.429167e-02
1.251320e+01 2.088426e+00 -1.596217e-02
1.251320e+01 2.685505e+00 -1.531324e-02
1.278347e+01 1.570796e-02 -4.099458e-05
1.278347e+01 2.346256e-02 -1.047451e-04
1.278347e+01 3.503514e-02 -2.258273e-04
1.278347e+01 5.263151e-02 -4.579482e-04
1.278347e+01 7.314235e-02 -9.130487e-04
1.278347e+01 1.025928e-01 -1.420189e-03
1.278347e+01 1.448116e-01 -2.343722e-03
1.278347e+01 2.023460e-01 -3.456141e-03
1.278347e+01 2.834245e-01 -4.938269e-03
1.278347e+01 3.967448e-01 -6.656731e-03
1.278347e+01 5.552783e-01 -8.470675e-03
1.278347e+01 7.774819e-01 -1.011991e-02
1.278347e+01 1.088445e+00 -1.140774e-02
1.278347e+01 1.523711e+00 -1.290732e-02
1.278347e+01 2.088426e+00 -1.455202e-02
1.278347e+01 2.685505e+00 -1.399795e-02
1.305914e+01 1.570796e-02 -3.471824e-05
1.305914e+01 2.346256e-02 -8.695773e-05
1.305914e+01 3.503514e-02 -1.907089e-04
1.305914e+01 5.263151e-02 -3.877453e-04
1.305914e+01 7.314235e-02 -7.754704e-04
1.305914e+01 1.025928e-01 -1.205426e-03
1.305914e+01 1.448116e-01 -1.984405e-03
1.305914e+01 2.023460e-01 -2.935520e-03
1.305914e+01 2.834245e-01 -4.199608e-03
1.305914e+01 3.967448e-01 -5.667941e-03
1.305914e+01 5.552783e-01 -7.269473e-03
1.305914e+01 7.774819e-01 -8.798267e-03
1.305914e+01 1.088445e+00 -1.008895e-02
1.305914e+01 1.523711e+00 -1.158062e-02
1.305914e+01 2.088426e+00 -1.318364e-02
1.305914e+01 2.685505e+00 -1.268029e-02
1.334032e+01 1.570796e-02 -2.939190e-05
1.334032e+01 2.346256e-02 -7.275237e-05
1.334032e+01 3.503514e-02 -1.613721e-04
1.334032e+01 5.263151e-02 -3.271676e-04
1.334032e+01 7.314235e-02 -6.548816e-04
1.334032e+01 1.025928e-01 -1.016697e-03
1.334032e+01 1.448116e-01 -1.674610e-03
1.334032e+01 2.023460e-01 -2.479141e-03
1.334032e+01 2.834245e-01 -3.556668e-03
1.334032e+01 3.967448e-01 -4.804802e-03
1.334032e+01 5.552783e-01 -6.206972e-03
1.334032e+01 7.774819e-01 -7.608661e-03
1.334032e+01 1.088445e+00 -8.851188e-03
1.334032e+01 1.523711e+00 -1.032021e-02
1.334032e+01 2.088426e+00 -1.187289e-02
1.334032e+01 2.685505e+00 -1.150809e-02
1.362713e+01 1.570796e-02 -2.489681e-05
1.362713e+01 2.346256e-02 -6.080952e-05
1.362713e+01 3.503514e-02 -1.356637e-04
1.362713e+01 5.263151e-02 -2.743626e-04
1.362713e+01 7.314235e-02 -5.483553e-04
1.362713e+01 1.025928e-01 -8.530934e-04
1.362713e+01 1.448116e-01 -1.404616e-03
1.362713e+01 2.023460e-01 -2.085227e-03
1.362713e+01 2.834245e-01 -2.991841e-03
1.362713e+01 3.967448e-01 -4.05277e-03
1.362713e+01 5.552783e-01 -5.257197e-03
1.362713e+01 7.774819e-01 -6.536539e-03
1.362713e+01 1.088445e+00 -7.723571e-03
1.362713e+01 1.523711e+00 -9.142830e-03
1.362713e+01 2.088426e+00 -1.061967e-02
1.362713e+01 2.685505e+00 -1.039242e-02
1.391967e+01 1.570796e-02 -2.089601e-05
1.391967e+01 2.346256e-02 -5.026979e-05
1.391967e+01 3.503514e-02 -1.128047e-04
1.391967e+01 5.263151e-02 -2.282862e-04
1.391967e+01 7.314235e-02 -4.569092e-04
1.391967e+01 1.025928e-01 -7.099208e-04
1.391967e+01 1.448116e-01 -1.170829e-03
1.391967e+01 2.023460e-01 -1.743398e-03
1.391967e+01 2.834245e-01 -2.500767e-03
1.391967e+01 3.967448e-01 -3.398326e-03
1.391967e+01 5.552783e-01 -4.437934e-03
1.391967e+01 7.774819e-01 -5.576826e-03
1.391967e+01 1.088445e+00 -6.707323e-03
1.391967e+01 1.523711e+00 -8.048749e-03
1.391967e+01 2.088426e+00 -9.469184e-03
1.391967e+01 2.685505e+00 -9.30584e-03
1.421806e+01 1.570796e-02 -1.739026e-05
1.421806e+01 2.346256e-02 -4.197672e-05
1.421806e+01 3.503514e-02 -9.362353e-05
1.421806e+01 5.263151e-02 -1.902812e-04
1.421806e+01 7.314235e-02 -3.790044e-04
1.421806e+01 1.025928e-01 -5.89095e-04
1.421806e+01 1.448116e-01 -9.745094e-04
1.421806e+01 2.023460e-01 -1.449333e-03
1.421806e+01 2.834245e-01 -2.080967e-03
1.421806e+01 3.967448e-01 -2.83354e-03
1.421806e+01 5.552783e-01 -3.726566e-03
1.421806e+01 7.774819e-01 -4.741485e-03
1.421806e+01 1.088445e+00 -5.788295e-03
1.421806e+01 1.523711e+00 -7.063147e-03
1.421806e+01 2.088426e+00 -8.384851e-03
1.421806e+01 2.685505e+00 -8.268723e-03
1.452242e+01 1.570796e-02 -1.441017e-05
1.452242e+01 2.346256e-02 -3.464074e-05
1.452242e+01 3.503514e-02 -7.715969e-05
1.452242e+01 5.263151e-02 -1.580211e-04
1.452242e+01 7.314235e-02 -3.130336e-04
1.452242e+01 1.025928e-01 -4.869333e-04
1.452242e+01 1.448116e-01 -8.042432e-04
1.452242e+01 2.023460e-01 -1.200519e-03
1.452242e+01 2.834245e-01 -1.722729e-03
1.452242e+01 3.967448e-01 -2.353869e-03
1.452242e+01 5.552783e-01 -3.112308e-03
1.452242e+01 7.774819e-01 -4.001093e-03
1.452242e+01 1.088445e+00 -4.955593e-03
1.452242e+01 1.523711e+00 -6.154836e-03
1.452242e+01 2.088426e+00 -7.368587e-03
1.452242e+01 2.685505e+00 -7.308462e-03
1.483287e+01 1.570796e-02 -1.191911e-05
1.483287e+01 2.346256e-02 -2.841018e-05
1.483287e+01 3.503514e-02 -6.377752e-05
1.483287e+01 5.263151e-02 -1.306704e-04
1.483287e+01 7.314235e-02 -2.572209e-04
1.483287e+01 1.025928e-01 -3.987248e-04
1.483287e+01 1.448116e-01 -6.611358e-04
1.483287e+01 2.023460e-01 -9.876683e-04
1.483287e+01 2.834245e-01 -1.417345e-03
1.483287e+01 3.967448e-01 -1.941332e-03
1.483287e+01 5.552783e-01 -2.585956e-03
1.483287e+01 7.774819e-01 -3.360081e-03
1.483287e+01 1.088445e+00 -4.223973e-03
1.483287e+01 1.523711e+00 -5.342878e-03
1.483287e+01 2.088426e+00 -6.465411e-03
1.483287e+01 2.685505e+00 -6.458423e-03
1.514953e+01 1.570796e-02 -9.885470e-06
1.514953e+01 2.346256e-02 -2.300527e-05
1.514953e+01 3.503514e-02 -5.191158e-05
1.514953e+01 5.263151e-02 -1.067351e-04
1.514953e+01 7.314235e-02 -2.099389e-04
1.514953e+01 1.025928e-01 -3.262411e-04
1.514953e+01 1.448116e-01 -5.402904e-04
1.514953e+01 2.023460e-01 -8.113644e-04
1.514953e+01 2.834245e-01 -1.159789e-03
1.514953e+01 3.967448e-01 -1.597239e-03
1.514953e+01 5.552783e-01 -2.139598e-03
1.514953e+01 7.774819e-01 -2.806546e-03
1.514953e+01 1.088445e+00 -3.590599e-03
1.514953e+01 1.523711e+00 -4.609786e-03
1.514953e+01 2.088426e+00 -5.640908e-03
1.514953e+01 2.685505e+00 -5.701768e-03
1.547252e+01 1.570796e-02 -8.046121e-06
1.547252e+01 2.346256e-02 -1.835044e-05
1.547252e+01 3.503514e-02 -4.210113e-05
1.547252e+01 5.263151e-02 -8.687233e-05
1.547252e+01 7.314235e-02 -1.701002e-04
1.547252e+01 1.025928e-01 -2.643452e-04
1.547252e+01 1.448116e-01 -4.389840e-04
1.547252e+01 2.023460e-01 -6.606179e-04
1.547252e+01 2.834245e-01 -9.447452e-04
1.547252e+01 3.967448e-01 -1.305392e-03
1.547252e+01 5.552783e-01 -1.757047e-03
1.547252e+01 7.774819e-01 -2.32478e-03
1.547252e+01 1.088445e+00 -3.02797e-03
1.547252e+01 1.523711e+00 -3.930764e-03
1.547252e+01 2.088426e+00 -4.884321e-03
1.547252e+01 2.685505e+00 -4.987801e-03
1.580197e+01 1.570796e-02 -6.567180e-06
1.580197e+01 2.346256e-02 -1.465783e-05
1.580197e+01 3.503514e-02 -3.416305e-05
1.580197e+01 5.263151e-02 -6.929428e-05
1.580197e+01 7.314235e-02 -1.377779e-04
1.580197e+01 1.025928e-01 -2.159395e-04
1.580197e+01 1.448116e-01 -3.559156e-04
1.580197e+01 2.023460e-01 -5.350514e-04
1.580197e+01 2.834245e-01 -7.660673e-04
1.580197e+01 3.967448e-01 -1.060792e-03
1.580197e+01 5.552783e-01 -1.436998e-03
1.580197e+01 7.774819e-01 -1.916844e-03
1.580197e+01 1.088445e+00 -2.530551e-03
1.580197e+01 1.523711e+00 -3.334972e-03
1.580197e+01 2.088426e+00 -4.170481e-03
1.580197e+01 2.685505e+00 -4.316164e-03
1.613801e+01 1.570796e-02 -5.370022e-06
1.613801e+01 2.346256e-02 -1.158122e-05
1.613801e+01 3.503514e-02 -2.733255e-05
1.613801e+01 5.263151e-02 -5.536581e-05
1.613801e+01 7.314235e-02 -1.107378e-04
1.613801e+01 1.025928e-01 -1.733400e-04
1.613801e+01 1.448116e-01 -2.873274e-04
1.613801e+01 2.023460e-01 -4.310107e-04
1.613801e+01 2.834245e-01 -6.154918e-04
1.613801e+01 3.967448e-01 -8.555549e-04
1.613801e+01 5.552783e-01 -1.164567e-03
1.613801e+01 7.774819e-01 -1.566083e-03
1.613801e+01 1.088445e+00 -2.101923e-03
1.613801e+01 1.523711e+00 -2.811403e-03
1.613801e+01 2.088426e+00 -3.556241e-03
1.613801e+01 2.685505e+00 -3.694329e-03
1.648077e+01 1.570796e-02 -4.378236e-06
1.648077e+01 2.346256e-02 -9.556478e-06
1.648077e+01 3.503514e-02 -2.230441e-05
1.648077e+01 5.263151e-02 -4.388144e-05
1.648077e+01 7.314235e-02 -8.909876e-05
1.648077e+01 1.025928e-01 -1.377199e-04
1.648077e+01 1.448116e-01 -2.292724e-04
1.648077e+01 2.023460e-01 -3.449326e-04
1.648077e+01 2.834245e-01 -4.935766e-04
1.648077e+01 3.967448e-01 -6.879973e-04
1.648077e+01 5.552783e-01 -9.417342e-04
1.648077e+01 7.774819e-01 -1.276586e-03
1.648077e+01 1.088445e+00 -1.735059e-03
1.648077e+01 1.523711e+00 -2.355564e-03
1.648077e+01 2.088426e+00 -3.008483e-03
1.648077e+01 2.685505e+00 -3.116709e-03
1.683038e+01 1.570796e-02 -3.507481e-06
1.683038e+01 2.346256e-02 -7.39418e-06
1.683038e+01 3.503514e-02 -1.792535e-05
1.683038e+01 5.263151e-02 -3.432170e-05
1.683038e+01 7.314235e-02 -7.102829e-05
1.683038e+01 1.025928e-01 -1.098487e-04
1.683038e+01 1.448116e-01 -1.817186e-04
1.683038e+01 2.023460e-01 -2.748244e-04
1.683038e+01 2.834245e-01 -3.931164e-04
1.683038e+01 3.967448e-01 -5.493033e-04
1.683038e+01 5.552783e-01 -7.567215e-04
1.683038e+01 7.774819e-01 -1.03308e-03
1.683038e+01 1.088445e+00 -1.425658e-03
1.683038e+01 1.523711e+00 -1.961785e-03
1.683038e+01 2.088426e+00 -2.535542e-03
1.683038e+01 2.685505e+00 -2.628554e-03
1.718699e+01 1.570796e-02 -2.755646e-06
1.718699e+01 2.346256e-02 -5.958821e-06
1.718699e+01 3.503514e-02 -1.431571e-05
1.718699e+01 5.263151e-02 -2.738819e-05
1.718699e+01 7.314235e-02 -5.546212e-05
1.718699e+01 1.025928e-01 -8.604690e-05
1.718699e+01 1.448116e-01 -1.442850e-04
1.718699e+01 2.023460e-01 -2.175924e-04
1.718699e+01 2.834245e-01 -3.120798e-04
1.718699e+01 3.967448e-01 -4.370365e-04
1.718699e+01 5.552783e-01 -6.046981e-04
1.718699e+01 7.774819e-01 -8.339178e-04
1.718699e+01 1.088445e+00 -1.163246e-03
1.718699e+01 1.523711e+00 -1.62277e-03
1.718699e+01 2.088426e+00 -2.115328e-03
1.718699e+01 2.685505e+00 -2.201025e-03
1.755073e+01 1.570796e-02 -2.204739e-06
1.755073e+01 2.346256e-02 -4.672331e-06
1.755073e+01 3.503514e-02 -1.135645e-05
1.755073e+01 5.263151e-02 -2.156887e-05
1.755073e+01 7.314235e-02 -4.330948e-05
1.755073e+01 1.025928e-01 -6.736295e-05
1.755073e+01 1.448116e-01 -1.137432e-04
1.755073e+01 2.023460e-01 -1.717851e-04
1.755073e+01 2.834245e-01 -2.457961e-04
1.755073e+01 3.967448e-01 -3.450215e-04
1.755073e+01 5.552783e-01 -4.804585e-04
1.755073e+01 7.774819e-01 -6.674048e-04
1.755073e+01 1.088445e+00 -9.387757e-04
1.755073e+01 1.523711e+00 -1.322229e-03
1.755073e+01 2.088426e+00 -1.736927e-03
1.755073e+01 2.685505e+00 -1.810750e-03
1.792175e+01 1.570796e-02 -1.736174e-06
1.792175e+01 2.346256e-02 -3.557677e-06
1.792175e+01 3.503514e-02 -8.877558e-06
1.792175e+01 5.263151e-02 -1.676065e-05
1.792175e+01 7.314235e-02 -3.377253e-05
1.792175e+01 1.025928e-01 -5.193348e-05
1.792175e+01 1.448116e-01 -8.813982e-05
1.792175e+01 2.023460e-01 -1.330014e-04
1.792175e+01 2.834245e-01 -1.907728e-04
1.792175e+01 3.967448e-01 -2.680788e-04
1.792175e+01 5.552783e-01 -3.747468e-04
1.792175e+01 7.774819e-01 -5.263815e-04
1.792175e+01 1.088445e+00 -7.476425e-04
1.792175e+01 1.523711e+00 -1.067205e-03
1.792175e+01 2.088426e+00 -1.412298e-03
1.792175e+01 2.685505e+00 -1.496049e-03
1.830018e+01 1.570796e-02 -1.411333e-06
1.830018e+01 2.346256e-02 -2.624444e-06
1.830018e+01 3.503514e-02 -6.830182e-06
1.830018e+01 5.263151e-02 -1.285732e-05
1.830018e+01 7.314235e-02 -2.548355e-05
1.830018e+01 1.025928e-01 -3.974257e-05
1.830018e+01 1.448116e-01 -6.749672e-05
1.830018e+01 2.023460e-01 -1.023853e-04
1.830018e+01 2.834245e-01 -1.466974e-04
1.830018e+01 3.967448e-01 -2.083917e-04
1.830018e+01 5.552783e-01 -2.915308e-04
1.830018e+01 7.774819e-01 -4.143137e-04
1.830018e+01 1.088445e+00 -5.918775e-04
1.830018e+01 1.523711e+00 -8.506113e-04
1.830018e+01 2.088426e+00 -1.134767e-03
1.830018e+01 2.685505e+00 -1.200003e-03
1.868618e+01 1.570796e-02 -1.120620e-06
1.868618e+01 2.346256e-02 -1.901717e-06
1.868618e+01 3.503514e-02 -5.304286e-06
1.868618e+01 5.263151e-02 -1.000995e-05
1.868618e+01 7.314235e-02 -1.960939e-05
1.868618e+01 1.025928e-01 -3.038804e-05
1.868618e+01 1.448116e-01 -5.151183e-05
1.868618e+01 2.023460e-01 -7.811108e-05
1.868618e+01 2.834245e-01 -1.128753e-04
1.868618e+01 3.967448e-01 -1.599394e-04
1.868618e+01 5.552783e-01 -2.260202e-04
1.868618e+01 7.774819e-01 -3.253453e-04
1.868618e+01 1.088445e+00 -4.662504e-04
1.868618e+01 1.523711e+00 -6.759441e-04
1.868618e+01 2.088426e+00 -9.044451e-04
1.868618e+01 2.685505e+00 -9.598855e-04
1.907991e+01 1.570796e-02 -8.490655e-07
1.907991e+01 2.346256e-02 -1.338593e-06
1.907991e+01 3.503514e-02 -4.051212e-06
1.907991e+01 5.263151e-02 -7.672276e-06
1.907991e+01 7.314235e-02 -1.475892e-05
1.907991e+01 1.025928e-01 -2.28124e-05
1.907991e+01 1.448116e-01 -3.882054e-05
1.907991e+01 2.023460e-01 -5.905685e-05
1.907991e+01 2.834245e-01 -8.486965e-05
1.907991e+01 3.967448e-01 -1.205126e-04
1.907991e+01 5.552783e-01 -1.720719e-04
1.907991e+01 7.774819e-01 -2.499422e-04
1.907991e+01 1.088445e+00 -3.602946e-04
1.907991e+01 1.523711e+00 -5.254417e-04
1.907991e+01 2.088426e+00 -7.064604e-04
1.907991e+01 2.685505e+00 -7.476648e-04
1.948151e+01 1.570796e-02 -6.250814e-07
1.948151e+01 2.346256e-02 -9.988179e-07
1.948151e+01 3.503514e-02 -2.925141e-06
1.948151e+01 5.263151e-02 -5.632481e-06
1.948151e+01 7.314235e-02 -1.094620e-05
1.948151e+01 1.025928e-01 -1.683896e-05
1.948151e+01 1.448116e-01 -2.850301e-05
1.948151e+01 2.023460e-01 -4.353818e-05
1.948151e+01 2.834245e-01 -6.266452e-05
1.948151e+01 3.967448e-01 -8.874680e-05
1.948151e+01 5.552783e-01 -1.277042e-04
1.948151e+01 7.774819e-01 -1.885816e-04
1.948151e+01 1.088445e+00 -2.717961e-04
1.948151e+01 1.523711e+00 -3.980960e-04
1.948151e+01 2.088426e+00 -5.362292e-04
1.948151e+01 2.685505e+00 -5.664697e-04
1.989114e+01 1.570796e-02 -4.722543e-07
1.989114e+01 2.346256e-02 -6.88247e-07
1.989114e+01 3.503514e-02 -2.056737e-06
1.989114e+01 5.263151e-02 -4.197836e-06
1.989114e+01 7.314235e-02 -7.956827e-06
1.989114e+01 1.025928e-01 -1.214698e-05
1.989114e+01 1.448116e-01 -2.091091e-05
1.989114e+01 2.023460e-01 -3.184527e-05
1.989114e+01 2.834245e-01 -4.562199e-05
1.989114e+01 3.967448e-01 -6.554609e-05
1.989114e+01 5.552783e-01 -9.443608e-05
1.989114e+01 7.774819e-01 -1.404747e-04
1.989114e+01 1.088445e+00 -2.031609e-04
1.989114e+01 1.523711e+00 -2.978076e-04
1.989114e+01 2.088426e+00 -4.036515e-04
1.989114e+01 2.685505e+00 -4.285474e-04
2.030896e+01 1.570796e-02 -3.527002e-07
2.030896e+01 2.346256e-02 -5.171873e-07
2.030896e+01 3.503514e-02 -1.504004e-06
2.030896e+01 5.263151e-02 -3.046636e-06
2.030896e+01 7.314235e-02 -5.656284e-06
2.030896e+01 1.025928e-01 -8.592353e-06
2.030896e+01 1.448116e-01 -1.516433e-05
2.030896e+01 2.023460e-01 -2.321361e-05
2.030896e+01 2.834245e-01 -3.290137e-05
2.030896e+01 3.967448e-01 -4.769243e-05
2.030896e+01 5.552783e-01 -6.893035e-05
2.030896e+01 7.774819e-01 -1.034351e-04
2.030896e+01 1.088445e+00 -1.493124e-04
2.030896e+01 1.523711e+00 -2.193392e-04
2.030896e+01 2.088426e+00 -2.986486e-04
2.030896e+01 2.685505e+00 -3.170653e-04
2.073514e+01 1.570796e-02 -2.563448e-07
2.073514e+01 2.346256e-02 -3.415102e-07
2.073514e+01 3.503514e-02 -1.046266e-06
2.073514e+01 5.263151e-02 -2.112509e-06
2.073514e+01 7.314235e-02 -3.961779e-06
2.073514e+01 1.025928e-01 -6.020430e-06
2.073514e+01 1.448116e-01 -1.076712e-05
2.073514e+01 2.023460e-01 -1.650074e-05
2.073514e+01 2.834245e-01 -2.323213e-05
2.073514e+01 3.967448e-01 -3.381119e-05
2.073514e+01 5.552783e-01 -4.969824e-05
2.073514e+01 7.774819e-01 -7.442624e-05
2.073514e+01 1.088445e+00 -1.073835e-04
2.073514e+01 1.523711e+00 -1.575205e-04
2.073514e+01 2.088426e+00 -2.158509e-04
2.073514e+01 2.685505e+00 -2.313025e-04
2.116984e+01 1.570796e-02 -1.874721e-07
2.116984e+01 2.346256e-02 -2.394748e-07
2.116984e+01 3.503514e-02 -7.308735e-07
2.116984e+01 5.263151e-02 -1.456040e-06
2.116984e+01 7.314235e-02 -2.727133e-06
2.116984e+01 1.025928e-01 -4.097313e-06
2.116984e+01 1.448116e-01 -7.31022e-06
2.116984e+01 2.023460e-01 -1.146247e-05
2.116984e+01 2.834245e-01 -1.604424e-05
2.116984e+01 3.967448e-01 -2.352488e-05
2.116984e+01 5.552783e-01 -3.484050e-05
2.116984e+01 7.774819e-01 -5.271423e-05
2.116984e+01 1.088445e+00 -7.600325e-05
2.116984e+01 1.523711e+00 -1.114317e-04
2.116984e+01 2.088426e+00 -1.540966e-04
2.116984e+01 2.685505e+00 -1.666388e-04
2.161324e+01 1.570796e-02 -1.283774e-07
2.161324e+01 2.346256e-02 -1.513035e-07
2.161324e+01 3.503514e-02 -5.035458e-07
2.161324e+01 5.263151e-02 -9.630860e-07
2.161324e+01 7.314235e-02 -1.790082e-06
2.161324e+01 1.025928e-01 -2.761217e-06
2.161324e+01 1.448116e-01 -4.983653e-06
2.161324e+01 2.023460e-01 -7.799038e-06
2.161324e+01 2.834245e-01 -1.095491e-05
2.161324e+01 3.967448e-01 -1.621042e-05
2.161324e+01 5.552783e-01 -2.400563e-05
2.161324e+01 7.774819e-01 -3.653201e-05
2.161324e+01 1.088445e+00 -5.242079e-05
2.161324e+01 1.523711e+00 -7.754052e-05
2.161324e+01 2.088426e+00 -1.08094e-04
2.161324e+01 2.685505e+00 -1.164827e-04
2.206550e+01 1.570796e-02 -7.952701e-08
2.206550e+01 2.346256e-02 -8.336514e-08
2.206550e+01 3.503514e-02 -3.405298e-07
2.206550e+01 5.263151e-02 -6.115913e-07
2.206550e+01 7.314235e-02 -1.172892e-06
2.206550e+01 1.025928e-01 -1.841256e-06
2.206550e+01 1.448116e-01 -3.250223e-06
2.206550e+01 2.023460e-01 -5.037009e-06
2.206550e+01 2.834245e-01 -7.145510e-06
2.206550e+01 3.967448e-01 -1.07068e-05
2.206550e+01 5.552783e-01 -1.601994e-05
2.206550e+01 7.774819e-01 -2.441068e-05
2.206550e+01 1.088445e+00 -3.526562e-05
2.206550e+01 1.523711e+00 -5.191106e-05
2.206550e+01 2.088426e+00 -7.337478e-05
2.206550e+01 2.685505e+00 -8.084150e-05
2.252681e+01 1.570796e-02 -5.285409e-08
2.252681e+01 2.346256e-02 -5.118643e-08
2.252681e+01 3.503514e-02 -2.18212e-07
2.252681e+01 5.263151e-02 -3.890625e-07
2.252681e+01 7.314235e-02 -7.53251e-07
2.252681e+01 1.025928e-01 -1.203324e-06
2.252681e+01 1.448116e-01 -2.117133e-06
2.252681e+01 2.023460e-01 -3.290793e-06
2.252681e+01 2.834245e-01 -4.659212e-06
2.252681e+01 3.967448e-01 -7.05162e-06
2.252681e+01 5.552783e-01 -1.065080e-05
2.252681e+01 7.774819e-01 -1.631077e-05
2.252681e+01 1.088445e+00 -2.388008e-05
2.252681e+01 1.523711e+00 -3.510349e-05
2.252681e+01 2.088426e+00 -4.968966e-05
2.252681e+01 2.685505e+00 -5.444432e-05
2.299735e+01 1.570796e-02 -3.169059e-08
2.299735e+01 2.346256e-02 -4.033404e-08
2.299735e+01 3.503514e-02 -1.369085e-07
2.299735e+01 5.263151e-02 -2.491960e-07
2.299735e+01 7.314235e-02 -4.729618e-07
2.299735e+01 1.025928e-01 -7.632199e-07
2.299735e+01 1.448116e-01 -1.367983e-06
2.299735e+01 2.023460e-01 -2.120051e-06
2.299735e+01 2.834245e-01 -2.991852e-06
2.299735e+01 3.967448e-01 -4.545926e-06
2.299735e+01 5.552783e-01 -6.992367e-06
2.299735e+01 7.774819e-01 -1.075621e-05
2.299735e+01 1.088445e+00 -1.562394e-05
2.299735e+01 1.523711e+00 -2.323828e-05
2.299735e+01 2.088426e+00 -3.29199e-05
2.299735e+01 2.685505e+00 -3.577914e-05
2.34773e+01 1.570796e-02 -1.933417e-08
2.34773e+01 2.346256e-02 -1.95804e-08
2.34773e+01 3.503514e-02 -8.399881e-08
2.34773e+01 5.263151e-02 -1.511017e-07
2.34773e+01 7.314235e-02 -2.986416e-07
2.34773e+01 1.025928e-01 -4.681904e-07
2.34773e+01 1.448116e-01 -8.135343e-07
2.34773e+01 2.023460e-01 -1.314457e-06
2.34773e+01 2.834245e-01 -1.871968e-06
2.34773e+01 3.967448e-01 -2.815998e-06
2.34773e+01 5.552783e-01 -4.346985e-06
2.34773e+01 7.774819e-01 -6.758491e-06
2.34773e+01 1.088445e+00 -9.931387e-06
2.34773e+01 1.523711e+00 -1.514454e-05
2.34773e+01 2.088426e+00 -2.145573e-05
2.34773e+01 2.685505e+00 -2.266186e-05
2.396684e+01 1.570796e-02 -1.250601e-08
2.396684e+01 2.346256e-02 -1.436499e-08
2.396684e+01 3.503514e-02 -5.037908e-08
2.396684e+01 5.263151e-02 -9.948663e-08
2.396684e+01 7.314235e-02 -1.835004e-07
2.396684e+01 1.025928e-01 -2.822629e-07
2.396684e+01 1.448116e-01 -5.088272e-07
2.396684e+01 2.023460e-01 -8.405171e-07
2.396684e+01 2.834245e-01 -1.147495e-06
2.396684e+01 3.967448e-01 -1.781172e-06
2.396684e+01 5.552783e-01 -2.785857e-06
2.396684e+01 7.774819e-01 -4.290861e-06
2.396684e+01 1.088445e+00 -6.348410e-06
2.396684e+01 1.523711e+00 -9.727199e-06
2.396684e+01 2.088426e+00 -1.368988e-05
2.396684e+01 2.685505e+00 -1.472012e-05
2.446618e+01 1.570796e-02 4.08438e-10
2.446618e+01 2.346256e-02 1.038929e-09
2.446618e+01 3.503514e-02 2.107115e-09
2.446618e+01 5.263151e-02 4.315104e-09
2.446618e+01 7.314235e-02 9.021288e-09
2.446618e+01 1.025928e-01 1.345646e-08
2.446618e+01 1.448116e-01 2.287648e-08
2.446618e+01 2.023460e-01 3.349973e-08
2.446618e+01 2.834245e-01 4.907654e-08
2.446618e+01 3.967448e-01 7.017887e-08
2.446618e+01 5.552783e-01 9.962124e-08
2.446618e+01 7.774819e-01 1.328577e-07
2.446618e+01 1.088445e+00 1.540961e-07
2.446618e+01 1.523711e+00 1.455047e-07
2.446618e+01 2.088426e+00 1.079677e-07
2.446618e+01 2.685505e+00 5.531127e-08
2.497550e+01 1.570796e-02 3.805656e-10
2.497550e+01 2.346256e-02 9.661392e-10
2.497550e+01 3.503514e-02 1.962753e-09
2.497550e+01 5.263151e-02 4.014964e-09
2.497550e+01 7.314235e-02 8.401179e-09
2.497550e+01 1.025928e-01 1.252633e-08
2.497550e+01 1.448116e-01 2.131774e-08
2.497550e+01 2.023460e-01 3.131096e-08
2.497550e+01 2.834245e-01 4.609624e-08
2.497550e+01 3.967448e-01 6.636970e-08
2.497550e+01 5.552783e-01 9.485121e-08
2.497550e+01 7.774819e-01 1.27191e-07
2.497550e+01 1.088445e+00 1.486622e-07
2.497550e+01 1.523711e+00 1.424698e-07
2.497550e+01 2.088426e+00 1.080813e-07
2.497550e+01 2.685505e+00 5.629297e-08
2.549501e+01 1.570796e-02 3.529133e-10
2.549501e+01 2.346256e-02 8.953141e-10
2.549501e+01 3.503514e-02 1.820700e-09
2.549501e+01 5.263151e-02 3.720573e-09
2.549501e+01 7.314235e-02 7.789857e-09
2.549501e+01 1.025928e-01 1.161409e-08
2.549501e+01 1.448116e-01 1.979275e-08
2.549501e+01 2.023460e-01 2.914817e-08
2.549501e+01 2.834245e-01 4.314307e-08
2.549501e+01 3.967448e-01 6.255984e-08
2.549501e+01 5.552783e-01 8.997763e-08
2.549501e+01 7.774819e-01 1.212816e-07
2.549501e+01 1.088445e+00 1.429023e-07
2.549501e+01 1.523711e+00 1.392834e-07
2.549501e+01 2.088426e+00 1.081501e-07
2.549501e+01 2.685505e+00 5.748526e-08
2.602491e+01 1.570796e-02 3.258542e-10
2.602491e+01 2.346256e-02 8.259345e-10
2.602491e+01 3.503514e-02 1.681295e-09
2.602491e+01 5.263151e-02 3.430821e-09
2.602491e+01 7.314235e-02 7.192932e-09
2.602491e+01 1.025928e-01 1.071870e-08
2.602491e+01 1.448116e-01 1.82989e-08
2.602491e+01 2.023460e-01 2.702743e-08
2.602491e+01 2.834245e-01 4.022898e-08
2.602491e+01 3.967448e-01 5.873783e-08
2.602491e+01 5.552783e-01 8.497623e-08
2.602491e+01 7.774819e-01 1.151469e-07
2.602491e+01 1.088445e+00 1.367615e-07
2.602491e+01 1.523711e+00 1.356986e-07
2.602491e+01 2.088426e+00 1.080783e-07
2.602491e+01 2.685505e+00 5.886590e-08
2.656541e+01 1.570796e-02 2.991954e-10
2.656541e+01 2.346256e-02 7.587675e-10
2.656541e+01 3.503514e-02 1.544453e-09
2.656541e+01 5.263151e-02 3.149706e-09
2.656541e+01 7.314235e-02 6.607929e-09
2.656541e+01 1.025928e-01 9.842634e-09
2.656541e+01 1.448116e-01 1.683488e-08
2.656541e+01 2.023460e-01 2.495166e-08
2.656541e+01 2.834245e-01 3.735172e-08
2.656541e+01 3.967448e-01 5.489505e-08
2.656541e+01 5.552783e-01 7.98534e-08
2.656541e+01 7.774819e-01 1.087466e-07
2.656541e+01 1.088445e+00 1.303566e-07
2.656541e+01 1.523711e+00 1.317400e-07
2.656541e+01 2.088426e+00 1.078967e-07
2.656541e+01 2.685505e+00 6.061516e-08
2.711672e+01 1.570796e-02 2.733557e-10
2.711672e+01 2.346256e-02 6.935700e-10
2.711672e+01 3.503514e-02 1.410785e-09
2.711672e+01 5.263151e-02 2.875683e-09
2.711672e+01 7.314235e-02 6.036742e-09
2.711672e+01 1.025928e-01 8.992367e-09
2.711672e+01 1.448116e-01 1.540313e-08
2.711672e+01 2.023460e-01 2.291951e-08
2.711672e+01 2.834245e-01 3.450389e-08
2.711672e+01 3.967448e-01 5.102828e-08
2.711672e+01 5.552783e-01 7.462637e-08
2.711672e+01 7.774819e-01 1.021259e-07
2.711672e+01 1.088445e+00 1.235622e-07
2.711672e+01 1.523711e+00 1.274565e-07
2.711672e+01 2.088426e+00 1.073739e-07
2.711672e+01 2.685505e+00 6.288684e-08
2.767905e+01 1.570796e-02 2.480149e-10
2.767905e+01 2.346256e-02 6.296331e-10
2.767905e+01 3.503514e-02 1.280358e-09
2.767905e+01 5.263151e-02 2.608878e-09
2.767905e+01 7.314235e-02 5.481721e-09
2.767905e+01 1.025928e-01 8.163913e-09
2.767905e+01 1.448116e-01 1.400853e-08
2.767905e+01 2.023460e-01 2.092898e-08
2.767905e+01 2.834245e-01 3.168779e-08
2.767905e+01 3.967448e-01 4.713717e-08
2.767905e+01 5.552783e-01 6.925789e-08
2.767905e+01 7.774819e-01 9.526631e-08
2.767905e+01 1.088445e+00 1.164302e-07
2.767905e+01 1.523711e+00 1.226406e-07
2.767905e+01 2.088426e+00 1.066722e-07
2.767905e+01 2.685505e+00 6.532254e-08
2.825263e+01 1.570796e-02 2.234959e-10
2.825263e+01 2.346256e-02 5.675091e-10
2.825263e+01 3.503514e-02 1.153191e-09
2.825263e+01 5.263151e-02 2.349006e-09
2.825263e+01 7.314235e-02 4.940187e-09
2.825263e+01 1.025928e-01 7.356958e-09
2.825263e+01 1.448116e-01 1.264496e-08
2.825263e+01 2.023460e-01 1.897808e-08
2.825263e+01 2.834245e-01 2.88926e-08
2.825263e+01 3.967448e-01 4.320762e-08
2.825263e+01 5.552783e-01 6.376862e-08
2.825263e+01 7.774819e-01 8.816921e-08
2.825263e+01 1.088445e+00 1.088896e-07
2.825263e+01 1.523711e+00 1.173041e-07
2.825263e+01 2.088426e+00 1.054669e-07
2.825263e+01 2.685505e+00 6.836846e-08
2.883769e+01 1.570796e-02 1.993833e-10
2.883769e+01 2.346256e-02 5.071790e-10
2.883769e+01 3.503514e-02 1.029334e-09
2.883769e+01 5.263151e-02 2.09647e-09
2.883769e+01 7.314235e-02 4.411497e-09
2.883769e+01 1.025928e-01 6.574076e-09
2.883769e+01 1.448116e-01 1.131303e-08
2.883769e+01 2.023460e-01 1.705848e-08
2.883769e+01 2.834245e-01 2.610957e-08
2.883769e+01 3.967448e-01 3.923238e-08
2.883769e+01 5.552783e-01 5.815424e-08
2.883769e+01 7.774819e-01 8.084605e-08
2.883769e+01 1.088445e+00 1.009498e-07
2.883769e+01 1.523711e+00 1.112848e-07
2.883769e+01 2.088426e+00 1.037162e-07
2.883769e+01 2.685505e+00 7.15214e-08
2.943444e+01 1.570796e-02 1.76093e-10
2.943444e+01 2.346256e-02 4.483196e-10
2.943444e+01 3.503514e-02 9.086056e-10
2.943444e+01 5.263151e-02 1.850552e-09
2.943444e+01 7.314235e-02 3.896755e-09
2.943444e+01 1.025928e-01 5.808831e-09
2.943444e+01 1.448116e-01 1.001067e-08
2.943444e+01 2.023460e-01 1.516525e-08
2.943444e+01 2.834245e-01 2.333186e-08
2.943444e+01 3.967448e-01 3.521833e-08
2.943444e+01 5.552783e-01 5.241983e-08
2.943444e+01 7.774819e-01 7.328938e-08
2.943444e+01 1.088445e+00 9.255068e-08
2.943444e+01 1.523711e+00 1.045252e-07
2.943444e+01 2.088426e+00 1.012692e-07
2.943444e+01 2.685505e+00 7.480110e-08
3.004313e+01 1.570796e-02 1.532996e-10
3.004313e+01 2.346256e-02 3.90684e-10
3.004313e+01 3.503514e-02 7.908663e-10
3.004313e+01 5.263151e-02 1.611048e-09
3.004313e+01 7.314235e-02 3.394447e-09
3.004313e+01 1.025928e-01 5.063321e-09
3.004313e+01 1.448116e-01 8.73682e-09
3.004313e+01 2.023460e-01 1.329936e-08
3.004313e+01 2.834245e-01 2.055684e-08
3.004313e+01 3.967448e-01 3.116655e-08
3.004313e+01 5.552783e-01 4.656045e-08
3.004313e+01 7.774819e-01 6.546157e-08
3.004313e+01 1.088445e+00 8.368606e-08
3.004313e+01 1.523711e+00 9.688348e-08
3.004313e+01 2.088426e+00 9.785851e-08
3.004313e+01 2.685505e+00 7.761633e-08
3.066399e+01 1.570796e-02 1.310234e-10
3.066399e+01 2.346256e-02 3.345399e-10
3.066399e+01 3.503514e-02 6.757277e-10
3.066399e+01 5.263151e-02 1.377386e-09
3.066399e+01 7.314235e-02 2.90563e-09
3.066399e+01 1.025928e-01 4.335297e-09
3.066399e+01 1.448116e-01 7.490492e-09
3.066399e+01 2.023460e-01 1.145890e-08
3.066399e+01 2.834245e-01 1.779373e-08
3.066399e+01 3.967448e-01 2.707125e-08
3.066399e+01 5.552783e-01 4.059256e-08
3.066399e+01 7.774819e-01 5.739015e-08
3.066399e+01 1.088445e+00 7.425911e-08
3.066399e+01 1.523711e+00 8.820605e-08
3.066399e+01 2.088426e+00 9.303682e-08
3.066399e+01 2.685505e+00 7.960999e-08
3.129727e+01 1.570796e-02 1.093732e-10
3.129727e+01 2.346256e-02 2.797899e-10
3.129727e+01 3.503514e-02 5.638257e-10
3.129727e+01 5.263151e-02 1.14985e-09
3.129727e+01 7.314235e-02 2.427909e-09
3.129727e+01 1.025928e-01 3.625671e-09
3.129727e+01 1.448116e-01 6.269455e-09
3.129727e+01 2.023460e-01 9.636528e-09
3.129727e+01 2.834245e-01 1.503021e-08
3.129727e+01 3.967448e-01 2.293961e-08
3.129727e+01 5.552783e-01 3.451876e-08
3.129727e+01 7.774819e-01 4.905506e-08
3.129727e+01 1.088445e+00 6.428836e-08
3.129727e+01 1.523711e+00 7.838301e-08
3.129727e+01 2.088426e+00 8.666813e-08
3.129727e+01 2.685505e+00 8.008483e-08
3.194322e+01 1.570796e-02 8.827342e-11
3.194322e+01 2.346256e-02 2.26066e-10
3.194322e+01 3.503514e-02 4.546438e-10
3.194322e+01 5.263151e-02 9.278715e-10
3.194322e+01 7.314235e-02 1.960580e-09
3.194322e+01 1.025928e-01 2.930912e-09
3.194322e+01 1.448116e-01 5.074852e-09
3.194322e+01 2.023460e-01 7.834785e-09
3.194322e+01 2.834245e-01 1.227059e-08
3.194322e+01 3.967448e-01 1.87814e-08
3.194322e+01 5.552783e-01 2.833711e-08
3.194322e+01 7.774819e-01 4.049302e-08
3.194322e+01 1.088445e+00 5.372703e-08
3.194322e+01 1.523711e+00 6.732307e-08
3.194322e+01 2.088426e+00 7.817067e-08
3.194322e+01 2.685505e+00 7.838491e-08
3.260208e+01 1.570796e-02 6.762039e-11
3.260208e+01 2.346256e-02 1.737170e-10
3.260208e+01 3.503514e-02 3.481278e-10
3.260208e+01 5.263151e-02 7.120062e-10
3.260208e+01 7.314235e-02 1.505109e-09
3.260208e+01 1.025928e-01 2.252743e-09
3.260208e+01 1.448116e-01 3.904082e-09
3.260208e+01 2.023460e-01 6.054009e-09
3.260208e+01 2.834245e-01 9.515276e-09
3.260208e+01 3.967448e-01 1.459537e-08
3.260208e+01 5.552783e-01 2.208256e-08
3.260208e+01 7.774819e-01 3.170691e-08
3.260208e+01 1.088445e+00 4.260788e-08
3.260208e+01 1.523711e+00 5.486034e-08
3.260208e+01 2.088426e+00 6.711577e-08
3.260208e+01 2.685505e+00 7.307077e-08
3.327412e+01 1.570796e-02 4.738716e-11
3.327412e+01 2.346256e-02 1.22086e-10
3.327412e+01 3.503514e-02 2.438097e-10
3.327412e+01 5.263151e-02 4.986827e-10
3.327412e+01 7.314235e-02 1.056587e-09
3.327412e+01 1.025928e-01 1.582783e-09
3.327412e+01 1.448116e-01 2.746288e-09
3.327412e+01 2.023460e-01 4.276537e-09
3.327412e+01 2.834245e-01 6.744456e-09
3.327412e+01 3.967448e-01 1.036638e-08
3.327412e+01 5.552783e-01 1.572936e-08
3.327412e+01 7.774819e-01 2.269197e-08
3.327412e+01 1.088445e+00 3.089539e-08
3.327412e+01 1.523711e+00 4.091113e-08
3.327412e+01 2.088426e+00 5.285347e-08
3.327412e+01 2.685505e+00 6.254212e-08
3.395961e+01 1.570796e-02 2.851121e-11
3.395961e+01 2.346256e-02 7.432706e-11
3.395961e+01 3.503514e-02 1.472017e-10
3.395961e+01 5.263151e-02 3.020503e-10
3.395961e+01 7.314235e-02 6.402232e-10
3.395961e+01 1.025928e-01 9.60051e-10
3.395961e+01 1.448116e-01 1.664384e-09
3.395961e+01 2.023460e-01 2.593731e-09
3.395961e+01 2.834245e-01 4.086287e-09
3.395961e+01 3.967448e-01 6.254709e-09
3.395961e+01 5.552783e-01 9.46712e-09
3.395961e+01 7.774819e-01 1.364464e-08
3.395961e+01 1.088445e+00 1.872830e-08
3.395961e+01 1.523711e+00 2.540248e-08
3.395961e+01 2.088426e+00 3.466809e-08
3.395961e+01 2.685505e+00 4.439457e-08
3.46588e+01 1.570796e-02 8.887211e-12
3.46588e+01 2.346256e-02 2.156111e-11
3.46588e+01 3.503514e-02 4.646557e-11
3.46588e+01 5.263151e-02 8.987515e-11
3.46588e+01 7.314235e-02 1.953255e-10
3.46588e+01 1.025928e-01 2.908455e-10
3.46588e+01 1.448116e-01 5.048273e-10
3.46588e+01 2.023460e-01 7.990305e-10
3.46588e+01 2.834245e-01 1.271164e-09
3.46588e+01 3.967448e-01 1.962713e-09
3.46588e+01 5.552783e-01 2.989833e-09
3.46588e+01 7.774819e-01 4.346605e-09
3.46588e+01 1.088445e+00 6.063355e-09
3.46588e+01 1.523711e+00 8.457866e-09
3.46588e+01 2.088426e+00 1.211865e-08
3.46588e+01 2.685505e+00 1.649893e-08
3.537197e+01 1.570796e-02 0.e+00
3.537197e+01 2.346256e-02 0.e+00
3.537197e+01 3.503514e-02 0.e+00
3.537197e+01 5.263151e-02 0.e+00
3.537197e+01 7.314235e-02 0.e+00
3.537197e+01 1.025928e-01 0.e+00
3.537197e+01 1.448116e-01 0.e+00
3.537197e+01 2.023460e-01 0.e+00
3.537197e+01 2.834245e-01 0.e+00
3.537197e+01 3.967448e-01 0.e+00
3.537197e+01 5.552783e-01 0.e+00
3.537197e+01 7.774819e-01 0.e+00
3.537197e+01 1.088445e+00 0.e+00
3.537197e+01 1.523711e+00 0.e+00
3.537197e+01 2.088426e+00 0.e+00
3.537197e+01 2.685505e+00 0.e+00
