5.e+00 1.570796e-02 0.e+00
5.e+00 2.346256e-02 0.e+00
5.e+00 3.503514e-02 0.e+00
5.e+00 5.263151e-02 0.e+00
5.e+00 7.314235e-02 0.e+00
5.e+00 1.025928e-01 0.e+00
5.e+00 1.448116e-01 0.e+00
5.e+00 2.02346e-01 0.e+00
5.e+00 2.834245e-01 0.e+00
5.e+00 3.967448e-01 0.e+00
5.e+00 5.552783e-01 0.e+00
5.e+00 7.774819e-01 0.e+00
5.e+00 1.088445e+00 0.e+00
5.e+00 1.523711e+00 0.e+00
5.e+00 2.088426e+00 0.e+00
5.e+00 2.685505e+00 0.e+00
5.12e+00 1.570796e-02 0.e+00
5.12e+00 2.346256e-02 0.e+00
5.12e+00 3.503514e-02 0.e+00
5.12e+00 5.263151e-02 0.e+00
5.12e+00 7.314235e-02 0.e+00
5.12e+00 1.025928e-01 0.e+00
5.12e+00 1.448116e-01 0.e+00
5.12e+00 2.02346e-01 0.e+00
5.12e+00 2.834245e-01 0.e+00
5.12e+00 3.967448e-01 0.e+00
5.12e+00 5.552783e-01 0.e+00
5.12e+00 7.774819e-01 0.e+00
5.12e+00 1.088445e+00 0.e+00
5.12e+00 1.523711e+00 0.e+00
5.12e+00 2.088426e+00 0.e+00
5.12e+00 2.685505e+00 0.e+00
5.2424e+00 1.570796e-02 0.e+00
5.2424e+00 2.346256e-02 0.e+00
5.2424e+00 3.503514e-02 0.e+00
5.2424e+00 5.263151e-02 0.e+00
5.2424e+00 7.314235e-02 0.e+00
5.2424e+00 1.025928e-01 0.e+00
5.2424e+00 1.448116e-01 0.e+00
5.2424e+00 2.02346e-01 0.e+00
5.2424e+00 2.834245e-01 0.e+00
5.2424e+00 3.967448e-01 0.e+00
5.2424e+00 5.552783e-01 0.e+00
5.2424e+00 7.774819e-01 0.e+00
5.2424e+00 1.088445e+00 0.e+00
5.2424e+00 1.523711e+00 0.e+00
5.2424e+00 2.088426e+00 0.e+00
5.2424e+00 2.685505e+00 0.e+00
5.367248e+00 1.570796e-02 0.e+00
5.367248e+00 2.346256e-02 0.e+00
5.367248e+00 3.503514e-02 0.e+00
5.367248e+00 5.263151e-02 0.e+00
5.367248e+00 7.314235e-02 0.e+00
5.367248e+00 1.025928e-01 0.e+00
5.367248e+00 1.448116e-01 0.e+00
5.367248e+00 2.02346e-01 0.e+00
5.367248e+00 2.834245e-01 0.e+00
5.367248e+00 3.967448e-01 0.e+00
5.367248e+00 5.552783e-01 0.e+00
5.367248e+00 7.774819e-01 0.e+00
5.367248e+00 1.088445e+00 0.e+00
5.367248e+00 1.523711e+00 0.e+00
5.367248e+00 2.088426e+00 0.e+00
5.367248e+00 2.685505e+00 0.e+00
5.494593e+00 1.570796e-02 0.e+00
5.494593e+00 2.346256e-02 0.e+00
5.494593e+00 3.503514e-02 0.e+00
5.494593e+00 5.263151e-02 0.e+00
5.494593e+00 7.314235e-02 0.e+00
5.494593e+00 1.025928e-01 0.e+00
5.494593e+00 1.448116e-01 0.e+00
5.494593e+00 2.02346e-01 0.e+00
5.494593e+00 2.834245e-01 0.e+00
5.494593e+00 3.967448e-01 0.e+00
5.494593e+00 5.552783e-01 0.e+00
5.494593e+00 7.774819e-01 0.e+00
5.494593e+00 1.088445e+00 0.e+00
5.494593e+00 1.523711e+00 0.e+00
5.494593e+00 2.088426e+00 0.e+00
5.494593e+00 2.685505e+00 0.e+00
5.624485e+00 1.570796e-02 0.e+00
5.624485e+00 2.346256e-02 0.e+00
5.624485e+00 3.503514e-02 0.e+00
5.624485e+00 5.263151e-02 0.e+00
5.624485e+00 7.314235e-02 0.e+00
5.624485e+00 1.025928e-01 0.e+00
5.624485e+00 1.448116e-01 0.e+00
5.624485e+00 2.02346e-01 0.e+00
5.624485e+00 2.834245e-01 0.e+00
5.624485e+00 3.967448e-01 0.e+00
5.624485e+00 5.552783e-01 0.e+00
5.624485e+00 7.774819e-01 0.e+00
5.624485e+00 1.088445e+00 0.e+00
5.624485e+00 1.523711e+00 0.e+00
5.624485e+00 2.088426e+00 0.e+00
5.624485e+00 2.685505e+00 0.e+00
5.756975e+00 1.570796e-02 0.e+00
5.756975e+00 2.346256e-02 0.e+00
5.756975e+00 3.503514e-02 0.e+00
5.756975e+00 5.263151e-02 0.e+00
5.756975e+00 7.314235e-02 0.e+00
5.756975e+00 1.025928e-01 0.e+00
5.756975e+00 1.448116e-01 0.e+00
5.756975e+00 2.02346e-01 0.e+00
5.756975e+00 2.834245e-01 0.e+00
5.756975e+00 3.967448e-01 0.e+00
5.756975e+00 5.552783e-01 0.e+00
5.756975e+00 7.774819e-01 0.e+00
5.756975e+00 1.088445e+00 0.e+00
5.756975e+00 1.523711e+00 0.e+00
5.756975e+00 2.088426e+00 0.e+00
5.756975e+00 2.685505e+00 0.e+00
5.892114e+00 1.570796e-02 0.e+00
5.892114e+00 2.346256e-02 0.e+00
5.892114e+00 3.503514e-02 0.e+00
5.892114e+00 5.263151e-02 0.e+00
5.892114e+00 7.314235e-02 0.e+00
5.892114e+00 1.025928e-01 0.e+00
5.892114e+00 1.448116e-01 0.e+00
5.892114e+00 2.02346e-01 0.e+00
5.892114e+00 2.834245e-01 0.e+00
5.892114e+00 3.967448e-01 0.e+00
5.892114e+00 5.552783e-01 0.e+00
5.892114e+00 7.774819e-01 0.e+00
5.892114e+00 1.088445e+00 0.e+00
5.892114e+00 1.523711e+00 0.e+00
5.892114e+00 2.088426e+00 0.e+00
5.892114e+00 2.685505e+00 0.e+00
6.029956e+00 1.570796e-02 -2.233838e-05
6.029956e+00 2.346256e-02 -5.030857e-05
6.029956e+00 3.503514e-02 -1.403738e-04
6.029956e+00 5.263151e-02 -7.368806e-05
6.029956e+00 7.314235e-02 -9.093055e-05
6.029956e+00 1.025928e-01 -5.947e-05
6.029956e+00 1.448116e-01 -1.370019e-04
6.029956e+00 2.02346e-01 -1.236335e-04
6.029956e+00 2.834245e-01 -1.342898e-04
6.029956e+00 3.967448e-01 -8.694925e-05
6.029956e+00 5.552783e-01 -8.464648e-05
6.029956e+00 7.774819e-01 -7.504295e-05
6.029956e+00 1.088445e+00 -6.303495e-05
6.029956e+00 1.523711e+00 -6.511246e-05
6.029956e+00 2.088426e+00 -7.66791e-05
6.029956e+00 2.685505e+00 -8.014425e-05
6.170555e+00 1.570796e-02 -8.752998e-05
6.170555e+00 2.346256e-02 -1.544913e-04
6.170555e+00 3.503514e-02 -9.245713e-04
6.170555e+00 5.263151e-02 -6.789558e-04
6.170555e+00 7.314235e-02 -4.968173e-04
6.170555e+00 1.025928e-01 -7.316483e-04
6.170555e+00 1.448116e-01 -7.914104e-04
6.170555e+00 2.02346e-01 -8.128603e-04
6.170555e+00 2.834245e-01 -7.001977e-04
6.170555e+00 3.967448e-01 -6.657148e-04
6.170555e+00 5.552783e-01 -5.498779e-04
6.170555e+00 7.774819e-01 -4.712702e-04
6.170555e+00 1.088445e+00 -4.175069e-04
6.170555e+00 1.523711e+00 -4.156467e-04
6.170555e+00 2.088426e+00 -4.515618e-04
6.170555e+00 2.685505e+00 -4.751932e-04
6.313967e+00 1.570796e-02 -1.732979e-04
6.313967e+00 2.346256e-02 -4.231843e-04
6.313967e+00 3.503514e-02 -2.137388e-03
6.313967e+00 5.263151e-02 -2.341701e-03
6.313967e+00 7.314235e-02 -1.838079e-03
6.313967e+00 1.025928e-01 -2.301225e-03
6.313967e+00 1.448116e-01 -2.527809e-03
6.313967e+00 2.02346e-01 -2.399586e-03
6.313967e+00 2.834245e-01 -2.210049e-03
6.313967e+00 3.967448e-01 -2.077164e-03
6.313967e+00 5.552783e-01 -1.765818e-03
6.313967e+00 7.774819e-01 -1.547096e-03
6.313967e+00 1.088445e+00 -1.352463e-03
6.313967e+00 1.523711e+00 -1.302798e-03
6.313967e+00 2.088426e+00 -1.417001e-03
6.313967e+00 2.685505e+00 -1.465572e-03
6.460246e+00 1.570796e-02 -2.673198e-04
6.460246e+00 2.346256e-02 -7.771446e-04
6.460246e+00 3.503514e-02 -3.440462e-03
6.460246e+00 5.263151e-02 -5.0128e-03
6.460246e+00 7.314235e-02 -4.327446e-03
6.460246e+00 1.025928e-01 -5.402357e-03
6.460246e+00 1.448116e-01 -5.985824e-03
6.460246e+00 2.02346e-01 -5.636882e-03
6.460246e+00 2.834245e-01 -5.428199e-03
6.460246e+00 3.967448e-01 -4.789389e-03
6.460246e+00 5.552783e-01 -4.23152e-03
6.460246e+00 7.774819e-01 -3.593235e-03
6.460246e+00 1.088445e+00 -3.171771e-03
6.460246e+00 1.523711e+00 -2.992695e-03
6.460246e+00 2.088426e+00 -3.226518e-03
6.460246e+00 2.685505e+00 -3.290318e-03
6.609451e+00 1.570796e-02 -3.094563e-04
6.609451e+00 2.346256e-02 -1.001097e-03
6.609451e+00 3.503514e-02 -4.716091e-03
6.609451e+00 5.263151e-02 -7.049607e-03
6.609451e+00 7.314235e-02 -7.299832e-03
6.609451e+00 1.025928e-01 -9.62769e-03
6.609451e+00 1.448116e-01 -1.05255e-02
6.609451e+00 2.02346e-01 -9.981152e-03
6.609451e+00 2.834245e-01 -9.600915e-03
6.609451e+00 3.967448e-01 -8.824604e-03
6.609451e+00 5.552783e-01 -7.714903e-03
6.609451e+00 7.774819e-01 -6.606277e-03
6.609451e+00 1.088445e+00 -5.687639e-03
6.609451e+00 1.523711e+00 -5.30413e-03
6.609451e+00 2.088426e+00 -5.6529e-03
6.609451e+00 2.685505e+00 -5.755462e-03
6.76164e+00 1.570796e-02 -3.095256e-04
6.76164e+00 2.346256e-02 -1.077758e-03
6.76164e+00 3.503514e-02 -5.376394e-03
6.76164e+00 5.263151e-02 -8.824058e-03
6.76164e+00 7.314235e-02 -1.03335e-02
6.76164e+00 1.025928e-01 -1.483139e-02
6.76164e+00 1.448116e-01 -1.524010e-02
6.76164e+00 2.02346e-01 -1.501345e-02
6.76164e+00 2.834245e-01 -1.486721e-02
6.76164e+00 3.967448e-01 -1.375753e-02
6.76164e+00 5.552783e-01 -1.189651e-02
6.76164e+00 7.774819e-01 -1.019345e-02
6.76164e+00 1.088445e+00 -8.760683e-03
6.76164e+00 1.523711e+00 -8.112545e-03
6.76164e+00 2.088426e+00 -8.526741e-03
6.76164e+00 2.685505e+00 -8.659897e-03
6.916873e+00 1.570796e-02 -2.752567e-04
6.916873e+00 2.346256e-02 -1.05561e-03
6.916873e+00 3.503514e-02 -5.511379e-03
6.916873e+00 5.263151e-02 -9.981762e-03
6.916873e+00 7.314235e-02 -1.244724e-02
6.916873e+00 1.025928e-01 -1.861948e-02
6.916873e+00 1.448116e-01 -1.972243e-02
6.916873e+00 2.02346e-01 -1.983262e-02
6.916873e+00 2.834245e-01 -1.98848e-02
6.916873e+00 3.967448e-01 -1.894989e-02
6.916873e+00 5.552783e-01 -1.64666e-02
6.916873e+00 7.774819e-01 -1.403953e-02
6.916873e+00 1.088445e+00 -1.191206e-02
6.916873e+00 1.523711e+00 -1.09601e-02
6.916873e+00 2.088426e+00 -1.142137e-02
6.916873e+00 2.685505e+00 -1.145604e-02
7.075210e+00 1.570796e-02 -2.245836e-04
7.075210e+00 2.346256e-02 -9.873243e-04
7.075210e+00 3.503514e-02 -5.156662e-03
7.075210e+00 5.263151e-02 -1.040943e-02
7.075210e+00 7.314235e-02 -1.392254e-02
7.075210e+00 1.025928e-01 -2.146735e-02
7.075210e+00 1.448116e-01 -2.343205e-02
7.075210e+00 2.02346e-01 -2.425305e-02
7.075210e+00 2.834245e-01 -2.48515e-02
7.075210e+00 3.967448e-01 -2.402041e-02
7.075210e+00 5.552783e-01 -2.098571e-02
7.075210e+00 7.774819e-01 -1.802103e-02
7.075210e+00 1.088445e+00 -1.523832e-02
7.075210e+00 1.523711e+00 -1.379522e-02
7.075210e+00 2.088426e+00 -1.421768e-02
7.075210e+00 2.685505e+00 -1.404738e-02
7.236714e+00 1.570796e-02 -1.962606e-04
7.236714e+00 2.346256e-02 -8.853327e-04
7.236714e+00 3.503514e-02 -4.700761e-03
7.236714e+00 5.263151e-02 -1.026715e-02
7.236714e+00 7.314235e-02 -1.437457e-02
7.236714e+00 1.025928e-01 -2.299468e-02
7.236714e+00 1.448116e-01 -2.587586e-02
7.236714e+00 2.02346e-01 -2.759624e-02
7.236714e+00 2.834245e-01 -2.893475e-02
7.236714e+00 3.967448e-01 -2.840803e-02
7.236714e+00 5.552783e-01 -2.521722e-02
7.236714e+00 7.774819e-01 -2.180396e-02
7.236714e+00 1.088445e+00 -1.829193e-02
7.236714e+00 1.523711e+00 -1.644189e-02
7.236714e+00 2.088426e+00 -1.668716e-02
7.236714e+00 2.685505e+00 -1.634949e-02
7.401449e+00 1.570796e-02 -1.884359e-04
7.401449e+00 2.346256e-02 -8.350155e-04
7.401449e+00 3.503514e-02 -4.326346e-03
7.401449e+00 5.263151e-02 -9.699357e-03
7.401449e+00 7.314235e-02 -1.396417e-02
7.401449e+00 1.025928e-01 -2.321648e-02
7.401449e+00 1.448116e-01 -2.725272e-02
7.401449e+00 2.02346e-01 -2.994595e-02
7.401449e+00 2.834245e-01 -3.210968e-02
7.401449e+00 3.967448e-01 -3.201878e-02
7.401449e+00 5.552783e-01 -2.887581e-02
7.401449e+00 7.774819e-01 -2.505438e-02
7.401449e+00 1.088445e+00 -2.104652e-02
7.401449e+00 1.523711e+00 -1.883576e-02
7.401449e+00 2.088426e+00 -1.886007e-02
7.401449e+00 2.685505e+00 -1.82886e-02
7.569477e+00 1.570796e-02 -1.712582e-04
7.569477e+00 2.346256e-02 -7.71085e-04
7.569477e+00 3.503514e-02 -3.999626e-03
7.569477e+00 5.263151e-02 -9.020923e-03
7.569477e+00 7.314235e-02 -1.3102e-02
7.569477e+00 1.025928e-01 -2.255526e-02
7.569477e+00 1.448116e-01 -2.757843e-02
7.569477e+00 2.02346e-01 -3.123001e-02
7.569477e+00 2.834245e-01 -3.4312e-02
7.569477e+00 3.967448e-01 -3.476979e-02
7.569477e+00 5.552783e-01 -3.193127e-02
7.569477e+00 7.774819e-01 -2.784365e-02
7.569477e+00 1.088445e+00 -2.337021e-02
7.569477e+00 1.523711e+00 -2.084279e-02
7.569477e+00 2.088426e+00 -2.06952e-02
7.569477e+00 2.685505e+00 -1.987325e-02
7.740867e+00 1.570796e-02 -1.482154e-04
7.740867e+00 2.346256e-02 -7.001937e-04
7.740867e+00 3.503514e-02 -3.668455e-03
7.740867e+00 5.263151e-02 -8.324288e-03
7.740867e+00 7.314235e-02 -1.211161e-02
7.740867e+00 1.025928e-01 -2.128851e-02
7.740867e+00 1.448116e-01 -2.705438e-02
7.740867e+00 2.02346e-01 -3.162359e-02
7.740867e+00 2.834245e-01 -3.566832e-02
7.740867e+00 3.967448e-01 -3.659501e-02
7.740867e+00 5.552783e-01 -3.423687e-02
7.740867e+00 7.774819e-01 -3.018611e-02
7.740867e+00 1.088445e+00 -2.541065e-02
7.740867e+00 1.523711e+00 -2.251137e-02
7.740867e+00 2.088426e+00 -2.217268e-02
7.740867e+00 2.685505e+00 -2.102571e-02
7.915684e+00 1.570796e-02 -1.272267e-04
7.915684e+00 2.346256e-02 -6.24333e-04
7.915684e+00 3.503514e-02 -3.308732e-03
7.915684e+00 5.263151e-02 -7.533472e-03
7.915684e+00 7.314235e-02 -1.104628e-02
7.915684e+00 1.025928e-01 -1.975659e-02
7.915684e+00 1.448116e-01 -2.594734e-02
7.915684e+00 2.02346e-01 -3.118631e-02
7.915684e+00 2.834245e-01 -3.621292e-02
7.915684e+00 3.967448e-01 -3.774941e-02
7.915684e+00 5.552783e-01 -3.586903e-02
7.915684e+00 7.774819e-01 -3.191285e-02
7.915684e+00 1.088445e+00 -2.705412e-02
7.915684e+00 1.523711e+00 -2.390794e-02
7.915684e+00 2.088426e+00 -2.343578e-02
7.915684e+00 2.685505e+00 -2.205001e-02
8.093998e+00 1.570796e-02 -1.138402e-04
8.093998e+00 2.346256e-02 -5.606208e-04
8.093998e+00 3.503514e-02 -2.973927e-03
8.093998e+00 5.263151e-02 -6.741874e-03
8.093998e+00 7.314235e-02 -9.976676e-03
8.093998e+00 1.025928e-01 -1.813821e-02
8.093998e+00 1.448116e-01 -2.438405e-02
8.093998e+00 2.02346e-01 -3.005913e-02
8.093998e+00 2.834245e-01 -3.598328e-02
8.093998e+00 3.967448e-01 -3.815166e-02
8.093998e+00 5.552783e-01 -3.686167e-02
8.093998e+00 7.774819e-01 -3.31172e-02
8.093998e+00 1.088445e+00 -2.826688e-02
8.093998e+00 1.523711e+00 -2.498449e-02
8.093998e+00 2.088426e+00 -2.437819e-02
8.093998e+00 2.685505e+00 -2.281646e-02
8.275878e+00 1.570796e-02 -9.951904e-05
8.275878e+00 2.346256e-02 -5.012504e-04
8.275878e+00 3.503514e-02 -2.646514e-03
8.275878e+00 5.263151e-02 -6.006659e-03
8.275878e+00 7.314235e-02 -8.91261e-03
8.275878e+00 1.025928e-01 -1.64367e-02
8.275878e+00 1.448116e-01 -2.252866e-02
8.275878e+00 2.02346e-01 -2.852991e-02
8.275878e+00 2.834245e-01 -3.506628e-02
8.275878e+00 3.967448e-01 -3.786489e-02
8.275878e+00 5.552783e-01 -3.731168e-02
8.275878e+00 7.774819e-01 -3.385048e-02
8.275878e+00 1.088445e+00 -2.912556e-02
8.275878e+00 1.523711e+00 -2.577974e-02
8.275878e+00 2.088426e+00 -2.507849e-02
8.275878e+00 2.685505e+00 -2.32736e-02
8.461396e+00 1.570796e-02 -8.54125e-05
8.461396e+00 2.346256e-02 -4.445386e-04
8.461396e+00 3.503514e-02 -2.361937e-03
8.461396e+00 5.263151e-02 -5.353258e-03
8.461396e+00 7.314235e-02 -7.923983e-03
8.461396e+00 1.025928e-01 -1.479292e-02
8.461396e+00 1.448116e-01 -2.055955e-02
8.461396e+00 2.02346e-01 -2.666132e-02
8.461396e+00 2.834245e-01 -3.361788e-02
8.461396e+00 3.967448e-01 -3.69774e-02
8.461396e+00 5.552783e-01 -3.715911e-02
8.461396e+00 7.774819e-01 -3.414329e-02
8.461396e+00 1.088445e+00 -2.957782e-02
8.461396e+00 1.523711e+00 -2.629896e-02
8.461396e+00 2.088426e+00 -2.552504e-02
8.461396e+00 2.685505e+00 -2.35696e-02
8.650623e+00 1.570796e-02 -7.468723e-05
8.650623e+00 2.346256e-02 -3.950047e-04
8.650623e+00 3.503514e-02 -2.116312e-03
8.650623e+00 5.263151e-02 -4.7861e-03
8.650623e+00 7.314235e-02 -7.036751e-03
8.650623e+00 1.025928e-01 -1.3247e-02
8.650623e+00 1.448116e-01 -1.858996e-02
8.650623e+00 2.02346e-01 -2.455336e-02
8.650623e+00 2.834245e-01 -3.172052e-02
8.650623e+00 3.967448e-01 -3.562531e-02
8.650623e+00 5.552783e-01 -3.648452e-02
8.650623e+00 7.774819e-01 -3.399304e-02
8.650623e+00 1.088445e+00 -2.969081e-02
8.650623e+00 1.523711e+00 -2.648862e-02
8.650623e+00 2.088426e+00 -2.565872e-02
8.650623e+00 2.685505e+00 -2.355906e-02
8.843636e+00 1.570796e-02 -6.528328e-05
8.843636e+00 2.346256e-02 -3.541899e-04
8.843636e+00 3.503514e-02 -1.892973e-03
8.843636e+00 5.263151e-02 -4.266542e-03
8.843636e+00 7.314235e-02 -6.243247e-03
8.843636e+00 1.025928e-01 -1.181073e-02
8.843636e+00 1.448116e-01 -1.667809e-02
8.843636e+00 2.02346e-01 -2.238274e-02
8.843636e+00 2.834245e-01 -2.953067e-02
8.843636e+00 3.967448e-01 -3.394432e-02
8.843636e+00 5.552783e-01 -3.536395e-02
8.843636e+00 7.774819e-01 -3.342581e-02
8.843636e+00 1.088445e+00 -2.946764e-02
8.843636e+00 1.523711e+00 -2.64624e-02
8.843636e+00 2.088426e+00 -2.566402e-02
8.843636e+00 2.685505e+00 -2.338469e-02
9.040509e+00 1.570796e-02 -5.732024e-05
9.040509e+00 2.346256e-02 -3.172773e-04
9.040509e+00 3.503514e-02 -1.684006e-03
9.040509e+00 5.263151e-02 -3.795633e-03
9.040509e+00 7.314235e-02 -5.550118e-03
9.040509e+00 1.025928e-01 -1.04983e-02
9.040509e+00 1.448116e-01 -1.48893e-02
9.040509e+00 2.02346e-01 -2.024841e-02
9.040509e+00 2.834245e-01 -2.719575e-02
9.040509e+00 3.967448e-01 -3.195998e-02
9.040509e+00 5.552783e-01 -3.386834e-02
9.040509e+00 7.774819e-01 -3.24748e-02
9.040509e+00 1.088445e+00 -2.896083e-02
9.040509e+00 1.523711e+00 -2.622066e-02
9.040509e+00 2.088426e+00 -2.545371e-02
9.040509e+00 2.685505e+00 -2.311291e-02
9.241319e+00 1.570796e-02 -4.995528e-05
9.241319e+00 2.346256e-02 -2.822522e-04
9.241319e+00 3.503514e-02 -1.488865e-03
9.241319e+00 5.263151e-02 -3.376291e-03
9.241319e+00 7.314235e-02 -4.927778e-03
9.241319e+00 1.025928e-01 -9.294259e-03
9.241319e+00 1.448116e-01 -1.32145e-02
9.241319e+00 2.02346e-01 -1.817374e-02
9.241319e+00 2.834245e-01 -2.479728e-02
9.241319e+00 3.967448e-01 -2.974781e-02
9.241319e+00 5.552783e-01 -3.209428e-02
9.241319e+00 7.774819e-01 -3.1239e-02
9.241319e+00 1.088445e+00 -2.819728e-02
9.241319e+00 1.523711e+00 -2.576081e-02
9.241319e+00 2.088426e+00 -2.509426e-02
9.241319e+00 2.685505e+00 -2.272454e-02
9.446145e+00 1.570796e-02 -4.292426e-05
9.446145e+00 2.346256e-02 -2.48051e-04
9.446145e+00 3.503514e-02 -1.309954e-03
9.446145e+00 5.263151e-02 -2.996035e-03
9.446145e+00 7.314235e-02 -4.370784e-03
9.446145e+00 1.025928e-01 -8.215222e-03
9.446145e+00 1.448116e-01 -1.169042e-02
9.446145e+00 2.02346e-01 -1.624438e-02
9.446145e+00 2.834245e-01 -2.242227e-02
9.446145e+00 3.967448e-01 -2.740629e-02
9.446145e+00 5.552783e-01 -3.011362e-02
9.446145e+00 7.774819e-01 -2.971707e-02
9.446145e+00 1.088445e+00 -2.720878e-02
9.446145e+00 1.523711e+00 -2.507314e-02
9.446145e+00 2.088426e+00 -2.455783e-02
9.446145e+00 2.685505e+00 -2.205290e-02
9.655068e+00 1.570796e-02 -3.671584e-05
9.655068e+00 2.346256e-02 -2.193091e-04
9.655068e+00 3.503514e-02 -1.152932e-03
9.655068e+00 5.263151e-02 -2.650894e-03
9.655068e+00 7.314235e-02 -3.864097e-03
9.655068e+00 1.025928e-01 -7.239949e-03
9.655068e+00 1.448116e-01 -1.032017e-02
9.655068e+00 2.02346e-01 -1.445029e-02
9.655068e+00 2.834245e-01 -2.014582e-02
9.655068e+00 3.967448e-01 -2.499954e-02
9.655068e+00 5.552783e-01 -2.796548e-02
9.655068e+00 7.774819e-01 -2.802879e-02
9.655068e+00 1.088445e+00 -2.601316e-02
9.655068e+00 1.523711e+00 -2.42378e-02
9.655068e+00 2.088426e+00 -2.384389e-02
9.655068e+00 2.685505e+00 -2.128761e-02
9.86817e+00 1.570796e-02 -3.192399e-05
9.86817e+00 2.346256e-02 -1.902774e-04
9.86817e+00 3.503514e-02 -1.010127e-03
9.86817e+00 5.263151e-02 -2.33204e-03
9.86817e+00 7.314235e-02 -3.394969e-03
9.86817e+00 1.025928e-01 -6.343993e-03
9.86817e+00 1.448116e-01 -9.076842e-03
9.86817e+00 2.02346e-01 -1.277318e-02
9.86817e+00 2.834245e-01 -1.798016e-02
9.86817e+00 3.967448e-01 -2.26357e-02
9.86817e+00 5.552783e-01 -2.57629e-02
9.86817e+00 7.774819e-01 -2.618582e-02
9.86817e+00 1.088445e+00 -2.46465e-02
9.86817e+00 1.523711e+00 -2.32766e-02
9.86817e+00 2.088426e+00 -2.3017e-02
9.86817e+00 2.685505e+00 -2.052229e-02
1.008553e+01 1.570796e-02 -2.723579e-05
1.008553e+01 2.346256e-02 -1.641208e-04
1.008553e+01 3.503514e-02 -8.836705e-04
1.008553e+01 5.263151e-02 -2.042623e-03
1.008553e+01 7.314235e-02 -2.967655e-03
1.008553e+01 1.025928e-01 -5.5451e-03
1.008553e+01 1.448116e-01 -7.952638e-03
1.008553e+01 2.02346e-01 -1.123420e-02
1.008553e+01 2.834245e-01 -1.594805e-02
1.008553e+01 3.967448e-01 -2.031976e-02
1.008553e+01 5.552783e-01 -2.350395e-02
1.008553e+01 7.774819e-01 -2.430576e-02
1.008553e+01 1.088445e+00 -2.320131e-02
1.008553e+01 1.523711e+00 -2.222218e-02
1.008553e+01 2.088426e+00 -2.205277e-02
1.008553e+01 2.685505e+00 -1.964626e-02
1.030724e+01 1.570796e-02 -2.315207e-05
1.030724e+01 2.346256e-02 -1.42086e-04
1.030724e+01 3.503514e-02 -7.696342e-04
1.030724e+01 5.263151e-02 -1.785352e-03
1.030724e+01 7.314235e-02 -2.588876e-03
1.030724e+01 1.025928e-01 -4.83332e-03
1.030724e+01 1.448116e-01 -6.953261e-03
1.030724e+01 2.02346e-01 -9.832332e-03
1.030724e+01 2.834245e-01 -1.407954e-02
1.030724e+01 3.967448e-01 -1.811617e-02
1.030724e+01 5.552783e-01 -2.127087e-02
1.030724e+01 7.774819e-01 -2.237114e-02
1.030724e+01 1.088445e+00 -2.166248e-02
1.030724e+01 1.523711e+00 -2.105439e-02
1.030724e+01 2.088426e+00 -2.105357e-02
1.030724e+01 2.685505e+00 -1.871565e-02
1.053339e+01 1.570796e-02 -2.021466e-05
1.053339e+01 2.346256e-02 -1.223444e-04
1.053339e+01 3.503514e-02 -6.694708e-04
1.053339e+01 5.263151e-02 -1.55942e-03
1.053339e+01 7.314235e-02 -2.25756e-03
1.053339e+01 1.025928e-01 -4.206893e-03
1.053339e+01 1.448116e-01 -6.059142e-03
1.053339e+01 2.02346e-01 -8.580743e-03
1.053339e+01 2.834245e-01 -1.2371e-02
1.053339e+01 3.967448e-01 -1.604489e-02
1.053339e+01 5.552783e-01 -1.910021e-02
1.053339e+01 7.774819e-01 -2.041655e-02
1.053339e+01 1.088445e+00 -2.007299e-02
1.053339e+01 1.523711e+00 -1.981105e-02
1.053339e+01 2.088426e+00 -1.98941e-02
1.053339e+01 2.685505e+00 -1.765541e-02
1.076406e+01 1.570796e-02 -1.725905e-05
1.076406e+01 2.346256e-02 -1.042410e-04
1.076406e+01 3.503514e-02 -5.802095e-04
1.076406e+01 5.263151e-02 -1.352477e-03
1.076406e+01 7.314235e-02 -1.963353e-03
1.076406e+01 1.025928e-01 -3.639591e-03
1.076406e+01 1.448116e-01 -5.254824e-03
1.076406e+01 2.02346e-01 -7.461164e-03
1.076406e+01 2.834245e-01 -1.079953e-02
1.076406e+01 3.967448e-01 -1.411799e-02
1.076406e+01 5.552783e-01 -1.701127e-02
1.076406e+01 7.774819e-01 -1.847017e-02
1.076406e+01 1.088445e+00 -1.84729e-02
1.076406e+01 1.523711e+00 -1.847105e-02
1.076406e+01 2.088426e+00 -1.867192e-02
1.076406e+01 2.685505e+00 -1.648802e-02
1.099934e+01 1.570796e-02 -1.468757e-05
1.099934e+01 2.346256e-02 -8.864343e-05
1.099934e+01 3.503514e-02 -5.040355e-04
1.099934e+01 5.263151e-02 -1.16879e-03
1.099934e+01 7.314235e-02 -1.701535e-03
1.099934e+01 1.025928e-01 -3.140595e-03
1.099934e+01 1.448116e-01 -4.546641e-03
1.099934e+01 2.02346e-01 -6.465703e-03
1.099934e+01 2.834245e-01 -9.392374e-03
1.099934e+01 3.967448e-01 -1.234035e-02
1.099934e+01 5.552783e-01 -1.504156e-02
1.099934e+01 7.774819e-01 -1.658388e-02
1.099934e+01 1.088445e+00 -1.685644e-02
1.099934e+01 1.523711e+00 -1.710287e-02
1.099934e+01 2.088426e+00 -1.741495e-02
1.099934e+01 2.685505e+00 -1.535152e-02
1.123932e+01 1.570796e-02 -1.230396e-05
1.123932e+01 2.346256e-02 -7.61286e-05
1.123932e+01 3.503514e-02 -4.326408e-04
1.123932e+01 5.263151e-02 -1.00898e-03
1.123932e+01 7.314235e-02 -1.462146e-03
1.123932e+01 1.025928e-01 -2.695716e-03
1.123932e+01 1.448116e-01 -3.912454e-03
1.123932e+01 2.02346e-01 -5.566011e-03
1.123932e+01 2.834245e-01 -8.115178e-03
1.123932e+01 3.967448e-01 -1.071792e-02
1.123932e+01 5.552783e-01 -1.320567e-02
1.123932e+01 7.774819e-01 -1.476845e-02
1.123932e+01 1.088445e+00 -1.526828e-02
1.123932e+01 1.523711e+00 -1.574332e-02
1.123932e+01 2.088426e+00 -1.615639e-02
1.123932e+01 2.685505e+00 -1.42167e-02
1.148411e+01 1.570796e-02 -1.031818e-05
1.148411e+01 2.346256e-02 -6.414867e-05
1.148411e+01 3.503514e-02 -3.690075e-04
1.148411e+01 5.263151e-02 -8.646633e-04
1.148411e+01 7.314235e-02 -1.252744e-03
1.148411e+01 1.025928e-01 -2.300962e-03
1.148411e+01 1.448116e-01 -3.351233e-03
1.148411e+01 2.02346e-01 -4.776727e-03
1.148411e+01 2.834245e-01 -6.988641e-03
1.148411e+01 3.967448e-01 -9.271625e-03
1.148411e+01 5.552783e-01 -1.151779e-02
1.148411e+01 7.774819e-01 -1.306588e-02
1.148411e+01 1.088445e+00 -1.373103e-02
1.148411e+01 1.523711e+00 -1.438437e-02
1.148411e+01 2.088426e+00 -1.486635e-02
1.148411e+01 2.685505e+00 -1.303269e-02
1.173379e+01 1.570796e-02 -8.707917e-06
1.173379e+01 2.346256e-02 -5.375128e-05
1.173379e+01 3.503514e-02 -3.14578e-04
1.173379e+01 5.263151e-02 -7.386471e-04
1.173379e+01 7.314235e-02 -1.067854e-03
1.173379e+01 1.025928e-01 -1.95553e-03
1.173379e+01 1.448116e-01 -2.857444e-03
1.173379e+01 2.02346e-01 -4.077327e-03
1.173379e+01 2.834245e-01 -5.979993e-03
1.173379e+01 3.967448e-01 -7.961796e-03
1.173379e+01 5.552783e-01 -9.99009e-03
1.173379e+01 7.774819e-01 -1.148541e-02
1.173379e+01 1.088445e+00 -1.227599e-02
1.173379e+01 1.523711e+00 -1.306612e-02
1.173379e+01 2.088426e+00 -1.361619e-02
1.173379e+01 2.685505e+00 -1.194127e-02
1.198847e+01 1.570796e-02 -7.317463e-06
1.198847e+01 2.346256e-02 -4.498603e-05
1.198847e+01 3.503514e-02 -2.659296e-04
1.198847e+01 5.263151e-02 -6.28499e-04
1.198847e+01 7.314235e-02 -9.0525e-04
1.198847e+01 1.025928e-01 -1.654143e-03
1.198847e+01 1.448116e-01 -2.425072e-03
1.198847e+01 2.02346e-01 -3.456719e-03
1.198847e+01 2.834245e-01 -5.090841e-03
1.198847e+01 3.967448e-01 -6.803534e-03
1.198847e+01 5.552783e-01 -8.600282e-03
1.198847e+01 7.774819e-01 -1.002246e-02
1.198847e+01 1.088445e+00 -1.090234e-02
1.198847e+01 1.523711e+00 -1.17726e-02
1.198847e+01 2.088426e+00 -1.23872e-02
1.198847e+01 2.685505e+00 -1.090699e-02
1.224824e+01 1.570796e-02 -6.013757e-06
1.224824e+01 2.346256e-02 -3.762753e-05
1.224824e+01 3.503514e-02 -2.241399e-04
1.224824e+01 5.263151e-02 -5.325255e-04
1.224824e+01 7.314235e-02 -7.654972e-04
1.224824e+01 1.025928e-01 -1.393973e-03
1.224824e+01 1.448116e-01 -2.047327e-03
1.224824e+01 2.02346e-01 -2.918919e-03
1.224824e+01 2.834245e-01 -4.310614e-03
1.224824e+01 3.967448e-01 -5.776298e-03
1.224824e+01 5.552783e-01 -7.351353e-03
1.224824e+01 7.774819e-01 -8.698761e-03
1.224824e+01 1.088445e+00 -9.616974e-03
1.224824e+01 1.523711e+00 -1.05455e-02
1.224824e+01 2.088426e+00 -1.122524e-02
1.224824e+01 2.685505e+00 -9.910066e-03
1.251320e+01 1.570796e-02 -5.057026e-06
1.251320e+01 2.346256e-02 -3.092735e-05
1.251320e+01 3.503514e-02 -1.869779e-04
1.251320e+01 5.263151e-02 -4.4546e-04
1.251320e+01 7.314235e-02 -6.429830e-04
1.251320e+01 1.025928e-01 -1.169987e-03
1.251320e+01 1.448116e-01 -1.718218e-03
1.251320e+01 2.02346e-01 -2.451285e-03
1.251320e+01 2.834245e-01 -3.62818e-03
1.251320e+01 3.967448e-01 -4.877382e-03
1.251320e+01 5.552783e-01 -6.255142e-03
1.251320e+01 7.774819e-01 -7.497581e-03
1.251320e+01 1.088445e+00 -8.421453e-03
1.251320e+01 1.523711e+00 -9.399485e-03
1.251320e+01 2.088426e+00 -1.01018e-02
1.251320e+01 2.685505e+00 -8.977475e-03
1.278347e+01 1.570796e-02 -4.390505e-06
1.278347e+01 2.346256e-02 -2.563002e-05
1.278347e+01 3.503514e-02 -1.550548e-04
1.278347e+01 5.263151e-02 -3.726585e-04
1.278347e+01 7.314235e-02 -5.367091e-04
1.278347e+01 1.025928e-01 -9.745938e-04
1.278347e+01 1.448116e-01 -1.435486e-03
1.278347e+01 2.02346e-01 -2.044446e-03
1.278347e+01 2.834245e-01 -3.041765e-03
1.278347e+01 3.967448e-01 -4.094461e-03
1.278347e+01 5.552783e-01 -5.29347e-03
1.278347e+01 7.774819e-01 -6.428666e-03
1.278347e+01 1.088445e+00 -7.328904e-03
1.278347e+01 1.523711e+00 -8.31391e-03
1.278347e+01 2.088426e+00 -9.02972e-03
1.278347e+01 2.685505e+00 -8.083813e-03
1.305914e+01 1.570796e-02 -3.478468e-06
1.305914e+01 2.346256e-02 -2.154006e-05
1.305914e+01 3.503514e-02 -1.285636e-04
1.305914e+01 5.263151e-02 -3.101941e-04
1.305914e+01 7.314235e-02 -4.463802e-04
1.305914e+01 1.025928e-01 -8.108863e-04
1.305914e+01 1.448116e-01 -1.193517e-03
1.305914e+01 2.02346e-01 -1.699002e-03
1.305914e+01 2.834245e-01 -2.534216e-03
1.305914e+01 3.967448e-01 -3.422899e-03
1.305914e+01 5.552783e-01 -4.451229e-03
1.305914e+01 7.774819e-01 -5.468601e-03
1.305914e+01 1.088445e+00 -6.333489e-03
1.305914e+01 1.523711e+00 -7.296004e-03
1.305914e+01 2.088426e+00 -8.027265e-03
1.305914e+01 2.685505e+00 -7.241536e-03
1.334032e+01 1.570796e-02 -3.009943e-06
1.334032e+01 2.346256e-02 -1.772068e-05
1.334032e+01 3.503514e-02 -1.055221e-04
1.334032e+01 5.263151e-02 -2.562487e-04
1.334032e+01 7.314235e-02 -3.689726e-04
1.334032e+01 1.025928e-01 -6.686841e-04
1.334032e+01 1.448116e-01 -9.888877e-04
1.334032e+01 2.02346e-01 -1.399534e-03
1.334032e+01 2.834245e-01 -2.094536e-03
1.334032e+01 3.967448e-01 -2.834416e-03
1.334032e+01 5.552783e-01 -3.714659e-03
1.334032e+01 7.774819e-01 -4.61672e-03
1.334032e+01 1.088445e+00 -5.432874e-03
1.334032e+01 1.523711e+00 -6.370426e-03
1.334032e+01 2.088426e+00 -7.074434e-03
1.334032e+01 2.685505e+00 -6.421755e-03
1.362713e+01 1.570796e-02 -2.570353e-06
1.362713e+01 2.346256e-02 -1.43705e-05
1.362713e+01 3.503514e-02 -8.605058e-05
1.362713e+01 5.263151e-02 -2.105284e-04
1.362713e+01 7.314235e-02 -3.039791e-04
1.362713e+01 1.025928e-01 -5.478095e-04
1.362713e+01 1.448116e-01 -8.138758e-04
1.362713e+01 2.02346e-01 -1.148402e-03
1.362713e+01 2.834245e-01 -1.721042e-03
1.362713e+01 3.967448e-01 -2.342203e-03
1.362713e+01 5.552783e-01 -3.082947e-03
1.362713e+01 7.774819e-01 -3.881444e-03
1.362713e+01 1.088445e+00 -4.638395e-03
1.362713e+01 1.523711e+00 -5.520194e-03
1.362713e+01 2.088426e+00 -6.217232e-03
1.362713e+01 2.685505e+00 -5.67619e-03
1.391967e+01 1.570796e-02 -2.176482e-06
1.391967e+01 2.346256e-02 -1.18047e-05
1.391967e+01 3.503514e-02 -7.017689e-05
1.391967e+01 5.263151e-02 -1.71854e-04
1.391967e+01 7.314235e-02 -2.472428e-04
1.391967e+01 1.025928e-01 -4.463754e-04
1.391967e+01 1.448116e-01 -6.61778e-04
1.391967e+01 2.02346e-01 -9.367122e-04
1.391967e+01 2.834245e-01 -1.404054e-03
1.391967e+01 3.967448e-01 -1.923643e-03
1.391967e+01 5.552783e-01 -2.540179e-03
1.391967e+01 7.774819e-01 -3.234359e-03
1.391967e+01 1.088445e+00 -3.934608e-03
1.391967e+01 1.523711e+00 -4.752574e-03
1.391967e+01 2.088426e+00 -5.416409e-03
1.391967e+01 2.685505e+00 -4.970283e-03
1.421806e+01 1.570796e-02 -1.720203e-06
1.421806e+01 2.346256e-02 -9.422807e-06
1.421806e+01 3.503514e-02 -5.724213e-05
1.421806e+01 5.263151e-02 -1.395491e-04
1.421806e+01 7.314235e-02 -2.00925e-04
1.421806e+01 1.025928e-01 -3.625222e-04
1.421806e+01 1.448116e-01 -5.370588e-04
1.421806e+01 2.02346e-01 -7.618231e-04
1.421806e+01 2.834245e-01 -1.144264e-03
1.421806e+01 3.967448e-01 -1.571358e-03
1.421806e+01 5.552783e-01 -2.084439e-03
1.421806e+01 7.774819e-01 -2.682153e-03
1.421806e+01 1.088445e+00 -3.319653e-03
1.421806e+01 1.523711e+00 -4.0726e-03
1.421806e+01 2.088426e+00 -4.701517e-03
1.421806e+01 2.685505e+00 -4.346224e-03
1.452242e+01 1.570796e-02 -1.420905e-06
1.452242e+01 2.346256e-02 -7.657918e-06
1.452242e+01 3.503514e-02 -4.592669e-05
1.452242e+01 5.263151e-02 -1.128510e-04
1.452242e+01 7.314235e-02 -1.619984e-04
1.452242e+01 1.025928e-01 -2.91422e-04
1.452242e+01 1.448116e-01 -4.329784e-04
1.452242e+01 2.02346e-01 -6.161092e-04
1.452242e+01 2.834245e-01 -9.241642e-04
1.452242e+01 3.967448e-01 -1.273925e-03
1.452242e+01 5.552783e-01 -1.704843e-03
1.452242e+01 7.774819e-01 -2.21801e-03
1.452242e+01 1.088445e+00 -2.783904e-03
1.452242e+01 1.523711e+00 -3.459161e-03
1.452242e+01 2.088426e+00 -4.046644e-03
1.452242e+01 2.685505e+00 -3.793694e-03
1.483287e+01 1.570796e-02 -1.105885e-06
1.483287e+01 2.346256e-02 -6.036826e-06
1.483287e+01 3.503514e-02 -3.700848e-05
1.483287e+01 5.263151e-02 -9.059656e-05
1.483287e+01 7.314235e-02 -1.296932e-04
1.483287e+01 1.025928e-01 -2.334362e-04
1.483287e+01 1.448116e-01 -3.464695e-04
1.483287e+01 2.02346e-01 -4.967262e-04
1.483287e+01 2.834245e-01 -7.441792e-04
1.483287e+01 3.967448e-01 -1.024987e-03
1.483287e+01 5.552783e-01 -1.381184e-03
1.483287e+01 7.774819e-01 -1.812371e-03
1.483287e+01 1.088445e+00 -2.313925e-03
1.483287e+01 1.523711e+00 -2.915435e-03
1.483287e+01 2.088426e+00 -3.448338e-03
1.483287e+01 2.685505e+00 -3.250645e-03
1.514953e+01 1.570796e-02 -9.146552e-07
1.514953e+01 2.346256e-02 -4.838194e-06
1.514953e+01 3.503514e-02 -2.916994e-05
1.514953e+01 5.263151e-02 -7.228553e-05
1.514953e+01 7.314235e-02 -1.03572e-04
1.514953e+01 1.025928e-01 -1.860678e-04
1.514953e+01 1.448116e-01 -2.761986e-04
1.514953e+01 2.02346e-01 -3.962308e-04
1.514953e+01 2.834245e-01 -5.928323e-04
1.514953e+01 3.967448e-01 -8.187187e-04
1.514953e+01 5.552783e-01 -1.111434e-03
1.514953e+01 7.774819e-01 -1.472149e-03
1.514953e+01 1.088445e+00 -1.911278e-03
1.514953e+01 1.523711e+00 -2.445823e-03
1.514953e+01 2.088426e+00 -2.921443e-03
1.514953e+01 2.685505e+00 -2.771672e-03
1.547252e+01 1.570796e-02 -7.292372e-07
1.547252e+01 2.346256e-02 -3.877519e-06
1.547252e+01 3.503514e-02 -2.293992e-05
1.547252e+01 5.263151e-02 -5.763661e-05
1.547252e+01 7.314235e-02 -8.199275e-05
1.547252e+01 1.025928e-01 -1.493483e-04
1.547252e+01 1.448116e-01 -2.210743e-04
1.547252e+01 2.02346e-01 -3.153321e-04
1.547252e+01 2.834245e-01 -4.740389e-04
1.547252e+01 3.967448e-01 -6.56228e-04
1.547252e+01 5.552783e-01 -8.900348e-04
1.547252e+01 7.774819e-01 -1.197655e-03
1.547252e+01 1.088445e+00 -1.573958e-03
1.547252e+01 1.523711e+00 -2.041945e-03
1.547252e+01 2.088426e+00 -2.464449e-03
1.547252e+01 2.685505e+00 -2.33624e-03
1.580197e+01 1.570796e-02 -5.763094e-07
1.580197e+01 2.346256e-02 -3.108355e-06
1.580197e+01 3.503514e-02 -1.74604e-05
1.580197e+01 5.263151e-02 -4.54894e-05
1.580197e+01 7.314235e-02 -6.457843e-05
1.580197e+01 1.025928e-01 -1.180594e-04
1.580197e+01 1.448116e-01 -1.744421e-04
1.580197e+01 2.02346e-01 -2.49582e-04
1.580197e+01 2.834245e-01 -3.755301e-04
1.580197e+01 3.967448e-01 -5.203138e-04
1.580197e+01 5.552783e-01 -7.114035e-04
1.580197e+01 7.774819e-01 -9.636208e-04
1.580197e+01 1.088445e+00 -1.282613e-03
1.580197e+01 1.523711e+00 -1.692439e-03
1.580197e+01 2.088426e+00 -2.057232e-03
1.580197e+01 2.685505e+00 -1.956247e-03
1.613801e+01 1.570796e-02 -4.728693e-07
1.613801e+01 2.346256e-02 -2.443675e-06
1.613801e+01 3.503514e-02 -1.316751e-05
1.613801e+01 5.263151e-02 -3.562677e-05
1.613801e+01 7.314235e-02 -5.148319e-05
1.613801e+01 1.025928e-01 -9.313847e-05
1.613801e+01 1.448116e-01 -1.375469e-04
1.613801e+01 2.02346e-01 -1.956606e-04
1.613801e+01 2.834245e-01 -2.951412e-04
1.613801e+01 3.967448e-01 -4.090752e-04
1.613801e+01 5.552783e-01 -5.652912e-04
1.613801e+01 7.774819e-01 -7.724446e-04
1.613801e+01 1.088445e+00 -1.037786e-03
1.613801e+01 1.523711e+00 -1.38196e-03
1.613801e+01 2.088426e+00 -1.694945e-03
1.613801e+01 2.685505e+00 -1.611496e-03
1.648077e+01 1.570796e-02 -3.72453e-07
1.648077e+01 2.346256e-02 -1.908094e-06
1.648077e+01 3.503514e-02 -9.903869e-06
1.648077e+01 5.263151e-02 -2.752112e-05
1.648077e+01 7.314235e-02 -3.928523e-05
1.648077e+01 1.025928e-01 -7.236495e-05
1.648077e+01 1.448116e-01 -1.063816e-04
1.648077e+01 2.02346e-01 -1.509973e-04
1.648077e+01 2.834245e-01 -2.287117e-04
1.648077e+01 3.967448e-01 -3.188372e-04
1.648077e+01 5.552783e-01 -4.424022e-04
1.648077e+01 7.774819e-01 -6.113088e-04
1.648077e+01 1.088445e+00 -8.289385e-04
1.648077e+01 1.523711e+00 -1.119608e-03
1.648077e+01 2.088426e+00 -1.384308e-03
1.648077e+01 2.685505e+00 -1.309368e-03
1.683038e+01 1.570796e-02 -2.872665e-07
1.683038e+01 2.346256e-02 -1.402137e-06
1.683038e+01 3.503514e-02 -7.502122e-06
1.683038e+01 5.263151e-02 -2.130376e-05
1.683038e+01 7.314235e-02 -3.033169e-05
1.683038e+01 1.025928e-01 -5.634179e-05
1.683038e+01 1.448116e-01 -8.199827e-05
1.683038e+01 2.02346e-01 -1.168770e-04
1.683038e+01 2.834245e-01 -1.766658e-04
1.683038e+01 3.967448e-01 -2.463464e-04
1.683038e+01 5.552783e-01 -3.454487e-04
1.683038e+01 7.774819e-01 -4.813419e-04
1.683038e+01 1.088445e+00 -6.596423e-04
1.683038e+01 1.523711e+00 -9.012006e-04
1.683038e+01 2.088426e+00 -1.119785e-03
1.683038e+01 2.685505e+00 -1.063797e-03
1.718699e+01 1.570796e-02 -2.08934e-07
1.718699e+01 2.346256e-02 -1.159917e-06
1.718699e+01 3.503514e-02 -5.894097e-06
1.718699e+01 5.263151e-02 -1.635577e-05
1.718699e+01 7.314235e-02 -2.38131e-05
1.718699e+01 1.025928e-01 -4.27808e-05
1.718699e+01 1.448116e-01 -6.29011e-05
1.718699e+01 2.02346e-01 -8.968315e-05
1.718699e+01 2.834245e-01 -1.354551e-04
1.718699e+01 3.967448e-01 -1.895383e-04
1.718699e+01 5.552783e-01 -2.671911e-04
1.718699e+01 7.774819e-01 -3.761088e-04
1.718699e+01 1.088445e+00 -5.183954e-04
1.718699e+01 1.523711e+00 -7.136451e-04
1.718699e+01 2.088426e+00 -8.92063e-04
1.718699e+01 2.685505e+00 -8.508156e-04
1.755073e+01 1.570796e-02 -1.796111e-07
1.755073e+01 2.346256e-02 -8.989226e-07
1.755073e+01 3.503514e-02 -4.529828e-06
1.755073e+01 5.263151e-02 -1.250359e-05
1.755073e+01 7.314235e-02 -1.792348e-05
1.755073e+01 1.025928e-01 -3.25486e-05
1.755073e+01 1.448116e-01 -4.757318e-05
1.755073e+01 2.02346e-01 -6.790802e-05
1.755073e+01 2.834245e-01 -1.025107e-04
1.755073e+01 3.967448e-01 -1.435299e-04
1.755073e+01 5.552783e-01 -2.040788e-04
1.755073e+01 7.774819e-01 -2.900266e-04
1.755073e+01 1.088445e+00 -4.030177e-04
1.755073e+01 1.523711e+00 -5.597788e-04
1.755073e+01 2.088426e+00 -6.994205e-04
1.755073e+01 2.685505e+00 -6.680422e-04
1.792175e+01 1.570796e-02 -1.446893e-07
1.792175e+01 2.346256e-02 -6.245715e-07
1.792175e+01 3.503514e-02 -3.391014e-06
1.792175e+01 5.263151e-02 -9.182094e-06
1.792175e+01 7.314235e-02 -1.329978e-05
1.792175e+01 1.025928e-01 -2.395766e-05
1.792175e+01 1.448116e-01 -3.533766e-05
1.792175e+01 2.02346e-01 -5.083807e-05
1.792175e+01 2.834245e-01 -7.594915e-05
1.792175e+01 3.967448e-01 -1.067144e-04
1.792175e+01 5.552783e-01 -1.528282e-04
1.792175e+01 7.774819e-01 -2.174788e-04
1.792175e+01 1.088445e+00 -3.051997e-04
1.792175e+01 1.523711e+00 -4.25552e-04
1.792175e+01 2.088426e+00 -5.364343e-04
1.792175e+01 2.685505e+00 -5.128185e-04
1.830018e+01 1.570796e-02 -1.038814e-07
1.830018e+01 2.346256e-02 -4.581765e-07
1.830018e+01 3.503514e-02 -2.50561e-06
1.830018e+01 5.263151e-02 -6.568155e-06
1.830018e+01 7.314235e-02 -9.729938e-06
1.830018e+01 1.025928e-01 -1.733683e-05
1.830018e+01 1.448116e-01 -2.583801e-05
1.830018e+01 2.02346e-01 -3.709804e-05
1.830018e+01 2.834245e-01 -5.54346e-05
1.830018e+01 3.967448e-01 -7.847108e-05
1.830018e+01 5.552783e-01 -1.127468e-04
1.830018e+01 7.774819e-01 -1.613587e-04
1.830018e+01 1.088445e+00 -2.275125e-04
1.830018e+01 1.523711e+00 -3.198153e-04
1.830018e+01 2.088426e+00 -4.038873e-04
1.830018e+01 2.685505e+00 -3.812487e-04
1.868618e+01 1.570796e-02 -7.7114e-08
1.868618e+01 2.346256e-02 -3.409617e-07
1.868618e+01 3.503514e-02 -1.770131e-06
1.868618e+01 5.263151e-02 -4.69968e-06
1.868618e+01 7.314235e-02 -6.907938e-06
1.868618e+01 1.025928e-01 -1.247563e-05
1.868618e+01 1.448116e-01 -1.884932e-05
1.868618e+01 2.02346e-01 -2.675847e-05
1.868618e+01 2.834245e-01 -4.021675e-05
1.868618e+01 3.967448e-01 -5.663653e-05
1.868618e+01 5.552783e-01 -8.215295e-05
1.868618e+01 7.774819e-01 -1.176787e-04
1.868618e+01 1.088445e+00 -1.670509e-04
1.868618e+01 1.523711e+00 -2.377893e-04
1.868618e+01 2.088426e+00 -3.011206e-04
1.868618e+01 2.685505e+00 -2.865743e-04
1.907991e+01 1.570796e-02 -4.877518e-08
1.907991e+01 2.346256e-02 -2.412783e-07
1.907991e+01 3.503514e-02 -1.265921e-06
1.907991e+01 5.263151e-02 -3.28574e-06
1.907991e+01 7.314235e-02 -4.907529e-06
1.907991e+01 1.025928e-01 -8.793994e-06
1.907991e+01 1.448116e-01 -1.326612e-05
1.907991e+01 2.02346e-01 -1.914417e-05
1.907991e+01 2.834245e-01 -2.875694e-05
1.907991e+01 3.967448e-01 -4.018946e-05
1.907991e+01 5.552783e-01 -5.876324e-05
1.907991e+01 7.774819e-01 -8.457023e-05
1.907991e+01 1.088445e+00 -1.204873e-04
1.907991e+01 1.523711e+00 -1.729752e-04
1.907991e+01 2.088426e+00 -2.205045e-04
1.907991e+01 2.685505e+00 -2.083636e-04
1.948151e+01 1.570796e-02 -3.523349e-08
1.948151e+01 2.346256e-02 -1.571362e-07
1.948151e+01 3.503514e-02 -9.068437e-07
1.948151e+01 5.263151e-02 -2.259452e-06
1.948151e+01 7.314235e-02 -3.385381e-06
1.948151e+01 1.025928e-01 -6.118737e-06
1.948151e+01 1.448116e-01 -9.296297e-06
1.948151e+01 2.02346e-01 -1.334461e-05
1.948151e+01 2.834245e-01 -2.002943e-05
1.948151e+01 3.967448e-01 -2.818739e-05
1.948151e+01 5.552783e-01 -4.160231e-05
1.948151e+01 7.774819e-01 -6.0135e-05
1.948151e+01 1.088445e+00 -8.576454e-05
1.948151e+01 1.523711e+00 -1.243052e-04
1.948151e+01 2.088426e+00 -1.577076e-04
1.948151e+01 2.685505e+00 -1.496162e-04
1.989114e+01 1.570796e-02 -2.014291e-08
1.989114e+01 2.346256e-02 -1.032235e-07
1.989114e+01 3.503514e-02 -6.139161e-07
1.989114e+01 5.263151e-02 -1.538083e-06
1.989114e+01 7.314235e-02 -2.303969e-06
1.989114e+01 1.025928e-01 -4.178202e-06
1.989114e+01 1.448116e-01 -6.332706e-06
1.989114e+01 2.02346e-01 -9.12606e-06
1.989114e+01 2.834245e-01 -1.364077e-05
1.989114e+01 3.967448e-01 -1.947668e-05
1.989114e+01 5.552783e-01 -2.876477e-05
1.989114e+01 7.774819e-01 -4.176784e-05
1.989114e+01 1.088445e+00 -5.96724e-05
1.989114e+01 1.523711e+00 -8.673832e-05
1.989114e+01 2.088426e+00 -1.113403e-04
1.989114e+01 2.685505e+00 -1.058281e-04
2.030896e+01 1.570796e-02 -1.337792e-08
2.030896e+01 2.346256e-02 -5.498359e-08
2.030896e+01 3.503514e-02 -4.070512e-07
2.030896e+01 5.263151e-02 -9.971918e-07
2.030896e+01 7.314235e-02 -1.540784e-06
2.030896e+01 1.025928e-01 -2.785894e-06
2.030896e+01 1.448116e-01 -4.311742e-06
2.030896e+01 2.02346e-01 -6.276877e-06
2.030896e+01 2.834245e-01 -9.297353e-06
2.030896e+01 3.967448e-01 -1.333854e-05
2.030896e+01 5.552783e-01 -1.966988e-05
2.030896e+01 7.774819e-01 -2.861902e-05
2.030896e+01 1.088445e+00 -4.175043e-05
2.030896e+01 1.523711e+00 -6.038258e-05
2.030896e+01 2.088426e+00 -7.784481e-05
2.030896e+01 2.685505e+00 -7.363757e-05
2.073514e+01 1.570796e-02 -1.004353e-08
2.073514e+01 2.346256e-02 -3.886179e-08
2.073514e+01 3.503514e-02 -2.670401e-07
2.073514e+01 5.263151e-02 -6.484959e-07
2.073514e+01 7.314235e-02 -1.006023e-06
2.073514e+01 1.025928e-01 -1.773172e-06
2.073514e+01 1.448116e-01 -2.82886e-06
2.073514e+01 2.02346e-01 -4.112494e-06
2.073514e+01 2.834245e-01 -6.095151e-06
2.073514e+01 3.967448e-01 -8.765834e-06
2.073514e+01 5.552783e-01 -1.297819e-05
2.073514e+01 7.774819e-01 -1.901264e-05
2.073514e+01 1.088445e+00 -2.810746e-05
2.073514e+01 1.523711e+00 -4.085538e-05
2.073514e+01 2.088426e+00 -5.281113e-05
2.073514e+01 2.685505e+00 -5.007891e-05
2.116984e+01 1.570796e-02 -7.955961e-09
2.116984e+01 2.346256e-02 -2.603798e-08
2.116984e+01 3.503514e-02 -1.892749e-07
2.116984e+01 5.263151e-02 -4.205729e-07
2.116984e+01 7.314235e-02 -6.558641e-07
2.116984e+01 1.025928e-01 -1.19503e-06
2.116984e+01 1.448116e-01 -1.858766e-06
2.116984e+01 2.02346e-01 -2.699951e-06
2.116984e+01 2.834245e-01 -4.082245e-06
2.116984e+01 3.967448e-01 -5.795615e-06
2.116984e+01 5.552783e-01 -8.583357e-06
2.116984e+01 7.774819e-01 -1.269834e-05
2.116984e+01 1.088445e+00 -1.878246e-05
2.116984e+01 1.523711e+00 -2.745391e-05
2.116984e+01 2.088426e+00 -3.51446e-05
2.116984e+01 2.685505e+00 -3.225703e-05
2.161324e+01 1.570796e-02 -6.359278e-09
2.161324e+01 2.346256e-02 -1.301155e-08
2.161324e+01 3.503514e-02 -1.311858e-07
2.161324e+01 5.263151e-02 -2.496239e-07
2.161324e+01 7.314235e-02 -4.149355e-07
2.161324e+01 1.025928e-01 -7.531645e-07
2.161324e+01 1.448116e-01 -1.163195e-06
2.161324e+01 2.02346e-01 -1.665790e-06
2.161324e+01 2.834245e-01 -2.598783e-06
2.161324e+01 3.967448e-01 -3.698545e-06
2.161324e+01 5.552783e-01 -5.486063e-06
2.161324e+01 7.774819e-01 -8.199974e-06
2.161324e+01 1.088445e+00 -1.208915e-05
2.161324e+01 1.523711e+00 -1.775498e-05
2.161324e+01 2.088426e+00 -2.299588e-05
2.161324e+01 2.685505e+00 -2.116623e-05
2.206550e+01 1.570796e-02 -3.881472e-09
2.206550e+01 2.346256e-02 -2.667636e-09
2.206550e+01 3.503514e-02 -8.232858e-08
2.206550e+01 5.263151e-02 -1.578899e-07
2.206550e+01 7.314235e-02 -2.354585e-07
2.206550e+01 1.025928e-01 -4.268644e-07
2.206550e+01 1.448116e-01 -7.01619e-07
2.206550e+01 2.02346e-01 -9.706411e-07
2.206550e+01 2.834245e-01 -1.556909e-06
2.206550e+01 3.967448e-01 -2.217391e-06
2.206550e+01 5.552783e-01 -3.334598e-06
2.206550e+01 7.774819e-01 -5.026929e-06
2.206550e+01 1.088445e+00 -7.509832e-06
2.206550e+01 1.523711e+00 -1.104816e-05
2.206550e+01 2.088426e+00 -1.438601e-05
2.206550e+01 2.685505e+00 -1.338182e-05
2.252681e+01 1.570796e-02 1.269272e-10
2.252681e+01 2.346256e-02 5.217634e-10
2.252681e+01 3.503514e-02 2.831641e-09
2.252681e+01 5.263151e-02 6.330679e-09
2.252681e+01 7.314235e-02 9.334498e-09
2.252681e+01 1.025928e-01 1.79863e-08
2.252681e+01 1.448116e-01 2.578164e-08
2.252681e+01 2.02346e-01 3.650596e-08
2.252681e+01 2.834245e-01 5.444872e-08
2.252681e+01 3.967448e-01 7.846011e-08
2.252681e+01 5.552783e-01 1.09421e-07
2.252681e+01 7.774819e-01 1.410244e-07
2.252681e+01 1.088445e+00 1.542293e-07
2.252681e+01 1.523711e+00 1.325116e-07
2.252681e+01 2.088426e+00 8.625505e-08
2.252681e+01 2.685505e+00 4.067202e-08
2.299735e+01 1.570796e-02 1.191605e-10
2.299735e+01 2.346256e-02 4.901687e-10
2.299735e+01 3.503514e-02 2.663072e-09
2.299735e+01 5.263151e-02 5.952579e-09
2.299735e+01 7.314235e-02 8.777698e-09
2.299735e+01 1.025928e-01 1.693282e-08
2.299735e+01 1.448116e-01 2.42677e-08
2.299735e+01 2.02346e-01 3.443328e-08
2.299735e+01 2.834245e-01 5.161955e-08
2.299735e+01 3.967448e-01 7.489121e-08
2.299735e+01 5.552783e-01 1.051456e-07
2.299735e+01 7.774819e-01 1.363014e-07
2.299735e+01 1.088445e+00 1.499909e-07
2.299735e+01 1.523711e+00 1.303302e-07
2.299735e+01 2.088426e+00 8.605683e-08
2.299735e+01 2.685505e+00 4.068432e-08
2.34773e+01 1.570796e-02 1.1163e-10
2.34773e+01 2.346256e-02 4.59905e-10
2.34773e+01 3.503514e-02 2.496255e-09
2.34773e+01 5.263151e-02 5.58055e-09
2.34773e+01 7.314235e-02 8.229836e-09
2.34773e+01 1.025928e-01 1.589394e-08
2.34773e+01 1.448116e-01 2.278051e-08
2.34773e+01 2.02346e-01 3.24167e-08
2.34773e+01 2.834245e-01 4.884934e-08
2.34773e+01 3.967448e-01 7.134112e-08
2.34773e+01 5.552783e-01 1.008056e-07
2.34773e+01 7.774819e-01 1.314236e-07
2.34773e+01 1.088445e+00 1.456469e-07
2.34773e+01 1.523711e+00 1.280837e-07
2.34773e+01 2.088426e+00 8.58744e-08
2.34773e+01 2.685505e+00 4.077744e-08
2.396684e+01 1.570796e-02 1.04231e-10
2.396684e+01 2.346256e-02 4.300506e-10
2.396684e+01 3.503514e-02 2.33254e-09
2.396684e+01 5.263151e-02 5.216423e-09
2.396684e+01 7.314235e-02 7.693131e-09
2.396684e+01 1.025928e-01 1.487911e-08
2.396684e+01 1.448116e-01 2.132913e-08
2.396684e+01 2.02346e-01 3.042761e-08
2.396684e+01 2.834245e-01 4.612422e-08
2.396684e+01 3.967448e-01 6.779228e-08
2.396684e+01 5.552783e-01 9.641233e-08
2.396684e+01 7.774819e-01 1.263951e-07
2.396684e+01 1.088445e+00 1.410286e-07
2.396684e+01 1.523711e+00 1.256887e-07
2.396684e+01 2.088426e+00 8.567511e-08
2.396684e+01 2.685505e+00 4.088656e-08
2.446618e+01 1.570796e-02 9.703508e-11
2.446618e+01 2.346256e-02 4.008339e-10
2.446618e+01 3.503514e-02 2.172842e-09
2.446618e+01 5.263151e-02 4.860319e-09
2.446618e+01 7.314235e-02 7.169669e-09
2.446618e+01 1.025928e-01 1.388758e-08
2.446618e+01 1.448116e-01 1.990723e-08
2.446618e+01 2.02346e-01 2.849011e-08
2.446618e+01 2.834245e-01 4.344448e-08
2.446618e+01 3.967448e-01 6.425641e-08
2.446618e+01 5.552783e-01 9.194064e-08
2.446618e+01 7.774819e-01 1.211757e-07
2.446618e+01 1.088445e+00 1.362014e-07
2.446618e+01 1.523711e+00 1.232082e-07
2.446618e+01 2.088426e+00 8.553163e-08
2.446618e+01 2.685505e+00 4.11668e-08
2.497550e+01 1.570796e-02 8.993174e-11
2.497550e+01 2.346256e-02 3.724494e-10
2.497550e+01 3.503514e-02 2.016935e-09
2.497550e+01 5.263151e-02 4.514312e-09
2.497550e+01 7.314235e-02 6.659455e-09
2.497550e+01 1.025928e-01 1.292027e-08
2.497550e+01 1.448116e-01 1.852737e-08
2.497550e+01 2.02346e-01 2.659719e-08
2.497550e+01 2.834245e-01 4.080486e-08
2.497550e+01 3.967448e-01 6.072516e-08
2.497550e+01 5.552783e-01 8.741048e-08
2.497550e+01 7.774819e-01 1.157910e-07
2.497550e+01 1.088445e+00 1.311911e-07
2.497550e+01 1.523711e+00 1.205444e-07
2.497550e+01 2.088426e+00 8.543379e-08
2.497550e+01 2.685505e+00 4.156174e-08
2.549501e+01 1.570796e-02 8.306699e-11
2.549501e+01 2.346256e-02 3.448733e-10
2.549501e+01 3.503514e-02 1.865241e-09
2.549501e+01 5.263151e-02 4.177057e-09
2.549501e+01 7.314235e-02 6.162601e-09
2.549501e+01 1.025928e-01 1.19824e-08
2.549501e+01 1.448116e-01 1.718623e-08
2.549501e+01 2.02346e-01 2.47463e-08
2.549501e+01 2.834245e-01 3.821508e-08
2.549501e+01 3.967448e-01 5.71788e-08
2.549501e+01 5.552783e-01 8.278062e-08
2.549501e+01 7.774819e-01 1.102645e-07
2.549501e+01 1.088445e+00 1.260531e-07
2.549501e+01 1.523711e+00 1.177211e-07
2.549501e+01 2.088426e+00 8.528481e-08
2.549501e+01 2.685505e+00 4.217265e-08
2.602491e+01 1.570796e-02 7.638671e-11
2.602491e+01 2.346256e-02 3.178136e-10
2.602491e+01 3.503514e-02 1.717546e-09
2.602491e+01 5.263151e-02 3.848743e-09
2.602491e+01 7.314235e-02 5.67884e-09
2.602491e+01 1.025928e-01 1.106392e-08
2.602491e+01 1.448116e-01 1.587573e-08
2.602491e+01 2.02346e-01 2.293716e-08
2.602491e+01 2.834245e-01 3.564902e-08
2.602491e+01 3.967448e-01 5.362921e-08
2.602491e+01 5.552783e-01 7.804793e-08
2.602491e+01 7.774819e-01 1.045775e-07
2.602491e+01 1.088445e+00 1.206319e-07
2.602491e+01 1.523711e+00 1.147119e-07
2.602491e+01 2.088426e+00 8.53045e-08
2.602491e+01 2.685505e+00 4.301501e-08
2.656541e+01 1.570796e-02 6.985035e-11
2.656541e+01 2.346256e-02 2.914703e-10
2.656541e+01 3.503514e-02 1.574156e-09
2.656541e+01 5.263151e-02 3.52943e-09
2.656541e+01 7.314235e-02 5.210128e-09
2.656541e+01 1.025928e-01 1.01718e-08
2.656541e+01 1.448116e-01 1.460257e-08
2.656541e+01 2.02346e-01 2.116826e-08
2.656541e+01 2.834245e-01 3.311025e-08
2.656541e+01 3.967448e-01 5.005908e-08
2.656541e+01 5.552783e-01 7.325972e-08
2.656541e+01 7.774819e-01 9.86632e-08
2.656541e+01 1.088445e+00 1.148903e-07
2.656541e+01 1.523711e+00 1.114299e-07
2.656541e+01 2.088426e+00 8.515437e-08
2.656541e+01 2.685505e+00 4.410215e-08
2.711672e+01 1.570796e-02 6.355765e-11
2.711672e+01 2.346256e-02 2.656591e-10
2.711672e+01 3.503514e-02 1.434716e-09
2.711672e+01 5.263151e-02 3.219551e-09
2.711672e+01 7.314235e-02 4.752543e-09
2.711672e+01 1.025928e-01 9.302366e-09
2.711672e+01 1.448116e-01 1.335844e-08
2.711672e+01 2.02346e-01 1.943603e-08
2.711672e+01 2.834245e-01 3.059038e-08
2.711672e+01 3.967448e-01 4.646582e-08
2.711672e+01 5.552783e-01 6.837373e-08
2.711672e+01 7.774819e-01 9.258428e-08
2.711672e+01 1.088445e+00 1.088869e-07
2.711672e+01 1.523711e+00 1.077996e-07
2.711672e+01 2.088426e+00 8.492576e-08
2.711672e+01 2.685505e+00 4.580361e-08
2.767905e+01 1.570796e-02 5.743469e-11
2.767905e+01 2.346256e-02 2.408132e-10
2.767905e+01 3.503514e-02 1.299473e-09
2.767905e+01 5.263151e-02 2.918827e-09
2.767905e+01 7.314235e-02 4.307886e-09
2.767905e+01 1.025928e-01 8.453233e-09
2.767905e+01 1.448116e-01 1.214724e-08
2.767905e+01 2.02346e-01 1.773857e-08
2.767905e+01 2.834245e-01 2.808781e-08
2.767905e+01 3.967448e-01 4.283582e-08
2.767905e+01 5.552783e-01 6.334816e-08
2.767905e+01 7.774819e-01 8.628555e-08
2.767905e+01 1.088445e+00 1.026429e-07
2.767905e+01 1.523711e+00 1.03802e-07
2.767905e+01 2.088426e+00 8.449926e-08
2.767905e+01 2.685505e+00 4.773632e-08
2.825263e+01 1.570796e-02 5.148229e-11
2.825263e+01 2.346256e-02 2.165885e-10
2.825263e+01 3.503514e-02 1.167786e-09
2.825263e+01 5.263151e-02 2.626295e-09
2.825263e+01 7.314235e-02 3.875966e-09
2.825263e+01 1.025928e-01 7.624685e-09
2.825263e+01 1.448116e-01 1.096528e-08
2.825263e+01 2.02346e-01 1.607049e-08
2.825263e+01 2.834245e-01 2.560267e-08
2.825263e+01 3.967448e-01 3.917435e-08
2.825263e+01 5.552783e-01 5.82065e-08
2.825263e+01 7.774819e-01 7.97617e-08
2.825263e+01 1.088445e+00 9.599124e-08
2.825263e+01 1.523711e+00 9.93518e-08
2.825263e+01 2.088426e+00 8.37737e-08
2.825263e+01 2.685505e+00 4.995016e-08
2.883769e+01 1.570796e-02 4.571566e-11
2.883769e+01 2.346256e-02 1.929088e-10
2.883769e+01 3.503514e-02 1.039893e-09
2.883769e+01 5.263151e-02 2.34224e-09
2.883769e+01 7.314235e-02 3.456290e-09
2.883769e+01 1.025928e-01 6.814509e-09
2.883769e+01 1.448116e-01 9.811749e-09
2.883769e+01 2.02346e-01 1.443266e-08
2.883769e+01 2.834245e-01 2.312638e-08
2.883769e+01 3.967448e-01 3.549355e-08
2.883769e+01 5.552783e-01 5.299236e-08
2.883769e+01 7.774819e-01 7.303637e-08
2.883769e+01 1.088445e+00 8.895176e-08
2.883769e+01 1.523711e+00 9.421398e-08
2.883769e+01 2.088426e+00 8.254173e-08
2.883769e+01 2.685505e+00 5.232081e-08
2.943444e+01 1.570796e-02 4.013046e-11
2.943444e+01 2.346256e-02 1.698244e-10
2.943444e+01 3.503514e-02 9.154628e-10
2.943444e+01 5.263151e-02 2.065257e-09
2.943444e+01 7.314235e-02 3.048125e-09
2.943444e+01 1.025928e-01 6.023299e-09
2.943444e+01 1.448116e-01 8.683511e-09
2.943444e+01 2.02346e-01 1.281905e-08
2.943444e+01 2.834245e-01 2.066224e-08
2.943444e+01 3.967448e-01 3.179449e-08
2.943444e+01 5.552783e-01 4.765542e-08
2.943444e+01 7.774819e-01 6.606295e-08
2.943444e+01 1.088445e+00 8.149365e-08
2.943444e+01 1.523711e+00 8.849188e-08
2.943444e+01 2.088426e+00 8.081589e-08
2.943444e+01 2.685505e+00 5.472183e-08
3.004313e+01 1.570796e-02 3.469954e-11
3.004313e+01 2.346256e-02 1.474229e-10
3.004313e+01 3.503514e-02 7.947708e-10
3.004313e+01 5.263151e-02 1.795968e-09
3.004313e+01 7.314235e-02 2.649749e-09
3.004313e+01 1.025928e-01 5.249341e-09
3.004313e+01 1.448116e-01 7.580704e-09
3.004313e+01 2.02346e-01 1.122946e-08
3.004313e+01 2.834245e-01 1.819899e-08
3.004313e+01 3.967448e-01 2.807417e-08
3.004313e+01 5.552783e-01 4.222286e-08
3.004313e+01 7.774819e-01 5.889333e-08
3.004313e+01 1.088445e+00 7.357927e-08
3.004313e+01 1.523711e+00 8.207806e-08
3.004313e+01 2.088426e+00 7.822064e-08
3.004313e+01 2.685505e+00 5.708454e-08
3.066399e+01 1.570796e-02 2.952925e-11
3.066399e+01 2.346256e-02 1.255402e-10
3.066399e+01 3.503514e-02 6.776747e-10
3.066399e+01 5.263151e-02 1.534488e-09
3.066399e+01 7.314235e-02 2.263e-09
3.066399e+01 1.025928e-01 4.493904e-09
3.066399e+01 1.448116e-01 6.501461e-09
3.066399e+01 2.02346e-01 9.660747e-09
3.066399e+01 2.834245e-01 1.574048e-08
3.066399e+01 3.967448e-01 2.432581e-08
3.066399e+01 5.552783e-01 3.67085e-08
3.066399e+01 7.774819e-01 5.151279e-08
3.066399e+01 1.088445e+00 6.521491e-08
3.066399e+01 1.523711e+00 7.472021e-08
3.066399e+01 2.088426e+00 7.455235e-08
3.066399e+01 2.685505e+00 5.898843e-08
3.129727e+01 1.570796e-02 2.445411e-11
3.129727e+01 2.346256e-02 1.043464e-10
3.129727e+01 3.503514e-02 5.640737e-10
3.129727e+01 5.263151e-02 1.279279e-09
3.129727e+01 7.314235e-02 1.886289e-09
3.129727e+01 1.025928e-01 3.754701e-09
3.129727e+01 1.448116e-01 5.442765e-09
3.129727e+01 2.02346e-01 8.113702e-09
3.129727e+01 2.834245e-01 1.328745e-08
3.129727e+01 3.967448e-01 2.056056e-08
3.129727e+01 5.552783e-01 3.111886e-08
3.129727e+01 7.774819e-01 4.393644e-08
3.129727e+01 1.088445e+00 5.635428e-08
3.129727e+01 1.523711e+00 6.638843e-08
3.129727e+01 2.088426e+00 6.952497e-08
3.129727e+01 2.685505e+00 5.978978e-08
3.194322e+01 1.570796e-02 1.961165e-11
3.194322e+01 2.346256e-02 8.377839e-11
3.194322e+01 3.503514e-02 4.535839e-10
3.194322e+01 5.263151e-02 1.031019e-09
3.194322e+01 7.314235e-02 1.519662e-09
3.194322e+01 1.025928e-01 3.032003e-09
3.194322e+01 1.448116e-01 4.404492e-09
3.194322e+01 2.02346e-01 6.586770e-09
3.194322e+01 2.834245e-01 1.083793e-08
3.194322e+01 3.967448e-01 1.677853e-08
3.194322e+01 5.552783e-01 2.546584e-08
3.194322e+01 7.774819e-01 3.615954e-08
3.194322e+01 1.088445e+00 4.703599e-08
3.194322e+01 1.523711e+00 5.699008e-08
3.194322e+01 2.088426e+00 6.279512e-08
3.194322e+01 2.685505e+00 5.880412e-08
3.260208e+01 1.570796e-02 1.494438e-11
3.260208e+01 2.346256e-02 6.388089e-11
3.260208e+01 3.503514e-02 3.46603e-10
3.260208e+01 5.263151e-02 7.896543e-10
3.260208e+01 7.314235e-02 1.162877e-09
3.260208e+01 1.025928e-01 2.326428e-09
3.260208e+01 1.448116e-01 3.387136e-09
3.260208e+01 2.02346e-01 5.080334e-09
3.260208e+01 2.834245e-01 8.391586e-09
3.260208e+01 3.967448e-01 1.300139e-08
3.260208e+01 5.552783e-01 1.977797e-08
3.260208e+01 7.774819e-01 2.821876e-08
3.260208e+01 1.088445e+00 3.723309e-08
3.260208e+01 1.523711e+00 4.643445e-08
3.260208e+01 2.088426e+00 5.39877e-08
3.260208e+01 2.685505e+00 5.506447e-08
3.327412e+01 1.570796e-02 1.038388e-11
3.327412e+01 2.346256e-02 4.461147e-11
3.327412e+01 3.503514e-02 2.425179e-10
3.327412e+01 5.263151e-02 5.535965e-10
3.327412e+01 7.314235e-02 8.154681e-10
3.327412e+01 1.025928e-01 1.635013e-09
3.327412e+01 1.448116e-01 2.386192e-09
3.327412e+01 2.02346e-01 3.589569e-09
3.327412e+01 2.834245e-01 5.952894e-09
3.327412e+01 3.967448e-01 9.228526e-09
3.327412e+01 5.552783e-01 1.406997e-08
3.327412e+01 7.774819e-01 2.017154e-08
3.327412e+01 1.088445e+00 2.697033e-08
3.327412e+01 1.523711e+00 3.461974e-08
3.327412e+01 2.088426e+00 4.261616e-08
3.327412e+01 2.685505e+00 4.718302e-08
3.395961e+01 1.570796e-02 6.260894e-12
3.395961e+01 2.346256e-02 2.688625e-11
3.395961e+01 3.503514e-02 1.469228e-10
3.395961e+01 5.263151e-02 3.357375e-10
3.395961e+01 7.314235e-02 4.943058e-10
3.395961e+01 1.025928e-01 9.915176e-10
3.395961e+01 1.448116e-01 1.449993e-09
3.395961e+01 2.02346e-01 2.177628e-09
3.395961e+01 2.834245e-01 3.604636e-09
3.395961e+01 3.967448e-01 5.55495e-09
3.395961e+01 5.552783e-01 8.443932e-09
3.395961e+01 7.774819e-01 1.210182e-08
3.395961e+01 1.088445e+00 1.633361e-08
3.395961e+01 1.523711e+00 2.152869e-08
3.395961e+01 2.088426e+00 2.78775e-08
3.395961e+01 2.685505e+00 3.317368e-08
3.46588e+01 1.570796e-02 2.103816e-12
3.46588e+01 2.346256e-02 7.475466e-12
3.46588e+01 3.503514e-02 4.489077e-11
3.46588e+01 5.263151e-02 1.065726e-10
3.46588e+01 7.314235e-02 1.565307e-10
3.46588e+01 1.025928e-01 3.09171e-10
3.46588e+01 1.448116e-01 4.560127e-10
3.46588e+01 2.02346e-01 6.918394e-10
3.46588e+01 2.834245e-01 1.159985e-09
3.46588e+01 3.967448e-01 1.796258e-09
3.46588e+01 5.552783e-01 2.749602e-09
3.46588e+01 7.774819e-01 3.964443e-09
3.46588e+01 1.088445e+00 5.424751e-09
3.46588e+01 1.523711e+00 7.31761e-09
3.46588e+01 2.088426e+00 9.95212e-09
3.46588e+01 2.685505e+00 1.272842e-08
3.537197e+01 1.570796e-02 0.e+00
3.537197e+01 2.346256e-02 0.e+00
3.537197e+01 3.503514e-02 0.e+00
3.537197e+01 5.263151e-02 0.e+00
3.537197e+01 7.314235e-02 0.e+00
3.537197e+01 1.025928e-01 0.e+00
3.537197e+01 1.448116e-01 0.e+00
3.537197e+01 2.02346e-01 0.e+00
3.537197e+01 2.834245e-01 0.e+00
3.537197e+01 3.967448e-01 0.e+00
3.537197e+01 5.552783e-01 0.e+00
3.537197e+01 7.774819e-01 0.e+00
3.537197e+01 1.088445e+00 0.e+00
3.537197e+01 1.523711e+00 0.e+00
3.537197e+01 2.088426e+00 0.e+00
3.537197e+01 2.685505e+00 0.e+00
