5.e+00 1.570796e-02 0.e+00
5.e+00 2.346256e-02 0.e+00
5.e+00 3.503514e-02 0.e+00
5.e+00 5.263151e-02 0.e+00
5.e+00 7.314235e-02 0.e+00
5.e+00 1.025928e-01 0.e+00
5.e+00 1.448116e-01 0.e+00
5.e+00 2.023460e-01 0.e+00
5.e+00 2.834245e-01 0.e+00
5.e+00 3.967448e-01 0.e+00
5.e+00 5.552783e-01 0.e+00
5.e+00 7.774819e-01 0.e+00
5.e+00 1.088445e+00 0.e+00
5.e+00 1.523711e+00 0.e+00
5.e+00 2.088426e+00 0.e+00
5.e+00 2.685505e+00 0.e+00
5.12e+00 1.570796e-02 0.e+00
5.12e+00 2.346256e-02 0.e+00
5.12e+00 3.503514e-02 0.e+00
5.12e+00 5.263151e-02 0.e+00
5.12e+00 7.314235e-02 0.e+00
5.12e+00 1.025928e-01 0.e+00
5.12e+00 1.448116e-01 0.e+00
5.12e+00 2.023460e-01 0.e+00
5.12e+00 2.834245e-01 0.e+00
5.12e+00 3.967448e-01 0.e+00
5.12e+00 5.552783e-01 0.e+00
5.12e+00 7.774819e-01 0.e+00
5.12e+00 1.088445e+00 0.e+00
5.12e+00 1.523711e+00 0.e+00
5.12e+00 2.088426e+00 0.e+00
5.12e+00 2.685505e+00 0.e+00
5.2424e+00 1.570796e-02 0.e+00
5.2424e+00 2.346256e-02 0.e+00
5.2424e+00 3.503514e-02 0.e+00
5.2424e+00 5.263151e-02 0.e+00
5.2424e+00 7.314235e-02 0.e+00
5.2424e+00 1.025928e-01 0.e+00
5.2424e+00 1.448116e-01 0.e+00
5.2424e+00 2.023460e-01 0.e+00
5.2424e+00 2.834245e-01 0.e+00
5.2424e+00 3.967448e-01 0.e+00
5.2424e+00 5.552783e-01 0.e+00
5.2424e+00 7.774819e-01 0.e+00
5.2424e+00 1.088445e+00 0.e+00
5.2424e+00 1.523711e+00 0.e+00
5.2424e+00 2.088426e+00 0.e+00
5.2424e+00 2.685505e+00 0.e+00
5.367248e+00 1.570796e-02 0.e+00
5.367248e+00 2.346256e-02 0.e+00
5.367248e+00 3.503514e-02 0.e+00
5.367248e+00 5.263151e-02 0.e+00
5.367248e+00 7.314235e-02 0.e+00
5.367248e+00 1.025928e-01 0.e+00
5.367248e+00 1.448116e-01 0.e+00
5.367248e+00 2.023460e-01 0.e+00
5.367248e+00 2.834245e-01 0.e+00
5.367248e+00 3.967448e-01 0.e+00
5.367248e+00 5.552783e-01 0.e+00
5.367248e+00 7.774819e-01 0.e+00
5.367248e+00 1.088445e+00 0.e+00
5.367248e+00 1.523711e+00 0.e+00
5.367248e+00 2.088426e+00 0.e+00
5.367248e+00 2.685505e+00 0.e+00
5.494593e+00 1.570796e-02 0.e+00
5.494593e+00 2.346256e-02 0.e+00
5.494593e+00 3.503514e-02 0.e+00
5.494593e+00 5.263151e-02 0.e+00
5.494593e+00 7.314235e-02 0.e+00
5.494593e+00 1.025928e-01 0.e+00
5.494593e+00 1.448116e-01 0.e+00
5.494593e+00 2.023460e-01 0.e+00
5.494593e+00 2.834245e-01 0.e+00
5.494593e+00 3.967448e-01 0.e+00
5.494593e+00 5.552783e-01 0.e+00
5.494593e+00 7.774819e-01 0.e+00
5.494593e+00 1.088445e+00 0.e+00
5.494593e+00 1.523711e+00 0.e+00
5.494593e+00 2.088426e+00 0.e+00
5.494593e+00 2.685505e+00 0.e+00
5.624485e+00 1.570796e-02 0.e+00
5.624485e+00 2.346256e-02 0.e+00
5.624485e+00 3.503514e-02 0.e+00
5.624485e+00 5.263151e-02 0.e+00
5.624485e+00 7.314235e-02 0.e+00
5.624485e+00 1.025928e-01 0.e+00
5.624485e+00 1.448116e-01 0.e+00
5.624485e+00 2.023460e-01 0.e+00
5.624485e+00 2.834245e-01 0.e+00
5.624485e+00 3.967448e-01 0.e+00
5.624485e+00 5.552783e-01 0.e+00
5.624485e+00 7.774819e-01 0.e+00
5.624485e+00 1.088445e+00 0.e+00
5.624485e+00 1.523711e+00 0.e+00
5.624485e+00 2.088426e+00 0.e+00
5.624485e+00 2.685505e+00 0.e+00
5.756975e+00 1.570796e-02 0.e+00
5.756975e+00 2.346256e-02 0.e+00
5.756975e+00 3.503514e-02 0.e+00
5.756975e+00 5.263151e-02 0.e+00
5.756975e+00 7.314235e-02 0.e+00
5.756975e+00 1.025928e-01 0.e+00
5.756975e+00 1.448116e-01 0.e+00
5.756975e+00 2.023460e-01 0.e+00
5.756975e+00 2.834245e-01 0.e+00
5.756975e+00 3.967448e-01 0.e+00
5.756975e+00 5.552783e-01 0.e+00
5.756975e+00 7.774819e-01 0.e+00
5.756975e+00 1.088445e+00 0.e+00
5.756975e+00 1.523711e+00 0.e+00
5.756975e+00 2.088426e+00 0.e+00
5.756975e+00 2.685505e+00 0.e+00
5.892114e+00 1.570796e-02 0.e+00
5.892114e+00 2.346256e-02 0.e+00
5.892114e+00 3.503514e-02 0.e+00
5.892114e+00 5.263151e-02 0.e+00
5.892114e+00 7.314235e-02 0.e+00
5.892114e+00 1.025928e-01 0.e+00
5.892114e+00 1.448116e-01 0.e+00
5.892114e+00 2.023460e-01 0.e+00
5.892114e+00 2.834245e-01 0.e+00
5.892114e+00 3.967448e-01 0.e+00
5.892114e+00 5.552783e-01 0.e+00
5.892114e+00 7.774819e-01 0.e+00
5.892114e+00 1.088445e+00 0.e+00
5.892114e+00 1.523711e+00 0.e+00
5.892114e+00 2.088426e+00 0.e+00
5.892114e+00 2.685505e+00 0.e+00
6.029956e+00 1.570796e-02 -2.071888e-06
6.029956e+00 2.346256e-02 -9.410604e-06
6.029956e+00 3.503514e-02 -5.710932e-06
6.029956e+00 5.263151e-02 6.142066e-07
6.029956e+00 7.314235e-02 -9.180667e-06
6.029956e+00 1.025928e-01 8.600727e-06
6.029956e+00 1.448116e-01 -2.772377e-06
6.029956e+00 2.023460e-01 -3.689780e-06
6.029956e+00 2.834245e-01 -6.843136e-06
6.029956e+00 3.967448e-01 -6.329902e-06
6.029956e+00 5.552783e-01 -2.480659e-06
6.029956e+00 7.774819e-01 -3.796659e-06
6.029956e+00 1.088445e+00 -2.816687e-06
6.029956e+00 1.523711e+00 -1.851832e-06
6.029956e+00 2.088426e+00 -2.942265e-06
6.029956e+00 2.685505e+00 -2.229676e-06
6.170555e+00 1.570796e-02 -7.383276e-05
6.170555e+00 2.346256e-02 -3.387804e-04
6.170555e+00 3.503514e-02 -2.283293e-04
6.170555e+00 5.263151e-02 -1.530702e-04
6.170555e+00 7.314235e-02 -2.869541e-04
6.170555e+00 1.025928e-01 -3.026672e-04
6.170555e+00 1.448116e-01 -2.145755e-04
6.170555e+00 2.023460e-01 -2.943863e-04
6.170555e+00 2.834245e-01 -2.887093e-04
6.170555e+00 3.967448e-01 -2.217079e-04
6.170555e+00 5.552783e-01 -2.107926e-04
6.170555e+00 7.774819e-01 -1.584034e-04
6.170555e+00 1.088445e+00 -1.513928e-04
6.170555e+00 1.523711e+00 -1.474237e-04
6.170555e+00 2.088426e+00 -1.616365e-04
6.170555e+00 2.685505e+00 -1.654507e-04
6.313967e+00 1.570796e-02 -1.72126e-04
6.313967e+00 2.346256e-02 -9.419083e-04
6.313967e+00 3.503514e-02 -6.731106e-04
6.313967e+00 5.263151e-02 -1.023763e-03
6.313967e+00 7.314235e-02 -1.397516e-03
6.313967e+00 1.025928e-01 -1.639895e-03
6.313967e+00 1.448116e-01 -1.395684e-03
6.313967e+00 2.023460e-01 -1.490559e-03
6.313967e+00 2.834245e-01 -1.30347e-03
6.313967e+00 3.967448e-01 -1.270332e-03
6.313967e+00 5.552783e-01 -1.073461e-03
6.313967e+00 7.774819e-01 -8.853378e-04
6.313967e+00 1.088445e+00 -7.792609e-04
6.313967e+00 1.523711e+00 -7.598984e-04
6.313967e+00 2.088426e+00 -8.352086e-04
6.313967e+00 2.685505e+00 -8.717458e-04
6.460246e+00 1.570796e-02 -2.056747e-04
6.460246e+00 2.346256e-02 -1.62007e-03
6.460246e+00 3.503514e-02 -1.179128e-03
6.460246e+00 5.263151e-02 -2.439638e-03
6.460246e+00 7.314235e-02 -3.60621e-03
6.460246e+00 1.025928e-01 -3.787078e-03
6.460246e+00 1.448116e-01 -3.800252e-03
6.460246e+00 2.023460e-01 -3.654269e-03
6.460246e+00 2.834245e-01 -3.651962e-03
6.460246e+00 3.967448e-01 -3.216048e-03
6.460246e+00 5.552783e-01 -2.784333e-03
6.460246e+00 7.774819e-01 -2.329345e-03
6.460246e+00 1.088445e+00 -2.017022e-03
6.460246e+00 1.523711e+00 -1.951384e-03
6.460246e+00 2.088426e+00 -2.110448e-03
6.460246e+00 2.685505e+00 -2.176345e-03
6.609451e+00 1.570796e-02 -2.292140e-04
6.609451e+00 2.346256e-02 -2.095086e-03
6.609451e+00 3.503514e-02 -1.660799e-03
6.609451e+00 5.263151e-02 -4.36007e-03
6.609451e+00 7.314235e-02 -7.188264e-03
6.609451e+00 1.025928e-01 -7.328391e-03
6.609451e+00 1.448116e-01 -7.834215e-03
6.609451e+00 2.023460e-01 -7.737788e-03
6.609451e+00 2.834245e-01 -7.464971e-03
6.609451e+00 3.967448e-01 -6.718095e-03
6.609451e+00 5.552783e-01 -5.772315e-03
6.609451e+00 7.774819e-01 -4.878704e-03
6.609451e+00 1.088445e+00 -4.204943e-03
6.609451e+00 1.523711e+00 -3.987142e-03
6.609451e+00 2.088426e+00 -4.267408e-03
6.609451e+00 2.685505e+00 -4.36385e-03
6.76164e+00 1.570796e-02 -2.588421e-04
6.76164e+00 2.346256e-02 -2.472613e-03
6.76164e+00 3.503514e-02 -2.107304e-03
6.76164e+00 5.263151e-02 -6.040893e-03
6.76164e+00 7.314235e-02 -1.101984e-02
6.76164e+00 1.025928e-01 -1.168300e-02
6.76164e+00 1.448116e-01 -1.314325e-02
6.76164e+00 2.023460e-01 -1.326240e-02
6.76164e+00 2.834245e-01 -1.272298e-02
6.76164e+00 3.967448e-01 -1.141927e-02
6.76164e+00 5.552783e-01 -9.994262e-03
6.76164e+00 7.774819e-01 -8.46823e-03
6.76164e+00 1.088445e+00 -7.271226e-03
6.76164e+00 1.523711e+00 -6.783635e-03
6.76164e+00 2.088426e+00 -7.183581e-03
6.76164e+00 2.685505e+00 -7.336201e-03
6.916873e+00 1.570796e-02 -2.885516e-04
6.916873e+00 2.346256e-02 -2.348737e-03
6.916873e+00 3.503514e-02 -2.472416e-03
6.916873e+00 5.263151e-02 -7.438364e-03
6.916873e+00 7.314235e-02 -1.415408e-02
6.916873e+00 1.025928e-01 -1.565155e-02
6.916873e+00 1.448116e-01 -1.802355e-02
6.916873e+00 2.023460e-01 -1.887109e-02
6.916873e+00 2.834245e-01 -1.811717e-02
6.916873e+00 3.967448e-01 -1.682156e-02
6.916873e+00 5.552783e-01 -1.486811e-02
6.916873e+00 7.774819e-01 -1.255334e-02
6.916873e+00 1.088445e+00 -1.068933e-02
6.916873e+00 1.523711e+00 -9.841857e-03
6.916873e+00 2.088426e+00 -1.036521e-02
6.916873e+00 2.685505e+00 -1.040964e-02
7.075210e+00 1.570796e-02 -2.92174e-04
7.075210e+00 2.346256e-02 -2.200290e-03
7.075210e+00 3.503514e-02 -2.634076e-03
7.075210e+00 5.263151e-02 -7.805473e-03
7.075210e+00 7.314235e-02 -1.629561e-02
7.075210e+00 1.025928e-01 -1.871756e-02
7.075210e+00 1.448116e-01 -2.17539e-02
7.075210e+00 2.023460e-01 -2.388316e-02
7.075210e+00 2.834245e-01 -2.345367e-02
7.075210e+00 3.967448e-01 -2.190228e-02
7.075210e+00 5.552783e-01 -1.958597e-02
7.075210e+00 7.774819e-01 -1.666342e-02
7.075210e+00 1.088445e+00 -1.41308e-02
7.075210e+00 1.523711e+00 -1.283734e-02
7.075210e+00 2.088426e+00 -1.335336e-02
7.075210e+00 2.685505e+00 -1.324978e-02
7.236714e+00 1.570796e-02 -2.991049e-04
7.236714e+00 2.346256e-02 -2.033578e-03
7.236714e+00 3.503514e-02 -2.626406e-03
7.236714e+00 5.263151e-02 -7.659755e-03
7.236714e+00 7.314235e-02 -1.711833e-02
7.236714e+00 1.025928e-01 -2.048464e-02
7.236714e+00 1.448116e-01 -2.454477e-02
7.236714e+00 2.023460e-01 -2.789998e-02
7.236714e+00 2.834245e-01 -2.776428e-02
7.236714e+00 3.967448e-01 -2.661992e-02
7.236714e+00 5.552783e-01 -2.390132e-02
7.236714e+00 7.774819e-01 -2.056383e-02
7.236714e+00 1.088445e+00 -1.726112e-02
7.236714e+00 1.523711e+00 -1.563673e-02
7.236714e+00 2.088426e+00 -1.599104e-02
7.236714e+00 2.685505e+00 -1.567656e-02
7.401449e+00 1.570796e-02 -2.828068e-04
7.401449e+00 2.346256e-02 -1.827289e-03
7.401449e+00 3.503514e-02 -2.434882e-03
7.401449e+00 5.263151e-02 -7.172336e-03
7.401449e+00 7.314235e-02 -1.681792e-02
7.401449e+00 1.025928e-01 -2.131621e-02
7.401449e+00 1.448116e-01 -2.638737e-02
7.401449e+00 2.023460e-01 -3.073270e-02
7.401449e+00 2.834245e-01 -3.135333e-02
7.401449e+00 3.967448e-01 -3.061867e-02
7.401449e+00 5.552783e-01 -2.780601e-02
7.401449e+00 7.774819e-01 -2.407163e-02
7.401449e+00 1.088445e+00 -2.019979e-02
7.401449e+00 1.523711e+00 -1.815307e-02
7.401449e+00 2.088426e+00 -1.831894e-02
7.401449e+00 2.685505e+00 -1.778058e-02
7.569477e+00 1.570796e-02 -2.584719e-04
7.569477e+00 2.346256e-02 -1.693434e-03
7.569477e+00 3.503514e-02 -2.215129e-03
7.569477e+00 5.263151e-02 -6.580087e-03
7.569477e+00 7.314235e-02 -1.582334e-02
7.569477e+00 1.025928e-01 -2.105335e-02
7.569477e+00 1.448116e-01 -2.694525e-02
7.569477e+00 2.023460e-01 -3.240304e-02
7.569477e+00 2.834245e-01 -3.388759e-02
7.569477e+00 3.967448e-01 -3.376335e-02
7.569477e+00 5.552783e-01 -3.109217e-02
7.569477e+00 7.774819e-01 -2.702953e-02
7.569477e+00 1.088445e+00 -2.279000e-02
7.569477e+00 1.523711e+00 -2.033516e-02
7.569477e+00 2.088426e+00 -2.027667e-02
7.569477e+00 2.685505e+00 -1.952443e-02
7.740867e+00 1.570796e-02 -2.305362e-04
7.740867e+00 2.346256e-02 -1.571798e-03
7.740867e+00 3.503514e-02 -2.014650e-03
7.740867e+00 5.263151e-02 -5.995963e-03
7.740867e+00 7.314235e-02 -1.459904e-02
7.740867e+00 1.025928e-01 -2.004797e-02
7.740867e+00 1.448116e-01 -2.666672e-02
7.740867e+00 2.023460e-01 -3.324670e-02
7.740867e+00 2.834245e-01 -3.55404e-02
7.740867e+00 3.967448e-01 -3.603666e-02
7.740867e+00 5.552783e-01 -3.374397e-02
7.740867e+00 7.774819e-01 -2.955012e-02
7.740867e+00 1.088445e+00 -2.494430e-02
7.740867e+00 1.523711e+00 -2.223829e-02
7.740867e+00 2.088426e+00 -2.193873e-02
7.740867e+00 2.685505e+00 -2.095942e-02
7.915684e+00 1.570796e-02 -2.082036e-04
7.915684e+00 2.346256e-02 -1.429066e-03
7.915684e+00 3.503514e-02 -1.828222e-03
7.915684e+00 5.263151e-02 -5.474296e-03
7.915684e+00 7.314235e-02 -1.330680e-02
7.915684e+00 1.025928e-01 -1.868115e-02
7.915684e+00 1.448116e-01 -2.562994e-02
7.915684e+00 2.023460e-01 -3.305382e-02
7.915684e+00 2.834245e-01 -3.625655e-02
7.915684e+00 3.967448e-01 -3.742487e-02
7.915684e+00 5.552783e-01 -3.5591e-02
7.915684e+00 7.774819e-01 -3.152459e-02
7.915684e+00 1.088445e+00 -2.669535e-02
7.915684e+00 1.523711e+00 -2.375141e-02
7.915684e+00 2.088426e+00 -2.333405e-02
7.915684e+00 2.685505e+00 -2.192734e-02
8.093998e+00 1.570796e-02 -1.900720e-04
8.093998e+00 2.346256e-02 -1.283055e-03
8.093998e+00 3.503514e-02 -1.659110e-03
8.093998e+00 5.263151e-02 -4.962286e-03
8.093998e+00 7.314235e-02 -1.204943e-02
8.093998e+00 1.025928e-01 -1.719817e-02
8.093998e+00 1.448116e-01 -2.414133e-02
8.093998e+00 2.023460e-01 -3.210058e-02
8.093998e+00 2.834245e-01 -3.622559e-02
8.093998e+00 3.967448e-01 -3.809979e-02
8.093998e+00 5.552783e-01 -3.674741e-02
8.093998e+00 7.774819e-01 -3.296755e-02
8.093998e+00 1.088445e+00 -2.803341e-02
8.093998e+00 1.523711e+00 -2.491191e-02
8.093998e+00 2.088426e+00 -2.438965e-02
8.093998e+00 2.685505e+00 -2.271171e-02
8.275878e+00 1.570796e-02 -1.718996e-04
8.275878e+00 2.346256e-02 -1.141936e-03
8.275878e+00 3.503514e-02 -1.499035e-03
8.275878e+00 5.263151e-02 -4.461015e-03
8.275878e+00 7.314235e-02 -1.079943e-02
8.275878e+00 1.025928e-01 -1.565117e-02
8.275878e+00 1.448116e-01 -2.243441e-02
8.275878e+00 2.023460e-01 -3.055289e-02
8.275878e+00 2.834245e-01 -3.544512e-02
8.275878e+00 3.967448e-01 -3.809176e-02
8.275878e+00 5.552783e-01 -3.731446e-02
8.275878e+00 7.774819e-01 -3.391229e-02
8.275878e+00 1.088445e+00 -2.898335e-02
8.275878e+00 1.523711e+00 -2.582822e-02
8.275878e+00 2.088426e+00 -2.514699e-02
8.275878e+00 2.685505e+00 -2.328423e-02
8.461396e+00 1.570796e-02 -1.530786e-04
8.461396e+00 2.346256e-02 -1.018199e-03
8.461396e+00 3.503514e-02 -1.348393e-03
8.461396e+00 5.263151e-02 -4.007877e-03
8.461396e+00 7.314235e-02 -9.656769e-03
8.461396e+00 1.025928e-01 -1.414335e-02
8.461396e+00 1.448116e-01 -2.057117e-02
8.461396e+00 2.023460e-01 -2.864329e-02
8.461396e+00 2.834245e-01 -3.408735e-02
8.461396e+00 3.967448e-01 -3.739318e-02
8.461396e+00 5.552783e-01 -3.733920e-02
8.461396e+00 7.774819e-01 -3.434272e-02
8.461396e+00 1.088445e+00 -2.958144e-02
8.461396e+00 1.523711e+00 -2.646832e-02
8.461396e+00 2.088426e+00 -2.566949e-02
8.461396e+00 2.685505e+00 -2.366045e-02
8.650623e+00 1.570796e-02 -1.353412e-04
8.650623e+00 2.346256e-02 -9.138674e-04
8.650623e+00 3.503514e-02 -1.216211e-03
8.650623e+00 5.263151e-02 -3.593852e-03
8.650623e+00 7.314235e-02 -8.610617e-03
8.650623e+00 1.025928e-01 -1.270745e-02
8.650623e+00 1.448116e-01 -1.868136e-02
8.650623e+00 2.023460e-01 -2.652812e-02
8.650623e+00 2.834245e-01 -3.232619e-02
8.650623e+00 3.967448e-01 -3.618263e-02
8.650623e+00 5.552783e-01 -3.682552e-02
8.650623e+00 7.774819e-01 -3.427984e-02
8.650623e+00 1.088445e+00 -2.98295e-02
8.650623e+00 1.523711e+00 -2.678387e-02
8.650623e+00 2.088426e+00 -2.595805e-02
8.650623e+00 2.685505e+00 -2.376572e-02
8.843636e+00 1.570796e-02 -1.216789e-04
8.843636e+00 2.346256e-02 -8.158304e-04
8.843636e+00 3.503514e-02 -1.097881e-03
8.843636e+00 5.263151e-02 -3.207259e-03
8.843636e+00 7.314235e-02 -7.662817e-03
8.843636e+00 1.025928e-01 -1.137137e-02
8.843636e+00 1.448116e-01 -1.685437e-02
8.843636e+00 2.023460e-01 -2.429422e-02
8.843636e+00 2.834245e-01 -3.022591e-02
8.843636e+00 3.967448e-01 -3.455020e-02
8.843636e+00 5.552783e-01 -3.580976e-02
8.843636e+00 7.774819e-01 -3.377206e-02
8.843636e+00 1.088445e+00 -2.97344e-02
8.843636e+00 1.523711e+00 -2.683810e-02
8.843636e+00 2.088426e+00 -2.600597e-02
8.843636e+00 2.685505e+00 -2.364403e-02
9.040509e+00 1.570796e-02 -1.091652e-04
9.040509e+00 2.346256e-02 -7.304225e-04
9.040509e+00 3.503514e-02 -9.870508e-04
9.040509e+00 5.263151e-02 -2.853551e-03
9.040509e+00 7.314235e-02 -6.807397e-03
9.040509e+00 1.025928e-01 -1.016000e-02
9.040509e+00 1.448116e-01 -1.513083e-02
9.040509e+00 2.023460e-01 -2.207088e-02
9.040509e+00 2.834245e-01 -2.795420e-02
9.040509e+00 3.967448e-01 -3.258725e-02
9.040509e+00 5.552783e-01 -3.436068e-02
9.040509e+00 7.774819e-01 -3.287336e-02
9.040509e+00 1.088445e+00 -2.932577e-02
9.040509e+00 1.523711e+00 -2.662784e-02
9.040509e+00 2.088426e+00 -2.585828e-02
9.040509e+00 2.685505e+00 -2.333394e-02
9.241319e+00 1.570796e-02 -9.749432e-05
9.241319e+00 2.346256e-02 -6.489847e-04
9.241319e+00 3.503514e-02 -8.819353e-04
9.241319e+00 5.263151e-02 -2.534559e-03
9.241319e+00 7.314235e-02 -6.044644e-03
9.241319e+00 1.025928e-01 -9.027937e-03
9.241319e+00 1.448116e-01 -1.351110e-02
9.241319e+00 2.023460e-01 -1.99051e-02
9.241319e+00 2.834245e-01 -2.560731e-02
9.241319e+00 3.967448e-01 -3.041265e-02
9.241319e+00 5.552783e-01 -3.263822e-02
9.241319e+00 7.774819e-01 -3.168498e-02
9.241319e+00 1.088445e+00 -2.865716e-02
9.241319e+00 1.523711e+00 -2.624354e-02
9.241319e+00 2.088426e+00 -2.554286e-02
9.241319e+00 2.685505e+00 -2.304515e-02
9.446145e+00 1.570796e-02 -8.659610e-05
9.446145e+00 2.346256e-02 -5.775156e-04
9.446145e+00 3.503514e-02 -7.854264e-04
9.446145e+00 5.263151e-02 -2.240445e-03
9.446145e+00 7.314235e-02 -5.352766e-03
9.446145e+00 1.025928e-01 -8.011339e-03
9.446145e+00 1.448116e-01 -1.200379e-02
9.446145e+00 2.023460e-01 -1.786487e-02
9.446145e+00 2.834245e-01 -2.325829e-02
9.446145e+00 3.967448e-01 -2.813366e-02
9.446145e+00 5.552783e-01 -3.068815e-02
9.446145e+00 7.774819e-01 -3.025361e-02
9.446145e+00 1.088445e+00 -2.775442e-02
9.446145e+00 1.523711e+00 -2.564651e-02
9.446145e+00 2.088426e+00 -2.502801e-02
9.446145e+00 2.685505e+00 -2.248234e-02
9.655068e+00 1.570796e-02 -7.626818e-05
9.655068e+00 2.346256e-02 -5.134451e-04
9.655068e+00 3.503514e-02 -6.928979e-04
9.655068e+00 5.263151e-02 -1.974014e-03
9.655068e+00 7.314235e-02 -4.727183e-03
9.655068e+00 1.025928e-01 -7.077888e-03
9.655068e+00 1.448116e-01 -1.062666e-02
9.655068e+00 2.023460e-01 -1.592140e-02
9.655068e+00 2.834245e-01 -2.099421e-02
9.655068e+00 3.967448e-01 -2.57714e-02
9.655068e+00 5.552783e-01 -2.859066e-02
9.655068e+00 7.774819e-01 -2.862456e-02
9.655068e+00 1.088445e+00 -2.66178e-02
9.655068e+00 1.523711e+00 -2.485660e-02
9.655068e+00 2.088426e+00 -2.433828e-02
9.655068e+00 2.685505e+00 -2.166218e-02
9.86817e+00 1.570796e-02 -6.757324e-05
9.86817e+00 2.346256e-02 -4.561955e-04
9.86817e+00 3.503514e-02 -6.093606e-04
9.86817e+00 5.263151e-02 -1.734356e-03
9.86817e+00 7.314235e-02 -4.151243e-03
9.86817e+00 1.025928e-01 -6.230612e-03
9.86817e+00 1.448116e-01 -9.360665e-03
9.86817e+00 2.023460e-01 -1.409933e-02
9.86817e+00 2.834245e-01 -1.880884e-02
9.86817e+00 3.967448e-01 -2.34177e-02
9.86817e+00 5.552783e-01 -2.639594e-02
9.86817e+00 7.774819e-01 -2.685276e-02
9.86817e+00 1.088445e+00 -2.53068e-02
9.86817e+00 1.523711e+00 -2.391827e-02
9.86817e+00 2.088426e+00 -2.358249e-02
9.86817e+00 2.685505e+00 -2.088898e-02
1.008553e+01 1.570796e-02 -5.985810e-05
1.008553e+01 2.346256e-02 -4.024313e-04
1.008553e+01 3.503514e-02 -5.376593e-04
1.008553e+01 5.263151e-02 -1.520325e-03
1.008553e+01 7.314235e-02 -3.635115e-03
1.008553e+01 1.025928e-01 -5.468244e-03
1.008553e+01 1.448116e-01 -8.22209e-03
1.008553e+01 2.023460e-01 -1.244610e-02
1.008553e+01 2.834245e-01 -1.676175e-02
1.008553e+01 3.967448e-01 -2.11207e-02
1.008553e+01 5.552783e-01 -2.414196e-02
1.008553e+01 7.774819e-01 -2.495147e-02
1.008553e+01 1.088445e+00 -2.388826e-02
1.008553e+01 1.523711e+00 -2.286589e-02
1.008553e+01 2.088426e+00 -2.265818e-02
1.008553e+01 2.685505e+00 -2.001787e-02
1.030724e+01 1.570796e-02 -5.264125e-05
1.030724e+01 2.346256e-02 -3.517546e-04
1.030724e+01 3.503514e-02 -4.70924e-04
1.030724e+01 5.263151e-02 -1.329518e-03
1.030724e+01 7.314235e-02 -3.179951e-03
1.030724e+01 1.025928e-01 -4.787437e-03
1.030724e+01 1.448116e-01 -7.208128e-03
1.030724e+01 2.023460e-01 -1.093333e-02
1.030724e+01 2.834245e-01 -1.485100e-02
1.030724e+01 3.967448e-01 -1.891599e-02
1.030724e+01 5.552783e-01 -2.192735e-02
1.030724e+01 7.774819e-01 -2.302314e-02
1.030724e+01 1.088445e+00 -2.23928e-02
1.030724e+01 1.523711e+00 -2.172749e-02
1.030724e+01 2.088426e+00 -2.168524e-02
1.030724e+01 2.685505e+00 -1.903963e-02
1.053339e+01 1.570796e-02 -4.651845e-05
1.053339e+01 2.346256e-02 -3.052146e-04
1.053339e+01 3.503514e-02 -4.088327e-04
1.053339e+01 5.263151e-02 -1.162972e-03
1.053339e+01 7.314235e-02 -2.774778e-03
1.053339e+01 1.025928e-01 -4.181433e-03
1.053339e+01 1.448116e-01 -6.296837e-03
1.053339e+01 2.023460e-01 -9.567422e-03
1.053339e+01 2.834245e-01 -1.307686e-02
1.053339e+01 3.967448e-01 -1.682137e-02
1.053339e+01 5.552783e-01 -1.976624e-02
1.053339e+01 7.774819e-01 -2.107156e-02
1.053339e+01 1.088445e+00 -2.082103e-02
1.053339e+01 1.523711e+00 -2.052084e-02
1.053339e+01 2.088426e+00 -2.061204e-02
1.053339e+01 2.685505e+00 -1.804483e-02
1.076406e+01 1.570796e-02 -4.08816e-05
1.076406e+01 2.346256e-02 -2.640706e-04
1.076406e+01 3.503514e-02 -3.569714e-04
1.076406e+01 5.263151e-02 -1.010314e-03
1.076406e+01 7.314235e-02 -2.409455e-03
1.076406e+01 1.025928e-01 -3.634047e-03
1.076406e+01 1.448116e-01 -5.479439e-03
1.076406e+01 2.023460e-01 -8.338591e-03
1.076406e+01 2.834245e-01 -1.145376e-02
1.076406e+01 3.967448e-01 -1.485720e-02
1.076406e+01 5.552783e-01 -1.766896e-02
1.076406e+01 7.774819e-01 -1.914623e-02
1.076406e+01 1.088445e+00 -1.922976e-02
1.076406e+01 1.523711e+00 -1.921966e-02
1.076406e+01 2.088426e+00 -1.943729e-02
1.076406e+01 2.685505e+00 -1.693758e-02
1.099934e+01 1.570796e-02 -3.549577e-05
1.099934e+01 2.346256e-02 -2.285383e-04
1.099934e+01 3.503514e-02 -3.099283e-04
1.099934e+01 5.263151e-02 -8.717546e-04
1.099934e+01 7.314235e-02 -2.0867e-03
1.099934e+01 1.025928e-01 -3.140878e-03
1.099934e+01 1.448116e-01 -4.748014e-03
1.099934e+01 2.023460e-01 -7.230361e-03
1.099934e+01 2.834245e-01 -9.963519e-03
1.099934e+01 3.967448e-01 -1.303914e-02
1.099934e+01 5.552783e-01 -1.56812e-02
1.099934e+01 7.774819e-01 -1.724011e-02
1.099934e+01 1.088445e+00 -1.759736e-02
1.099934e+01 1.523711e+00 -1.785090e-02
1.099934e+01 2.088426e+00 -1.81681e-02
1.099934e+01 2.685505e+00 -1.578128e-02
1.123932e+01 1.570796e-02 -3.050161e-05
1.123932e+01 2.346256e-02 -1.975394e-04
1.123932e+01 3.503514e-02 -2.676832e-04
1.123932e+01 5.263151e-02 -7.502826e-04
1.123932e+01 7.314235e-02 -1.801815e-03
1.123932e+01 1.025928e-01 -2.704018e-03
1.123932e+01 1.448116e-01 -4.101122e-03
1.123932e+01 2.023460e-01 -6.244782e-03
1.123932e+01 2.834245e-01 -8.626226e-03
1.123932e+01 3.967448e-01 -1.137046e-02
1.123932e+01 5.552783e-01 -1.382553e-02
1.123932e+01 7.774819e-01 -1.54177e-02
1.123932e+01 1.088445e+00 -1.600166e-02
1.123932e+01 1.523711e+00 -1.647963e-02
1.123932e+01 2.088426e+00 -1.684498e-02
1.123932e+01 2.685505e+00 -1.466271e-02
1.148411e+01 1.570796e-02 -2.614937e-05
1.148411e+01 2.346256e-02 -1.689322e-04
1.148411e+01 3.503514e-02 -2.290617e-04
1.148411e+01 5.263151e-02 -6.438087e-04
1.148411e+01 7.314235e-02 -1.544307e-03
1.148411e+01 1.025928e-01 -2.319113e-03
1.148411e+01 1.448116e-01 -3.523871e-03
1.148411e+01 2.023460e-01 -5.360268e-03
1.148411e+01 2.834245e-01 -7.432611e-03
1.148411e+01 3.967448e-01 -9.859136e-03
1.148411e+01 5.552783e-01 -1.210037e-02
1.148411e+01 7.774819e-01 -1.370484e-02
1.148411e+01 1.088445e+00 -1.444338e-02
1.148411e+01 1.523711e+00 -1.510756e-02
1.148411e+01 2.088426e+00 -1.557504e-02
1.148411e+01 2.685505e+00 -1.356234e-02
1.173379e+01 1.570796e-02 -2.230603e-05
1.173379e+01 2.346256e-02 -1.437515e-04
1.173379e+01 3.503514e-02 -1.955506e-04
1.173379e+01 5.263151e-02 -5.492155e-04
1.173379e+01 7.314235e-02 -1.318138e-03
1.173379e+01 1.025928e-01 -1.976817e-03
1.173379e+01 1.448116e-01 -3.011188e-03
1.173379e+01 2.023460e-01 -4.583727e-03
1.173379e+01 2.834245e-01 -6.374702e-03
1.173379e+01 3.967448e-01 -8.500131e-03
1.173379e+01 5.552783e-01 -1.052776e-02
1.173379e+01 7.774819e-01 -1.210077e-02
1.173379e+01 1.088445e+00 -1.296516e-02
1.173379e+01 1.523711e+00 -1.376847e-02
1.173379e+01 2.088426e+00 -1.433255e-02
1.173379e+01 2.685505e+00 -1.246376e-02
1.198847e+01 1.570796e-02 -1.877437e-05
1.198847e+01 2.346256e-02 -1.228418e-04
1.198847e+01 3.503514e-02 -1.654376e-04
1.198847e+01 5.263151e-02 -4.656026e-04
1.198847e+01 7.314235e-02 -1.119225e-03
1.198847e+01 1.025928e-01 -1.680659e-03
1.198847e+01 1.448116e-01 -2.564252e-03
1.198847e+01 2.023460e-01 -3.903624e-03
1.198847e+01 2.834245e-01 -5.437561e-03
1.198847e+01 3.967448e-01 -7.281781e-03
1.198847e+01 5.552783e-01 -9.088400e-03
1.198847e+01 7.774819e-01 -1.060069e-02
1.198847e+01 1.088445e+00 -1.153824e-02
1.198847e+01 1.523711e+00 -1.244993e-02
1.198847e+01 2.088426e+00 -1.305947e-02
1.198847e+01 2.685505e+00 -1.136915e-02
1.224824e+01 1.570796e-02 -1.577524e-05
1.224824e+01 2.346256e-02 -1.032539e-04
1.224824e+01 3.503514e-02 -1.407544e-04
1.224824e+01 5.263151e-02 -3.928646e-04
1.224824e+01 7.314235e-02 -9.457274e-04
1.224824e+01 1.025928e-01 -1.416812e-03
1.224824e+01 1.448116e-01 -2.170949e-03
1.224824e+01 2.023460e-01 -3.301343e-03
1.224824e+01 2.834245e-01 -4.613578e-03
1.224824e+01 3.967448e-01 -6.208301e-03
1.224824e+01 5.552783e-01 -7.786825e-03
1.224824e+01 7.774819e-01 -9.223901e-03
1.224824e+01 1.088445e+00 -1.019918e-02
1.224824e+01 1.523711e+00 -1.118069e-02
1.224824e+01 2.088426e+00 -1.186169e-02
1.224824e+01 2.685505e+00 -1.035728e-02
1.251320e+01 1.570796e-02 -1.321115e-05
1.251320e+01 2.346256e-02 -8.71617e-05
1.251320e+01 3.503514e-02 -1.185660e-04
1.251320e+01 5.263151e-02 -3.319816e-04
1.251320e+01 7.314235e-02 -7.951082e-04
1.251320e+01 1.025928e-01 -1.19069e-03
1.251320e+01 1.448116e-01 -1.832769e-03
1.251320e+01 2.023460e-01 -2.777342e-03
1.251320e+01 2.834245e-01 -3.891045e-03
1.251320e+01 3.967448e-01 -5.247266e-03
1.251320e+01 5.552783e-01 -6.630109e-03
1.251320e+01 7.774819e-01 -7.963858e-03
1.251320e+01 1.088445e+00 -8.950515e-03
1.251320e+01 1.523711e+00 -9.970189e-03
1.251320e+01 2.088426e+00 -1.068365e-02
1.251320e+01 2.685505e+00 -9.380599e-03
1.278347e+01 1.570796e-02 -1.074061e-05
1.278347e+01 2.346256e-02 -7.270078e-05
1.278347e+01 3.503514e-02 -9.916105e-05
1.278347e+01 5.263151e-02 -2.775963e-04
1.278347e+01 7.314235e-02 -6.671769e-04
1.278347e+01 1.025928e-01 -9.955921e-04
1.278347e+01 1.448116e-01 -1.536174e-03
1.278347e+01 2.023460e-01 -2.328695e-03
1.278347e+01 2.834245e-01 -3.267744e-03
1.278347e+01 3.967448e-01 -4.414574e-03
1.278347e+01 5.552783e-01 -5.611916e-03
1.278347e+01 7.774819e-01 -6.834568e-03
1.278347e+01 1.088445e+00 -7.821037e-03
1.278347e+01 1.523711e+00 -8.84212e-03
1.278347e+01 2.088426e+00 -9.593278e-03
1.278347e+01 2.685505e+00 -8.450948e-03
1.305914e+01 1.570796e-02 -8.942409e-06
1.305914e+01 2.346256e-02 -6.093353e-05
1.305914e+01 3.503514e-02 -8.263579e-05
1.305914e+01 5.263151e-02 -2.334932e-04
1.305914e+01 7.314235e-02 -5.56241e-04
1.305914e+01 1.025928e-01 -8.302284e-04
1.305914e+01 1.448116e-01 -1.282858e-03
1.305914e+01 2.023460e-01 -1.941584e-03
1.305914e+01 2.834245e-01 -2.735528e-03
1.305914e+01 3.967448e-01 -3.698964e-03
1.305914e+01 5.552783e-01 -4.73027e-03
1.305914e+01 7.774819e-01 -5.839095e-03
1.305914e+01 1.088445e+00 -6.802526e-03
1.305914e+01 1.523711e+00 -7.800815e-03
1.305914e+01 2.088426e+00 -8.551683e-03
1.305914e+01 2.685505e+00 -7.608368e-03
1.334032e+01 1.570796e-02 -7.409008e-06
1.334032e+01 2.346256e-02 -5.070411e-05
1.334032e+01 3.503514e-02 -6.806273e-05
1.334032e+01 5.263151e-02 -1.932296e-04
1.334032e+01 7.314235e-02 -4.597565e-04
1.334032e+01 1.025928e-01 -6.872996e-04
1.334032e+01 1.448116e-01 -1.066335e-03
1.334032e+01 2.023460e-01 -1.607302e-03
1.334032e+01 2.834245e-01 -2.271615e-03
1.334032e+01 3.967448e-01 -3.079221e-03
1.334032e+01 5.552783e-01 -3.96336e-03
1.334032e+01 7.774819e-01 -4.949418e-03
1.334032e+01 1.088445e+00 -5.872725e-03
1.334032e+01 1.523711e+00 -6.838543e-03
1.334032e+01 2.088426e+00 -7.586698e-03
1.334032e+01 2.685505e+00 -6.786417e-03
1.362713e+01 1.570796e-02 -6.121711e-06
1.362713e+01 2.346256e-02 -4.135460e-05
1.362713e+01 3.503514e-02 -5.618155e-05
1.362713e+01 5.263151e-02 -1.591456e-04
1.362713e+01 7.314235e-02 -3.787928e-04
1.362713e+01 1.025928e-01 -5.687326e-04
1.362713e+01 1.448116e-01 -8.781629e-04
1.362713e+01 2.023460e-01 -1.325863e-03
1.362713e+01 2.834245e-01 -1.877356e-03
1.362713e+01 3.967448e-01 -2.54764e-03
1.362713e+01 5.552783e-01 -3.296918e-03
1.362713e+01 7.774819e-01 -4.1703e-03
1.362713e+01 1.088445e+00 -5.028300e-03
1.362713e+01 1.523711e+00 -5.952527e-03
1.362713e+01 2.088426e+00 -6.650751e-03
1.362713e+01 2.685505e+00 -5.994632e-03
1.391967e+01 1.570796e-02 -5.168837e-06
1.391967e+01 2.346256e-02 -3.447875e-05
1.391967e+01 3.503514e-02 -4.603261e-05
1.391967e+01 5.263151e-02 -1.309573e-04
1.391967e+01 7.314235e-02 -3.09975e-04
1.391967e+01 1.025928e-01 -4.667727e-04
1.391967e+01 1.448116e-01 -7.190447e-04
1.391967e+01 2.023460e-01 -1.088735e-03
1.391967e+01 2.834245e-01 -1.542483e-03
1.391967e+01 3.967448e-01 -2.095258e-03
1.391967e+01 5.552783e-01 -2.728451e-03
1.391967e+01 7.774819e-01 -3.493776e-03
1.391967e+01 1.088445e+00 -4.277292e-03
1.391967e+01 1.523711e+00 -5.159811e-03
1.391967e+01 2.088426e+00 -5.836613e-03
1.391967e+01 2.685505e+00 -5.271043e-03
1.421806e+01 1.570796e-02 -4.196345e-06
1.421806e+01 2.346256e-02 -2.809472e-05
1.421806e+01 3.503514e-02 -3.808829e-05
1.421806e+01 5.263151e-02 -1.064859e-04
1.421806e+01 7.314235e-02 -2.530090e-04
1.421806e+01 1.025928e-01 -3.815955e-04
1.421806e+01 1.448116e-01 -5.892608e-04
1.421806e+01 2.023460e-01 -8.919348e-04
1.421806e+01 2.834245e-01 -1.263882e-03
1.421806e+01 3.967448e-01 -1.718037e-03
1.421806e+01 5.552783e-01 -2.249222e-03
1.421806e+01 7.774819e-01 -2.915151e-03
1.421806e+01 1.088445e+00 -3.625640e-03
1.421806e+01 1.523711e+00 -4.441717e-03
1.421806e+01 2.088426e+00 -5.094304e-03
1.421806e+01 2.685505e+00 -4.643261e-03
1.452242e+01 1.570796e-02 -3.426410e-06
1.452242e+01 2.346256e-02 -2.281032e-05
1.452242e+01 3.503514e-02 -3.094355e-05
1.452242e+01 5.263151e-02 -8.649362e-05
1.452242e+01 7.314235e-02 -2.051655e-04
1.452242e+01 1.025928e-01 -3.092735e-04
1.452242e+01 1.448116e-01 -4.786656e-04
1.452242e+01 2.023460e-01 -7.262612e-04
1.452242e+01 2.834245e-01 -1.029125e-03
1.452242e+01 3.967448e-01 -1.398752e-03
1.452242e+01 5.552783e-01 -1.842987e-03
1.452242e+01 7.774819e-01 -2.417551e-03
1.452242e+01 1.088445e+00 -3.054879e-03
1.452242e+01 1.523711e+00 -3.797804e-03
1.452242e+01 2.088426e+00 -4.409764e-03
1.452242e+01 2.685505e+00 -4.035902e-03
1.483287e+01 1.570796e-02 -2.893384e-06
1.483287e+01 2.346256e-02 -1.832107e-05
1.483287e+01 3.503514e-02 -2.506999e-05
1.483287e+01 5.263151e-02 -6.967967e-05
1.483287e+01 7.314235e-02 -1.652458e-04
1.483287e+01 1.025928e-01 -2.499089e-04
1.483287e+01 1.448116e-01 -3.867884e-04
1.483287e+01 2.023460e-01 -5.847025e-04
1.483287e+01 2.834245e-01 -8.34856e-04
1.483287e+01 3.967448e-01 -1.133611e-03
1.483287e+01 5.552783e-01 -1.504267e-03
1.483287e+01 7.774819e-01 -1.988845e-03
1.483287e+01 1.088445e+00 -2.548893e-03
1.483287e+01 1.523711e+00 -3.228138e-03
1.483287e+01 2.088426e+00 -3.781017e-03
1.483287e+01 2.685505e+00 -3.477258e-03
1.514953e+01 1.570796e-02 -2.292339e-06
1.514953e+01 2.346256e-02 -1.474227e-05
1.514953e+01 3.503514e-02 -1.992134e-05
1.514953e+01 5.263151e-02 -5.592699e-05
1.514953e+01 7.314235e-02 -1.317413e-04
1.514953e+01 1.025928e-01 -2.002926e-04
1.514953e+01 1.448116e-01 -3.104099e-04
1.514953e+01 2.023460e-01 -4.684437e-04
1.514953e+01 2.834245e-01 -6.716209e-04
1.514953e+01 3.967448e-01 -9.12501e-04
1.514953e+01 5.552783e-01 -1.217179e-03
1.514953e+01 7.774819e-01 -1.627094e-03
1.514953e+01 1.088445e+00 -2.112279e-03
1.514953e+01 1.523711e+00 -2.713104e-03
1.514953e+01 2.088426e+00 -3.218450e-03
1.514953e+01 2.685505e+00 -2.977464e-03
1.547252e+01 1.570796e-02 -1.774975e-06
1.547252e+01 2.346256e-02 -1.150139e-05
1.547252e+01 3.503514e-02 -1.568411e-05
1.547252e+01 5.263151e-02 -4.439340e-05
1.547252e+01 7.314235e-02 -1.052439e-04
1.547252e+01 1.025928e-01 -1.585748e-04
1.547252e+01 1.448116e-01 -2.475747e-04
1.547252e+01 2.023460e-01 -3.742905e-04
1.547252e+01 2.834245e-01 -5.366663e-04
1.547252e+01 3.967448e-01 -7.312300e-04
1.547252e+01 5.552783e-01 -9.807627e-04
1.547252e+01 7.774819e-01 -1.324607e-03
1.547252e+01 1.088445e+00 -1.743798e-03
1.547252e+01 1.523711e+00 -2.267367e-03
1.547252e+01 2.088426e+00 -2.718361e-03
1.547252e+01 2.685505e+00 -2.539752e-03
1.580197e+01 1.570796e-02 -1.47112e-06
1.580197e+01 2.346256e-02 -8.908538e-06
1.580197e+01 3.503514e-02 -1.230564e-05
1.580197e+01 5.263151e-02 -3.539917e-05
1.580197e+01 7.314235e-02 -8.357641e-05
1.580197e+01 1.025928e-01 -1.260281e-04
1.580197e+01 1.448116e-01 -1.962783e-04
1.580197e+01 2.023460e-01 -2.961989e-04
1.580197e+01 2.834245e-01 -4.261002e-04
1.580197e+01 3.967448e-01 -5.827974e-04
1.580197e+01 5.552783e-01 -7.851918e-04
1.580197e+01 7.774819e-01 -1.071124e-03
1.580197e+01 1.088445e+00 -1.431366e-03
1.580197e+01 1.523711e+00 -1.878629e-03
1.580197e+01 2.088426e+00 -2.282175e-03
1.580197e+01 2.685505e+00 -2.160264e-03
1.613801e+01 1.570796e-02 -1.132410e-06
1.613801e+01 2.346256e-02 -6.960852e-06
1.613801e+01 3.503514e-02 -9.891303e-06
1.613801e+01 5.263151e-02 -2.795614e-05
1.613801e+01 7.314235e-02 -6.564746e-05
1.613801e+01 1.025928e-01 -9.853990e-05
1.613801e+01 1.448116e-01 -1.55424e-04
1.613801e+01 2.023460e-01 -2.340465e-04
1.613801e+01 2.834245e-01 -3.365140e-04
1.613801e+01 3.967448e-01 -4.615822e-04
1.613801e+01 5.552783e-01 -6.247916e-04
1.613801e+01 7.774819e-01 -8.629431e-04
1.613801e+01 1.088445e+00 -1.162357e-03
1.613801e+01 1.523711e+00 -1.54526e-03
1.613801e+01 2.088426e+00 -1.906160e-03
1.613801e+01 2.685505e+00 -1.818786e-03
1.648077e+01 1.570796e-02 -8.744984e-07
1.648077e+01 2.346256e-02 -5.387341e-06
1.648077e+01 3.503514e-02 -7.778139e-06
1.648077e+01 5.263151e-02 -2.195036e-05
1.648077e+01 7.314235e-02 -5.082379e-05
1.648077e+01 1.025928e-01 -7.667296e-05
1.648077e+01 1.448116e-01 -1.220519e-04
1.648077e+01 2.023460e-01 -1.830625e-04
1.648077e+01 2.834245e-01 -2.636689e-04
1.648077e+01 3.967448e-01 -3.619074e-04
1.648077e+01 5.552783e-01 -4.9309e-04
1.648077e+01 7.774819e-01 -6.875780e-04
1.648077e+01 1.088445e+00 -9.356174e-04
1.648077e+01 1.523711e+00 -1.257854e-03
1.648077e+01 2.088426e+00 -1.565244e-03
1.648077e+01 2.685505e+00 -1.488061e-03
1.683038e+01 1.570796e-02 -6.951036e-07
1.683038e+01 2.346256e-02 -4.129941e-06
1.683038e+01 3.503514e-02 -5.940208e-06
1.683038e+01 5.263151e-02 -1.690305e-05
1.683038e+01 7.314235e-02 -3.950143e-05
1.683038e+01 1.025928e-01 -5.963649e-05
1.683038e+01 1.448116e-01 -9.502899e-05
1.683038e+01 2.023460e-01 -1.409156e-04
1.683038e+01 2.834245e-01 -2.050919e-04
1.683038e+01 3.967448e-01 -2.819867e-04
1.683038e+01 5.552783e-01 -3.862539e-04
1.683038e+01 7.774819e-01 -5.466576e-04
1.683038e+01 1.088445e+00 -7.466833e-04
1.683038e+01 1.523711e+00 -1.013496e-03
1.683038e+01 2.088426e+00 -1.273256e-03
1.683038e+01 2.685505e+00 -1.218398e-03
1.718699e+01 1.570796e-02 -5.432150e-07
1.718699e+01 2.346256e-02 -3.117050e-06
1.718699e+01 3.503514e-02 -4.554628e-06
1.718699e+01 5.263151e-02 -1.304214e-05
1.718699e+01 7.314235e-02 -3.047547e-05
1.718699e+01 1.025928e-01 -4.593687e-05
1.718699e+01 1.448116e-01 -7.343094e-05
1.718699e+01 2.023460e-01 -1.089595e-04
1.718699e+01 2.834245e-01 -1.587302e-04
1.718699e+01 3.967448e-01 -2.194155e-04
1.718699e+01 5.552783e-01 -3.009276e-04
1.718699e+01 7.774819e-01 -4.297206e-04
1.718699e+01 1.088445e+00 -5.911285e-04
1.718699e+01 1.523711e+00 -8.096445e-04
1.718699e+01 2.088426e+00 -1.024059e-03
1.718699e+01 2.685505e+00 -9.720067e-04
1.755073e+01 1.570796e-02 -4.101132e-07
1.755073e+01 2.346256e-02 -2.342298e-06
1.755073e+01 3.503514e-02 -3.495682e-06
1.755073e+01 5.263151e-02 -1.017527e-05
1.755073e+01 7.314235e-02 -2.304885e-05
1.755073e+01 1.025928e-01 -3.485027e-05
1.755073e+01 1.448116e-01 -5.536510e-05
1.755073e+01 2.023460e-01 -8.357958e-05
1.755073e+01 2.834245e-01 -1.211591e-04
1.755073e+01 3.967448e-01 -1.666458e-04
1.755073e+01 5.552783e-01 -2.311357e-04
1.755073e+01 7.774819e-01 -3.341778e-04
1.755073e+01 1.088445e+00 -4.611756e-04
1.755073e+01 1.523711e+00 -6.363302e-04
1.755073e+01 2.088426e+00 -8.124037e-04
1.755073e+01 2.685505e+00 -7.78062e-04
1.792175e+01 1.570796e-02 -3.287938e-07
1.792175e+01 2.346256e-02 -1.841086e-06
1.792175e+01 3.503514e-02 -2.589517e-06
1.792175e+01 5.263151e-02 -7.568723e-06
1.792175e+01 7.314235e-02 -1.742243e-05
1.792175e+01 1.025928e-01 -2.614568e-05
1.792175e+01 1.448116e-01 -4.155595e-05
1.792175e+01 2.023460e-01 -6.316006e-05
1.792175e+01 2.834245e-01 -9.168296e-05
1.792175e+01 3.967448e-01 -1.259241e-04
1.792175e+01 5.552783e-01 -1.762956e-04
1.792175e+01 7.774819e-01 -2.568228e-04
1.792175e+01 1.088445e+00 -3.573985e-04
1.792175e+01 1.523711e+00 -4.964116e-04
1.792175e+01 2.088426e+00 -6.366591e-04
1.792175e+01 2.685505e+00 -6.110248e-04
1.830018e+01 1.570796e-02 -2.494153e-07
1.830018e+01 2.346256e-02 -1.350473e-06
1.830018e+01 3.503514e-02 -1.89701e-06
1.830018e+01 5.263151e-02 -5.693103e-06
1.830018e+01 7.314235e-02 -1.283877e-05
1.830018e+01 1.025928e-01 -1.92753e-05
1.830018e+01 1.448116e-01 -3.092459e-05
1.830018e+01 2.023460e-01 -4.674521e-05
1.830018e+01 2.834245e-01 -6.806157e-05
1.830018e+01 3.967448e-01 -9.406642e-05
1.830018e+01 5.552783e-01 -1.327531e-04
1.830018e+01 7.774819e-01 -1.935878e-04
1.830018e+01 1.088445e+00 -2.708431e-04
1.830018e+01 1.523711e+00 -3.795360e-04
1.830018e+01 2.088426e+00 -4.875825e-04
1.830018e+01 2.685505e+00 -4.700753e-04
1.868618e+01 1.570796e-02 -1.828916e-07
1.868618e+01 2.346256e-02 -9.505403e-07
1.868618e+01 3.503514e-02 -1.323228e-06
1.868618e+01 5.263151e-02 -4.121139e-06
1.868618e+01 7.314235e-02 -9.489188e-06
1.868618e+01 1.025928e-01 -1.385725e-05
1.868618e+01 1.448116e-01 -2.248022e-05
1.868618e+01 2.023460e-01 -3.37244e-05
1.868618e+01 2.834245e-01 -4.965271e-05
1.868618e+01 3.967448e-01 -6.842751e-05
1.868618e+01 5.552783e-01 -9.744089e-05
1.868618e+01 7.774819e-01 -1.43905e-04
1.868618e+01 1.088445e+00 -2.020195e-04
1.868618e+01 1.523711e+00 -2.835193e-04
1.868618e+01 2.088426e+00 -3.653419e-04
1.868618e+01 2.685505e+00 -3.508505e-04
1.907991e+01 1.570796e-02 -1.411137e-07
1.907991e+01 2.346256e-02 -6.89189e-07
1.907991e+01 3.503514e-02 -9.513463e-07
1.907991e+01 5.263151e-02 -3.028401e-06
1.907991e+01 7.314235e-02 -6.801673e-06
1.907991e+01 1.025928e-01 -9.975159e-06
1.907991e+01 1.448116e-01 -1.630421e-05
1.907991e+01 2.023460e-01 -2.425635e-05
1.907991e+01 2.834245e-01 -3.605504e-05
1.907991e+01 3.967448e-01 -4.995547e-05
1.907991e+01 5.552783e-01 -7.126425e-05
1.907991e+01 7.774819e-01 -1.060113e-04
1.907991e+01 1.088445e+00 -1.486027e-04
1.907991e+01 1.523711e+00 -2.099305e-04
1.907991e+01 2.088426e+00 -2.706980e-04
1.907991e+01 2.685505e+00 -2.574785e-04
1.948151e+01 1.570796e-02 -1.026546e-07
1.948151e+01 2.346256e-02 -4.889310e-07
1.948151e+01 3.503514e-02 -6.591589e-07
1.948151e+01 5.263151e-02 -2.177047e-06
1.948151e+01 7.314235e-02 -4.814678e-06
1.948151e+01 1.025928e-01 -7.164511e-06
1.948151e+01 1.448116e-01 -1.151964e-05
1.948151e+01 2.023460e-01 -1.709731e-05
1.948151e+01 2.834245e-01 -2.563847e-05
1.948151e+01 3.967448e-01 -3.526647e-05
1.948151e+01 5.552783e-01 -5.115191e-05
1.948151e+01 7.774819e-01 -7.658439e-05
1.948151e+01 1.088445e+00 -1.073683e-04
1.948151e+01 1.523711e+00 -1.519744e-04
1.948151e+01 2.088426e+00 -1.975908e-04
1.948151e+01 2.685505e+00 -1.890974e-04
1.989114e+01 1.570796e-02 -7.452601e-08
1.989114e+01 2.346256e-02 -3.151069e-07
1.989114e+01 3.503514e-02 -4.674595e-07
1.989114e+01 5.263151e-02 -1.462562e-06
1.989114e+01 7.314235e-02 -3.28499e-06
1.989114e+01 1.025928e-01 -4.976995e-06
1.989114e+01 1.448116e-01 -8.039893e-06
1.989114e+01 2.023460e-01 -1.175107e-05
1.989114e+01 2.834245e-01 -1.777608e-05
1.989114e+01 3.967448e-01 -2.472531e-05
1.989114e+01 5.552783e-01 -3.606565e-05
1.989114e+01 7.774819e-01 -5.406283e-05
1.989114e+01 1.088445e+00 -7.638434e-05
1.989114e+01 1.523711e+00 -1.091702e-04
1.989114e+01 2.088426e+00 -1.421204e-04
1.989114e+01 2.685505e+00 -1.32454e-04
2.030896e+01 1.570796e-02 -4.780733e-08
2.030896e+01 2.346256e-02 -2.106581e-07
2.030896e+01 3.503514e-02 -2.993467e-07
2.030896e+01 5.263151e-02 -9.739616e-07
2.030896e+01 7.314235e-02 -2.226987e-06
2.030896e+01 1.025928e-01 -3.344096e-06
2.030896e+01 1.448116e-01 -5.423912e-06
2.030896e+01 2.023460e-01 -7.965695e-06
2.030896e+01 2.834245e-01 -1.221174e-05
2.030896e+01 3.967448e-01 -1.705324e-05
2.030896e+01 5.552783e-01 -2.490946e-05
2.030896e+01 7.774819e-01 -3.770656e-05
2.030896e+01 1.088445e+00 -5.362977e-05
2.030896e+01 1.523711e+00 -7.707244e-05
2.030896e+01 2.088426e+00 -1.000581e-04
2.030896e+01 2.685505e+00 -9.457874e-05
2.073514e+01 1.570796e-02 -3.213111e-08
2.073514e+01 2.346256e-02 -1.320278e-07
2.073514e+01 3.503514e-02 -1.884702e-07
2.073514e+01 5.263151e-02 -6.639228e-07
2.073514e+01 7.314235e-02 -1.484623e-06
2.073514e+01 1.025928e-01 -2.196048e-06
2.073514e+01 1.448116e-01 -3.566945e-06
2.073514e+01 2.023460e-01 -5.174548e-06
2.073514e+01 2.834245e-01 -8.068972e-06
2.073514e+01 3.967448e-01 -1.152669e-05
2.073514e+01 5.552783e-01 -1.698572e-05
2.073514e+01 7.774819e-01 -2.551891e-05
2.073514e+01 1.088445e+00 -3.637061e-05
2.073514e+01 1.523711e+00 -5.300387e-05
2.073514e+01 2.088426e+00 -6.840562e-05
2.073514e+01 2.685505e+00 -6.594348e-05
2.116984e+01 1.570796e-02 -2.066262e-08
2.116984e+01 2.346256e-02 -9.010361e-08
2.116984e+01 3.503514e-02 -1.39631e-07
2.116984e+01 5.263151e-02 -4.294910e-07
2.116984e+01 7.314235e-02 -9.719364e-07
2.116984e+01 1.025928e-01 -1.449543e-06
2.116984e+01 1.448116e-01 -2.305122e-06
2.116984e+01 2.023460e-01 -3.380383e-06
2.116984e+01 2.834245e-01 -5.277937e-06
2.116984e+01 3.967448e-01 -7.718556e-06
2.116984e+01 5.552783e-01 -1.121047e-05
2.116984e+01 7.774819e-01 -1.696406e-05
2.116984e+01 1.088445e+00 -2.458850e-05
2.116984e+01 1.523711e+00 -3.575347e-05
2.116984e+01 2.088426e+00 -4.62836e-05
2.116984e+01 2.685505e+00 -4.593498e-05
2.161324e+01 1.570796e-02 -1.402617e-08
2.161324e+01 2.346256e-02 -5.693546e-08
2.161324e+01 3.503514e-02 -8.712748e-08
2.161324e+01 5.263151e-02 -2.610646e-07
2.161324e+01 7.314235e-02 -6.353203e-07
2.161324e+01 1.025928e-01 -9.075812e-07
2.161324e+01 1.448116e-01 -1.486258e-06
2.161324e+01 2.023460e-01 -2.086241e-06
2.161324e+01 2.834245e-01 -3.419876e-06
2.161324e+01 3.967448e-01 -4.987261e-06
2.161324e+01 5.552783e-01 -7.268436e-06
2.161324e+01 7.774819e-01 -1.095899e-05
2.161324e+01 1.088445e+00 -1.624438e-05
2.161324e+01 1.523711e+00 -2.342901e-05
2.161324e+01 2.088426e+00 -3.063359e-05
2.161324e+01 2.685505e+00 -3.020862e-05
2.206550e+01 1.570796e-02 -1.094548e-08
2.206550e+01 2.346256e-02 -4.154079e-08
2.206550e+01 3.503514e-02 -6.065074e-08
2.206550e+01 5.263151e-02 -1.575654e-07
2.206550e+01 7.314235e-02 -4.124463e-07
2.206550e+01 1.025928e-01 -5.731106e-07
2.206550e+01 1.448116e-01 -9.664112e-07
2.206550e+01 2.023460e-01 -1.331982e-06
2.206550e+01 2.834245e-01 -2.188307e-06
2.206550e+01 3.967448e-01 -3.246284e-06
2.206550e+01 5.552783e-01 -4.712459e-06
2.206550e+01 7.774819e-01 -7.045581e-06
2.206550e+01 1.088445e+00 -1.064267e-05
2.206550e+01 1.523711e+00 -1.546901e-05
2.206550e+01 2.088426e+00 -1.986675e-05
2.206550e+01 2.685505e+00 -1.965805e-05
2.252681e+01 1.570796e-02 -6.684806e-09
2.252681e+01 2.346256e-02 -2.437354e-08
2.252681e+01 3.503514e-02 -3.442687e-08
2.252681e+01 5.263151e-02 -9.69292e-08
2.252681e+01 7.314235e-02 -2.544902e-07
2.252681e+01 1.025928e-01 -3.426165e-07
2.252681e+01 1.448116e-01 -5.838907e-07
2.252681e+01 2.023460e-01 -8.104047e-07
2.252681e+01 2.834245e-01 -1.331298e-06
2.252681e+01 3.967448e-01 -1.991073e-06
2.252681e+01 5.552783e-01 -2.887081e-06
2.252681e+01 7.774819e-01 -4.392803e-06
2.252681e+01 1.088445e+00 -6.644247e-06
2.252681e+01 1.523711e+00 -9.866888e-06
2.252681e+01 2.088426e+00 -1.267243e-05
2.252681e+01 2.685505e+00 -1.245137e-05
2.299735e+01 1.570796e-02 1.60035e-10
2.299735e+01 2.346256e-02 1.175317e-09
2.299735e+01 3.503514e-02 1.438061e-09
2.299735e+01 5.263151e-02 4.331446e-09
2.299735e+01 7.314235e-02 1.041896e-08
2.299735e+01 1.025928e-01 1.562479e-08
2.299735e+01 1.448116e-01 2.400872e-08
2.299735e+01 2.023460e-01 3.674157e-08
2.299735e+01 2.834245e-01 5.260936e-08
2.299735e+01 3.967448e-01 7.551538e-08
2.299735e+01 5.552783e-01 1.060607e-07
2.299735e+01 7.774819e-01 1.381431e-07
2.299735e+01 1.088445e+00 1.518443e-07
2.299735e+01 1.523711e+00 1.322294e-07
2.299735e+01 2.088426e+00 8.658744e-08
2.299735e+01 2.685505e+00 4.059872e-08
2.34773e+01 1.570796e-02 1.501773e-10
2.34773e+01 2.346256e-02 1.102527e-09
2.34773e+01 3.503514e-02 1.348681e-09
2.34773e+01 5.263151e-02 4.063482e-09
2.34773e+01 7.314235e-02 9.776648e-09
2.34773e+01 1.025928e-01 1.465942e-08
2.34773e+01 1.448116e-01 2.255297e-08
2.34773e+01 2.023460e-01 3.461061e-08
2.34773e+01 2.834245e-01 4.98109e-08
2.34773e+01 3.967448e-01 7.199689e-08
2.34773e+01 5.552783e-01 1.017852e-07
2.34773e+01 7.774819e-01 1.333355e-07
2.34773e+01 1.088445e+00 1.475616e-07
2.34773e+01 1.523711e+00 1.301436e-07
2.34773e+01 2.088426e+00 8.653633e-08
2.34773e+01 2.685505e+00 4.061221e-08
2.396684e+01 1.570796e-02 1.405121e-10
2.396684e+01 2.346256e-02 1.030910e-09
2.396684e+01 3.503514e-02 1.260498e-09
2.396684e+01 5.263151e-02 3.800996e-09
2.396684e+01 7.314235e-02 9.147375e-09
2.396684e+01 1.025928e-01 1.371451e-08
2.396684e+01 1.448116e-01 2.112794e-08
2.396684e+01 2.023460e-01 3.251738e-08
2.396684e+01 2.834245e-01 4.704071e-08
2.396684e+01 3.967448e-01 6.849091e-08
2.396684e+01 5.552783e-01 9.743932e-08
2.396684e+01 7.774819e-01 1.282644e-07
2.396684e+01 1.088445e+00 1.430349e-07
2.396684e+01 1.523711e+00 1.278298e-07
2.396684e+01 2.088426e+00 8.648599e-08
2.396684e+01 2.685505e+00 4.083387e-08
2.446618e+01 1.570796e-02 1.310566e-10
2.446618e+01 2.346256e-02 9.609756e-10
2.446618e+01 3.503514e-02 1.174225e-09
2.446618e+01 5.263151e-02 3.543022e-09
2.446618e+01 7.314235e-02 8.530957e-09
2.446618e+01 1.025928e-01 1.278947e-08
2.446618e+01 1.448116e-01 1.973136e-08
2.446618e+01 2.023460e-01 3.047889e-08
2.446618e+01 2.834245e-01 4.430868e-08
2.446618e+01 3.967448e-01 6.499213e-08
2.446618e+01 5.552783e-01 9.301400e-08
2.446618e+01 7.774819e-01 1.230408e-07
2.446618e+01 1.088445e+00 1.383157e-07
2.446618e+01 1.523711e+00 1.255060e-07
2.446618e+01 2.088426e+00 8.650255e-08
2.446618e+01 2.685505e+00 4.117428e-08
2.497550e+01 1.570796e-02 1.217628e-10
2.497550e+01 2.346256e-02 8.922341e-10
2.497550e+01 3.503514e-02 1.090018e-09
2.497550e+01 5.263151e-02 3.292794e-09
2.497550e+01 7.314235e-02 7.928775e-09
2.497550e+01 1.025928e-01 1.189115e-08
2.497550e+01 1.448116e-01 1.836941e-08
2.497550e+01 2.023460e-01 2.847646e-08
2.497550e+01 2.834245e-01 4.163490e-08
2.497550e+01 3.967448e-01 6.149993e-08
2.497550e+01 5.552783e-01 8.851267e-08
2.497550e+01 7.774819e-01 1.176747e-07
2.497550e+01 1.088445e+00 1.333929e-07
2.497550e+01 1.523711e+00 1.229606e-07
2.497550e+01 2.088426e+00 8.652044e-08
2.497550e+01 2.685505e+00 4.173908e-08
2.549501e+01 1.570796e-02 1.126977e-10
2.549501e+01 2.346256e-02 8.252510e-10
2.549501e+01 3.503514e-02 1.008115e-09
2.549501e+01 5.263151e-02 3.047867e-09
2.549501e+01 7.314235e-02 7.342219e-09
2.549501e+01 1.025928e-01 1.101427e-08
2.549501e+01 1.448116e-01 1.703987e-08
2.549501e+01 2.023460e-01 2.652435e-08
2.549501e+01 2.834245e-01 3.89962e-08
2.549501e+01 3.967448e-01 5.80212e-08
2.549501e+01 5.552783e-01 8.393785e-08
2.549501e+01 7.774819e-01 1.120908e-07
2.549501e+01 1.088445e+00 1.282611e-07
2.549501e+01 1.523711e+00 1.201532e-07
2.549501e+01 2.088426e+00 8.658941e-08
2.549501e+01 2.685505e+00 4.242858e-08
2.602491e+01 1.570796e-02 1.038393e-10
2.602491e+01 2.346256e-02 7.604458e-10
2.602491e+01 3.503514e-02 9.286677e-10
2.602491e+01 5.263151e-02 2.809342e-09
2.602491e+01 7.314235e-02 6.77162e-09
2.602491e+01 1.025928e-01 1.016046e-08
2.602491e+01 1.448116e-01 1.574922e-08
2.602491e+01 2.023460e-01 2.462218e-08
2.602491e+01 2.834245e-01 3.639271e-08
2.602491e+01 3.967448e-01 5.45163e-08
2.602491e+01 5.552783e-01 7.922709e-08
2.602491e+01 7.774819e-01 1.063036e-07
2.602491e+01 1.088445e+00 1.22902e-07
2.602491e+01 1.523711e+00 1.171634e-07
2.602491e+01 2.088426e+00 8.660578e-08
2.602491e+01 2.685505e+00 4.330333e-08
2.656541e+01 1.570796e-02 9.513897e-11
2.656541e+01 2.346256e-02 6.970339e-10
2.656541e+01 3.503514e-02 8.511845e-10
2.656541e+01 5.263151e-02 2.577177e-09
2.656541e+01 7.314235e-02 6.214372e-09
2.656541e+01 1.025928e-01 9.330660e-09
2.656541e+01 1.448116e-01 1.4489e-08
2.656541e+01 2.023460e-01 2.274727e-08
2.656541e+01 2.834245e-01 3.382671e-08
2.656541e+01 3.967448e-01 5.098917e-08
2.656541e+01 5.552783e-01 7.442691e-08
2.656541e+01 7.774819e-01 1.003653e-07
2.656541e+01 1.088445e+00 1.17198e-07
2.656541e+01 1.523711e+00 1.139288e-07
2.656541e+01 2.088426e+00 8.661243e-08
2.656541e+01 2.685505e+00 4.472485e-08
2.711672e+01 1.570796e-02 8.675406e-11
2.711672e+01 2.346256e-02 6.351016e-10
2.711672e+01 3.503514e-02 7.760771e-10
2.711672e+01 5.263151e-02 2.351765e-09
2.711672e+01 7.314235e-02 5.672580e-09
2.711672e+01 1.025928e-01 8.522623e-09
2.711672e+01 1.448116e-01 1.326061e-08
2.711672e+01 2.023460e-01 2.091223e-08
2.711672e+01 2.834245e-01 3.127863e-08
2.711672e+01 3.967448e-01 4.743007e-08
2.711672e+01 5.552783e-01 6.952223e-08
2.711672e+01 7.774819e-01 9.422011e-08
2.711672e+01 1.088445e+00 1.112390e-07
2.711672e+01 1.523711e+00 1.104033e-07
2.711672e+01 2.088426e+00 8.650988e-08
2.711672e+01 2.685505e+00 4.638961e-08
2.767905e+01 1.570796e-02 7.851842e-11
2.767905e+01 2.346256e-02 5.751259e-10
2.767905e+01 3.503514e-02 7.032055e-10
2.767905e+01 5.263151e-02 2.132429e-09
2.767905e+01 7.314235e-02 5.145359e-09
2.767905e+01 1.025928e-01 7.735793e-09
2.767905e+01 1.448116e-01 1.206209e-08
2.767905e+01 2.023460e-01 1.91082e-08
2.767905e+01 2.834245e-01 2.874424e-08
2.767905e+01 3.967448e-01 4.384099e-08
2.767905e+01 5.552783e-01 6.449441e-08
2.767905e+01 7.774819e-01 8.787724e-08
2.767905e+01 1.088445e+00 1.049139e-07
2.767905e+01 1.523711e+00 1.063324e-07
2.767905e+01 2.088426e+00 8.615707e-08
2.767905e+01 2.685505e+00 4.830607e-08
2.825263e+01 1.570796e-02 7.053463e-11
2.825263e+01 2.346256e-02 5.167113e-10
2.825263e+01 3.503514e-02 6.322368e-10
2.825263e+01 5.263151e-02 1.918164e-09
2.825263e+01 7.314235e-02 4.63285e-09
2.825263e+01 1.025928e-01 6.969867e-09
2.825263e+01 1.448116e-01 1.089288e-08
2.825263e+01 2.023460e-01 1.733143e-08
2.825263e+01 2.834245e-01 2.622309e-08
2.825263e+01 3.967448e-01 4.020653e-08
2.825263e+01 5.552783e-01 5.934776e-08
2.825263e+01 7.774819e-01 8.128783e-08
2.825263e+01 1.088445e+00 9.824662e-08
2.825263e+01 1.523711e+00 1.017937e-07
2.825263e+01 2.088426e+00 8.547230e-08
2.825263e+01 2.685505e+00 5.057531e-08
2.883769e+01 1.570796e-02 6.280845e-11
2.883769e+01 2.346256e-02 4.595246e-10
2.883769e+01 3.503514e-02 5.631517e-10
2.883769e+01 5.263151e-02 1.709986e-09
2.883769e+01 7.314235e-02 4.13327e-09
2.883769e+01 1.025928e-01 6.222459e-09
2.883769e+01 1.448116e-01 9.750494e-09
2.883769e+01 2.023460e-01 1.558271e-08
2.883769e+01 2.834245e-01 2.37105e-08
2.883769e+01 3.967448e-01 3.652749e-08
2.883769e+01 5.552783e-01 5.410560e-08
2.883769e+01 7.774819e-01 7.446161e-08
2.883769e+01 1.088445e+00 9.115947e-08
2.883769e+01 1.523711e+00 9.661817e-08
2.883769e+01 2.088426e+00 8.436737e-08
2.883769e+01 2.685505e+00 5.310259e-08
2.943444e+01 1.570796e-02 5.523463e-11
2.943444e+01 2.346256e-02 4.040608e-10
2.943444e+01 3.503514e-02 4.961249e-10
2.943444e+01 5.263151e-02 1.507239e-09
2.943444e+01 7.314235e-02 3.648240e-09
2.943444e+01 1.025928e-01 5.494400e-09
2.943444e+01 1.448116e-01 8.631504e-09
2.943444e+01 2.023460e-01 1.385866e-08
2.943444e+01 2.834245e-01 2.119954e-08
2.943444e+01 3.967448e-01 3.280447e-08
2.943444e+01 5.552783e-01 4.871421e-08
2.943444e+01 7.774819e-01 6.742749e-08
2.943444e+01 1.088445e+00 8.359472e-08
2.943444e+01 1.523711e+00 9.082287e-08
2.943444e+01 2.088426e+00 8.266383e-08
2.943444e+01 2.685505e+00 5.577902e-08
3.004313e+01 1.570796e-02 4.793411e-11
3.004313e+01 2.346256e-02 3.503553e-10
3.004313e+01 3.503514e-02 4.308801e-10
3.004313e+01 5.263151e-02 1.309902e-09
3.004313e+01 7.314235e-02 3.174168e-09
3.004313e+01 1.025928e-01 4.784304e-09
3.004313e+01 1.448116e-01 7.534984e-09
3.004313e+01 2.023460e-01 1.215334e-08
3.004313e+01 2.834245e-01 1.868916e-08
3.004313e+01 3.967448e-01 2.903093e-08
3.004313e+01 5.552783e-01 4.323533e-08
3.004313e+01 7.774819e-01 6.015875e-08
3.004313e+01 1.088445e+00 7.558568e-08
3.004313e+01 1.523711e+00 8.424348e-08
3.004313e+01 2.088426e+00 8.011703e-08
3.004313e+01 2.685505e+00 5.834528e-08
3.066399e+01 1.570796e-02 4.082806e-11
3.066399e+01 2.346256e-02 2.98105e-10
3.066399e+01 3.503514e-02 3.674533e-10
3.066399e+01 5.263151e-02 1.117595e-09
3.066399e+01 7.314235e-02 2.712363e-09
3.066399e+01 1.025928e-01 4.092665e-09
3.066399e+01 1.448116e-01 6.459859e-09
3.066399e+01 2.023460e-01 1.046445e-08
3.066399e+01 2.834245e-01 1.617675e-08
3.066399e+01 3.967448e-01 2.521691e-08
3.066399e+01 5.552783e-01 3.764475e-08
3.066399e+01 7.774819e-01 5.268194e-08
3.066399e+01 1.088445e+00 6.703706e-08
3.066399e+01 1.523711e+00 7.676142e-08
3.066399e+01 2.088426e+00 7.647729e-08
3.066399e+01 2.685505e+00 6.035181e-08
3.129727e+01 1.570796e-02 3.397609e-11
3.129727e+01 2.346256e-02 2.477457e-10
3.129727e+01 3.503514e-02 3.058045e-10
3.129727e+01 5.263151e-02 9.305134e-10
3.129727e+01 7.314235e-02 2.262013e-09
3.129727e+01 1.025928e-01 3.416256e-09
3.129727e+01 1.448116e-01 5.405958e-09
3.129727e+01 2.023460e-01 8.796114e-09
3.129727e+01 2.834245e-01 1.366346e-08
3.129727e+01 3.967448e-01 2.136412e-08
3.129727e+01 5.552783e-01 3.197341e-08
3.129727e+01 7.774819e-01 4.49744e-08
3.129727e+01 1.088445e+00 5.800575e-08
3.129727e+01 1.523711e+00 6.821588e-08
3.129727e+01 2.088426e+00 7.133551e-08
3.129727e+01 2.685505e+00 6.13123e-08
3.194322e+01 1.570796e-02 2.729554e-11
3.194322e+01 2.346256e-02 1.986803e-10
3.194322e+01 3.503514e-02 2.459053e-10
3.194322e+01 5.263151e-02 7.486142e-10
3.194322e+01 7.314235e-02 1.823582e-09
3.194322e+01 1.025928e-01 2.756533e-09
3.194322e+01 1.448116e-01 4.372196e-09
3.194322e+01 2.023460e-01 7.1434e-09
3.194322e+01 2.834245e-01 1.114987e-08
3.194322e+01 3.967448e-01 1.747121e-08
3.194322e+01 5.552783e-01 2.621010e-08
3.194322e+01 7.774819e-01 3.705458e-08
3.194322e+01 1.088445e+00 4.844022e-08
3.194322e+01 1.523711e+00 5.858946e-08
3.194322e+01 2.088426e+00 6.455950e-08
3.194322e+01 2.685505e+00 6.047480e-08
3.260208e+01 1.570796e-02 2.076718e-11
3.260208e+01 2.346256e-02 1.514666e-10
3.260208e+01 3.503514e-02 1.878735e-10
3.260208e+01 5.263151e-02 5.719123e-10
3.260208e+01 7.314235e-02 1.396177e-09
3.260208e+01 1.025928e-01 2.112432e-09
3.260208e+01 1.448116e-01 3.35913e-09
3.260208e+01 2.023460e-01 5.509353e-09
3.260208e+01 2.834245e-01 8.642313e-09
3.260208e+01 3.967448e-01 1.356554e-08
3.260208e+01 5.552783e-01 2.039176e-08
3.260208e+01 7.774819e-01 2.895657e-08
3.260208e+01 1.088445e+00 3.833716e-08
3.260208e+01 1.523711e+00 4.770366e-08
3.260208e+01 2.088426e+00 5.556532e-08
3.260208e+01 2.685505e+00 5.683045e-08
3.327412e+01 1.570796e-02 1.452624e-11
3.327412e+01 2.346256e-02 1.055805e-10
3.327412e+01 3.503514e-02 1.313580e-10
3.327412e+01 5.263151e-02 4.001261e-10
3.327412e+01 7.314235e-02 9.788084e-10
3.327412e+01 1.025928e-01 1.483321e-09
3.327412e+01 1.448116e-01 2.365078e-09
3.327412e+01 2.023460e-01 3.894466e-09
3.327412e+01 2.834245e-01 6.138024e-09
3.327412e+01 3.967448e-01 9.651636e-09
3.327412e+01 5.552783e-01 1.453983e-08
3.327412e+01 7.774819e-01 2.074966e-08
3.327412e+01 1.088445e+00 2.779685e-08
3.327412e+01 1.523711e+00 3.556857e-08
3.327412e+01 2.088426e+00 4.384421e-08
3.327412e+01 2.685505e+00 4.875711e-08
3.395961e+01 1.570796e-02 8.757745e-12
3.395961e+01 2.346256e-02 6.40039e-11
3.395961e+01 3.503514e-02 7.951172e-11
3.395961e+01 5.263151e-02 2.418732e-10
3.395961e+01 7.314235e-02 5.928542e-10
3.395961e+01 1.025928e-01 8.989375e-10
3.395961e+01 1.448116e-01 1.433605e-09
3.395961e+01 2.023460e-01 2.360760e-09
3.395961e+01 2.834245e-01 3.716595e-09
3.395961e+01 3.967448e-01 5.820435e-09
3.395961e+01 5.552783e-01 8.737080e-09
3.395961e+01 7.774819e-01 1.246583e-08
3.395961e+01 1.088445e+00 1.684851e-08
3.395961e+01 1.523711e+00 2.212331e-08
3.395961e+01 2.088426e+00 2.872708e-08
3.395961e+01 2.685505e+00 3.430363e-08
3.46588e+01 1.570796e-02 3.079532e-12
3.46588e+01 2.346256e-02 2.161237e-11
3.46588e+01 3.503514e-02 2.321009e-11
3.46588e+01 5.263151e-02 7.675998e-11
3.46588e+01 7.314235e-02 1.858509e-10
3.46588e+01 1.025928e-01 2.785140e-10
3.46588e+01 1.448116e-01 4.543253e-10
3.46588e+01 2.023460e-01 7.504403e-10
3.46588e+01 2.834245e-01 1.199909e-09
3.46588e+01 3.967448e-01 1.886841e-09
3.46588e+01 5.552783e-01 2.84722e-09
3.46588e+01 7.774819e-01 4.088280e-09
3.46588e+01 1.088445e+00 5.600428e-09
3.46588e+01 1.523711e+00 7.522019e-09
3.46588e+01 2.088426e+00 1.026482e-08
3.46588e+01 2.685505e+00 1.317585e-08
3.537197e+01 1.570796e-02 0.e+00
3.537197e+01 2.346256e-02 0.e+00
3.537197e+01 3.503514e-02 0.e+00
3.537197e+01 5.263151e-02 0.e+00
3.537197e+01 7.314235e-02 0.e+00
3.537197e+01 1.025928e-01 0.e+00
3.537197e+01 1.448116e-01 0.e+00
3.537197e+01 2.023460e-01 0.e+00
3.537197e+01 2.834245e-01 0.e+00
3.537197e+01 3.967448e-01 0.e+00
3.537197e+01 5.552783e-01 0.e+00
3.537197e+01 7.774819e-01 0.e+00
3.537197e+01 1.088445e+00 0.e+00
3.537197e+01 1.523711e+00 0.e+00
3.537197e+01 2.088426e+00 0.e+00
3.537197e+01 2.685505e+00 0.e+00
