5.e+00 1.570796e-02 0.e+00
5.e+00 2.346256e-02 0.e+00
5.e+00 3.503514e-02 0.e+00
5.e+00 5.263151e-02 0.e+00
5.e+00 7.314235e-02 0.e+00
5.e+00 1.025928e-01 0.e+00
5.e+00 1.448116e-01 0.e+00
5.e+00 2.023460e-01 0.e+00
5.e+00 2.834245e-01 0.e+00
5.e+00 3.967448e-01 0.e+00
5.e+00 5.552783e-01 0.e+00
5.e+00 7.774819e-01 0.e+00
5.e+00 1.088445e+00 0.e+00
5.e+00 1.523711e+00 0.e+00
5.e+00 2.088426e+00 0.e+00
5.e+00 2.685505e+00 0.e+00
5.12e+00 1.570796e-02 0.e+00
5.12e+00 2.346256e-02 0.e+00
5.12e+00 3.503514e-02 0.e+00
5.12e+00 5.263151e-02 0.e+00
5.12e+00 7.314235e-02 0.e+00
5.12e+00 1.025928e-01 0.e+00
5.12e+00 1.448116e-01 0.e+00
5.12e+00 2.023460e-01 0.e+00
5.12e+00 2.834245e-01 0.e+00
5.12e+00 3.967448e-01 0.e+00
5.12e+00 5.552783e-01 0.e+00
5.12e+00 7.774819e-01 0.e+00
5.12e+00 1.088445e+00 0.e+00
5.12e+00 1.523711e+00 0.e+00
5.12e+00 2.088426e+00 0.e+00
5.12e+00 2.685505e+00 0.e+00
5.2424e+00 1.570796e-02 0.e+00
5.2424e+00 2.346256e-02 0.e+00
5.2424e+00 3.503514e-02 0.e+00
5.2424e+00 5.263151e-02 0.e+00
5.2424e+00 7.314235e-02 0.e+00
5.2424e+00 1.025928e-01 0.e+00
5.2424e+00 1.448116e-01 0.e+00
5.2424e+00 2.023460e-01 0.e+00
5.2424e+00 2.834245e-01 0.e+00
5.2424e+00 3.967448e-01 0.e+00
5.2424e+00 5.552783e-01 0.e+00
5.2424e+00 7.774819e-01 0.e+00
5.2424e+00 1.088445e+00 0.e+00
5.2424e+00 1.523711e+00 0.e+00
5.2424e+00 2.088426e+00 0.e+00
5.2424e+00 2.685505e+00 0.e+00
5.367248e+00 1.570796e-02 0.e+00
5.367248e+00 2.346256e-02 0.e+00
5.367248e+00 3.503514e-02 0.e+00
5.367248e+00 5.263151e-02 0.e+00
5.367248e+00 7.314235e-02 0.e+00
5.367248e+00 1.025928e-01 0.e+00
5.367248e+00 1.448116e-01 0.e+00
5.367248e+00 2.023460e-01 0.e+00
5.367248e+00 2.834245e-01 0.e+00
5.367248e+00 3.967448e-01 0.e+00
5.367248e+00 5.552783e-01 0.e+00
5.367248e+00 7.774819e-01 0.e+00
5.367248e+00 1.088445e+00 0.e+00
5.367248e+00 1.523711e+00 0.e+00
5.367248e+00 2.088426e+00 0.e+00
5.367248e+00 2.685505e+00 0.e+00
5.494593e+00 1.570796e-02 0.e+00
5.494593e+00 2.346256e-02 0.e+00
5.494593e+00 3.503514e-02 0.e+00
5.494593e+00 5.263151e-02 0.e+00
5.494593e+00 7.314235e-02 0.e+00
5.494593e+00 1.025928e-01 0.e+00
5.494593e+00 1.448116e-01 0.e+00
5.494593e+00 2.023460e-01 0.e+00
5.494593e+00 2.834245e-01 0.e+00
5.494593e+00 3.967448e-01 0.e+00
5.494593e+00 5.552783e-01 0.e+00
5.494593e+00 7.774819e-01 0.e+00
5.494593e+00 1.088445e+00 0.e+00
5.494593e+00 1.523711e+00 0.e+00
5.494593e+00 2.088426e+00 0.e+00
5.494593e+00 2.685505e+00 0.e+00
5.624485e+00 1.570796e-02 0.e+00
5.624485e+00 2.346256e-02 0.e+00
5.624485e+00 3.503514e-02 0.e+00
5.624485e+00 5.263151e-02 0.e+00
5.624485e+00 7.314235e-02 0.e+00
5.624485e+00 1.025928e-01 0.e+00
5.624485e+00 1.448116e-01 0.e+00
5.624485e+00 2.023460e-01 0.e+00
5.624485e+00 2.834245e-01 0.e+00
5.624485e+00 3.967448e-01 0.e+00
5.624485e+00 5.552783e-01 0.e+00
5.624485e+00 7.774819e-01 0.e+00
5.624485e+00 1.088445e+00 0.e+00
5.624485e+00 1.523711e+00 0.e+00
5.624485e+00 2.088426e+00 0.e+00
5.624485e+00 2.685505e+00 0.e+00
5.756975e+00 1.570796e-02 0.e+00
5.756975e+00 2.346256e-02 0.e+00
5.756975e+00 3.503514e-02 0.e+00
5.756975e+00 5.263151e-02 0.e+00
5.756975e+00 7.314235e-02 0.e+00
5.756975e+00 1.025928e-01 0.e+00
5.756975e+00 1.448116e-01 0.e+00
5.756975e+00 2.023460e-01 0.e+00
5.756975e+00 2.834245e-01 0.e+00
5.756975e+00 3.967448e-01 0.e+00
5.756975e+00 5.552783e-01 0.e+00
5.756975e+00 7.774819e-01 0.e+00
5.756975e+00 1.088445e+00 0.e+00
5.756975e+00 1.523711e+00 0.e+00
5.756975e+00 2.088426e+00 0.e+00
5.756975e+00 2.685505e+00 0.e+00
5.892114e+00 1.570796e-02 0.e+00
5.892114e+00 2.346256e-02 0.e+00
5.892114e+00 3.503514e-02 0.e+00
5.892114e+00 5.263151e-02 0.e+00
5.892114e+00 7.314235e-02 0.e+00
5.892114e+00 1.025928e-01 0.e+00
5.892114e+00 1.448116e-01 0.e+00
5.892114e+00 2.023460e-01 0.e+00
5.892114e+00 2.834245e-01 0.e+00
5.892114e+00 3.967448e-01 0.e+00
5.892114e+00 5.552783e-01 0.e+00
5.892114e+00 7.774819e-01 0.e+00
5.892114e+00 1.088445e+00 0.e+00
5.892114e+00 1.523711e+00 0.e+00
5.892114e+00 2.088426e+00 0.e+00
5.892114e+00 2.685505e+00 0.e+00
6.029956e+00 1.570796e-02 0.e+00
6.029956e+00 2.346256e-02 0.e+00
6.029956e+00 3.503514e-02 0.e+00
6.029956e+00 5.263151e-02 0.e+00
6.029956e+00 7.314235e-02 0.e+00
6.029956e+00 1.025928e-01 0.e+00
6.029956e+00 1.448116e-01 0.e+00
6.029956e+00 2.023460e-01 0.e+00
6.029956e+00 2.834245e-01 0.e+00
6.029956e+00 3.967448e-01 0.e+00
6.029956e+00 5.552783e-01 0.e+00
6.029956e+00 7.774819e-01 0.e+00
6.029956e+00 1.088445e+00 0.e+00
6.029956e+00 1.523711e+00 0.e+00
6.029956e+00 2.088426e+00 0.e+00
6.029956e+00 2.685505e+00 0.e+00
6.170555e+00 1.570796e-02 0.e+00
6.170555e+00 2.346256e-02 0.e+00
6.170555e+00 3.503514e-02 0.e+00
6.170555e+00 5.263151e-02 0.e+00
6.170555e+00 7.314235e-02 0.e+00
6.170555e+00 1.025928e-01 0.e+00
6.170555e+00 1.448116e-01 0.e+00
6.170555e+00 2.023460e-01 0.e+00
6.170555e+00 2.834245e-01 0.e+00
6.170555e+00 3.967448e-01 0.e+00
6.170555e+00 5.552783e-01 0.e+00
6.170555e+00 7.774819e-01 0.e+00
6.170555e+00 1.088445e+00 0.e+00
6.170555e+00 1.523711e+00 0.e+00
6.170555e+00 2.088426e+00 0.e+00
6.170555e+00 2.685505e+00 0.e+00
6.313967e+00 1.570796e-02 -5.094390e-09
6.313967e+00 2.346256e-02 -9.483859e-09
6.313967e+00 3.503514e-02 1.665520e-09
6.313967e+00 5.263151e-02 6.271309e-10
6.313967e+00 7.314235e-02 -8.981229e-08
6.313967e+00 1.025928e-01 8.232297e-09
6.313967e+00 1.448116e-01 -7.560721e-10
6.313967e+00 2.023460e-01 1.282876e-08
6.313967e+00 2.834245e-01 -2.365321e-08
6.313967e+00 3.967448e-01 4.150046e-08
6.313967e+00 5.552783e-01 -8.266525e-08
6.313967e+00 7.774819e-01 -1.400264e-08
6.313967e+00 1.088445e+00 5.899926e-08
6.313967e+00 1.523711e+00 -1.001878e-08
6.313967e+00 2.088426e+00 -8.371765e-09
6.313967e+00 2.685505e+00 7.313244e-08
6.460246e+00 1.570796e-02 -3.283564e-05
6.460246e+00 2.346256e-02 -6.557900e-05
6.460246e+00 3.503514e-02 -2.362217e-04
6.460246e+00 5.263151e-02 -1.200404e-04
6.460246e+00 7.314235e-02 -1.617286e-04
6.460246e+00 1.025928e-01 -1.163377e-04
6.460246e+00 1.448116e-01 -2.233382e-04
6.460246e+00 2.023460e-01 -1.889876e-04
6.460246e+00 2.834245e-01 -1.869071e-04
6.460246e+00 3.967448e-01 -1.312222e-04
6.460246e+00 5.552783e-01 -1.401885e-04
6.460246e+00 7.774819e-01 -1.132742e-04
6.460246e+00 1.088445e+00 -9.732302e-05
6.460246e+00 1.523711e+00 -1.011591e-04
6.460246e+00 2.088426e+00 -1.151774e-04
6.460246e+00 2.685505e+00 -1.222471e-04
6.609451e+00 1.570796e-02 -9.694642e-05
6.609451e+00 2.346256e-02 -1.724597e-04
6.609451e+00 3.503514e-02 -1.080066e-03
6.609451e+00 5.263151e-02 -8.500161e-04
6.609451e+00 7.314235e-02 -5.790707e-04
6.609451e+00 1.025928e-01 -9.050285e-04
6.609451e+00 1.448116e-01 -9.046681e-04
6.609451e+00 2.023460e-01 -9.89712e-04
6.609451e+00 2.834245e-01 -8.496716e-04
6.609451e+00 3.967448e-01 -8.087716e-04
6.609451e+00 5.552783e-01 -6.670864e-04
6.609451e+00 7.774819e-01 -5.731690e-04
6.609451e+00 1.088445e+00 -5.093686e-04
6.609451e+00 1.523711e+00 -4.985546e-04
6.609451e+00 2.088426e+00 -5.497096e-04
6.609451e+00 2.685505e+00 -5.765455e-04
6.76164e+00 1.570796e-02 -1.891723e-04
6.76164e+00 2.346256e-02 -4.807042e-04
6.76164e+00 3.503514e-02 -2.312609e-03
6.76164e+00 5.263151e-02 -2.654719e-03
6.76164e+00 7.314235e-02 -2.117627e-03
6.76164e+00 1.025928e-01 -2.641874e-03
6.76164e+00 1.448116e-01 -2.925135e-03
6.76164e+00 2.023460e-01 -2.779446e-03
6.76164e+00 2.834245e-01 -2.536654e-03
6.76164e+00 3.967448e-01 -2.385167e-03
6.76164e+00 5.552783e-01 -2.034507e-03
6.76164e+00 7.774819e-01 -1.778910e-03
6.76164e+00 1.088445e+00 -1.558989e-03
6.76164e+00 1.523711e+00 -1.488451e-03
6.76164e+00 2.088426e+00 -1.620945e-03
6.76164e+00 2.685505e+00 -1.679874e-03
6.916873e+00 1.570796e-02 -2.756073e-04
6.916873e+00 2.346256e-02 -8.117601e-04
6.916873e+00 3.503514e-02 -3.596309e-03
6.916873e+00 5.263151e-02 -5.32816e-03
6.916873e+00 7.314235e-02 -4.690729e-03
6.916873e+00 1.025928e-01 -5.918539e-03
6.916873e+00 1.448116e-01 -6.576329e-03
6.916873e+00 2.023460e-01 -6.138091e-03
6.916873e+00 2.834245e-01 -5.917750e-03
6.916873e+00 3.967448e-01 -5.318665e-03
6.916873e+00 5.552783e-01 -4.673494e-03
6.916873e+00 7.774819e-01 -3.971777e-03
6.916873e+00 1.088445e+00 -3.507132e-03
6.916873e+00 1.523711e+00 -3.28694e-03
6.916873e+00 2.088426e+00 -3.528481e-03
6.916873e+00 2.685505e+00 -3.623195e-03
7.075210e+00 1.570796e-02 -3.104714e-04
7.075210e+00 2.346256e-02 -1.015679e-03
7.075210e+00 3.503514e-02 -4.815293e-03
7.075210e+00 5.263151e-02 -7.256065e-03
7.075210e+00 7.314235e-02 -7.682399e-03
7.075210e+00 1.025928e-01 -1.027015e-02
7.075210e+00 1.448116e-01 -1.118469e-02
7.075210e+00 2.023460e-01 -1.063718e-02
7.075210e+00 2.834245e-01 -1.029603e-02
7.075210e+00 3.967448e-01 -9.454631e-03
7.075210e+00 5.552783e-01 -8.283568e-03
7.075210e+00 7.774819e-01 -7.105907e-03
7.075210e+00 1.088445e+00 -6.094597e-03
7.075210e+00 1.523711e+00 -5.680922e-03
7.075210e+00 2.088426e+00 -6.041271e-03
7.075210e+00 2.685505e+00 -6.161874e-03
7.236714e+00 1.570796e-02 -3.088049e-04
7.236714e+00 2.346256e-02 -1.064889e-03
7.236714e+00 3.503514e-02 -5.395803e-03
7.236714e+00 5.263151e-02 -8.982255e-03
7.236714e+00 7.314235e-02 -1.060551e-02
7.236714e+00 1.025928e-01 -1.539498e-02
7.236714e+00 1.448116e-01 -1.584412e-02
7.236714e+00 2.023460e-01 -1.570127e-02
7.236714e+00 2.834245e-01 -1.556030e-02
7.236714e+00 3.967448e-01 -1.444098e-02
7.236714e+00 5.552783e-01 -1.250645e-02
7.236714e+00 7.774819e-01 -1.072313e-02
7.236714e+00 1.088445e+00 -9.230104e-03
7.236714e+00 1.523711e+00 -8.519257e-03
7.236714e+00 2.088426e+00 -8.936296e-03
7.236714e+00 2.685505e+00 -9.039682e-03
7.401449e+00 1.570796e-02 -2.655659e-04
7.401449e+00 2.346256e-02 -1.051554e-03
7.401449e+00 3.503514e-02 -5.464823e-03
7.401449e+00 5.263151e-02 -1.004000e-02
7.401449e+00 7.314235e-02 -1.262758e-02
7.401449e+00 1.025928e-01 -1.899162e-02
7.401449e+00 1.448116e-01 -2.022204e-02
7.401449e+00 2.023460e-01 -2.039803e-02
7.401449e+00 2.834245e-01 -2.055030e-02
7.401449e+00 3.967448e-01 -1.968211e-02
7.401449e+00 5.552783e-01 -1.712671e-02
7.401449e+00 7.774819e-01 -1.462611e-02
7.401449e+00 1.088445e+00 -1.240060e-02
7.401449e+00 1.523711e+00 -1.139191e-02
7.401449e+00 2.088426e+00 -1.183579e-02
7.401449e+00 2.685505e+00 -1.186103e-02
7.569477e+00 1.570796e-02 -2.182817e-04
7.569477e+00 2.346256e-02 -9.687044e-04
7.569477e+00 3.503514e-02 -5.079881e-03
7.569477e+00 5.263151e-02 -1.039367e-02
7.569477e+00 7.314235e-02 -1.398971e-02
7.569477e+00 1.025928e-01 -2.170372e-02
7.569477e+00 1.448116e-01 -2.377016e-02
7.569477e+00 2.023460e-01 -2.475840e-02
7.569477e+00 2.834245e-01 -2.543754e-02
7.569477e+00 3.967448e-01 -2.467117e-02
7.569477e+00 5.552783e-01 -2.162421e-02
7.569477e+00 7.774819e-01 -1.861758e-02
7.569477e+00 1.088445e+00 -1.573966e-02
7.569477e+00 1.523711e+00 -1.420941e-02
7.569477e+00 2.088426e+00 -1.461071e-02
7.569477e+00 2.685505e+00 -1.442926e-02
7.740867e+00 1.570796e-02 -1.940378e-04
7.740867e+00 2.346256e-02 -8.792374e-04
7.740867e+00 3.503514e-02 -4.635856e-03
7.740867e+00 5.263151e-02 -1.019546e-02
7.740867e+00 7.314235e-02 -1.432757e-02
7.740867e+00 1.025928e-01 -2.302903e-02
7.740867e+00 1.448116e-01 -2.607255e-02
7.740867e+00 2.023460e-01 -2.793369e-02
7.740867e+00 2.834245e-01 -2.939359e-02
7.740867e+00 3.967448e-01 -2.896551e-02
7.740867e+00 5.552783e-01 -2.579844e-02
7.740867e+00 7.774819e-01 -2.235557e-02
7.740867e+00 1.088445e+00 -1.877013e-02
7.740867e+00 1.523711e+00 -1.684223e-02
7.740867e+00 2.088426e+00 -1.706565e-02
7.740867e+00 2.685505e+00 -1.667735e-02
7.915684e+00 1.570796e-02 -1.869989e-04
7.915684e+00 2.346256e-02 -8.287662e-04
7.915684e+00 3.503514e-02 -4.277696e-03
7.915684e+00 5.263151e-02 -9.601424e-03
7.915684e+00 7.314235e-02 -1.384955e-02
7.915684e+00 1.025928e-01 -2.314984e-02
7.915684e+00 1.448116e-01 -2.732688e-02
7.915684e+00 2.023460e-01 -3.015248e-02
7.915684e+00 2.834245e-01 -3.246041e-02
7.915684e+00 3.967448e-01 -3.249547e-02
7.915684e+00 5.552783e-01 -2.940149e-02
7.915684e+00 7.774819e-01 -2.554380e-02
7.915684e+00 1.088445e+00 -2.147812e-02
7.915684e+00 1.523711e+00 -1.919538e-02
7.915684e+00 2.088426e+00 -1.919463e-02
7.915684e+00 2.685505e+00 -1.856592e-02
8.093998e+00 1.570796e-02 -1.686648e-04
8.093998e+00 2.346256e-02 -7.612117e-04
8.093998e+00 3.503514e-02 -3.959568e-03
8.093998e+00 5.263151e-02 -8.931867e-03
8.093998e+00 7.314235e-02 -1.297560e-02
8.093998e+00 1.025928e-01 -2.241536e-02
8.093998e+00 1.448116e-01 -2.755251e-02
8.093998e+00 2.023460e-01 -3.133719e-02
8.093998e+00 2.834245e-01 -3.458136e-02
8.093998e+00 3.967448e-01 -3.513825e-02
8.093998e+00 5.552783e-01 -3.238204e-02
8.093998e+00 7.774819e-01 -2.829744e-02
8.093998e+00 1.088445e+00 -2.378224e-02
8.093998e+00 1.523711e+00 -2.116755e-02
8.093998e+00 2.088426e+00 -2.098838e-02
8.093998e+00 2.685505e+00 -2.015223e-02
8.275878e+00 1.570796e-02 -1.45667e-04
8.275878e+00 2.346256e-02 -6.910728e-04
8.275878e+00 3.503514e-02 -3.624137e-03
8.275878e+00 5.263151e-02 -8.233439e-03
8.275878e+00 7.314235e-02 -1.198459e-02
8.275878e+00 1.025928e-01 -2.112045e-02
8.275878e+00 1.448116e-01 -2.69618e-02
8.275878e+00 2.023460e-01 -3.165152e-02
8.275878e+00 2.834245e-01 -3.585973e-02
8.275878e+00 3.967448e-01 -3.68803e-02
8.275878e+00 5.552783e-01 -3.462784e-02
8.275878e+00 7.774819e-01 -3.05914e-02
8.275878e+00 1.088445e+00 -2.580646e-02
8.275878e+00 1.523711e+00 -2.283551e-02
8.275878e+00 2.088426e+00 -2.245022e-02
8.275878e+00 2.685505e+00 -2.128733e-02
8.461396e+00 1.570796e-02 -1.2557e-04
8.461396e+00 2.346256e-02 -6.169164e-04
8.461396e+00 3.503514e-02 -3.271152e-03
8.461396e+00 5.263151e-02 -7.445411e-03
8.461396e+00 7.314235e-02 -1.093242e-02
8.461396e+00 1.025928e-01 -1.959209e-02
8.461396e+00 1.448116e-01 -2.582103e-02
8.461396e+00 2.023460e-01 -3.113874e-02
8.461396e+00 2.834245e-01 -3.630807e-02
8.461396e+00 3.967448e-01 -3.795570e-02
8.461396e+00 5.552783e-01 -3.618881e-02
8.461396e+00 7.774819e-01 -3.226397e-02
8.461396e+00 1.088445e+00 -2.738619e-02
8.461396e+00 1.523711e+00 -2.420459e-02
8.461396e+00 2.088426e+00 -2.368818e-02
8.461396e+00 2.685505e+00 -2.225079e-02
8.650623e+00 1.570796e-02 -1.126230e-04
8.650623e+00 2.346256e-02 -5.548341e-04
8.650623e+00 3.503514e-02 -2.940711e-03
8.650623e+00 5.263151e-02 -6.665686e-03
8.650623e+00 7.314235e-02 -9.871045e-03
8.650623e+00 1.025928e-01 -1.797989e-02
8.650623e+00 1.448116e-01 -2.422879e-02
8.650623e+00 2.023460e-01 -2.996321e-02
8.650623e+00 2.834245e-01 -3.601756e-02
8.650623e+00 3.967448e-01 -3.829971e-02
8.650623e+00 5.552783e-01 -3.712285e-02
8.650623e+00 7.774819e-01 -3.344156e-02
8.650623e+00 1.088445e+00 -2.858066e-02
8.650623e+00 1.523711e+00 -2.525531e-02
8.650623e+00 2.088426e+00 -2.459889e-02
8.650623e+00 2.685505e+00 -2.301366e-02
8.843636e+00 1.570796e-02 -9.795497e-05
8.843636e+00 2.346256e-02 -4.956481e-04
8.843636e+00 3.503514e-02 -2.618834e-03
8.843636e+00 5.263151e-02 -5.943297e-03
8.843636e+00 7.314235e-02 -8.817624e-03
8.843636e+00 1.025928e-01 -1.629751e-02
8.843636e+00 1.448116e-01 -2.2379e-02
8.843636e+00 2.023460e-01 -2.841759e-02
8.843636e+00 2.834245e-01 -3.503792e-02
8.843636e+00 3.967448e-01 -3.795393e-02
8.843636e+00 5.552783e-01 -3.751490e-02
8.843636e+00 7.774819e-01 -3.411406e-02
8.843636e+00 1.088445e+00 -2.940062e-02
8.843636e+00 1.523711e+00 -2.601777e-02
8.843636e+00 2.088426e+00 -2.529373e-02
8.843636e+00 2.685505e+00 -2.342738e-02
9.040509e+00 1.570796e-02 -8.459499e-05
9.040509e+00 2.346256e-02 -4.400295e-04
9.040509e+00 3.503514e-02 -2.341128e-03
9.040509e+00 5.263151e-02 -5.305065e-03
9.040509e+00 7.314235e-02 -7.849957e-03
9.040509e+00 1.025928e-01 -1.466780e-02
9.040509e+00 1.448116e-01 -2.042017e-02
9.040509e+00 2.023460e-01 -2.653945e-02
9.040509e+00 2.834245e-01 -3.356697e-02
9.040509e+00 3.967448e-01 -3.702675e-02
9.040509e+00 5.552783e-01 -3.730627e-02
9.040509e+00 7.774819e-01 -3.435885e-02
9.040509e+00 1.088445e+00 -2.981721e-02
9.040509e+00 1.523711e+00 -2.651113e-02
9.040509e+00 2.088426e+00 -2.573594e-02
9.040509e+00 2.685505e+00 -2.370073e-02
9.241319e+00 1.570796e-02 -7.425778e-05
9.241319e+00 2.346256e-02 -3.916759e-04
9.241319e+00 3.503514e-02 -2.099793e-03
9.241319e+00 5.263151e-02 -4.74431e-03
9.241319e+00 7.314235e-02 -6.974442e-03
9.241319e+00 1.025928e-01 -1.314526e-02
9.241319e+00 1.448116e-01 -1.845570e-02
9.241319e+00 2.023460e-01 -2.443462e-02
9.241319e+00 2.834245e-01 -3.164307e-02
9.241319e+00 3.967448e-01 -3.564275e-02
9.241319e+00 5.552783e-01 -3.659709e-02
9.241319e+00 7.774819e-01 -3.418735e-02
9.241319e+00 1.088445e+00 -2.990606e-02
9.241319e+00 1.523711e+00 -2.669573e-02
9.241319e+00 2.088426e+00 -2.584636e-02
9.241319e+00 2.685505e+00 -2.36952e-02
9.446145e+00 1.570796e-02 -6.486050e-05
9.446145e+00 2.346256e-02 -3.508479e-04
9.446145e+00 3.503514e-02 -1.879582e-03
9.446145e+00 5.263151e-02 -4.232574e-03
9.446145e+00 7.314235e-02 -6.195967e-03
9.446145e+00 1.025928e-01 -1.172220e-02
9.446145e+00 1.448116e-01 -1.656706e-02
9.446145e+00 2.023460e-01 -2.227447e-02
9.446145e+00 2.834245e-01 -2.944051e-02
9.446145e+00 3.967448e-01 -3.393199e-02
9.446145e+00 5.552783e-01 -3.544895e-02
9.446145e+00 7.774819e-01 -3.358106e-02
9.446145e+00 1.088445e+00 -2.965662e-02
9.446145e+00 1.523711e+00 -2.664588e-02
9.446145e+00 2.088426e+00 -2.583450e-02
9.446145e+00 2.685505e+00 -2.351399e-02
9.655068e+00 1.570796e-02 -5.701004e-05
9.655068e+00 2.346256e-02 -3.153953e-04
9.655068e+00 3.503514e-02 -1.672600e-03
9.655068e+00 5.263151e-02 -3.770446e-03
9.655068e+00 7.314235e-02 -5.51078e-03
9.655068e+00 1.025928e-01 -1.042955e-02
9.655068e+00 1.448116e-01 -1.479987e-02
9.655068e+00 2.023460e-01 -2.014659e-02
9.655068e+00 2.834245e-01 -2.710723e-02
9.655068e+00 3.967448e-01 -3.194396e-02
9.655068e+00 5.552783e-01 -3.392448e-02
9.655068e+00 7.774819e-01 -3.260277e-02
9.655068e+00 1.088445e+00 -2.912992e-02
9.655068e+00 1.523711e+00 -2.639655e-02
9.655068e+00 2.088426e+00 -2.558935e-02
9.655068e+00 2.685505e+00 -2.319465e-02
9.86817e+00 1.570796e-02 -4.965576e-05
9.86817e+00 2.346256e-02 -2.813043e-04
9.86817e+00 3.503514e-02 -1.481250e-03
9.86817e+00 5.263151e-02 -3.356549e-03
9.86817e+00 7.314235e-02 -4.899345e-03
9.86817e+00 1.025928e-01 -9.238684e-03
9.86817e+00 1.448116e-01 -1.313807e-02
9.86817e+00 2.023460e-01 -1.808879e-02
9.86817e+00 2.834245e-01 -2.471609e-02
9.86817e+00 3.967448e-01 -2.971736e-02
9.86817e+00 5.552783e-01 -3.212383e-02
9.86817e+00 7.774819e-01 -3.134477e-02
9.86817e+00 1.088445e+00 -2.833712e-02
9.86817e+00 1.523711e+00 -2.590973e-02
9.86817e+00 2.088426e+00 -2.522758e-02
9.86817e+00 2.685505e+00 -2.283064e-02
1.008553e+01 1.570796e-02 -4.272226e-05
1.008553e+01 2.346256e-02 -2.466850e-04
1.008553e+01 3.503514e-02 -1.301749e-03
1.008553e+01 5.263151e-02 -2.978974e-03
1.008553e+01 7.314235e-02 -4.348484e-03
1.008553e+01 1.025928e-01 -8.16949e-03
1.008553e+01 1.448116e-01 -1.162782e-02
1.008553e+01 2.023460e-01 -1.617436e-02
1.008553e+01 2.834245e-01 -2.235197e-02
1.008553e+01 3.967448e-01 -2.736584e-02
1.008553e+01 5.552783e-01 -3.013571e-02
1.008553e+01 7.774819e-01 -2.980648e-02
1.008553e+01 1.088445e+00 -2.733009e-02
1.008553e+01 1.523711e+00 -2.520781e-02
1.008553e+01 2.088426e+00 -2.468129e-02
1.008553e+01 2.685505e+00 -2.216263e-02
1.030724e+01 1.570796e-02 -3.654203e-05
1.030724e+01 2.346256e-02 -2.177845e-04
1.030724e+01 3.503514e-02 -1.146517e-03
1.030724e+01 5.263151e-02 -2.637483e-03
1.030724e+01 7.314235e-02 -3.844365e-03
1.030724e+01 1.025928e-01 -7.203073e-03
1.030724e+01 1.448116e-01 -1.027137e-02
1.030724e+01 2.023460e-01 -1.439033e-02
1.030724e+01 2.834245e-01 -2.008612e-02
1.030724e+01 3.967448e-01 -2.496453e-02
1.030724e+01 5.552783e-01 -2.798159e-02
1.030724e+01 7.774819e-01 -2.809653e-02
1.030724e+01 1.088445e+00 -2.612985e-02
1.030724e+01 1.523711e+00 -2.436215e-02
1.030724e+01 2.088426e+00 -2.394968e-02
1.030724e+01 2.685505e+00 -2.136253e-02
1.053339e+01 1.570796e-02 -3.179781e-05
1.053339e+01 2.346256e-02 -1.896403e-04
1.053339e+01 3.503514e-02 -1.005904e-03
1.053339e+01 5.263151e-02 -2.321581e-03
1.053339e+01 7.314235e-02 -3.379340e-03
1.053339e+01 1.025928e-01 -6.317332e-03
1.053339e+01 1.448116e-01 -9.040975e-03
1.053339e+01 2.023460e-01 -1.272635e-02
1.053339e+01 2.834245e-01 -1.793024e-02
1.053339e+01 3.967448e-01 -2.260193e-02
1.053339e+01 5.552783e-01 -2.576960e-02
1.053339e+01 7.774819e-01 -2.624086e-02
1.053339e+01 1.088445e+00 -2.473414e-02
1.053339e+01 1.523711e+00 -2.338749e-02
1.053339e+01 2.088426e+00 -2.312078e-02
1.053339e+01 2.685505e+00 -2.060281e-02
1.076406e+01 1.570796e-02 -2.708855e-05
1.076406e+01 2.346256e-02 -1.632294e-04
1.076406e+01 3.503514e-02 -8.795232e-04
1.076406e+01 5.263151e-02 -2.034389e-03
1.076406e+01 7.314235e-02 -2.957048e-03
1.076406e+01 1.025928e-01 -5.526339e-03
1.076406e+01 1.448116e-01 -7.928205e-03
1.076406e+01 2.023460e-01 -1.119893e-02
1.076406e+01 2.834245e-01 -1.591062e-02
1.076406e+01 3.967448e-01 -2.029031e-02
1.076406e+01 5.552783e-01 -2.351493e-02
1.076406e+01 7.774819e-01 -2.435282e-02
1.076406e+01 1.088445e+00 -2.328217e-02
1.076406e+01 1.523711e+00 -2.231894e-02
1.076406e+01 2.088426e+00 -2.214271e-02
1.076406e+01 2.685505e+00 -1.970754e-02
1.099934e+01 1.570796e-02 -2.315567e-05
1.099934e+01 2.346256e-02 -1.417439e-04
1.099934e+01 3.503514e-02 -7.668874e-04
1.099934e+01 5.263151e-02 -1.781847e-03
1.099934e+01 7.314235e-02 -2.579852e-03
1.099934e+01 1.025928e-01 -4.821323e-03
1.099934e+01 1.448116e-01 -6.931084e-03
1.099934e+01 2.023460e-01 -9.805703e-03
1.099934e+01 2.834245e-01 -1.405120e-02
1.099934e+01 3.967448e-01 -1.809109e-02
1.099934e+01 5.552783e-01 -2.127272e-02
1.099934e+01 7.774819e-01 -2.241131e-02
1.099934e+01 1.088445e+00 -2.173286e-02
1.099934e+01 1.523711e+00 -2.114540e-02
1.099934e+01 2.088426e+00 -2.112645e-02
1.099934e+01 2.685505e+00 -1.876860e-02
1.123932e+01 1.570796e-02 -2.022834e-05
1.123932e+01 2.346256e-02 -1.216128e-04
1.123932e+01 3.503514e-02 -6.672612e-04
1.123932e+01 5.263151e-02 -1.556148e-03
1.123932e+01 7.314235e-02 -2.251992e-03
1.123932e+01 1.025928e-01 -4.196945e-03
1.123932e+01 1.448116e-01 -6.045353e-03
1.123932e+01 2.023460e-01 -8.557155e-03
1.123932e+01 2.834245e-01 -1.234735e-02
1.123932e+01 3.967448e-01 -1.602609e-02
1.123932e+01 5.552783e-01 -1.909161e-02
1.123932e+01 7.774819e-01 -2.044135e-02
1.123932e+01 1.088445e+00 -2.014179e-02
1.123932e+01 1.523711e+00 -1.989068e-02
1.123932e+01 2.088426e+00 -1.996707e-02
1.123932e+01 2.685505e+00 -1.770390e-02
1.148411e+01 1.570796e-02 -1.727877e-05
1.148411e+01 2.346256e-02 -1.042922e-04
1.148411e+01 3.503514e-02 -5.800166e-04
1.148411e+01 5.263151e-02 -1.350248e-03
1.148411e+01 7.314235e-02 -1.959161e-03
1.148411e+01 1.025928e-01 -3.631424e-03
1.148411e+01 1.448116e-01 -5.245103e-03
1.148411e+01 2.023460e-01 -7.443412e-03
1.148411e+01 2.834245e-01 -1.078236e-02
1.148411e+01 3.967448e-01 -1.410961e-02
1.148411e+01 5.552783e-01 -1.701476e-02
1.148411e+01 7.774819e-01 -1.849773e-02
1.148411e+01 1.088445e+00 -1.852342e-02
1.148411e+01 1.523711e+00 -1.854146e-02
1.148411e+01 2.088426e+00 -1.874537e-02
1.148411e+01 2.685505e+00 -1.653001e-02
1.173379e+01 1.570796e-02 -1.466231e-05
1.173379e+01 2.346256e-02 -8.839667e-05
1.173379e+01 3.503514e-02 -5.032582e-04
1.173379e+01 5.263151e-02 -1.166865e-03
1.173379e+01 7.314235e-02 -1.699530e-03
1.173379e+01 1.025928e-01 -3.136178e-03
1.173379e+01 1.448116e-01 -4.539482e-03
1.173379e+01 2.023460e-01 -6.457938e-03
1.173379e+01 2.834245e-01 -9.384658e-03
1.173379e+01 3.967448e-01 -1.233391e-02
1.173379e+01 5.552783e-01 -1.505196e-02
1.173379e+01 7.774819e-01 -1.661247e-02
1.173379e+01 1.088445e+00 -1.691033e-02
1.173379e+01 1.523711e+00 -1.717940e-02
1.173379e+01 2.088426e+00 -1.747943e-02
1.173379e+01 2.685505e+00 -1.539467e-02
1.198847e+01 1.570796e-02 -1.241440e-05
1.198847e+01 2.346256e-02 -7.597437e-05
1.198847e+01 3.503514e-02 -4.325192e-04
1.198847e+01 5.263151e-02 -1.007041e-03
1.198847e+01 7.314235e-02 -1.459864e-03
1.198847e+01 1.025928e-01 -2.690767e-03
1.198847e+01 1.448116e-01 -3.908101e-03
1.198847e+01 2.023460e-01 -5.557554e-03
1.198847e+01 2.834245e-01 -8.112443e-03
1.198847e+01 3.967448e-01 -1.071379e-02
1.198847e+01 5.552783e-01 -1.321299e-02
1.198847e+01 7.774819e-01 -1.479597e-02
1.198847e+01 1.088445e+00 -1.531122e-02
1.198847e+01 1.523711e+00 -1.579961e-02
1.198847e+01 2.088426e+00 -1.622078e-02
1.198847e+01 2.685505e+00 -1.423508e-02
1.224824e+01 1.570796e-02 -1.029671e-05
1.224824e+01 2.346256e-02 -6.380762e-05
1.224824e+01 3.503514e-02 -3.693191e-04
1.224824e+01 5.263151e-02 -8.639482e-04
1.224824e+01 7.314235e-02 -1.252958e-03
1.224824e+01 1.025928e-01 -2.299757e-03
1.224824e+01 1.448116e-01 -3.347259e-03
1.224824e+01 2.023460e-01 -4.771760e-03
1.224824e+01 2.834245e-01 -6.983830e-03
1.224824e+01 3.967448e-01 -9.270786e-03
1.224824e+01 5.552783e-01 -1.152629e-02
1.224824e+01 7.774819e-01 -1.309006e-02
1.224824e+01 1.088445e+00 -1.376951e-02
1.224824e+01 1.523711e+00 -1.443589e-02
1.224824e+01 2.088426e+00 -1.491869e-02
1.224824e+01 2.685505e+00 -1.307747e-02
1.251320e+01 1.570796e-02 -8.839293e-06
1.251320e+01 2.346256e-02 -5.367545e-05
1.251320e+01 3.503514e-02 -3.14305e-04
1.251320e+01 5.263151e-02 -7.379477e-04
1.251320e+01 7.314235e-02 -1.067916e-03
1.251320e+01 1.025928e-01 -1.954676e-03
1.251320e+01 1.448116e-01 -2.856966e-03
1.251320e+01 2.023460e-01 -4.073907e-03
1.251320e+01 2.834245e-01 -5.978682e-03
1.251320e+01 3.967448e-01 -7.965566e-03
1.251320e+01 5.552783e-01 -9.99636e-03
1.251320e+01 7.774819e-01 -1.150302e-02
1.251320e+01 1.088445e+00 -1.231606e-02
1.251320e+01 1.523711e+00 -1.311534e-02
1.251320e+01 2.088426e+00 -1.366633e-02
1.251320e+01 2.685505e+00 -1.197678e-02
1.278347e+01 1.570796e-02 -7.341553e-06
1.278347e+01 2.346256e-02 -4.494118e-05
1.278347e+01 3.503514e-02 -2.658595e-04
1.278347e+01 5.263151e-02 -6.287941e-04
1.278347e+01 7.314235e-02 -9.045233e-04
1.278347e+01 1.025928e-01 -1.652977e-03
1.278347e+01 1.448116e-01 -2.424831e-03
1.278347e+01 2.023460e-01 -3.457835e-03
1.278347e+01 2.834245e-01 -5.091718e-03
1.278347e+01 3.967448e-01 -6.806827e-03
1.278347e+01 5.552783e-01 -8.60798e-03
1.278347e+01 7.774819e-01 -1.0041e-02
1.278347e+01 1.088445e+00 -1.092646e-02
1.278347e+01 1.523711e+00 -1.181798e-02
1.278347e+01 2.088426e+00 -1.244284e-02
1.278347e+01 2.685505e+00 -1.094058e-02
1.305914e+01 1.570796e-02 -6.058956e-06
1.305914e+01 2.346256e-02 -3.766260e-05
1.305914e+01 3.503514e-02 -2.241226e-04
1.305914e+01 5.263151e-02 -5.326262e-04
1.305914e+01 7.314235e-02 -7.658982e-04
1.305914e+01 1.025928e-01 -1.394975e-03
1.305914e+01 1.448116e-01 -2.048481e-03
1.305914e+01 2.023460e-01 -2.919472e-03
1.305914e+01 2.834245e-01 -4.31258e-03
1.305914e+01 3.967448e-01 -5.781946e-03
1.305914e+01 5.552783e-01 -7.358323e-03
1.305914e+01 7.774819e-01 -8.717979e-03
1.305914e+01 1.088445e+00 -9.652603e-03
1.305914e+01 1.523711e+00 -1.058883e-02
1.305914e+01 2.088426e+00 -1.126872e-02
1.305914e+01 2.685505e+00 -9.953534e-03
1.334032e+01 1.570796e-02 -5.110034e-06
1.334032e+01 2.346256e-02 -3.101581e-05
1.334032e+01 3.503514e-02 -1.867096e-04
1.334032e+01 5.263151e-02 -4.459578e-04
1.334032e+01 7.314235e-02 -6.441064e-04
1.334032e+01 1.025928e-01 -1.170508e-03
1.334032e+01 1.448116e-01 -1.719198e-03
1.334032e+01 2.023460e-01 -2.452616e-03
1.334032e+01 2.834245e-01 -3.633462e-03
1.334032e+01 3.967448e-01 -4.882449e-03
1.334032e+01 5.552783e-01 -6.264537e-03
1.334032e+01 7.774819e-01 -7.520423e-03
1.334032e+01 1.088445e+00 -8.456000e-03
1.334032e+01 1.523711e+00 -9.439992e-03
1.334032e+01 2.088426e+00 -1.014068e-02
1.334032e+01 2.685505e+00 -9.007826e-03
1.362713e+01 1.570796e-02 -4.339221e-06
1.362713e+01 2.346256e-02 -2.575667e-05
1.362713e+01 3.503514e-02 -1.551832e-04
1.362713e+01 5.263151e-02 -3.730006e-04
1.362713e+01 7.314235e-02 -5.369912e-04
1.362713e+01 1.025928e-01 -9.749871e-04
1.362713e+01 1.448116e-01 -1.436593e-03
1.362713e+01 2.023460e-01 -2.047671e-03
1.362713e+01 2.834245e-01 -3.042659e-03
1.362713e+01 3.967448e-01 -4.099094e-03
1.362713e+01 5.552783e-01 -5.302116e-03
1.362713e+01 7.774819e-01 -6.442343e-03
1.362713e+01 1.088445e+00 -7.354148e-03
1.362713e+01 1.523711e+00 -8.343354e-03
1.362713e+01 2.088426e+00 -9.064187e-03
1.362713e+01 2.685505e+00 -8.113976e-03
1.391967e+01 1.570796e-02 -3.557918e-06
1.391967e+01 2.346256e-02 -2.164228e-05
1.391967e+01 3.503514e-02 -1.288203e-04
1.391967e+01 5.263151e-02 -3.107753e-04
1.391967e+01 7.314235e-02 -4.464753e-04
1.391967e+01 1.025928e-01 -8.118772e-04
1.391967e+01 1.448116e-01 -1.196117e-03
1.391967e+01 2.023460e-01 -1.700602e-03
1.391967e+01 2.834245e-01 -2.536759e-03
1.391967e+01 3.967448e-01 -3.426296e-03
1.391967e+01 5.552783e-01 -4.459875e-03
1.391967e+01 7.774819e-01 -5.483481e-03
1.391967e+01 1.088445e+00 -6.355674e-03
1.391967e+01 1.523711e+00 -7.320531e-03
1.391967e+01 2.088426e+00 -8.056887e-03
1.391967e+01 2.685505e+00 -7.251533e-03
1.421806e+01 1.570796e-02 -3.040941e-06
1.421806e+01 2.346256e-02 -1.776122e-05
1.421806e+01 3.503514e-02 -1.058466e-04
1.421806e+01 5.263151e-02 -2.565323e-04
1.421806e+01 7.314235e-02 -3.692645e-04
1.421806e+01 1.025928e-01 -6.690462e-04
1.421806e+01 1.448116e-01 -9.90841e-04
1.421806e+01 2.023460e-01 -1.401295e-03
1.421806e+01 2.834245e-01 -2.097263e-03
1.421806e+01 3.967448e-01 -2.839849e-03
1.421806e+01 5.552783e-01 -3.723420e-03
1.421806e+01 7.774819e-01 -4.630294e-03
1.421806e+01 1.088445e+00 -5.449617e-03
1.421806e+01 1.523711e+00 -6.388996e-03
1.421806e+01 2.088426e+00 -7.101576e-03
1.421806e+01 2.685505e+00 -6.436635e-03
1.452242e+01 1.570796e-02 -2.614644e-06
1.452242e+01 2.346256e-02 -1.445727e-05
1.452242e+01 3.503514e-02 -8.605916e-05
1.452242e+01 5.263151e-02 -2.110235e-04
1.452242e+01 7.314235e-02 -3.041025e-04
1.452242e+01 1.025928e-01 -5.48323e-04
1.452242e+01 1.448116e-01 -8.142743e-04
1.452242e+01 2.023460e-01 -1.150317e-03
1.452242e+01 2.834245e-01 -1.723043e-03
1.452242e+01 3.967448e-01 -2.346283e-03
1.452242e+01 5.552783e-01 -3.089619e-03
1.452242e+01 7.774819e-01 -3.891222e-03
1.452242e+01 1.088445e+00 -4.652857e-03
1.452242e+01 1.523711e+00 -5.535390e-03
1.452242e+01 2.088426e+00 -6.235107e-03
1.452242e+01 2.685505e+00 -5.687686e-03
1.483287e+01 1.570796e-02 -2.202987e-06
1.483287e+01 2.346256e-02 -1.181997e-05
1.483287e+01 3.503514e-02 -7.042435e-05
1.483287e+01 5.263151e-02 -1.724307e-04
1.483287e+01 7.314235e-02 -2.476643e-04
1.483287e+01 1.025928e-01 -4.478994e-04
1.483287e+01 1.448116e-01 -6.635626e-04
1.483287e+01 2.023460e-01 -9.379974e-04
1.483287e+01 2.834245e-01 -1.406578e-03
1.483287e+01 3.967448e-01 -1.927257e-03
1.483287e+01 5.552783e-01 -2.548991e-03
1.483287e+01 7.774819e-01 -3.245110e-03
1.483287e+01 1.088445e+00 -3.949272e-03
1.483287e+01 1.523711e+00 -4.770437e-03
1.483287e+01 2.088426e+00 -5.436507e-03
1.483287e+01 2.685505e+00 -4.978293e-03
1.514953e+01 1.570796e-02 -1.778241e-06
1.514953e+01 2.346256e-02 -9.420883e-06
1.514953e+01 3.503514e-02 -5.752855e-05
1.514953e+01 5.263151e-02 -1.395213e-04
1.514953e+01 7.314235e-02 -2.014011e-04
1.514953e+01 1.025928e-01 -3.628078e-04
1.514953e+01 1.448116e-01 -5.379141e-04
1.514953e+01 2.023460e-01 -7.640127e-04
1.514953e+01 2.834245e-01 -1.147584e-03
1.514953e+01 3.967448e-01 -1.575681e-03
1.514953e+01 5.552783e-01 -2.091044e-03
1.514953e+01 7.774819e-01 -2.694032e-03
1.514953e+01 1.088445e+00 -3.331947e-03
1.514953e+01 1.523711e+00 -4.089148e-03
1.514953e+01 2.088426e+00 -4.720327e-03
1.514953e+01 2.685505e+00 -4.376329e-03
1.547252e+01 1.570796e-02 -1.401961e-06
1.547252e+01 2.346256e-02 -7.714100e-06
1.547252e+01 3.503514e-02 -4.631995e-05
1.547252e+01 5.263151e-02 -1.130201e-04
1.547252e+01 7.314235e-02 -1.622701e-04
1.547252e+01 1.025928e-01 -2.924018e-04
1.547252e+01 1.448116e-01 -4.341506e-04
1.547252e+01 2.023460e-01 -6.180276e-04
1.547252e+01 2.834245e-01 -9.279954e-04
1.547252e+01 3.967448e-01 -1.279316e-03
1.547252e+01 5.552783e-01 -1.711756e-03
1.547252e+01 7.774819e-01 -2.227556e-03
1.547252e+01 1.088445e+00 -2.79799e-03
1.547252e+01 1.523711e+00 -3.473342e-03
1.547252e+01 2.088426e+00 -4.060955e-03
1.547252e+01 2.685505e+00 -3.796792e-03
1.580197e+01 1.570796e-02 -1.114851e-06
1.580197e+01 2.346256e-02 -6.144705e-06
1.580197e+01 3.503514e-02 -3.707968e-05
1.580197e+01 5.263151e-02 -9.099577e-05
1.580197e+01 7.314235e-02 -1.296825e-04
1.580197e+01 1.025928e-01 -2.342348e-04
1.580197e+01 1.448116e-01 -3.467273e-04
1.580197e+01 2.023460e-01 -4.975441e-04
1.580197e+01 2.834245e-01 -7.462239e-04
1.580197e+01 3.967448e-01 -1.027984e-03
1.580197e+01 5.552783e-01 -1.386862e-03
1.580197e+01 7.774819e-01 -1.820001e-03
1.580197e+01 1.088445e+00 -2.324139e-03
1.580197e+01 1.523711e+00 -2.928284e-03
1.580197e+01 2.088426e+00 -3.465523e-03
1.580197e+01 2.685505e+00 -3.262749e-03
1.613801e+01 1.570796e-02 -9.078393e-07
1.613801e+01 2.346256e-02 -4.992851e-06
1.613801e+01 3.503514e-02 -2.922695e-05
1.613801e+01 5.263151e-02 -7.246683e-05
1.613801e+01 7.314235e-02 -1.038739e-04
1.613801e+01 1.025928e-01 -1.869463e-04
1.613801e+01 1.448116e-01 -2.772441e-04
1.613801e+01 2.023460e-01 -3.971305e-04
1.613801e+01 2.834245e-01 -5.952960e-04
1.613801e+01 3.967448e-01 -8.213309e-04
1.613801e+01 5.552783e-01 -1.115332e-03
1.613801e+01 7.774819e-01 -1.476572e-03
1.613801e+01 1.088445e+00 -1.921157e-03
1.613801e+01 1.523711e+00 -2.455309e-03
1.613801e+01 2.088426e+00 -2.931964e-03
1.613801e+01 2.685505e+00 -2.775813e-03
1.648077e+01 1.570796e-02 -7.039464e-07
1.648077e+01 2.346256e-02 -3.88522e-06
1.648077e+01 3.503514e-02 -2.291236e-05
1.648077e+01 5.263151e-02 -5.790160e-05
1.648077e+01 7.314235e-02 -8.211087e-05
1.648077e+01 1.025928e-01 -1.497172e-04
1.648077e+01 1.448116e-01 -2.21644e-04
1.648077e+01 2.023460e-01 -3.16027e-04
1.648077e+01 2.834245e-01 -4.763406e-04
1.648077e+01 3.967448e-01 -6.595412e-04
1.648077e+01 5.552783e-01 -8.945453e-04
1.648077e+01 7.774819e-01 -1.202939e-03
1.648077e+01 1.088445e+00 -1.582637e-03
1.648077e+01 1.523711e+00 -2.052282e-03
1.648077e+01 2.088426e+00 -2.478085e-03
1.648077e+01 2.685505e+00 -2.354339e-03
1.683038e+01 1.570796e-02 -5.829926e-07
1.683038e+01 2.346256e-02 -3.137054e-06
1.683038e+01 3.503514e-02 -1.747888e-05
1.683038e+01 5.263151e-02 -4.558028e-05
1.683038e+01 7.314235e-02 -6.506377e-05
1.683038e+01 1.025928e-01 -1.186623e-04
1.683038e+01 1.448116e-01 -1.756657e-04
1.683038e+01 2.023460e-01 -2.506540e-04
1.683038e+01 2.834245e-01 -3.778492e-04
1.683038e+01 3.967448e-01 -5.231826e-04
1.683038e+01 5.552783e-01 -7.156831e-04
1.683038e+01 7.774819e-01 -9.711465e-04
1.683038e+01 1.088445e+00 -1.29001e-03
1.683038e+01 1.523711e+00 -1.700775e-03
1.683038e+01 2.088426e+00 -2.065713e-03
1.683038e+01 2.685505e+00 -1.965655e-03
1.718699e+01 1.570796e-02 -4.786141e-07
1.718699e+01 2.346256e-02 -2.514987e-06
1.718699e+01 3.503514e-02 -1.320747e-05
1.718699e+01 5.263151e-02 -3.581584e-05
1.718699e+01 7.314235e-02 -5.169970e-05
1.718699e+01 1.025928e-01 -9.351656e-05
1.718699e+01 1.448116e-01 -1.382159e-04
1.718699e+01 2.023460e-01 -1.964448e-04
1.718699e+01 2.834245e-01 -2.968806e-04
1.718699e+01 3.967448e-01 -4.111083e-04
1.718699e+01 5.552783e-01 -5.680981e-04
1.718699e+01 7.774819e-01 -7.777772e-04
1.718699e+01 1.088445e+00 -1.044730e-03
1.718699e+01 1.523711e+00 -1.390973e-03
1.718699e+01 2.088426e+00 -1.706668e-03
1.718699e+01 2.685505e+00 -1.619334e-03
1.755073e+01 1.570796e-02 -3.700838e-07
1.755073e+01 2.346256e-02 -1.891873e-06
1.755073e+01 3.503514e-02 -9.993875e-06
1.755073e+01 5.263151e-02 -2.777053e-05
1.755073e+01 7.314235e-02 -3.959732e-05
1.755073e+01 1.025928e-01 -7.243362e-05
1.755073e+01 1.448116e-01 -1.068520e-04
1.755073e+01 2.023460e-01 -1.516452e-04
1.755073e+01 2.834245e-01 -2.299955e-04
1.755073e+01 3.967448e-01 -3.204622e-04
1.755073e+01 5.552783e-01 -4.446146e-04
1.755073e+01 7.774819e-01 -6.145599e-04
1.755073e+01 1.088445e+00 -8.343116e-04
1.755073e+01 1.523711e+00 -1.126363e-03
1.755073e+01 2.088426e+00 -1.391081e-03
1.755073e+01 2.685505e+00 -1.319941e-03
1.792175e+01 1.570796e-02 -2.858468e-07
1.792175e+01 2.346256e-02 -1.413062e-06
1.792175e+01 3.503514e-02 -7.56853e-06
1.792175e+01 5.263151e-02 -2.132892e-05
1.792175e+01 7.314235e-02 -3.056574e-05
1.792175e+01 1.025928e-01 -5.664566e-05
1.792175e+01 1.448116e-01 -8.227858e-05
1.792175e+01 2.023460e-01 -1.174733e-04
1.792175e+01 2.834245e-01 -1.772406e-04
1.792175e+01 3.967448e-01 -2.477470e-04
1.792175e+01 5.552783e-01 -3.468768e-04
1.792175e+01 7.774819e-01 -4.839443e-04
1.792175e+01 1.088445e+00 -6.631472e-04
1.792175e+01 1.523711e+00 -9.064940e-04
1.792175e+01 2.088426e+00 -1.125886e-03
1.792175e+01 2.685505e+00 -1.072744e-03
1.830018e+01 1.570796e-02 -2.226778e-07
1.830018e+01 2.346256e-02 -1.168503e-06
1.830018e+01 3.503514e-02 -5.916521e-06
1.830018e+01 5.263151e-02 -1.639656e-05
1.830018e+01 7.314235e-02 -2.390709e-05
1.830018e+01 1.025928e-01 -4.303028e-05
1.830018e+01 1.448116e-01 -6.307848e-05
1.830018e+01 2.023460e-01 -9.006536e-05
1.830018e+01 2.834245e-01 -1.364215e-04
1.830018e+01 3.967448e-01 -1.904663e-04
1.830018e+01 5.552783e-01 -2.688613e-04
1.830018e+01 7.774819e-01 -3.787721e-04
1.830018e+01 1.088445e+00 -5.221491e-04
1.830018e+01 1.523711e+00 -7.186453e-04
1.830018e+01 2.088426e+00 -8.96927e-04
1.830018e+01 2.685505e+00 -8.554248e-04
1.868618e+01 1.570796e-02 -1.740544e-07
1.868618e+01 2.346256e-02 -8.923980e-07
1.868618e+01 3.503514e-02 -4.565720e-06
1.868618e+01 5.263151e-02 -1.259466e-05
1.868618e+01 7.314235e-02 -1.808870e-05
1.868618e+01 1.025928e-01 -3.274669e-05
1.868618e+01 1.448116e-01 -4.796489e-05
1.868618e+01 2.023460e-01 -6.835361e-05
1.868618e+01 2.834245e-01 -1.032244e-04
1.868618e+01 3.967448e-01 -1.44377e-04
1.868618e+01 5.552783e-01 -2.056114e-04
1.868618e+01 7.774819e-01 -2.918952e-04
1.868618e+01 1.088445e+00 -4.060065e-04
1.868618e+01 1.523711e+00 -5.635227e-04
1.868618e+01 2.088426e+00 -7.037268e-04
1.868618e+01 2.685505e+00 -6.752189e-04
1.907991e+01 1.570796e-02 -1.366885e-07
1.907991e+01 2.346256e-02 -6.20002e-07
1.907991e+01 3.503514e-02 -3.435666e-06
1.907991e+01 5.263151e-02 -9.184376e-06
1.907991e+01 7.314235e-02 -1.343645e-05
1.907991e+01 1.025928e-01 -2.411334e-05
1.907991e+01 1.448116e-01 -3.567213e-05
1.907991e+01 2.023460e-01 -5.122357e-05
1.907991e+01 2.834245e-01 -7.668186e-05
1.907991e+01 3.967448e-01 -1.077747e-04
1.907991e+01 5.552783e-01 -1.541983e-04
1.907991e+01 7.774819e-01 -2.197787e-04
1.907991e+01 1.088445e+00 -3.079597e-04
1.907991e+01 1.523711e+00 -4.287408e-04
1.907991e+01 2.088426e+00 -5.392650e-04
1.907991e+01 2.685505e+00 -5.176297e-04
1.948151e+01 1.570796e-02 -1.085985e-07
1.948151e+01 2.346256e-02 -4.495728e-07
1.948151e+01 3.503514e-02 -2.553875e-06
1.948151e+01 5.263151e-02 -6.580356e-06
1.948151e+01 7.314235e-02 -9.806352e-06
1.948151e+01 1.025928e-01 -1.753389e-05
1.948151e+01 1.448116e-01 -2.610549e-05
1.948151e+01 2.023460e-01 -3.744377e-05
1.948151e+01 2.834245e-01 -5.599364e-05
1.948151e+01 3.967448e-01 -7.896841e-05
1.948151e+01 5.552783e-01 -1.137058e-04
1.948151e+01 7.774819e-01 -1.626805e-04
1.948151e+01 1.088445e+00 -2.296512e-04
1.948151e+01 1.523711e+00 -3.230452e-04
1.948151e+01 2.088426e+00 -4.084774e-04
1.948151e+01 2.685505e+00 -3.849771e-04
1.989114e+01 1.570796e-02 -7.475222e-08
1.989114e+01 2.346256e-02 -3.412217e-07
1.989114e+01 3.503514e-02 -1.771275e-06
1.989114e+01 5.263151e-02 -4.708724e-06
1.989114e+01 7.314235e-02 -6.989655e-06
1.989114e+01 1.025928e-01 -1.257816e-05
1.989114e+01 1.448116e-01 -1.885633e-05
1.989114e+01 2.023460e-01 -2.692972e-05
1.989114e+01 2.834245e-01 -4.063683e-05
1.989114e+01 3.967448e-01 -5.715713e-05
1.989114e+01 5.552783e-01 -8.275922e-05
1.989114e+01 7.774819e-01 -1.187514e-04
1.989114e+01 1.088445e+00 -1.685733e-04
1.989114e+01 1.523711e+00 -2.395833e-04
1.989114e+01 2.088426e+00 -3.035662e-04
1.989114e+01 2.685505e+00 -2.886618e-04
2.030896e+01 1.570796e-02 -4.929388e-08
2.030896e+01 2.346256e-02 -2.397117e-07
2.030896e+01 3.503514e-02 -1.286154e-06
2.030896e+01 5.263151e-02 -3.320026e-06
2.030896e+01 7.314235e-02 -4.918102e-06
2.030896e+01 1.025928e-01 -8.862313e-06
2.030896e+01 1.448116e-01 -1.341984e-05
2.030896e+01 2.023460e-01 -1.931518e-05
2.030896e+01 2.834245e-01 -2.896949e-05
2.030896e+01 3.967448e-01 -4.061908e-05
2.030896e+01 5.552783e-01 -5.95066e-05
2.030896e+01 7.774819e-01 -8.550275e-05
2.030896e+01 1.088445e+00 -1.219894e-04
2.030896e+01 1.523711e+00 -1.748762e-04
2.030896e+01 2.088426e+00 -2.221943e-04
2.030896e+01 2.685505e+00 -2.110735e-04
2.073514e+01 1.570796e-02 -3.333447e-08
2.073514e+01 2.346256e-02 -1.538148e-07
2.073514e+01 3.503514e-02 -9.066808e-07
2.073514e+01 5.263151e-02 -2.269228e-06
2.073514e+01 7.314235e-02 -3.417577e-06
2.073514e+01 1.025928e-01 -6.197265e-06
2.073514e+01 1.448116e-01 -9.279773e-06
2.073514e+01 2.023460e-01 -1.338901e-05
2.073514e+01 2.834245e-01 -2.016065e-05
2.073514e+01 3.967448e-01 -2.858994e-05
2.073514e+01 5.552783e-01 -4.196668e-05
2.073514e+01 7.774819e-01 -6.054715e-05
2.073514e+01 1.088445e+00 -8.642819e-05
2.073514e+01 1.523711e+00 -1.251721e-04
2.073514e+01 2.088426e+00 -1.590595e-04
2.073514e+01 2.685505e+00 -1.515301e-04
2.116984e+01 1.570796e-02 -1.800471e-08
2.116984e+01 2.346256e-02 -1.012201e-07
2.116984e+01 3.503514e-02 -6.267717e-07
2.116984e+01 5.263151e-02 -1.540224e-06
2.116984e+01 7.314235e-02 -2.328642e-06
2.116984e+01 1.025928e-01 -4.224842e-06
2.116984e+01 1.448116e-01 -6.366048e-06
2.116984e+01 2.023460e-01 -9.252555e-06
2.116984e+01 2.834245e-01 -1.381089e-05
2.116984e+01 3.967448e-01 -1.965611e-05
2.116984e+01 5.552783e-01 -2.911e-05
2.116984e+01 7.774819e-01 -4.220767e-05
2.116984e+01 1.088445e+00 -6.040816e-05
2.116984e+01 1.523711e+00 -8.785892e-05
2.116984e+01 2.088426e+00 -1.124298e-04
2.116984e+01 2.685505e+00 -1.06386e-04
2.161324e+01 1.570796e-02 -1.274999e-08
2.161324e+01 2.346256e-02 -5.942889e-08
2.161324e+01 3.503514e-02 -4.085501e-07
2.161324e+01 5.263151e-02 -1.004047e-06
2.161324e+01 7.314235e-02 -1.549920e-06
2.161324e+01 1.025928e-01 -2.789568e-06
2.161324e+01 1.448116e-01 -4.356752e-06
2.161324e+01 2.023460e-01 -6.332634e-06
2.161324e+01 2.834245e-01 -9.311177e-06
2.161324e+01 3.967448e-01 -1.341724e-05
2.161324e+01 5.552783e-01 -1.976277e-05
2.161324e+01 7.774819e-01 -2.880048e-05
2.161324e+01 1.088445e+00 -4.203548e-05
2.161324e+01 1.523711e+00 -6.088893e-05
2.161324e+01 2.088426e+00 -7.836674e-05
2.161324e+01 2.685505e+00 -7.426336e-05
2.206550e+01 1.570796e-02 -1.010427e-08
2.206550e+01 2.346256e-02 -3.893027e-08
2.206550e+01 3.503514e-02 -2.621231e-07
2.206550e+01 5.263151e-02 -6.443074e-07
2.206550e+01 7.314235e-02 -1.002387e-06
2.206550e+01 1.025928e-01 -1.793619e-06
2.206550e+01 1.448116e-01 -2.837913e-06
2.206550e+01 2.023460e-01 -4.157051e-06
2.206550e+01 2.834245e-01 -6.122556e-06
2.206550e+01 3.967448e-01 -8.804522e-06
2.206550e+01 5.552783e-01 -1.308608e-05
2.206550e+01 7.774819e-01 -1.922925e-05
2.206550e+01 1.088445e+00 -2.841181e-05
2.206550e+01 1.523711e+00 -4.131042e-05
2.206550e+01 2.088426e+00 -5.337555e-05
2.206550e+01 2.685505e+00 -5.034307e-05
2.252681e+01 1.570796e-02 -7.813449e-09
2.252681e+01 2.346256e-02 -2.208337e-08
2.252681e+01 3.503514e-02 -1.966386e-07
2.252681e+01 5.263151e-02 -4.234541e-07
2.252681e+01 7.314235e-02 -6.639444e-07
2.252681e+01 1.025928e-01 -1.201697e-06
2.252681e+01 1.448116e-01 -1.876670e-06
2.252681e+01 2.023460e-01 -2.734813e-06
2.252681e+01 2.834245e-01 -4.124469e-06
2.252681e+01 3.967448e-01 -5.871899e-06
2.252681e+01 5.552783e-01 -8.685894e-06
2.252681e+01 7.774819e-01 -1.289025e-05
2.252681e+01 1.088445e+00 -1.901987e-05
2.252681e+01 1.523711e+00 -2.778712e-05
2.252681e+01 2.088426e+00 -3.541934e-05
2.252681e+01 2.685505e+00 -3.209448e-05
2.299735e+01 1.570796e-02 -5.311979e-09
2.299735e+01 2.346256e-02 -1.257333e-08
2.299735e+01 3.503514e-02 -1.359276e-07
2.299735e+01 5.263151e-02 -2.411892e-07
2.299735e+01 7.314235e-02 -4.032845e-07
2.299735e+01 1.025928e-01 -7.292705e-07
2.299735e+01 1.448116e-01 -1.141074e-06
2.299735e+01 2.023460e-01 -1.620832e-06
2.299735e+01 2.834245e-01 -2.583653e-06
2.299735e+01 3.967448e-01 -3.637205e-06
2.299735e+01 5.552783e-01 -5.488615e-06
2.299735e+01 7.774819e-01 -8.101667e-06
2.299735e+01 1.088445e+00 -1.194257e-05
2.299735e+01 1.523711e+00 -1.764604e-05
2.299735e+01 2.088426e+00 -2.300066e-05
2.299735e+01 2.685505e+00 -2.181805e-05
2.34773e+01 1.570796e-02 -3.260921e-09
2.34773e+01 2.346256e-02 -3.337792e-10
2.34773e+01 3.503514e-02 -8.838846e-08
2.34773e+01 5.263151e-02 -1.615852e-07
2.34773e+01 7.314235e-02 -2.392632e-07
2.34773e+01 1.025928e-01 -4.356984e-07
2.34773e+01 1.448116e-01 -7.193491e-07
2.34773e+01 2.023460e-01 -9.919990e-07
2.34773e+01 2.834245e-01 -1.603788e-06
2.34773e+01 3.967448e-01 -2.274336e-06
2.34773e+01 5.552783e-01 -3.439929e-06
2.34773e+01 7.774819e-01 -5.136063e-06
2.34773e+01 1.088445e+00 -7.623986e-06
2.34773e+01 1.523711e+00 -1.127864e-05
2.34773e+01 2.088426e+00 -1.445636e-05
2.34773e+01 2.685505e+00 -1.368715e-05
2.396684e+01 1.570796e-02 1.175328e-10
2.396684e+01 2.346256e-02 4.824549e-10
2.396684e+01 3.503514e-02 2.618596e-09
2.396684e+01 5.263151e-02 5.851342e-09
2.396684e+01 7.314235e-02 8.635630e-09
2.396684e+01 1.025928e-01 1.662208e-08
2.396684e+01 1.448116e-01 2.38591e-08
2.396684e+01 2.023460e-01 3.385625e-08
2.396684e+01 2.834245e-01 5.064338e-08
2.396684e+01 3.967448e-01 7.358331e-08
2.396684e+01 5.552783e-01 1.038912e-07
2.396684e+01 7.774819e-01 1.364295e-07
2.396684e+01 1.088445e+00 1.532459e-07
2.396684e+01 1.523711e+00 1.375955e-07
2.396684e+01 2.088426e+00 9.400251e-08
2.396684e+01 2.685505e+00 4.350795e-08
2.446618e+01 1.570796e-02 1.095426e-10
2.446618e+01 2.346256e-02 4.502765e-10
2.446618e+01 3.503514e-02 2.444707e-09
2.446618e+01 5.263151e-02 5.462115e-09
2.446618e+01 7.314235e-02 8.060472e-09
2.446618e+01 1.025928e-01 1.55345e-08
2.446618e+01 1.448116e-01 2.229245e-08
2.446618e+01 2.023460e-01 3.170629e-08
2.446618e+01 2.834245e-01 4.767424e-08
2.446618e+01 3.967448e-01 6.974162e-08
2.446618e+01 5.552783e-01 9.912296e-08
2.446618e+01 7.774819e-01 1.309115e-07
2.446618e+01 1.088445e+00 1.480827e-07
2.446618e+01 1.523711e+00 1.349434e-07
2.446618e+01 2.088426e+00 9.408398e-08
2.446618e+01 2.685505e+00 4.410606e-08
2.497550e+01 1.570796e-02 1.01747e-10
2.497550e+01 2.346256e-02 4.189871e-10
2.497550e+01 3.503514e-02 2.273227e-09
2.497550e+01 5.263151e-02 5.078806e-09
2.497550e+01 7.314235e-02 7.495166e-09
2.497550e+01 1.025928e-01 1.446183e-08
2.497550e+01 1.448116e-01 2.075592e-08
2.497550e+01 2.023460e-01 2.959881e-08
2.497550e+01 2.834245e-01 4.474494e-08
2.497550e+01 3.967448e-01 6.588758e-08
2.497550e+01 5.552783e-01 9.423878e-08
2.497550e+01 7.774819e-01 1.251592e-07
2.497550e+01 1.088445e+00 1.426996e-07
2.497550e+01 1.523711e+00 1.320163e-07
2.497550e+01 2.088426e+00 9.402098e-08
2.497550e+01 2.685505e+00 4.485171e-08
2.549501e+01 1.570796e-02 9.415123e-11
2.549501e+01 2.346256e-02 3.883223e-10
2.549501e+01 3.503514e-02 2.104034e-09
2.549501e+01 5.263151e-02 4.702639e-09
2.549501e+01 7.314235e-02 6.941182e-09
2.549501e+01 1.025928e-01 1.341088e-08
2.549501e+01 1.448116e-01 1.924944e-08
2.549501e+01 2.023460e-01 2.752325e-08
2.549501e+01 2.834245e-01 4.185206e-08
2.549501e+01 3.967448e-01 6.202200e-08
2.549501e+01 5.552783e-01 8.92548e-08
2.549501e+01 7.774819e-01 1.192086e-07
2.549501e+01 1.088445e+00 1.369561e-07
2.549501e+01 1.523711e+00 1.288323e-07
2.549501e+01 2.088426e+00 9.387271e-08
2.549501e+01 2.685505e+00 4.567700e-08
2.602491e+01 1.570796e-02 8.662169e-11
2.602491e+01 2.346256e-02 3.579921e-10
2.602491e+01 3.503514e-02 1.939382e-09
2.602491e+01 5.263151e-02 4.335700e-09
2.602491e+01 7.314235e-02 6.399536e-09
2.602491e+01 1.025928e-01 1.238329e-08
2.602491e+01 1.448116e-01 1.777523e-08
2.602491e+01 2.023460e-01 2.549365e-08
2.602491e+01 2.834245e-01 3.900212e-08
2.602491e+01 3.967448e-01 5.814479e-08
2.602491e+01 5.552783e-01 8.417293e-08
2.602491e+01 7.774819e-01 1.130346e-07
2.602491e+01 1.088445e+00 1.309726e-07
2.602491e+01 1.523711e+00 1.253976e-07
2.602491e+01 2.088426e+00 9.379620e-08
2.602491e+01 2.685505e+00 4.690827e-08
2.656541e+01 1.570796e-02 7.939647e-11
2.656541e+01 2.346256e-02 3.287927e-10
2.656541e+01 3.503514e-02 1.778365e-09
2.656541e+01 5.263151e-02 3.977952e-09
2.656541e+01 7.314235e-02 5.872535e-09
2.656541e+01 1.025928e-01 1.138167e-08
2.656541e+01 1.448116e-01 1.634182e-08
2.656541e+01 2.023460e-01 2.350859e-08
2.656541e+01 2.834245e-01 3.618006e-08
2.656541e+01 3.967448e-01 5.426477e-08
2.656541e+01 5.552783e-01 7.900716e-08
2.656541e+01 7.774819e-01 1.066144e-07
2.656541e+01 1.088445e+00 1.246895e-07
2.656541e+01 1.523711e+00 1.215638e-07
2.656541e+01 2.088426e+00 9.344197e-08
2.656541e+01 2.685505e+00 4.828017e-08
2.711672e+01 1.570796e-02 7.23048e-11
2.711672e+01 2.346256e-02 3.002773e-10
2.711672e+01 3.503514e-02 1.621884e-09
2.711672e+01 5.263151e-02 3.628588e-09
2.711672e+01 7.314235e-02 5.358321e-09
2.711672e+01 1.025928e-01 1.040838e-08
2.711672e+01 1.448116e-01 1.494346e-08
2.711672e+01 2.023460e-01 2.156493e-08
2.711672e+01 2.834245e-01 3.339824e-08
2.711672e+01 3.967448e-01 5.036333e-08
2.711672e+01 5.552783e-01 7.372765e-08
2.711672e+01 7.774819e-01 1.000242e-07
2.711672e+01 1.088445e+00 1.181084e-07
2.711672e+01 1.523711e+00 1.174011e-07
2.711672e+01 2.088426e+00 9.288257e-08
2.711672e+01 2.685505e+00 4.996444e-08
2.767905e+01 1.570796e-02 6.539518e-11
2.767905e+01 2.346256e-02 2.722234e-10
2.767905e+01 3.503514e-02 1.469484e-09
2.767905e+01 5.263151e-02 3.289302e-09
2.767905e+01 7.314235e-02 4.857536e-09
2.767905e+01 1.025928e-01 9.455392e-09
2.767905e+01 1.448116e-01 1.358096e-08
2.767905e+01 2.023460e-01 1.965914e-08
2.767905e+01 2.834245e-01 3.063957e-08
2.767905e+01 3.967448e-01 4.644125e-08
2.767905e+01 5.552783e-01 6.832027e-08
2.767905e+01 7.774819e-01 9.324154e-08
2.767905e+01 1.088445e+00 1.111522e-07
2.767905e+01 1.523711e+00 1.127341e-07
2.767905e+01 2.088426e+00 9.219162e-08
2.767905e+01 2.685505e+00 5.189950e-08
2.825263e+01 1.570796e-02 5.867864e-11
2.825263e+01 2.346256e-02 2.449219e-10
2.825263e+01 3.503514e-02 1.321058e-09
2.825263e+01 5.263151e-02 2.959366e-09
2.825263e+01 7.314235e-02 4.371557e-09
2.825263e+01 1.025928e-01 8.52792e-09
2.825263e+01 1.448116e-01 1.224995e-08
2.825263e+01 2.023460e-01 1.77926e-08
2.825263e+01 2.834245e-01 2.790296e-08
2.825263e+01 3.967448e-01 4.248742e-08
2.825263e+01 5.552783e-01 6.28425e-08
2.825263e+01 7.774819e-01 8.618567e-08
2.825263e+01 1.088445e+00 1.037895e-07
2.825263e+01 1.523711e+00 1.076696e-07
2.825263e+01 2.088426e+00 9.105665e-08
2.825263e+01 2.685505e+00 5.421977e-08
2.883769e+01 1.570796e-02 5.217980e-11
2.883769e+01 2.346256e-02 2.184479e-10
2.883769e+01 3.503514e-02 1.176789e-09
2.883769e+01 5.263151e-02 2.638613e-09
2.883769e+01 7.314235e-02 3.897916e-09
2.883769e+01 1.025928e-01 7.622410e-09
2.883769e+01 1.448116e-01 1.095463e-08
2.883769e+01 2.023460e-01 1.596291e-08
2.883769e+01 2.834245e-01 2.51775e-08
2.883769e+01 3.967448e-01 3.850677e-08
2.883769e+01 5.552783e-01 5.724454e-08
2.883769e+01 7.774819e-01 7.89198e-08
2.883769e+01 1.088445e+00 9.606617e-08
2.883769e+01 1.523711e+00 1.019133e-07
2.883769e+01 2.088426e+00 8.946136e-08
2.883769e+01 2.685505e+00 5.671987e-08
2.943444e+01 1.570796e-02 4.590564e-11
2.943444e+01 2.346256e-02 1.927044e-10
2.943444e+01 3.503514e-02 1.036720e-09
2.943444e+01 5.263151e-02 2.326463e-09
2.943444e+01 7.314235e-02 3.436187e-09
2.943444e+01 1.025928e-01 6.737742e-09
2.943444e+01 1.448116e-01 9.686584e-09
2.943444e+01 2.023460e-01 1.416555e-08
2.943444e+01 2.834245e-01 2.247205e-08
2.943444e+01 3.967448e-01 3.448601e-08
2.943444e+01 5.552783e-01 5.151538e-08
2.943444e+01 7.774819e-01 7.142603e-08
2.943444e+01 1.088445e+00 8.793491e-08
2.943444e+01 1.523711e+00 9.551317e-08
2.943444e+01 2.088426e+00 8.725835e-08
2.943444e+01 2.685505e+00 5.927635e-08
3.004313e+01 1.570796e-02 3.975854e-11
3.004313e+01 2.346256e-02 1.674838e-10
3.004313e+01 3.503514e-02 9.005937e-10
3.004313e+01 5.263151e-02 2.023668e-09
3.004313e+01 7.314235e-02 2.989106e-09
3.004313e+01 1.025928e-01 5.874181e-09
3.004313e+01 1.448116e-01 8.451093e-09
3.004313e+01 2.023460e-01 1.239957e-08
3.004313e+01 2.834245e-01 1.978092e-08
3.004313e+01 3.967448e-01 3.044952e-08
3.004313e+01 5.552783e-01 4.566865e-08
3.004313e+01 7.774819e-01 6.366941e-08
3.004313e+01 1.088445e+00 7.933996e-08
3.004313e+01 1.523711e+00 8.828688e-08
3.004313e+01 2.088426e+00 8.410092e-08
3.004313e+01 2.685505e+00 6.132344e-08
3.066399e+01 1.570796e-02 3.386460e-11
3.066399e+01 2.346256e-02 1.429092e-10
3.066399e+01 3.503514e-02 7.683893e-10
3.066399e+01 5.263151e-02 1.728689e-09
3.066399e+01 7.314235e-02 2.553052e-09
3.066399e+01 1.025928e-01 5.029366e-09
3.066399e+01 1.448116e-01 7.241859e-09
3.066399e+01 2.023460e-01 1.066263e-08
3.066399e+01 2.834245e-01 1.710491e-08
3.066399e+01 3.967448e-01 2.639131e-08
3.066399e+01 5.552783e-01 3.974632e-08
3.066399e+01 7.774819e-01 5.57052e-08
3.066399e+01 1.088445e+00 7.024063e-08
3.066399e+01 1.523711e+00 8.013742e-08
3.066399e+01 2.088426e+00 7.986068e-08
3.066399e+01 2.685505e+00 6.296164e-08
3.129727e+01 1.570796e-02 2.80945e-11
3.129727e+01 2.346256e-02 1.191026e-10
3.129727e+01 3.503514e-02 6.399653e-10
3.129727e+01 5.263151e-02 1.441777e-09
3.129727e+01 7.314235e-02 2.128698e-09
3.129727e+01 1.025928e-01 4.203183e-09
3.129727e+01 1.448116e-01 6.059547e-09
3.129727e+01 2.023460e-01 8.950874e-09
3.129727e+01 2.834245e-01 1.443361e-08
3.129727e+01 3.967448e-01 2.232147e-08
3.129727e+01 5.552783e-01 3.372032e-08
3.129727e+01 7.774819e-01 4.750926e-08
3.129727e+01 1.088445e+00 6.065041e-08
3.129727e+01 1.523711e+00 7.105675e-08
3.129727e+01 2.088426e+00 7.422199e-08
3.129727e+01 2.685505e+00 6.316764e-08
3.194322e+01 1.570796e-02 2.254642e-11
3.194322e+01 2.346256e-02 9.575016e-11
3.194322e+01 3.503514e-02 5.149222e-10
3.194322e+01 5.263151e-02 1.162474e-09
3.194322e+01 7.314235e-02 1.715772e-09
3.194322e+01 1.025928e-01 3.39625e-09
3.194322e+01 1.448116e-01 4.903186e-09
3.194322e+01 2.023460e-01 7.263995e-09
3.194322e+01 2.834245e-01 1.177183e-08
3.194322e+01 3.967448e-01 1.823860e-08
3.194322e+01 5.552783e-01 2.762406e-08
3.194322e+01 7.774819e-01 3.912296e-08
3.194322e+01 1.088445e+00 5.054431e-08
3.194322e+01 1.523711e+00 6.090162e-08
3.194322e+01 2.088426e+00 6.674455e-08
3.194322e+01 2.685505e+00 6.172748e-08
3.260208e+01 1.570796e-02 1.719016e-11
3.260208e+01 2.346256e-02 7.318945e-11
3.260208e+01 3.503514e-02 3.938488e-10
3.260208e+01 5.263151e-02 8.902981e-10
3.260208e+01 7.314235e-02 1.313844e-09
3.260208e+01 1.025928e-01 2.607118e-09
3.260208e+01 1.448116e-01 3.769572e-09
3.260208e+01 2.023460e-01 5.599595e-09
3.260208e+01 2.834245e-01 9.120733e-09
3.260208e+01 3.967448e-01 1.414367e-08
3.260208e+01 5.552783e-01 2.147560e-08
3.260208e+01 7.774819e-01 3.056863e-08
3.260208e+01 1.088445e+00 3.997295e-08
3.260208e+01 1.523711e+00 4.950401e-08
3.260208e+01 2.088426e+00 5.712107e-08
3.260208e+01 2.685505e+00 5.732317e-08
3.327412e+01 1.570796e-02 1.200519e-11
3.327412e+01 2.346256e-02 5.129615e-11
3.327412e+01 3.503514e-02 2.760900e-10
3.327412e+01 5.263151e-02 6.253292e-10
3.327412e+01 7.314235e-02 9.222048e-10
3.327412e+01 1.025928e-01 1.834668e-09
3.327412e+01 1.448116e-01 2.656715e-09
3.327412e+01 2.023460e-01 3.958781e-09
3.327412e+01 2.834245e-01 6.47794e-09
3.327412e+01 3.967448e-01 1.004972e-08
3.327412e+01 5.552783e-01 1.529276e-08
3.327412e+01 7.774819e-01 2.187617e-08
3.327412e+01 1.088445e+00 2.895917e-08
3.327412e+01 1.523711e+00 3.688717e-08
3.327412e+01 2.088426e+00 4.485052e-08
3.327412e+01 2.685505e+00 4.872649e-08
3.395961e+01 1.570796e-02 7.198356e-12
3.395961e+01 2.346256e-02 3.076909e-11
3.395961e+01 3.503514e-02 1.662636e-10
3.395961e+01 5.263151e-02 3.77207e-10
3.395961e+01 7.314235e-02 5.561054e-10
3.395961e+01 1.025928e-01 1.107227e-09
3.395961e+01 1.448116e-01 1.604968e-09
3.395961e+01 2.023460e-01 2.390036e-09
3.395961e+01 2.834245e-01 3.913016e-09
3.395961e+01 3.967448e-01 6.04289e-09
3.395961e+01 5.552783e-01 9.172108e-09
3.395961e+01 7.774819e-01 1.31238e-08
3.395961e+01 1.088445e+00 1.75302e-08
3.395961e+01 1.523711e+00 2.290730e-08
3.395961e+01 2.088426e+00 2.927545e-08
3.395961e+01 2.685505e+00 3.406372e-08
3.46588e+01 1.570796e-02 2.409865e-12
3.46588e+01 2.346256e-02 8.96122e-12
3.46588e+01 3.503514e-02 5.165945e-11
3.46588e+01 5.263151e-02 1.206941e-10
3.46588e+01 7.314235e-02 1.783549e-10
3.46588e+01 1.025928e-01 3.490556e-10
3.46588e+01 1.448116e-01 5.101289e-10
3.46588e+01 2.023460e-01 7.652684e-10
3.46588e+01 2.834245e-01 1.267501e-09
3.46588e+01 3.967448e-01 1.964046e-09
3.46588e+01 5.552783e-01 2.994953e-09
3.46588e+01 7.774819e-01 4.301116e-09
3.46588e+01 1.088445e+00 5.815000e-09
3.46588e+01 1.523711e+00 7.759701e-09
3.46588e+01 2.088426e+00 1.037184e-08
3.46588e+01 2.685505e+00 1.291471e-08
3.537197e+01 1.570796e-02 0.e+00
3.537197e+01 2.346256e-02 0.e+00
3.537197e+01 3.503514e-02 0.e+00
3.537197e+01 5.263151e-02 0.e+00
3.537197e+01 7.314235e-02 0.e+00
3.537197e+01 1.025928e-01 0.e+00
3.537197e+01 1.448116e-01 0.e+00
3.537197e+01 2.023460e-01 0.e+00
3.537197e+01 2.834245e-01 0.e+00
3.537197e+01 3.967448e-01 0.e+00
3.537197e+01 5.552783e-01 0.e+00
3.537197e+01 7.774819e-01 0.e+00
3.537197e+01 1.088445e+00 0.e+00
3.537197e+01 1.523711e+00 0.e+00
3.537197e+01 2.088426e+00 0.e+00
3.537197e+01 2.685505e+00 0.e+00
