5.e+00 1.570796e-02 0.e+00
5.e+00 2.346256e-02 0.e+00
5.e+00 3.503514e-02 0.e+00
5.e+00 5.263151e-02 0.e+00
5.e+00 7.314235e-02 0.e+00
5.e+00 1.025928e-01 0.e+00
5.e+00 1.448116e-01 0.e+00
5.e+00 2.023460e-01 0.e+00
5.e+00 2.834245e-01 0.e+00
5.e+00 3.967448e-01 0.e+00
5.e+00 5.552783e-01 0.e+00
5.e+00 7.774819e-01 0.e+00
5.e+00 1.088445e+00 0.e+00
5.e+00 1.523711e+00 0.e+00
5.e+00 2.088426e+00 0.e+00
5.e+00 2.685505e+00 0.e+00
5.12e+00 1.570796e-02 0.e+00
5.12e+00 2.346256e-02 0.e+00
5.12e+00 3.503514e-02 0.e+00
5.12e+00 5.263151e-02 0.e+00
5.12e+00 7.314235e-02 0.e+00
5.12e+00 1.025928e-01 0.e+00
5.12e+00 1.448116e-01 0.e+00
5.12e+00 2.023460e-01 0.e+00
5.12e+00 2.834245e-01 0.e+00
5.12e+00 3.967448e-01 0.e+00
5.12e+00 5.552783e-01 0.e+00
5.12e+00 7.774819e-01 0.e+00
5.12e+00 1.088445e+00 0.e+00
5.12e+00 1.523711e+00 0.e+00
5.12e+00 2.088426e+00 0.e+00
5.12e+00 2.685505e+00 0.e+00
5.2424e+00 1.570796e-02 0.e+00
5.2424e+00 2.346256e-02 0.e+00
5.2424e+00 3.503514e-02 0.e+00
5.2424e+00 5.263151e-02 0.e+00
5.2424e+00 7.314235e-02 0.e+00
5.2424e+00 1.025928e-01 0.e+00
5.2424e+00 1.448116e-01 0.e+00
5.2424e+00 2.023460e-01 0.e+00
5.2424e+00 2.834245e-01 0.e+00
5.2424e+00 3.967448e-01 0.e+00
5.2424e+00 5.552783e-01 0.e+00
5.2424e+00 7.774819e-01 0.e+00
5.2424e+00 1.088445e+00 0.e+00
5.2424e+00 1.523711e+00 0.e+00
5.2424e+00 2.088426e+00 0.e+00
5.2424e+00 2.685505e+00 0.e+00
5.367248e+00 1.570796e-02 0.e+00
5.367248e+00 2.346256e-02 0.e+00
5.367248e+00 3.503514e-02 0.e+00
5.367248e+00 5.263151e-02 0.e+00
5.367248e+00 7.314235e-02 0.e+00
5.367248e+00 1.025928e-01 0.e+00
5.367248e+00 1.448116e-01 0.e+00
5.367248e+00 2.023460e-01 0.e+00
5.367248e+00 2.834245e-01 0.e+00
5.367248e+00 3.967448e-01 0.e+00
5.367248e+00 5.552783e-01 0.e+00
5.367248e+00 7.774819e-01 0.e+00
5.367248e+00 1.088445e+00 0.e+00
5.367248e+00 1.523711e+00 0.e+00
5.367248e+00 2.088426e+00 0.e+00
5.367248e+00 2.685505e+00 0.e+00
5.494593e+00 1.570796e-02 0.e+00
5.494593e+00 2.346256e-02 0.e+00
5.494593e+00 3.503514e-02 0.e+00
5.494593e+00 5.263151e-02 0.e+00
5.494593e+00 7.314235e-02 0.e+00
5.494593e+00 1.025928e-01 0.e+00
5.494593e+00 1.448116e-01 0.e+00
5.494593e+00 2.023460e-01 0.e+00
5.494593e+00 2.834245e-01 0.e+00
5.494593e+00 3.967448e-01 0.e+00
5.494593e+00 5.552783e-01 0.e+00
5.494593e+00 7.774819e-01 0.e+00
5.494593e+00 1.088445e+00 0.e+00
5.494593e+00 1.523711e+00 0.e+00
5.494593e+00 2.088426e+00 0.e+00
5.494593e+00 2.685505e+00 0.e+00
5.624485e+00 1.570796e-02 0.e+00
5.624485e+00 2.346256e-02 0.e+00
5.624485e+00 3.503514e-02 0.e+00
5.624485e+00 5.263151e-02 0.e+00
5.624485e+00 7.314235e-02 0.e+00
5.624485e+00 1.025928e-01 0.e+00
5.624485e+00 1.448116e-01 0.e+00
5.624485e+00 2.023460e-01 0.e+00
5.624485e+00 2.834245e-01 0.e+00
5.624485e+00 3.967448e-01 0.e+00
5.624485e+00 5.552783e-01 0.e+00
5.624485e+00 7.774819e-01 0.e+00
5.624485e+00 1.088445e+00 0.e+00
5.624485e+00 1.523711e+00 0.e+00
5.624485e+00 2.088426e+00 0.e+00
5.624485e+00 2.685505e+00 0.e+00
5.756975e+00 1.570796e-02 0.e+00
5.756975e+00 2.346256e-02 0.e+00
5.756975e+00 3.503514e-02 0.e+00
5.756975e+00 5.263151e-02 0.e+00
5.756975e+00 7.314235e-02 0.e+00
5.756975e+00 1.025928e-01 0.e+00
5.756975e+00 1.448116e-01 0.e+00
5.756975e+00 2.023460e-01 0.e+00
5.756975e+00 2.834245e-01 0.e+00
5.756975e+00 3.967448e-01 0.e+00
5.756975e+00 5.552783e-01 0.e+00
5.756975e+00 7.774819e-01 0.e+00
5.756975e+00 1.088445e+00 0.e+00
5.756975e+00 1.523711e+00 0.e+00
5.756975e+00 2.088426e+00 0.e+00
5.756975e+00 2.685505e+00 0.e+00
5.892114e+00 1.570796e-02 0.e+00
5.892114e+00 2.346256e-02 0.e+00
5.892114e+00 3.503514e-02 0.e+00
5.892114e+00 5.263151e-02 0.e+00
5.892114e+00 7.314235e-02 0.e+00
5.892114e+00 1.025928e-01 0.e+00
5.892114e+00 1.448116e-01 0.e+00
5.892114e+00 2.023460e-01 0.e+00
5.892114e+00 2.834245e-01 0.e+00
5.892114e+00 3.967448e-01 0.e+00
5.892114e+00 5.552783e-01 0.e+00
5.892114e+00 7.774819e-01 0.e+00
5.892114e+00 1.088445e+00 0.e+00
5.892114e+00 1.523711e+00 0.e+00
5.892114e+00 2.088426e+00 0.e+00
5.892114e+00 2.685505e+00 0.e+00
6.029956e+00 1.570796e-02 0.e+00
6.029956e+00 2.346256e-02 0.e+00
6.029956e+00 3.503514e-02 0.e+00
6.029956e+00 5.263151e-02 0.e+00
6.029956e+00 7.314235e-02 0.e+00
6.029956e+00 1.025928e-01 0.e+00
6.029956e+00 1.448116e-01 0.e+00
6.029956e+00 2.023460e-01 0.e+00
6.029956e+00 2.834245e-01 0.e+00
6.029956e+00 3.967448e-01 0.e+00
6.029956e+00 5.552783e-01 0.e+00
6.029956e+00 7.774819e-01 0.e+00
6.029956e+00 1.088445e+00 0.e+00
6.029956e+00 1.523711e+00 0.e+00
6.029956e+00 2.088426e+00 0.e+00
6.029956e+00 2.685505e+00 0.e+00
6.170555e+00 1.570796e-02 -2.536122e-05
6.170555e+00 2.346256e-02 -1.075554e-04
6.170555e+00 3.503514e-02 -7.659825e-05
6.170555e+00 5.263151e-02 -1.160781e-05
6.170555e+00 7.314235e-02 -9.353717e-05
6.170555e+00 1.025928e-01 -2.587657e-05
6.170555e+00 1.448116e-01 -6.463502e-05
6.170555e+00 2.023460e-01 -4.720441e-05
6.170555e+00 2.834245e-01 -6.122126e-05
6.170555e+00 3.967448e-01 -4.987545e-05
6.170555e+00 5.552783e-01 -4.027548e-05
6.170555e+00 7.774819e-01 -3.80755e-05
6.170555e+00 1.088445e+00 -3.214053e-05
6.170555e+00 1.523711e+00 -2.841721e-05
6.170555e+00 2.088426e+00 -3.217617e-05
6.170555e+00 2.685505e+00 -3.53895e-05
6.313967e+00 1.570796e-02 -1.336887e-04
6.313967e+00 2.346256e-02 -6.108464e-04
6.313967e+00 3.503514e-02 -3.820759e-04
6.313967e+00 5.263151e-02 -3.453271e-04
6.313967e+00 7.314235e-02 -6.242276e-04
6.313967e+00 1.025928e-01 -6.926947e-04
6.313967e+00 1.448116e-01 -4.128997e-04
6.313967e+00 2.023460e-01 -5.89736e-04
6.313967e+00 2.834245e-01 -5.734101e-04
6.313967e+00 3.967448e-01 -5.009042e-04
6.313967e+00 5.552783e-01 -4.318621e-04
6.313967e+00 7.774819e-01 -3.223428e-04
6.313967e+00 1.088445e+00 -2.886553e-04
6.313967e+00 1.523711e+00 -2.709523e-04
6.313967e+00 2.088426e+00 -2.98244e-04
6.313967e+00 2.685505e+00 -3.280567e-04
6.460246e+00 1.570796e-02 -2.040899e-04
6.460246e+00 2.346256e-02 -1.254272e-03
6.460246e+00 3.503514e-02 -9.287079e-04
6.460246e+00 5.263151e-02 -1.536521e-03
6.460246e+00 7.314235e-02 -2.133016e-03
6.460246e+00 1.025928e-01 -2.292537e-03
6.460246e+00 1.448116e-01 -2.177109e-03
6.460246e+00 2.023460e-01 -2.063732e-03
6.460246e+00 2.834245e-01 -1.925809e-03
6.460246e+00 3.967448e-01 -1.767832e-03
6.460246e+00 5.552783e-01 -1.495746e-03
6.460246e+00 7.774819e-01 -1.240341e-03
6.460246e+00 1.088445e+00 -1.048026e-03
6.460246e+00 1.523711e+00 -1.001065e-03
6.460246e+00 2.088426e+00 -1.073955e-03
6.460246e+00 2.685505e+00 -1.131522e-03
6.609451e+00 1.570796e-02 -2.403553e-04
6.609451e+00 2.346256e-02 -1.972699e-03
6.609451e+00 3.503514e-02 -1.467466e-03
6.609451e+00 5.263151e-02 -3.169315e-03
6.609451e+00 7.314235e-02 -4.808837e-03
6.609451e+00 1.025928e-01 -4.890767e-03
6.609451e+00 1.448116e-01 -5.060455e-03
6.609451e+00 2.023460e-01 -4.788054e-03
6.609451e+00 2.834245e-01 -4.684408e-03
6.609451e+00 3.967448e-01 -4.111091e-03
6.609451e+00 5.552783e-01 -3.508359e-03
6.609451e+00 7.774819e-01 -2.912527e-03
6.609451e+00 1.088445e+00 -2.49021e-03
6.609451e+00 1.523711e+00 -2.284420e-03
6.609451e+00 2.088426e+00 -2.429095e-03
6.609451e+00 2.685505e+00 -2.572644e-03
6.76164e+00 1.570796e-02 -2.634347e-04
6.76164e+00 2.346256e-02 -2.43888e-03
6.76164e+00 3.503514e-02 -1.94245e-03
6.76164e+00 5.263151e-02 -5.259652e-03
6.76164e+00 7.314235e-02 -8.788024e-03
6.76164e+00 1.025928e-01 -8.892934e-03
6.76164e+00 1.448116e-01 -9.624832e-03
6.76164e+00 2.023460e-01 -9.373276e-03
6.76164e+00 2.834245e-01 -8.993884e-03
6.76164e+00 3.967448e-01 -7.957433e-03
6.76164e+00 5.552783e-01 -6.773103e-03
6.76164e+00 7.774819e-01 -5.656858e-03
6.76164e+00 1.088445e+00 -4.805079e-03
6.76164e+00 1.523711e+00 -4.374528e-03
6.76164e+00 2.088426e+00 -4.601092e-03
6.76164e+00 2.685505e+00 -4.790284e-03
6.916873e+00 1.570796e-02 -2.990009e-04
6.916873e+00 2.346256e-02 -2.777287e-03
6.916873e+00 3.503514e-02 -2.435609e-03
6.916873e+00 5.263151e-02 -7.001551e-03
6.916873e+00 7.314235e-02 -1.278795e-02
6.916873e+00 1.025928e-01 -1.352544e-02
6.916873e+00 1.448116e-01 -1.522691e-02
6.916873e+00 2.023460e-01 -1.520740e-02
6.916873e+00 2.834245e-01 -1.443425e-02
6.916873e+00 3.967448e-01 -1.296441e-02
6.916873e+00 5.552783e-01 -1.113879e-02
6.916873e+00 7.774819e-01 -9.342103e-03
6.916873e+00 1.088445e+00 -7.890424e-03
6.916873e+00 1.523711e+00 -7.083494e-03
6.916873e+00 2.088426e+00 -7.389514e-03
6.916873e+00 2.685505e+00 -7.546818e-03
7.075210e+00 1.570796e-02 -3.25482e-04
7.075210e+00 2.346256e-02 -2.602862e-03
7.075210e+00 3.503514e-02 -2.796210e-03
7.075210e+00 5.263151e-02 -8.388368e-03
7.075210e+00 7.314235e-02 -1.599348e-02
7.075210e+00 1.025928e-01 -1.759122e-02
7.075210e+00 1.448116e-01 -2.017023e-02
7.075210e+00 2.023460e-01 -2.101445e-02
7.075210e+00 2.834245e-01 -2.001703e-02
7.075210e+00 3.967448e-01 -1.841143e-02
7.075210e+00 5.552783e-01 -1.608642e-02
7.075210e+00 7.774819e-01 -1.341352e-02
7.075210e+00 1.088445e+00 -1.121913e-02
7.075210e+00 1.523711e+00 -9.968655e-03
7.075210e+00 2.088426e+00 -1.024014e-02
7.075210e+00 2.685505e+00 -1.040654e-02
7.236714e+00 1.570796e-02 -3.265538e-04
7.236714e+00 2.346256e-02 -2.430422e-03
7.236714e+00 3.503514e-02 -2.937153e-03
7.236714e+00 5.263151e-02 -8.688012e-03
7.236714e+00 7.314235e-02 -1.811768e-02
7.236714e+00 1.025928e-01 -2.068344e-02
7.236714e+00 1.448116e-01 -2.393102e-02
7.236714e+00 2.023460e-01 -2.610685e-02
7.236714e+00 2.834245e-01 -2.537236e-02
7.236714e+00 3.967448e-01 -2.348833e-02
7.236714e+00 5.552783e-01 -2.075288e-02
7.236714e+00 7.774819e-01 -1.741185e-02
7.236714e+00 1.088445e+00 -1.448410e-02
7.236714e+00 1.523711e+00 -1.271464e-02
7.236714e+00 2.088426e+00 -1.293086e-02
7.236714e+00 2.685505e+00 -1.297390e-02
7.401449e+00 1.570796e-02 -3.327655e-04
7.401449e+00 2.346256e-02 -2.233604e-03
7.401449e+00 3.503514e-02 -2.909207e-03
7.401449e+00 5.263151e-02 -8.469719e-03
7.401449e+00 7.314235e-02 -1.885908e-02
7.401449e+00 1.025928e-01 -2.242164e-02
7.401449e+00 1.448116e-01 -2.669743e-02
7.401449e+00 2.023460e-01 -3.012635e-02
7.401449e+00 2.834245e-01 -2.969677e-02
7.401449e+00 3.967448e-01 -2.818819e-02
7.401449e+00 5.552783e-01 -2.499517e-02
7.401449e+00 7.774819e-01 -2.123978e-02
7.401449e+00 1.088445e+00 -1.745845e-02
7.401449e+00 1.523711e+00 -1.526679e-02
7.401449e+00 2.088426e+00 -1.530667e-02
7.401449e+00 2.685505e+00 -1.507973e-02
7.569477e+00 1.570796e-02 -3.132888e-04
7.569477e+00 2.346256e-02 -2.008915e-03
7.569477e+00 3.503514e-02 -2.689842e-03
7.569477e+00 5.263151e-02 -7.917776e-03
7.569477e+00 7.314235e-02 -1.847425e-02
7.569477e+00 1.025928e-01 -2.323297e-02
7.569477e+00 1.448116e-01 -2.853276e-02
7.569477e+00 2.023460e-01 -3.297084e-02
7.569477e+00 2.834245e-01 -3.328959e-02
7.569477e+00 3.967448e-01 -3.217816e-02
7.569477e+00 5.552783e-01 -2.883001e-02
7.569477e+00 7.774819e-01 -2.463115e-02
7.569477e+00 1.088445e+00 -2.027922e-02
7.569477e+00 1.523711e+00 -1.765724e-02
7.569477e+00 2.088426e+00 -1.753219e-02
7.569477e+00 2.685505e+00 -1.706558e-02
7.740867e+00 1.570796e-02 -2.847342e-04
7.740867e+00 2.346256e-02 -1.855864e-03
7.740867e+00 3.503514e-02 -2.444564e-03
7.740867e+00 5.263151e-02 -7.245142e-03
7.740867e+00 7.314235e-02 -1.734712e-02
7.740867e+00 1.025928e-01 -2.288821e-02
7.740867e+00 1.448116e-01 -2.900998e-02
7.740867e+00 2.023460e-01 -3.457706e-02
7.740867e+00 2.834245e-01 -3.577896e-02
7.740867e+00 3.967448e-01 -3.520267e-02
7.740867e+00 5.552783e-01 -3.200140e-02
7.740867e+00 7.774819e-01 -2.746119e-02
7.740867e+00 1.088445e+00 -2.268674e-02
7.740867e+00 1.523711e+00 -1.967727e-02
7.740867e+00 2.088426e+00 -1.926189e-02
7.740867e+00 2.685505e+00 -1.872554e-02
7.915684e+00 1.570796e-02 -2.547577e-04
7.915684e+00 2.346256e-02 -1.715345e-03
7.915684e+00 3.503514e-02 -2.214774e-03
7.915684e+00 5.263151e-02 -6.588173e-03
7.915684e+00 7.314235e-02 -1.598585e-02
7.915684e+00 1.025928e-01 -2.177899e-02
7.915684e+00 1.448116e-01 -2.865833e-02
7.915684e+00 2.023460e-01 -3.538297e-02
7.915684e+00 2.834245e-01 -3.736589e-02
7.915684e+00 3.967448e-01 -3.743691e-02
7.915684e+00 5.552783e-01 -3.458311e-02
7.915684e+00 7.774819e-01 -2.983334e-02
7.915684e+00 1.088445e+00 -2.468252e-02
7.915684e+00 1.523711e+00 -2.134133e-02
7.915684e+00 2.088426e+00 -2.068856e-02
7.915684e+00 2.685505e+00 -1.990392e-02
8.093998e+00 1.570796e-02 -2.288197e-04
8.093998e+00 2.346256e-02 -1.553907e-03
8.093998e+00 3.503514e-02 -1.998897e-03
8.093998e+00 5.263151e-02 -5.989686e-03
8.093998e+00 7.314235e-02 -1.454237e-02
8.093998e+00 1.025928e-01 -2.028378e-02
8.093998e+00 1.448116e-01 -2.752870e-02
8.093998e+00 2.023460e-01 -3.514079e-02
8.093998e+00 2.834245e-01 -3.806382e-02
8.093998e+00 3.967448e-01 -3.877768e-02
8.093998e+00 5.552783e-01 -3.634264e-02
8.093998e+00 7.774819e-01 -3.169776e-02
8.093998e+00 1.088445e+00 -2.630329e-02
8.093998e+00 1.523711e+00 -2.270257e-02
8.093998e+00 2.088426e+00 -2.190691e-02
8.093998e+00 2.685505e+00 -2.082349e-02
8.275878e+00 1.570796e-02 -2.079134e-04
8.275878e+00 2.346256e-02 -1.396089e-03
8.275878e+00 3.503514e-02 -1.810011e-03
8.275878e+00 5.263151e-02 -5.422403e-03
8.275878e+00 7.314235e-02 -1.314861e-02
8.275878e+00 1.025928e-01 -1.86373e-02
8.275878e+00 1.448116e-01 -2.591901e-02
8.275878e+00 2.023460e-01 -3.411854e-02
8.275878e+00 2.834245e-01 -3.794043e-02
8.275878e+00 3.967448e-01 -3.936679e-02
8.275878e+00 5.552783e-01 -3.742431e-02
8.275878e+00 7.774819e-01 -3.304887e-02
8.275878e+00 1.088445e+00 -2.755024e-02
8.275878e+00 1.523711e+00 -2.376439e-02
8.275878e+00 2.088426e+00 -2.286487e-02
8.275878e+00 2.685505e+00 -2.153015e-02
8.461396e+00 1.570796e-02 -1.890992e-04
8.461396e+00 2.346256e-02 -1.240121e-03
8.461396e+00 3.503514e-02 -1.629235e-03
8.461396e+00 5.263151e-02 -4.863329e-03
8.461396e+00 7.314235e-02 -1.176937e-02
8.461396e+00 1.025928e-01 -1.693931e-02
8.461396e+00 1.448116e-01 -2.409680e-02
8.461396e+00 2.023460e-01 -3.246057e-02
8.461396e+00 2.834245e-01 -3.713424e-02
8.461396e+00 3.967448e-01 -3.927763e-02
8.461396e+00 5.552783e-01 -3.790297e-02
8.461396e+00 7.774819e-01 -3.389710e-02
8.461396e+00 1.088445e+00 -2.837986e-02
8.461396e+00 1.523711e+00 -2.455280e-02
8.461396e+00 2.088426e+00 -2.353367e-02
8.461396e+00 2.685505e+00 -2.197952e-02
8.650623e+00 1.570796e-02 -1.680153e-04
8.650623e+00 2.346256e-02 -1.100476e-03
8.650623e+00 3.503514e-02 -1.463234e-03
8.650623e+00 5.263151e-02 -4.348897e-03
8.650623e+00 7.314235e-02 -1.049289e-02
8.650623e+00 1.025928e-01 -1.53091e-02
8.650623e+00 1.448116e-01 -2.211379e-02
8.650623e+00 2.023460e-01 -3.0461e-02
8.650623e+00 2.834245e-01 -3.575524e-02
8.650623e+00 3.967448e-01 -3.861360e-02
8.650623e+00 5.552783e-01 -3.787585e-02
8.650623e+00 7.774819e-01 -3.42719e-02
8.650623e+00 1.088445e+00 -2.889673e-02
8.650623e+00 1.523711e+00 -2.505922e-02
8.650623e+00 2.088426e+00 -2.392949e-02
8.650623e+00 2.685505e+00 -2.213173e-02
8.843636e+00 1.570796e-02 -1.484107e-04
8.843636e+00 2.346256e-02 -9.821928e-04
8.843636e+00 3.503514e-02 -1.315462e-03
8.843636e+00 5.263151e-02 -3.885725e-03
8.843636e+00 7.314235e-02 -9.324821e-03
8.843636e+00 1.025928e-01 -1.373233e-02
8.843636e+00 1.448116e-01 -2.006860e-02
8.843636e+00 2.023460e-01 -2.819407e-02
8.843636e+00 2.834245e-01 -3.387875e-02
8.843636e+00 3.967448e-01 -3.7351e-02
8.843636e+00 5.552783e-01 -3.735370e-02
8.843636e+00 7.774819e-01 -3.412666e-02
8.843636e+00 1.088445e+00 -2.905473e-02
8.843636e+00 1.523711e+00 -2.534116e-02
8.843636e+00 2.088426e+00 -2.426843e-02
8.843636e+00 2.685505e+00 -2.245904e-02
9.040509e+00 1.570796e-02 -1.312851e-04
9.040509e+00 2.346256e-02 -8.757059e-04
9.040509e+00 3.503514e-02 -1.183269e-03
9.040509e+00 5.263151e-02 -3.458050e-03
9.040509e+00 7.314235e-02 -8.259758e-03
9.040509e+00 1.025928e-01 -1.223885e-02
9.040509e+00 1.448116e-01 -1.805884e-02
9.040509e+00 2.023460e-01 -2.582532e-02
9.040509e+00 2.834245e-01 -3.171211e-02
9.040509e+00 3.967448e-01 -3.564679e-02
9.040509e+00 5.552783e-01 -3.627200e-02
9.040509e+00 7.774819e-01 -3.355236e-02
9.040509e+00 1.088445e+00 -2.887831e-02
9.040509e+00 1.523711e+00 -2.537400e-02
9.040509e+00 2.088426e+00 -2.428640e-02
9.040509e+00 2.685505e+00 -2.233008e-02
9.241319e+00 1.570796e-02 -1.180403e-04
9.241319e+00 2.346256e-02 -7.806957e-04
9.241319e+00 3.503514e-02 -1.062105e-03
9.241319e+00 5.263151e-02 -3.075233e-03
9.241319e+00 7.314235e-02 -7.322549e-03
9.241319e+00 1.025928e-01 -1.090859e-02
9.241319e+00 1.448116e-01 -1.618146e-02
9.241319e+00 2.023460e-01 -2.345232e-02
9.241319e+00 2.834245e-01 -2.932466e-02
9.241319e+00 3.967448e-01 -3.361563e-02
9.241319e+00 5.552783e-01 -3.481249e-02
9.241319e+00 7.774819e-01 -3.264586e-02
9.241319e+00 1.088445e+00 -2.844933e-02
9.241319e+00 1.523711e+00 -2.512626e-02
9.241319e+00 2.088426e+00 -2.408117e-02
9.241319e+00 2.685505e+00 -2.19217e-02
9.446145e+00 1.570796e-02 -1.054185e-04
9.446145e+00 2.346256e-02 -6.913029e-04
9.446145e+00 3.503514e-02 -9.484128e-04
9.446145e+00 5.263151e-02 -2.723966e-03
9.446145e+00 7.314235e-02 -6.475169e-03
9.446145e+00 1.025928e-01 -9.665849e-03
9.446145e+00 1.448116e-01 -1.441325e-02
9.446145e+00 2.023460e-01 -2.112291e-02
9.446145e+00 2.834245e-01 -2.685684e-02
9.446145e+00 3.967448e-01 -3.138149e-02
9.446145e+00 5.552783e-01 -3.305569e-02
9.446145e+00 7.774819e-01 -3.143049e-02
9.446145e+00 1.088445e+00 -2.775602e-02
9.446145e+00 1.523711e+00 -2.468717e-02
9.446145e+00 2.088426e+00 -2.370766e-02
9.446145e+00 2.685505e+00 -2.157491e-02
9.655068e+00 1.570796e-02 -9.317153e-05
9.655068e+00 2.346256e-02 -6.114916e-04
9.655068e+00 3.503514e-02 -8.406521e-04
9.655068e+00 5.263151e-02 -2.400567e-03
9.655068e+00 7.314235e-02 -5.709948e-03
9.655068e+00 1.025928e-01 -8.548878e-03
9.655068e+00 1.448116e-01 -1.277494e-02
9.655068e+00 2.023460e-01 -1.892217e-02
9.655068e+00 2.834245e-01 -2.437032e-02
9.655068e+00 3.967448e-01 -2.898400e-02
9.655068e+00 5.552783e-01 -3.104975e-02
9.655068e+00 7.774819e-01 -2.994336e-02
9.655068e+00 1.088445e+00 -2.679037e-02
9.655068e+00 1.523711e+00 -2.406244e-02
9.655068e+00 2.088426e+00 -2.318642e-02
9.655068e+00 2.685505e+00 -2.092496e-02
9.86817e+00 1.570796e-02 -8.160298e-05
9.86817e+00 2.346256e-02 -5.372621e-04
9.86817e+00 3.503514e-02 -7.424116e-04
9.86817e+00 5.263151e-02 -2.103423e-03
9.86817e+00 7.314235e-02 -5.022905e-03
9.86817e+00 1.025928e-01 -7.528741e-03
9.86817e+00 1.448116e-01 -1.126565e-02
9.86817e+00 2.023460e-01 -1.683438e-02
9.86817e+00 2.834245e-01 -2.197777e-02
9.86817e+00 3.967448e-01 -2.655117e-02
9.86817e+00 5.552783e-01 -2.890689e-02
9.86817e+00 7.774819e-01 -2.831510e-02
9.86817e+00 1.088445e+00 -2.563696e-02
9.86817e+00 1.523711e+00 -2.326467e-02
9.86817e+00 2.088426e+00 -2.246981e-02
9.86817e+00 2.685505e+00 -2.021785e-02
1.008553e+01 1.570796e-02 -7.187977e-05
1.008553e+01 2.346256e-02 -4.736456e-04
1.008553e+01 3.503514e-02 -6.499305e-04
1.008553e+01 5.263151e-02 -1.842963e-03
1.008553e+01 7.314235e-02 -4.402015e-03
1.008553e+01 1.025928e-01 -6.609929e-03
1.008553e+01 1.448116e-01 -9.90266e-03
1.008553e+01 2.023460e-01 -1.489685e-02
1.008553e+01 2.834245e-01 -1.967108e-02
1.008553e+01 3.967448e-01 -2.41476e-02
1.008553e+01 5.552783e-01 -2.669585e-02
1.008553e+01 7.774819e-01 -2.653595e-02
1.008553e+01 1.088445e+00 -2.438371e-02
1.008553e+01 1.523711e+00 -2.235635e-02
1.008553e+01 2.088426e+00 -2.167788e-02
1.008553e+01 2.685505e+00 -1.928700e-02
1.030724e+01 1.570796e-02 -6.272517e-05
1.030724e+01 2.346256e-02 -4.173095e-04
1.030724e+01 3.503514e-02 -5.681017e-04
1.030724e+01 5.263151e-02 -1.603886e-03
1.030724e+01 7.314235e-02 -3.840239e-03
1.030724e+01 1.025928e-01 -5.77698e-03
1.030724e+01 1.448116e-01 -8.66406e-03
1.030724e+01 2.023460e-01 -1.309860e-02
1.030724e+01 2.834245e-01 -1.749726e-02
1.030724e+01 3.967448e-01 -2.176948e-02
1.030724e+01 5.552783e-01 -2.442188e-02
1.030724e+01 7.774819e-01 -2.465632e-02
1.030724e+01 1.088445e+00 -2.295562e-02
1.030724e+01 1.523711e+00 -2.132717e-02
1.030724e+01 2.088426e+00 -2.084803e-02
1.030724e+01 2.685505e+00 -1.848486e-02
1.053339e+01 1.570796e-02 -5.532100e-05
1.053339e+01 2.346256e-02 -3.648528e-04
1.053339e+01 3.503514e-02 -4.972515e-04
1.053339e+01 5.263151e-02 -1.397782e-03
1.053339e+01 7.314235e-02 -3.338676e-03
1.053339e+01 1.025928e-01 -5.03415e-03
1.053339e+01 1.448116e-01 -7.559406e-03
1.053339e+01 2.023460e-01 -1.146915e-02
1.053339e+01 2.834245e-01 -1.547934e-02
1.053339e+01 3.967448e-01 -1.948115e-02
1.053339e+01 5.552783e-01 -2.216068e-02
1.053339e+01 7.774819e-01 -2.272493e-02
1.053339e+01 1.088445e+00 -2.143717e-02
1.053339e+01 1.523711e+00 -2.016682e-02
1.053339e+01 2.088426e+00 -1.982480e-02
1.053339e+01 2.685505e+00 -1.752482e-02
1.076406e+01 1.570796e-02 -4.875902e-05
1.076406e+01 2.346256e-02 -3.175721e-04
1.076406e+01 3.503514e-02 -4.321911e-04
1.076406e+01 5.263151e-02 -1.215593e-03
1.076406e+01 7.314235e-02 -2.895903e-03
1.076406e+01 1.025928e-01 -4.375247e-03
1.076406e+01 1.448116e-01 -6.581353e-03
1.076406e+01 2.023460e-01 -1.000926e-02
1.076406e+01 2.834245e-01 -1.361731e-02
1.076406e+01 3.967448e-01 -1.730313e-02
1.076406e+01 5.552783e-01 -1.997332e-02
1.076406e+01 7.774819e-01 -2.075719e-02
1.076406e+01 1.088445e+00 -1.988507e-02
1.076406e+01 1.523711e+00 -1.892274e-02
1.076406e+01 2.088426e+00 -1.865382e-02
1.076406e+01 2.685505e+00 -1.631023e-02
1.099934e+01 1.570796e-02 -4.214625e-05
1.099934e+01 2.346256e-02 -2.728948e-04
1.099934e+01 3.503514e-02 -3.756574e-04
1.099934e+01 5.263151e-02 -1.048506e-03
1.099934e+01 7.314235e-02 -2.505587e-03
1.099934e+01 1.025928e-01 -3.787038e-03
1.099934e+01 1.448116e-01 -5.694117e-03
1.099934e+01 2.023460e-01 -8.673061e-03
1.099934e+01 2.834245e-01 -1.187989e-02
1.099934e+01 3.967448e-01 -1.523418e-02
1.099934e+01 5.552783e-01 -1.78077e-02
1.099934e+01 7.774819e-01 -1.880024e-02
1.099934e+01 1.088445e+00 -1.828673e-02
1.099934e+01 1.523711e+00 -1.765341e-02
1.099934e+01 2.088426e+00 -1.7594e-02
1.099934e+01 2.685505e+00 -1.537011e-02
1.123932e+01 1.570796e-02 -3.678612e-05
1.123932e+01 2.346256e-02 -2.334538e-04
1.123932e+01 3.503514e-02 -3.231939e-04
1.123932e+01 5.263151e-02 -8.991225e-04
1.123932e+01 7.314235e-02 -2.161402e-03
1.123932e+01 1.025928e-01 -3.258493e-03
1.123932e+01 1.448116e-01 -4.910348e-03
1.123932e+01 2.023460e-01 -7.492716e-03
1.123932e+01 2.834245e-01 -1.030791e-02
1.123932e+01 3.967448e-01 -1.333943e-02
1.123932e+01 5.552783e-01 -1.578075e-02
1.123932e+01 7.774819e-01 -1.691502e-02
1.123932e+01 1.088445e+00 -1.671317e-02
1.123932e+01 1.523711e+00 -1.639196e-02
1.123932e+01 2.088426e+00 -1.645424e-02
1.123932e+01 2.685505e+00 -1.434902e-02
1.148411e+01 1.570796e-02 -3.159723e-05
1.148411e+01 2.346256e-02 -2.008522e-04
1.148411e+01 3.503514e-02 -2.777358e-04
1.148411e+01 5.263151e-02 -7.726262e-04
1.148411e+01 7.314235e-02 -1.852584e-03
1.148411e+01 1.025928e-01 -2.787698e-03
1.148411e+01 1.448116e-01 -4.21289e-03
1.148411e+01 2.023460e-01 -6.444468e-03
1.148411e+01 2.834245e-01 -8.890323e-03
1.148411e+01 3.967448e-01 -1.159854e-02
1.148411e+01 5.552783e-01 -1.388149e-02
1.148411e+01 7.774819e-01 -1.510403e-02
1.148411e+01 1.088445e+00 -1.514681e-02
1.148411e+01 1.523711e+00 -1.508263e-02
1.148411e+01 2.088426e+00 -1.524337e-02
1.148411e+01 2.685505e+00 -1.329604e-02
1.173379e+01 1.570796e-02 -2.691467e-05
1.173379e+01 2.346256e-02 -1.723309e-04
1.173379e+01 3.503514e-02 -2.376136e-04
1.173379e+01 5.263151e-02 -6.597215e-04
1.173379e+01 7.314235e-02 -1.580568e-03
1.173379e+01 1.025928e-01 -2.380407e-03
1.173379e+01 1.448116e-01 -3.606476e-03
1.173379e+01 2.023460e-01 -5.512681e-03
1.173379e+01 2.834245e-01 -7.625953e-03
1.173379e+01 3.967448e-01 -1.002829e-02
1.173379e+01 5.552783e-01 -1.212621e-02
1.173379e+01 7.774819e-01 -1.336575e-02
1.173379e+01 1.088445e+00 -1.36336e-02
1.173379e+01 1.523711e+00 -1.379375e-02
1.173379e+01 2.088426e+00 -1.405963e-02
1.173379e+01 2.685505e+00 -1.227979e-02
1.198847e+01 1.570796e-02 -2.280051e-05
1.198847e+01 2.346256e-02 -1.464663e-04
1.198847e+01 3.503514e-02 -2.008323e-04
1.198847e+01 5.263151e-02 -5.577974e-04
1.198847e+01 7.314235e-02 -1.342406e-03
1.198847e+01 1.025928e-01 -2.020812e-03
1.198847e+01 1.448116e-01 -3.062147e-03
1.198847e+01 2.023460e-01 -4.681015e-03
1.198847e+01 2.834245e-01 -6.496553e-03
1.198847e+01 3.967448e-01 -8.604362e-03
1.198847e+01 5.552783e-01 -1.051196e-02
1.198847e+01 7.774819e-01 -1.177712e-02
1.198847e+01 1.088445e+00 -1.218733e-02
1.198847e+01 1.523711e+00 -1.25334e-02
1.198847e+01 2.088426e+00 -1.288325e-02
1.198847e+01 2.685505e+00 -1.130647e-02
1.224824e+01 1.570796e-02 -1.927345e-05
1.224824e+01 2.346256e-02 -1.249943e-04
1.224824e+01 3.503514e-02 -1.696611e-04
1.224824e+01 5.263151e-02 -4.717159e-04
1.224824e+01 7.314235e-02 -1.134071e-03
1.224824e+01 1.025928e-01 -1.704456e-03
1.224824e+01 1.448116e-01 -2.590947e-03
1.224824e+01 2.023460e-01 -3.964083e-03
1.224824e+01 2.834245e-01 -5.519269e-03
1.224824e+01 3.967448e-01 -7.351175e-03
1.224824e+01 5.552783e-01 -9.051518e-03
1.224824e+01 7.774819e-01 -1.028986e-02
1.224824e+01 1.088445e+00 -1.082369e-02
1.224824e+01 1.523711e+00 -1.131443e-02
1.224824e+01 2.088426e+00 -1.17456e-02
1.224824e+01 2.685505e+00 -1.031537e-02
1.251320e+01 1.570796e-02 -1.622076e-05
1.251320e+01 2.346256e-02 -1.042921e-04
1.251320e+01 3.503514e-02 -1.420721e-04
1.251320e+01 5.263151e-02 -3.965012e-04
1.251320e+01 7.314235e-02 -9.51281e-04
1.251320e+01 1.025928e-01 -1.430591e-03
1.251320e+01 1.448116e-01 -2.185851e-03
1.251320e+01 2.023460e-01 -3.338386e-03
1.251320e+01 2.834245e-01 -4.661231e-03
1.251320e+01 3.967448e-01 -6.240816e-03
1.251320e+01 5.552783e-01 -7.745097e-03
1.251320e+01 7.774819e-01 -8.928323e-03
1.251320e+01 1.088445e+00 -9.549585e-03
1.251320e+01 1.523711e+00 -1.012626e-02
1.251320e+01 2.088426e+00 -1.064901e-02
1.251320e+01 2.685505e+00 -9.352740e-03
1.278347e+01 1.570796e-02 -1.34368e-05
1.278347e+01 2.346256e-02 -8.573012e-05
1.278347e+01 3.503514e-02 -1.192441e-04
1.278347e+01 5.263151e-02 -3.312079e-04
1.278347e+01 7.314235e-02 -7.939183e-04
1.278347e+01 1.025928e-01 -1.193814e-03
1.278347e+01 1.448116e-01 -1.829150e-03
1.278347e+01 2.023460e-01 -2.789074e-03
1.278347e+01 2.834245e-01 -3.909594e-03
1.278347e+01 3.967448e-01 -5.249299e-03
1.278347e+01 5.552783e-01 -6.570072e-03
1.278347e+01 7.774819e-01 -7.695633e-03
1.278347e+01 1.088445e+00 -8.352987e-03
1.278347e+01 1.523711e+00 -9.029958e-03
1.278347e+01 2.088426e+00 -9.579419e-03
1.278347e+01 2.685505e+00 -8.450537e-03
1.305914e+01 1.570796e-02 -1.106763e-05
1.305914e+01 2.346256e-02 -7.155006e-05
1.305914e+01 3.503514e-02 -9.925875e-05
1.305914e+01 5.263151e-02 -2.772433e-04
1.305914e+01 7.314235e-02 -6.623969e-04
1.305914e+01 1.025928e-01 -9.917641e-04
1.305914e+01 1.448116e-01 -1.528696e-03
1.305914e+01 2.023460e-01 -2.321642e-03
1.305914e+01 2.834245e-01 -3.267935e-03
1.305914e+01 3.967448e-01 -4.402156e-03
1.305914e+01 5.552783e-01 -5.538607e-03
1.305914e+01 7.774819e-01 -6.579715e-03
1.305914e+01 1.088445e+00 -7.266107e-03
1.305914e+01 1.523711e+00 -7.98482e-03
1.305914e+01 2.088426e+00 -8.590533e-03
1.305914e+01 2.685505e+00 -7.600332e-03
1.334032e+01 1.570796e-02 -9.127984e-06
1.334032e+01 2.346256e-02 -5.952017e-05
1.334032e+01 3.503514e-02 -8.239261e-05
1.334032e+01 5.263151e-02 -2.301975e-04
1.334032e+01 7.314235e-02 -5.477343e-04
1.334032e+01 1.025928e-01 -8.199759e-04
1.334032e+01 1.448116e-01 -1.270675e-03
1.334032e+01 2.023460e-01 -1.923593e-03
1.334032e+01 2.834245e-01 -2.708525e-03
1.334032e+01 3.967448e-01 -3.662282e-03
1.334032e+01 5.552783e-01 -4.642517e-03
1.334032e+01 7.774819e-01 -5.590673e-03
1.334032e+01 1.088445e+00 -6.277140e-03
1.334032e+01 1.523711e+00 -7.005400e-03
1.334032e+01 2.088426e+00 -7.605435e-03
1.334032e+01 2.685505e+00 -6.791406e-03
1.362713e+01 1.570796e-02 -7.286934e-06
1.362713e+01 2.346256e-02 -4.863808e-05
1.362713e+01 3.503514e-02 -6.809252e-05
1.362713e+01 5.263151e-02 -1.900212e-04
1.362713e+01 7.314235e-02 -4.516898e-04
1.362713e+01 1.025928e-01 -6.730545e-04
1.362713e+01 1.448116e-01 -1.048123e-03
1.362713e+01 2.023460e-01 -1.585951e-03
1.362713e+01 2.834245e-01 -2.238414e-03
1.362713e+01 3.967448e-01 -3.026856e-03
1.362713e+01 5.552783e-01 -3.856775e-03
1.362713e+01 7.774819e-01 -4.7094e-03
1.362713e+01 1.088445e+00 -5.384966e-03
1.362713e+01 1.523711e+00 -6.105382e-03
1.362713e+01 2.088426e+00 -6.713145e-03
1.362713e+01 2.685505e+00 -6.013127e-03
1.391967e+01 1.570796e-02 -6.022593e-06
1.391967e+01 2.346256e-02 -3.968816e-05
1.391967e+01 3.503514e-02 -5.538865e-05
1.391967e+01 5.263151e-02 -1.558137e-04
1.391967e+01 7.314235e-02 -3.692670e-04
1.391967e+01 1.025928e-01 -5.513177e-04
1.391967e+01 1.448116e-01 -8.580066e-04
1.391967e+01 2.023460e-01 -1.295684e-03
1.391967e+01 2.834245e-01 -1.836603e-03
1.391967e+01 3.967448e-01 -2.490305e-03
1.391967e+01 5.552783e-01 -3.196560e-03
1.391967e+01 7.774819e-01 -3.949898e-03
1.391967e+01 1.088445e+00 -4.601391e-03
1.391967e+01 1.523711e+00 -5.307783e-03
1.391967e+01 2.088426e+00 -5.915662e-03
1.391967e+01 2.685505e+00 -5.349282e-03
1.421806e+01 1.570796e-02 -4.949938e-06
1.421806e+01 2.346256e-02 -3.241324e-05
1.421806e+01 3.503514e-02 -4.478918e-05
1.421806e+01 5.263151e-02 -1.266316e-04
1.421806e+01 7.314235e-02 -3.008298e-04
1.421806e+01 1.025928e-01 -4.487560e-04
1.421806e+01 1.448116e-01 -7.004758e-04
1.421806e+01 2.023460e-01 -1.05249e-03
1.421806e+01 2.834245e-01 -1.499068e-03
1.421806e+01 3.967448e-01 -2.037049e-03
1.421806e+01 5.552783e-01 -2.625977e-03
1.421806e+01 7.774819e-01 -3.29308e-03
1.421806e+01 1.088445e+00 -3.901608e-03
1.421806e+01 1.523711e+00 -4.584331e-03
1.421806e+01 2.088426e+00 -5.165401e-03
1.421806e+01 2.685505e+00 -4.676718e-03
1.452242e+01 1.570796e-02 -4.017491e-06
1.452242e+01 2.346256e-02 -2.648174e-05
1.452242e+01 3.503514e-02 -3.627135e-05
1.452242e+01 5.263151e-02 -1.029548e-04
1.452242e+01 7.314235e-02 -2.430181e-04
1.452242e+01 1.025928e-01 -3.642644e-04
1.452242e+01 1.448116e-01 -5.659311e-04
1.452242e+01 2.023460e-01 -8.522768e-04
1.452242e+01 2.834245e-01 -1.216434e-03
1.452242e+01 3.967448e-01 -1.651772e-03
1.452242e+01 5.552783e-01 -2.141893e-03
1.452242e+01 7.774819e-01 -2.721594e-03
1.452242e+01 1.088445e+00 -3.276713e-03
1.452242e+01 1.523711e+00 -3.915941e-03
1.452242e+01 2.088426e+00 -4.459203e-03
1.452242e+01 2.685505e+00 -4.042185e-03
1.483287e+01 1.570796e-02 -3.360323e-06
1.483287e+01 2.346256e-02 -2.141312e-05
1.483287e+01 3.503514e-02 -2.941548e-05
1.483287e+01 5.263151e-02 -8.307608e-05
1.483287e+01 7.314235e-02 -1.955414e-04
1.483287e+01 1.025928e-01 -2.941842e-04
1.483287e+01 1.448116e-01 -4.563714e-04
1.483287e+01 2.023460e-01 -6.910065e-04
1.483287e+01 2.834245e-01 -9.844937e-04
1.483287e+01 3.967448e-01 -1.336653e-03
1.483287e+01 5.552783e-01 -1.744469e-03
1.483287e+01 7.774819e-01 -2.241831e-03
1.483287e+01 1.088445e+00 -2.735835e-03
1.483287e+01 1.523711e+00 -3.328918e-03
1.483287e+01 2.088426e+00 -3.83284e-03
1.483287e+01 2.685505e+00 -3.499215e-03
1.514953e+01 1.570796e-02 -2.621406e-06
1.514953e+01 2.346256e-02 -1.710123e-05
1.514953e+01 3.503514e-02 -2.399086e-05
1.514953e+01 5.263151e-02 -6.614274e-05
1.514953e+01 7.314235e-02 -1.556836e-04
1.514953e+01 1.025928e-01 -2.345121e-04
1.514953e+01 1.448116e-01 -3.653036e-04
1.514953e+01 2.023460e-01 -5.536280e-04
1.514953e+01 2.834245e-01 -7.891569e-04
1.514953e+01 3.967448e-01 -1.074036e-03
1.514953e+01 5.552783e-01 -1.407880e-03
1.514953e+01 7.774819e-01 -1.829068e-03
1.514953e+01 1.088445e+00 -2.274867e-03
1.514953e+01 1.523711e+00 -2.810787e-03
1.514953e+01 2.088426e+00 -3.280933e-03
1.514953e+01 2.685505e+00 -3.013361e-03
1.547252e+01 1.570796e-02 -2.139129e-06
1.547252e+01 2.346256e-02 -1.344926e-05
1.547252e+01 3.503514e-02 -1.897609e-05
1.547252e+01 5.263151e-02 -5.268700e-05
1.547252e+01 7.314235e-02 -1.236979e-04
1.547252e+01 1.025928e-01 -1.871072e-04
1.547252e+01 1.448116e-01 -2.92045e-04
1.547252e+01 2.023460e-01 -4.417456e-04
1.547252e+01 2.834245e-01 -6.306680e-04
1.547252e+01 3.967448e-01 -8.583893e-04
1.547252e+01 5.552783e-01 -1.132177e-03
1.547252e+01 7.774819e-01 -1.484576e-03
1.547252e+01 1.088445e+00 -1.877259e-03
1.547252e+01 1.523711e+00 -2.358288e-03
1.547252e+01 2.088426e+00 -2.775473e-03
1.547252e+01 2.685505e+00 -2.546040e-03
1.580197e+01 1.570796e-02 -1.666363e-06
1.580197e+01 2.346256e-02 -1.048228e-05
1.580197e+01 3.503514e-02 -1.508983e-05
1.580197e+01 5.263151e-02 -4.136789e-05
1.580197e+01 7.314235e-02 -9.82207e-05
1.580197e+01 1.025928e-01 -1.486961e-04
1.580197e+01 1.448116e-01 -2.305270e-04
1.580197e+01 2.023460e-01 -3.478430e-04
1.580197e+01 2.834245e-01 -5.006039e-04
1.580197e+01 3.967448e-01 -6.813143e-04
1.580197e+01 5.552783e-01 -9.06424e-04
1.580197e+01 7.774819e-01 -1.197833e-03
1.580197e+01 1.088445e+00 -1.532195e-03
1.580197e+01 1.523711e+00 -1.959705e-03
1.580197e+01 2.088426e+00 -2.329604e-03
1.580197e+01 2.685505e+00 -2.135017e-03
1.613801e+01 1.570796e-02 -1.263394e-06
1.613801e+01 2.346256e-02 -8.209450e-06
1.613801e+01 3.503514e-02 -1.168008e-05
1.613801e+01 5.263151e-02 -3.245985e-05
1.613801e+01 7.314235e-02 -7.60531e-05
1.613801e+01 1.025928e-01 -1.160751e-04
1.613801e+01 1.448116e-01 -1.809888e-04
1.613801e+01 2.023460e-01 -2.723682e-04
1.613801e+01 2.834245e-01 -3.935703e-04
1.613801e+01 3.967448e-01 -5.367102e-04
1.613801e+01 5.552783e-01 -7.154722e-04
1.613801e+01 7.774819e-01 -9.571153e-04
1.613801e+01 1.088445e+00 -1.241108e-03
1.613801e+01 1.523711e+00 -1.607374e-03
1.613801e+01 2.088426e+00 -1.932744e-03
1.613801e+01 2.685505e+00 -1.773021e-03
1.648077e+01 1.570796e-02 -1.002529e-06
1.648077e+01 2.346256e-02 -6.200357e-06
1.648077e+01 3.503514e-02 -9.106295e-06
1.648077e+01 5.263151e-02 -2.502690e-05
1.648077e+01 7.314235e-02 -5.912102e-05
1.648077e+01 1.025928e-01 -8.952523e-05
1.648077e+01 1.448116e-01 -1.401315e-04
1.648077e+01 2.023460e-01 -2.116769e-04
1.648077e+01 2.834245e-01 -3.061108e-04
1.648077e+01 3.967448e-01 -4.183019e-04
1.648077e+01 5.552783e-01 -5.608905e-04
1.648077e+01 7.774819e-01 -7.567664e-04
1.648077e+01 1.088445e+00 -9.950809e-04
1.648077e+01 1.523711e+00 -1.304086e-03
1.648077e+01 2.088426e+00 -1.582308e-03
1.648077e+01 2.685505e+00 -1.466524e-03
1.683038e+01 1.570796e-02 -8.459643e-07
1.683038e+01 2.346256e-02 -4.714667e-06
1.683038e+01 3.503514e-02 -6.923413e-06
1.683038e+01 5.263151e-02 -1.931920e-05
1.683038e+01 7.314235e-02 -4.567534e-05
1.683038e+01 1.025928e-01 -6.862179e-05
1.683038e+01 1.448116e-01 -1.088060e-04
1.683038e+01 2.023460e-01 -1.630108e-04
1.683038e+01 2.834245e-01 -2.371421e-04
1.683038e+01 3.967448e-01 -3.231697e-04
1.683038e+01 5.552783e-01 -4.353268e-04
1.683038e+01 7.774819e-01 -5.952089e-04
1.683038e+01 1.088445e+00 -7.889316e-04
1.683038e+01 1.523711e+00 -1.042554e-03
1.683038e+01 2.088426e+00 -1.277246e-03
1.683038e+01 2.685505e+00 -1.182441e-03
1.718699e+01 1.570796e-02 -6.131139e-07
1.718699e+01 2.346256e-02 -3.556523e-06
1.718699e+01 3.503514e-02 -5.373183e-06
1.718699e+01 5.263151e-02 -1.479981e-05
1.718699e+01 7.314235e-02 -3.432098e-05
1.718699e+01 1.025928e-01 -5.144853e-05
1.718699e+01 1.448116e-01 -8.336666e-05
1.718699e+01 2.023460e-01 -1.243593e-04
1.718699e+01 2.834245e-01 -1.814102e-04
1.718699e+01 3.967448e-01 -2.469608e-04
1.718699e+01 5.552783e-01 -3.341477e-04
1.718699e+01 7.774819e-01 -4.630960e-04
1.718699e+01 1.088445e+00 -6.200954e-04
1.718699e+01 1.523711e+00 -8.298278e-04
1.718699e+01 2.088426e+00 -1.026706e-03
1.718699e+01 2.685505e+00 -9.509834e-04
1.755073e+01 1.570796e-02 -4.76032e-07
1.755073e+01 2.346256e-02 -2.537513e-06
1.755073e+01 3.503514e-02 -4.071444e-06
1.755073e+01 5.263151e-02 -1.11649e-05
1.755073e+01 7.314235e-02 -2.556725e-05
1.755073e+01 1.025928e-01 -3.888539e-05
1.755073e+01 1.448116e-01 -6.262693e-05
1.755073e+01 2.023460e-01 -9.375235e-05
1.755073e+01 2.834245e-01 -1.375759e-04
1.755073e+01 3.967448e-01 -1.870062e-04
1.755073e+01 5.552783e-01 -2.541818e-04
1.755073e+01 7.774819e-01 -3.568755e-04
1.755073e+01 1.088445e+00 -4.798117e-04
1.755073e+01 1.523711e+00 -6.475336e-04
1.755073e+01 2.088426e+00 -8.077535e-04
1.755073e+01 2.685505e+00 -7.513682e-04
1.792175e+01 1.570796e-02 -3.339293e-07
1.792175e+01 2.346256e-02 -1.863986e-06
1.792175e+01 3.503514e-02 -2.953143e-06
1.792175e+01 5.263151e-02 -8.273975e-06
1.792175e+01 7.314235e-02 -1.882226e-05
1.792175e+01 1.025928e-01 -2.869891e-05
1.792175e+01 1.448116e-01 -4.694287e-05
1.792175e+01 2.023460e-01 -6.921069e-05
1.792175e+01 2.834245e-01 -1.021249e-04
1.792175e+01 3.967448e-01 -1.394903e-04
1.792175e+01 5.552783e-01 -1.895858e-04
1.792175e+01 7.774819e-01 -2.696126e-04
1.792175e+01 1.088445e+00 -3.639638e-04
1.792175e+01 1.523711e+00 -4.961856e-04
1.792175e+01 2.088426e+00 -6.217271e-04
1.792175e+01 2.685505e+00 -5.799911e-04
1.830018e+01 1.570796e-02 -2.314592e-07
1.830018e+01 2.346256e-02 -1.377334e-06
1.830018e+01 3.503514e-02 -2.163238e-06
1.830018e+01 5.263151e-02 -6.094915e-06
1.830018e+01 7.314235e-02 -1.365011e-05
1.830018e+01 1.025928e-01 -2.08064e-05
1.830018e+01 1.448116e-01 -3.390646e-05
1.830018e+01 2.023460e-01 -5.024662e-05
1.830018e+01 2.834245e-01 -7.400912e-05
1.830018e+01 3.967448e-01 -1.019771e-04
1.830018e+01 5.552783e-01 -1.384276e-04
1.830018e+01 7.774819e-01 -1.992684e-04
1.830018e+01 1.088445e+00 -2.6996e-04
1.830018e+01 1.523711e+00 -3.70204e-04
1.830018e+01 2.088426e+00 -4.690616e-04
1.830018e+01 2.685505e+00 -4.380265e-04
1.868618e+01 1.570796e-02 -1.767671e-07
1.868618e+01 2.346256e-02 -9.468999e-07
1.868618e+01 3.503514e-02 -1.568323e-06
1.868618e+01 5.263151e-02 -4.481235e-06
1.868618e+01 7.314235e-02 -9.807893e-06
1.868618e+01 1.025928e-01 -1.501992e-05
1.868618e+01 1.448116e-01 -2.411017e-05
1.868618e+01 2.023460e-01 -3.615972e-05
1.868618e+01 2.834245e-01 -5.313633e-05
1.868618e+01 3.967448e-01 -7.292881e-05
1.868618e+01 5.552783e-01 -1.004339e-04
1.868618e+01 7.774819e-01 -1.449044e-04
1.868618e+01 1.088445e+00 -1.976845e-04
1.868618e+01 1.523711e+00 -2.725739e-04
1.868618e+01 2.088426e+00 -3.475994e-04
1.868618e+01 2.685505e+00 -3.309406e-04
1.907991e+01 1.570796e-02 -1.308804e-07
1.907991e+01 2.346256e-02 -6.899415e-07
1.907991e+01 3.503514e-02 -1.126461e-06
1.907991e+01 5.263151e-02 -3.155025e-06
1.907991e+01 7.314235e-02 -7.031235e-06
1.907991e+01 1.025928e-01 -1.055151e-05
1.907991e+01 1.448116e-01 -1.717097e-05
1.907991e+01 2.023460e-01 -2.604199e-05
1.907991e+01 2.834245e-01 -3.821601e-05
1.907991e+01 3.967448e-01 -5.218908e-05
1.907991e+01 5.552783e-01 -7.259972e-05
1.907991e+01 7.774819e-01 -1.058824e-04
1.907991e+01 1.088445e+00 -1.445428e-04
1.907991e+01 1.523711e+00 -2.009554e-04
1.907991e+01 2.088426e+00 -2.572659e-04
1.907991e+01 2.685505e+00 -2.485646e-04
1.948151e+01 1.570796e-02 -9.292172e-08
1.948151e+01 2.346256e-02 -4.973823e-07
1.948151e+01 3.503514e-02 -7.688845e-07
1.948151e+01 5.263151e-02 -2.180899e-06
1.948151e+01 7.314235e-02 -4.979018e-06
1.948151e+01 1.025928e-01 -7.239941e-06
1.948151e+01 1.448116e-01 -1.196586e-05
1.948151e+01 2.023460e-01 -1.796369e-05
1.948151e+01 2.834245e-01 -2.701235e-05
1.948151e+01 3.967448e-01 -3.665899e-05
1.948151e+01 5.552783e-01 -5.123770e-05
1.948151e+01 7.774819e-01 -7.514935e-05
1.948151e+01 1.088445e+00 -1.037374e-04
1.948151e+01 1.523711e+00 -1.441315e-04
1.948151e+01 2.088426e+00 -1.852475e-04
1.948151e+01 2.685505e+00 -1.822047e-04
1.989114e+01 1.570796e-02 -6.811176e-08
1.989114e+01 2.346256e-02 -3.099196e-07
1.989114e+01 3.503514e-02 -5.196009e-07
1.989114e+01 5.263151e-02 -1.561470e-06
1.989114e+01 7.314235e-02 -3.465077e-06
1.989114e+01 1.025928e-01 -4.987613e-06
1.989114e+01 1.448116e-01 -8.357932e-06
1.989114e+01 2.023460e-01 -1.238689e-05
1.989114e+01 2.834245e-01 -1.886139e-05
1.989114e+01 3.967448e-01 -2.563039e-05
1.989114e+01 5.552783e-01 -3.578302e-05
1.989114e+01 7.774819e-01 -5.336504e-05
1.989114e+01 1.088445e+00 -7.322793e-05
1.989114e+01 1.523711e+00 -1.016569e-04
1.989114e+01 2.088426e+00 -1.321072e-04
1.989114e+01 2.685505e+00 -1.275489e-04
2.030896e+01 1.570796e-02 -5.229256e-08
2.030896e+01 2.346256e-02 -1.973596e-07
2.030896e+01 3.503514e-02 -3.149682e-07
2.030896e+01 5.263151e-02 -1.034891e-06
2.030896e+01 7.314235e-02 -2.315586e-06
2.030896e+01 1.025928e-01 -3.329917e-06
2.030896e+01 1.448116e-01 -5.420535e-06
2.030896e+01 2.023460e-01 -7.999263e-06
2.030896e+01 2.834245e-01 -1.258276e-05
2.030896e+01 3.967448e-01 -1.711576e-05
2.030896e+01 5.552783e-01 -2.395122e-05
2.030896e+01 7.774819e-01 -3.568087e-05
2.030896e+01 1.088445e+00 -4.970984e-05
2.030896e+01 1.523711e+00 -6.965022e-05
2.030896e+01 2.088426e+00 -9.113278e-05
2.030896e+01 2.685505e+00 -8.637865e-05
2.073514e+01 1.570796e-02 -3.639827e-08
2.073514e+01 2.346256e-02 -1.314333e-07
2.073514e+01 3.503514e-02 -2.032655e-07
2.073514e+01 5.263151e-02 -6.347848e-07
2.073514e+01 7.314235e-02 -1.516032e-06
2.073514e+01 1.025928e-01 -2.176657e-06
2.073514e+01 1.448116e-01 -3.578218e-06
2.073514e+01 2.023460e-01 -5.159233e-06
2.073514e+01 2.834245e-01 -8.054011e-06
2.073514e+01 3.967448e-01 -1.115524e-05
2.073514e+01 5.552783e-01 -1.578923e-05
2.073514e+01 7.774819e-01 -2.36902e-05
2.073514e+01 1.088445e+00 -3.292165e-05
2.073514e+01 1.523711e+00 -4.648525e-05
2.073514e+01 2.088426e+00 -6.139273e-05
2.073514e+01 2.685505e+00 -5.726129e-05
2.116984e+01 1.570796e-02 -2.211078e-08
2.116984e+01 2.346256e-02 -7.382535e-08
2.116984e+01 3.503514e-02 -1.298128e-07
2.116984e+01 5.263151e-02 -3.988654e-07
2.116984e+01 7.314235e-02 -9.276736e-07
2.116984e+01 1.025928e-01 -1.425559e-06
2.116984e+01 1.448116e-01 -2.232205e-06
2.116984e+01 2.023460e-01 -3.191877e-06
2.116984e+01 2.834245e-01 -5.082434e-06
2.116984e+01 3.967448e-01 -7.14696e-06
2.116984e+01 5.552783e-01 -1.016055e-05
2.116984e+01 7.774819e-01 -1.517029e-05
2.116984e+01 1.088445e+00 -2.132951e-05
2.116984e+01 1.523711e+00 -3.047713e-05
2.116984e+01 2.088426e+00 -4.004680e-05
2.116984e+01 2.685505e+00 -3.731624e-05
2.161324e+01 1.570796e-02 -1.400384e-08
2.161324e+01 2.346256e-02 -4.547215e-08
2.161324e+01 3.503514e-02 -8.199063e-08
2.161324e+01 5.263151e-02 -2.501286e-07
2.161324e+01 7.314235e-02 -5.890012e-07
2.161324e+01 1.025928e-01 -8.696883e-07
2.161324e+01 1.448116e-01 -1.348576e-06
2.161324e+01 2.023460e-01 -1.934130e-06
2.161324e+01 2.834245e-01 -3.082497e-06
2.161324e+01 3.967448e-01 -4.454286e-06
2.161324e+01 5.552783e-01 -6.412142e-06
2.161324e+01 7.774819e-01 -9.591558e-06
2.161324e+01 1.088445e+00 -1.362416e-05
2.161324e+01 1.523711e+00 -1.946676e-05
2.161324e+01 2.088426e+00 -2.545296e-05
2.161324e+01 2.685505e+00 -2.450384e-05
2.206550e+01 1.570796e-02 -9.208246e-09
2.206550e+01 2.346256e-02 -2.298023e-08
2.206550e+01 3.503514e-02 -4.533141e-08
2.206550e+01 5.263151e-02 -1.441375e-07
2.206550e+01 7.314235e-02 -3.579783e-07
2.206550e+01 1.025928e-01 -5.120085e-07
2.206550e+01 1.448116e-01 -8.100907e-07
2.206550e+01 2.023460e-01 -1.148393e-06
2.206550e+01 2.834245e-01 -1.858916e-06
2.206550e+01 3.967448e-01 -2.741641e-06
2.206550e+01 5.552783e-01 -3.979008e-06
2.206550e+01 7.774819e-01 -5.875639e-06
2.206550e+01 1.088445e+00 -8.552264e-06
2.206550e+01 1.523711e+00 -1.240174e-05
2.206550e+01 2.088426e+00 -1.578766e-05
2.206550e+01 2.685505e+00 -1.503046e-05
2.252681e+01 1.570796e-02 1.913337e-10
2.252681e+01 2.346256e-02 1.410278e-09
2.252681e+01 3.503514e-02 1.72634e-09
2.252681e+01 5.263151e-02 5.184085e-09
2.252681e+01 7.314235e-02 1.244825e-08
2.252681e+01 1.025928e-01 1.869324e-08
2.252681e+01 1.448116e-01 2.862862e-08
2.252681e+01 2.023460e-01 4.346512e-08
2.252681e+01 2.834245e-01 6.128868e-08
2.252681e+01 3.967448e-01 8.620904e-08
2.252681e+01 5.552783e-01 1.190592e-07
2.252681e+01 7.774819e-01 1.541307e-07
2.252681e+01 1.088445e+00 1.693174e-07
2.252681e+01 1.523711e+00 1.469011e-07
2.252681e+01 2.088426e+00 9.545408e-08
2.252681e+01 2.685505e+00 4.265650e-08
2.299735e+01 1.570796e-02 1.804414e-10
2.299735e+01 2.346256e-02 1.326860e-09
2.299735e+01 3.503514e-02 1.624592e-09
2.299735e+01 5.263151e-02 4.881779e-09
2.299735e+01 7.314235e-02 1.17213e-08
2.299735e+01 1.025928e-01 1.759294e-08
2.299735e+01 1.448116e-01 2.696314e-08
2.299735e+01 2.023460e-01 4.100015e-08
2.299735e+01 2.834245e-01 5.805259e-08
2.299735e+01 3.967448e-01 8.218154e-08
2.299735e+01 5.552783e-01 1.143604e-07
2.299735e+01 7.774819e-01 1.490945e-07
2.299735e+01 1.088445e+00 1.649202e-07
2.299735e+01 1.523711e+00 1.446487e-07
2.299735e+01 2.088426e+00 9.519549e-08
2.299735e+01 2.685505e+00 4.292427e-08
2.34773e+01 1.570796e-02 1.694213e-10
2.34773e+01 2.346256e-02 1.244631e-09
2.34773e+01 3.503514e-02 1.523768e-09
2.34773e+01 5.263151e-02 4.580959e-09
2.34773e+01 7.314235e-02 1.100255e-08
2.34773e+01 1.025928e-01 1.650693e-08
2.34773e+01 1.448116e-01 2.532082e-08
2.34773e+01 2.023460e-01 3.856999e-08
2.34773e+01 2.834245e-01 5.486089e-08
2.34773e+01 3.967448e-01 7.820371e-08
2.34773e+01 5.552783e-01 1.096702e-07
2.34773e+01 7.774819e-01 1.438701e-07
2.34773e+01 1.088445e+00 1.602267e-07
2.34773e+01 1.523711e+00 1.422705e-07
2.34773e+01 2.088426e+00 9.510870e-08
2.34773e+01 2.685505e+00 4.323344e-08
2.396684e+01 1.570796e-02 1.586148e-10
2.396684e+01 2.346256e-02 1.163643e-09
2.396684e+01 3.503514e-02 1.424557e-09
2.396684e+01 5.263151e-02 4.28498e-09
2.396684e+01 7.314235e-02 1.029522e-08
2.396684e+01 1.025928e-01 1.543871e-08
2.396684e+01 1.448116e-01 2.370918e-08
2.396684e+01 2.023460e-01 3.620109e-08
2.396684e+01 2.834245e-01 5.173263e-08
2.396684e+01 3.967448e-01 7.425386e-08
2.396684e+01 5.552783e-01 1.048909e-07
2.396684e+01 7.774819e-01 1.383975e-07
2.396684e+01 1.088445e+00 1.552710e-07
2.396684e+01 1.523711e+00 1.39777e-07
2.396684e+01 2.088426e+00 9.502424e-08
2.396684e+01 2.685505e+00 4.358900e-08
2.446618e+01 1.570796e-02 1.478750e-10
2.446618e+01 2.346256e-02 1.085029e-09
2.446618e+01 3.503514e-02 1.327388e-09
2.446618e+01 5.263151e-02 3.994955e-09
2.446618e+01 7.314235e-02 9.600419e-09
2.446618e+01 1.025928e-01 1.439711e-08
2.446618e+01 1.448116e-01 2.213831e-08
2.446618e+01 2.023460e-01 3.388575e-08
2.446618e+01 2.834245e-01 4.865484e-08
2.446618e+01 3.967448e-01 7.035224e-08
2.446618e+01 5.552783e-01 1.000784e-07
2.446618e+01 7.774819e-01 1.328234e-07
2.446618e+01 1.088445e+00 1.500848e-07
2.446618e+01 1.523711e+00 1.370483e-07
2.446618e+01 2.088426e+00 9.496629e-08
2.446618e+01 2.685505e+00 4.405882e-08
2.497550e+01 1.570796e-02 1.374551e-10
2.497550e+01 2.346256e-02 1.008227e-09
2.497550e+01 3.503514e-02 1.232675e-09
2.497550e+01 5.263151e-02 3.711902e-09
2.497550e+01 7.314235e-02 8.923597e-09
2.497550e+01 1.025928e-01 1.338063e-08
2.497550e+01 1.448116e-01 2.059841e-08
2.497550e+01 2.023460e-01 3.162590e-08
2.497550e+01 2.834245e-01 4.564688e-08
2.497550e+01 3.967448e-01 6.647890e-08
2.497550e+01 5.552783e-01 9.517866e-08
2.497550e+01 7.774819e-01 1.270133e-07
2.497550e+01 1.088445e+00 1.446591e-07
2.497550e+01 1.523711e+00 1.341819e-07
2.497550e+01 2.088426e+00 9.490267e-08
2.497550e+01 2.685505e+00 4.467728e-08
2.549501e+01 1.570796e-02 1.272725e-10
2.549501e+01 2.346256e-02 9.331325e-10
2.549501e+01 3.503514e-02 1.14005e-09
2.549501e+01 5.263151e-02 3.436011e-09
2.549501e+01 7.314235e-02 8.263688e-09
2.549501e+01 1.025928e-01 1.239070e-08
2.549501e+01 1.448116e-01 1.910095e-08
2.549501e+01 2.023460e-01 2.941586e-08
2.549501e+01 2.834245e-01 4.268137e-08
2.549501e+01 3.967448e-01 6.259886e-08
2.549501e+01 5.552783e-01 9.019802e-08
2.549501e+01 7.774819e-01 1.209780e-07
2.549501e+01 1.088445e+00 1.389311e-07
2.549501e+01 1.523711e+00 1.310125e-07
2.549501e+01 2.088426e+00 9.489685e-08
2.549501e+01 2.685505e+00 4.568474e-08
2.602491e+01 1.570796e-02 1.173126e-10
2.602491e+01 2.346256e-02 8.599277e-10
2.602491e+01 3.503514e-02 1.049895e-09
2.602491e+01 5.263151e-02 3.167161e-09
2.602491e+01 7.314235e-02 7.620393e-09
2.602491e+01 1.025928e-01 1.142702e-08
2.602491e+01 1.448116e-01 1.764085e-08
2.602491e+01 2.023460e-01 2.726412e-08
2.602491e+01 2.834245e-01 3.975713e-08
2.602491e+01 3.967448e-01 5.873409e-08
2.602491e+01 5.552783e-01 8.511963e-08
2.602491e+01 7.774819e-01 1.147372e-07
2.602491e+01 1.088445e+00 1.329338e-07
2.602491e+01 1.523711e+00 1.276039e-07
2.602491e+01 2.088426e+00 9.482271e-08
2.602491e+01 2.685505e+00 4.688134e-08
2.656541e+01 1.570796e-02 1.076056e-10
2.656541e+01 2.346256e-02 7.886007e-10
2.656541e+01 3.503514e-02 9.623276e-10
2.656541e+01 5.263151e-02 2.906264e-09
2.656541e+01 7.314235e-02 6.992696e-09
2.656541e+01 1.025928e-01 1.049027e-08
2.656541e+01 1.448116e-01 1.621788e-08
2.656541e+01 2.023460e-01 2.515598e-08
2.656541e+01 2.834245e-01 3.688277e-08
2.656541e+01 3.967448e-01 5.487269e-08
2.656541e+01 5.552783e-01 7.99534e-08
2.656541e+01 7.774819e-01 1.082993e-07
2.656541e+01 1.088445e+00 1.266709e-07
2.656541e+01 1.523711e+00 1.238691e-07
2.656541e+01 2.088426e+00 9.461656e-08
2.656541e+01 2.685505e+00 4.853301e-08
2.711672e+01 1.570796e-02 9.817131e-11
2.711672e+01 2.346256e-02 7.190323e-10
2.711672e+01 3.503514e-02 8.776706e-10
2.711672e+01 5.263151e-02 2.651762e-09
2.711672e+01 7.314235e-02 6.383660e-09
2.711672e+01 1.025928e-01 9.578708e-09
2.711672e+01 1.448116e-01 1.482985e-08
2.711672e+01 2.023460e-01 2.309856e-08
2.711672e+01 2.834245e-01 3.404991e-08
2.711672e+01 3.967448e-01 5.101509e-08
2.711672e+01 5.552783e-01 7.467820e-08
2.711672e+01 7.774819e-01 1.016049e-07
2.711672e+01 1.088445e+00 1.200461e-07
2.711672e+01 1.523711e+00 1.196448e-07
2.711672e+01 2.088426e+00 9.425025e-08
2.711672e+01 2.685505e+00 5.024141e-08
2.767905e+01 1.570796e-02 8.886953e-11
2.767905e+01 2.346256e-02 6.514971e-10
2.767905e+01 3.503514e-02 7.951001e-10
2.767905e+01 5.263151e-02 2.404563e-09
2.767905e+01 7.314235e-02 5.791489e-09
2.767905e+01 1.025928e-01 8.692676e-09
2.767905e+01 1.448116e-01 1.348131e-08
2.767905e+01 2.023460e-01 2.108955e-08
2.767905e+01 2.834245e-01 3.124341e-08
2.767905e+01 3.967448e-01 4.711504e-08
2.767905e+01 5.552783e-01 6.926195e-08
2.767905e+01 7.774819e-01 9.469705e-08
2.767905e+01 1.088445e+00 1.131484e-07
2.767905e+01 1.523711e+00 1.150813e-07
2.767905e+01 2.088426e+00 9.357969e-08
2.767905e+01 2.685505e+00 5.234331e-08
2.825263e+01 1.570796e-02 7.993628e-11
2.825263e+01 2.346256e-02 5.859283e-10
2.825263e+01 3.503514e-02 7.149285e-10
2.825263e+01 5.263151e-02 2.163979e-09
2.825263e+01 7.314235e-02 5.213571e-09
2.825263e+01 1.025928e-01 7.83017e-09
2.825263e+01 1.448116e-01 1.216545e-08
2.825263e+01 2.023460e-01 1.910436e-08
2.825263e+01 2.834245e-01 2.847483e-08
2.825263e+01 3.967448e-01 4.318864e-08
2.825263e+01 5.552783e-01 6.375105e-08
2.825263e+01 7.774819e-01 8.757402e-08
2.825263e+01 1.088445e+00 1.057594e-07
2.825263e+01 1.523711e+00 1.099527e-07
2.825263e+01 2.088426e+00 9.255884e-08
2.825263e+01 2.685505e+00 5.488292e-08
2.883769e+01 1.570796e-02 7.119798e-11
2.883769e+01 2.346256e-02 5.21714e-10
2.883769e+01 3.503514e-02 6.371502e-10
2.883769e+01 5.263151e-02 1.930114e-09
2.883769e+01 7.314235e-02 4.650810e-09
2.883769e+01 1.025928e-01 6.989864e-09
2.883769e+01 1.448116e-01 1.088057e-08
2.883769e+01 2.023460e-01 1.716314e-08
2.883769e+01 2.834245e-01 2.571796e-08
2.883769e+01 3.967448e-01 3.921802e-08
2.883769e+01 5.552783e-01 5.811756e-08
2.883769e+01 7.774819e-01 8.022725e-08
2.883769e+01 1.088445e+00 9.800815e-08
2.883769e+01 1.523711e+00 1.042024e-07
2.883769e+01 2.088426e+00 9.106830e-08
2.883769e+01 2.685505e+00 5.748010e-08
2.943444e+01 1.570796e-02 6.27287e-11
2.943444e+01 2.346256e-02 4.595004e-10
2.943444e+01 3.503514e-02 5.616612e-10
2.943444e+01 5.263151e-02 1.702081e-09
2.943444e+01 7.314235e-02 4.104406e-09
2.943444e+01 1.025928e-01 6.172157e-09
2.943444e+01 1.448116e-01 9.626470e-09
2.943444e+01 2.023460e-01 1.524935e-08
2.943444e+01 2.834245e-01 2.297513e-08
2.943444e+01 3.967448e-01 3.523186e-08
2.943444e+01 5.552783e-01 5.236178e-08
2.943444e+01 7.774819e-01 7.264557e-08
2.943444e+01 1.088445e+00 8.977663e-08
2.943444e+01 1.523711e+00 9.766378e-08
2.943444e+01 2.088426e+00 8.880921e-08
2.943444e+01 2.685505e+00 5.996702e-08
3.004313e+01 1.570796e-02 5.444229e-11
3.004313e+01 2.346256e-02 3.990172e-10
3.004313e+01 3.503514e-02 4.881099e-10
3.004313e+01 5.263151e-02 1.480191e-09
3.004313e+01 7.314235e-02 3.571191e-09
3.004313e+01 1.025928e-01 5.373779e-09
3.004313e+01 1.448116e-01 8.401407e-09
3.004313e+01 2.023460e-01 1.336431e-08
3.004313e+01 2.834245e-01 2.024181e-08
3.004313e+01 3.967448e-01 3.118803e-08
3.004313e+01 5.552783e-01 4.649365e-08
3.004313e+01 7.774819e-01 6.480347e-08
3.004313e+01 1.088445e+00 8.107228e-08
3.004313e+01 1.523711e+00 9.029281e-08
3.004313e+01 2.088426e+00 8.568436e-08
3.004313e+01 2.685505e+00 6.221471e-08
3.066399e+01 1.570796e-02 4.643582e-11
3.066399e+01 2.346256e-02 3.396344e-10
3.066399e+01 3.503514e-02 4.166356e-10
3.066399e+01 5.263151e-02 1.264302e-09
3.066399e+01 7.314235e-02 3.052797e-09
3.066399e+01 1.025928e-01 4.596433e-09
3.066399e+01 1.448116e-01 7.200940e-09
3.066399e+01 2.023460e-01 1.150834e-08
3.066399e+01 2.834245e-01 1.751718e-08
3.066399e+01 3.967448e-01 2.710153e-08
3.066399e+01 5.552783e-01 4.051384e-08
3.066399e+01 7.774819e-01 5.672545e-08
3.066399e+01 1.088445e+00 7.186972e-08
3.066399e+01 1.523711e+00 8.202186e-08
3.066399e+01 2.088426e+00 8.142414e-08
3.066399e+01 2.685505e+00 6.383934e-08
3.129727e+01 1.570796e-02 3.862562e-11
3.129727e+01 2.346256e-02 2.82671e-10
3.129727e+01 3.503514e-02 3.471300e-10
3.129727e+01 5.263151e-02 1.053866e-09
3.129727e+01 7.314235e-02 2.548124e-09
3.129727e+01 1.025928e-01 3.838354e-09
3.129727e+01 1.448116e-01 6.027114e-09
3.129727e+01 2.023460e-01 9.671965e-09
3.129727e+01 2.834245e-01 1.479539e-08
3.129727e+01 3.967448e-01 2.298414e-08
3.129727e+01 5.552783e-01 3.441016e-08
3.129727e+01 7.774819e-01 4.843143e-08
3.129727e+01 1.088445e+00 6.212494e-08
3.129727e+01 1.523711e+00 7.277640e-08
3.129727e+01 2.088426e+00 7.577106e-08
3.129727e+01 2.685505e+00 6.436979e-08
3.194322e+01 1.570796e-02 3.107656e-11
3.194322e+01 2.346256e-02 2.271817e-10
3.194322e+01 3.503514e-02 2.795077e-10
3.194322e+01 5.263151e-02 8.48928e-10
3.194322e+01 7.314235e-02 2.055386e-09
3.194322e+01 1.025928e-01 3.098065e-09
3.194322e+01 1.448116e-01 4.875964e-09
3.194322e+01 2.023460e-01 7.857475e-09
3.194322e+01 2.834245e-01 1.208043e-08
3.194322e+01 3.967448e-01 1.881994e-08
3.194322e+01 5.552783e-01 2.824047e-08
3.194322e+01 7.774819e-01 3.991530e-08
3.194322e+01 1.088445e+00 5.185798e-08
3.194322e+01 1.523711e+00 6.238791e-08
3.194322e+01 2.088426e+00 6.826334e-08
3.194322e+01 2.685505e+00 6.296596e-08
3.260208e+01 1.570796e-02 2.371482e-11
3.260208e+01 2.346256e-02 1.734317e-10
3.260208e+01 3.503514e-02 2.137374e-10
3.260208e+01 5.263151e-02 6.496012e-10
3.260208e+01 7.314235e-02 1.574672e-09
3.260208e+01 1.025928e-01 2.376490e-09
3.260208e+01 1.448116e-01 3.747511e-09
3.260208e+01 2.023460e-01 6.06387e-09
3.260208e+01 2.834245e-01 9.363940e-09
3.260208e+01 3.967448e-01 1.463593e-08
3.260208e+01 5.552783e-01 2.198718e-08
3.260208e+01 7.774819e-01 3.121674e-08
3.260208e+01 1.088445e+00 4.104595e-08
3.260208e+01 1.523711e+00 5.075712e-08
3.260208e+01 2.088426e+00 5.843238e-08
3.260208e+01 2.685505e+00 5.858637e-08
3.327412e+01 1.570796e-02 1.661803e-11
3.327412e+01 2.346256e-02 1.211426e-10
3.327412e+01 3.503514e-02 1.497576e-10
3.327412e+01 5.263151e-02 4.555112e-10
3.327412e+01 7.314235e-02 1.105796e-09
3.327412e+01 1.025928e-01 1.670127e-09
3.327412e+01 1.448116e-01 2.640407e-09
3.327412e+01 2.023460e-01 4.290096e-09
3.327412e+01 2.834245e-01 6.656265e-09
3.327412e+01 3.967448e-01 1.042832e-08
3.327412e+01 5.552783e-01 1.569021e-08
3.327412e+01 7.774819e-01 2.236191e-08
3.327412e+01 1.088445e+00 2.976380e-08
3.327412e+01 1.523711e+00 3.782920e-08
3.327412e+01 2.088426e+00 4.594067e-08
3.327412e+01 2.685505e+00 4.995528e-08
3.395961e+01 1.570796e-02 9.967441e-12
3.395961e+01 2.346256e-02 7.284785e-11
3.395961e+01 3.503514e-02 9.033500e-11
3.395961e+01 5.263151e-02 2.740650e-10
3.395961e+01 7.314235e-02 6.663397e-10
3.395961e+01 1.025928e-01 1.006811e-09
3.395961e+01 1.448116e-01 1.593238e-09
3.395961e+01 2.023460e-01 2.591021e-09
3.395961e+01 2.834245e-01 4.019710e-09
3.395961e+01 3.967448e-01 6.282427e-09
3.395961e+01 5.552783e-01 9.424228e-09
3.395961e+01 7.774819e-01 1.343092e-08
3.395961e+01 1.088445e+00 1.803076e-08
3.395961e+01 1.523711e+00 2.352546e-08
3.395961e+01 2.088426e+00 3.004144e-08
3.395961e+01 2.685505e+00 3.500859e-08
3.46588e+01 1.570796e-02 3.49772e-12
3.46588e+01 2.346256e-02 2.471183e-11
3.46588e+01 3.503514e-02 2.701994e-11
3.46588e+01 5.263151e-02 8.815470e-11
3.46588e+01 7.314235e-02 2.109952e-10
3.46588e+01 1.025928e-01 3.161473e-10
3.46588e+01 1.448116e-01 5.092028e-10
3.46588e+01 2.023460e-01 8.302142e-10
3.46588e+01 2.834245e-01 1.305325e-09
3.46588e+01 3.967448e-01 2.047284e-09
3.46588e+01 5.552783e-01 3.081764e-09
3.46588e+01 7.774819e-01 4.408183e-09
3.46588e+01 1.088445e+00 5.976089e-09
3.46588e+01 1.523711e+00 7.959020e-09
3.46588e+01 2.088426e+00 1.064602e-08
3.46588e+01 2.685505e+00 1.330362e-08
3.537197e+01 1.570796e-02 0.e+00
3.537197e+01 2.346256e-02 0.e+00
3.537197e+01 3.503514e-02 0.e+00
3.537197e+01 5.263151e-02 0.e+00
3.537197e+01 7.314235e-02 0.e+00
3.537197e+01 1.025928e-01 0.e+00
3.537197e+01 1.448116e-01 0.e+00
3.537197e+01 2.023460e-01 0.e+00
3.537197e+01 2.834245e-01 0.e+00
3.537197e+01 3.967448e-01 0.e+00
3.537197e+01 5.552783e-01 0.e+00
3.537197e+01 7.774819e-01 0.e+00
3.537197e+01 1.088445e+00 0.e+00
3.537197e+01 1.523711e+00 0.e+00
3.537197e+01 2.088426e+00 0.e+00
3.537197e+01 2.685505e+00 0.e+00
