5.e+00 1.570796e-02 0.e+00
5.e+00 2.346256e-02 0.e+00
5.e+00 3.503514e-02 0.e+00
5.e+00 5.263151e-02 0.e+00
5.e+00 7.314235e-02 0.e+00
5.e+00 1.025928e-01 0.e+00
5.e+00 1.448116e-01 0.e+00
5.e+00 2.023460e-01 0.e+00
5.e+00 2.834245e-01 0.e+00
5.e+00 3.967448e-01 0.e+00
5.e+00 5.552783e-01 0.e+00
5.e+00 7.774819e-01 0.e+00
5.e+00 1.088445e+00 0.e+00
5.e+00 1.523711e+00 0.e+00
5.e+00 2.088426e+00 0.e+00
5.e+00 2.685505e+00 0.e+00
5.12e+00 1.570796e-02 0.e+00
5.12e+00 2.346256e-02 0.e+00
5.12e+00 3.503514e-02 0.e+00
5.12e+00 5.263151e-02 0.e+00
5.12e+00 7.314235e-02 0.e+00
5.12e+00 1.025928e-01 0.e+00
5.12e+00 1.448116e-01 0.e+00
5.12e+00 2.023460e-01 0.e+00
5.12e+00 2.834245e-01 0.e+00
5.12e+00 3.967448e-01 0.e+00
5.12e+00 5.552783e-01 0.e+00
5.12e+00 7.774819e-01 0.e+00
5.12e+00 1.088445e+00 0.e+00
5.12e+00 1.523711e+00 0.e+00
5.12e+00 2.088426e+00 0.e+00
5.12e+00 2.685505e+00 0.e+00
5.2424e+00 1.570796e-02 0.e+00
5.2424e+00 2.346256e-02 0.e+00
5.2424e+00 3.503514e-02 0.e+00
5.2424e+00 5.263151e-02 0.e+00
5.2424e+00 7.314235e-02 0.e+00
5.2424e+00 1.025928e-01 0.e+00
5.2424e+00 1.448116e-01 0.e+00
5.2424e+00 2.023460e-01 0.e+00
5.2424e+00 2.834245e-01 0.e+00
5.2424e+00 3.967448e-01 0.e+00
5.2424e+00 5.552783e-01 0.e+00
5.2424e+00 7.774819e-01 0.e+00
5.2424e+00 1.088445e+00 0.e+00
5.2424e+00 1.523711e+00 0.e+00
5.2424e+00 2.088426e+00 0.e+00
5.2424e+00 2.685505e+00 0.e+00
5.367248e+00 1.570796e-02 0.e+00
5.367248e+00 2.346256e-02 0.e+00
5.367248e+00 3.503514e-02 0.e+00
5.367248e+00 5.263151e-02 0.e+00
5.367248e+00 7.314235e-02 0.e+00
5.367248e+00 1.025928e-01 0.e+00
5.367248e+00 1.448116e-01 0.e+00
5.367248e+00 2.023460e-01 0.e+00
5.367248e+00 2.834245e-01 0.e+00
5.367248e+00 3.967448e-01 0.e+00
5.367248e+00 5.552783e-01 0.e+00
5.367248e+00 7.774819e-01 0.e+00
5.367248e+00 1.088445e+00 0.e+00
5.367248e+00 1.523711e+00 0.e+00
5.367248e+00 2.088426e+00 0.e+00
5.367248e+00 2.685505e+00 0.e+00
5.494593e+00 1.570796e-02 0.e+00
5.494593e+00 2.346256e-02 0.e+00
5.494593e+00 3.503514e-02 0.e+00
5.494593e+00 5.263151e-02 0.e+00
5.494593e+00 7.314235e-02 0.e+00
5.494593e+00 1.025928e-01 0.e+00
5.494593e+00 1.448116e-01 0.e+00
5.494593e+00 2.023460e-01 0.e+00
5.494593e+00 2.834245e-01 0.e+00
5.494593e+00 3.967448e-01 0.e+00
5.494593e+00 5.552783e-01 0.e+00
5.494593e+00 7.774819e-01 0.e+00
5.494593e+00 1.088445e+00 0.e+00
5.494593e+00 1.523711e+00 0.e+00
5.494593e+00 2.088426e+00 0.e+00
5.494593e+00 2.685505e+00 0.e+00
5.624485e+00 1.570796e-02 -5.337454e-06
5.624485e+00 2.346256e-02 -3.661393e-06
5.624485e+00 3.503514e-02 -8.548151e-06
5.624485e+00 5.263151e-02 -2.630722e-06
5.624485e+00 7.314235e-02 -9.09543e-06
5.624485e+00 1.025928e-01 -6.656981e-06
5.624485e+00 1.448116e-01 -8.299725e-06
5.624485e+00 2.023460e-01 -1.610388e-06
5.624485e+00 2.834245e-01 6.984e-07
5.624485e+00 3.967448e-01 -3.838176e-06
5.624485e+00 5.552783e-01 -5.441889e-06
5.624485e+00 7.774819e-01 -1.340570e-06
5.624485e+00 1.088445e+00 -2.328281e-06
5.624485e+00 1.523711e+00 -3.138707e-06
5.624485e+00 2.088426e+00 -3.291503e-06
5.624485e+00 2.685505e+00 -3.583869e-06
5.756975e+00 1.570796e-02 -8.743282e-05
5.756975e+00 2.346256e-02 -6.011727e-05
5.756975e+00 3.503514e-02 -9.754710e-05
5.756975e+00 5.263151e-02 -1.017213e-04
5.756975e+00 7.314235e-02 -1.790965e-04
5.756975e+00 1.025928e-01 -3.799093e-05
5.756975e+00 1.448116e-01 -1.171895e-04
5.756975e+00 2.023460e-01 -1.015647e-04
5.756975e+00 2.834245e-01 -1.655364e-04
5.756975e+00 3.967448e-01 -6.594588e-05
5.756975e+00 5.552783e-01 -6.567921e-05
5.756975e+00 7.774819e-01 -6.892946e-05
5.756975e+00 1.088445e+00 -6.982994e-05
5.756975e+00 1.523711e+00 -6.287799e-05
5.756975e+00 2.088426e+00 -7.930428e-05
5.756975e+00 2.685505e+00 -9.506271e-05
5.892114e+00 1.570796e-02 -2.402904e-04
5.892114e+00 2.346256e-02 -2.111346e-04
5.892114e+00 3.503514e-02 -2.941766e-04
5.892114e+00 5.263151e-02 -4.893821e-04
5.892114e+00 7.314235e-02 -6.227644e-04
5.892114e+00 1.025928e-01 -4.240195e-04
5.892114e+00 1.448116e-01 -5.2061e-04
5.892114e+00 2.023460e-01 -5.216971e-04
5.892114e+00 2.834245e-01 -6.389535e-04
5.892114e+00 3.967448e-01 -4.248743e-04
5.892114e+00 5.552783e-01 -3.755688e-04
5.892114e+00 7.774819e-01 -3.338364e-04
5.892114e+00 1.088445e+00 -2.982879e-04
5.892114e+00 1.523711e+00 -2.991109e-04
5.892114e+00 2.088426e+00 -3.522904e-04
5.892114e+00 2.685505e+00 -4.204817e-04
6.029956e+00 1.570796e-02 -5.156961e-04
6.029956e+00 2.346256e-02 -5.618150e-04
6.029956e+00 3.503514e-02 -9.263216e-04
6.029956e+00 5.263151e-02 -1.556909e-03
6.029956e+00 7.314235e-02 -2.161752e-03
6.029956e+00 1.025928e-01 -1.690519e-03
6.029956e+00 1.448116e-01 -2.137923e-03
6.029956e+00 2.023460e-01 -1.912596e-03
6.029956e+00 2.834245e-01 -1.963974e-03
6.029956e+00 3.967448e-01 -1.465662e-03
6.029956e+00 5.552783e-01 -1.29432e-03
6.029956e+00 7.774819e-01 -1.188777e-03
6.029956e+00 1.088445e+00 -1.049778e-03
6.029956e+00 1.523711e+00 -1.023441e-03
6.029956e+00 2.088426e+00 -1.187995e-03
6.029956e+00 2.685505e+00 -1.417339e-03
6.170555e+00 1.570796e-02 -7.390157e-04
6.170555e+00 2.346256e-02 -1.237259e-03
6.170555e+00 3.503514e-02 -1.936194e-03
6.170555e+00 5.263151e-02 -3.042284e-03
6.170555e+00 7.314235e-02 -4.958333e-03
6.170555e+00 1.025928e-01 -3.566817e-03
6.170555e+00 1.448116e-01 -4.439964e-03
6.170555e+00 2.023460e-01 -4.379999e-03
6.170555e+00 2.834245e-01 -4.255609e-03
6.170555e+00 3.967448e-01 -3.470763e-03
6.170555e+00 5.552783e-01 -3.152785e-03
6.170555e+00 7.774819e-01 -2.717641e-03
6.170555e+00 1.088445e+00 -2.404997e-03
6.170555e+00 1.523711e+00 -2.331741e-03
6.170555e+00 2.088426e+00 -2.675825e-03
6.170555e+00 2.685505e+00 -3.127897e-03
6.313967e+00 1.570796e-02 -8.172435e-04
6.313967e+00 2.346256e-02 -1.827657e-03
6.313967e+00 3.503514e-02 -3.260276e-03
6.313967e+00 5.263151e-02 -4.782535e-03
6.313967e+00 7.314235e-02 -7.995240e-03
6.313967e+00 1.025928e-01 -6.649046e-03
6.313967e+00 1.448116e-01 -7.653328e-03
6.313967e+00 2.023460e-01 -8.004325e-03
6.313967e+00 2.834245e-01 -7.463308e-03
6.313967e+00 3.967448e-01 -6.40561e-03
6.313967e+00 5.552783e-01 -5.784394e-03
6.313967e+00 7.774819e-01 -4.973948e-03
6.313967e+00 1.088445e+00 -4.311568e-03
6.313967e+00 1.523711e+00 -4.124184e-03
6.313967e+00 2.088426e+00 -4.696290e-03
6.313967e+00 2.685505e+00 -5.469802e-03
6.460246e+00 1.570796e-02 -8.887724e-04
6.460246e+00 2.346256e-02 -2.248579e-03
6.460246e+00 3.503514e-02 -4.258956e-03
6.460246e+00 5.263151e-02 -6.499089e-03
6.460246e+00 7.314235e-02 -1.096406e-02
6.460246e+00 1.025928e-01 -1.027483e-02
6.460246e+00 1.448116e-01 -1.217881e-02
6.460246e+00 2.023460e-01 -1.242878e-02
6.460246e+00 2.834245e-01 -1.211016e-02
6.460246e+00 3.967448e-01 -1.026522e-02
6.460246e+00 5.552783e-01 -9.217110e-03
6.460246e+00 7.774819e-01 -8.002314e-03
6.460246e+00 1.088445e+00 -6.831138e-03
6.460246e+00 1.523711e+00 -6.427499e-03
6.460246e+00 2.088426e+00 -7.213756e-03
6.460246e+00 2.685505e+00 -8.384468e-03
6.609451e+00 1.570796e-02 -9.125911e-04
6.609451e+00 2.346256e-02 -2.371356e-03
6.609451e+00 3.503514e-02 -4.866817e-03
6.609451e+00 5.263151e-02 -7.908589e-03
6.609451e+00 7.314235e-02 -1.366373e-02
6.609451e+00 1.025928e-01 -1.422112e-02
6.609451e+00 1.448116e-01 -1.701800e-02
6.609451e+00 2.023460e-01 -1.743666e-02
6.609451e+00 2.834245e-01 -1.712248e-02
6.609451e+00 3.967448e-01 -1.484634e-02
6.609451e+00 5.552783e-01 -1.34692e-02
6.609451e+00 7.774819e-01 -1.153763e-02
6.609451e+00 1.088445e+00 -9.879997e-03
6.609451e+00 1.523711e+00 -9.134706e-03
6.609451e+00 2.088426e+00 -1.018542e-02
6.609451e+00 2.685505e+00 -1.160800e-02
6.76164e+00 1.570796e-02 -9.464649e-04
6.76164e+00 2.346256e-02 -2.309583e-03
6.76164e+00 3.503514e-02 -5.111975e-03
6.76164e+00 5.263151e-02 -8.836219e-03
6.76164e+00 7.314235e-02 -1.537251e-02
6.76164e+00 1.025928e-01 -1.74029e-02
6.76164e+00 1.448116e-01 -2.150849e-02
6.76164e+00 2.023460e-01 -2.237014e-02
6.76164e+00 2.834245e-01 -2.208975e-02
6.76164e+00 3.967448e-01 -1.967552e-02
6.76164e+00 5.552783e-01 -1.788624e-02
6.76164e+00 7.774819e-01 -1.534137e-02
6.76164e+00 1.088445e+00 -1.311378e-02
6.76164e+00 1.523711e+00 -1.197944e-02
6.76164e+00 2.088426e+00 -1.32604e-02
6.76164e+00 2.685505e+00 -1.508611e-02
6.916873e+00 1.570796e-02 -9.386747e-04
6.916873e+00 2.346256e-02 -2.185964e-03
6.916873e+00 3.503514e-02 -5.033367e-03
6.916873e+00 5.263151e-02 -9.017338e-03
6.916873e+00 7.314235e-02 -1.636910e-02
6.916873e+00 1.025928e-01 -1.984385e-02
6.916873e+00 1.448116e-01 -2.583486e-02
6.916873e+00 2.023460e-01 -2.695509e-02
6.916873e+00 2.834245e-01 -2.688293e-02
6.916873e+00 3.967448e-01 -2.456821e-02
6.916873e+00 5.552783e-01 -2.237339e-02
6.916873e+00 7.774819e-01 -1.928358e-02
6.916873e+00 1.088445e+00 -1.635956e-02
6.916873e+00 1.523711e+00 -1.493606e-02
6.916873e+00 2.088426e+00 -1.622217e-02
6.916873e+00 2.685505e+00 -1.831326e-02
7.075210e+00 1.570796e-02 -8.759324e-04
7.075210e+00 2.346256e-02 -2.094797e-03
7.075210e+00 3.503514e-02 -4.749064e-03
7.075210e+00 5.263151e-02 -8.855169e-03
7.075210e+00 7.314235e-02 -1.660411e-02
7.075210e+00 1.025928e-01 -2.130970e-02
7.075210e+00 1.448116e-01 -2.861849e-02
7.075210e+00 2.023460e-01 -3.076980e-02
7.075210e+00 2.834245e-01 -3.121077e-02
7.075210e+00 3.967448e-01 -2.907261e-02
7.075210e+00 5.552783e-01 -2.653643e-02
7.075210e+00 7.774819e-01 -2.292608e-02
7.075210e+00 1.088445e+00 -1.952048e-02
7.075210e+00 1.523711e+00 -1.759769e-02
7.075210e+00 2.088426e+00 -1.889947e-02
7.075210e+00 2.685505e+00 -2.101172e-02
7.236714e+00 1.570796e-02 -8.054324e-04
7.236714e+00 2.346256e-02 -1.934549e-03
7.236714e+00 3.503514e-02 -4.498938e-03
7.236714e+00 5.263151e-02 -8.558020e-03
7.236714e+00 7.314235e-02 -1.626503e-02
7.236714e+00 1.025928e-01 -2.190333e-02
7.236714e+00 1.448116e-01 -3.026308e-02
7.236714e+00 2.023460e-01 -3.355020e-02
7.236714e+00 2.834245e-01 -3.454914e-02
7.236714e+00 3.967448e-01 -3.272614e-02
7.236714e+00 5.552783e-01 -3.024802e-02
7.236714e+00 7.774819e-01 -2.625316e-02
7.236714e+00 1.088445e+00 -2.230356e-02
7.236714e+00 1.523711e+00 -1.995648e-02
7.236714e+00 2.088426e+00 -2.116509e-02
7.236714e+00 2.685505e+00 -2.323547e-02
7.401449e+00 1.570796e-02 -7.292385e-04
7.401449e+00 2.346256e-02 -1.784044e-03
7.401449e+00 3.503514e-02 -4.13931e-03
7.401449e+00 5.263151e-02 -8.033825e-03
7.401449e+00 7.314235e-02 -1.547844e-02
7.401449e+00 1.025928e-01 -2.168792e-02
7.401449e+00 1.448116e-01 -3.089871e-02
7.401449e+00 2.023460e-01 -3.521809e-02
7.401449e+00 2.834245e-01 -3.699593e-02
7.401449e+00 3.967448e-01 -3.581617e-02
7.401449e+00 5.552783e-01 -3.339664e-02
7.401449e+00 7.774819e-01 -2.917742e-02
7.401449e+00 1.088445e+00 -2.476741e-02
7.401449e+00 1.523711e+00 -2.204679e-02
7.401449e+00 2.088426e+00 -2.322217e-02
7.401449e+00 2.685505e+00 -2.512725e-02
7.569477e+00 1.570796e-02 -6.713385e-04
7.569477e+00 2.346256e-02 -1.66813e-03
7.569477e+00 3.503514e-02 -3.739285e-03
7.569477e+00 5.263151e-02 -7.400825e-03
7.569477e+00 7.314235e-02 -1.447248e-02
7.569477e+00 1.025928e-01 -2.086242e-02
7.569477e+00 1.448116e-01 -3.068824e-02
7.569477e+00 2.023460e-01 -3.591062e-02
7.569477e+00 2.834245e-01 -3.856159e-02
7.569477e+00 3.967448e-01 -3.812623e-02
7.569477e+00 5.552783e-01 -3.595486e-02
7.569477e+00 7.774819e-01 -3.166872e-02
7.569477e+00 1.088445e+00 -2.688362e-02
7.569477e+00 1.523711e+00 -2.389963e-02
7.569477e+00 2.088426e+00 -2.496063e-02
7.569477e+00 2.685505e+00 -2.687081e-02
7.740867e+00 1.570796e-02 -6.147115e-04
7.740867e+00 2.346256e-02 -1.52851e-03
7.740867e+00 3.503514e-02 -3.32722e-03
7.740867e+00 5.263151e-02 -6.767406e-03
7.740867e+00 7.314235e-02 -1.338115e-02
7.740867e+00 1.025928e-01 -1.967463e-02
7.740867e+00 1.448116e-01 -2.978982e-02
7.740867e+00 2.023460e-01 -3.576887e-02
7.740867e+00 2.834245e-01 -3.937368e-02
7.740867e+00 3.967448e-01 -3.961553e-02
7.740867e+00 5.552783e-01 -3.77795e-02
7.740867e+00 7.774819e-01 -3.361311e-02
7.740867e+00 1.088445e+00 -2.865496e-02
7.740867e+00 1.523711e+00 -2.537167e-02
7.740867e+00 2.088426e+00 -2.631508e-02
7.740867e+00 2.685505e+00 -2.801122e-02
7.915684e+00 1.570796e-02 -5.630388e-04
7.915684e+00 2.346256e-02 -1.395311e-03
7.915684e+00 3.503514e-02 -2.960753e-03
7.915684e+00 5.263151e-02 -6.143106e-03
7.915684e+00 7.314235e-02 -1.224178e-02
7.915684e+00 1.025928e-01 -1.837760e-02
7.915684e+00 1.448116e-01 -2.834869e-02
7.915684e+00 2.023460e-01 -3.495405e-02
7.915684e+00 2.834245e-01 -3.943457e-02
7.915684e+00 3.967448e-01 -4.040948e-02
7.915684e+00 5.552783e-01 -3.906487e-02
7.915684e+00 7.774819e-01 -3.504801e-02
7.915684e+00 1.088445e+00 -2.998788e-02
7.915684e+00 1.523711e+00 -2.661657e-02
7.915684e+00 2.088426e+00 -2.73573e-02
7.915684e+00 2.685505e+00 -2.902748e-02
8.093998e+00 1.570796e-02 -5.11035e-04
8.093998e+00 2.346256e-02 -1.284684e-03
8.093998e+00 3.503514e-02 -2.659966e-03
8.093998e+00 5.263151e-02 -5.561620e-03
8.093998e+00 7.314235e-02 -1.113229e-02
8.093998e+00 1.025928e-01 -1.686890e-02
8.093998e+00 1.448116e-01 -2.648709e-02
8.093998e+00 2.023460e-01 -3.351856e-02
8.093998e+00 2.834245e-01 -3.882283e-02
8.093998e+00 3.967448e-01 -4.054538e-02
8.093998e+00 5.552783e-01 -3.974624e-02
8.093998e+00 7.774819e-01 -3.60374e-02
8.093998e+00 1.088445e+00 -3.099186e-02
8.093998e+00 1.523711e+00 -2.748686e-02
8.093998e+00 2.088426e+00 -2.828176e-02
8.093998e+00 2.685505e+00 -2.966832e-02
8.275878e+00 1.570796e-02 -4.576383e-04
8.275878e+00 2.346256e-02 -1.170236e-03
8.275878e+00 3.503514e-02 -2.399095e-03
8.275878e+00 5.263151e-02 -5.027055e-03
8.275878e+00 7.314235e-02 -1.005388e-02
8.275878e+00 1.025928e-01 -1.531771e-02
8.275878e+00 1.448116e-01 -2.442334e-02
8.275878e+00 2.023460e-01 -3.169367e-02
8.275878e+00 2.834245e-01 -3.766659e-02
8.275878e+00 3.967448e-01 -4.014074e-02
8.275878e+00 5.552783e-01 -3.992636e-02
8.275878e+00 7.774819e-01 -3.655778e-02
8.275878e+00 1.088445e+00 -3.159841e-02
8.275878e+00 1.523711e+00 -2.815501e-02
8.275878e+00 2.088426e+00 -2.891995e-02
8.275878e+00 2.685505e+00 -3.008136e-02
8.461396e+00 1.570796e-02 -4.0454e-04
8.461396e+00 2.346256e-02 -1.060304e-03
8.461396e+00 3.503514e-02 -2.15479e-03
8.461396e+00 5.263151e-02 -4.52289e-03
8.461396e+00 7.314235e-02 -9.041286e-03
8.461396e+00 1.025928e-01 -1.379023e-02
8.461396e+00 1.448116e-01 -2.232808e-02
8.461396e+00 2.023460e-01 -2.962619e-02
8.461396e+00 2.834245e-01 -3.607433e-02
8.461396e+00 3.967448e-01 -3.923291e-02
8.461396e+00 5.552783e-01 -3.955204e-02
8.461396e+00 7.774819e-01 -3.667456e-02
8.461396e+00 1.088445e+00 -3.187792e-02
8.461396e+00 1.523711e+00 -2.846591e-02
8.461396e+00 2.088426e+00 -2.91942e-02
8.461396e+00 2.685505e+00 -3.020668e-02
8.650623e+00 1.570796e-02 -3.578614e-04
8.650623e+00 2.346256e-02 -9.670943e-04
8.650623e+00 3.503514e-02 -1.931162e-03
8.650623e+00 5.263151e-02 -4.060558e-03
8.650623e+00 7.314235e-02 -8.121834e-03
8.650623e+00 1.025928e-01 -1.239706e-02
8.650623e+00 1.448116e-01 -2.030005e-02
8.650623e+00 2.023460e-01 -2.743361e-02
8.650623e+00 2.834245e-01 -3.419195e-02
8.650623e+00 3.967448e-01 -3.794697e-02
8.650623e+00 5.552783e-01 -3.875554e-02
8.650623e+00 7.774819e-01 -3.637364e-02
8.650623e+00 1.088445e+00 -3.188800e-02
8.650623e+00 1.523711e+00 -2.860148e-02
8.650623e+00 2.088426e+00 -2.929157e-02
8.650623e+00 2.685505e+00 -3.009636e-02
8.843636e+00 1.570796e-02 -3.127261e-04
8.843636e+00 2.346256e-02 -8.763392e-04
8.843636e+00 3.503514e-02 -1.727044e-03
8.843636e+00 5.263151e-02 -3.626841e-03
8.843636e+00 7.314235e-02 -7.258918e-03
8.843636e+00 1.025928e-01 -1.106875e-02
8.843636e+00 1.448116e-01 -1.8292e-02
8.843636e+00 2.023460e-01 -2.515045e-02
8.843636e+00 2.834245e-01 -3.200796e-02
8.843636e+00 3.967448e-01 -3.623663e-02
8.843636e+00 5.552783e-01 -3.755994e-02
8.843636e+00 7.774819e-01 -3.563965e-02
8.843636e+00 1.088445e+00 -3.154794e-02
8.843636e+00 1.523711e+00 -2.850855e-02
8.843636e+00 2.088426e+00 -2.921513e-02
8.843636e+00 2.685505e+00 -2.981261e-02
9.040509e+00 1.570796e-02 -2.758563e-04
9.040509e+00 2.346256e-02 -7.907540e-04
9.040509e+00 3.503514e-02 -1.543585e-03
9.040509e+00 5.263151e-02 -3.235942e-03
9.040509e+00 7.314235e-02 -6.471166e-03
9.040509e+00 1.025928e-01 -9.868342e-03
9.040509e+00 1.448116e-01 -1.639653e-02
9.040509e+00 2.023460e-01 -2.287596e-02
9.040509e+00 2.834245e-01 -2.965815e-02
9.040509e+00 3.967448e-01 -3.421653e-02
9.040509e+00 5.552783e-01 -3.602734e-02
9.040509e+00 7.774819e-01 -3.462167e-02
9.040509e+00 1.088445e+00 -3.098413e-02
9.040509e+00 1.523711e+00 -2.814991e-02
9.040509e+00 2.088426e+00 -2.887785e-02
9.040509e+00 2.685505e+00 -2.941450e-02
9.241319e+00 1.570796e-02 -2.448408e-04
9.241319e+00 2.346256e-02 -7.074131e-04
9.241319e+00 3.503514e-02 -1.378714e-03
9.241319e+00 5.263151e-02 -2.875046e-03
9.241319e+00 7.314235e-02 -5.751899e-03
9.241319e+00 1.025928e-01 -8.795301e-03
9.241319e+00 1.448116e-01 -1.465770e-02
9.241319e+00 2.023460e-01 -2.068641e-02
9.241319e+00 2.834245e-01 -2.723510e-02
9.241319e+00 3.967448e-01 -3.19958e-02
9.241319e+00 5.552783e-01 -3.419679e-02
9.241319e+00 7.774819e-01 -3.327622e-02
9.241319e+00 1.088445e+00 -3.013258e-02
9.241319e+00 1.523711e+00 -2.76446e-02
9.241319e+00 2.088426e+00 -2.838715e-02
9.241319e+00 2.685505e+00 -2.875682e-02
9.446145e+00 1.570796e-02 -2.172901e-04
9.446145e+00 2.346256e-02 -6.267387e-04
9.446145e+00 3.503514e-02 -1.228827e-03
9.446145e+00 5.263151e-02 -2.551920e-03
9.446145e+00 7.314235e-02 -5.109969e-03
9.446145e+00 1.025928e-01 -7.834492e-03
9.446145e+00 1.448116e-01 -1.305497e-02
9.446145e+00 2.023460e-01 -1.857437e-02
9.446145e+00 2.834245e-01 -2.479644e-02
9.446145e+00 3.967448e-01 -2.964044e-02
9.446145e+00 5.552783e-01 -3.217067e-02
9.446145e+00 7.774819e-01 -3.174212e-02
9.446145e+00 1.088445e+00 -2.904227e-02
9.446145e+00 1.523711e+00 -2.693783e-02
9.446145e+00 2.088426e+00 -2.77335e-02
9.446145e+00 2.685505e+00 -2.791171e-02
9.655068e+00 1.570796e-02 -1.919084e-04
9.655068e+00 2.346256e-02 -5.609163e-04
9.655068e+00 3.503514e-02 -1.096365e-03
9.655068e+00 5.263151e-02 -2.260496e-03
9.655068e+00 7.314235e-02 -4.527234e-03
9.655068e+00 1.025928e-01 -6.949379e-03
9.655068e+00 1.448116e-01 -1.15959e-02
9.655068e+00 2.023460e-01 -1.657668e-02
9.655068e+00 2.834245e-01 -2.239058e-02
9.655068e+00 3.967448e-01 -2.718953e-02
9.655068e+00 5.552783e-01 -3.001403e-02
9.655068e+00 7.774819e-01 -3.00309e-02
9.655068e+00 1.088445e+00 -2.780518e-02
9.655068e+00 1.523711e+00 -2.605509e-02
9.655068e+00 2.088426e+00 -2.692117e-02
9.655068e+00 2.685505e+00 -2.690527e-02
9.86817e+00 1.570796e-02 -1.707935e-04
9.86817e+00 2.346256e-02 -4.977184e-04
9.86817e+00 3.503514e-02 -9.765690e-04
9.86817e+00 5.263151e-02 -1.994397e-03
9.86817e+00 7.314235e-02 -3.995772e-03
9.86817e+00 1.025928e-01 -6.150390e-03
9.86817e+00 1.448116e-01 -1.025600e-02
9.86817e+00 2.023460e-01 -1.471729e-02
9.86817e+00 2.834245e-01 -2.009239e-02
9.86817e+00 3.967448e-01 -2.473984e-02
9.86817e+00 5.552783e-01 -2.777694e-02
9.86817e+00 7.774819e-01 -2.817864e-02
9.86817e+00 1.088445e+00 -2.643895e-02
9.86817e+00 1.523711e+00 -2.508260e-02
9.86817e+00 2.088426e+00 -2.601551e-02
9.86817e+00 2.685505e+00 -2.582887e-02
1.008553e+01 1.570796e-02 -1.514002e-04
1.008553e+01 2.346256e-02 -4.358101e-04
1.008553e+01 3.503514e-02 -8.644611e-04
1.008553e+01 5.263151e-02 -1.753742e-03
1.008553e+01 7.314235e-02 -3.51826e-03
1.008553e+01 1.025928e-01 -5.421181e-03
1.008553e+01 1.448116e-01 -9.021673e-03
1.008553e+01 2.023460e-01 -1.300818e-02
1.008553e+01 2.834245e-01 -1.792956e-02
1.008553e+01 3.967448e-01 -2.237218e-02
1.008553e+01 5.552783e-01 -2.551473e-02
1.008553e+01 7.774819e-01 -2.622958e-02
1.008553e+01 1.088445e+00 -2.499574e-02
1.008553e+01 1.523711e+00 -2.398558e-02
1.008553e+01 2.088426e+00 -2.500724e-02
1.008553e+01 2.685505e+00 -2.475016e-02
1.030724e+01 1.570796e-02 -1.339509e-04
1.030724e+01 2.346256e-02 -3.785018e-04
1.030724e+01 3.503514e-02 -7.611132e-04
1.030724e+01 5.263151e-02 -1.534803e-03
1.030724e+01 7.314235e-02 -3.091034e-03
1.030724e+01 1.025928e-01 -4.750726e-03
1.030724e+01 1.448116e-01 -7.921890e-03
1.030724e+01 2.023460e-01 -1.143992e-02
1.030724e+01 2.834245e-01 -1.59078e-02
1.030724e+01 3.967448e-01 -2.011383e-02
1.030724e+01 5.552783e-01 -2.325836e-02
1.030724e+01 7.774819e-01 -2.427254e-02
1.030724e+01 1.088445e+00 -2.34377e-02
1.030724e+01 1.523711e+00 -2.282643e-02
1.030724e+01 2.088426e+00 -2.38904e-02
1.030724e+01 2.685505e+00 -2.345148e-02
1.053339e+01 1.570796e-02 -1.177234e-04
1.053339e+01 2.346256e-02 -3.281434e-04
1.053339e+01 3.503514e-02 -6.650151e-04
1.053339e+01 5.263151e-02 -1.346667e-03
1.053339e+01 7.314235e-02 -2.702507e-03
1.053339e+01 1.025928e-01 -4.143197e-03
1.053339e+01 1.448116e-01 -6.920893e-03
1.053339e+01 2.023460e-01 -1.002939e-02
1.053339e+01 2.834245e-01 -1.403151e-02
1.053339e+01 3.967448e-01 -1.796337e-02
1.053339e+01 5.552783e-01 -2.105759e-02
1.053339e+01 7.774819e-01 -2.227124e-02
1.053339e+01 1.088445e+00 -2.181377e-02
1.053339e+01 1.523711e+00 -2.149694e-02
1.053339e+01 2.088426e+00 -2.263015e-02
1.053339e+01 2.685505e+00 -2.210372e-02
1.076406e+01 1.570796e-02 -1.029695e-04
1.076406e+01 2.346256e-02 -2.827893e-04
1.076406e+01 3.503514e-02 -5.800834e-04
1.076406e+01 5.263151e-02 -1.174199e-03
1.076406e+01 7.314235e-02 -2.354005e-03
1.076406e+01 1.025928e-01 -3.611037e-03
1.076406e+01 1.448116e-01 -6.022269e-03
1.076406e+01 2.023460e-01 -8.756618e-03
1.076406e+01 2.834245e-01 -1.232813e-02
1.076406e+01 3.967448e-01 -1.59305e-02
1.076406e+01 5.552783e-01 -1.891691e-02
1.076406e+01 7.774819e-01 -2.029174e-02
1.076406e+01 1.088445e+00 -2.01481e-02
1.076406e+01 1.523711e+00 -2.009361e-02
1.076406e+01 2.088426e+00 -2.123664e-02
1.076406e+01 2.685505e+00 -2.062774e-02
1.099934e+01 1.570796e-02 -8.923095e-05
1.099934e+01 2.346256e-02 -2.427841e-04
1.099934e+01 3.503514e-02 -5.014319e-04
1.099934e+01 5.263151e-02 -1.015875e-03
1.099934e+01 7.314235e-02 -2.035636e-03
1.099934e+01 1.025928e-01 -3.132032e-03
1.099934e+01 1.448116e-01 -5.210994e-03
1.099934e+01 2.023460e-01 -7.603535e-03
1.099934e+01 2.834245e-01 -1.074400e-02
1.099934e+01 3.967448e-01 -1.40302e-02
1.099934e+01 5.552783e-01 -1.685115e-02
1.099934e+01 7.774819e-01 -1.833621e-02
1.099934e+01 1.088445e+00 -1.848656e-02
1.099934e+01 1.523711e+00 -1.873352e-02
1.099934e+01 2.088426e+00 -1.992255e-02
1.099934e+01 2.685505e+00 -1.929373e-02
1.123932e+01 1.570796e-02 -7.714733e-05
1.123932e+01 2.346256e-02 -2.088657e-04
1.123932e+01 3.503514e-02 -4.320895e-04
1.123932e+01 5.263151e-02 -8.765189e-04
1.123932e+01 7.314235e-02 -1.757830e-03
1.123932e+01 1.025928e-01 -2.706251e-03
1.123932e+01 1.448116e-01 -4.495852e-03
1.123932e+01 2.023460e-01 -6.579525e-03
1.123932e+01 2.834245e-01 -9.326203e-03
1.123932e+01 3.967448e-01 -1.228122e-02
1.123932e+01 5.552783e-01 -1.491288e-02
1.123932e+01 7.774819e-01 -1.645285e-02
1.123932e+01 1.088445e+00 -1.684492e-02
1.123932e+01 1.523711e+00 -1.733314e-02
1.123932e+01 2.088426e+00 -1.858966e-02
1.123932e+01 2.685505e+00 -1.802212e-02
1.148411e+01 1.570796e-02 -6.663298e-05
1.148411e+01 2.346256e-02 -1.798960e-04
1.148411e+01 3.503514e-02 -3.720076e-04
1.148411e+01 5.263151e-02 -7.548396e-04
1.148411e+01 7.314235e-02 -1.509811e-03
1.148411e+01 1.025928e-01 -2.328035e-03
1.148411e+01 1.448116e-01 -3.863366e-03
1.148411e+01 2.023460e-01 -5.669458e-03
1.148411e+01 2.834245e-01 -8.065014e-03
1.148411e+01 3.967448e-01 -1.068704e-02
1.148411e+01 5.552783e-01 -1.311919e-02
1.148411e+01 7.774819e-01 -1.467147e-02
1.148411e+01 1.088445e+00 -1.523109e-02
1.148411e+01 1.523711e+00 -1.591623e-02
1.148411e+01 2.088426e+00 -1.718813e-02
1.148411e+01 2.685505e+00 -1.665908e-02
1.173379e+01 1.570796e-02 -5.709866e-05
1.173379e+01 2.346256e-02 -1.543667e-04
1.173379e+01 3.503514e-02 -3.178801e-04
1.173379e+01 5.263151e-02 -6.477949e-04
1.173379e+01 7.314235e-02 -1.290490e-03
1.173379e+01 1.025928e-01 -1.990851e-03
1.173379e+01 1.448116e-01 -3.299655e-03
1.173379e+01 2.023460e-01 -4.857797e-03
1.173379e+01 2.834245e-01 -6.930417e-03
1.173379e+01 3.967448e-01 -9.239033e-03
1.173379e+01 5.552783e-01 -1.144169e-02
1.173379e+01 7.774819e-01 -1.296183e-02
1.173379e+01 1.088445e+00 -1.368376e-02
1.173379e+01 1.523711e+00 -1.448268e-02
1.173379e+01 2.088426e+00 -1.583085e-02
1.173379e+01 2.685505e+00 -1.530891e-02
1.198847e+01 1.570796e-02 -4.877404e-05
1.198847e+01 2.346256e-02 -1.293724e-04
1.198847e+01 3.503514e-02 -2.707548e-04
1.198847e+01 5.263151e-02 -5.518835e-04
1.198847e+01 7.314235e-02 -1.101098e-03
1.198847e+01 1.025928e-01 -1.702511e-03
1.198847e+01 1.448116e-01 -2.809587e-03
1.198847e+01 2.023460e-01 -4.147847e-03
1.198847e+01 2.834245e-01 -5.932182e-03
1.198847e+01 3.967448e-01 -7.943238e-03
1.198847e+01 5.552783e-01 -9.916167e-03
1.198847e+01 7.774819e-01 -1.139828e-02
1.198847e+01 1.088445e+00 -1.222471e-02
1.198847e+01 1.523711e+00 -1.314977e-02
1.198847e+01 2.088426e+00 -1.449573e-02
1.198847e+01 2.685505e+00 -1.399195e-02
1.224824e+01 1.570796e-02 -4.174878e-05
1.224824e+01 2.346256e-02 -1.070875e-04
1.224824e+01 3.503514e-02 -2.297421e-04
1.224824e+01 5.263151e-02 -4.681105e-04
1.224824e+01 7.314235e-02 -9.292953e-04
1.224824e+01 1.025928e-01 -1.445625e-03
1.224824e+01 1.448116e-01 -2.384086e-03
1.224824e+01 2.023460e-01 -3.527458e-03
1.224824e+01 2.834245e-01 -5.045235e-03
1.224824e+01 3.967448e-01 -6.786581e-03
1.224824e+01 5.552783e-01 -8.540295e-03
1.224824e+01 7.774819e-01 -9.946918e-03
1.224824e+01 1.088445e+00 -1.084799e-02
1.224824e+01 1.523711e+00 -1.18666e-02
1.224824e+01 2.088426e+00 -1.320835e-02
1.224824e+01 2.685505e+00 -1.274536e-02
1.251320e+01 1.570796e-02 -3.549199e-05
1.251320e+01 2.346256e-02 -8.933748e-05
1.251320e+01 3.503514e-02 -1.93987e-04
1.251320e+01 5.263151e-02 -3.938013e-04
1.251320e+01 7.314235e-02 -7.830164e-04
1.251320e+01 1.025928e-01 -1.221342e-03
1.251320e+01 1.448116e-01 -2.008972e-03
1.251320e+01 2.023460e-01 -2.977050e-03
1.251320e+01 2.834245e-01 -4.264949e-03
1.251320e+01 3.967448e-01 -5.769557e-03
1.251320e+01 5.552783e-01 -7.311622e-03
1.251320e+01 7.774819e-01 -8.617993e-03
1.251320e+01 1.088445e+00 -9.550299e-03
1.251320e+01 1.523711e+00 -1.062432e-02
1.251320e+01 2.088426e+00 -1.194426e-02
1.251320e+01 2.685505e+00 -1.157509e-02
1.278347e+01 1.570796e-02 -3.013659e-05
1.278347e+01 2.346256e-02 -7.398972e-05
1.278347e+01 3.503514e-02 -1.631403e-04
1.278347e+01 5.263151e-02 -3.293598e-04
1.278347e+01 7.314235e-02 -6.562873e-04
1.278347e+01 1.025928e-01 -1.026833e-03
1.278347e+01 1.448116e-01 -1.684681e-03
1.278347e+01 2.023460e-01 -2.502967e-03
1.278347e+01 2.834245e-01 -3.590167e-03
1.278347e+01 3.967448e-01 -4.867015e-03
1.278347e+01 5.552783e-01 -6.208410e-03
1.278347e+01 7.774819e-01 -7.423498e-03
1.278347e+01 1.088445e+00 -8.359630e-03
1.278347e+01 1.523711e+00 -9.465645e-03
1.278347e+01 2.088426e+00 -1.077451e-02
1.278347e+01 2.685505e+00 -1.046923e-02
1.305914e+01 1.570796e-02 -2.508872e-05
1.305914e+01 2.346256e-02 -6.05727e-05
1.305914e+01 3.503514e-02 -1.354384e-04
1.305914e+01 5.263151e-02 -2.750336e-04
1.305914e+01 7.314235e-02 -5.481812e-04
1.305914e+01 1.025928e-01 -8.577784e-04
1.305914e+01 1.448116e-01 -1.404502e-03
1.305914e+01 2.023460e-01 -2.097329e-03
1.305914e+01 2.834245e-01 -3.009044e-03
1.305914e+01 3.967448e-01 -4.084864e-03
1.305914e+01 5.552783e-01 -5.254385e-03
1.305914e+01 7.774819e-01 -6.358178e-03
1.305914e+01 1.088445e+00 -7.280032e-03
1.305914e+01 1.523711e+00 -8.372639e-03
1.305914e+01 2.088426e+00 -9.632508e-03
1.305914e+01 2.685505e+00 -9.390614e-03
1.334032e+01 1.570796e-02 -2.103783e-05
1.334032e+01 2.346256e-02 -4.952442e-05
1.334032e+01 3.503514e-02 -1.125156e-04
1.334032e+01 5.263151e-02 -2.282236e-04
1.334032e+01 7.314235e-02 -4.55233e-04
1.334032e+01 1.025928e-01 -7.095836e-04
1.334032e+01 1.448116e-01 -1.163371e-03
1.334032e+01 2.023460e-01 -1.74214e-03
1.334032e+01 2.834245e-01 -2.505976e-03
1.334032e+01 3.967448e-01 -3.404797e-03
1.334032e+01 5.552783e-01 -4.409789e-03
1.334032e+01 7.774819e-01 -5.414599e-03
1.334032e+01 1.088445e+00 -6.287788e-03
1.334032e+01 1.523711e+00 -7.349974e-03
1.334032e+01 2.088426e+00 -8.554768e-03
1.334032e+01 2.685505e+00 -8.405568e-03
1.362713e+01 1.570796e-02 -1.741803e-05
1.362713e+01 2.346256e-02 -4.085756e-05
1.362713e+01 3.503514e-02 -9.319888e-05
1.362713e+01 5.263151e-02 -1.882971e-04
1.362713e+01 7.314235e-02 -3.744063e-04
1.362713e+01 1.025928e-01 -5.869578e-04
1.362713e+01 1.448116e-01 -9.604529e-04
1.362713e+01 2.023460e-01 -1.438396e-03
1.362713e+01 2.834245e-01 -2.068491e-03
1.362713e+01 3.967448e-01 -2.821236e-03
1.362713e+01 5.552783e-01 -3.674965e-03
1.362713e+01 7.774819e-01 -4.571084e-03
1.362713e+01 1.088445e+00 -5.391726e-03
1.362713e+01 1.523711e+00 -6.395921e-03
1.362713e+01 2.088426e+00 -7.528120e-03
1.362713e+01 2.685505e+00 -7.449216e-03
1.391967e+01 1.570796e-02 -1.438793e-05
1.391967e+01 2.346256e-02 -3.303018e-05
1.391967e+01 3.503514e-02 -7.568578e-05
1.391967e+01 5.263151e-02 -1.539603e-04
1.391967e+01 7.314235e-02 -3.062982e-04
1.391967e+01 1.025928e-01 -4.790559e-04
1.391967e+01 1.448116e-01 -7.869841e-04
1.391967e+01 2.023460e-01 -1.182434e-03
1.391967e+01 2.834245e-01 -1.697303e-03
1.391967e+01 3.967448e-01 -2.321439e-03
1.391967e+01 5.552783e-01 -3.048933e-03
1.391967e+01 7.774819e-01 -3.836017e-03
1.391967e+01 1.088445e+00 -4.601397e-03
1.391967e+01 1.523711e+00 -5.556654e-03
1.391967e+01 2.088426e+00 -6.628131e-03
1.391967e+01 2.685505e+00 -6.588182e-03
1.421806e+01 1.570796e-02 -1.188473e-05
1.421806e+01 2.346256e-02 -2.701807e-05
1.421806e+01 3.503514e-02 -6.176509e-05
1.421806e+01 5.263151e-02 -1.264106e-04
1.421806e+01 7.314235e-02 -2.509958e-04
1.421806e+01 1.025928e-01 -3.904034e-04
1.421806e+01 1.448116e-01 -6.436562e-04
1.421806e+01 2.023460e-01 -9.672904e-04
1.421806e+01 2.834245e-01 -1.392996e-03
1.421806e+01 3.967448e-01 -1.907264e-03
1.421806e+01 5.552783e-01 -2.523480e-03
1.421806e+01 7.774819e-01 -3.207679e-03
1.421806e+01 1.088445e+00 -3.906871e-03
1.421806e+01 1.523711e+00 -4.801442e-03
1.421806e+01 2.088426e+00 -5.779496e-03
1.421806e+01 2.685505e+00 -5.770903e-03
1.452242e+01 1.570796e-02 -9.636034e-06
1.452242e+01 2.346256e-02 -2.213756e-05
1.452242e+01 3.503514e-02 -4.997399e-05
1.452242e+01 5.263151e-02 -1.025288e-04
1.452242e+01 7.314235e-02 -2.019568e-04
1.452242e+01 1.025928e-01 -3.165639e-04
1.452242e+01 1.448116e-01 -5.202058e-04
1.452242e+01 2.023460e-01 -7.865771e-04
1.452242e+01 2.834245e-01 -1.129706e-03
1.452242e+01 3.967448e-01 -1.553944e-03
1.452242e+01 5.552783e-01 -2.062258e-03
1.452242e+01 7.774819e-01 -2.657352e-03
1.452242e+01 1.088445e+00 -3.289028e-03
1.452242e+01 1.523711e+00 -4.118943e-03
1.452242e+01 2.088426e+00 -5.011638e-03
1.452242e+01 2.685505e+00 -5.032670e-03
1.483287e+01 1.570796e-02 -7.796687e-06
1.483287e+01 2.346256e-02 -1.77643e-05
1.483287e+01 3.503514e-02 -4.032329e-05
1.483287e+01 5.263151e-02 -8.319162e-05
1.483287e+01 7.314235e-02 -1.631716e-04
1.483287e+01 1.025928e-01 -2.546299e-04
1.483287e+01 1.448116e-01 -4.179607e-04
1.483287e+01 2.023460e-01 -6.347487e-04
1.483287e+01 2.834245e-01 -9.102252e-04
1.483287e+01 3.967448e-01 -1.254667e-03
1.483287e+01 5.552783e-01 -1.681350e-03
1.483287e+01 7.774819e-01 -2.188337e-03
1.483287e+01 1.088445e+00 -2.752692e-03
1.483287e+01 1.523711e+00 -3.505315e-03
1.483287e+01 2.088426e+00 -4.30244e-03
1.483287e+01 2.685505e+00 -4.336878e-03
1.514953e+01 1.570796e-02 -6.371724e-06
1.514953e+01 2.346256e-02 -1.390367e-05
1.514953e+01 3.503514e-02 -3.249699e-05
1.514953e+01 5.263151e-02 -6.650154e-05
1.514953e+01 7.314235e-02 -1.306889e-04
1.514953e+01 1.025928e-01 -2.043604e-04
1.514953e+01 1.448116e-01 -3.369191e-04
1.514953e+01 2.023460e-01 -5.112824e-04
1.514953e+01 2.834245e-01 -7.308079e-04
1.514953e+01 3.967448e-01 -1.01463e-03
1.514953e+01 5.552783e-01 -1.364094e-03
1.514953e+01 7.774819e-01 -1.791925e-03
1.514953e+01 1.088445e+00 -2.290907e-03
1.514953e+01 1.523711e+00 -2.960813e-03
1.514953e+01 2.088426e+00 -3.673987e-03
1.514953e+01 2.685505e+00 -3.735688e-03
1.547252e+01 1.570796e-02 -5.131279e-06
1.547252e+01 2.346256e-02 -1.063265e-05
1.547252e+01 3.503514e-02 -2.589575e-05
1.547252e+01 5.263151e-02 -5.292900e-05
1.547252e+01 7.314235e-02 -1.036896e-04
1.547252e+01 1.025928e-01 -1.616216e-04
1.547252e+01 1.448116e-01 -2.687273e-04
1.547252e+01 2.023460e-01 -4.086221e-04
1.547252e+01 2.834245e-01 -5.831002e-04
1.547252e+01 3.967448e-01 -8.130815e-04
1.547252e+01 5.552783e-01 -1.100401e-03
1.547252e+01 7.774819e-01 -1.454010e-03
1.547252e+01 1.088445e+00 -1.897817e-03
1.547252e+01 1.523711e+00 -2.48703e-03
1.547252e+01 2.088426e+00 -3.124750e-03
1.547252e+01 2.685505e+00 -3.202971e-03
1.580197e+01 1.570796e-02 -4.145752e-06
1.580197e+01 2.346256e-02 -8.426987e-06
1.580197e+01 3.503514e-02 -2.012778e-05
1.580197e+01 5.263151e-02 -4.129385e-05
1.580197e+01 7.314235e-02 -8.199712e-05
1.580197e+01 1.025928e-01 -1.288113e-04
1.580197e+01 1.448116e-01 -2.129872e-04
1.580197e+01 2.023460e-01 -3.240928e-04
1.580197e+01 2.834245e-01 -4.625733e-04
1.580197e+01 3.967448e-01 -6.466683e-04
1.580197e+01 5.552783e-01 -8.782374e-04
1.580197e+01 7.774819e-01 -1.169939e-03
1.580197e+01 1.088445e+00 -1.549200e-03
1.580197e+01 1.523711e+00 -2.061522e-03
1.580197e+01 2.088426e+00 -2.609948e-03
1.580197e+01 2.685505e+00 -2.701352e-03
1.613801e+01 1.570796e-02 -3.352583e-06
1.613801e+01 2.346256e-02 -6.326029e-06
1.613801e+01 3.503514e-02 -1.583591e-05
1.613801e+01 5.263151e-02 -3.166155e-05
1.613801e+01 7.314235e-02 -6.449573e-05
1.613801e+01 1.025928e-01 -1.005812e-04
1.613801e+01 1.448116e-01 -1.669322e-04
1.613801e+01 2.023460e-01 -2.52982e-04
1.613801e+01 2.834245e-01 -3.623067e-04
1.613801e+01 3.967448e-01 -5.066680e-04
1.613801e+01 5.552783e-01 -6.919982e-04
1.613801e+01 7.774819e-01 -9.302884e-04
1.613801e+01 1.088445e+00 -1.251597e-03
1.613801e+01 1.523711e+00 -1.691947e-03
1.613801e+01 2.088426e+00 -2.163681e-03
1.613801e+01 2.685505e+00 -2.236470e-03
1.648077e+01 1.570796e-02 -2.630695e-06
1.648077e+01 2.346256e-02 -5.130530e-06
1.648077e+01 3.503514e-02 -1.257245e-05
1.648077e+01 5.263151e-02 -2.482195e-05
1.648077e+01 7.314235e-02 -4.956375e-05
1.648077e+01 1.025928e-01 -7.796492e-05
1.648077e+01 1.448116e-01 -1.296348e-04
1.648077e+01 2.023460e-01 -1.981439e-04
1.648077e+01 2.834245e-01 -2.833134e-04
1.648077e+01 3.967448e-01 -3.95933e-04
1.648077e+01 5.552783e-01 -5.449289e-04
1.648077e+01 7.774819e-01 -7.382135e-04
1.648077e+01 1.088445e+00 -1.005344e-03
1.648077e+01 1.523711e+00 -1.378734e-03
1.648077e+01 2.088426e+00 -1.774583e-03
1.648077e+01 2.685505e+00 -1.807243e-03
1.683038e+01 1.570796e-02 -2.071301e-06
1.683038e+01 2.346256e-02 -3.939587e-06
1.683038e+01 3.503514e-02 -9.907921e-06
1.683038e+01 5.263151e-02 -1.898877e-05
1.683038e+01 7.314235e-02 -3.903635e-05
1.683038e+01 1.025928e-01 -6.020848e-05
1.683038e+01 1.448116e-01 -1.007556e-04
1.683038e+01 2.023460e-01 -1.540301e-04
1.683038e+01 2.834245e-01 -2.192370e-04
1.683038e+01 3.967448e-01 -3.079664e-04
1.683038e+01 5.552783e-01 -4.270137e-04
1.683038e+01 7.774819e-01 -5.808748e-04
1.683038e+01 1.088445e+00 -7.992643e-04
1.683038e+01 1.523711e+00 -1.109151e-03
1.683038e+01 2.088426e+00 -1.440630e-03
1.683038e+01 2.685505e+00 -1.46638e-03
1.718699e+01 1.570796e-02 -1.636256e-06
1.718699e+01 2.346256e-02 -2.926045e-06
1.718699e+01 3.503514e-02 -7.583281e-06
1.718699e+01 5.263151e-02 -1.455118e-05
1.718699e+01 7.314235e-02 -2.900798e-05
1.718699e+01 1.025928e-01 -4.538701e-05
1.718699e+01 1.448116e-01 -7.671679e-05
1.718699e+01 2.023460e-01 -1.177648e-04
1.718699e+01 2.834245e-01 -1.676892e-04
1.718699e+01 3.967448e-01 -2.365985e-04
1.718699e+01 5.552783e-01 -3.282934e-04
1.718699e+01 7.774819e-01 -4.513102e-04
1.718699e+01 1.088445e+00 -6.266103e-04
1.718699e+01 1.523711e+00 -8.799144e-04
1.718699e+01 2.088426e+00 -1.149352e-03
1.718699e+01 2.685505e+00 -1.168263e-03
1.755073e+01 1.570796e-02 -1.220137e-06
1.755073e+01 2.346256e-02 -2.249254e-06
1.755073e+01 3.503514e-02 -5.793016e-06
1.755073e+01 5.263151e-02 -1.103963e-05
1.755073e+01 7.314235e-02 -2.151536e-05
1.755073e+01 1.025928e-01 -3.318642e-05
1.755073e+01 1.448116e-01 -5.760026e-05
1.755073e+01 2.023460e-01 -8.825362e-05
1.755073e+01 2.834245e-01 -1.257451e-04
1.755073e+01 3.967448e-01 -1.779847e-04
1.755073e+01 5.552783e-01 -2.478235e-04
1.755073e+01 7.774819e-01 -3.438520e-04
1.755073e+01 1.088445e+00 -4.817724e-04
1.755073e+01 1.523711e+00 -6.833699e-04
1.755073e+01 2.088426e+00 -9.018878e-04
1.755073e+01 2.685505e+00 -9.230469e-04
1.792175e+01 1.570796e-02 -9.396304e-07
1.792175e+01 2.346256e-02 -1.559677e-06
1.792175e+01 3.503514e-02 -4.400915e-06
1.792175e+01 5.263151e-02 -8.193505e-06
1.792175e+01 7.314235e-02 -1.606816e-05
1.792175e+01 1.025928e-01 -2.467457e-05
1.792175e+01 1.448116e-01 -4.277356e-05
1.792175e+01 2.023460e-01 -6.538242e-05
1.792175e+01 2.834245e-01 -9.340180e-05
1.792175e+01 3.967448e-01 -1.328238e-04
1.792175e+01 5.552783e-01 -1.849141e-04
1.792175e+01 7.774819e-01 -2.590131e-04
1.792175e+01 1.088445e+00 -3.652680e-04
1.792175e+01 1.523711e+00 -5.242727e-04
1.792175e+01 2.088426e+00 -6.949835e-04
1.792175e+01 2.685505e+00 -7.199508e-04
1.830018e+01 1.570796e-02 -7.387882e-07
1.830018e+01 2.346256e-02 -1.087022e-06
1.830018e+01 3.503514e-02 -3.241244e-06
1.830018e+01 5.263151e-02 -5.918356e-06
1.830018e+01 7.314235e-02 -1.153943e-05
1.830018e+01 1.025928e-01 -1.798405e-05
1.830018e+01 1.448116e-01 -3.134256e-05
1.830018e+01 2.023460e-01 -4.792431e-05
1.830018e+01 2.834245e-01 -6.827551e-05
1.830018e+01 3.967448e-01 -9.762894e-05
1.830018e+01 5.552783e-01 -1.36908e-04
1.830018e+01 7.774819e-01 -1.931895e-04
1.830018e+01 1.088445e+00 -2.726991e-04
1.830018e+01 1.523711e+00 -3.923222e-04
1.830018e+01 2.088426e+00 -5.246914e-04
1.830018e+01 2.685505e+00 -5.468353e-04
1.868618e+01 1.570796e-02 -5.421334e-07
1.868618e+01 2.346256e-02 -6.430598e-07
1.868618e+01 3.503514e-02 -2.288087e-06
1.868618e+01 5.263151e-02 -4.282566e-06
1.868618e+01 7.314235e-02 -8.176411e-06
1.868618e+01 1.025928e-01 -1.293218e-05
1.868618e+01 1.448116e-01 -2.213610e-05
1.868618e+01 2.023460e-01 -3.368169e-05
1.868618e+01 2.834245e-01 -4.844353e-05
1.868618e+01 3.967448e-01 -6.982621e-05
1.868618e+01 5.552783e-01 -9.785683e-05
1.868618e+01 7.774819e-01 -1.406078e-04
1.868618e+01 1.088445e+00 -1.989751e-04
1.868618e+01 1.523711e+00 -2.885758e-04
1.868618e+01 2.088426e+00 -3.8812e-04
1.868618e+01 2.685505e+00 -4.063966e-04
1.907991e+01 1.570796e-02 -3.798299e-07
1.907991e+01 2.346256e-02 -4.65222e-07
1.907991e+01 3.503514e-02 -1.604288e-06
1.907991e+01 5.263151e-02 -3.176638e-06
1.907991e+01 7.314235e-02 -5.874126e-06
1.907991e+01 1.025928e-01 -8.957389e-06
1.907991e+01 1.448116e-01 -1.559727e-05
1.907991e+01 2.023460e-01 -2.426068e-05
1.907991e+01 2.834245e-01 -3.439472e-05
1.907991e+01 3.967448e-01 -4.942631e-05
1.907991e+01 5.552783e-01 -7.018008e-05
1.907991e+01 7.774819e-01 -1.019862e-04
1.907991e+01 1.088445e+00 -1.442433e-04
1.907991e+01 1.523711e+00 -2.097601e-04
1.907991e+01 2.088426e+00 -2.840024e-04
1.907991e+01 2.685505e+00 -3.016180e-04
1.948151e+01 1.570796e-02 -2.744310e-07
1.948151e+01 2.346256e-02 -3.138562e-07
1.948151e+01 3.503514e-02 -1.101793e-06
1.948151e+01 5.263151e-02 -2.186532e-06
1.948151e+01 7.314235e-02 -3.98108e-06
1.948151e+01 1.025928e-01 -6.106642e-06
1.948151e+01 1.448116e-01 -1.090182e-05
1.948151e+01 2.023460e-01 -1.691405e-05
1.948151e+01 2.834245e-01 -2.388817e-05
1.948151e+01 3.967448e-01 -3.460247e-05
1.948151e+01 5.552783e-01 -4.924908e-05
1.948151e+01 7.774819e-01 -7.261382e-05
1.948151e+01 1.088445e+00 -1.033436e-04
1.948151e+01 1.523711e+00 -1.498005e-04
1.948151e+01 2.088426e+00 -2.033972e-04
1.948151e+01 2.685505e+00 -2.169635e-04
1.989114e+01 1.570796e-02 -1.961215e-07
1.989114e+01 2.346256e-02 -1.978968e-07
1.989114e+01 3.503514e-02 -7.338679e-07
1.989114e+01 5.263151e-02 -1.49702e-06
1.989114e+01 7.314235e-02 -2.773946e-06
1.989114e+01 1.025928e-01 -4.044253e-06
1.989114e+01 1.448116e-01 -7.428104e-06
1.989114e+01 2.023460e-01 -1.175501e-05
1.989114e+01 2.834245e-01 -1.617203e-05
1.989114e+01 3.967448e-01 -2.374285e-05
1.989114e+01 5.552783e-01 -3.412017e-05
1.989114e+01 7.774819e-01 -5.03011e-05
1.989114e+01 1.088445e+00 -7.146741e-05
1.989114e+01 1.523711e+00 -1.040197e-04
1.989114e+01 2.088426e+00 -1.424399e-04
1.989114e+01 2.685505e+00 -1.530839e-04
2.030896e+01 1.570796e-02 -1.433807e-07
2.030896e+01 2.346256e-02 -1.258387e-07
2.030896e+01 3.503514e-02 -5.127909e-07
2.030896e+01 5.263151e-02 -9.628679e-07
2.030896e+01 7.314235e-02 -1.773935e-06
2.030896e+01 1.025928e-01 -2.620734e-06
2.030896e+01 1.448116e-01 -5.006324e-06
2.030896e+01 2.023460e-01 -7.894501e-06
2.030896e+01 2.834245e-01 -1.071261e-05
2.030896e+01 3.967448e-01 -1.592579e-05
2.030896e+01 5.552783e-01 -2.306865e-05
2.030896e+01 7.774819e-01 -3.407955e-05
2.030896e+01 1.088445e+00 -4.821115e-05
2.030896e+01 1.523711e+00 -7.066137e-05
2.030896e+01 2.088426e+00 -9.738062e-05
2.030896e+01 2.685505e+00 -1.044999e-04
2.073514e+01 1.570796e-02 -9.296223e-08
2.073514e+01 2.346256e-02 -8.058538e-08
2.073514e+01 3.503514e-02 -3.274354e-07
2.073514e+01 5.263151e-02 -6.121627e-07
2.073514e+01 7.314235e-02 -1.125130e-06
2.073514e+01 1.025928e-01 -1.671583e-06
2.073514e+01 1.448116e-01 -3.310219e-06
2.073514e+01 2.023460e-01 -5.240744e-06
2.073514e+01 2.834245e-01 -7.006298e-06
2.073514e+01 3.967448e-01 -1.045677e-05
2.073514e+01 5.552783e-01 -1.541138e-05
2.073514e+01 7.774819e-01 -2.279717e-05
2.073514e+01 1.088445e+00 -3.188606e-05
2.073514e+01 1.523711e+00 -4.665773e-05
2.073514e+01 2.088426e+00 -6.442693e-05
2.073514e+01 2.685505e+00 -6.877708e-05
2.116984e+01 1.570796e-02 -6.116184e-08
2.116984e+01 2.346256e-02 -4.253703e-08
2.116984e+01 3.503514e-02 -2.011254e-07
2.116984e+01 5.263151e-02 -3.852518e-07
2.116984e+01 7.314235e-02 -6.998254e-07
2.116984e+01 1.025928e-01 -1.083571e-06
2.116984e+01 1.448116e-01 -2.121370e-06
2.116984e+01 2.023460e-01 -3.317237e-06
2.116984e+01 2.834245e-01 -4.511792e-06
2.116984e+01 3.967448e-01 -6.720021e-06
2.116984e+01 5.552783e-01 -9.976487e-06
2.116984e+01 7.774819e-01 -1.497152e-05
2.116984e+01 1.088445e+00 -2.089082e-05
2.116984e+01 1.523711e+00 -3.071171e-05
2.116984e+01 2.088426e+00 -4.23788e-05
2.116984e+01 2.685505e+00 -4.548127e-05
2.161324e+01 1.570796e-02 -3.817588e-08
2.161324e+01 2.346256e-02 -3.163673e-08
2.161324e+01 3.503514e-02 -1.264537e-07
2.161324e+01 5.263151e-02 -2.304741e-07
2.161324e+01 7.314235e-02 -3.963593e-07
2.161324e+01 1.025928e-01 -6.598402e-07
2.161324e+01 1.448116e-01 -1.292621e-06
2.161324e+01 2.023460e-01 -2.050207e-06
2.161324e+01 2.834245e-01 -2.739442e-06
2.161324e+01 3.967448e-01 -4.250171e-06
2.161324e+01 5.552783e-01 -6.281325e-06
2.161324e+01 7.774819e-01 -9.517986e-06
2.161324e+01 1.088445e+00 -1.323634e-05
2.161324e+01 1.523711e+00 -1.932979e-05
2.161324e+01 2.088426e+00 -2.702624e-05
2.161324e+01 2.685505e+00 -2.871738e-05
2.206550e+01 1.570796e-02 -2.231213e-08
2.206550e+01 2.346256e-02 -1.514179e-08
2.206550e+01 3.503514e-02 -7.668866e-08
2.206550e+01 5.263151e-02 -1.415440e-07
2.206550e+01 7.314235e-02 -2.298762e-07
2.206550e+01 1.025928e-01 -3.942028e-07
2.206550e+01 1.448116e-01 -7.716586e-07
2.206550e+01 2.023460e-01 -1.219714e-06
2.206550e+01 2.834245e-01 -1.649308e-06
2.206550e+01 3.967448e-01 -2.563961e-06
2.206550e+01 5.552783e-01 -3.792388e-06
2.206550e+01 7.774819e-01 -5.800804e-06
2.206550e+01 1.088445e+00 -8.056302e-06
2.206550e+01 1.523711e+00 -1.195333e-05
2.206550e+01 2.088426e+00 -1.698641e-05
2.206550e+01 2.685505e+00 -1.831801e-05
2.252681e+01 1.570796e-02 5.307091e-10
2.252681e+01 2.346256e-02 1.352347e-09
2.252681e+01 3.503514e-02 2.739054e-09
2.252681e+01 5.263151e-02 5.629741e-09
2.252681e+01 7.314235e-02 1.173759e-08
2.252681e+01 1.025928e-01 1.751984e-08
2.252681e+01 1.448116e-01 2.968299e-08
2.252681e+01 2.023460e-01 4.308948e-08
2.252681e+01 2.834245e-01 6.196596e-08
2.252681e+01 3.967448e-01 8.624534e-08
2.252681e+01 5.552783e-01 1.187457e-07
2.252681e+01 7.774819e-01 1.544679e-07
2.252681e+01 1.088445e+00 1.740120e-07
2.252681e+01 1.523711e+00 1.564701e-07
2.252681e+01 2.088426e+00 1.088030e-07
2.252681e+01 2.685505e+00 5.387740e-08
2.299735e+01 1.570796e-02 5.009870e-10
2.299735e+01 2.346256e-02 1.273425e-09
2.299735e+01 3.503514e-02 2.582463e-09
2.299735e+01 5.263151e-02 5.300314e-09
2.299735e+01 7.314235e-02 1.105434e-08
2.299735e+01 1.025928e-01 1.649892e-08
2.299735e+01 1.448116e-01 2.796366e-08
2.299735e+01 2.023460e-01 4.066892e-08
2.299735e+01 2.834245e-01 5.870545e-08
2.299735e+01 3.967448e-01 8.224096e-08
2.299735e+01 5.552783e-01 1.141048e-07
2.299735e+01 7.774819e-01 1.493875e-07
2.299735e+01 1.088445e+00 1.694794e-07
2.299735e+01 1.523711e+00 1.540414e-07
2.299735e+01 2.088426e+00 1.085942e-07
2.299735e+01 2.685505e+00 5.412500e-08
2.34773e+01 1.570796e-02 4.707906e-10
2.34773e+01 2.346256e-02 1.195787e-09
2.34773e+01 3.503514e-02 2.425404e-09
2.34773e+01 5.263151e-02 4.974345e-09
2.34773e+01 7.314235e-02 1.037886e-08
2.34773e+01 1.025928e-01 1.548543e-08
2.34773e+01 1.448116e-01 2.626481e-08
2.34773e+01 2.023460e-01 3.826953e-08
2.34773e+01 2.834245e-01 5.548347e-08
2.34773e+01 3.967448e-01 7.826367e-08
2.34773e+01 5.552783e-01 1.094134e-07
2.34773e+01 7.774819e-01 1.441604e-07
2.34773e+01 1.088445e+00 1.646963e-07
2.34773e+01 1.523711e+00 1.514764e-07
2.34773e+01 2.088426e+00 1.085495e-07
2.34773e+01 2.685505e+00 5.448844e-08
2.396684e+01 1.570796e-02 4.408994e-10
2.396684e+01 2.346256e-02 1.118243e-09
2.396684e+01 3.503514e-02 2.270652e-09
2.396684e+01 5.263151e-02 4.651623e-09
2.396684e+01 7.314235e-02 9.712513e-09
2.396684e+01 1.025928e-01 1.448872e-08
2.396684e+01 1.448116e-01 2.459807e-08
2.396684e+01 2.023460e-01 3.591943e-08
2.396684e+01 2.834245e-01 5.231781e-08
2.396684e+01 3.967448e-01 7.429940e-08
2.396684e+01 5.552783e-01 1.046519e-07
2.396684e+01 7.774819e-01 1.387006e-07
2.396684e+01 1.088445e+00 1.596508e-07
2.396684e+01 1.523711e+00 1.487347e-07
2.396684e+01 2.088426e+00 1.083999e-07
2.396684e+01 2.685505e+00 5.488646e-08
2.446618e+01 1.570796e-02 4.113276e-10
2.446618e+01 2.346256e-02 1.042523e-09
2.446618e+01 3.503514e-02 2.118363e-09
2.446618e+01 5.263151e-02 4.335508e-09
2.446618e+01 7.314235e-02 9.060776e-09
2.446618e+01 1.025928e-01 1.351175e-08
2.446618e+01 1.448116e-01 2.296663e-08
2.446618e+01 2.023460e-01 3.362241e-08
2.446618e+01 2.834245e-01 4.922495e-08
2.446618e+01 3.967448e-01 7.037238e-08
2.446618e+01 5.552783e-01 9.985952e-08
2.446618e+01 7.774819e-01 1.331411e-07
2.446618e+01 1.088445e+00 1.543683e-07
2.446618e+01 1.523711e+00 1.458053e-07
2.446618e+01 2.088426e+00 1.082616e-07
2.446618e+01 2.685505e+00 5.546824e-08
2.497550e+01 1.570796e-02 3.823712e-10
2.497550e+01 2.346256e-02 9.683738e-10
2.497550e+01 3.503514e-02 1.969753e-09
2.497550e+01 5.263151e-02 4.02764e-09
2.497550e+01 7.314235e-02 8.425249e-09
2.497550e+01 1.025928e-01 1.256025e-08
2.497550e+01 1.448116e-01 2.137390e-08
2.497550e+01 2.023460e-01 3.138571e-08
2.497550e+01 2.834245e-01 4.618866e-08
2.497550e+01 3.967448e-01 6.649029e-08
2.497550e+01 5.552783e-01 9.50028e-08
2.497550e+01 7.774819e-01 1.273651e-07
2.497550e+01 1.088445e+00 1.488141e-07
2.497550e+01 1.523711e+00 1.426125e-07
2.497550e+01 2.088426e+00 1.081706e-07
2.497550e+01 2.685505e+00 5.629853e-08
2.549501e+01 1.570796e-02 3.540335e-10
2.549501e+01 2.346256e-02 8.965791e-10
2.549501e+01 3.503514e-02 1.824913e-09
2.549501e+01 5.263151e-02 3.727940e-09
2.549501e+01 7.314235e-02 7.804535e-09
2.549501e+01 1.025928e-01 1.163458e-08
2.549501e+01 1.448116e-01 1.982664e-08
2.549501e+01 2.023460e-01 2.919384e-08
2.549501e+01 2.834245e-01 4.319992e-08
2.549501e+01 3.967448e-01 6.263383e-08
2.549501e+01 5.552783e-01 9.006916e-08
2.549501e+01 7.774819e-01 1.213813e-07
2.549501e+01 1.088445e+00 1.429745e-07
2.549501e+01 1.523711e+00 1.393157e-07
2.549501e+01 2.088426e+00 1.081145e-07
2.549501e+01 2.685505e+00 5.739544e-08
2.602491e+01 1.570796e-02 3.265201e-10
2.602491e+01 2.346256e-02 8.267538e-10
2.602491e+01 3.503514e-02 1.683767e-09
2.602491e+01 5.263151e-02 3.435196e-09
2.602491e+01 7.314235e-02 7.2016e-09
2.602491e+01 1.025928e-01 1.073079e-08
2.602491e+01 1.448116e-01 1.831908e-08
2.602491e+01 2.023460e-01 2.705493e-08
2.602491e+01 2.834245e-01 4.026338e-08
2.602491e+01 3.967448e-01 5.878456e-08
2.602491e+01 5.552783e-01 8.503248e-08
2.602491e+01 7.774819e-01 1.152053e-07
2.602491e+01 1.088445e+00 1.367897e-07
2.602491e+01 1.523711e+00 1.356702e-07
2.602491e+01 2.088426e+00 1.079816e-07
2.602491e+01 2.685505e+00 5.871395e-08
2.656541e+01 1.570796e-02 2.995663e-10
2.656541e+01 2.346256e-02 7.591993e-10
2.656541e+01 3.503514e-02 1.545926e-09
2.656541e+01 5.263151e-02 3.152207e-09
2.656541e+01 7.314235e-02 6.613146e-09
2.656541e+01 1.025928e-01 9.849618e-09
2.656541e+01 1.448116e-01 1.684656e-08
2.656541e+01 2.023460e-01 2.496798e-08
2.656541e+01 2.834245e-01 3.737262e-08
2.656541e+01 3.967448e-01 5.4922e-08
2.656541e+01 5.552783e-01 7.988725e-08
2.656541e+01 7.774819e-01 1.08774e-07
2.656541e+01 1.088445e+00 1.303555e-07
2.656541e+01 1.523711e+00 1.316739e-07
2.656541e+01 2.088426e+00 1.077408e-07
2.656541e+01 2.685505e+00 6.043506e-08
2.711672e+01 1.570796e-02 2.735673e-10
2.711672e+01 2.346256e-02 6.938631e-10
2.711672e+01 3.503514e-02 1.411642e-09
2.711672e+01 5.263151e-02 2.877065e-09
2.711672e+01 7.314235e-02 6.039649e-09
2.711672e+01 1.025928e-01 8.996446e-09
2.711672e+01 1.448116e-01 1.541009e-08
2.711672e+01 2.023460e-01 2.292903e-08
2.711672e+01 2.834245e-01 3.451612e-08
2.711672e+01 3.967448e-01 5.104511e-08
2.711672e+01 5.552783e-01 7.464655e-08
2.711672e+01 7.774819e-01 1.021387e-07
2.711672e+01 1.088445e+00 1.235425e-07
2.711672e+01 1.523711e+00 1.273717e-07
2.711672e+01 2.088426e+00 1.072108e-07
2.711672e+01 2.685505e+00 6.268071e-08
2.767905e+01 1.570796e-02 2.481303e-10
2.767905e+01 2.346256e-02 6.297892e-10
2.767905e+01 3.503514e-02 1.280814e-09
2.767905e+01 5.263151e-02 2.609605e-09
2.767905e+01 7.314235e-02 5.483382e-09
2.767905e+01 1.025928e-01 8.166170e-09
2.767905e+01 1.448116e-01 1.401209e-08
2.767905e+01 2.023460e-01 2.09342e-08
2.767905e+01 2.834245e-01 3.169514e-08
2.767905e+01 3.967448e-01 4.714678e-08
2.767905e+01 5.552783e-01 6.927055e-08
2.767905e+01 7.774819e-01 9.526797e-08
2.767905e+01 1.088445e+00 1.164083e-07
2.767905e+01 1.523711e+00 1.225555e-07
2.767905e+01 2.088426e+00 1.065084e-07
2.767905e+01 2.685505e+00 6.511461e-08
2.825263e+01 1.570796e-02 2.235551e-10
2.825263e+01 2.346256e-02 5.676056e-10
2.825263e+01 3.503514e-02 1.153442e-09
2.825263e+01 5.263151e-02 2.349453e-09
2.825263e+01 7.314235e-02 4.941077e-09
2.825263e+01 1.025928e-01 7.358100e-09
2.825263e+01 1.448116e-01 1.264715e-08
2.825263e+01 2.023460e-01 1.898089e-08
2.825263e+01 2.834245e-01 2.889677e-08
2.825263e+01 3.967448e-01 4.321367e-08
2.825263e+01 5.552783e-01 6.377537e-08
2.825263e+01 7.774819e-01 8.816861e-08
2.825263e+01 1.088445e+00 1.088630e-07
2.825263e+01 1.523711e+00 1.172117e-07
2.825263e+01 2.088426e+00 1.052898e-07
2.825263e+01 2.685505e+00 6.814646e-08
2.883769e+01 1.570796e-02 1.994274e-10
2.883769e+01 2.346256e-02 5.072056e-10
2.883769e+01 3.503514e-02 1.029493e-09
2.883769e+01 5.263151e-02 2.096655e-09
2.883769e+01 7.314235e-02 4.41197e-09
2.883769e+01 1.025928e-01 6.574918e-09
2.883769e+01 1.448116e-01 1.131409e-08
2.883769e+01 2.023460e-01 1.706033e-08
2.883769e+01 2.834245e-01 2.611212e-08
2.883769e+01 3.967448e-01 3.923647e-08
2.883769e+01 5.552783e-01 5.815937e-08
2.883769e+01 7.774819e-01 8.084327e-08
2.883769e+01 1.088445e+00 1.009221e-07
2.883769e+01 1.523711e+00 1.112020e-07
2.883769e+01 2.088426e+00 1.035496e-07
2.883769e+01 2.685505e+00 7.131997e-08
2.943444e+01 1.570796e-02 1.761046e-10
2.943444e+01 2.346256e-02 4.483408e-10
2.943444e+01 3.503514e-02 9.086633e-10
2.943444e+01 5.263151e-02 1.850703e-09
2.943444e+01 7.314235e-02 3.896971e-09
2.943444e+01 1.025928e-01 5.809286e-09
2.943444e+01 1.448116e-01 1.001137e-08
2.943444e+01 2.023460e-01 1.51665e-08
2.943444e+01 2.834245e-01 2.333324e-08
2.943444e+01 3.967448e-01 3.522084e-08
2.943444e+01 5.552783e-01 5.242117e-08
2.943444e+01 7.774819e-01 7.328559e-08
2.943444e+01 1.088445e+00 9.252752e-08
2.943444e+01 1.523711e+00 1.044519e-07
2.943444e+01 2.088426e+00 1.011178e-07
2.943444e+01 2.685505e+00 7.460105e-08
3.004313e+01 1.570796e-02 1.533139e-10
3.004313e+01 2.346256e-02 3.907325e-10
3.004313e+01 3.503514e-02 7.908929e-10
3.004313e+01 5.263151e-02 1.611131e-09
3.004313e+01 7.314235e-02 3.394593e-09
3.004313e+01 1.025928e-01 5.063514e-09
3.004313e+01 1.448116e-01 8.737416e-09
3.004313e+01 2.023460e-01 1.330016e-08
3.004313e+01 2.834245e-01 2.055786e-08
3.004313e+01 3.967448e-01 3.116863e-08
3.004313e+01 5.552783e-01 4.656302e-08
3.004313e+01 7.774819e-01 6.545792e-08
3.004313e+01 1.088445e+00 8.366376e-08
3.004313e+01 1.523711e+00 9.681215e-08
3.004313e+01 2.088426e+00 9.77188e-08
3.004313e+01 2.685505e+00 7.7434e-08
3.066399e+01 1.570796e-02 1.310214e-10
3.066399e+01 2.346256e-02 3.345641e-10
3.066399e+01 3.503514e-02 6.757608e-10
3.066399e+01 5.263151e-02 1.377409e-09
3.066399e+01 7.314235e-02 2.905729e-09
3.066399e+01 1.025928e-01 4.335458e-09
3.066399e+01 1.448116e-01 7.490728e-09
3.066399e+01 2.023460e-01 1.145936e-08
3.066399e+01 2.834245e-01 1.779472e-08
3.066399e+01 3.967448e-01 2.707261e-08
3.066399e+01 5.552783e-01 4.059312e-08
3.066399e+01 7.774819e-01 5.738589e-08
3.066399e+01 1.088445e+00 7.42414e-08
3.066399e+01 1.523711e+00 8.814589e-08
3.066399e+01 2.088426e+00 9.291357e-08
3.066399e+01 2.685505e+00 7.942854e-08
3.129727e+01 1.570796e-02 1.093778e-10
3.129727e+01 2.346256e-02 2.797967e-10
3.129727e+01 3.503514e-02 5.638487e-10
3.129727e+01 5.263151e-02 1.149851e-09
3.129727e+01 7.314235e-02 2.428002e-09
3.129727e+01 1.025928e-01 3.625777e-09
3.129727e+01 1.448116e-01 6.269629e-09
3.129727e+01 2.023460e-01 9.637152e-09
3.129727e+01 2.834245e-01 1.503083e-08
3.129727e+01 3.967448e-01 2.294111e-08
3.129727e+01 5.552783e-01 3.452004e-08
3.129727e+01 7.774819e-01 4.905194e-08
3.129727e+01 1.088445e+00 6.427200e-08
3.129727e+01 1.523711e+00 7.833092e-08
3.129727e+01 2.088426e+00 8.655700e-08
3.129727e+01 2.685505e+00 7.99233e-08
3.194322e+01 1.570796e-02 8.828231e-11
3.194322e+01 2.346256e-02 2.260765e-10
3.194322e+01 3.503514e-02 4.546519e-10
3.194322e+01 5.263151e-02 9.278602e-10
3.194322e+01 7.314235e-02 1.960642e-09
3.194322e+01 1.025928e-01 2.93097e-09
3.194322e+01 1.448116e-01 5.074937e-09
3.194322e+01 2.023460e-01 7.835219e-09
3.194322e+01 2.834245e-01 1.227122e-08
3.194322e+01 3.967448e-01 1.878234e-08
3.194322e+01 5.552783e-01 2.83374e-08
3.194322e+01 7.774819e-01 4.049084e-08
3.194322e+01 1.088445e+00 5.371370e-08
3.194322e+01 1.523711e+00 6.727915e-08
3.194322e+01 2.088426e+00 7.807764e-08
3.194322e+01 2.685505e+00 7.825173e-08
3.260208e+01 1.570796e-02 6.761712e-11
3.260208e+01 2.346256e-02 1.737109e-10
3.260208e+01 3.503514e-02 3.481167e-10
3.260208e+01 5.263151e-02 7.119872e-10
3.260208e+01 7.314235e-02 1.505088e-09
3.260208e+01 1.025928e-01 2.252786e-09
3.260208e+01 1.448116e-01 3.904234e-09
3.260208e+01 2.023460e-01 6.054338e-09
3.260208e+01 2.834245e-01 9.515649e-09
3.260208e+01 3.967448e-01 1.459611e-08
3.260208e+01 5.552783e-01 2.208354e-08
3.260208e+01 7.774819e-01 3.170502e-08
3.260208e+01 1.088445e+00 4.259850e-08
3.260208e+01 1.523711e+00 5.482675e-08
3.260208e+01 2.088426e+00 6.704267e-08
3.260208e+01 2.685505e+00 7.296326e-08
3.327412e+01 1.570796e-02 4.739298e-11
3.327412e+01 2.346256e-02 1.220907e-10
3.327412e+01 3.503514e-02 2.43823e-10
3.327412e+01 5.263151e-02 4.986858e-10
3.327412e+01 7.314235e-02 1.056579e-09
3.327412e+01 1.025928e-01 1.582789e-09
3.327412e+01 1.448116e-01 2.746282e-09
3.327412e+01 2.023460e-01 4.276554e-09
3.327412e+01 2.834245e-01 6.744652e-09
3.327412e+01 3.967448e-01 1.036671e-08
3.327412e+01 5.552783e-01 1.573027e-08
3.327412e+01 7.774819e-01 2.269106e-08
3.327412e+01 1.088445e+00 3.088931e-08
3.327412e+01 1.523711e+00 4.088813e-08
3.327412e+01 2.088426e+00 5.280233e-08
3.327412e+01 2.685505e+00 6.245488e-08
3.395961e+01 1.570796e-02 2.850792e-11
3.395961e+01 2.346256e-02 7.433732e-11
3.395961e+01 3.503514e-02 1.472139e-10
3.395961e+01 5.263151e-02 3.020645e-10
3.395961e+01 7.314235e-02 6.402788e-10
3.395961e+01 1.025928e-01 9.601526e-10
3.395961e+01 1.448116e-01 1.664495e-09
3.395961e+01 2.023460e-01 2.594016e-09
3.395961e+01 2.834245e-01 4.086659e-09
3.395961e+01 3.967448e-01 6.255431e-09
3.395961e+01 5.552783e-01 9.467931e-09
3.395961e+01 7.774819e-01 1.364409e-08
3.395961e+01 1.088445e+00 1.872410e-08
3.395961e+01 1.523711e+00 2.538936e-08
3.395961e+01 2.088426e+00 3.46354e-08
3.395961e+01 2.685505e+00 4.434128e-08
3.46588e+01 1.570796e-02 8.883984e-12
3.46588e+01 2.346256e-02 2.156105e-11
3.46588e+01 3.503514e-02 4.647119e-11
3.46588e+01 5.263151e-02 8.986609e-11
3.46588e+01 7.314235e-02 1.952939e-10
3.46588e+01 1.025928e-01 2.908014e-10
3.46588e+01 1.448116e-01 5.04798e-10
3.46588e+01 2.023460e-01 7.989664e-10
3.46588e+01 2.834245e-01 1.271144e-09
3.46588e+01 3.967448e-01 1.962657e-09
3.46588e+01 5.552783e-01 2.989844e-09
3.46588e+01 7.774819e-01 4.346119e-09
3.46588e+01 1.088445e+00 6.06207e-09
3.46588e+01 1.523711e+00 8.453396e-09
3.46588e+01 2.088426e+00 1.2108e-08
3.46588e+01 2.685505e+00 1.648323e-08
3.537197e+01 1.570796e-02 0.e+00
3.537197e+01 2.346256e-02 0.e+00
3.537197e+01 3.503514e-02 0.e+00
3.537197e+01 5.263151e-02 0.e+00
3.537197e+01 7.314235e-02 0.e+00
3.537197e+01 1.025928e-01 0.e+00
3.537197e+01 1.448116e-01 0.e+00
3.537197e+01 2.023460e-01 0.e+00
3.537197e+01 2.834245e-01 0.e+00
3.537197e+01 3.967448e-01 0.e+00
3.537197e+01 5.552783e-01 0.e+00
3.537197e+01 7.774819e-01 0.e+00
3.537197e+01 1.088445e+00 0.e+00
3.537197e+01 1.523711e+00 0.e+00
3.537197e+01 2.088426e+00 0.e+00
3.537197e+01 2.685505e+00 0.e+00
