5.e+00 1.570796e-02 0.e+00
5.e+00 2.346256e-02 0.e+00
5.e+00 3.503514e-02 0.e+00
5.e+00 5.263151e-02 0.e+00
5.e+00 7.314235e-02 0.e+00
5.e+00 1.025928e-01 0.e+00
5.e+00 1.448116e-01 0.e+00
5.e+00 2.023460e-01 0.e+00
5.e+00 2.834245e-01 0.e+00
5.e+00 3.967448e-01 0.e+00
5.e+00 5.552783e-01 0.e+00
5.e+00 7.774819e-01 0.e+00
5.e+00 1.088445e+00 0.e+00
5.e+00 1.523711e+00 0.e+00
5.e+00 2.088426e+00 0.e+00
5.e+00 2.685505e+00 0.e+00
5.12e+00 1.570796e-02 0.e+00
5.12e+00 2.346256e-02 0.e+00
5.12e+00 3.503514e-02 0.e+00
5.12e+00 5.263151e-02 0.e+00
5.12e+00 7.314235e-02 0.e+00
5.12e+00 1.025928e-01 0.e+00
5.12e+00 1.448116e-01 0.e+00
5.12e+00 2.023460e-01 0.e+00
5.12e+00 2.834245e-01 0.e+00
5.12e+00 3.967448e-01 0.e+00
5.12e+00 5.552783e-01 0.e+00
5.12e+00 7.774819e-01 0.e+00
5.12e+00 1.088445e+00 0.e+00
5.12e+00 1.523711e+00 0.e+00
5.12e+00 2.088426e+00 0.e+00
5.12e+00 2.685505e+00 0.e+00
5.2424e+00 1.570796e-02 0.e+00
5.2424e+00 2.346256e-02 0.e+00
5.2424e+00 3.503514e-02 0.e+00
5.2424e+00 5.263151e-02 0.e+00
5.2424e+00 7.314235e-02 0.e+00
5.2424e+00 1.025928e-01 0.e+00
5.2424e+00 1.448116e-01 0.e+00
5.2424e+00 2.023460e-01 0.e+00
5.2424e+00 2.834245e-01 0.e+00
5.2424e+00 3.967448e-01 0.e+00
5.2424e+00 5.552783e-01 0.e+00
5.2424e+00 7.774819e-01 0.e+00
5.2424e+00 1.088445e+00 0.e+00
5.2424e+00 1.523711e+00 0.e+00
5.2424e+00 2.088426e+00 0.e+00
5.2424e+00 2.685505e+00 0.e+00
5.367248e+00 1.570796e-02 0.e+00
5.367248e+00 2.346256e-02 0.e+00
5.367248e+00 3.503514e-02 0.e+00
5.367248e+00 5.263151e-02 0.e+00
5.367248e+00 7.314235e-02 0.e+00
5.367248e+00 1.025928e-01 0.e+00
5.367248e+00 1.448116e-01 0.e+00
5.367248e+00 2.023460e-01 0.e+00
5.367248e+00 2.834245e-01 0.e+00
5.367248e+00 3.967448e-01 0.e+00
5.367248e+00 5.552783e-01 0.e+00
5.367248e+00 7.774819e-01 0.e+00
5.367248e+00 1.088445e+00 0.e+00
5.367248e+00 1.523711e+00 0.e+00
5.367248e+00 2.088426e+00 0.e+00
5.367248e+00 2.685505e+00 0.e+00
5.494593e+00 1.570796e-02 0.e+00
5.494593e+00 2.346256e-02 0.e+00
5.494593e+00 3.503514e-02 0.e+00
5.494593e+00 5.263151e-02 0.e+00
5.494593e+00 7.314235e-02 0.e+00
5.494593e+00 1.025928e-01 0.e+00
5.494593e+00 1.448116e-01 0.e+00
5.494593e+00 2.023460e-01 0.e+00
5.494593e+00 2.834245e-01 0.e+00
5.494593e+00 3.967448e-01 0.e+00
5.494593e+00 5.552783e-01 0.e+00
5.494593e+00 7.774819e-01 0.e+00
5.494593e+00 1.088445e+00 0.e+00
5.494593e+00 1.523711e+00 0.e+00
5.494593e+00 2.088426e+00 0.e+00
5.494593e+00 2.685505e+00 0.e+00
5.624485e+00 1.570796e-02 0.e+00
5.624485e+00 2.346256e-02 0.e+00
5.624485e+00 3.503514e-02 0.e+00
5.624485e+00 5.263151e-02 0.e+00
5.624485e+00 7.314235e-02 0.e+00
5.624485e+00 1.025928e-01 0.e+00
5.624485e+00 1.448116e-01 0.e+00
5.624485e+00 2.023460e-01 0.e+00
5.624485e+00 2.834245e-01 0.e+00
5.624485e+00 3.967448e-01 0.e+00
5.624485e+00 5.552783e-01 0.e+00
5.624485e+00 7.774819e-01 0.e+00
5.624485e+00 1.088445e+00 0.e+00
5.624485e+00 1.523711e+00 0.e+00
5.624485e+00 2.088426e+00 0.e+00
5.624485e+00 2.685505e+00 0.e+00
5.756975e+00 1.570796e-02 0.e+00
5.756975e+00 2.346256e-02 0.e+00
5.756975e+00 3.503514e-02 0.e+00
5.756975e+00 5.263151e-02 0.e+00
5.756975e+00 7.314235e-02 0.e+00
5.756975e+00 1.025928e-01 0.e+00
5.756975e+00 1.448116e-01 0.e+00
5.756975e+00 2.023460e-01 0.e+00
5.756975e+00 2.834245e-01 0.e+00
5.756975e+00 3.967448e-01 0.e+00
5.756975e+00 5.552783e-01 0.e+00
5.756975e+00 7.774819e-01 0.e+00
5.756975e+00 1.088445e+00 0.e+00
5.756975e+00 1.523711e+00 0.e+00
5.756975e+00 2.088426e+00 0.e+00
5.756975e+00 2.685505e+00 0.e+00
5.892114e+00 1.570796e-02 0.e+00
5.892114e+00 2.346256e-02 0.e+00
5.892114e+00 3.503514e-02 0.e+00
5.892114e+00 5.263151e-02 0.e+00
5.892114e+00 7.314235e-02 0.e+00
5.892114e+00 1.025928e-01 0.e+00
5.892114e+00 1.448116e-01 0.e+00
5.892114e+00 2.023460e-01 0.e+00
5.892114e+00 2.834245e-01 0.e+00
5.892114e+00 3.967448e-01 0.e+00
5.892114e+00 5.552783e-01 0.e+00
5.892114e+00 7.774819e-01 0.e+00
5.892114e+00 1.088445e+00 0.e+00
5.892114e+00 1.523711e+00 0.e+00
5.892114e+00 2.088426e+00 0.e+00
5.892114e+00 2.685505e+00 0.e+00
6.029956e+00 1.570796e-02 0.e+00
6.029956e+00 2.346256e-02 0.e+00
6.029956e+00 3.503514e-02 0.e+00
6.029956e+00 5.263151e-02 0.e+00
6.029956e+00 7.314235e-02 0.e+00
6.029956e+00 1.025928e-01 0.e+00
6.029956e+00 1.448116e-01 0.e+00
6.029956e+00 2.023460e-01 0.e+00
6.029956e+00 2.834245e-01 0.e+00
6.029956e+00 3.967448e-01 0.e+00
6.029956e+00 5.552783e-01 0.e+00
6.029956e+00 7.774819e-01 0.e+00
6.029956e+00 1.088445e+00 0.e+00
6.029956e+00 1.523711e+00 0.e+00
6.029956e+00 2.088426e+00 0.e+00
6.029956e+00 2.685505e+00 0.e+00
6.170555e+00 1.570796e-02 0.e+00
6.170555e+00 2.346256e-02 0.e+00
6.170555e+00 3.503514e-02 0.e+00
6.170555e+00 5.263151e-02 0.e+00
6.170555e+00 7.314235e-02 0.e+00
6.170555e+00 1.025928e-01 0.e+00
6.170555e+00 1.448116e-01 0.e+00
6.170555e+00 2.023460e-01 0.e+00
6.170555e+00 2.834245e-01 0.e+00
6.170555e+00 3.967448e-01 0.e+00
6.170555e+00 5.552783e-01 0.e+00
6.170555e+00 7.774819e-01 0.e+00
6.170555e+00 1.088445e+00 0.e+00
6.170555e+00 1.523711e+00 0.e+00
6.170555e+00 2.088426e+00 0.e+00
6.170555e+00 2.685505e+00 0.e+00
6.313967e+00 1.570796e-02 0.e+00
6.313967e+00 2.346256e-02 0.e+00
6.313967e+00 3.503514e-02 0.e+00
6.313967e+00 5.263151e-02 0.e+00
6.313967e+00 7.314235e-02 0.e+00
6.313967e+00 1.025928e-01 0.e+00
6.313967e+00 1.448116e-01 0.e+00
6.313967e+00 2.023460e-01 0.e+00
6.313967e+00 2.834245e-01 0.e+00
6.313967e+00 3.967448e-01 0.e+00
6.313967e+00 5.552783e-01 0.e+00
6.313967e+00 7.774819e-01 0.e+00
6.313967e+00 1.088445e+00 0.e+00
6.313967e+00 1.523711e+00 0.e+00
6.313967e+00 2.088426e+00 0.e+00
6.313967e+00 2.685505e+00 0.e+00
6.460246e+00 1.570796e-02 -1.83636e-05
6.460246e+00 2.346256e-02 -7.890073e-05
6.460246e+00 3.503514e-02 -5.357136e-05
6.460246e+00 5.263151e-02 -7.843619e-06
6.460246e+00 7.314235e-02 -6.867906e-05
6.460246e+00 1.025928e-01 -1.382394e-05
6.460246e+00 1.448116e-01 -4.455611e-05
6.460246e+00 2.023460e-01 -3.805073e-05
6.460246e+00 2.834245e-01 -5.156497e-05
6.460246e+00 3.967448e-01 -3.789564e-05
6.460246e+00 5.552783e-01 -3.301712e-05
6.460246e+00 7.774819e-01 -2.711046e-05
6.460246e+00 1.088445e+00 -2.356202e-05
6.460246e+00 1.523711e+00 -2.344359e-05
6.460246e+00 2.088426e+00 -2.652618e-05
6.460246e+00 2.685505e+00 -2.97824e-05
6.609451e+00 1.570796e-02 -1.146244e-04
6.609451e+00 2.346256e-02 -5.227611e-04
6.609451e+00 3.503514e-02 -3.263723e-04
6.609451e+00 5.263151e-02 -2.906392e-04
6.609451e+00 7.314235e-02 -5.338407e-04
6.609451e+00 1.025928e-01 -5.936464e-04
6.609451e+00 1.448116e-01 -3.616169e-04
6.609451e+00 2.023460e-01 -5.157037e-04
6.609451e+00 2.834245e-01 -5.193333e-04
6.609451e+00 3.967448e-01 -4.441307e-04
6.609451e+00 5.552783e-01 -3.943487e-04
6.609451e+00 7.774819e-01 -2.941064e-04
6.609451e+00 1.088445e+00 -2.681262e-04
6.609451e+00 1.523711e+00 -2.658248e-04
6.609451e+00 2.088426e+00 -2.939353e-04
6.609451e+00 2.685505e+00 -3.116384e-04
6.76164e+00 1.570796e-02 -1.803687e-04
6.76164e+00 2.346256e-02 -1.119724e-03
6.76164e+00 3.503514e-02 -8.295465e-04
6.76164e+00 5.263151e-02 -1.387021e-03
6.76164e+00 7.314235e-02 -1.943266e-03
6.76164e+00 1.025928e-01 -2.098782e-03
6.76164e+00 1.448116e-01 -2.021916e-03
6.76164e+00 2.023460e-01 -1.927375e-03
6.76164e+00 2.834245e-01 -1.837266e-03
6.76164e+00 3.967448e-01 -1.6941e-03
6.76164e+00 5.552783e-01 -1.448594e-03
6.76164e+00 7.774819e-01 -1.215494e-03
6.76164e+00 1.088445e+00 -1.048809e-03
6.76164e+00 1.523711e+00 -1.031058e-03
6.76164e+00 2.088426e+00 -1.11882e-03
6.76164e+00 2.685505e+00 -1.173933e-03
6.916873e+00 1.570796e-02 -2.141817e-04
6.916873e+00 2.346256e-02 -1.781090e-03
6.916873e+00 3.503514e-02 -1.326869e-03
6.916873e+00 5.263151e-02 -2.923366e-03
6.916873e+00 7.314235e-02 -4.502428e-03
6.916873e+00 1.025928e-01 -4.591481e-03
6.916873e+00 1.448116e-01 -4.808364e-03
6.916873e+00 2.023460e-01 -4.621605e-03
6.916873e+00 2.834245e-01 -4.517201e-03
6.916873e+00 3.967448e-01 -4.059279e-03
6.916873e+00 5.552783e-01 -3.495824e-03
6.916873e+00 7.774819e-01 -2.935946e-03
6.916873e+00 1.088445e+00 -2.546337e-03
6.916873e+00 1.523711e+00 -2.42048e-03
6.916873e+00 2.088426e+00 -2.608949e-03
6.916873e+00 2.685505e+00 -2.695720e-03
7.075210e+00 1.570796e-02 -2.353979e-04
7.075210e+00 2.346256e-02 -2.210524e-03
7.075210e+00 3.503514e-02 -1.752865e-03
7.075210e+00 5.263151e-02 -4.868843e-03
7.075210e+00 7.314235e-02 -8.261484e-03
7.075210e+00 1.025928e-01 -8.445547e-03
7.075210e+00 1.448116e-01 -9.255781e-03
7.075210e+00 2.023460e-01 -9.159067e-03
7.075210e+00 2.834245e-01 -8.834649e-03
7.075210e+00 3.967448e-01 -7.889664e-03
7.075210e+00 5.552783e-01 -6.863909e-03
7.075210e+00 7.774819e-01 -5.793409e-03
7.075210e+00 1.088445e+00 -4.968594e-03
7.075210e+00 1.523711e+00 -4.681474e-03
7.075210e+00 2.088426e+00 -4.989364e-03
7.075210e+00 2.685505e+00 -5.117208e-03
7.236714e+00 1.570796e-02 -2.728123e-04
7.236714e+00 2.346256e-02 -2.480352e-03
7.236714e+00 3.503514e-02 -2.231035e-03
7.236714e+00 5.263151e-02 -6.492312e-03
7.236714e+00 7.314235e-02 -1.195973e-02
7.236714e+00 1.025928e-01 -1.287014e-02
7.236714e+00 1.448116e-01 -1.462754e-02
7.236714e+00 2.023460e-01 -1.479379e-02
7.236714e+00 2.834245e-01 -1.411421e-02
7.236714e+00 3.967448e-01 -1.29741e-02
7.236714e+00 5.552783e-01 -1.128155e-02
7.236714e+00 7.774819e-01 -9.566587e-03
7.236714e+00 1.088445e+00 -8.196047e-03
7.236714e+00 1.523711e+00 -7.604417e-03
7.236714e+00 2.088426e+00 -8.023910e-03
7.236714e+00 2.685505e+00 -8.135630e-03
7.401449e+00 1.570796e-02 -2.920110e-04
7.401449e+00 2.346256e-02 -2.305405e-03
7.401449e+00 3.503514e-02 -2.544885e-03
7.401449e+00 5.263151e-02 -7.657776e-03
7.401449e+00 7.314235e-02 -1.487760e-02
7.401449e+00 1.025928e-01 -1.660859e-02
7.401449e+00 1.448116e-01 -1.914397e-02
7.401449e+00 2.023460e-01 -2.032607e-02
7.401449e+00 2.834245e-01 -1.967145e-02
7.401449e+00 3.967448e-01 -1.826532e-02
7.401449e+00 5.552783e-01 -1.623555e-02
7.401449e+00 7.774819e-01 -1.370674e-02
7.401449e+00 1.088445e+00 -1.16613e-02
7.401449e+00 1.523711e+00 -1.066982e-02
7.401449e+00 2.088426e+00 -1.11809e-02
7.401449e+00 2.685505e+00 -1.117669e-02
7.569477e+00 1.570796e-02 -2.949234e-04
7.569477e+00 2.346256e-02 -2.174073e-03
7.569477e+00 3.503514e-02 -2.652888e-03
7.569477e+00 5.263151e-02 -7.824170e-03
7.569477e+00 7.314235e-02 -1.670793e-02
7.569477e+00 1.025928e-01 -1.932913e-02
7.569477e+00 1.448116e-01 -2.261706e-02
7.569477e+00 2.023460e-01 -2.511085e-02
7.569477e+00 2.834245e-01 -2.472049e-02
7.569477e+00 3.967448e-01 -2.327879e-02
7.569477e+00 5.552783e-01 -2.082666e-02
7.569477e+00 7.774819e-01 -1.777506e-02
7.569477e+00 1.088445e+00 -1.501411e-02
7.569477e+00 1.523711e+00 -1.357145e-02
7.569477e+00 2.088426e+00 -1.406817e-02
7.569477e+00 2.685505e+00 -1.393304e-02
7.740867e+00 1.570796e-02 -2.998536e-04
7.740867e+00 2.346256e-02 -1.97602e-03
7.740867e+00 3.503514e-02 -2.608345e-03
7.740867e+00 5.263151e-02 -7.594763e-03
7.740867e+00 7.314235e-02 -1.719520e-02
7.740867e+00 1.025928e-01 -2.092572e-02
7.740867e+00 1.448116e-01 -2.523676e-02
7.740867e+00 2.023460e-01 -2.882659e-02
7.740867e+00 2.834245e-01 -2.895300e-02
7.740867e+00 3.967448e-01 -2.785938e-02
7.740867e+00 5.552783e-01 -2.510182e-02
7.740867e+00 7.774819e-01 -2.163493e-02
7.740867e+00 1.088445e+00 -1.812432e-02
7.740867e+00 1.523711e+00 -1.635503e-02
7.740867e+00 2.088426e+00 -1.661341e-02
7.740867e+00 2.685505e+00 -1.627517e-02
7.915684e+00 1.570796e-02 -2.785102e-04
7.915684e+00 2.346256e-02 -1.797466e-03
7.915684e+00 3.503514e-02 -2.391567e-03
7.915684e+00 5.263151e-02 -7.067987e-03
7.915684e+00 7.314235e-02 -1.667900e-02
7.915684e+00 1.025928e-01 -2.144350e-02
7.915684e+00 1.448116e-01 -2.673790e-02
7.915684e+00 2.023460e-01 -3.139086e-02
7.915684e+00 2.834245e-01 -3.222527e-02
7.915684e+00 3.967448e-01 -3.16286e-02
7.915684e+00 5.552783e-01 -2.883266e-02
7.915684e+00 7.774819e-01 -2.500998e-02
7.915684e+00 1.088445e+00 -2.097360e-02
7.915684e+00 1.523711e+00 -1.877856e-02
7.915684e+00 2.088426e+00 -1.885328e-02
7.915684e+00 2.685505e+00 -1.828827e-02
8.093998e+00 1.570796e-02 -2.536019e-04
8.093998e+00 2.346256e-02 -1.667453e-03
8.093998e+00 3.503514e-02 -2.176425e-03
8.093998e+00 5.263151e-02 -6.464628e-03
8.093998e+00 7.314235e-02 -1.561894e-02
8.093998e+00 1.025928e-01 -2.09671e-02
8.093998e+00 1.448116e-01 -2.708175e-02
8.093998e+00 2.023460e-01 -3.283436e-02
8.093998e+00 2.834245e-01 -3.454292e-02
8.093998e+00 3.967448e-01 -3.460821e-02
8.093998e+00 5.552783e-01 -3.197049e-02
8.093998e+00 7.774819e-01 -2.786638e-02
8.093998e+00 1.088445e+00 -2.346068e-02
8.093998e+00 1.523711e+00 -2.090810e-02
8.093998e+00 2.088426e+00 -2.074034e-02
8.093998e+00 2.685505e+00 -1.992781e-02
8.275878e+00 1.570796e-02 -2.262417e-04
8.275878e+00 2.346256e-02 -1.546203e-03
8.275878e+00 3.503514e-02 -1.978973e-03
8.275878e+00 5.263151e-02 -5.897668e-03
8.275878e+00 7.314235e-02 -1.435591e-02
8.275878e+00 1.025928e-01 -1.985052e-02
8.275878e+00 1.448116e-01 -2.661053e-02
8.275878e+00 2.023460e-01 -3.345828e-02
8.275878e+00 2.834245e-01 -3.600355e-02
8.275878e+00 3.967448e-01 -3.663020e-02
8.275878e+00 5.552783e-01 -3.447018e-02
8.275878e+00 7.774819e-01 -3.026122e-02
8.275878e+00 1.088445e+00 -2.554357e-02
8.275878e+00 1.523711e+00 -2.270807e-02
8.275878e+00 2.088426e+00 -2.233e-02
8.275878e+00 2.685505e+00 -2.123795e-02
8.461396e+00 1.570796e-02 -2.044399e-04
8.461396e+00 2.346256e-02 -1.403421e-03
8.461396e+00 3.503514e-02 -1.797469e-03
8.461396e+00 5.263151e-02 -5.382456e-03
8.461396e+00 7.314235e-02 -1.309336e-02
8.461396e+00 1.025928e-01 -1.844722e-02
8.461396e+00 1.448116e-01 -2.544252e-02
8.461396e+00 2.023460e-01 -3.306835e-02
8.461396e+00 2.834245e-01 -3.65002e-02
8.461396e+00 3.967448e-01 -3.786395e-02
8.461396e+00 5.552783e-01 -3.612256e-02
8.461396e+00 7.774819e-01 -3.210695e-02
8.461396e+00 1.088445e+00 -2.718157e-02
8.461396e+00 1.523711e+00 -2.411358e-02
8.461396e+00 2.088426e+00 -2.363132e-02
8.461396e+00 2.685505e+00 -2.217903e-02
8.650623e+00 1.570796e-02 -1.875841e-04
8.650623e+00 2.346256e-02 -1.258292e-03
8.650623e+00 3.503514e-02 -1.630329e-03
8.650623e+00 5.263151e-02 -4.87517e-03
8.650623e+00 7.314235e-02 -1.183252e-02
8.650623e+00 1.025928e-01 -1.694651e-02
8.650623e+00 1.448116e-01 -2.391393e-02
8.650623e+00 2.023460e-01 -3.197062e-02
8.650623e+00 2.834245e-01 -3.631172e-02
8.650623e+00 3.967448e-01 -3.837317e-02
8.650623e+00 5.552783e-01 -3.713925e-02
8.650623e+00 7.774819e-01 -3.342644e-02
8.650623e+00 1.088445e+00 -2.842044e-02
8.650623e+00 1.523711e+00 -2.522120e-02
8.650623e+00 2.088426e+00 -2.460120e-02
8.650623e+00 2.685505e+00 -2.28836e-02
8.843636e+00 1.570796e-02 -1.687530e-04
8.843636e+00 2.346256e-02 -1.117712e-03
8.843636e+00 3.503514e-02 -1.472769e-03
8.843636e+00 5.263151e-02 -4.380923e-03
8.843636e+00 7.314235e-02 -1.060313e-02
8.843636e+00 1.025928e-01 -1.540384e-02
8.843636e+00 1.448116e-01 -2.216274e-02
8.843636e+00 2.023460e-01 -3.032943e-02
8.843636e+00 2.834245e-01 -3.538736e-02
8.843636e+00 3.967448e-01 -3.820274e-02
8.843636e+00 5.552783e-01 -3.759726e-02
8.843636e+00 7.774819e-01 -3.426541e-02
8.843636e+00 1.088445e+00 -2.932156e-02
8.843636e+00 1.523711e+00 -2.60615e-02
8.843636e+00 2.088426e+00 -2.531588e-02
8.843636e+00 2.685505e+00 -2.34206e-02
9.040509e+00 1.570796e-02 -1.498641e-04
9.040509e+00 2.346256e-02 -9.991287e-04
9.040509e+00 3.503514e-02 -1.325802e-03
9.040509e+00 5.263151e-02 -3.93813e-03
9.040509e+00 7.314235e-02 -9.480521e-03
9.040509e+00 1.025928e-01 -1.391564e-02
9.040509e+00 1.448116e-01 -2.029447e-02
9.040509e+00 2.023460e-01 -2.836038e-02
9.040509e+00 2.834245e-01 -3.392639e-02
9.040509e+00 3.967448e-01 -3.739441e-02
9.040509e+00 5.552783e-01 -3.749444e-02
9.040509e+00 7.774819e-01 -3.457379e-02
9.040509e+00 1.088445e+00 -2.981630e-02
9.040509e+00 1.523711e+00 -2.663954e-02
9.040509e+00 2.088426e+00 -2.580046e-02
9.040509e+00 2.685505e+00 -2.374739e-02
9.241319e+00 1.570796e-02 -1.327021e-04
9.241319e+00 2.346256e-02 -8.978247e-04
9.241319e+00 3.503514e-02 -1.196169e-03
9.241319e+00 5.263151e-02 -3.529298e-03
9.241319e+00 7.314235e-02 -8.456564e-03
9.241319e+00 1.025928e-01 -1.249535e-02
9.241319e+00 1.448116e-01 -1.840647e-02
9.241319e+00 2.023460e-01 -2.622419e-02
9.241319e+00 2.834245e-01 -3.210559e-02
9.241319e+00 3.967448e-01 -3.608109e-02
9.241319e+00 5.552783e-01 -3.687155e-02
9.241319e+00 7.774819e-01 -3.439400e-02
9.241319e+00 1.088445e+00 -2.998395e-02
9.241319e+00 1.523711e+00 -2.688768e-02
9.241319e+00 2.088426e+00 -2.602888e-02
9.241319e+00 2.685505e+00 -2.377419e-02
9.446145e+00 1.570796e-02 -1.199330e-04
9.446145e+00 2.346256e-02 -8.023240e-04
9.446145e+00 3.503514e-02 -1.08102e-03
9.446145e+00 5.263151e-02 -3.153644e-03
9.446145e+00 7.314235e-02 -7.527334e-03
9.446145e+00 1.025928e-01 -1.118310e-02
9.446145e+00 1.448116e-01 -1.660104e-02
9.446145e+00 2.023460e-01 -2.398321e-02
9.446145e+00 2.834245e-01 -2.995401e-02
9.446145e+00 3.967448e-01 -3.437354e-02
9.446145e+00 5.552783e-01 -3.575281e-02
9.446145e+00 7.774819e-01 -3.380725e-02
9.446145e+00 1.088445e+00 -2.981544e-02
9.446145e+00 1.523711e+00 -2.689652e-02
9.446145e+00 2.088426e+00 -2.601732e-02
9.446145e+00 2.685505e+00 -2.362921e-02
9.655068e+00 1.570796e-02 -1.073982e-04
9.655068e+00 2.346256e-02 -7.180072e-04
9.655068e+00 3.503514e-02 -9.717048e-04
9.655068e+00 5.263151e-02 -2.807727e-03
9.655068e+00 7.314235e-02 -6.687919e-03
9.655068e+00 1.025928e-01 -9.986353e-03
9.655068e+00 1.448116e-01 -1.489558e-02
9.655068e+00 2.023460e-01 -2.177534e-02
9.655068e+00 2.834245e-01 -2.765113e-02
9.655068e+00 3.967448e-01 -3.235628e-02
9.655068e+00 5.552783e-01 -3.423963e-02
9.655068e+00 7.774819e-01 -3.283221e-02
9.655068e+00 1.088445e+00 -2.935082e-02
9.655068e+00 1.523711e+00 -2.663761e-02
9.655068e+00 2.088426e+00 -2.584703e-02
9.655068e+00 2.685505e+00 -2.329503e-02
9.86817e+00 1.570796e-02 -9.581743e-05
9.86817e+00 2.346256e-02 -6.387185e-04
9.86817e+00 3.503514e-02 -8.670308e-04
9.86817e+00 5.263151e-02 -2.491283e-03
9.86817e+00 7.314235e-02 -5.944187e-03
9.86817e+00 1.025928e-01 -8.883497e-03
9.86817e+00 1.448116e-01 -1.329491e-02
9.86817e+00 2.023460e-01 -1.962772e-02
9.86817e+00 2.834245e-01 -2.530967e-02
9.86817e+00 3.967448e-01 -3.015570e-02
9.86817e+00 5.552783e-01 -3.244987e-02
9.86817e+00 7.774819e-01 -3.158838e-02
9.86817e+00 1.088445e+00 -2.862689e-02
9.86817e+00 1.523711e+00 -2.620099e-02
9.86817e+00 2.088426e+00 -2.547464e-02
9.86817e+00 2.685505e+00 -2.296018e-02
1.008553e+01 1.570796e-02 -8.531338e-05
1.008553e+01 2.346256e-02 -5.667991e-04
1.008553e+01 3.503514e-02 -7.728855e-04
1.008553e+01 5.263151e-02 -2.200467e-03
1.008553e+01 7.314235e-02 -5.261732e-03
1.008553e+01 1.025928e-01 -7.876644e-03
1.008553e+01 1.448116e-01 -1.180629e-02
1.008553e+01 2.023460e-01 -1.759688e-02
1.008553e+01 2.834245e-01 -2.295703e-02
1.008553e+01 3.967448e-01 -2.784485e-02
1.008553e+01 5.552783e-01 -3.045822e-02
1.008553e+01 7.774819e-01 -3.011384e-02
1.008553e+01 1.088445e+00 -2.76754e-02
1.008553e+01 1.523711e+00 -2.557202e-02
1.008553e+01 2.088426e+00 -2.491864e-02
1.008553e+01 2.685505e+00 -2.234955e-02
1.030724e+01 1.570796e-02 -7.491202e-05
1.030724e+01 2.346256e-02 -5.050886e-04
1.030724e+01 3.503514e-02 -6.802983e-04
1.030724e+01 5.263151e-02 -1.940672e-03
1.030724e+01 7.314235e-02 -4.642639e-03
1.030724e+01 1.025928e-01 -6.958118e-03
1.030724e+01 1.448116e-01 -1.044795e-02
1.030724e+01 2.023460e-01 -1.567008e-02
1.030724e+01 2.834245e-01 -2.070791e-02
1.030724e+01 3.967448e-01 -2.54855e-02
1.030724e+01 5.552783e-01 -2.834966e-02
1.030724e+01 7.774819e-01 -2.844811e-02
1.030724e+01 1.088445e+00 -2.649240e-02
1.030724e+01 1.523711e+00 -2.474900e-02
1.030724e+01 2.088426e+00 -2.421762e-02
1.030724e+01 2.685505e+00 -2.150223e-02
1.053339e+01 1.570796e-02 -6.647687e-05
1.053339e+01 2.346256e-02 -4.474423e-04
1.053339e+01 3.503514e-02 -5.994741e-04
1.053339e+01 5.263151e-02 -1.705528e-03
1.053339e+01 7.314235e-02 -4.078287e-03
1.053339e+01 1.025928e-01 -6.126867e-03
1.053339e+01 1.448116e-01 -9.20224e-03
1.053339e+01 2.023460e-01 -1.38774e-02
1.053339e+01 2.834245e-01 -1.854068e-02
1.053339e+01 3.967448e-01 -2.313692e-02
1.053339e+01 5.552783e-01 -2.613019e-02
1.053339e+01 7.774819e-01 -2.664389e-02
1.053339e+01 1.088445e+00 -2.515176e-02
1.053339e+01 1.523711e+00 -2.378071e-02
1.053339e+01 2.088426e+00 -2.342088e-02
1.053339e+01 2.685505e+00 -2.073804e-02
1.076406e+01 1.570796e-02 -5.892835e-05
1.076406e+01 2.346256e-02 -3.956436e-04
1.076406e+01 3.503514e-02 -5.277375e-04
1.076406e+01 5.263151e-02 -1.492972e-03
1.076406e+01 7.314235e-02 -3.569945e-03
1.076406e+01 1.025928e-01 -5.37421e-03
1.076406e+01 1.448116e-01 -8.076891e-03
1.076406e+01 2.023460e-01 -1.224101e-02
1.076406e+01 2.834245e-01 -1.650993e-02
1.076406e+01 3.967448e-01 -2.084342e-02
1.076406e+01 5.552783e-01 -2.387216e-02
1.076406e+01 7.774819e-01 -2.47296e-02
1.076406e+01 1.088445e+00 -2.370903e-02
1.076406e+01 1.523711e+00 -2.269098e-02
1.076406e+01 2.088426e+00 -2.249378e-02
1.076406e+01 2.685505e+00 -1.983999e-02
1.099934e+01 1.570796e-02 -5.173896e-05
1.099934e+01 2.346256e-02 -3.454745e-04
1.099934e+01 3.503514e-02 -4.624187e-04
1.099934e+01 5.263151e-02 -1.307190e-03
1.099934e+01 7.314235e-02 -3.124661e-03
1.099934e+01 1.025928e-01 -4.704391e-03
1.099934e+01 1.448116e-01 -7.081145e-03
1.099934e+01 2.023460e-01 -1.075292e-02
1.099934e+01 2.834245e-01 -1.461817e-02
1.099934e+01 3.967448e-01 -1.86485e-02
1.099934e+01 5.552783e-01 -2.16592e-02
1.099934e+01 7.774819e-01 -2.278653e-02
1.099934e+01 1.088445e+00 -2.219431e-02
1.099934e+01 1.523711e+00 -2.154662e-02
1.099934e+01 2.088426e+00 -2.151193e-02
1.099934e+01 2.685505e+00 -1.886099e-02
1.123932e+01 1.570796e-02 -4.563519e-05
1.123932e+01 2.346256e-02 -2.992378e-04
1.123932e+01 3.503514e-02 -4.020185e-04
1.123932e+01 5.263151e-02 -1.142380e-03
1.123932e+01 7.314235e-02 -2.726327e-03
1.123932e+01 1.025928e-01 -4.107937e-03
1.123932e+01 1.448116e-01 -6.187642e-03
1.123932e+01 2.023460e-01 -9.403587e-03
1.123932e+01 2.834245e-01 -1.286764e-02
1.123932e+01 3.967448e-01 -1.657183e-02
1.123932e+01 5.552783e-01 -1.950116e-02
1.123932e+01 7.774819e-01 -2.082775e-02
1.123932e+01 1.088445e+00 -2.061405e-02
1.123932e+01 1.523711e+00 -2.032932e-02
1.123932e+01 2.088426e+00 -2.041478e-02
1.123932e+01 2.685505e+00 -1.785187e-02
1.148411e+01 1.570796e-02 -4.011704e-05
1.148411e+01 2.346256e-02 -2.584494e-04
1.148411e+01 3.503514e-02 -3.500012e-04
1.148411e+01 5.263151e-02 -9.915769e-04
1.148411e+01 7.314235e-02 -2.36584e-03
1.148411e+01 1.025928e-01 -3.566055e-03
1.148411e+01 1.448116e-01 -5.380223e-03
1.148411e+01 2.023460e-01 -8.196643e-03
1.148411e+01 2.834245e-01 -1.126054e-02
1.148411e+01 3.967448e-01 -1.462383e-02
1.148411e+01 5.552783e-01 -1.741245e-02
1.148411e+01 7.774819e-01 -1.890343e-02
1.148411e+01 1.088445e+00 -1.900674e-02
1.148411e+01 1.523711e+00 -1.899789e-02
1.148411e+01 2.088426e+00 -1.921703e-02
1.148411e+01 2.685505e+00 -1.673008e-02
1.173379e+01 1.570796e-02 -3.469159e-05
1.173379e+01 2.346256e-02 -2.242363e-04
1.173379e+01 3.503514e-02 -3.045036e-04
1.173379e+01 5.263151e-02 -8.555996e-04
1.173379e+01 7.314235e-02 -2.05012e-03
1.173379e+01 1.025928e-01 -3.084394e-03
1.173379e+01 1.448116e-01 -4.661741e-03
1.173379e+01 2.023460e-01 -7.104658e-03
1.173379e+01 2.834245e-01 -9.790600e-03
1.173379e+01 3.967448e-01 -1.282412e-02
1.173379e+01 5.552783e-01 -1.544436e-02
1.173379e+01 7.774819e-01 -1.699644e-02
1.173379e+01 1.088445e+00 -1.737442e-02
1.173379e+01 1.523711e+00 -1.763316e-02
1.173379e+01 2.088426e+00 -1.794205e-02
1.173379e+01 2.685505e+00 -1.55675e-02
1.198847e+01 1.570796e-02 -2.991454e-05
1.198847e+01 2.346256e-02 -1.934313e-04
1.198847e+01 3.503514e-02 -2.625213e-04
1.198847e+01 5.263151e-02 -7.352721e-04
1.198847e+01 7.314235e-02 -1.76827e-03
1.198847e+01 1.025928e-01 -2.652186e-03
1.198847e+01 1.448116e-01 -4.023555e-03
1.198847e+01 2.023460e-01 -6.128818e-03
1.198847e+01 2.834245e-01 -8.46947e-03
1.198847e+01 3.967448e-01 -1.117472e-02
1.198847e+01 5.552783e-01 -1.359635e-02
1.198847e+01 7.774819e-01 -1.518589e-02
1.198847e+01 1.088445e+00 -1.57825e-02
1.198847e+01 1.523711e+00 -1.625834e-02
1.198847e+01 2.088426e+00 -1.662209e-02
1.198847e+01 2.685505e+00 -1.447772e-02
1.224824e+01 1.570796e-02 -2.568575e-05
1.224824e+01 2.346256e-02 -1.654793e-04
1.224824e+01 3.503514e-02 -2.242220e-04
1.224824e+01 5.263151e-02 -6.309566e-04
1.224824e+01 7.314235e-02 -1.513743e-03
1.224824e+01 1.025928e-01 -2.272293e-03
1.224824e+01 1.448116e-01 -3.450697e-03
1.224824e+01 2.023460e-01 -5.255310e-03
1.224824e+01 2.834245e-01 -7.294499e-03
1.224824e+01 3.967448e-01 -9.679917e-03
1.224824e+01 5.552783e-01 -1.189380e-02
1.224824e+01 7.774819e-01 -1.348572e-02
1.224824e+01 1.088445e+00 -1.423076e-02
1.224824e+01 1.523711e+00 -1.488984e-02
1.224824e+01 2.088426e+00 -1.535698e-02
1.224824e+01 2.685505e+00 -1.336452e-02
1.251320e+01 1.570796e-02 -2.184845e-05
1.251320e+01 2.346256e-02 -1.415979e-04
1.251320e+01 3.503514e-02 -1.917998e-04
1.251320e+01 5.263151e-02 -5.38572e-04
1.251320e+01 7.314235e-02 -1.291348e-03
1.251320e+01 1.025928e-01 -1.936687e-03
1.251320e+01 1.448116e-01 -2.949718e-03
1.251320e+01 2.023460e-01 -4.493662e-03
1.251320e+01 2.834245e-01 -6.248200e-03
1.251320e+01 3.967448e-01 -8.339478e-03
1.251320e+01 5.552783e-01 -1.033801e-02
1.251320e+01 7.774819e-01 -1.189262e-02
1.251320e+01 1.088445e+00 -1.275503e-02
1.251320e+01 1.523711e+00 -1.355664e-02
1.251320e+01 2.088426e+00 -1.411095e-02
1.251320e+01 2.685505e+00 -1.227056e-02
1.278347e+01 1.570796e-02 -1.841376e-05
1.278347e+01 2.346256e-02 -1.202596e-04
1.278347e+01 3.503514e-02 -1.618446e-04
1.278347e+01 5.263151e-02 -4.556688e-04
1.278347e+01 7.314235e-02 -1.095002e-03
1.278347e+01 1.025928e-01 -1.645007e-03
1.278347e+01 1.448116e-01 -2.508637e-03
1.278347e+01 2.023460e-01 -3.822240e-03
1.278347e+01 2.834245e-01 -5.32881e-03
1.278347e+01 3.967448e-01 -7.139895e-03
1.278347e+01 5.552783e-01 -8.914447e-03
1.278347e+01 7.774819e-01 -1.040789e-02
1.278347e+01 1.088445e+00 -1.133909e-02
1.278347e+01 1.523711e+00 -1.224232e-02
1.278347e+01 2.088426e+00 -1.284809e-02
1.278347e+01 2.685505e+00 -1.116832e-02
1.305914e+01 1.570796e-02 -1.548827e-05
1.305914e+01 2.346256e-02 -1.011246e-04
1.305914e+01 3.503514e-02 -1.378592e-04
1.305914e+01 5.263151e-02 -3.848382e-04
1.305914e+01 7.314235e-02 -9.257328e-04
1.305914e+01 1.025928e-01 -1.386321e-03
1.305914e+01 1.448116e-01 -2.125181e-03
1.305914e+01 2.023460e-01 -3.229764e-03
1.305914e+01 2.834245e-01 -4.518282e-03
1.305914e+01 3.967448e-01 -6.078333e-03
1.305914e+01 5.552783e-01 -7.630945e-03
1.305914e+01 7.774819e-01 -9.047451e-03
1.305914e+01 1.088445e+00 -1.001126e-02
1.305914e+01 1.523711e+00 -1.097705e-02
1.305914e+01 2.088426e+00 -1.165497e-02
1.305914e+01 2.685505e+00 -1.017120e-02
1.334032e+01 1.570796e-02 -1.284961e-05
1.334032e+01 2.346256e-02 -8.503566e-05
1.334032e+01 3.503514e-02 -1.159131e-04
1.334032e+01 5.263151e-02 -3.244933e-04
1.334032e+01 7.314235e-02 -7.765194e-04
1.334032e+01 1.025928e-01 -1.163579e-03
1.334032e+01 1.448116e-01 -1.793689e-03
1.334032e+01 2.023460e-01 -2.715264e-03
1.334032e+01 2.834245e-01 -3.807029e-03
1.334032e+01 3.967448e-01 -5.133574e-03
1.334032e+01 5.552783e-01 -6.494598e-03
1.334032e+01 7.774819e-01 -7.806543e-03
1.334032e+01 1.088445e+00 -8.780583e-03
1.334032e+01 1.523711e+00 -9.777279e-03
1.334032e+01 2.088426e+00 -1.048550e-02
1.334032e+01 2.685505e+00 -9.211168e-03
1.362713e+01 1.570796e-02 -1.047848e-05
1.362713e+01 2.346256e-02 -7.104960e-05
1.362713e+01 3.503514e-02 -9.705157e-05
1.362713e+01 5.263151e-02 -2.718281e-04
1.362713e+01 7.314235e-02 -6.526435e-04
1.362713e+01 1.025928e-01 -9.726998e-04
1.362713e+01 1.448116e-01 -1.502148e-03
1.362713e+01 2.023460e-01 -2.277005e-03
1.362713e+01 2.834245e-01 -3.194768e-03
1.362713e+01 3.967448e-01 -4.317613e-03
1.362713e+01 5.552783e-01 -5.489234e-03
1.362713e+01 7.774819e-01 -6.693008e-03
1.362713e+01 1.088445e+00 -7.664343e-03
1.362713e+01 1.523711e+00 -8.666787e-03
1.362713e+01 2.088426e+00 -9.408253e-03
1.362713e+01 2.685505e+00 -8.301473e-03
1.391967e+01 1.570796e-02 -8.723003e-06
1.391967e+01 2.346256e-02 -5.944639e-05
1.391967e+01 3.503514e-02 -8.061022e-05
1.391967e+01 5.263151e-02 -2.273599e-04
1.391967e+01 7.314235e-02 -5.426197e-04
1.391967e+01 1.025928e-01 -8.101228e-04
1.391967e+01 1.448116e-01 -1.251454e-03
1.391967e+01 2.023460e-01 -1.894179e-03
1.391967e+01 2.834245e-01 -2.671430e-03
1.391967e+01 3.967448e-01 -3.611188e-03
1.391967e+01 5.552783e-01 -4.620815e-03
1.391967e+01 7.774819e-01 -5.705926e-03
1.391967e+01 1.088445e+00 -6.656178e-03
1.391967e+01 1.523711e+00 -7.634489e-03
1.391967e+01 2.088426e+00 -8.380416e-03
1.391967e+01 2.685505e+00 -7.471912e-03
1.421806e+01 1.570796e-02 -7.249626e-06
1.421806e+01 2.346256e-02 -4.944018e-05
1.421806e+01 3.503514e-02 -6.650256e-05
1.421806e+01 5.263151e-02 -1.881101e-04
1.421806e+01 7.314235e-02 -4.486646e-04
1.421806e+01 1.025928e-01 -6.714737e-04
1.421806e+01 1.448116e-01 -1.04036e-03
1.421806e+01 2.023460e-01 -1.568897e-03
1.421806e+01 2.834245e-01 -2.217068e-03
1.421806e+01 3.967448e-01 -3.006606e-03
1.421806e+01 5.552783e-01 -3.872286e-03
1.421806e+01 7.774819e-01 -4.837299e-03
1.421806e+01 1.088445e+00 -5.741238e-03
1.421806e+01 1.523711e+00 -6.689293e-03
1.421806e+01 2.088426e+00 -7.415504e-03
1.421806e+01 2.685505e+00 -6.640261e-03
1.452242e+01 1.570796e-02 -5.979229e-06
1.452242e+01 2.346256e-02 -4.014025e-05
1.452242e+01 3.503514e-02 -5.486462e-05
1.452242e+01 5.263151e-02 -1.551296e-04
1.452242e+01 7.314235e-02 -3.682141e-04
1.452242e+01 1.025928e-01 -5.535237e-04
1.452242e+01 1.448116e-01 -8.549664e-04
1.452242e+01 2.023460e-01 -1.290758e-03
1.452242e+01 2.834245e-01 -1.828918e-03
1.452242e+01 3.967448e-01 -2.483181e-03
1.452242e+01 5.552783e-01 -3.213540e-03
1.452242e+01 7.774819e-01 -4.070253e-03
1.452242e+01 1.088445e+00 -4.909089e-03
1.452242e+01 1.523711e+00 -5.817269e-03
1.452242e+01 2.088426e+00 -6.504582e-03
1.452242e+01 2.685505e+00 -5.858699e-03
1.483287e+01 1.570796e-02 -5.013392e-06
1.483287e+01 2.346256e-02 -3.357418e-05
1.483287e+01 3.503514e-02 -4.493241e-05
1.483287e+01 5.263151e-02 -1.272793e-04
1.483287e+01 7.314235e-02 -3.021692e-04
1.483287e+01 1.025928e-01 -4.542540e-04
1.483287e+01 1.448116e-01 -6.998526e-04
1.483287e+01 2.023460e-01 -1.059965e-03
1.483287e+01 2.834245e-01 -1.503173e-03
1.483287e+01 3.967448e-01 -2.039886e-03
1.483287e+01 5.552783e-01 -2.659236e-03
1.483287e+01 7.774819e-01 -3.407215e-03
1.483287e+01 1.088445e+00 -4.171743e-03
1.483287e+01 1.523711e+00 -5.036874e-03
1.483287e+01 2.088426e+00 -5.703859e-03
1.483287e+01 2.685505e+00 -5.158146e-03
1.514953e+01 1.570796e-02 -4.059228e-06
1.514953e+01 2.346256e-02 -2.725854e-05
1.514953e+01 3.503514e-02 -3.712483e-05
1.514953e+01 5.263151e-02 -1.034114e-04
1.514953e+01 7.314235e-02 -2.462768e-04
1.514953e+01 1.025928e-01 -3.713219e-04
1.514953e+01 1.448116e-01 -5.725257e-04
1.514953e+01 2.023460e-01 -8.675799e-04
1.514953e+01 2.834245e-01 -1.229469e-03
1.514953e+01 3.967448e-01 -1.671073e-03
1.514953e+01 5.552783e-01 -2.190007e-03
1.514953e+01 7.774819e-01 -2.840424e-03
1.514953e+01 1.088445e+00 -3.534116e-03
1.514953e+01 1.523711e+00 -4.330054e-03
1.514953e+01 2.088426e+00 -4.975167e-03
1.514953e+01 2.685505e+00 -4.541805e-03
1.547252e+01 1.570796e-02 -3.338379e-06
1.547252e+01 2.346256e-02 -2.200128e-05
1.547252e+01 3.503514e-02 -3.012062e-05
1.547252e+01 5.263151e-02 -8.408333e-05
1.547252e+01 7.314235e-02 -1.987690e-04
1.547252e+01 1.025928e-01 -3.006625e-04
1.547252e+01 1.448116e-01 -4.646761e-04
1.547252e+01 2.023460e-01 -7.059695e-04
1.547252e+01 2.834245e-01 -9.996003e-04
1.547252e+01 3.967448e-01 -1.360841e-03
1.547252e+01 5.552783e-01 -1.791677e-03
1.547252e+01 7.774819e-01 -2.353517e-03
1.547252e+01 1.088445e+00 -2.971339e-03
1.547252e+01 1.523711e+00 -3.697977e-03
1.547252e+01 2.088426e+00 -4.296323e-03
1.547252e+01 2.685505e+00 -3.930143e-03
1.580197e+01 1.570796e-02 -2.779778e-06
1.580197e+01 2.346256e-02 -1.778734e-05
1.580197e+01 3.503514e-02 -2.416074e-05
1.580197e+01 5.263151e-02 -6.763141e-05
1.580197e+01 7.314235e-02 -1.606577e-04
1.580197e+01 1.025928e-01 -2.429415e-04
1.580197e+01 1.448116e-01 -3.749033e-04
1.580197e+01 2.023460e-01 -5.659187e-04
1.580197e+01 2.834245e-01 -8.106173e-04
1.580197e+01 3.967448e-01 -1.100373e-03
1.580197e+01 5.552783e-01 -1.461406e-03
1.580197e+01 7.774819e-01 -1.93398e-03
1.580197e+01 1.088445e+00 -2.479739e-03
1.580197e+01 1.523711e+00 -3.13964e-03
1.580197e+01 2.088426e+00 -3.682656e-03
1.580197e+01 2.685505e+00 -3.383096e-03
1.613801e+01 1.570796e-02 -2.225765e-06
1.613801e+01 2.346256e-02 -1.416753e-05
1.613801e+01 3.503514e-02 -1.920002e-05
1.613801e+01 5.263151e-02 -5.419472e-05
1.613801e+01 7.314235e-02 -1.276904e-04
1.613801e+01 1.025928e-01 -1.940274e-04
1.613801e+01 1.448116e-01 -3.012276e-04
1.613801e+01 2.023460e-01 -4.539807e-04
1.613801e+01 2.834245e-01 -6.506570e-04
1.613801e+01 3.967448e-01 -8.853035e-04
1.613801e+01 5.552783e-01 -1.180466e-03
1.613801e+01 7.774819e-01 -1.580324e-03
1.613801e+01 1.088445e+00 -2.050873e-03
1.613801e+01 1.523711e+00 -2.635928e-03
1.613801e+01 2.088426e+00 -3.126739e-03
1.613801e+01 2.685505e+00 -2.890867e-03
1.648077e+01 1.570796e-02 -1.722874e-06
1.648077e+01 2.346256e-02 -1.108933e-05
1.648077e+01 3.503514e-02 -1.523993e-05
1.648077e+01 5.263151e-02 -4.293545e-05
1.648077e+01 7.314235e-02 -1.016278e-04
1.648077e+01 1.025928e-01 -1.53835e-04
1.648077e+01 1.448116e-01 -2.394670e-04
1.648077e+01 2.023460e-01 -3.614049e-04
1.648077e+01 2.834245e-01 -5.189797e-04
1.648077e+01 3.967448e-01 -7.092298e-04
1.648077e+01 5.552783e-01 -9.506045e-04
1.648077e+01 7.774819e-01 -1.284125e-03
1.648077e+01 1.088445e+00 -1.691063e-03
1.648077e+01 1.523711e+00 -2.196396e-03
1.648077e+01 2.088426e+00 -2.636174e-03
1.648077e+01 2.685505e+00 -2.472841e-03
1.683038e+01 1.570796e-02 -1.417111e-06
1.683038e+01 2.346256e-02 -8.488135e-06
1.683038e+01 3.503514e-02 -1.195736e-05
1.683038e+01 5.263151e-02 -3.420521e-05
1.683038e+01 7.314235e-02 -8.061569e-05
1.683038e+01 1.025928e-01 -1.213524e-04
1.683038e+01 1.448116e-01 -1.897294e-04
1.683038e+01 2.023460e-01 -2.861251e-04
1.683038e+01 2.834245e-01 -4.111679e-04
1.683038e+01 3.967448e-01 -5.640597e-04
1.683038e+01 5.552783e-01 -7.593713e-04
1.683038e+01 7.774819e-01 -1.037597e-03
1.683038e+01 1.088445e+00 -1.386356e-03
1.683038e+01 1.523711e+00 -1.817132e-03
1.683038e+01 2.088426e+00 -2.212698e-03
1.683038e+01 2.685505e+00 -2.096501e-03
1.718699e+01 1.570796e-02 -1.086275e-06
1.718699e+01 2.346256e-02 -6.721109e-06
1.718699e+01 3.503514e-02 -9.560051e-06
1.718699e+01 5.263151e-02 -2.695424e-05
1.718699e+01 7.314235e-02 -6.348964e-05
1.718699e+01 1.025928e-01 -9.501301e-05
1.718699e+01 1.448116e-01 -1.504331e-04
1.718699e+01 2.023460e-01 -2.260979e-04
1.718699e+01 2.834245e-01 -3.250735e-04
1.718699e+01 3.967448e-01 -4.456860e-04
1.718699e+01 5.552783e-01 -6.041733e-04
1.718699e+01 7.774819e-01 -8.353145e-04
1.718699e+01 1.088445e+00 -1.123477e-03
1.718699e+01 1.523711e+00 -1.494521e-03
1.718699e+01 2.088426e+00 -1.843855e-03
1.718699e+01 2.685505e+00 -1.75546e-03
1.755073e+01 1.570796e-02 -8.315452e-07
1.755073e+01 2.346256e-02 -5.110170e-06
1.755073e+01 3.503514e-02 -7.474452e-06
1.755073e+01 5.263151e-02 -2.113217e-05
1.755073e+01 7.314235e-02 -4.88605e-05
1.755073e+01 1.025928e-01 -7.369799e-05
1.755073e+01 1.448116e-01 -1.175954e-04
1.755073e+01 2.023460e-01 -1.759621e-04
1.755073e+01 2.834245e-01 -2.537996e-04
1.755073e+01 3.967448e-01 -3.481821e-04
1.755073e+01 5.552783e-01 -4.752675e-04
1.755073e+01 7.774819e-01 -6.636505e-04
1.755073e+01 1.088445e+00 -9.022183e-04
1.755073e+01 1.523711e+00 -1.211009e-03
1.755073e+01 2.088426e+00 -1.509846e-03
1.755073e+01 2.685505e+00 -1.439243e-03
1.792175e+01 1.570796e-02 -6.695757e-07
1.792175e+01 2.346256e-02 -3.973105e-06
1.792175e+01 3.503514e-02 -5.743348e-06
1.792175e+01 5.263151e-02 -1.631299e-05
1.792175e+01 7.314235e-02 -3.805120e-05
1.792175e+01 1.025928e-01 -5.735958e-05
1.792175e+01 1.448116e-01 -9.169857e-05
1.792175e+01 2.023460e-01 -1.356301e-04
1.792175e+01 2.834245e-01 -1.974574e-04
1.792175e+01 3.967448e-01 -2.718758e-04
1.792175e+01 5.552783e-01 -3.723895e-04
1.792175e+01 7.774819e-01 -5.269485e-04
1.792175e+01 1.088445e+00 -7.186823e-04
1.792175e+01 1.523711e+00 -9.755729e-04
1.792175e+01 2.088426e+00 -1.224697e-03
1.792175e+01 2.685505e+00 -1.169919e-03
1.830018e+01 1.570796e-02 -5.073862e-07
1.830018e+01 2.346256e-02 -2.945302e-06
1.830018e+01 3.503514e-02 -4.343523e-06
1.830018e+01 5.263151e-02 -1.252633e-05
1.830018e+01 7.314235e-02 -2.911966e-05
1.830018e+01 1.025928e-01 -4.392617e-05
1.830018e+01 1.448116e-01 -7.033358e-05
1.830018e+01 2.023460e-01 -1.044016e-04
1.830018e+01 2.834245e-01 -1.517825e-04
1.830018e+01 3.967448e-01 -2.103766e-04
1.830018e+01 5.552783e-01 -2.883002e-04
1.830018e+01 7.774819e-01 -4.12554e-04
1.830018e+01 1.088445e+00 -5.670579e-04
1.830018e+01 1.523711e+00 -7.765699e-04
1.830018e+01 2.088426e+00 -9.830599e-04
1.830018e+01 2.685505e+00 -9.333214e-04
1.868618e+01 1.570796e-02 -4.054625e-07
1.868618e+01 2.346256e-02 -2.285730e-06
1.868618e+01 3.503514e-02 -3.303815e-06
1.868618e+01 5.263151e-02 -9.711141e-06
1.868618e+01 7.314235e-02 -2.201185e-05
1.868618e+01 1.025928e-01 -3.333186e-05
1.868618e+01 1.448116e-01 -5.284227e-05
1.868618e+01 2.023460e-01 -8.006791e-05
1.868618e+01 2.834245e-01 -1.159556e-04
1.868618e+01 3.967448e-01 -1.598835e-04
1.868618e+01 5.552783e-01 -2.215400e-04
1.868618e+01 7.774819e-01 -3.204526e-04
1.868618e+01 1.088445e+00 -4.416455e-04
1.868618e+01 1.523711e+00 -6.101701e-04
1.868618e+01 2.088426e+00 -7.771565e-04
1.868618e+01 2.685505e+00 -7.450068e-04
1.907991e+01 1.570796e-02 -3.172662e-07
1.907991e+01 2.346256e-02 -1.774944e-06
1.907991e+01 3.503514e-02 -2.473842e-06
1.907991e+01 5.263151e-02 -7.265183e-06
1.907991e+01 7.314235e-02 -1.657988e-05
1.907991e+01 1.025928e-01 -2.491545e-05
1.907991e+01 1.448116e-01 -3.97146e-05
1.907991e+01 2.023460e-01 -6.051169e-05
1.907991e+01 2.834245e-01 -8.781791e-05
1.907991e+01 3.967448e-01 -1.204731e-04
1.907991e+01 5.552783e-01 -1.686125e-04
1.907991e+01 7.774819e-01 -2.455093e-04
1.907991e+01 1.088445e+00 -3.411122e-04
1.907991e+01 1.523711e+00 -4.732102e-04
1.907991e+01 2.088426e+00 -6.072920e-04
1.907991e+01 2.685505e+00 -5.830916e-04
1.948151e+01 1.570796e-02 -2.3167e-07
1.948151e+01 2.346256e-02 -1.289433e-06
1.948151e+01 3.503514e-02 -1.78789e-06
1.948151e+01 5.263151e-02 -5.449424e-06
1.948151e+01 7.314235e-02 -1.224811e-05
1.948151e+01 1.025928e-01 -1.819023e-05
1.948151e+01 1.448116e-01 -2.929563e-05
1.948151e+01 2.023460e-01 -4.424497e-05
1.948151e+01 2.834245e-01 -6.459740e-05
1.948151e+01 3.967448e-01 -8.912670e-05
1.948151e+01 5.552783e-01 -1.263418e-04
1.948151e+01 7.774819e-01 -1.840980e-04
1.948151e+01 1.088445e+00 -2.573673e-04
1.948151e+01 1.523711e+00 -3.599473e-04
1.948151e+01 2.088426e+00 -4.626449e-04
1.948151e+01 2.685505e+00 -4.454140e-04
1.989114e+01 1.570796e-02 -1.742239e-07
1.989114e+01 2.346256e-02 -9.071891e-07
1.989114e+01 3.503514e-02 -1.242814e-06
1.989114e+01 5.263151e-02 -3.869439e-06
1.989114e+01 7.314235e-02 -9.005309e-06
1.989114e+01 1.025928e-01 -1.302061e-05
1.989114e+01 1.448116e-01 -2.127131e-05
1.989114e+01 2.023460e-01 -3.180069e-05
1.989114e+01 2.834245e-01 -4.692151e-05
1.989114e+01 3.967448e-01 -6.478207e-05
1.989114e+01 5.552783e-01 -9.217059e-05
1.989114e+01 7.774819e-01 -1.366652e-04
1.989114e+01 1.088445e+00 -1.910130e-04
1.989114e+01 1.523711e+00 -2.678888e-04
1.989114e+01 2.088426e+00 -3.450522e-04
1.989114e+01 2.685505e+00 -3.303629e-04
2.030896e+01 1.570796e-02 -1.375587e-07
2.030896e+01 2.346256e-02 -6.470455e-07
2.030896e+01 3.503514e-02 -9.087868e-07
2.030896e+01 5.263151e-02 -2.831414e-06
2.030896e+01 7.314235e-02 -6.388333e-06
2.030896e+01 1.025928e-01 -9.436719e-06
2.030896e+01 1.448116e-01 -1.534776e-05
2.030896e+01 2.023460e-01 -2.294589e-05
2.030896e+01 2.834245e-01 -3.413640e-05
2.030896e+01 3.967448e-01 -4.710758e-05
2.030896e+01 5.552783e-01 -6.728392e-05
2.030896e+01 7.774819e-01 -9.975259e-05
2.030896e+01 1.088445e+00 -1.399767e-04
2.030896e+01 1.523711e+00 -1.973713e-04
2.030896e+01 2.088426e+00 -2.550752e-04
2.030896e+01 2.685505e+00 -2.4293e-04
2.073514e+01 1.570796e-02 -9.804913e-08
2.073514e+01 2.346256e-02 -4.677609e-07
2.073514e+01 3.503514e-02 -6.212898e-07
2.073514e+01 5.263151e-02 -2.028141e-06
2.073514e+01 7.314235e-02 -4.476382e-06
2.073514e+01 1.025928e-01 -6.722663e-06
2.073514e+01 1.448116e-01 -1.079905e-05
2.073514e+01 2.023460e-01 -1.591604e-05
2.073514e+01 2.834245e-01 -2.400046e-05
2.073514e+01 3.967448e-01 -3.308538e-05
2.073514e+01 5.552783e-01 -4.803826e-05
2.073514e+01 7.774819e-01 -7.202981e-05
2.073514e+01 1.088445e+00 -1.008846e-04
2.073514e+01 1.523711e+00 -1.427198e-04
2.073514e+01 2.088426e+00 -1.859699e-04
2.073514e+01 2.685505e+00 -1.77345e-04
2.116984e+01 1.570796e-02 -6.887517e-08
2.116984e+01 2.346256e-02 -2.753238e-07
2.116984e+01 3.503514e-02 -4.354340e-07
2.116984e+01 5.263151e-02 -1.375532e-06
2.116984e+01 7.314235e-02 -3.027811e-06
2.116984e+01 1.025928e-01 -4.641023e-06
2.116984e+01 1.448116e-01 -7.480317e-06
2.116984e+01 2.023460e-01 -1.09144e-05
2.116984e+01 2.834245e-01 -1.665290e-05
2.116984e+01 3.967448e-01 -2.314488e-05
2.116984e+01 5.552783e-01 -3.372428e-05
2.116984e+01 7.774819e-01 -5.047182e-05
2.116984e+01 1.088445e+00 -7.117777e-05
2.116984e+01 1.523711e+00 -1.018136e-04
2.116984e+01 2.088426e+00 -1.32245e-04
2.116984e+01 2.685505e+00 -1.243277e-04
2.161324e+01 1.570796e-02 -4.322909e-08
2.161324e+01 2.346256e-02 -1.899339e-07
2.161324e+01 3.503514e-02 -2.716716e-07
2.161324e+01 5.263151e-02 -9.029486e-07
2.161324e+01 7.314235e-02 -2.063412e-06
2.161324e+01 1.025928e-01 -3.110443e-06
2.161324e+01 1.448116e-01 -5.028031e-06
2.161324e+01 2.023460e-01 -7.323261e-06
2.161324e+01 2.834245e-01 -1.132907e-05
2.161324e+01 3.967448e-01 -1.584057e-05
2.161324e+01 5.552783e-01 -2.316954e-05
2.161324e+01 7.774819e-01 -3.488416e-05
2.161324e+01 1.088445e+00 -4.958318e-05
2.161324e+01 1.523711e+00 -7.126456e-05
2.161324e+01 2.088426e+00 -9.272854e-05
2.161324e+01 2.685505e+00 -8.816507e-05
2.206550e+01 1.570796e-02 -2.996663e-08
2.206550e+01 2.346256e-02 -1.156195e-07
2.206550e+01 3.503514e-02 -1.798474e-07
2.206550e+01 5.263151e-02 -6.107612e-07
2.206550e+01 7.314235e-02 -1.366114e-06
2.206550e+01 1.025928e-01 -1.994396e-06
2.206550e+01 1.448116e-01 -3.280488e-06
2.206550e+01 2.023460e-01 -4.762953e-06
2.206550e+01 2.834245e-01 -7.424564e-06
2.206550e+01 3.967448e-01 -1.062902e-05
2.206550e+01 5.552783e-01 -1.556386e-05
2.206550e+01 7.774819e-01 -2.347906e-05
2.206550e+01 1.088445e+00 -3.358001e-05
2.206550e+01 1.523711e+00 -4.885339e-05
2.206550e+01 2.088426e+00 -6.323277e-05
2.206550e+01 2.685505e+00 -6.114502e-05
2.252681e+01 1.570796e-02 -1.972888e-08
2.252681e+01 2.346256e-02 -8.152153e-08
2.252681e+01 3.503514e-02 -1.291636e-07
2.252681e+01 5.263151e-02 -3.847933e-07
2.252681e+01 7.314235e-02 -8.871549e-07
2.252681e+01 1.025928e-01 -1.325202e-06
2.252681e+01 1.448116e-01 -2.128135e-06
2.252681e+01 2.023460e-01 -3.110612e-06
2.252681e+01 2.834245e-01 -4.834484e-06
2.252681e+01 3.967448e-01 -7.131768e-06
2.252681e+01 5.552783e-01 -1.028773e-05
2.252681e+01 7.774819e-01 -1.556555e-05
2.252681e+01 1.088445e+00 -2.256577e-05
2.252681e+01 1.523711e+00 -3.277807e-05
2.252681e+01 2.088426e+00 -4.235139e-05
2.252681e+01 2.685505e+00 -4.220754e-05
2.299735e+01 1.570796e-02 -1.282926e-08
2.299735e+01 2.346256e-02 -5.434113e-08
2.299735e+01 3.503514e-02 -8.421674e-08
2.299735e+01 5.263151e-02 -2.28471e-07
2.299735e+01 7.314235e-02 -5.787317e-07
2.299735e+01 1.025928e-01 -8.221615e-07
2.299735e+01 1.448116e-01 -1.351259e-06
2.299735e+01 2.023460e-01 -1.891960e-06
2.299735e+01 2.834245e-01 -3.100607e-06
2.299735e+01 3.967448e-01 -4.536248e-06
2.299735e+01 5.552783e-01 -6.668289e-06
2.299735e+01 7.774819e-01 -9.990237e-06
2.299735e+01 1.088445e+00 -1.486895e-05
2.299735e+01 1.523711e+00 -2.143523e-05
2.299735e+01 2.088426e+00 -2.776480e-05
2.299735e+01 2.685505e+00 -2.682628e-05
2.34773e+01 1.570796e-02 -1.019350e-08
2.34773e+01 2.346256e-02 -3.800650e-08
2.34773e+01 3.503514e-02 -5.258296e-08
2.34773e+01 5.263151e-02 -1.433478e-07
2.34773e+01 7.314235e-02 -3.755547e-07
2.34773e+01 1.025928e-01 -5.17055e-07
2.34773e+01 1.448116e-01 -8.710206e-07
2.34773e+01 2.023460e-01 -1.190441e-06
2.34773e+01 2.834245e-01 -1.981458e-06
2.34773e+01 3.967448e-01 -2.935511e-06
2.34773e+01 5.552783e-01 -4.275616e-06
2.34773e+01 7.774819e-01 -6.389953e-06
2.34773e+01 1.088445e+00 -9.649700e-06
2.34773e+01 1.523711e+00 -1.401646e-05
2.34773e+01 2.088426e+00 -1.799156e-05
2.34773e+01 2.685505e+00 -1.805659e-05
2.396684e+01 1.570796e-02 1.573878e-10
2.396684e+01 2.346256e-02 1.157629e-09
2.396684e+01 3.503514e-02 1.415183e-09
2.396684e+01 5.263151e-02 4.260173e-09
2.396684e+01 7.314235e-02 1.023771e-08
2.396684e+01 1.025928e-01 1.536348e-08
2.396684e+01 1.448116e-01 2.359888e-08
2.396684e+01 2.023460e-01 3.606008e-08
2.396684e+01 2.834245e-01 5.154889e-08
2.396684e+01 3.967448e-01 7.403045e-08
2.396684e+01 5.552783e-01 1.046283e-07
2.396684e+01 7.774819e-01 1.380834e-07
2.396684e+01 1.088445e+00 1.549384e-07
2.396684e+01 1.523711e+00 1.394106e-07
2.396684e+01 2.088426e+00 9.468774e-08
2.396684e+01 2.685505e+00 4.335806e-08
2.446618e+01 1.570796e-02 1.471174e-10
2.446618e+01 2.346256e-02 1.081473e-09
2.446618e+01 3.503514e-02 1.321648e-09
2.446618e+01 5.263151e-02 3.979762e-09
2.446618e+01 7.314235e-02 9.565429e-09
2.446618e+01 1.025928e-01 1.435086e-08
2.446618e+01 1.448116e-01 2.206988e-08
2.446618e+01 2.023460e-01 3.379823e-08
2.446618e+01 2.834245e-01 4.854022e-08
2.446618e+01 3.967448e-01 7.021331e-08
2.446618e+01 5.552783e-01 9.991223e-08
2.446618e+01 7.774819e-01 1.326320e-07
2.446618e+01 1.088445e+00 1.498923e-07
2.446618e+01 1.523711e+00 1.368572e-07
2.446618e+01 2.088426e+00 9.481878e-08
2.446618e+01 2.685505e+00 4.397454e-08
2.497550e+01 1.570796e-02 1.370050e-10
2.497550e+01 2.346256e-02 1.006175e-09
2.497550e+01 3.503514e-02 1.229239e-09
2.497550e+01 5.263151e-02 3.703025e-09
2.497550e+01 7.314235e-02 8.902559e-09
2.497550e+01 1.025928e-01 1.335308e-08
2.497550e+01 1.448116e-01 2.055674e-08
2.497550e+01 2.023460e-01 3.157221e-08
2.497550e+01 2.834245e-01 4.557557e-08
2.497550e+01 3.967448e-01 6.639297e-08
2.497550e+01 5.552783e-01 9.507601e-08
2.497550e+01 7.774819e-01 1.268967e-07
2.497550e+01 1.088445e+00 1.445615e-07
2.497550e+01 1.523711e+00 1.341114e-07
2.497550e+01 2.088426e+00 9.488394e-08
2.497550e+01 2.685505e+00 4.471007e-08
2.549501e+01 1.570796e-02 1.270331e-10
2.549501e+01 2.346256e-02 9.318466e-10
2.549501e+01 3.503514e-02 1.137918e-09
2.549501e+01 5.263151e-02 3.430840e-09
2.549501e+01 7.314235e-02 8.251227e-09
2.549501e+01 1.025928e-01 1.2374e-08
2.549501e+01 1.448116e-01 1.907611e-08
2.549501e+01 2.023460e-01 2.938363e-08
2.549501e+01 2.834245e-01 4.263852e-08
2.549501e+01 3.967448e-01 6.254503e-08
2.549501e+01 5.552783e-01 9.013304e-08
2.549501e+01 7.774819e-01 1.209127e-07
2.549501e+01 1.088445e+00 1.388909e-07
2.549501e+01 1.523711e+00 1.310143e-07
2.549501e+01 2.088426e+00 9.496029e-08
2.549501e+01 2.685505e+00 4.57747e-08
2.602491e+01 1.570796e-02 1.171728e-10
2.602491e+01 2.346256e-02 8.592111e-10
2.602491e+01 3.503514e-02 1.048721e-09
2.602491e+01 5.263151e-02 3.164082e-09
2.602491e+01 7.314235e-02 7.613135e-09
2.602491e+01 1.025928e-01 1.141747e-08
2.602491e+01 1.448116e-01 1.762602e-08
2.602491e+01 2.023460e-01 2.724493e-08
2.602491e+01 2.834245e-01 3.973062e-08
2.602491e+01 3.967448e-01 5.870163e-08
2.602491e+01 5.552783e-01 8.507843e-08
2.602491e+01 7.774819e-01 1.147046e-07
2.602491e+01 1.088445e+00 1.329240e-07
2.602491e+01 1.523711e+00 1.276488e-07
2.602491e+01 2.088426e+00 9.492994e-08
2.602491e+01 2.685505e+00 4.700151e-08
2.656541e+01 1.570796e-02 1.07532e-10
2.656541e+01 2.346256e-02 7.881645e-10
2.656541e+01 3.503514e-02 9.616396e-10
2.656541e+01 5.263151e-02 2.904512e-09
2.656541e+01 7.314235e-02 6.988412e-09
2.656541e+01 1.025928e-01 1.048465e-08
2.656541e+01 1.448116e-01 1.620928e-08
2.656541e+01 2.023460e-01 2.514465e-08
2.656541e+01 2.834245e-01 3.686724e-08
2.656541e+01 3.967448e-01 5.485243e-08
2.656541e+01 5.552783e-01 7.993055e-08
2.656541e+01 7.774819e-01 1.082839e-07
2.656541e+01 1.088445e+00 1.266819e-07
2.656541e+01 1.523711e+00 1.239355e-07
2.656541e+01 2.088426e+00 9.47592e-08
2.656541e+01 2.685505e+00 4.868447e-08
2.711672e+01 1.570796e-02 9.812667e-11
2.711672e+01 2.346256e-02 7.188339e-10
2.711672e+01 3.503514e-02 8.773120e-10
2.711672e+01 5.263151e-02 2.650758e-09
2.711672e+01 7.314235e-02 6.381246e-09
2.711672e+01 1.025928e-01 9.575749e-09
2.711672e+01 1.448116e-01 1.482497e-08
2.711672e+01 2.023460e-01 2.309185e-08
2.711672e+01 2.834245e-01 3.404018e-08
2.711672e+01 3.967448e-01 5.100424e-08
2.711672e+01 5.552783e-01 7.466493e-08
2.711672e+01 7.774819e-01 1.015968e-07
2.711672e+01 1.088445e+00 1.200673e-07
2.711672e+01 1.523711e+00 1.197280e-07
2.711672e+01 2.088426e+00 9.439269e-08
2.711672e+01 2.685505e+00 5.039956e-08
2.767905e+01 1.570796e-02 8.884314e-11
2.767905e+01 2.346256e-02 6.513822e-10
2.767905e+01 3.503514e-02 7.949102e-10
2.767905e+01 5.263151e-02 2.403987e-09
2.767905e+01 7.314235e-02 5.790183e-09
2.767905e+01 1.025928e-01 8.691065e-09
2.767905e+01 1.448116e-01 1.347844e-08
2.767905e+01 2.023460e-01 2.108607e-08
2.767905e+01 2.834245e-01 3.123798e-08
2.767905e+01 3.967448e-01 4.710756e-08
2.767905e+01 5.552783e-01 6.925310e-08
2.767905e+01 7.774819e-01 9.469434e-08
2.767905e+01 1.088445e+00 1.131716e-07
2.767905e+01 1.523711e+00 1.151620e-07
2.767905e+01 2.088426e+00 9.372536e-08
2.767905e+01 2.685505e+00 5.25144e-08
2.825263e+01 1.570796e-02 7.991565e-11
2.825263e+01 2.346256e-02 5.85839e-10
2.825263e+01 3.503514e-02 7.148240e-10
2.825263e+01 5.263151e-02 2.163623e-09
2.825263e+01 7.314235e-02 5.212948e-09
2.825263e+01 1.025928e-01 7.829250e-09
2.825263e+01 1.448116e-01 1.216392e-08
2.825263e+01 2.023460e-01 1.91022e-08
2.825263e+01 2.834245e-01 2.847095e-08
2.825263e+01 3.967448e-01 4.318348e-08
2.825263e+01 5.552783e-01 6.374732e-08
2.825263e+01 7.774819e-01 8.758001e-08
2.825263e+01 1.088445e+00 1.057866e-07
2.825263e+01 1.523711e+00 1.100346e-07
2.825263e+01 2.088426e+00 9.270299e-08
2.825263e+01 2.685505e+00 5.505624e-08
2.883769e+01 1.570796e-02 7.119426e-11
2.883769e+01 2.346256e-02 5.216347e-10
2.883769e+01 3.503514e-02 6.371207e-10
2.883769e+01 5.263151e-02 1.929888e-09
2.883769e+01 7.314235e-02 4.650321e-09
2.883769e+01 1.025928e-01 6.989132e-09
2.883769e+01 1.448116e-01 1.087952e-08
2.883769e+01 2.023460e-01 1.716178e-08
2.883769e+01 2.834245e-01 2.571604e-08
2.883769e+01 3.967448e-01 3.921471e-08
2.883769e+01 5.552783e-01 5.811518e-08
2.883769e+01 7.774819e-01 8.023080e-08
2.883769e+01 1.088445e+00 9.803523e-08
2.883769e+01 1.523711e+00 1.042785e-07
2.883769e+01 2.088426e+00 9.120172e-08
2.883769e+01 2.685505e+00 5.763939e-08
2.943444e+01 1.570796e-02 6.272880e-11
2.943444e+01 2.346256e-02 4.594955e-10
2.943444e+01 3.503514e-02 5.616186e-10
2.943444e+01 5.263151e-02 1.702027e-09
2.943444e+01 7.314235e-02 4.104157e-09
2.943444e+01 1.025928e-01 6.171795e-09
2.943444e+01 1.448116e-01 9.625831e-09
2.943444e+01 2.023460e-01 1.524850e-08
2.943444e+01 2.834245e-01 2.297369e-08
2.943444e+01 3.967448e-01 3.522991e-08
2.943444e+01 5.552783e-01 5.235996e-08
2.943444e+01 7.774819e-01 7.264927e-08
2.943444e+01 1.088445e+00 8.979864e-08
2.943444e+01 1.523711e+00 9.773496e-08
2.943444e+01 2.088426e+00 8.893851e-08
2.943444e+01 2.685505e+00 6.01278e-08
3.004313e+01 1.570796e-02 5.443954e-11
3.004313e+01 2.346256e-02 3.990146e-10
3.004313e+01 3.503514e-02 4.881050e-10
3.004313e+01 5.263151e-02 1.480141e-09
3.004313e+01 7.314235e-02 3.571099e-09
3.004313e+01 1.025928e-01 5.373654e-09
3.004313e+01 1.448116e-01 8.400901e-09
3.004313e+01 2.023460e-01 1.336365e-08
3.004313e+01 2.834245e-01 2.024079e-08
3.004313e+01 3.967448e-01 3.118615e-08
3.004313e+01 5.552783e-01 4.649091e-08
3.004313e+01 7.774819e-01 6.480675e-08
3.004313e+01 1.088445e+00 8.109248e-08
3.004313e+01 1.523711e+00 9.035450e-08
3.004313e+01 2.088426e+00 8.580283e-08
3.004313e+01 2.685505e+00 6.237185e-08
3.066399e+01 1.570796e-02 4.643394e-11
3.066399e+01 2.346256e-02 3.396280e-10
3.066399e+01 3.503514e-02 4.166314e-10
3.066399e+01 5.263151e-02 1.264279e-09
3.066399e+01 7.314235e-02 3.052834e-09
3.066399e+01 1.025928e-01 4.596271e-09
3.066399e+01 1.448116e-01 7.200629e-09
3.066399e+01 2.023460e-01 1.150785e-08
3.066399e+01 2.834245e-01 1.751647e-08
3.066399e+01 3.967448e-01 2.710014e-08
3.066399e+01 5.552783e-01 4.051237e-08
3.066399e+01 7.774819e-01 5.672852e-08
3.066399e+01 1.088445e+00 7.188532e-08
3.066399e+01 1.523711e+00 8.207437e-08
3.066399e+01 2.088426e+00 8.153348e-08
3.066399e+01 2.685505e+00 6.397774e-08
3.129727e+01 1.570796e-02 3.862553e-11
3.129727e+01 2.346256e-02 2.826687e-10
3.129727e+01 3.503514e-02 3.471408e-10
3.129727e+01 5.263151e-02 1.053893e-09
3.129727e+01 7.314235e-02 2.548047e-09
3.129727e+01 1.025928e-01 3.838278e-09
3.129727e+01 1.448116e-01 6.026966e-09
3.129727e+01 2.023460e-01 9.671695e-09
3.129727e+01 2.834245e-01 1.479476e-08
3.129727e+01 3.967448e-01 2.298296e-08
3.129727e+01 5.552783e-01 3.440904e-08
3.129727e+01 7.774819e-01 4.843413e-08
3.129727e+01 1.088445e+00 6.213893e-08
3.129727e+01 1.523711e+00 7.281999e-08
3.129727e+01 2.088426e+00 7.586554e-08
3.129727e+01 2.685505e+00 6.448830e-08
3.194322e+01 1.570796e-02 3.108391e-11
3.194322e+01 2.346256e-02 2.271830e-10
3.194322e+01 3.503514e-02 2.795067e-10
3.194322e+01 5.263151e-02 8.489273e-10
3.194322e+01 7.314235e-02 2.055364e-09
3.194322e+01 1.025928e-01 3.097969e-09
3.194322e+01 1.448116e-01 4.875795e-09
3.194322e+01 2.023460e-01 7.85725e-09
3.194322e+01 2.834245e-01 1.207982e-08
3.194322e+01 3.967448e-01 1.881914e-08
3.194322e+01 5.552783e-01 2.823968e-08
3.194322e+01 7.774819e-01 3.991669e-08
3.194322e+01 1.088445e+00 5.186868e-08
3.194322e+01 1.523711e+00 6.242455e-08
3.194322e+01 2.088426e+00 6.833899e-08
3.194322e+01 2.685505e+00 6.305985e-08
3.260208e+01 1.570796e-02 2.371481e-11
3.260208e+01 2.346256e-02 1.73412e-10
3.260208e+01 3.503514e-02 2.137316e-10
3.260208e+01 5.263151e-02 6.496094e-10
3.260208e+01 7.314235e-02 1.574656e-09
3.260208e+01 1.025928e-01 2.376487e-09
3.260208e+01 1.448116e-01 3.747382e-09
3.260208e+01 2.023460e-01 6.063632e-09
3.260208e+01 2.834245e-01 9.363553e-09
3.260208e+01 3.967448e-01 1.463516e-08
3.260208e+01 5.552783e-01 2.198637e-08
3.260208e+01 7.774819e-01 3.12178e-08
3.260208e+01 1.088445e+00 4.105511e-08
3.260208e+01 1.523711e+00 5.078595e-08
3.260208e+01 2.088426e+00 5.849364e-08
3.260208e+01 2.685505e+00 5.867707e-08
3.327412e+01 1.570796e-02 1.662014e-11
3.327412e+01 2.346256e-02 1.211383e-10
3.327412e+01 3.503514e-02 1.497649e-10
3.327412e+01 5.263151e-02 4.55511e-10
3.327412e+01 7.314235e-02 1.105779e-09
3.327412e+01 1.025928e-01 1.670155e-09
3.327412e+01 1.448116e-01 2.640345e-09
3.327412e+01 2.023460e-01 4.290046e-09
3.327412e+01 2.834245e-01 6.656078e-09
3.327412e+01 3.967448e-01 1.042763e-08
3.327412e+01 5.552783e-01 1.56895e-08
3.327412e+01 7.774819e-01 2.236241e-08
3.327412e+01 1.088445e+00 2.97692e-08
3.327412e+01 1.523711e+00 3.78478e-08
3.327412e+01 2.088426e+00 4.598552e-08
3.327412e+01 2.685505e+00 5.001512e-08
3.395961e+01 1.570796e-02 9.967661e-12
3.395961e+01 2.346256e-02 7.284881e-11
3.395961e+01 3.503514e-02 9.03331e-11
3.395961e+01 5.263151e-02 2.740342e-10
3.395961e+01 7.314235e-02 6.662819e-10
3.395961e+01 1.025928e-01 1.006748e-09
3.395961e+01 1.448116e-01 1.593124e-09
3.395961e+01 2.023460e-01 2.590709e-09
3.395961e+01 2.834245e-01 4.019458e-09
3.395961e+01 3.967448e-01 6.281903e-09
3.395961e+01 5.552783e-01 9.423667e-09
3.395961e+01 7.774819e-01 1.343106e-08
3.395961e+01 1.088445e+00 1.803410e-08
3.395961e+01 1.523711e+00 2.353659e-08
3.395961e+01 2.088426e+00 3.006815e-08
3.395961e+01 2.685505e+00 3.504903e-08
3.46588e+01 1.570796e-02 3.498257e-12
3.46588e+01 2.346256e-02 2.471323e-11
3.46588e+01 3.503514e-02 2.702504e-11
3.46588e+01 5.263151e-02 8.816881e-11
3.46588e+01 7.314235e-02 2.110158e-10
3.46588e+01 1.025928e-01 3.161835e-10
3.46588e+01 1.448116e-01 5.092352e-10
3.46588e+01 2.023460e-01 8.302256e-10
3.46588e+01 2.834245e-01 1.305339e-09
3.46588e+01 3.967448e-01 2.047148e-09
3.46588e+01 5.552783e-01 3.081676e-09
3.46588e+01 7.774819e-01 4.408214e-09
3.46588e+01 1.088445e+00 5.977584e-09
3.46588e+01 1.523711e+00 7.962927e-09
3.46588e+01 2.088426e+00 1.065519e-08
3.46588e+01 2.685505e+00 1.331788e-08
3.537197e+01 1.570796e-02 0.e+00
3.537197e+01 2.346256e-02 0.e+00
3.537197e+01 3.503514e-02 0.e+00
3.537197e+01 5.263151e-02 0.e+00
3.537197e+01 7.314235e-02 0.e+00
3.537197e+01 1.025928e-01 0.e+00
3.537197e+01 1.448116e-01 0.e+00
3.537197e+01 2.023460e-01 0.e+00
3.537197e+01 2.834245e-01 0.e+00
3.537197e+01 3.967448e-01 0.e+00
3.537197e+01 5.552783e-01 0.e+00
3.537197e+01 7.774819e-01 0.e+00
3.537197e+01 1.088445e+00 0.e+00
3.537197e+01 1.523711e+00 0.e+00
3.537197e+01 2.088426e+00 0.e+00
3.537197e+01 2.685505e+00 0.e+00
