5.000000e+00 1.570796e-02 0.000000e+00
5.000000e+00 2.346256e-02 0.000000e+00
5.000000e+00 3.503514e-02 0.000000e+00
5.000000e+00 5.263151e-02 0.000000e+00
5.000000e+00 7.314235e-02 0.000000e+00
5.000000e+00 1.025928e-01 0.000000e+00
5.000000e+00 1.448116e-01 0.000000e+00
5.000000e+00 2.023460e-01 0.000000e+00
5.000000e+00 2.834245e-01 0.000000e+00
5.000000e+00 3.967448e-01 0.000000e+00
5.000000e+00 5.552783e-01 0.000000e+00
5.000000e+00 7.774819e-01 0.000000e+00
5.000000e+00 1.088445e+00 0.000000e+00
5.000000e+00 1.523711e+00 0.000000e+00
5.000000e+00 2.088426e+00 0.000000e+00
5.000000e+00 2.685505e+00 0.000000e+00
5.120000e+00 1.570796e-02 0.000000e+00
5.120000e+00 2.346256e-02 0.000000e+00
5.120000e+00 3.503514e-02 0.000000e+00
5.120000e+00 5.263151e-02 0.000000e+00
5.120000e+00 7.314235e-02 0.000000e+00
5.120000e+00 1.025928e-01 0.000000e+00
5.120000e+00 1.448116e-01 0.000000e+00
5.120000e+00 2.023460e-01 0.000000e+00
5.120000e+00 2.834245e-01 0.000000e+00
5.120000e+00 3.967448e-01 0.000000e+00
5.120000e+00 5.552783e-01 0.000000e+00
5.120000e+00 7.774819e-01 0.000000e+00
5.120000e+00 1.088445e+00 0.000000e+00
5.120000e+00 1.523711e+00 0.000000e+00
5.120000e+00 2.088426e+00 0.000000e+00
5.120000e+00 2.685505e+00 0.000000e+00
5.242400e+00 1.570796e-02 -5.407261e-06
5.242400e+00 2.346256e-02 -3.725986e-06
5.242400e+00 3.503514e-02 -7.775470e-06
5.242400e+00 5.263151e-02 -3.176648e-06
5.242400e+00 7.314235e-02 -1.282899e-05
5.242400e+00 1.025928e-01 -1.400510e-06
5.242400e+00 1.448116e-01 -1.559469e-05
5.242400e+00 2.023460e-01 -5.921752e-06
5.242400e+00 2.834245e-01 -1.752771e-06
5.242400e+00 3.967448e-01 -2.619357e-06
5.242400e+00 5.552783e-01 -3.234073e-06
5.242400e+00 7.774819e-01 -2.160132e-06
5.242400e+00 1.088445e+00 -2.709563e-06
5.242400e+00 1.523711e+00 -2.903429e-06
5.242400e+00 2.088426e+00 -3.120855e-06
5.242400e+00 2.685505e+00 -3.613947e-06
5.367248e+00 1.570796e-02 -5.931617e-05
5.367248e+00 2.346256e-02 -5.546860e-05
5.367248e+00 3.503514e-02 -7.412370e-05
5.367248e+00 5.263151e-02 -1.381588e-04
5.367248e+00 7.314235e-02 -1.437537e-04
5.367248e+00 1.025928e-01 -4.227701e-05
5.367248e+00 1.448116e-01 -1.050257e-04
5.367248e+00 2.023460e-01 -1.027934e-04
5.367248e+00 2.834245e-01 -1.210735e-04
5.367248e+00 3.967448e-01 -7.215465e-05
5.367248e+00 5.552783e-01 -6.617137e-05
5.367248e+00 7.774819e-01 -5.900753e-05
5.367248e+00 1.088445e+00 -5.576248e-05
5.367248e+00 1.523711e+00 -5.278153e-05
5.367248e+00 2.088426e+00 -5.820188e-05
5.367248e+00 2.685505e+00 -6.159235e-05
5.494593e+00 1.570796e-02 -1.954868e-04
5.494593e+00 2.346256e-02 -2.728110e-04
5.494593e+00 3.503514e-02 -4.352340e-04
5.494593e+00 5.263151e-02 -5.394285e-04
5.494593e+00 7.314235e-02 -6.929942e-04
5.494593e+00 1.025928e-01 -6.051537e-04
5.494593e+00 1.448116e-01 -5.756940e-04
5.494593e+00 2.023460e-01 -5.858082e-04
5.494593e+00 2.834245e-01 -5.877606e-04
5.494593e+00 3.967448e-01 -4.841336e-04
5.494593e+00 5.552783e-01 -4.049383e-04
5.494593e+00 7.774819e-01 -3.541412e-04
5.494593e+00 1.088445e+00 -3.112287e-04
5.494593e+00 1.523711e+00 -2.973729e-04
5.494593e+00 2.088426e+00 -3.231562e-04
5.494593e+00 2.685505e+00 -3.451968e-04
5.624485e+00 1.570796e-02 -4.341365e-04
5.624485e+00 2.346256e-02 -6.574458e-04
5.624485e+00 3.503514e-02 -1.272544e-03
5.624485e+00 5.263151e-02 -1.795925e-03
5.624485e+00 7.314235e-02 -2.244787e-03
5.624485e+00 1.025928e-01 -2.131471e-03
5.624485e+00 1.448116e-01 -2.243010e-03
5.624485e+00 2.023460e-01 -2.073012e-03
5.624485e+00 2.834245e-01 -1.999624e-03
5.624485e+00 3.967448e-01 -1.737733e-03
5.624485e+00 5.552783e-01 -1.505068e-03
5.624485e+00 7.774819e-01 -1.279376e-03
5.624485e+00 1.088445e+00 -1.094513e-03
5.624485e+00 1.523711e+00 -1.035331e-03
5.624485e+00 2.088426e+00 -1.118963e-03
5.624485e+00 2.685505e+00 -1.178888e-03
5.756975e+00 1.570796e-02 -6.316607e-04
5.756975e+00 2.346256e-02 -1.232142e-03
5.756975e+00 3.503514e-02 -2.278237e-03
5.756975e+00 5.263151e-02 -3.698278e-03
5.756975e+00 7.314235e-02 -4.839341e-03
5.756975e+00 1.025928e-01 -4.749577e-03
5.756975e+00 1.448116e-01 -5.117294e-03
5.756975e+00 2.023460e-01 -4.863933e-03
5.756975e+00 2.834245e-01 -4.747610e-03
5.756975e+00 3.967448e-01 -4.051646e-03
5.756975e+00 5.552783e-01 -3.546174e-03
5.756975e+00 7.774819e-01 -2.978073e-03
5.756975e+00 1.088445e+00 -2.552090e-03
5.756975e+00 1.523711e+00 -2.376857e-03
5.756975e+00 2.088426e+00 -2.537050e-03
5.756975e+00 2.685505e+00 -2.649860e-03
5.892114e+00 1.570796e-02 -7.510010e-04
5.892114e+00 2.346256e-02 -1.683538e-03
5.892114e+00 3.503514e-02 -3.298439e-03
5.892114e+00 5.263151e-02 -5.861983e-03
5.892114e+00 7.314235e-02 -8.263601e-03
5.892114e+00 1.025928e-01 -8.674537e-03
5.892114e+00 1.448116e-01 -9.457548e-03
5.892114e+00 2.023460e-01 -9.074151e-03
5.892114e+00 2.834245e-01 -8.864467e-03
5.892114e+00 3.967448e-01 -7.788295e-03
5.892114e+00 5.552783e-01 -6.723215e-03
5.892114e+00 7.774819e-01 -5.677223e-03
5.892114e+00 1.088445e+00 -4.792441e-03
5.892114e+00 1.523711e+00 -4.395035e-03
5.892114e+00 2.088426e+00 -4.650511e-03
5.892114e+00 2.685505e+00 -4.811431e-03
6.029956e+00 1.570796e-02 -7.932988e-04
6.029956e+00 2.346256e-02 -1.972705e-03
6.029956e+00 3.503514e-02 -3.977337e-03
6.029956e+00 5.263151e-02 -7.684463e-03
6.029956e+00 7.314235e-02 -1.158778e-02
6.029956e+00 1.025928e-01 -1.337354e-02
6.029956e+00 1.448116e-01 -1.470497e-02
6.029956e+00 2.023460e-01 -1.449645e-02
6.029956e+00 2.834245e-01 -1.418203e-02
6.029956e+00 3.967448e-01 -1.257300e-02
6.029956e+00 5.552783e-01 -1.084807e-02
6.029956e+00 7.774819e-01 -9.155549e-03
6.029956e+00 1.088445e+00 -7.725421e-03
6.029956e+00 1.523711e+00 -6.980686e-03
6.029956e+00 2.088426e+00 -7.295271e-03
6.029956e+00 2.685505e+00 -7.471109e-03
6.170555e+00 1.570796e-02 -7.796672e-04
6.170555e+00 2.346256e-02 -1.921940e-03
6.170555e+00 3.503514e-02 -4.284562e-03
6.170555e+00 5.263151e-02 -9.031509e-03
6.170555e+00 7.314235e-02 -1.428884e-02
6.170555e+00 1.025928e-01 -1.760675e-02
6.170555e+00 1.448116e-01 -1.965514e-02
6.170555e+00 2.023460e-01 -2.005089e-02
6.170555e+00 2.834245e-01 -1.957450e-02
6.170555e+00 3.967448e-01 -1.782456e-02
6.170555e+00 5.552783e-01 -1.549119e-02
6.170555e+00 7.774819e-01 -1.301583e-02
6.170555e+00 1.088445e+00 -1.091078e-02
6.170555e+00 1.523711e+00 -9.753908e-03
6.170555e+00 2.088426e+00 -1.004385e-02
6.170555e+00 2.685505e+00 -1.015087e-02
6.313967e+00 1.570796e-02 -7.476940e-04
6.313967e+00 2.346256e-02 -1.825302e-03
6.313967e+00 3.503514e-02 -4.258083e-03
6.313967e+00 5.263151e-02 -9.509370e-03
6.313967e+00 7.314235e-02 -1.602020e-02
6.313967e+00 1.025928e-01 -2.066800e-02
6.313967e+00 1.448116e-01 -2.383704e-02
6.313967e+00 2.023460e-01 -2.501394e-02
6.313967e+00 2.834245e-01 -2.482046e-02
6.313967e+00 3.967448e-01 -2.297001e-02
6.313967e+00 5.552783e-01 -2.007238e-02
6.313967e+00 7.774819e-01 -1.695638e-02
6.313967e+00 1.088445e+00 -1.410798e-02
6.313967e+00 1.523711e+00 -1.247545e-02
6.313967e+00 2.088426e+00 -1.268665e-02
6.313967e+00 2.685505e+00 -1.270004e-02
6.460246e+00 1.570796e-02 -6.961987e-04
6.460246e+00 2.346256e-02 -1.677854e-03
6.460246e+00 3.503514e-02 -4.011680e-03
6.460246e+00 5.263151e-02 -9.427469e-03
6.460246e+00 7.314235e-02 -1.660975e-02
6.460246e+00 1.025928e-01 -2.250625e-02
6.460246e+00 1.448116e-01 -2.683479e-02
6.460246e+00 2.023460e-01 -2.910300e-02
6.460246e+00 2.834245e-01 -2.932909e-02
6.460246e+00 3.967448e-01 -2.762324e-02
6.460246e+00 5.552783e-01 -2.438304e-02
6.460246e+00 7.774819e-01 -2.071765e-02
6.460246e+00 1.088445e+00 -1.714958e-02
6.460246e+00 1.523711e+00 -1.504972e-02
6.460246e+00 2.088426e+00 -1.506956e-02
6.460246e+00 2.685505e+00 -1.486012e-02
6.609451e+00 1.570796e-02 -6.358172e-04
6.609451e+00 2.346256e-02 -1.511717e-03
6.609451e+00 3.503514e-02 -3.721805e-03
6.609451e+00 5.263151e-02 -8.967044e-03
6.609451e+00 7.314235e-02 -1.626996e-02
6.609451e+00 1.025928e-01 -2.318442e-02
6.609451e+00 1.448116e-01 -2.857353e-02
6.609451e+00 2.023460e-01 -3.198259e-02
6.609451e+00 2.834245e-01 -3.294819e-02
6.609451e+00 3.967448e-01 -3.154033e-02
6.609451e+00 5.552783e-01 -2.818777e-02
6.609451e+00 7.774819e-01 -2.406237e-02
6.609451e+00 1.088445e+00 -1.991895e-02
6.609451e+00 1.523711e+00 -1.738001e-02
6.609451e+00 2.088426e+00 -1.724810e-02
6.609451e+00 2.685505e+00 -1.682207e-02
6.761640e+00 1.570796e-02 -5.702731e-04
6.761640e+00 2.346256e-02 -1.369329e-03
6.761640e+00 3.503514e-02 -3.421931e-03
6.761640e+00 5.263151e-02 -8.312071e-03
6.761640e+00 7.314235e-02 -1.534382e-02
6.761640e+00 1.025928e-01 -2.285394e-02
6.761640e+00 1.448116e-01 -2.912847e-02
6.761640e+00 2.023460e-01 -3.362167e-02
6.761640e+00 2.834245e-01 -3.549286e-02
6.761640e+00 3.967448e-01 -3.463397e-02
6.761640e+00 5.552783e-01 -3.132870e-02
6.761640e+00 7.774819e-01 -2.690029e-02
6.761640e+00 1.088445e+00 -2.226700e-02
6.761640e+00 1.523711e+00 -1.933580e-02
6.761640e+00 2.088426e+00 -1.898046e-02
6.761640e+00 2.685505e+00 -1.836596e-02
6.916873e+00 1.570796e-02 -5.156409e-04
6.916873e+00 2.346256e-02 -1.251030e-03
6.916873e+00 3.503514e-02 -3.111338e-03
6.916873e+00 5.263151e-02 -7.642596e-03
6.916873e+00 7.314235e-02 -1.420593e-02
6.916873e+00 1.025928e-01 -2.177584e-02
6.916873e+00 1.448116e-01 -2.875687e-02
6.916873e+00 2.023460e-01 -3.423857e-02
6.916873e+00 2.834245e-01 -3.705942e-02
6.916873e+00 3.967448e-01 -3.684656e-02
6.916873e+00 5.552783e-01 -3.381898e-02
6.916873e+00 7.774819e-01 -2.925418e-02
6.916873e+00 1.088445e+00 -2.423304e-02
6.916873e+00 1.523711e+00 -2.098368e-02
6.916873e+00 2.088426e+00 -2.043659e-02
6.916873e+00 2.685505e+00 -1.960950e-02
7.075210e+00 1.570796e-02 -4.678217e-04
7.075210e+00 2.346256e-02 -1.128906e-03
7.075210e+00 3.503514e-02 -2.785568e-03
7.075210e+00 5.263151e-02 -6.957339e-03
7.075210e+00 7.314235e-02 -1.297749e-02
7.075210e+00 1.025928e-01 -2.030918e-02
7.075210e+00 1.448116e-01 -2.767578e-02
7.075210e+00 2.023460e-01 -3.395213e-02
7.075210e+00 2.834245e-01 -3.776292e-02
7.075210e+00 3.967448e-01 -3.820991e-02
7.075210e+00 5.552783e-01 -3.560357e-02
7.075210e+00 7.774819e-01 -3.111232e-02
7.075210e+00 1.088445e+00 -2.585599e-02
7.075210e+00 1.523711e+00 -2.234205e-02
7.075210e+00 2.088426e+00 -2.163673e-02
7.075210e+00 2.685505e+00 -2.059311e-02
7.236714e+00 1.570796e-02 -4.231859e-04
7.236714e+00 2.346256e-02 -1.015917e-03
7.236714e+00 3.503514e-02 -2.484394e-03
7.236714e+00 5.263151e-02 -6.261280e-03
7.236714e+00 7.314235e-02 -1.171971e-02
7.236714e+00 1.025928e-01 -1.869722e-02
7.236714e+00 1.448116e-01 -2.611201e-02
7.236714e+00 2.023460e-01 -3.294026e-02
7.236714e+00 2.834245e-01 -3.760869e-02
7.236714e+00 3.967448e-01 -3.883869e-02
7.236714e+00 5.552783e-01 -3.674227e-02
7.236714e+00 7.774819e-01 -3.243481e-02
7.236714e+00 1.088445e+00 -2.709335e-02
7.236714e+00 1.523711e+00 -2.340146e-02
7.236714e+00 2.088426e+00 -2.259732e-02
7.236714e+00 2.685505e+00 -2.131844e-02
7.401449e+00 1.570796e-02 -3.807779e-04
7.401449e+00 2.346256e-02 -9.093282e-04
7.401449e+00 3.503514e-02 -2.213460e-03
7.401449e+00 5.263151e-02 -5.590247e-03
7.401449e+00 7.314235e-02 -1.048761e-02
7.401449e+00 1.025928e-01 -1.698310e-02
7.401449e+00 1.448116e-01 -2.420720e-02
7.401449e+00 2.023460e-01 -3.134303e-02
7.401449e+00 2.834245e-01 -3.676926e-02
7.401449e+00 3.967448e-01 -3.874863e-02
7.401449e+00 5.552783e-01 -3.726752e-02
7.401449e+00 7.774819e-01 -3.326113e-02
7.401449e+00 1.088445e+00 -2.796292e-02
7.401449e+00 1.523711e+00 -2.416037e-02
7.401449e+00 2.088426e+00 -2.326635e-02
7.401449e+00 2.685505e+00 -2.179092e-02
7.569477e+00 1.570796e-02 -3.385298e-04
7.569477e+00 2.346256e-02 -8.104197e-04
7.569477e+00 3.503514e-02 -1.970620e-03
7.569477e+00 5.263151e-02 -4.974672e-03
7.569477e+00 7.314235e-02 -9.329664e-03
7.569477e+00 1.025928e-01 -1.529817e-02
7.569477e+00 1.448116e-01 -2.216293e-02
7.569477e+00 2.023460e-01 -2.941716e-02
7.569477e+00 2.834245e-01 -3.539636e-02
7.569477e+00 3.967448e-01 -3.809684e-02
7.569477e+00 5.552783e-01 -3.729300e-02
7.569477e+00 7.774819e-01 -3.366659e-02
7.569477e+00 1.088445e+00 -2.849932e-02
7.569477e+00 1.523711e+00 -2.468499e-02
7.569477e+00 2.088426e+00 -2.368946e-02
7.569477e+00 2.685505e+00 -2.199908e-02
7.740867e+00 1.570796e-02 -2.992359e-04
7.740867e+00 2.346256e-02 -7.235076e-04
7.740867e+00 3.503514e-02 -1.754050e-03
7.740867e+00 5.263151e-02 -4.424025e-03
7.740867e+00 7.314235e-02 -8.276771e-03
7.740867e+00 1.025928e-01 -1.365984e-02
7.740867e+00 1.448116e-01 -2.005096e-02
7.740867e+00 2.023460e-01 -2.719218e-02
7.740867e+00 2.834245e-01 -3.353523e-02
7.740867e+00 3.967448e-01 -3.685963e-02
7.740867e+00 5.552783e-01 -3.671465e-02
7.740867e+00 7.774819e-01 -3.354610e-02
7.740867e+00 1.088445e+00 -2.865779e-02
7.740867e+00 1.523711e+00 -2.494306e-02
7.740867e+00 2.088426e+00 -2.396388e-02
7.740867e+00 2.685505e+00 -2.219833e-02
7.915684e+00 1.570796e-02 -2.650259e-04
7.915684e+00 2.346256e-02 -6.423896e-04
7.915684e+00 3.503514e-02 -1.558840e-03
7.915684e+00 5.263151e-02 -3.922532e-03
7.915684e+00 7.314235e-02 -7.326047e-03
7.915684e+00 1.025928e-01 -1.213702e-02
7.915684e+00 1.448116e-01 -1.798945e-02
7.915684e+00 2.023460e-01 -2.487048e-02
7.915684e+00 2.834245e-01 -3.135806e-02
7.915684e+00 3.967448e-01 -3.521527e-02
7.915684e+00 5.552783e-01 -3.566945e-02
7.915684e+00 7.774819e-01 -3.300968e-02
7.915684e+00 1.088445e+00 -2.849647e-02
7.915684e+00 1.523711e+00 -2.493528e-02
7.915684e+00 2.088426e+00 -2.396046e-02
7.915684e+00 2.685505e+00 -2.209897e-02
8.093998e+00 1.570796e-02 -2.342138e-04
8.093998e+00 2.346256e-02 -5.699505e-04
8.093998e+00 3.503514e-02 -1.382196e-03
8.093998e+00 5.263151e-02 -3.469993e-03
8.093998e+00 7.314235e-02 -6.482302e-03
8.093998e+00 1.025928e-01 -1.075889e-02
8.093998e+00 1.448116e-01 -1.603786e-02
8.093998e+00 2.023460e-01 -2.254512e-02
8.093998e+00 2.834245e-01 -2.897844e-02
8.093998e+00 3.967448e-01 -3.324399e-02
8.093998e+00 5.552783e-01 -3.425792e-02
8.093998e+00 7.774819e-01 -3.214871e-02
8.093998e+00 1.088445e+00 -2.804793e-02
8.093998e+00 1.523711e+00 -2.470322e-02
8.093998e+00 2.088426e+00 -2.375691e-02
8.093998e+00 2.685505e+00 -2.176771e-02
8.275878e+00 1.570796e-02 -2.066710e-04
8.275878e+00 2.346256e-02 -5.042791e-04
8.275878e+00 3.503514e-02 -1.222491e-03
8.275878e+00 5.263151e-02 -3.061060e-03
8.275878e+00 7.314235e-02 -5.722849e-03
8.275878e+00 1.025928e-01 -9.503239e-03
8.275878e+00 1.448116e-01 -1.422202e-02
8.275878e+00 2.023460e-01 -2.026403e-02
8.275878e+00 2.834245e-01 -2.649881e-02
8.275878e+00 3.967448e-01 -3.102249e-02
8.275878e+00 5.552783e-01 -3.252985e-02
8.275878e+00 7.774819e-01 -3.094747e-02
8.275878e+00 1.088445e+00 -2.732658e-02
8.275878e+00 1.523711e+00 -2.428433e-02
8.275878e+00 2.088426e+00 -2.340927e-02
8.275878e+00 2.685505e+00 -2.135278e-02
8.461396e+00 1.570796e-02 -1.817666e-04
8.461396e+00 2.346256e-02 -4.439212e-04
8.461396e+00 3.503514e-02 -1.076306e-03
8.461396e+00 5.263151e-02 -2.693041e-03
8.461396e+00 7.314235e-02 -5.037583e-03
8.461396e+00 1.025928e-01 -8.381145e-03
8.461396e+00 1.448116e-01 -1.256223e-02
8.461396e+00 2.023460e-01 -1.809360e-02
8.461396e+00 2.834245e-01 -2.400402e-02
8.461396e+00 3.967448e-01 -2.864762e-02
8.461396e+00 5.552783e-01 -3.055915e-02
8.461396e+00 7.774819e-01 -2.949930e-02
8.461396e+00 1.088445e+00 -2.637657e-02
8.461396e+00 1.523711e+00 -2.365151e-02
8.461396e+00 2.088426e+00 -2.287545e-02
8.461396e+00 2.685505e+00 -2.072747e-02
8.650623e+00 1.570796e-02 -1.592884e-04
8.650623e+00 2.346256e-02 -3.893760e-04
8.650623e+00 3.503514e-02 -9.448610e-04
8.650623e+00 5.263151e-02 -2.363656e-03
8.650623e+00 7.314235e-02 -4.428988e-03
8.650623e+00 1.025928e-01 -7.362956e-03
8.650623e+00 1.448116e-01 -1.104901e-02
8.650623e+00 2.023460e-01 -1.605773e-02
8.650623e+00 2.834245e-01 -2.157164e-02
8.650623e+00 3.967448e-01 -2.620606e-02
8.650623e+00 5.552783e-01 -2.844810e-02
8.650623e+00 7.774819e-01 -2.787328e-02
8.650623e+00 1.088445e+00 -2.524745e-02
8.650623e+00 1.523711e+00 -2.286759e-02
8.650623e+00 2.088426e+00 -2.217316e-02
8.650623e+00 2.685505e+00 -1.997995e-02
8.843636e+00 1.570796e-02 -1.390994e-04
8.843636e+00 2.346256e-02 -3.411192e-04
8.843636e+00 3.503514e-02 -8.268640e-04
8.843636e+00 5.263151e-02 -2.067742e-03
8.843636e+00 7.314235e-02 -3.875076e-03
8.843636e+00 1.025928e-01 -6.452833e-03
8.843636e+00 1.448116e-01 -9.689547e-03
8.843636e+00 2.023460e-01 -1.417253e-02
8.843636e+00 2.834245e-01 -1.925429e-02
8.843636e+00 3.967448e-01 -2.376080e-02
8.843636e+00 5.552783e-01 -2.624844e-02
8.843636e+00 7.774819e-01 -2.609996e-02
8.843636e+00 1.088445e+00 -2.398893e-02
8.843636e+00 1.523711e+00 -2.197662e-02
8.843636e+00 2.088426e+00 -2.141535e-02
8.843636e+00 2.685505e+00 -1.918242e-02
9.040509e+00 1.570796e-02 -1.213186e-04
9.040509e+00 2.346256e-02 -2.973955e-04
9.040509e+00 3.503514e-02 -7.212741e-04
9.040509e+00 5.263151e-02 -1.800353e-03
9.040509e+00 7.314235e-02 -3.376651e-03
9.040509e+00 1.025928e-01 -5.626332e-03
9.040509e+00 1.448116e-01 -8.467098e-03
9.040509e+00 2.023460e-01 -1.244111e-02
9.040509e+00 2.834245e-01 -1.707612e-02
9.040509e+00 3.967448e-01 -2.136878e-02
9.040509e+00 5.552783e-01 -2.400187e-02
9.040509e+00 7.774819e-01 -2.423073e-02
9.040509e+00 1.088445e+00 -2.258521e-02
9.040509e+00 1.523711e+00 -2.097345e-02
9.040509e+00 2.088426e+00 -2.055834e-02
9.040509e+00 2.685505e+00 -1.834741e-02
9.241319e+00 1.570796e-02 -1.052920e-04
9.241319e+00 2.346256e-02 -2.576865e-04
9.241319e+00 3.503514e-02 -6.277702e-04
9.241319e+00 5.263151e-02 -1.564136e-03
9.241319e+00 7.314235e-02 -2.932493e-03
9.241319e+00 1.025928e-01 -4.890479e-03
9.241319e+00 1.448116e-01 -7.374755e-03
9.241319e+00 2.023460e-01 -1.087700e-02
9.241319e+00 2.834245e-01 -1.505773e-02
9.241319e+00 3.967448e-01 -1.907947e-02
9.241319e+00 5.552783e-01 -2.176527e-02
9.241319e+00 7.774819e-01 -2.232122e-02
9.241319e+00 1.088445e+00 -2.108129e-02
9.241319e+00 1.523711e+00 -1.982982e-02
9.241319e+00 2.088426e+00 -1.950892e-02
9.241319e+00 2.685505e+00 -1.728436e-02
9.446145e+00 1.570796e-02 -9.158853e-05
9.446145e+00 2.346256e-02 -2.217334e-04
9.446145e+00 3.503514e-02 -5.429280e-04
9.446145e+00 5.263151e-02 -1.358265e-03
9.446145e+00 7.314235e-02 -2.541098e-03
9.446145e+00 1.025928e-01 -4.235252e-03
9.446145e+00 1.448116e-01 -6.403659e-03
9.446145e+00 2.023460e-01 -9.464888e-03
9.446145e+00 2.834245e-01 -1.320537e-02
9.446145e+00 3.967448e-01 -1.691290e-02
9.446145e+00 5.552783e-01 -1.958339e-02
9.446145e+00 7.774819e-01 -2.038612e-02
9.446145e+00 1.088445e+00 -1.953316e-02
9.446145e+00 1.523711e+00 -1.858651e-02
9.446145e+00 2.088426e+00 -1.834316e-02
9.446145e+00 2.685505e+00 -1.616206e-02
9.655068e+00 1.570796e-02 -7.903792e-05
9.655068e+00 2.346256e-02 -1.895663e-04
9.655068e+00 3.503514e-02 -4.674677e-04
9.655068e+00 5.263151e-02 -1.170693e-03
9.655068e+00 7.314235e-02 -2.188370e-03
9.655068e+00 1.025928e-01 -3.653662e-03
9.655068e+00 1.448116e-01 -5.523396e-03
9.655068e+00 2.023460e-01 -8.182736e-03
9.655068e+00 2.834245e-01 -1.148451e-02
9.655068e+00 3.967448e-01 -1.485555e-02
9.655068e+00 5.552783e-01 -1.743974e-02
9.655068e+00 7.774819e-01 -1.844739e-02
9.655068e+00 1.088445e+00 -1.793829e-02
9.655068e+00 1.523711e+00 -1.734661e-02
9.655068e+00 2.088426e+00 -1.729125e-02
9.655068e+00 2.685505e+00 -1.522092e-02
9.868170e+00 1.570796e-02 -6.806412e-05
9.868170e+00 2.346256e-02 -1.616915e-04
9.868170e+00 3.503514e-02 -4.009917e-04
9.868170e+00 5.263151e-02 -1.005249e-03
9.868170e+00 7.314235e-02 -1.881509e-03
9.868170e+00 1.025928e-01 -3.136720e-03
9.868170e+00 1.448116e-01 -4.744415e-03
9.868170e+00 2.023460e-01 -7.049426e-03
9.868170e+00 2.834245e-01 -9.939858e-03
9.868170e+00 3.967448e-01 -1.297434e-02
9.868170e+00 5.552783e-01 -1.542742e-02
9.868170e+00 7.774819e-01 -1.658254e-02
9.868170e+00 1.088445e+00 -1.637211e-02
9.868170e+00 1.523711e+00 -1.607371e-02
9.868170e+00 2.088426e+00 -1.613961e-02
9.868170e+00 2.685505e+00 -1.420232e-02
1.008553e+01 1.570796e-02 -5.801816e-05
1.008553e+01 2.346256e-02 -1.380288e-04
1.008553e+01 3.503514e-02 -3.435646e-04
1.008553e+01 5.263151e-02 -8.607305e-04
1.008553e+01 7.314235e-02 -1.609425e-03
1.008553e+01 1.025928e-01 -2.682158e-03
1.008553e+01 1.448116e-01 -4.063701e-03
1.008553e+01 2.023460e-01 -6.049214e-03
1.008553e+01 2.834245e-01 -8.555813e-03
1.008553e+01 3.967448e-01 -1.125859e-02
1.008553e+01 5.552783e-01 -1.354420e-02
1.008553e+01 7.774819e-01 -1.478165e-02
1.008553e+01 1.088445e+00 -1.482273e-02
1.008553e+01 1.523711e+00 -1.477896e-02
1.008553e+01 2.088426e+00 -1.494678e-02
1.008553e+01 2.685505e+00 -1.312804e-02
1.030724e+01 1.570796e-02 -4.910797e-05
1.030724e+01 2.346256e-02 -1.170659e-04
1.030724e+01 3.503514e-02 -2.925191e-04
1.030724e+01 5.263151e-02 -7.330195e-04
1.030724e+01 7.314235e-02 -1.369298e-03
1.030724e+01 1.025928e-01 -2.282517e-03
1.030724e+01 1.448116e-01 -3.462713e-03
1.030724e+01 2.023460e-01 -5.157515e-03
1.030724e+01 2.834245e-01 -7.323841e-03
1.030724e+01 3.967448e-01 -9.704612e-03
1.030724e+01 5.552783e-01 -1.180443e-02
1.030724e+01 7.774819e-01 -1.307609e-02
1.030724e+01 1.088445e+00 -1.332689e-02
1.030724e+01 1.523711e+00 -1.349560e-02
1.030724e+01 2.088426e+00 -1.378124e-02
1.030724e+01 2.685505e+00 -1.212043e-02
1.053339e+01 1.570796e-02 -4.167047e-05
1.053339e+01 2.346256e-02 -9.929463e-05
1.053339e+01 3.503514e-02 -2.473514e-04
1.053339e+01 5.263151e-02 -6.219294e-04
1.053339e+01 7.314235e-02 -1.161245e-03
1.053339e+01 1.025928e-01 -1.934721e-03
1.053339e+01 1.448116e-01 -2.937133e-03
1.053339e+01 2.023460e-01 -4.380222e-03
1.053339e+01 2.834245e-01 -6.235498e-03
1.053339e+01 3.967448e-01 -8.315853e-03
1.053339e+01 5.552783e-01 -1.021294e-02
1.053339e+01 7.774819e-01 -1.148591e-02
1.053339e+01 1.088445e+00 -1.190387e-02
1.053339e+01 1.523711e+00 -1.225666e-02
1.053339e+01 2.088426e+00 -1.263704e-02
1.053339e+01 2.685505e+00 -1.110994e-02
1.076406e+01 1.570796e-02 -3.517083e-05
1.076406e+01 2.346256e-02 -8.310785e-05
1.076406e+01 3.503514e-02 -2.080406e-04
1.076406e+01 5.263151e-02 -5.257340e-04
1.076406e+01 7.314235e-02 -9.780629e-04
1.076406e+01 1.025928e-01 -1.632091e-03
1.076406e+01 1.448116e-01 -2.478109e-03
1.076406e+01 2.023460e-01 -3.703634e-03
1.076406e+01 2.834245e-01 -5.284581e-03
1.076406e+01 3.967448e-01 -7.086480e-03
1.076406e+01 5.552783e-01 -8.784346e-03
1.076406e+01 7.774819e-01 -1.001539e-02
1.076406e+01 1.088445e+00 -1.054918e-02
1.076406e+01 1.523711e+00 -1.104181e-02
1.076406e+01 2.088426e+00 -1.150515e-02
1.076406e+01 2.685505e+00 -1.013132e-02
1.099934e+01 1.570796e-02 -2.947153e-05
1.099934e+01 2.346256e-02 -6.919731e-05
1.099934e+01 3.503514e-02 -1.741151e-04
1.099934e+01 5.263151e-02 -4.415181e-04
1.099934e+01 7.314235e-02 -8.203630e-04
1.099934e+01 1.025928e-01 -1.370010e-03
1.099934e+01 1.448116e-01 -2.083211e-03
1.099934e+01 2.023460e-01 -3.115194e-03
1.099934e+01 2.834245e-01 -4.449995e-03
1.099934e+01 3.967448e-01 -5.999618e-03
1.099934e+01 5.552783e-01 -7.497056e-03
1.099934e+01 7.774819e-01 -8.668553e-03
1.099934e+01 1.088445e+00 -9.290082e-03
1.099934e+01 1.523711e+00 -9.883941e-03
1.099934e+01 2.088426e+00 -1.040671e-02
1.099934e+01 2.685505e+00 -9.171250e-03
1.123932e+01 1.570796e-02 -2.448622e-05
1.123932e+01 2.346256e-02 -5.711360e-05
1.123932e+01 3.503514e-02 -1.451102e-04
1.123932e+01 5.263151e-02 -3.687752e-04
1.123932e+01 7.314235e-02 -6.846407e-04
1.123932e+01 1.025928e-01 -1.143908e-03
1.123932e+01 1.448116e-01 -1.740097e-03
1.123932e+01 2.023460e-01 -2.603271e-03
1.123932e+01 2.834245e-01 -3.729046e-03
1.123932e+01 3.967448e-01 -5.041734e-03
1.123932e+01 5.552783e-01 -6.351047e-03
1.123932e+01 7.774819e-01 -7.452678e-03
1.123932e+01 1.088445e+00 -8.119806e-03
1.123932e+01 1.523711e+00 -8.802807e-03
1.123932e+01 2.088426e+00 -9.366834e-03
1.123932e+01 2.685505e+00 -8.308150e-03
1.148411e+01 1.570796e-02 -2.036080e-05
1.148411e+01 2.346256e-02 -4.729476e-05
1.148411e+01 3.503514e-02 -1.201692e-04
1.148411e+01 5.263151e-02 -3.070401e-04
1.148411e+01 7.314235e-02 -5.691179e-04
1.148411e+01 1.025928e-01 -9.506059e-04
1.148411e+01 1.448116e-01 -1.447332e-03
1.148411e+01 2.023460e-01 -2.166650e-03
1.148411e+01 2.834245e-01 -3.108822e-03
1.148411e+01 3.967448e-01 -4.213368e-03
1.148411e+01 5.552783e-01 -5.350100e-03
1.148411e+01 7.774819e-01 -6.367392e-03
1.148411e+01 1.088445e+00 -7.054956e-03
1.148411e+01 1.523711e+00 -7.774915e-03
1.148411e+01 2.088426e+00 -8.382594e-03
1.148411e+01 2.685505e+00 -7.447873e-03
1.173379e+01 1.570796e-02 -1.677903e-05
1.173379e+01 2.346256e-02 -3.910505e-05
1.173379e+01 3.503514e-02 -9.892297e-05
1.173379e+01 5.263151e-02 -2.534766e-04
1.173379e+01 7.314235e-02 -4.709004e-04
1.173379e+01 1.025928e-01 -7.856963e-04
1.173379e+01 1.448116e-01 -1.195992e-03
1.173379e+01 2.023460e-01 -1.790647e-03
1.173379e+01 2.834245e-01 -2.577383e-03
1.173379e+01 3.967448e-01 -3.500193e-03
1.173379e+01 5.552783e-01 -4.476694e-03
1.173379e+01 7.774819e-01 -5.401030e-03
1.173379e+01 1.088445e+00 -6.080395e-03
1.173379e+01 1.523711e+00 -6.810423e-03
1.173379e+01 2.088426e+00 -7.412670e-03
1.173379e+01 2.685505e+00 -6.632881e-03
1.198847e+01 1.570796e-02 -1.369905e-05
1.198847e+01 2.346256e-02 -3.191560e-05
1.198847e+01 3.503514e-02 -8.123911e-05
1.198847e+01 5.263151e-02 -2.078537e-04
1.198847e+01 7.314235e-02 -3.854430e-04
1.198847e+01 1.025928e-01 -6.430889e-04
1.198847e+01 1.448116e-01 -9.821708e-04
1.198847e+01 2.023460e-01 -1.471580e-03
1.198847e+01 2.834245e-01 -2.117700e-03
1.198847e+01 3.967448e-01 -2.887123e-03
1.198847e+01 5.552783e-01 -3.715617e-03
1.198847e+01 7.774819e-01 -4.542377e-03
1.198847e+01 1.088445e+00 -5.199567e-03
1.198847e+01 1.523711e+00 -5.927868e-03
1.198847e+01 2.088426e+00 -6.542060e-03
1.198847e+01 2.685505e+00 -5.908558e-03
1.224824e+01 1.570796e-02 -1.124620e-05
1.224824e+01 2.346256e-02 -2.600556e-05
1.224824e+01 3.503514e-02 -6.593335e-05
1.224824e+01 5.263151e-02 -1.697766e-04
1.224824e+01 7.314235e-02 -3.147415e-04
1.224824e+01 1.025928e-01 -5.256028e-04
1.224824e+01 1.448116e-01 -8.033470e-04
1.224824e+01 2.023460e-01 -1.202469e-03
1.224824e+01 2.834245e-01 -1.734217e-03
1.224824e+01 3.967448e-01 -2.372085e-03
1.224824e+01 5.552783e-01 -3.073019e-03
1.224824e+01 7.774819e-01 -3.803338e-03
1.224824e+01 1.088445e+00 -4.432734e-03
1.224824e+01 1.523711e+00 -5.140725e-03
1.224824e+01 2.088426e+00 -5.750482e-03
1.224824e+01 2.685505e+00 -5.217615e-03
1.251320e+01 1.570796e-02 -9.141551e-06
1.251320e+01 2.346256e-02 -2.107317e-05
1.251320e+01 3.503514e-02 -5.337462e-05
1.251320e+01 5.263151e-02 -1.381687e-04
1.251320e+01 7.314235e-02 -2.558109e-04
1.251320e+01 1.025928e-01 -4.264287e-04
1.251320e+01 1.448116e-01 -6.537029e-04
1.251320e+01 2.023460e-01 -9.765367e-04
1.251320e+01 2.834245e-01 -1.412139e-03
1.251320e+01 3.967448e-01 -1.935516e-03
1.251320e+01 5.552783e-01 -2.523913e-03
1.251320e+01 7.774819e-01 -3.162841e-03
1.251320e+01 1.088445e+00 -3.747159e-03
1.251320e+01 1.523711e+00 -4.425860e-03
1.251320e+01 2.088426e+00 -5.001978e-03
1.251320e+01 2.685505e+00 -4.558123e-03
1.278347e+01 1.570796e-02 -7.407012e-06
1.278347e+01 2.346256e-02 -1.715039e-05
1.278347e+01 3.503514e-02 -4.299031e-05
1.278347e+01 5.263151e-02 -1.116001e-04
1.278347e+01 7.314235e-02 -2.058140e-04
1.278347e+01 1.025928e-01 -3.447689e-04
1.278347e+01 1.448116e-01 -5.275553e-04
1.278347e+01 2.023460e-01 -7.889065e-04
1.278347e+01 2.834245e-01 -1.141979e-03
1.278347e+01 3.967448e-01 -1.569637e-03
1.278347e+01 5.552783e-01 -2.057324e-03
1.278347e+01 7.774819e-01 -2.609526e-03
1.278347e+01 1.088445e+00 -3.144279e-03
1.278347e+01 1.523711e+00 -3.778309e-03
1.278347e+01 2.088426e+00 -4.317624e-03
1.278347e+01 2.685505e+00 -3.949357e-03
1.305914e+01 1.570796e-02 -5.973529e-06
1.305914e+01 2.346256e-02 -1.361136e-05
1.305914e+01 3.503514e-02 -3.446118e-05
1.305914e+01 5.263151e-02 -8.974214e-05
1.305914e+01 7.314235e-02 -1.649088e-04
1.305914e+01 1.025928e-01 -2.767251e-04
1.305914e+01 1.448116e-01 -4.228012e-04
1.305914e+01 2.023460e-01 -6.347248e-04
1.305914e+01 2.834245e-01 -9.179501e-04
1.305914e+01 3.967448e-01 -1.266105e-03
1.305914e+01 5.552783e-01 -1.667820e-03
1.305914e+01 7.774819e-01 -2.140932e-03
1.305914e+01 1.088445e+00 -2.621724e-03
1.305914e+01 1.523711e+00 -3.200883e-03
1.305914e+01 2.088426e+00 -3.703592e-03
1.305914e+01 2.685505e+00 -3.402158e-03
1.334032e+01 1.570796e-02 -4.767286e-06
1.334032e+01 2.346256e-02 -1.068706e-05
1.334032e+01 3.503514e-02 -2.763152e-05
1.334032e+01 5.263151e-02 -7.118500e-05
1.334032e+01 7.314235e-02 -1.316554e-04
1.334032e+01 1.025928e-01 -2.207284e-04
1.334032e+01 1.448116e-01 -3.378284e-04
1.334032e+01 2.023460e-01 -5.072258e-04
1.334032e+01 2.834245e-01 -7.340674e-04
1.334032e+01 3.967448e-01 -1.015771e-03
1.334032e+01 5.552783e-01 -1.345729e-03
1.334032e+01 7.774819e-01 -1.746608e-03
1.334032e+01 1.088445e+00 -2.176496e-03
1.334032e+01 1.523711e+00 -2.698326e-03
1.334032e+01 2.088426e+00 -3.157344e-03
1.334032e+01 2.685505e+00 -2.919139e-03
1.362713e+01 1.570796e-02 -3.801788e-06
1.362713e+01 2.346256e-02 -8.503369e-06
1.362713e+01 3.503514e-02 -2.189411e-05
1.362713e+01 5.263151e-02 -5.644252e-05
1.362713e+01 7.314235e-02 -1.044703e-04
1.362713e+01 1.025928e-01 -1.747822e-04
1.362713e+01 1.448116e-01 -2.680637e-04
1.362713e+01 2.023460e-01 -4.030891e-04
1.362713e+01 2.834245e-01 -5.837038e-04
1.362713e+01 3.967448e-01 -8.097654e-04
1.362713e+01 5.552783e-01 -1.079237e-03
1.362713e+01 7.774819e-01 -1.413123e-03
1.362713e+01 1.088445e+00 -1.791380e-03
1.362713e+01 1.523711e+00 -2.255758e-03
1.362713e+01 2.088426e+00 -2.666349e-03
1.362713e+01 2.685505e+00 -2.473166e-03
1.391967e+01 1.570796e-02 -2.991613e-06
1.391967e+01 2.346256e-02 -6.585568e-06
1.391967e+01 3.503514e-02 -1.713172e-05
1.391967e+01 5.263151e-02 -4.400687e-05
1.391967e+01 7.314235e-02 -8.200327e-05
1.391967e+01 1.025928e-01 -1.377300e-04
1.391967e+01 1.448116e-01 -2.107472e-04
1.391967e+01 2.023460e-01 -3.173715e-04
1.391967e+01 2.834245e-01 -4.598945e-04
1.391967e+01 3.967448e-01 -6.393608e-04
1.391967e+01 5.552783e-01 -8.564761e-04
1.391967e+01 7.774819e-01 -1.133424e-03
1.391967e+01 1.088445e+00 -1.456056e-03
1.391967e+01 1.523711e+00 -1.864013e-03
1.391967e+01 2.088426e+00 -2.225051e-03
1.391967e+01 2.685505e+00 -2.067590e-03
1.421806e+01 1.570796e-02 -2.362359e-06
1.421806e+01 2.346256e-02 -5.065943e-06
1.421806e+01 3.503514e-02 -1.334433e-05
1.421806e+01 5.263151e-02 -3.441772e-05
1.421806e+01 7.314235e-02 -6.390456e-05
1.421806e+01 1.025928e-01 -1.077730e-04
1.421806e+01 1.448116e-01 -1.648297e-04
1.421806e+01 2.023460e-01 -2.474814e-04
1.421806e+01 2.834245e-01 -3.598121e-04
1.421806e+01 3.967448e-01 -5.005096e-04
1.421806e+01 5.552783e-01 -6.753157e-04
1.421806e+01 7.774819e-01 -9.023477e-04
1.421806e+01 1.088445e+00 -1.175356e-03
1.421806e+01 1.523711e+00 -1.526409e-03
1.421806e+01 2.088426e+00 -1.841056e-03
1.421806e+01 2.685505e+00 -1.712244e-03
1.452242e+01 1.570796e-02 -1.856637e-06
1.452242e+01 2.346256e-02 -3.930116e-06
1.452242e+01 3.503514e-02 -1.030268e-05
1.452242e+01 5.263151e-02 -2.658021e-05
1.452242e+01 7.314235e-02 -4.933295e-05
1.452242e+01 1.025928e-01 -8.330515e-05
1.452242e+01 1.448116e-01 -1.278594e-04
1.452242e+01 2.023460e-01 -1.923347e-04
1.452242e+01 2.834245e-01 -2.797242e-04
1.452242e+01 3.967448e-01 -3.891508e-04
1.452242e+01 5.552783e-01 -5.289288e-04
1.452242e+01 7.774819e-01 -7.127424e-04
1.452242e+01 1.088445e+00 -9.409709e-04
1.452242e+01 1.523711e+00 -1.238005e-03
1.452242e+01 2.088426e+00 -1.504763e-03
1.452242e+01 2.685505e+00 -1.395978e-03
1.483287e+01 1.570796e-02 -1.440261e-06
1.483287e+01 2.346256e-02 -2.989279e-06
1.483287e+01 3.503514e-02 -7.746649e-06
1.483287e+01 5.263151e-02 -2.045942e-05
1.483287e+01 7.314235e-02 -3.800523e-05
1.483287e+01 1.025928e-01 -6.382377e-05
1.483287e+01 1.448116e-01 -9.810156e-05
1.483287e+01 2.023460e-01 -1.478424e-04
1.483287e+01 2.834245e-01 -2.151665e-04
1.483287e+01 3.967448e-01 -2.991742e-04
1.483287e+01 5.552783e-01 -4.095561e-04
1.483287e+01 7.774819e-01 -5.569030e-04
1.483287e+01 1.088445e+00 -7.434465e-04
1.483287e+01 1.523711e+00 -9.895578e-04
1.483287e+01 2.088426e+00 -1.212084e-03
1.483287e+01 2.685505e+00 -1.122638e-03
1.514953e+01 1.570796e-02 -1.098996e-06
1.514953e+01 2.346256e-02 -2.249096e-06
1.514953e+01 3.503514e-02 -5.908464e-06
1.514953e+01 5.263151e-02 -1.555366e-05
1.514953e+01 7.314235e-02 -2.871796e-05
1.514953e+01 1.025928e-01 -4.807751e-05
1.514953e+01 1.448116e-01 -7.470255e-05
1.514953e+01 2.023460e-01 -1.125008e-04
1.514953e+01 2.834245e-01 -1.636529e-04
1.514953e+01 3.967448e-01 -2.285542e-04
1.514953e+01 5.552783e-01 -3.141060e-04
1.514953e+01 7.774819e-01 -4.322013e-04
1.514953e+01 1.088445e+00 -5.813988e-04
1.514953e+01 1.523711e+00 -7.833244e-04
1.514953e+01 2.088426e+00 -9.677443e-04
1.514953e+01 2.685505e+00 -8.983588e-04
1.547252e+01 1.570796e-02 -8.391434e-07
1.547252e+01 2.346256e-02 -1.656946e-06
1.547252e+01 3.503514e-02 -4.432438e-06
1.547252e+01 5.263151e-02 -1.171363e-05
1.547252e+01 7.314235e-02 -2.146181e-05
1.547252e+01 1.025928e-01 -3.599116e-05
1.547252e+01 1.448116e-01 -5.591991e-05
1.547252e+01 2.023460e-01 -8.460820e-05
1.547252e+01 2.834245e-01 -1.229829e-04
1.547252e+01 3.967448e-01 -1.723729e-04
1.547252e+01 5.552783e-01 -2.379937e-04
1.547252e+01 7.774819e-01 -3.301459e-04
1.547252e+01 1.088445e+00 -4.476055e-04
1.547252e+01 1.523711e+00 -6.095034e-04
1.547252e+01 2.088426e+00 -7.577078e-04
1.547252e+01 2.685505e+00 -7.019585e-04
1.580197e+01 1.570796e-02 -6.258138e-07
1.580197e+01 2.346256e-02 -1.217292e-06
1.580197e+01 3.503514e-02 -3.289278e-06
1.580197e+01 5.263151e-02 -8.643123e-06
1.580197e+01 7.314235e-02 -1.569226e-05
1.580197e+01 1.025928e-01 -2.664590e-05
1.580197e+01 1.448116e-01 -4.138149e-05
1.580197e+01 2.023460e-01 -6.238750e-05
1.580197e+01 2.834245e-01 -9.080651e-05
1.580197e+01 3.967448e-01 -1.275191e-04
1.580197e+01 5.552783e-01 -1.771772e-04
1.580197e+01 7.774819e-01 -2.479588e-04
1.580197e+01 1.088445e+00 -3.377059e-04
1.580197e+01 1.523711e+00 -4.638776e-04
1.580197e+01 2.088426e+00 -5.796813e-04
1.580197e+01 2.685505e+00 -5.392747e-04
1.613801e+01 1.570796e-02 -4.563380e-07
1.613801e+01 2.346256e-02 -8.475059e-07
1.613801e+01 3.503514e-02 -2.429061e-06
1.613801e+01 5.263151e-02 -6.233826e-06
1.613801e+01 7.314235e-02 -1.130899e-05
1.613801e+01 1.025928e-01 -1.923201e-05
1.613801e+01 1.448116e-01 -2.976576e-05
1.613801e+01 2.023460e-01 -4.510570e-05
1.613801e+01 2.834245e-01 -6.575328e-05
1.613801e+01 3.967448e-01 -9.237181e-05
1.613801e+01 5.552783e-01 -1.288825e-04
1.613801e+01 7.774819e-01 -1.822623e-04
1.613801e+01 1.088445e+00 -2.495985e-04
1.613801e+01 1.523711e+00 -3.447202e-04
1.613801e+01 2.088426e+00 -4.340420e-04
1.613801e+01 2.685505e+00 -4.066596e-04
1.648077e+01 1.570796e-02 -3.312128e-07
1.648077e+01 2.346256e-02 -5.770919e-07
1.648077e+01 3.503514e-02 -1.734470e-06
1.648077e+01 5.263151e-02 -4.535212e-06
1.648077e+01 7.314235e-02 -8.099056e-06
1.648077e+01 1.025928e-01 -1.374615e-05
1.648077e+01 1.448116e-01 -2.124456e-05
1.648077e+01 2.023460e-01 -3.225824e-05
1.648077e+01 2.834245e-01 -4.709607e-05
1.648077e+01 3.967448e-01 -6.616711e-05
1.648077e+01 5.552783e-01 -9.317715e-05
1.648077e+01 7.774819e-01 -1.326989e-04
1.648077e+01 1.088445e+00 -1.828019e-04
1.648077e+01 1.523711e+00 -2.544626e-04
1.648077e+01 2.088426e+00 -3.215342e-04
1.648077e+01 2.685505e+00 -3.048747e-04
1.683038e+01 1.570796e-02 -2.394031e-07
1.683038e+01 2.346256e-02 -4.112026e-07
1.683038e+01 3.503514e-02 -1.220168e-06
1.683038e+01 5.263151e-02 -3.200013e-06
1.683038e+01 7.314235e-02 -5.799717e-06
1.683038e+01 1.025928e-01 -9.645435e-06
1.683038e+01 1.448116e-01 -1.506967e-05
1.683038e+01 2.023460e-01 -2.301225e-05
1.683038e+01 2.834245e-01 -3.348486e-05
1.683038e+01 3.967448e-01 -4.723357e-05
1.683038e+01 5.552783e-01 -6.693581e-05
1.683038e+01 7.774819e-01 -9.611938e-05
1.683038e+01 1.088445e+00 -1.330238e-04
1.683038e+01 1.523711e+00 -1.854707e-04
1.683038e+01 2.088426e+00 -2.364629e-04
1.683038e+01 2.685505e+00 -2.251407e-04
1.718699e+01 1.570796e-02 -1.725779e-07
1.718699e+01 2.346256e-02 -2.792908e-07
1.718699e+01 3.503514e-02 -8.636884e-07
1.718699e+01 5.263151e-02 -2.225946e-06
1.718699e+01 7.314235e-02 -4.045008e-06
1.718699e+01 1.025928e-01 -6.669385e-06
1.718699e+01 1.448116e-01 -1.050900e-05
1.718699e+01 2.023460e-01 -1.605072e-05
1.718699e+01 2.834245e-01 -2.349243e-05
1.718699e+01 3.967448e-01 -3.313106e-05
1.718699e+01 5.552783e-01 -4.710225e-05
1.718699e+01 7.774819e-01 -6.816676e-05
1.718699e+01 1.088445e+00 -9.455941e-05
1.718699e+01 1.523711e+00 -1.327371e-04
1.718699e+01 2.088426e+00 -1.698672e-04
1.718699e+01 2.685505e+00 -1.626317e-04
1.755073e+01 1.570796e-02 -1.228204e-07
1.755073e+01 2.346256e-02 -1.856679e-07
1.755073e+01 3.503514e-02 -5.909077e-07
1.755073e+01 5.263151e-02 -1.551875e-06
1.755073e+01 7.314235e-02 -2.799821e-06
1.755073e+01 1.025928e-01 -4.565802e-06
1.755073e+01 1.448116e-01 -7.230173e-06
1.755073e+01 2.023460e-01 -1.108529e-05
1.755073e+01 2.834245e-01 -1.621095e-05
1.755073e+01 3.967448e-01 -2.280815e-05
1.755073e+01 5.552783e-01 -3.253237e-05
1.755073e+01 7.774819e-01 -4.734558e-05
1.755073e+01 1.088445e+00 -6.575096e-05
1.755073e+01 1.523711e+00 -9.311948e-05
1.755073e+01 2.088426e+00 -1.205274e-04
1.755073e+01 2.685505e+00 -1.149985e-04
1.792175e+01 1.570796e-02 -8.824621e-08
1.792175e+01 2.346256e-02 -1.275659e-07
1.792175e+01 3.503514e-02 -3.935247e-07
1.792175e+01 5.263151e-02 -1.021976e-06
1.792175e+01 7.314235e-02 -1.844894e-06
1.792175e+01 1.025928e-01 -3.024127e-06
1.792175e+01 1.448116e-01 -4.775897e-06
1.792175e+01 2.023460e-01 -7.358761e-06
1.792175e+01 2.834245e-01 -1.081941e-05
1.792175e+01 3.967448e-01 -1.526346e-05
1.792175e+01 5.552783e-01 -2.194214e-05
1.792175e+01 7.774819e-01 -3.196657e-05
1.792175e+01 1.088445e+00 -4.457855e-05
1.792175e+01 1.523711e+00 -6.380431e-05
1.792175e+01 2.088426e+00 -8.286368e-05
1.792175e+01 2.685505e+00 -7.912637e-05
1.830018e+01 1.570796e-02 -5.813343e-08
1.830018e+01 2.346256e-02 -7.921517e-08
1.830018e+01 3.503514e-02 -2.588928e-07
1.830018e+01 5.263151e-02 -6.561246e-07
1.830018e+01 7.314235e-02 -1.199877e-06
1.830018e+01 1.025928e-01 -1.963206e-06
1.830018e+01 1.448116e-01 -3.117077e-06
1.830018e+01 2.023460e-01 -4.803074e-06
1.830018e+01 2.834245e-01 -7.032460e-06
1.830018e+01 3.967448e-01 -9.978119e-06
1.830018e+01 5.552783e-01 -1.445259e-05
1.830018e+01 7.774819e-01 -2.114762e-05
1.830018e+01 1.088445e+00 -2.944798e-05
1.830018e+01 1.523711e+00 -4.230910e-05
1.830018e+01 2.088426e+00 -5.524925e-05
1.830018e+01 2.685505e+00 -5.275803e-05
1.868618e+01 1.570796e-02 -3.912753e-08
1.868618e+01 2.346256e-02 -4.646323e-08
1.868618e+01 3.503514e-02 -1.651187e-07
1.868618e+01 5.263151e-02 -4.101884e-07
1.868618e+01 7.314235e-02 -7.584599e-07
1.868618e+01 1.025928e-01 -1.258060e-06
1.868618e+01 1.448116e-01 -1.957127e-06
1.868618e+01 2.023460e-01 -3.021862e-06
1.868618e+01 2.834245e-01 -4.464000e-06
1.868618e+01 3.967448e-01 -6.362353e-06
1.868618e+01 5.552783e-01 -9.273694e-06
1.868618e+01 7.774819e-01 -1.359684e-05
1.868618e+01 1.088445e+00 -1.926887e-05
1.868618e+01 1.523711e+00 -2.768711e-05
1.868618e+01 2.088426e+00 -3.605920e-05
1.868618e+01 2.685505e+00 -3.394128e-05
1.907991e+01 1.570796e-02 -2.406211e-08
1.907991e+01 2.346256e-02 -2.784207e-08
1.907991e+01 3.503514e-02 -9.776864e-08
1.907991e+01 5.263151e-02 -2.466997e-07
1.907991e+01 7.314235e-02 -4.570546e-07
1.907991e+01 1.025928e-01 -7.540816e-07
1.907991e+01 1.448116e-01 -1.206073e-06
1.907991e+01 2.023460e-01 -1.838923e-06
1.907991e+01 2.834245e-01 -2.707138e-06
1.907991e+01 3.967448e-01 -3.960872e-06
1.907991e+01 5.552783e-01 -5.772741e-06
1.907991e+01 7.774819e-01 -8.557489e-06
1.907991e+01 1.088445e+00 -1.215073e-05
1.907991e+01 1.523711e+00 -1.758440e-05
1.907991e+01 2.088426e+00 -2.296516e-05
1.907991e+01 2.685505e+00 -2.175314e-05
1.948151e+01 1.570796e-02 -1.441306e-08
1.948151e+01 2.346256e-02 -1.260406e-08
1.948151e+01 3.503514e-02 -5.839439e-08
1.948151e+01 5.263151e-02 -1.404246e-07
1.948151e+01 7.314235e-02 -2.586414e-07
1.948151e+01 1.025928e-01 -4.372770e-07
1.948151e+01 1.448116e-01 -7.032394e-07
1.948151e+01 2.023460e-01 -1.068890e-06
1.948151e+01 2.834245e-01 -1.609346e-06
1.948151e+01 3.967448e-01 -2.336853e-06
1.948151e+01 5.552783e-01 -3.436087e-06
1.948151e+01 7.774819e-01 -5.071302e-06
1.948151e+01 1.088445e+00 -7.328358e-06
1.948151e+01 1.523711e+00 -1.071097e-05
1.948151e+01 2.088426e+00 -1.389642e-05
1.948151e+01 2.685505e+00 -1.311155e-05
1.989114e+01 1.570796e-02 4.580647e-10
1.989114e+01 2.346256e-02 1.099043e-09
1.989114e+01 3.503514e-02 2.619828e-09
1.989114e+01 5.263151e-02 6.478325e-09
1.989114e+01 7.314235e-02 1.243696e-08
1.989114e+01 1.025928e-01 2.065710e-08
1.989114e+01 1.448116e-01 3.151620e-08
1.989114e+01 2.023460e-01 4.619434e-08
1.989114e+01 2.834245e-01 6.636852e-08
1.989114e+01 3.967448e-01 9.241381e-08
1.989114e+01 5.552783e-01 1.241332e-07
1.989114e+01 7.774819e-01 1.540791e-07
1.989114e+01 1.088445e+00 1.619465e-07
1.989114e+01 1.523711e+00 1.321957e-07
1.989114e+01 2.088426e+00 8.260912e-08
1.989114e+01 2.685505e+00 4.020120e-08
2.030896e+01 1.570796e-02 4.353970e-10
2.030896e+01 2.346256e-02 1.043505e-09
2.030896e+01 3.503514e-02 2.489936e-09
2.030896e+01 5.263151e-02 6.152774e-09
2.030896e+01 7.314235e-02 1.181478e-08
2.030896e+01 1.025928e-01 1.962372e-08
2.030896e+01 1.448116e-01 2.995006e-08
2.030896e+01 2.023460e-01 4.396755e-08
2.030896e+01 2.834245e-01 6.341767e-08
2.030896e+01 3.967448e-01 8.882390e-08
2.030896e+01 5.552783e-01 1.201882e-07
2.030896e+01 7.774819e-01 1.501553e-07
2.030896e+01 1.088445e+00 1.586926e-07
2.030896e+01 1.523711e+00 1.302454e-07
2.030896e+01 2.088426e+00 8.166172e-08
2.030896e+01 2.685505e+00 3.993772e-08
2.073514e+01 1.570796e-02 4.128394e-10
2.073514e+01 2.346256e-02 9.888648e-10
2.073514e+01 3.503514e-02 2.361286e-09
2.073514e+01 5.263151e-02 5.831316e-09
2.073514e+01 7.314235e-02 1.120095e-08
2.073514e+01 1.025928e-01 1.860672e-08
2.073514e+01 1.448116e-01 2.841553e-08
2.073514e+01 2.023460e-01 4.178279e-08
2.073514e+01 2.834245e-01 6.052986e-08
2.073514e+01 3.967448e-01 8.530590e-08
2.073514e+01 5.552783e-01 1.162719e-07
2.073514e+01 7.774819e-01 1.461465e-07
2.073514e+01 1.088445e+00 1.553368e-07
2.073514e+01 1.523711e+00 1.281876e-07
2.073514e+01 2.088426e+00 8.072563e-08
2.073514e+01 2.685505e+00 3.968827e-08
2.116984e+01 1.570796e-02 3.906075e-10
2.116984e+01 2.346256e-02 9.351688e-10
2.116984e+01 3.503514e-02 2.234522e-09
2.116984e+01 5.263151e-02 5.515742e-09
2.116984e+01 7.314235e-02 1.059882e-08
2.116984e+01 1.025928e-01 1.761057e-08
2.116984e+01 1.448116e-01 2.691563e-08
2.116984e+01 2.023460e-01 3.965776e-08
2.116984e+01 2.834245e-01 5.772446e-08
2.116984e+01 3.967448e-01 8.186695e-08
2.116984e+01 5.552783e-01 1.123789e-07
2.116984e+01 7.774819e-01 1.420590e-07
2.116984e+01 1.088445e+00 1.518656e-07
2.116984e+01 1.523711e+00 1.260919e-07
2.116984e+01 2.088426e+00 7.980957e-08
2.116984e+01 2.685505e+00 3.932592e-08
2.161324e+01 1.570796e-02 3.688002e-10
2.161324e+01 2.346256e-02 8.825714e-10
2.161324e+01 3.503514e-02 2.110581e-09
2.161324e+01 5.263151e-02 5.207399e-09
2.161324e+01 7.314235e-02 1.001127e-08
2.161324e+01 1.025928e-01 1.663916e-08
2.161324e+01 1.448116e-01 2.545260e-08
2.161324e+01 2.023460e-01 3.758903e-08
2.161324e+01 2.834245e-01 5.498974e-08
2.161324e+01 3.967448e-01 7.850375e-08
2.161324e+01 5.552783e-01 1.085039e-07
2.161324e+01 7.774819e-01 1.379376e-07
2.161324e+01 1.088445e+00 1.482565e-07
2.161324e+01 1.523711e+00 1.239535e-07
2.161324e+01 2.088426e+00 7.898314e-08
2.161324e+01 2.685505e+00 3.898390e-08
2.206550e+01 1.570796e-02 3.474591e-10
2.206550e+01 2.346256e-02 8.315564e-10
2.206550e+01 3.503514e-02 1.989566e-09
2.206550e+01 5.263151e-02 4.907068e-09
2.206550e+01 7.314235e-02 9.438185e-09
2.206550e+01 1.025928e-01 1.569321e-08
2.206550e+01 1.448116e-01 2.402822e-08
2.206550e+01 2.023460e-01 3.558498e-08
2.206550e+01 2.834245e-01 5.233413e-08
2.206550e+01 3.967448e-01 7.520262e-08
2.206550e+01 5.552783e-01 1.046381e-07
2.206550e+01 7.774819e-01 1.337564e-07
2.206550e+01 1.088445e+00 1.445779e-07
2.206550e+01 1.523711e+00 1.218528e-07
2.206550e+01 2.088426e+00 7.831705e-08
2.206550e+01 2.685505e+00 3.866493e-08
2.252681e+01 1.570796e-02 3.266626e-10
2.252681e+01 2.346256e-02 7.819777e-10
2.252681e+01 3.503514e-02 1.871754e-09
2.252681e+01 5.263151e-02 4.614998e-09
2.252681e+01 7.314235e-02 8.881887e-09
2.252681e+01 1.025928e-01 1.477477e-08
2.252681e+01 1.448116e-01 2.264626e-08
2.252681e+01 2.023460e-01 3.363178e-08
2.252681e+01 2.834245e-01 4.973315e-08
2.252681e+01 3.967448e-01 7.194976e-08
2.252681e+01 5.552783e-01 1.007611e-07
2.252681e+01 7.774819e-01 1.294448e-07
2.252681e+01 1.088445e+00 1.407552e-07
2.252681e+01 1.523711e+00 1.197523e-07
2.252681e+01 2.088426e+00 7.774291e-08
2.252681e+01 2.685505e+00 3.840988e-08
2.299735e+01 1.570796e-02 3.064599e-10
2.299735e+01 2.346256e-02 7.335885e-10
2.299735e+01 3.503514e-02 1.757085e-09
2.299735e+01 5.263151e-02 4.330885e-09
2.299735e+01 7.314235e-02 8.340850e-09
2.299735e+01 1.025928e-01 1.388150e-08
2.299735e+01 1.448116e-01 2.130230e-08
2.299735e+01 2.023460e-01 3.173382e-08
2.299735e+01 2.834245e-01 4.719820e-08
2.299735e+01 3.967448e-01 6.873284e-08
2.299735e+01 5.552783e-01 9.683384e-08
2.299735e+01 7.774819e-01 1.250270e-07
2.299735e+01 1.088445e+00 1.368305e-07
2.299735e+01 1.523711e+00 1.176953e-07
2.299735e+01 2.088426e+00 7.732948e-08
2.299735e+01 2.685505e+00 3.815678e-08
2.347730e+01 1.570796e-02 2.867493e-10
2.347730e+01 2.346256e-02 6.867218e-10
2.347730e+01 3.503514e-02 1.645484e-09
2.347730e+01 5.263151e-02 4.055401e-09
2.347730e+01 7.314235e-02 7.814917e-09
2.347730e+01 1.025928e-01 1.301276e-08
2.347730e+01 1.448116e-01 1.999595e-08
2.347730e+01 2.023460e-01 2.988741e-08
2.347730e+01 2.834245e-01 4.471861e-08
2.347730e+01 3.967448e-01 6.553933e-08
2.347730e+01 5.552783e-01 9.287285e-08
2.347730e+01 7.774819e-01 1.205047e-07
2.347730e+01 1.088445e+00 1.328022e-07
2.347730e+01 1.523711e+00 1.156358e-07
2.347730e+01 2.088426e+00 7.701619e-08
2.347730e+01 2.685505e+00 3.796010e-08
2.396684e+01 1.570796e-02 2.676727e-10
2.396684e+01 2.346256e-02 6.413261e-10
2.396684e+01 3.503514e-02 1.536915e-09
2.396684e+01 5.263151e-02 3.787745e-09
2.396684e+01 7.314235e-02 7.303732e-09
2.396684e+01 1.025928e-01 1.217114e-08
2.396684e+01 1.448116e-01 1.872655e-08
2.396684e+01 2.023460e-01 2.809191e-08
2.396684e+01 2.834245e-01 4.228684e-08
2.396684e+01 3.967448e-01 6.236634e-08
2.396684e+01 5.552783e-01 8.885904e-08
2.396684e+01 7.774819e-01 1.158803e-07
2.396684e+01 1.088445e+00 1.286840e-07
2.396684e+01 1.523711e+00 1.135327e-07
2.396684e+01 2.088426e+00 7.675593e-08
2.396684e+01 2.685505e+00 3.786485e-08
2.446618e+01 1.570796e-02 2.491473e-10
2.446618e+01 2.346256e-02 5.968374e-10
2.446618e+01 3.503514e-02 1.431354e-09
2.446618e+01 5.263151e-02 3.527418e-09
2.446618e+01 7.314235e-02 6.807148e-09
2.446618e+01 1.025928e-01 1.135253e-08
2.446618e+01 1.448116e-01 1.749370e-08
2.446618e+01 2.023460e-01 2.634212e-08
2.446618e+01 2.834245e-01 3.989654e-08
2.446618e+01 3.967448e-01 5.919759e-08
2.446618e+01 5.552783e-01 8.477012e-08
2.446618e+01 7.774819e-01 1.111013e-07
2.446618e+01 1.088445e+00 1.244223e-07
2.446618e+01 1.523711e+00 1.113994e-07
2.446618e+01 2.088426e+00 7.666268e-08
2.446618e+01 2.685505e+00 3.787429e-08
2.497550e+01 1.570796e-02 2.311367e-10
2.497550e+01 2.346256e-02 5.536544e-10
2.497550e+01 3.503514e-02 1.328963e-09
2.497550e+01 5.263151e-02 3.274781e-09
2.497550e+01 7.314235e-02 6.325509e-09
2.497550e+01 1.025928e-01 1.055725e-08
2.497550e+01 1.448116e-01 1.629308e-08
2.497550e+01 2.023460e-01 2.463391e-08
2.497550e+01 2.834245e-01 3.754122e-08
2.497550e+01 3.967448e-01 5.601817e-08
2.497550e+01 5.552783e-01 8.061547e-08
2.497550e+01 7.774819e-01 1.061873e-07
2.497550e+01 1.088445e+00 1.199803e-07
2.497550e+01 1.523711e+00 1.092177e-07
2.497550e+01 2.088426e+00 7.663440e-08
2.497550e+01 2.685505e+00 3.805304e-08
2.549501e+01 1.570796e-02 2.136560e-10
2.549501e+01 2.346256e-02 5.118091e-10
2.549501e+01 3.503514e-02 1.229401e-09
2.549501e+01 5.263151e-02 3.029624e-09
2.549501e+01 7.314235e-02 5.856707e-09
2.549501e+01 1.025928e-01 9.785377e-09
2.549501e+01 1.448116e-01 1.512516e-08
2.549501e+01 2.023460e-01 2.296264e-08
2.549501e+01 2.834245e-01 3.521028e-08
2.549501e+01 3.967448e-01 5.281876e-08
2.549501e+01 5.552783e-01 7.637668e-08
2.549501e+01 7.774819e-01 1.011463e-07
2.549501e+01 1.088445e+00 1.153811e-07
2.549501e+01 1.523711e+00 1.068945e-07
2.549501e+01 2.088426e+00 7.668011e-08
2.549501e+01 2.685505e+00 3.852858e-08
2.602491e+01 1.570796e-02 1.966613e-10
2.602491e+01 2.346256e-02 4.710772e-10
2.602491e+01 3.503514e-02 1.132358e-09
2.602491e+01 5.263151e-02 2.791392e-09
2.602491e+01 7.314235e-02 5.400378e-09
2.602491e+01 1.025928e-01 9.033441e-09
2.602491e+01 1.448116e-01 1.398645e-08
2.602491e+01 2.023460e-01 2.132496e-08
2.602491e+01 2.834245e-01 3.289575e-08
2.602491e+01 3.967448e-01 4.959788e-08
2.602491e+01 5.552783e-01 7.204585e-08
2.602491e+01 7.774819e-01 9.594697e-08
2.602491e+01 1.088445e+00 1.105853e-07
2.602491e+01 1.523711e+00 1.044071e-07
2.602491e+01 2.088426e+00 7.675955e-08
2.602491e+01 2.685505e+00 3.920884e-08
2.656541e+01 1.570796e-02 1.801355e-10
2.656541e+01 2.346256e-02 4.314938e-10
2.656541e+01 3.503514e-02 1.038063e-09
2.656541e+01 5.263151e-02 2.559773e-09
2.656541e+01 7.314235e-02 4.957472e-09
2.656541e+01 1.025928e-01 8.301460e-09
2.656541e+01 1.448116e-01 1.287633e-08
2.656541e+01 2.023460e-01 1.971801e-08
2.656541e+01 2.834245e-01 3.059839e-08
2.656541e+01 3.967448e-01 4.634824e-08
2.656541e+01 5.552783e-01 6.761535e-08
2.656541e+01 7.774819e-01 9.056699e-08
2.656541e+01 1.088445e+00 1.055645e-07
2.656541e+01 1.523711e+00 1.016780e-07
2.656541e+01 2.088426e+00 7.682958e-08
2.656541e+01 2.685505e+00 4.016336e-08
2.711672e+01 1.570796e-02 1.641100e-10
2.711672e+01 2.346256e-02 3.929528e-10
2.711672e+01 3.503514e-02 9.464121e-10
2.711672e+01 5.263151e-02 2.334579e-09
2.711672e+01 7.314235e-02 4.525835e-09
2.711672e+01 1.025928e-01 7.587927e-09
2.711672e+01 1.448116e-01 1.179272e-08
2.711672e+01 2.023460e-01 1.813860e-08
2.711672e+01 2.834245e-01 2.831143e-08
2.711672e+01 3.967448e-01 4.306641e-08
2.711672e+01 5.552783e-01 6.310444e-08
2.711672e+01 7.774819e-01 8.502094e-08
2.711672e+01 1.088445e+00 1.002698e-07
2.711672e+01 1.523711e+00 9.862949e-08
2.711672e+01 2.088426e+00 7.678796e-08
2.711672e+01 2.685505e+00 4.146953e-08
2.767905e+01 1.570796e-02 1.485023e-10
2.767905e+01 2.346256e-02 3.555256e-10
2.767905e+01 3.503514e-02 8.572442e-10
2.767905e+01 5.263151e-02 2.115475e-09
2.767905e+01 7.314235e-02 4.106483e-09
2.767905e+01 1.025928e-01 6.892490e-09
2.767905e+01 1.448116e-01 1.073231e-08
2.767905e+01 2.023460e-01 1.658294e-08
2.767905e+01 2.834245e-01 2.602885e-08
2.767905e+01 3.967448e-01 3.975412e-08
2.767905e+01 5.552783e-01 5.847944e-08
2.767905e+01 7.774819e-01 7.926715e-08
2.767905e+01 1.088445e+00 9.466312e-08
2.767905e+01 1.523711e+00 9.523418e-08
2.767905e+01 2.088426e+00 7.667486e-08
2.767905e+01 2.685505e+00 4.308349e-08
2.825263e+01 1.570796e-02 1.333734e-10
2.825263e+01 2.346256e-02 3.191463e-10
2.825263e+01 3.503514e-02 7.704628e-10
2.825263e+01 5.263151e-02 1.902430e-09
2.825263e+01 7.314235e-02 3.697140e-09
2.825263e+01 1.025928e-01 6.213342e-09
2.825263e+01 1.448116e-01 9.697150e-09
2.825263e+01 2.023460e-01 1.504556e-08
2.825263e+01 2.834245e-01 2.374783e-08
2.825263e+01 3.967448e-01 3.640678e-08
2.825263e+01 5.552783e-01 5.375769e-08
2.825263e+01 7.774819e-01 7.334163e-08
2.825263e+01 1.088445e+00 8.870220e-08
2.825263e+01 1.523711e+00 9.143691e-08
2.825263e+01 2.088426e+00 7.628638e-08
2.825263e+01 2.685505e+00 4.510501e-08
2.883769e+01 1.570796e-02 1.186373e-10
2.883769e+01 2.346256e-02 2.837604e-10
2.883769e+01 3.503514e-02 6.861174e-10
2.883769e+01 5.263151e-02 1.695118e-09
2.883769e+01 7.314235e-02 3.298449e-09
2.883769e+01 1.025928e-01 5.551230e-09
2.883769e+01 1.448116e-01 8.682553e-09
2.883769e+01 2.023460e-01 1.352911e-08
2.883769e+01 2.834245e-01 2.146594e-08
2.883769e+01 3.967448e-01 3.301325e-08
2.883769e+01 5.552783e-01 4.893952e-08
2.883769e+01 7.774819e-01 6.720334e-08
2.883769e+01 1.088445e+00 8.235611e-08
2.883769e+01 1.523711e+00 8.704442e-08
2.883769e+01 2.088426e+00 7.552286e-08
2.883769e+01 2.685505e+00 4.744035e-08
2.943444e+01 1.570796e-02 1.043816e-10
2.943444e+01 2.346256e-02 2.494610e-10
2.943444e+01 3.503514e-02 6.040239e-10
2.943444e+01 5.263151e-02 1.493107e-09
2.943444e+01 7.314235e-02 2.909989e-09
2.943444e+01 1.025928e-01 4.904322e-09
2.943444e+01 1.448116e-01 7.687644e-09
2.943444e+01 2.023460e-01 1.202955e-08
2.943444e+01 2.834245e-01 1.918195e-08
2.943444e+01 3.967448e-01 2.958944e-08
2.943444e+01 5.552783e-01 4.402233e-08
2.943444e+01 7.774819e-01 6.085082e-08
2.943444e+01 1.088445e+00 7.560644e-08
2.943444e+01 1.523711e+00 8.202369e-08
2.943444e+01 2.088426e+00 7.417720e-08
2.943444e+01 2.685505e+00 4.996752e-08
3.004313e+01 1.570796e-02 9.052318e-11
3.004313e+01 2.346256e-02 2.161486e-10
3.004313e+01 3.503514e-02 5.241740e-10
3.004313e+01 5.263151e-02 1.296867e-09
3.004313e+01 7.314235e-02 2.531051e-09
3.004313e+01 1.025928e-01 4.271589e-09
3.004313e+01 1.448116e-01 6.712236e-09
3.004313e+01 2.023460e-01 1.054601e-08
3.004313e+01 2.834245e-01 1.689839e-08
3.004313e+01 3.967448e-01 2.612637e-08
3.004313e+01 5.552783e-01 3.901713e-08
3.004313e+01 7.774819e-01 5.428398e-08
3.004313e+01 1.088445e+00 6.840667e-08
3.004313e+01 1.523711e+00 7.621393e-08
3.004313e+01 2.088426e+00 7.214251e-08
3.004313e+01 2.685505e+00 5.249895e-08
3.066399e+01 1.570796e-02 7.709302e-11
3.066399e+01 2.346256e-02 1.838309e-10
3.066399e+01 3.503514e-02 4.466290e-10
3.066399e+01 5.263151e-02 1.105803e-09
3.066399e+01 7.314235e-02 2.161516e-09
3.066399e+01 1.025928e-01 3.653357e-09
3.066399e+01 1.448116e-01 5.755378e-09
3.066399e+01 2.023460e-01 9.078494e-09
3.066399e+01 2.834245e-01 1.461284e-08
3.066399e+01 3.967448e-01 2.264040e-08
3.066399e+01 5.552783e-01 3.392865e-08
3.066399e+01 7.774819e-01 4.750734e-08
3.066399e+01 1.088445e+00 6.073157e-08
3.066399e+01 1.523711e+00 6.956039e-08
3.066399e+01 2.088426e+00 6.914122e-08
3.066399e+01 2.685505e+00 5.470741e-08
3.129727e+01 1.570796e-02 6.402137e-11
3.129727e+01 2.346256e-02 1.526074e-10
3.129727e+01 3.503514e-02 3.713311e-10
3.129727e+01 5.263151e-02 9.200805e-10
3.129727e+01 7.314235e-02 1.801320e-09
3.129727e+01 1.025928e-01 3.049613e-09
3.129727e+01 1.448116e-01 4.816097e-09
3.129727e+01 2.023460e-01 7.626126e-09
3.129727e+01 2.834245e-01 1.232659e-08
3.129727e+01 3.967448e-01 1.913141e-08
3.129727e+01 5.552783e-01 2.877040e-08
3.129727e+01 7.774819e-01 4.054361e-08
3.129727e+01 1.088445e+00 5.256683e-08
3.129727e+01 1.523711e+00 6.193293e-08
3.129727e+01 2.088426e+00 6.488906e-08
3.129727e+01 2.685505e+00 5.598844e-08
3.194322e+01 1.570796e-02 5.140612e-11
3.194322e+01 2.346256e-02 1.223579e-10
3.194322e+01 3.503514e-02 2.982029e-10
3.194322e+01 5.263151e-02 7.395310e-10
3.194322e+01 7.314235e-02 1.450474e-09
3.194322e+01 1.025928e-01 2.459777e-09
3.194322e+01 1.448116e-01 3.894940e-09
3.194322e+01 2.023460e-01 6.189404e-09
3.194322e+01 2.834245e-01 1.004242e-08
3.194322e+01 3.967448e-01 1.560928e-08
3.194322e+01 5.552783e-01 2.355053e-08
3.194322e+01 7.774819e-01 3.339543e-08
3.194322e+01 1.088445e+00 4.391964e-08
3.194322e+01 1.523711e+00 5.329035e-08
3.194322e+01 2.088426e+00 5.894582e-08
3.194322e+01 2.685505e+00 5.565648e-08
3.260208e+01 1.570796e-02 3.917502e-11
3.260208e+01 2.346256e-02 9.322125e-11
3.260208e+01 3.503514e-02 2.275199e-10
3.260208e+01 5.263151e-02 5.647134e-10
3.260208e+01 7.314235e-02 1.109572e-09
3.260208e+01 1.025928e-01 1.884619e-09
3.260208e+01 1.448116e-01 2.992133e-09
3.260208e+01 2.023460e-01 4.770752e-09
3.260208e+01 2.834245e-01 7.769111e-09
3.260208e+01 3.967448e-01 1.208855e-08
3.260208e+01 5.552783e-01 1.828124e-08
3.260208e+01 7.774819e-01 2.608057e-08
3.260208e+01 1.088445e+00 3.477921e-08
3.260208e+01 1.523711e+00 4.349108e-08
3.260208e+01 2.088426e+00 5.092639e-08
3.260208e+01 2.685505e+00 5.265159e-08
3.327412e+01 1.570796e-02 2.734640e-11
3.327412e+01 2.346256e-02 6.488360e-11
3.327412e+01 3.503514e-02 1.587323e-10
3.327412e+01 5.263151e-02 3.943654e-10
3.327412e+01 7.314235e-02 7.764258e-10
3.327412e+01 1.025928e-01 1.321373e-09
3.327412e+01 1.448116e-01 2.104082e-09
3.327412e+01 2.023460e-01 3.367007e-09
3.327412e+01 2.834245e-01 5.503787e-09
3.327412e+01 3.967448e-01 8.572773e-09
3.327412e+01 5.552783e-01 1.300553e-08
3.327412e+01 7.774819e-01 1.865943e-08
3.327412e+01 1.088445e+00 2.521787e-08
3.327412e+01 1.523711e+00 3.250647e-08
3.327412e+01 2.088426e+00 4.035957e-08
3.327412e+01 2.685505e+00 4.557475e-08
3.395961e+01 1.570796e-02 1.660838e-11
3.395961e+01 2.346256e-02 3.959534e-11
3.395961e+01 3.503514e-02 9.682267e-11
3.395961e+01 5.263151e-02 2.403622e-10
3.395961e+01 7.314235e-02 4.738382e-10
3.395961e+01 1.025928e-01 8.062039e-10
3.395961e+01 1.448116e-01 1.283696e-09
3.395961e+01 2.023460e-01 2.049786e-09
3.395961e+01 2.834245e-01 3.338754e-09
3.395961e+01 3.967448e-01 5.171056e-09
3.395961e+01 5.552783e-01 7.811828e-09
3.395961e+01 7.774819e-01 1.121131e-08
3.395961e+01 1.088445e+00 1.527778e-08
3.395961e+01 1.523711e+00 2.022685e-08
3.395961e+01 2.088426e+00 2.649646e-08
3.395961e+01 2.685505e+00 3.220697e-08
3.465880e+01 1.570796e-02 5.237492e-12
3.465880e+01 2.346256e-02 1.197911e-11
3.465880e+01 3.503514e-02 2.958890e-11
3.465880e+01 5.263151e-02 7.359231e-11
3.465880e+01 7.314235e-02 1.460940e-10
3.465880e+01 1.025928e-01 2.472585e-10
3.465880e+01 1.448116e-01 3.993821e-10
3.465880e+01 2.023460e-01 6.446354e-10
3.465880e+01 2.834245e-01 1.065454e-09
3.465880e+01 3.967448e-01 1.663680e-09
3.465880e+01 5.552783e-01 2.534417e-09
3.465880e+01 7.774819e-01 3.673379e-09
3.465880e+01 1.088445e+00 5.079561e-09
3.465880e+01 1.523711e+00 6.905931e-09
3.465880e+01 2.088426e+00 9.551602e-09
3.465880e+01 2.685505e+00 1.254611e-08
3.537197e+01 1.570796e-02 0.000000e+00
3.537197e+01 2.346256e-02 0.000000e+00
3.537197e+01 3.503514e-02 0.000000e+00
3.537197e+01 5.263151e-02 0.000000e+00
3.537197e+01 7.314235e-02 0.000000e+00
3.537197e+01 1.025928e-01 0.000000e+00
3.537197e+01 1.448116e-01 0.000000e+00
3.537197e+01 2.023460e-01 0.000000e+00
3.537197e+01 2.834245e-01 0.000000e+00
3.537197e+01 3.967448e-01 0.000000e+00
3.537197e+01 5.552783e-01 0.000000e+00
3.537197e+01 7.774819e-01 0.000000e+00
3.537197e+01 1.088445e+00 0.000000e+00
3.537197e+01 1.523711e+00 0.000000e+00
3.537197e+01 2.088426e+00 0.000000e+00
3.537197e+01 2.685505e+00 0.000000e+00
