3.537197473298937211e+01 9.997801780700683594e-01
3.465879875783272013e+01 9.997801780700683594e-01
3.395960662532619523e+01 9.997802376747131348e-01
3.327412414247665851e+01 9.997802972793579102e-01
3.260208249262417723e+01 9.997803270816802979e-01
3.194321813002370192e+01 9.997805356979370117e-01
3.129727267649382583e+01 9.997805953025817871e-01
3.066399282009198757e+01 9.997806549072265625e-01
3.004313021577645770e+01 9.997806549072265625e-01
2.943444138801613619e+01 9.997844696044921875e-01
2.883768763530993695e+01 9.997844696044921875e-01
2.825263493657836733e+01 9.997845292091369629e-01
2.767905385939055662e+01 9.997845888137817383e-01
2.711671946999074123e+01 9.997845888137817383e-01
2.656541124508895990e+01 9.997848123311996460e-01
2.602491298538133435e+01 9.997848272323608398e-01
2.549501273076601393e+01 9.997848868370056152e-01
2.497550267722158068e+01 9.997849464416503906e-01
2.446617909531527602e+01 9.997849464416503906e-01
2.396684225030909232e+01 9.997853189706802368e-01
2.347729632383244436e+01 9.997859001159667969e-01
2.299734933709063256e+01 9.997859001159667969e-01
2.252681307557904944e+01 9.997859597206115723e-01
2.206550301527357760e+01 9.997860193252563477e-01
2.161323825026821410e+01 9.997860193252563477e-01
2.116984142183158113e+01 9.997862130403518677e-01
2.073513864885449109e+01 9.997804611921310425e-01
2.030895945966126703e+01 9.997757077217102051e-01
1.989113672515810549e+01 9.997672140598297119e-01
1.948150659329225931e+01 9.997534304857254028e-01
1.907990842479633287e+01 9.997326284646987915e-01
1.868618473019248327e+01 9.996989071369171143e-01
1.830018110803184683e+01 9.996483325958251953e-01
1.792174618434494704e+01 9.995779842138290405e-01
1.755073155327935908e+01 9.994830787181854248e-01
1.718699171890133215e+01 9.993526190519332886e-01
1.683038403813856121e+01 9.991788715124130249e-01
1.648076866484172598e+01 9.989590197801589966e-01
1.613800849494286993e+01 9.986856877803802490e-01
1.580196911268908622e+01 9.983412176370620728e-01
1.547251873793047494e+01 9.979071766138076782e-01
1.514952817444164168e+01 9.973768442869186401e-01
1.483287075925650988e+01 9.967196583747863770e-01
1.452242231299657860e+01 9.959100931882858276e-01
1.421806109117311578e+01 9.949404448270797729e-01
1.391966773644423050e+01 9.937711060047149658e-01
1.362712523180806912e+01 9.923432022333145142e-01
1.334031885471379297e+01 9.906298369169235229e-01
1.305913613207234647e+01 9.886077344417572021e-01
1.278346679614935866e+01 9.861948788166046143e-01
1.251320274132289967e+01 9.832392930984497070e-01
1.224823798168911715e+01 9.798507392406463623e-01
1.198846860949913484e+01 9.759367406368255615e-01
1.173379275441091707e+01 9.713472276926040649e-01
1.148411054354011540e+01 9.660284817218780518e-01
1.123932406229423009e+01 9.599888920783996582e-01
1.099933731597473496e+01 9.530445188283920288e-01
1.076405619213209341e+01 9.450582116842269897e-01
1.053338842365891459e+01 9.360679090023040771e-01
1.030724355260677960e+01 9.259639680385589600e-01
1.008553289471252867e+01 9.142106175422668457e-01
9.868169504620125210e+00 9.008335620164871216e-01
9.655068141784436619e+00 8.863723427057266235e-01
9.446145237043564791e+00 8.702600896358489990e-01
9.241318859846632705e+00 8.521785438060760498e-01
9.040508686124150373e+00 8.322084993124008179e-01
8.843635966788381708e+00 8.101224303245544434e-01
8.650623496851354233e+00 7.854852080345153809e-01
8.461395585148386189e+00 7.583708316087722778e-01
8.275878024655280996e+00 7.285170704126358032e-01
8.093998063387530806e+00 6.952499449253082275e-01
7.915684375870128520e+00 6.584879308938980103e-01
7.740867035166791865e+00 6.187109053134918213e-01
7.569477485457639432e+00 5.752029269933700562e-01
7.401448515154548602e+00 5.277240425348281860e-01
7.236714230543675797e+00 4.761832579970359802e-01
7.075210029944779322e+00 4.201670661568641663e-01
6.916872578377233793e+00 3.592030555009841919e-01
6.761639782722777881e+00 2.943338230252265930e-01
6.609450767375272484e+00 2.272435985505580902e-01
6.460245850367914322e+00 1.610091887414455414e-01
6.313966519968543523e+00 1.007964070886373520e-01
6.170555411733865903e+00 5.418400652706623077e-02
6.029956286013593569e+00 2.348402328789234161e-02
5.892114005895679796e+00 6.612295401282608509e-03
5.756974515583999974e+00 1.173406359157525003e-03
5.624484819200000096e+00 6.872279914205137175e-05
5.494592960000000303e+00 0.000000000000000000e+00
5.367248000000000019e+00 0.000000000000000000e+00
5.242399999999999949e+00 0.000000000000000000e+00
5.120000000000000107e+00 0.000000000000000000e+00
5.000000000000000000e+00 0.000000000000000000e+00
