5.e+00 0.e+00
5.12e+00 0.e+00
5.2424e+00 0.e+00
5.367248e+00 0.e+00
5.494593e+00 0.e+00
5.624485e+00 0.e+00
5.756975e+00 0.e+00
5.892114e+00 0.e+00
6.029956e+00 1.190600e-04
6.170555e+00 1.563686e-03
6.313967e+00 8.049269e-03
6.460246e+00 2.673395e-02
6.609451e+00 5.908782e-02
6.76164e+00 1.072027e-01
6.916873e+00 1.682555e-01
7.075210e+00 2.341364e-01
7.236714e+00 3.006626e-01
7.401449e+00 3.647390e-01
7.569477e+00 4.248555e-01
7.740867e+00 4.800854e-01
7.915684e+00 5.309625e-01
8.093998e+00 5.778714e-01
8.275878e+00 6.20904e-01
8.461396e+00 6.602594e-01
8.650623e+00 6.966587e-01
8.843636e+00 7.296257e-01
9.040509e+00 7.592267e-01
9.241319e+00 7.861324e-01
9.446145e+00 8.106060e-01
9.655068e+00 8.325693e-01
9.86817e+00 8.524238e-01
1.008553e+01 8.704188e-01
1.030724e+01 8.864677e-01
1.053339e+01 9.008832e-01
1.076406e+01 9.142050e-01
1.099934e+01 9.259482e-01
1.123932e+01 9.360409e-01
1.148411e+01 9.450158e-01
1.173379e+01 9.529892e-01
1.198847e+01 9.599289e-01
1.224824e+01 9.659690e-01
1.251320e+01 9.712865e-01
1.278347e+01 9.758902e-01
1.305914e+01 9.798055e-01
1.334032e+01 9.831977e-01
1.362713e+01 9.86152e-01
1.391967e+01 9.885760e-01
1.421806e+01 9.906008e-01
1.452242e+01 9.923167e-01
1.483287e+01 9.937459e-01
1.514953e+01 9.949181e-01
1.547252e+01 9.958923e-01
1.580197e+01 9.967024e-01
1.613801e+01 9.973618e-01
1.648077e+01 9.978942e-01
1.683038e+01 9.983304e-01
1.718699e+01 9.98676e-01
1.755073e+01 9.989515e-01
1.792175e+01 9.991716e-01
1.830018e+01 9.993472e-01
1.868618e+01 9.994785e-01
1.907991e+01 9.99574e-01
1.948151e+01 9.996456e-01
1.989114e+01 9.996959e-01
2.030896e+01 9.997306e-01
2.073514e+01 9.997521e-01
2.116984e+01 9.997655e-01
2.161324e+01 9.997744e-01
2.206550e+01 9.997796e-01
2.252681e+01 9.99786e-01
2.299735e+01 9.997859e-01
2.34773e+01 9.997859e-01
2.396684e+01 9.997853e-01
2.446618e+01 9.997849e-01
2.497550e+01 9.997849e-01
2.549501e+01 9.997849e-01
2.602491e+01 9.997848e-01
2.656541e+01 9.997848e-01
2.711672e+01 9.997846e-01
2.767905e+01 9.997846e-01
2.825263e+01 9.997845e-01
2.883769e+01 9.997845e-01
2.943444e+01 9.997844e-01
3.004313e+01 9.997807e-01
3.066399e+01 9.997807e-01
3.129727e+01 9.997806e-01
3.194322e+01 9.997805e-01
3.260208e+01 9.997803e-01
3.327412e+01 9.997803e-01
3.395961e+01 9.997802e-01
3.46588e+01 9.997802e-01
3.537197e+01 9.997802e-01
