3.537197473298937211e+01 9.997801780700683594e-01
3.465879875783272013e+01 9.997801780700683594e-01
3.395960662532619523e+01 9.997802376747131348e-01
3.327412414247665851e+01 9.997802972793579102e-01
3.260208249262417723e+01 9.997803270816802979e-01
3.194321813002370192e+01 9.997805356979370117e-01
3.129727267649382583e+01 9.997805953025817871e-01
3.066399282009198757e+01 9.997806549072265625e-01
3.004313021577645770e+01 9.997806549072265625e-01
2.943444138801613619e+01 9.997844696044921875e-01
2.883768763530993695e+01 9.997844696044921875e-01
2.825263493657836733e+01 9.997845292091369629e-01
2.767905385939055662e+01 9.997845888137817383e-01
2.711671946999074123e+01 9.997845888137817383e-01
2.656541124508895990e+01 9.997848123311996460e-01
2.602491298538133435e+01 9.997848272323608398e-01
2.549501273076601393e+01 9.997848868370056152e-01
2.497550267722158068e+01 9.997849464416503906e-01
2.446617909531527602e+01 9.997849464416503906e-01
2.396684225030909232e+01 9.997853189706802368e-01
2.347729632383244436e+01 9.997859001159667969e-01
2.299734933709063256e+01 9.997859001159667969e-01
2.252681307557904944e+01 9.997811615467071533e-01
2.206550301527357760e+01 9.997775256633758545e-01
2.161323825026821410e+01 9.997711032629013062e-01
2.116984142183158113e+01 9.997609853744506836e-01
2.073513864885449109e+01 9.997465908527374268e-01
2.030895945966126703e+01 9.997226148843765259e-01
1.989113672515810549e+01 9.996842443943023682e-01
1.948150659329225931e+01 9.996289908885955811e-01
1.907990842479633287e+01 9.995535761117935181e-01
1.868618473019248327e+01 9.994542002677917480e-01
1.830018110803184683e+01 9.993209987878799438e-01
1.792174618434494704e+01 9.991520345211029053e-01
1.755073155327935908e+01 9.989397376775741577e-01
1.718699171890133215e+01 9.986749738454818726e-01
1.683038403813856121e+01 9.983440339565277100e-01
1.648076866484172598e+01 9.979197829961776733e-01
1.613800849494286993e+01 9.974007010459899902e-01
1.580196911268908622e+01 9.967721998691558838e-01
1.547251873793047494e+01 9.959970265626907349e-01
1.514952817444164168e+01 9.950526654720306396e-01
1.483287075925650988e+01 9.939010441303253174e-01
1.452242231299657860e+01 9.925079345703125000e-01
1.421806109117311578e+01 9.908479750156402588e-01
1.391966773644423050e+01 9.888813942670822144e-01
1.362712523180806912e+01 9.865059405565261841e-01
1.334031885471379297e+01 9.836594313383102417e-01
1.305913613207234647e+01 9.803669452667236328e-01
1.278346679614935866e+01 9.765116870403289795e-01
1.251320274132289967e+01 9.720227569341659546e-01
1.224823798168911715e+01 9.668440073728561401e-01
1.198846860949913484e+01 9.608861207962036133e-01
1.173379275441091707e+01 9.540636092424392700e-01
1.148411054354011540e+01 9.463156908750534058e-01
1.123932406229423009e+01 9.375317990779876709e-01
1.099933731597473496e+01 9.275733530521392822e-01
1.076405619213209341e+01 9.163940250873565674e-01
1.053338842365891459e+01 9.039281904697418213e-01
1.030724355260677960e+01 8.900813609361648560e-01
1.008553289471252867e+01 8.746529519557952881e-01
9.868169504620125210e+00 8.574792742729187012e-01
9.655068141784436619e+00 8.384416252374649048e-01
9.446145237043564791e+00 8.174308985471725464e-01
9.241318859846632705e+00 7.943377941846847534e-01
9.040508686124150373e+00 7.688583284616470337e-01
8.843635966788381708e+00 7.408041656017303467e-01
8.650623496851354233e+00 7.099725306034088135e-01
8.461395585148386189e+00 6.762043088674545288e-01
8.275878024655280996e+00 6.391904354095458984e-01
8.093998063387530806e+00 5.988530367612838745e-01
7.915684375870128520e+00 5.550640076398849487e-01
7.740867035166791865e+00 5.075054019689559937e-01
7.569477485457639432e+00 4.562369957566261292e-01
7.401448515154548602e+00 4.007490798830986023e-01
7.236714230543675797e+00 3.409458175301551819e-01
7.075210029944779322e+00 2.772956341505050659e-01
6.916872578377233793e+00 2.118157148361206055e-01
6.761639782722777881e+00 1.477028727531433105e-01
6.609450767375272484e+00 8.997462131083011627e-02
6.460245850367914322e+00 4.628350958228111267e-02
6.313966519968543523e+00 1.851528137922286987e-02
6.170555411733865903e+00 4.543573479168117046e-03
6.029956286013593569e+00 6.258694766074768268e-04
5.892114005895679796e+00 1.143919598689535633e-05
5.756974515583999974e+00 0.000000000000000000e+00
5.624484819200000096e+00 0.000000000000000000e+00
5.494592960000000303e+00 0.000000000000000000e+00
5.367248000000000019e+00 0.000000000000000000e+00
5.242399999999999949e+00 0.000000000000000000e+00
5.120000000000000107e+00 0.000000000000000000e+00
5.000000000000000000e+00 0.000000000000000000e+00
