9.641472e-04 7.415266e-04
9.868044e-04 8.058857e-04
1.010552e-03 8.776082e-04
1.035471e-03 9.577507e-04
1.06165e-03 1.047553e-03
1.089187e-03 1.148478e-03
1.118190e-03 1.262257e-03
1.148780e-03 1.390947e-03
1.181092e-03 1.537009e-03
1.215273e-03 1.703397e-03
1.251492e-03 1.893678e-03
1.289936e-03 2.112182e-03
1.330816e-03 2.364198e-03
1.374373e-03 2.656230e-03
1.420877e-03 2.996324e-03
1.470639e-03 3.394513e-03
1.524012e-03 3.863399e-03
1.581406e-03 4.418948e-03
1.643291e-03 5.081569e-03
1.710218e-03 5.877601e-03
1.782827e-03 6.841397e-03
1.861875e-03 8.018269e-03
1.948258e-03 9.468735e-03
2.043047e-03 1.127472e-02
2.147530e-03 1.354878e-02
2.263277e-03 1.644813e-02
2.392211e-03 2.019640e-02
2.536723e-03 2.511821e-02
2.699818e-03 3.169565e-02
2.885325e-03 4.066343e-02
3.098206e-03 5.317474e-02
3.345002e-03 7.110212e-02
3.634519e-03 9.760894e-02
3.978903e-03 1.382947e-01
4.39538e-03 2.036417e-01
4.909236e-03 3.146636e-01
5.559147e-03 5.172522e-01
6.407391e-03 9.2335e-01
7.561104e-03 1.849817e+00
9.221531e-03 4.405756e+00
1.181643e-02 1.400576e+01
1.644359e-02 7.972821e+01
2.702703e-02 8.465140e+01
2.74937e-02 8.775246e+01
2.804357e-02 8.671246e+01
2.860444e-02 8.565072e+01
2.917653e-02 8.46699e+01
2.976006e-02 8.36881e+01
3.035526e-02 8.266861e+01
3.096237e-02 8.161551e+01
3.158162e-02 8.053311e+01
3.221325e-02 7.942545e+01
3.285751e-02 7.82971e+01
3.351466e-02 7.715714e+01
3.418496e-02 7.603829e+01
3.486866e-02 7.492302e+01
3.556603e-02 7.378846e+01
3.627735e-02 7.263728e+01
3.70029e-02 7.14739e+01
3.774296e-02 7.030223e+01
3.849782e-02 6.912622e+01
3.926777e-02 6.794939e+01
4.005313e-02 6.677888e+01
4.085418e-02 6.561226e+01
4.167127e-02 6.444444e+01
4.25047e-02 6.327461e+01
4.335479e-02 6.210137e+01
4.422188e-02 6.092186e+01
4.510632e-02 5.9731e+01
4.600845e-02 5.852022e+01
4.692862e-02 5.727964e+01
4.786718e-02 5.599345e+01
4.882453e-02 5.464276e+01
4.980102e-02 5.320228e+01
5.079706e-02 5.16462e+01
5.181299e-02 4.993991e+01
5.284923e-02 4.805186e+01
5.390623e-02 4.595441e+01
5.498436e-02 4.362633e+01
5.608405e-02 4.106099e+01
5.720572e-02 3.820085e+01
5.834983e-02 3.522949e+01
5.951683e-02 3.21442e+01
6.070717e-02 2.904375e+01
6.192131e-02 2.601886e+01
6.315974e-02 2.314172e+01
6.442294e-02 2.052023e+01
6.57114e-02 1.818619e+01
6.702561e-02 1.617366e+01
6.836611e-02 1.448636e+01
6.973345e-02 1.313182e+01
7.112811e-02 1.208253e+01
7.255067e-02 1.132683e+01
7.400172e-02 1.084836e+01
7.548172e-02 1.06353e+01
7.699136e-02 1.068422e+01
7.853121e-02 1.096842e+01
8.010183e-02 1.155368e+01
8.170389e-02 1.243334e+01
8.333792e-02 1.363764e+01
8.500467e-02 1.520361e+01
8.670478e-02 1.718487e+01
8.843891e-02 1.96443e+01
9.020769e-02 2.265317e+01
9.201181e-02 2.629547e+01
9.385205e-02 3.068743e+01
9.572909e-02 3.595035e+01
9.764367e-02 4.222533e+01
9.959654e-02 4.96518e+01
1.015885e-01 5.839548e+01
1.036203e-01 6.86904e+01
1.056926e-01 8.074666e+01
1.078065e-01 9.499156e+01
1.099626e-01 1.11547e+02
1.121619e-01 1.307462e+02
1.144051e-01 1.528618e+02
1.166932e-01 1.781338e+02
1.190271e-01 2.067174e+02
1.214076e-01 2.381496e+02
1.238358e-01 2.718183e+02
1.263125e-01 3.071925e+02
1.288388e-01 3.443935e+02
1.314155e-01 3.833918e+02
1.340438e-01 4.241072e+02
1.367247e-01 4.661517e+02
1.394592e-01 5.092133e+02
1.422484e-01 5.532708e+02
1.450934e-01 5.982581e+02
1.479952e-01 6.46761e+02
1.509551e-01 6.936681e+02
1.539742e-01 7.41533e+02
1.570537e-01 7.896858e+02
1.601948e-01 8.382126e+02
1.633987e-01 8.87614e+02
1.666667e-01 9.362835e+02
