9.419703e-04 6.835718e-04
9.641256e-04 7.429552e-04
9.873482e-04 8.091394e-04
1.011717e-03 8.831007e-04
1.037319e-03 9.659860e-04
1.064251e-03 1.059147e-03
1.092618e-03 1.164186e-03
1.12254e-03 1.283006e-03
1.154146e-03 1.417882e-03
1.187583e-03 1.571550e-03
1.223015e-03 1.747311e-03
1.260627e-03 1.949172e-03
1.300626e-03 2.182033e-03
1.343246e-03 2.451915e-03
1.388754e-03 2.766275e-03
1.437454e-03 3.134409e-03
1.489693e-03 3.567999e-03
1.545873e-03 4.081851e-03
1.606456e-03 4.694896e-03
1.671981e-03 5.431574e-03
1.743078e-03 6.323776e-03
1.820491e-03 7.413586e-03
1.905099e-03 8.757233e-03
1.997956e-03 1.043088e-02
2.100327e-03 1.253923e-02
2.213756e-03 1.522861e-02
2.340136e-03 1.870734e-02
2.481819e-03 2.327801e-02
2.641764e-03 2.939044e-02
2.823746e-03 3.773084e-02
3.032654e-03 4.937755e-02
3.274943e-03 6.608395e-02
3.559308e-03 9.081681e-02
3.897752e-03 1.288375e-01
4.307322e-03 1.900182e-01
4.813074e-03 2.942051e-01
5.453393e-03 4.848964e-01
6.290228e-03 8.686982e-01
7.430448e-03 1.749337e+00
9.075559e-03 4.200257e+00
1.165628e-02 1.354698e+01
1.628788e-02 7.972793e+01
2.702703e-02 8.465111e+01
2.74937e-02 8.775215e+01
2.804357e-02 8.671217e+01
2.860444e-02 8.565057e+01
2.917653e-02 8.466972e+01
2.976006e-02 8.368803e+01
3.035526e-02 8.266859e+01
3.096237e-02 8.161551e+01
3.158162e-02 8.053304e+01
3.221325e-02 7.942543e+01
3.285751e-02 7.829711e+01
3.351466e-02 7.715724e+01
3.418496e-02 7.603828e+01
3.486866e-02 7.492294e+01
3.556603e-02 7.378846e+01
3.627735e-02 7.263728e+01
3.70029e-02 7.14739e+01
3.774296e-02 7.030224e+01
3.849782e-02 6.912621e+01
3.926777e-02 6.794939e+01
4.005313e-02 6.677891e+01
4.085418e-02 6.56123e+01
4.167127e-02 6.444445e+01
4.25047e-02 6.327465e+01
4.335479e-02 6.210154e+01
4.422188e-02 6.092217e+01
4.510632e-02 5.973133e+01
4.600845e-02 5.852062e+01
4.692862e-02 5.72801e+01
4.786718e-02 5.599393e+01
4.882453e-02 5.464325e+01
4.980102e-02 5.320277e+01
5.079706e-02 5.16463e+01
5.181299e-02 4.99404e+01
5.284923e-02 4.805215e+01
5.390623e-02 4.595452e+01
5.498436e-02 4.36255e+01
5.608405e-02 4.105933e+01
5.720572e-02 3.819855e+01
5.834983e-02 3.522627e+01
5.951683e-02 3.213943e+01
6.070717e-02 2.903786e+01
6.192131e-02 2.601184e+01
6.315974e-02 2.313369e+01
6.442294e-02 2.051266e+01
6.57114e-02 1.817822e+01
6.702561e-02 1.61662e+01
6.836611e-02 1.44801e+01
6.973345e-02 1.312657e+01
7.112811e-02 1.207779e+01
7.255067e-02 1.132269e+01
7.400172e-02 1.084462e+01
7.548172e-02 1.06323e+01
7.699136e-02 1.06812e+01
7.853121e-02 1.096507e+01
8.010183e-02 1.15501e+01
8.170389e-02 1.242945e+01
8.333792e-02 1.363275e+01
8.500467e-02 1.519772e+01
8.670478e-02 1.717845e+01
8.843891e-02 1.963628e+01
9.020769e-02 2.264288e+01
9.201181e-02 2.628341e+01
9.385205e-02 3.06742e+01
9.572909e-02 3.593362e+01
9.764367e-02 4.220504e+01
9.959654e-02 4.962752e+01
1.015885e-01 5.836563e+01
1.036203e-01 6.8655e+01
1.056926e-01 8.070161e+01
1.078065e-01 9.493932e+01
1.099626e-01 1.114853e+02
1.121619e-01 1.306722e+02
1.144051e-01 1.527743e+02
1.166932e-01 1.780317e+02
1.190271e-01 2.066042e+02
1.214076e-01 2.380242e+02
1.238358e-01 2.716746e+02
1.263125e-01 3.070313e+02
1.288388e-01 3.442142e+02
1.314155e-01 3.83195e+02
1.340438e-01 4.238939e+02
1.367247e-01 4.659264e+02
1.394592e-01 5.089668e+02
1.422484e-01 5.529998e+02
1.450934e-01 5.979611e+02
1.479952e-01 6.464363e+02
1.509551e-01 6.933219e+02
1.539742e-01 7.411638e+02
1.570537e-01 7.892932e+02
1.601948e-01 8.377972e+02
1.633987e-01 8.871819e+02
1.666667e-01 9.358305e+02
