5.e+00 0.e+00
5.12e+00 0.e+00
5.2424e+00 0.e+00
5.367248e+00 0.e+00
5.494593e+00 0.e+00
5.624485e+00 0.e+00
5.756975e+00 0.e+00
5.892114e+00 1.675724e-05
6.029956e+00 6.790999e-04
6.170555e+00 4.777814e-03
6.313967e+00 1.91305e-02
6.460246e+00 4.734855e-02
6.609451e+00 9.152022e-02
6.76164e+00 1.496208e-01
6.916873e+00 2.138589e-01
7.075210e+00 2.792337e-01
7.236714e+00 3.427240e-01
7.401449e+00 4.024039e-01
7.569477e+00 4.577879e-01
7.740867e+00 5.089181e-01
7.915684e+00 5.563401e-01
8.093998e+00 6.000458e-01
8.275878e+00 6.403269e-01
8.461396e+00 6.772579e-01
8.650623e+00 7.108463e-01
8.843636e+00 7.415743e-01
9.040509e+00 7.695767e-01
9.241319e+00 7.949851e-01
9.446145e+00 8.179647e-01
9.655068e+00 8.388493e-01
9.86817e+00 8.578053e-01
1.008553e+01 8.749198e-01
1.030724e+01 8.903059e-01
1.053339e+01 9.040836e-01
1.076406e+01 9.164157e-01
1.099934e+01 9.275207e-01
1.123932e+01 9.374644e-01
1.148411e+01 9.462290e-01
1.173379e+01 9.539529e-01
1.198847e+01 9.607573e-01
1.224824e+01 9.667032e-01
1.251320e+01 9.718807e-01
1.278347e+01 9.76375e-01
1.305914e+01 9.802295e-01
1.334032e+01 9.835151e-01
1.362713e+01 9.863791e-01
1.391967e+01 9.887405e-01
1.421806e+01 9.907194e-01
1.452242e+01 9.92383e-01
1.483287e+01 9.937775e-01
1.514953e+01 9.949428e-01
1.547252e+01 9.959034e-01
1.580197e+01 9.966904e-01
1.613801e+01 9.973235e-01
1.648077e+01 9.978541e-01
1.683038e+01 9.982882e-01
1.718699e+01 9.986289e-01
1.755073e+01 9.989030e-01
1.792175e+01 9.991225e-01
1.830018e+01 9.992988e-01
1.868618e+01 9.994377e-01
1.907991e+01 9.995424e-01
1.948151e+01 9.996217e-01
1.989114e+01 9.996800e-01
2.030896e+01 9.997205e-01
2.073514e+01 9.997461e-01
2.116984e+01 9.99761e-01
2.161324e+01 9.997710e-01
2.206550e+01 9.997774e-01
2.252681e+01 9.997812e-01
2.299735e+01 9.997859e-01
2.34773e+01 9.997859e-01
2.396684e+01 9.997853e-01
2.446618e+01 9.997849e-01
2.497550e+01 9.997849e-01
2.549501e+01 9.997849e-01
2.602491e+01 9.997848e-01
2.656541e+01 9.997848e-01
2.711672e+01 9.997846e-01
2.767905e+01 9.997846e-01
2.825263e+01 9.997845e-01
2.883769e+01 9.997845e-01
2.943444e+01 9.997845e-01
3.004313e+01 9.997807e-01
3.066399e+01 9.997807e-01
3.129727e+01 9.997806e-01
3.194322e+01 9.997805e-01
3.260208e+01 9.997803e-01
3.327412e+01 9.997803e-01
3.395961e+01 9.997802e-01
3.46588e+01 9.997802e-01
3.537197e+01 9.997802e-01
