9.419703e-04 2.036395e-04
9.641256e-04 2.213301e-04
9.873482e-04 2.410467e-04
1.011717e-03 2.630802e-04
1.037319e-03 2.877721e-04
1.064251e-03 3.155254e-04
1.092618e-03 3.468168e-04
1.12254e-03 3.822138e-04
1.154146e-03 4.223944e-04
1.187583e-03 4.681728e-04
1.223015e-03 5.205327e-04
1.260627e-03 5.806682e-04
1.300626e-03 6.500386e-04
1.343246e-03 7.304380e-04
1.388754e-03 8.240874e-04
1.437454e-03 9.337563e-04
1.489693e-03 1.062925e-03
1.545873e-03 1.216004e-03
1.606456e-03 1.398633e-03
1.671981e-03 1.618093e-03
1.743078e-03 1.883885e-03
1.820491e-03 2.208545e-03
1.905099e-03 2.608824e-03
1.997956e-03 3.107412e-03
2.100327e-03 3.735499e-03
2.213756e-03 4.536681e-03
2.340136e-03 5.573011e-03
2.481819e-03 6.934637e-03
2.641764e-03 8.755561e-03
2.823746e-03 1.124021e-02
3.032654e-03 1.470982e-02
3.274943e-03 1.968674e-02
3.559308e-03 2.705479e-02
3.897752e-03 3.838135e-02
4.307322e-03 5.66074e-02
4.813074e-03 8.764518e-02
5.453393e-03 1.444531e-01
6.290228e-03 2.587896e-01
7.430448e-03 5.211363e-01
9.075559e-03 1.251278e+00
1.165628e-02 4.035713e+00
1.628788e-02 2.375135e+01
2.702703e-02 2.521799e+01
2.74937e-02 2.614181e+01
2.804357e-02 2.516582e+01
2.860444e-02 2.419077e+01
2.917653e-02 2.32523e+01
2.976006e-02 2.234912e+01
3.035526e-02 2.147997e+01
3.096237e-02 2.064362e+01
3.158162e-02 1.983891e+01
3.221325e-02 1.906471e+01
3.285751e-02 1.831982e+01
3.351466e-02 1.760322e+01
3.418496e-02 1.691395e+01
3.486866e-02 1.625089e+01
3.556603e-02 1.561318e+01
3.627735e-02 1.499983e+01
3.70029e-02 1.441001e+01
3.774296e-02 1.384278e+01
3.849782e-02 1.329734e+01
3.926777e-02 1.27729e+01
4.005313e-02 1.226867e+01
4.085418e-02 1.178387e+01
4.167127e-02 1.131785e+01
4.25047e-02 1.086985e+01
4.335479e-02 1.043925e+01
4.422188e-02 1.002539e+01
4.510632e-02 9.627707e+00
4.600845e-02 9.245625e+00
4.692862e-02 8.878612e+00
4.786718e-02 8.526213e+00
4.882453e-02 8.187984e+00
4.980102e-02 7.863591e+00
5.079706e-02 7.552762e+00
5.181299e-02 7.255309e+00
5.284923e-02 6.971176e+00
5.390623e-02 6.700454e+00
5.498436e-02 6.443418e+00
5.608405e-02 6.200538e+00
5.720572e-02 5.972595e+00
5.834983e-02 5.760730e+00
5.951683e-02 5.566329e+00
6.070717e-02 5.391458e+00
6.192131e-02 5.238471e+00
6.315974e-02 5.110972e+00
6.442294e-02 5.012888e+00
6.57114e-02 4.949284e+00
6.702561e-02 4.926487e+00
6.836611e-02 4.952355e+00
6.973345e-02 5.036626e+00
7.112811e-02 5.190126e+00
7.255067e-02 5.428604e+00
7.400172e-02 5.766833e+00
7.548172e-02 6.225245e+00
7.699136e-02 6.828327e+00
7.853121e-02 7.60249e+00
8.010183e-02 8.582227e+00
8.170389e-02 9.812324e+00
8.333792e-02 1.134147e+01
8.500467e-02 1.323071e+01
8.670478e-02 1.555704e+01
8.843891e-02 1.840573e+01
9.020769e-02 2.18798e+01
9.201181e-02 2.609901e+01
9.385205e-02 3.122609e+01
9.572909e-02 3.74523e+01
9.764367e-02 4.499509e+01
9.959654e-02 5.410246e+01
1.015885e-01 6.507e+01
1.036203e-01 7.831933e+01
1.056926e-01 9.430432e+01
1.078065e-01 1.136874e+02
1.099626e-01 1.372173e+02
1.121619e-01 1.656653e+02
1.144051e-01 2.000628e+02
1.166932e-01 2.415537e+02
1.190271e-01 2.911908e+02
1.214076e-01 3.493541e+02
1.238358e-01 4.154466e+02
1.263125e-01 4.893458e+02
1.288388e-01 5.719478e+02
1.314155e-01 6.641791e+02
1.340438e-01 7.668058e+02
1.367247e-01 8.798958e+02
1.394592e-01 1.003277e+03
1.422484e-01 1.137693e+03
1.450934e-01 1.284106e+03
1.479952e-01 1.443511e+03
1.509551e-01 1.61692e+03
1.539742e-01 1.805387e+03
1.570537e-01 2.009922e+03
1.601948e-01 2.231455e+03
1.633987e-01 2.470375e+03
1.666667e-01 2.726478e+03
