5.e+00,1.570796e-02,0.e+00
5.e+00,2.346256e-02,0.e+00
5.e+00,3.503514e-02,0.e+00
5.e+00,5.263151e-02,0.e+00
5.e+00,7.314235e-02,0.e+00
5.e+00,1.025928e-01,0.e+00
5.e+00,1.448116e-01,0.e+00
5.e+00,2.02346e-01,0.e+00
5.e+00,2.834245e-01,0.e+00
5.e+00,3.967448e-01,0.e+00
5.e+00,5.552783e-01,0.e+00
5.e+00,7.774819e-01,0.e+00
5.e+00,1.088445e+00,0.e+00
5.e+00,1.523711e+00,0.e+00
5.e+00,2.088426e+00,0.e+00
5.e+00,2.685505e+00,0.e+00
5.12e+00,1.570796e-02,0.e+00
5.12e+00,2.346256e-02,0.e+00
5.12e+00,3.503514e-02,0.e+00
5.12e+00,5.263151e-02,0.e+00
5.12e+00,7.314235e-02,0.e+00
5.12e+00,1.025928e-01,0.e+00
5.12e+00,1.448116e-01,0.e+00
5.12e+00,2.02346e-01,0.e+00
5.12e+00,2.834245e-01,0.e+00
5.12e+00,3.967448e-01,0.e+00
5.12e+00,5.552783e-01,0.e+00
5.12e+00,7.774819e-01,0.e+00
5.12e+00,1.088445e+00,0.e+00
5.12e+00,1.523711e+00,0.e+00
5.12e+00,2.088426e+00,0.e+00
5.12e+00,2.685505e+00,0.e+00
5.2424e+00,1.570796e-02,0.e+00
5.2424e+00,2.346256e-02,0.e+00
5.2424e+00,3.503514e-02,0.e+00
5.2424e+00,5.263151e-02,0.e+00
5.2424e+00,7.314235e-02,0.e+00
5.2424e+00,1.025928e-01,0.e+00
5.2424e+00,1.448116e-01,0.e+00
5.2424e+00,2.02346e-01,0.e+00
5.2424e+00,2.834245e-01,0.e+00
5.2424e+00,3.967448e-01,0.e+00
5.2424e+00,5.552783e-01,0.e+00
5.2424e+00,7.774819e-01,0.e+00
5.2424e+00,1.088445e+00,0.e+00
5.2424e+00,1.523711e+00,0.e+00
5.2424e+00,2.088426e+00,0.e+00
5.2424e+00,2.685505e+00,0.e+00
5.367248e+00,1.570796e-02,0.e+00
5.367248e+00,2.346256e-02,0.e+00
5.367248e+00,3.503514e-02,0.e+00
5.367248e+00,5.263151e-02,0.e+00
5.367248e+00,7.314235e-02,0.e+00
5.367248e+00,1.025928e-01,0.e+00
5.367248e+00,1.448116e-01,0.e+00
5.367248e+00,2.02346e-01,0.e+00
5.367248e+00,2.834245e-01,0.e+00
5.367248e+00,3.967448e-01,0.e+00
5.367248e+00,5.552783e-01,0.e+00
5.367248e+00,7.774819e-01,0.e+00
5.367248e+00,1.088445e+00,0.e+00
5.367248e+00,1.523711e+00,0.e+00
5.367248e+00,2.088426e+00,0.e+00
5.367248e+00,2.685505e+00,0.e+00
5.494593e+00,1.570796e-02,0.e+00
5.494593e+00,2.346256e-02,0.e+00
5.494593e+00,3.503514e-02,0.e+00
5.494593e+00,5.263151e-02,0.e+00
5.494593e+00,7.314235e-02,0.e+00
5.494593e+00,1.025928e-01,0.e+00
5.494593e+00,1.448116e-01,0.e+00
5.494593e+00,2.02346e-01,0.e+00
5.494593e+00,2.834245e-01,0.e+00
5.494593e+00,3.967448e-01,0.e+00
5.494593e+00,5.552783e-01,0.e+00
5.494593e+00,7.774819e-01,0.e+00
5.494593e+00,1.088445e+00,0.e+00
5.494593e+00,1.523711e+00,0.e+00
5.494593e+00,2.088426e+00,0.e+00
5.494593e+00,2.685505e+00,0.e+00
5.624485e+00,1.570796e-02,0.e+00
5.624485e+00,2.346256e-02,0.e+00
5.624485e+00,3.503514e-02,0.e+00
5.624485e+00,5.263151e-02,0.e+00
5.624485e+00,7.314235e-02,0.e+00
5.624485e+00,1.025928e-01,0.e+00
5.624485e+00,1.448116e-01,0.e+00
5.624485e+00,2.02346e-01,0.e+00
5.624485e+00,2.834245e-01,0.e+00
5.624485e+00,3.967448e-01,0.e+00
5.624485e+00,5.552783e-01,0.e+00
5.624485e+00,7.774819e-01,0.e+00
5.624485e+00,1.088445e+00,0.e+00
5.624485e+00,1.523711e+00,0.e+00
5.624485e+00,2.088426e+00,0.e+00
5.624485e+00,2.685505e+00,0.e+00
5.756975e+00,1.570796e-02,0.e+00
5.756975e+00,2.346256e-02,0.e+00
5.756975e+00,3.503514e-02,0.e+00
5.756975e+00,5.263151e-02,0.e+00
5.756975e+00,7.314235e-02,0.e+00
5.756975e+00,1.025928e-01,0.e+00
5.756975e+00,1.448116e-01,0.e+00
5.756975e+00,2.02346e-01,0.e+00
5.756975e+00,2.834245e-01,0.e+00
5.756975e+00,3.967448e-01,0.e+00
5.756975e+00,5.552783e-01,0.e+00
5.756975e+00,7.774819e-01,0.e+00
5.756975e+00,1.088445e+00,0.e+00
5.756975e+00,1.523711e+00,0.e+00
5.756975e+00,2.088426e+00,0.e+00
5.756975e+00,2.685505e+00,0.e+00
5.892114e+00,1.570796e-02,0.e+00
5.892114e+00,2.346256e-02,0.e+00
5.892114e+00,3.503514e-02,0.e+00
5.892114e+00,5.263151e-02,0.e+00
5.892114e+00,7.314235e-02,0.e+00
5.892114e+00,1.025928e-01,0.e+00
5.892114e+00,1.448116e-01,0.e+00
5.892114e+00,2.02346e-01,0.e+00
5.892114e+00,2.834245e-01,0.e+00
5.892114e+00,3.967448e-01,0.e+00
5.892114e+00,5.552783e-01,0.e+00
5.892114e+00,7.774819e-01,0.e+00
5.892114e+00,1.088445e+00,0.e+00
5.892114e+00,1.523711e+00,0.e+00
5.892114e+00,2.088426e+00,0.e+00
5.892114e+00,2.685505e+00,0.e+00
6.029956e+00,1.570796e-02,-7.293513e-06
6.029956e+00,2.346256e-02,-1.627573e-05
6.029956e+00,3.503514e-02,-1.201065e-05
6.029956e+00,5.263151e-02,-2.896668e-05
6.029956e+00,7.314235e-02,-1.159938e-05
6.029956e+00,1.025928e-01,1.698811e-06
6.029956e+00,1.448116e-01,-4.095697e-05
6.029956e+00,2.02346e-01,-3.777797e-05
6.029956e+00,2.834245e-01,-3.227730e-05
6.029956e+00,3.967448e-01,-2.584477e-05
6.029956e+00,5.552783e-01,-1.565416e-05
6.029956e+00,7.774819e-01,-2.151061e-05
6.029956e+00,1.088445e+00,-1.555626e-05
6.029956e+00,1.523711e+00,-1.771967e-05
6.029956e+00,2.088426e+00,-2.111027e-05
6.029956e+00,2.685505e+00,-2.022298e-05
6.170555e+00,1.570796e-02,-7.065369e-05
6.170555e+00,2.346256e-02,-1.134916e-04
6.170555e+00,3.503514e-02,-6.484751e-04
6.170555e+00,5.263151e-02,-3.903513e-04
6.170555e+00,7.314235e-02,-3.860023e-04
6.170555e+00,1.025928e-01,-4.960255e-04
6.170555e+00,1.448116e-01,-5.726602e-04
6.170555e+00,2.02346e-01,-4.947939e-04
6.170555e+00,2.834245e-01,-4.99724e-04
6.170555e+00,3.967448e-01,-4.358053e-04
6.170555e+00,5.552783e-01,-3.472031e-04
6.170555e+00,7.774819e-01,-3.11452e-04
6.170555e+00,1.088445e+00,-2.821582e-04
6.170555e+00,1.523711e+00,-2.842554e-04
6.170555e+00,2.088426e+00,-3.123774e-04
6.170555e+00,2.685505e+00,-3.294733e-04
6.313967e+00,1.570796e-02,-1.471038e-04
6.313967e+00,2.346256e-02,-3.113578e-04
6.313967e+00,3.503514e-02,-1.775259e-03
6.313967e+00,5.263151e-02,-1.759924e-03
6.313967e+00,7.314235e-02,-1.339411e-03
6.313967e+00,1.025928e-01,-1.770177e-03
6.313967e+00,1.448116e-01,-1.814627e-03
6.313967e+00,2.02346e-01,-1.82702e-03
6.313967e+00,2.834245e-01,-1.619937e-03
6.313967e+00,3.967448e-01,-1.583782e-03
6.313967e+00,5.552783e-01,-1.341032e-03
6.313967e+00,7.774819e-01,-1.17561e-03
6.313967e+00,1.088445e+00,-1.007203e-03
6.313967e+00,1.523711e+00,-9.968324e-04
6.313967e+00,2.088426e+00,-1.085852e-03
6.313967e+00,2.685505e+00,-1.127128e-03
6.460246e+00,1.570796e-02,-2.461038e-04
6.460246e+00,2.346256e-02,-6.826601e-04
6.460246e+00,3.503514e-02,-3.053015e-03
6.460246e+00,5.263151e-02,-4.263867e-03
6.460246e+00,7.314235e-02,-3.577054e-03
6.460246e+00,1.025928e-01,-4.392386e-03
6.460246e+00,1.448116e-01,-4.906635e-03
6.460246e+00,2.02346e-01,-4.702534e-03
6.460246e+00,2.834245e-01,-4.471219e-03
6.460246e+00,3.967448e-01,-3.925682e-03
6.460246e+00,5.552783e-01,-3.45993e-03
6.460246e+00,7.774819e-01,-2.956602e-03
6.460246e+00,1.088445e+00,-2.635243e-03
6.460246e+00,1.523711e+00,-2.486612e-03
6.460246e+00,2.088426e+00,-2.705886e-03
6.460246e+00,2.685505e+00,-2.76714e-03
6.609451e+00,1.570796e-02,-2.980262e-04
6.609451e+00,2.346256e-02,-9.348063e-04
6.609451e+00,3.503514e-02,-4.357238e-03
6.609451e+00,5.263151e-02,-6.519706e-03
6.609451e+00,7.314235e-02,-6.428706e-03
6.609451e+00,1.025928e-01,-8.359289e-03
6.609451e+00,1.448116e-01,-9.242477e-03
6.609451e+00,2.02346e-01,-8.703855e-03
6.609451e+00,2.834245e-01,-8.327117e-03
6.609451e+00,3.967448e-01,-7.71054e-03
6.609451e+00,5.552783e-01,-6.73996e-03
6.609451e+00,7.774819e-01,-5.764524e-03
6.609451e+00,1.088445e+00,-4.994521e-03
6.609451e+00,1.523711e+00,-4.668174e-03
6.609451e+00,2.088426e+00,-5.016534e-03
6.609451e+00,2.685505e+00,-5.127868e-03
6.76164e+00,1.570796e-02,-3.059805e-04
6.76164e+00,2.346256e-02,-1.066276e-03
6.76164e+00,3.503514e-02,-5.177931e-03
6.76164e+00,5.263151e-02,-8.3041e-03
6.76164e+00,7.314235e-02,-9.48834e-03
6.76164e+00,1.025928e-01,-1.340143e-02
6.76164e+00,1.448116e-01,-1.39565e-02
6.76164e+00,2.02346e-01,-1.359144e-02
6.76164e+00,2.834245e-01,-1.347226e-02
6.76164e+00,3.967448e-01,-1.245806e-02
6.76164e+00,5.552783e-01,-1.081275e-02
6.76164e+00,7.774819e-01,-9.2273e-03
6.76164e+00,1.088445e+00,-7.973028e-03
6.76164e+00,1.523711e+00,-7.399868e-03
6.76164e+00,2.088426e+00,-7.823802e-03
6.76164e+00,2.685505e+00,-7.948437e-03
6.916873e+00,1.570796e-02,-2.867154e-04
6.916873e+00,2.346256e-02,-1.03839e-03
6.916873e+00,3.503514e-02,-5.444257e-03
6.916873e+00,5.263151e-02,-9.642134e-03
6.916873e+00,7.314235e-02,-1.183106e-02
6.916873e+00,1.025928e-01,-1.760347e-02
6.916873e+00,1.448116e-01,-1.852758e-02
6.916873e+00,2.02346e-01,-1.858376e-02
6.916873e+00,2.834245e-01,-1.851418e-02
6.916873e+00,3.967448e-01,-1.754107e-02
6.916873e+00,5.552783e-01,-1.523551e-02
6.916873e+00,7.774819e-01,-1.306761e-02
6.916873e+00,1.088445e+00,-1.114875e-02
6.916873e+00,1.523711e+00,-1.029856e-02
6.916873e+00,2.088426e+00,-1.078768e-02
6.916873e+00,2.685505e+00,-1.080909e-02
7.075210e+00,1.570796e-02,-2.326334e-04
7.075210e+00,2.346256e-02,-9.994086e-04
7.075210e+00,3.503514e-02,-5.193167e-03
7.075210e+00,5.263151e-02,-1.021908e-02
7.075210e+00,7.314235e-02,-1.348170e-02
7.075210e+00,1.025928e-01,-2.063327e-02
7.075210e+00,1.448116e-01,-2.24063e-02
7.075210e+00,2.02346e-01,-2.300841e-02
7.075210e+00,2.834245e-01,-2.356983e-02
7.075210e+00,3.967448e-01,-2.272642e-02
7.075210e+00,5.552783e-01,-1.981546e-02
7.075210e+00,7.774819e-01,-1.703183e-02
7.075210e+00,1.088445e+00,-1.446324e-02
7.075210e+00,1.523711e+00,-1.318187e-02
7.075210e+00,2.088426e+00,-1.366322e-02
7.075210e+00,2.685505e+00,-1.35391e-02
7.236714e+00,1.570796e-02,-1.969657e-04
7.236714e+00,2.346256e-02,-8.885961e-04
7.236714e+00,3.503514e-02,-4.732727e-03
7.236714e+00,5.263151e-02,-1.021715e-02
7.236714e+00,7.314235e-02,-1.417904e-02
7.236714e+00,1.025928e-01,-2.255013e-02
7.236714e+00,1.448116e-01,-2.515717e-02
7.236714e+00,2.02346e-01,-2.668686e-02
7.236714e+00,2.834245e-01,-2.786054e-02
7.236714e+00,3.967448e-01,-2.732238e-02
7.236714e+00,5.552783e-01,-2.418636e-02
7.236714e+00,7.774819e-01,-2.091781e-02
7.236714e+00,1.088445e+00,-1.762399e-02
7.236714e+00,1.523711e+00,-1.59178e-02
7.236714e+00,2.088426e+00,-1.626534e-02
7.236714e+00,2.685505e+00,-1.592433e-02
7.401449e+00,1.570796e-02,-1.884313e-04
7.401449e+00,2.346256e-02,-8.395548e-04
7.401449e+00,3.503514e-02,-4.345499e-03
7.401449e+00,5.263151e-02,-9.738645e-03
7.401449e+00,7.314235e-02,-1.395433e-02
7.401449e+00,1.025928e-01,-2.298828e-02
7.401449e+00,1.448116e-01,-2.680363e-02
7.401449e+00,2.02346e-01,-2.923784e-02
7.401449e+00,2.834245e-01,-3.123932e-02
7.401449e+00,3.967448e-01,-3.107964e-02
7.401449e+00,5.552783e-01,-2.800037e-02
7.401449e+00,7.774819e-01,-2.431308e-02
7.401449e+00,1.088445e+00,-2.04647e-02
7.401449e+00,1.523711e+00,-1.839041e-02
7.401449e+00,2.088426e+00,-1.854388e-02
7.401449e+00,2.685505e+00,-1.798809e-02
7.569477e+00,1.570796e-02,-1.737609e-04
7.569477e+00,2.346256e-02,-7.801917e-04
7.569477e+00,3.503514e-02,-4.026591e-03
7.569477e+00,5.263151e-02,-9.063278e-03
7.569477e+00,7.314235e-02,-1.316345e-02
7.569477e+00,1.025928e-01,-2.253594e-02
7.569477e+00,1.448116e-01,-2.732932e-02
7.569477e+00,2.02346e-01,-3.076963e-02
7.569477e+00,2.834245e-01,-3.365725e-02
7.569477e+00,3.967448e-01,-3.405977e-02
7.569477e+00,5.552783e-01,-3.121743e-02
7.569477e+00,7.774819e-01,-2.722326e-02
7.569477e+00,1.088445e+00,-2.290479e-02
7.569477e+00,1.523711e+00,-2.0528e-02
7.569477e+00,2.088426e+00,-2.044383e-02
7.569477e+00,2.685505e+00,-1.966442e-02
7.740867e+00,1.570796e-02,-1.52194e-04
7.740867e+00,2.346256e-02,-7.082059e-04
7.740867e+00,3.503514e-02,-3.708115e-03
7.740867e+00,5.263151e-02,-8.398147e-03
7.740867e+00,7.314235e-02,-1.221353e-02
7.740867e+00,1.025928e-01,-2.138757e-02
7.740867e+00,1.448116e-01,-2.698936e-02
7.740867e+00,2.02346e-01,-3.136588e-02
7.740867e+00,2.834245e-01,-3.520549e-02
7.740867e+00,3.967448e-01,-3.607475e-02
7.740867e+00,5.552783e-01,-3.366643e-02
7.740867e+00,7.774819e-01,-2.968278e-02
7.740867e+00,1.088445e+00,-2.502197e-02
7.740867e+00,1.523711e+00,-2.22859e-02
7.740867e+00,2.088426e+00,-2.203542e-02
7.740867e+00,2.685505e+00,-2.094133e-02
7.915684e+00,1.570796e-02,-1.294902e-04
7.915684e+00,2.346256e-02,-6.337541e-04
7.915684e+00,3.503514e-02,-3.348405e-03
7.915684e+00,5.263151e-02,-7.628408e-03
7.915684e+00,7.314235e-02,-1.116697e-02
7.915684e+00,1.025928e-01,-1.992414e-02
7.915684e+00,1.448116e-01,-2.601038e-02
7.915684e+00,2.02346e-01,-3.113415e-02
7.915684e+00,2.834245e-01,-3.595669e-02
7.915684e+00,3.967448e-01,-3.741148e-02
7.915684e+00,5.552783e-01,-3.550013e-02
7.915684e+00,7.774819e-01,-3.156548e-02
7.915684e+00,1.088445e+00,-2.679596e-02
7.915684e+00,1.523711e+00,-2.378797e-02
7.915684e+00,2.088426e+00,-2.337112e-02
7.915684e+00,2.685505e+00,-2.20483e-02
8.093998e+00,1.570796e-02,-1.165293e-04
8.093998e+00,2.346256e-02,-5.705684e-04
8.093998e+00,3.503514e-02,-3.015257e-03
8.093998e+00,5.263151e-02,-6.84321e-03
8.093998e+00,7.314235e-02,-1.011576e-02
8.093998e+00,1.025928e-01,-1.833814e-02
8.093998e+00,1.448116e-01,-2.45591e-02
8.093998e+00,2.02346e-01,-3.014553e-02
8.093998e+00,2.834245e-01,-3.589595e-02
8.093998e+00,3.967448e-01,-3.798306e-02
8.093998e+00,5.552783e-01,-3.662403e-02
8.093998e+00,7.774819e-01,-3.290496e-02
8.093998e+00,1.088445e+00,-2.812251e-02
8.093998e+00,1.523711e+00,-2.493222e-02
8.093998e+00,2.088426e+00,-2.43809e-02
8.093998e+00,2.685505e+00,-2.28486e-02
8.275878e+00,1.570796e-02,-1.01927e-04
8.275878e+00,2.346256e-02,-5.086778e-04
8.275878e+00,3.503514e-02,-2.695063e-03
8.275878e+00,5.263151e-02,-6.109895e-03
8.275878e+00,7.314235e-02,-9.058464e-03
8.275878e+00,1.025928e-01,-1.666812e-02
8.275878e+00,1.448116e-01,-2.276829e-02
8.275878e+00,2.02346e-01,-2.870179e-02
8.275878e+00,2.834245e-01,-3.513586e-02
8.275878e+00,3.967448e-01,-3.785574e-02
8.275878e+00,5.552783e-01,-3.721797e-02
8.275878e+00,7.774819e-01,-3.375947e-02
8.275878e+00,1.088445e+00,-2.907814e-02
8.275878e+00,1.523711e+00,-2.580459e-02
8.275878e+00,2.088426e+00,-2.515526e-02
8.275878e+00,2.685505e+00,-2.335556e-02
8.461396e+00,1.570796e-02,-8.754239e-05
8.461396e+00,2.346256e-02,-4.521113e-04
8.461396e+00,3.503514e-02,-2.399593e-03
8.461396e+00,5.263151e-02,-5.4385e-03
8.461396e+00,7.314235e-02,-8.057543e-03
8.461396e+00,1.025928e-01,-1.502286e-02
8.461396e+00,1.448116e-01,-2.084217e-02
8.461396e+00,2.02346e-01,-2.692216e-02
8.461396e+00,2.834245e-01,-3.381501e-02
8.461396e+00,3.967448e-01,-3.711144e-02
8.461396e+00,5.552783e-01,-3.7205e-02
8.461396e+00,7.774819e-01,-3.416272e-02
8.461396e+00,1.088445e+00,-2.963794e-02
8.461396e+00,1.523711e+00,-2.64351e-02
8.461396e+00,2.088426e+00,-2.568911e-02
8.461396e+00,2.685505e+00,-2.374604e-02
8.650623e+00,1.570796e-02,-7.664352e-05
8.650623e+00,2.346256e-02,-4.017717e-04
8.650623e+00,3.503514e-02,-2.152569e-03
8.650623e+00,5.263151e-02,-4.866702e-03
8.650623e+00,7.314235e-02,-7.16654e-03
8.650623e+00,1.025928e-01,-1.347475e-02
8.650623e+00,1.448116e-01,-1.888699e-02
8.650623e+00,2.02346e-01,-2.487285e-02
8.650623e+00,2.834245e-01,-3.201843e-02
8.650623e+00,3.967448e-01,-3.586059e-02
8.650623e+00,5.552783e-01,-3.664186e-02
8.650623e+00,7.774819e-01,-3.412234e-02
8.650623e+00,1.088445e+00,-2.982442e-02
8.650623e+00,1.523711e+00,-2.668001e-02
8.650623e+00,2.088426e+00,-2.590707e-02
8.650623e+00,2.685505e+00,-2.376871e-02
8.843636e+00,1.570796e-02,-6.675234e-05
8.843636e+00,2.346256e-02,-3.601634e-04
8.843636e+00,3.503514e-02,-1.927422e-03
8.843636e+00,5.263151e-02,-4.344266e-03
8.843636e+00,7.314235e-02,-6.365262e-03
8.843636e+00,1.025928e-01,-1.202836e-02
8.843636e+00,1.448116e-01,-1.698242e-02
8.843636e+00,2.02346e-01,-2.272854e-02
8.843636e+00,2.834245e-01,-2.98915e-02
8.843636e+00,3.967448e-01,-3.425565e-02
8.843636e+00,5.552783e-01,-3.563727e-02
8.843636e+00,7.774819e-01,-3.365617e-02
8.843636e+00,1.088445e+00,-2.969206e-02
8.843636e+00,1.523711e+00,-2.671354e-02
8.843636e+00,2.088426e+00,-2.594806e-02
8.843636e+00,2.685505e+00,-2.364067e-02
9.040509e+00,1.570796e-02,-5.885053e-05
9.040509e+00,2.346256e-02,-3.223226e-04
9.040509e+00,3.503514e-02,-1.715967e-03
9.040509e+00,5.263151e-02,-3.864884e-03
9.040509e+00,7.314235e-02,-5.655446e-03
9.040509e+00,1.025928e-01,-1.070809e-02
9.040509e+00,1.448116e-01,-1.517146e-02
9.040509e+00,2.02346e-01,-2.059893e-02
9.040509e+00,2.834245e-01,-2.759456e-02
9.040509e+00,3.967448e-01,-3.234882e-02
9.040509e+00,5.552783e-01,-3.422438e-02
9.040509e+00,7.774819e-01,-3.278186e-02
9.040509e+00,1.088445e+00,-2.925036e-02
9.040509e+00,1.523711e+00,-2.652838e-02
9.040509e+00,2.088426e+00,-2.577313e-02
9.040509e+00,2.685505e+00,-2.335547e-02
9.241319e+00,1.570796e-02,-5.13883e-05
9.241319e+00,2.346256e-02,-2.878759e-04
9.241319e+00,3.503514e-02,-1.520643e-03
9.241319e+00,5.263151e-02,-3.444217e-03
9.241319e+00,7.314235e-02,-5.025674e-03
9.241319e+00,1.025928e-01,-9.48681e-03
9.241319e+00,1.448116e-01,-1.348779e-02
9.241319e+00,2.02346e-01,-1.852357e-02
9.241319e+00,2.834245e-01,-2.5221e-02
9.241319e+00,3.967448e-01,-3.017848e-02
9.241319e+00,5.552783e-01,-3.249727e-02
9.241319e+00,7.774819e-01,-3.161189e-02
9.241319e+00,1.088445e+00,-2.855122e-02
9.241319e+00,1.523711e+00,-2.61304e-02
9.241319e+00,2.088426e+00,-2.546281e-02
9.241319e+00,2.685505e+00,-2.305032e-02
9.446145e+00,1.570796e-02,-4.4212e-05
9.446145e+00,2.346256e-02,-2.536854e-04
9.446145e+00,3.503514e-02,-1.338614e-03
9.446145e+00,5.263151e-02,-3.058296e-03
9.446145e+00,7.314235e-02,-4.464055e-03
9.446145e+00,1.025928e-01,-8.39845e-03
9.446145e+00,1.448116e-01,-1.195349e-02
9.446145e+00,2.02346e-01,-1.658034e-02
9.446145e+00,2.834245e-01,-2.285191e-02
9.446145e+00,3.967448e-01,-2.787924e-02
9.446145e+00,5.552783e-01,-3.056894e-02
9.446145e+00,7.774819e-01,-3.015991e-02
9.446145e+00,1.088445e+00,-2.760019e-02
9.446145e+00,1.523711e+00,-2.548337e-02
9.446145e+00,2.088426e+00,-2.497805e-02
9.446145e+00,2.685505e+00,-2.244228e-02
9.655068e+00,1.570796e-02,-3.780381e-05
9.655068e+00,2.346256e-02,-2.242982e-04
9.655068e+00,3.503514e-02,-1.180032e-03
9.655068e+00,5.263151e-02,-2.710976e-03
9.655068e+00,7.314235e-02,-3.951309e-03
9.655068e+00,1.025928e-01,-7.408469e-03
9.655068e+00,1.448116e-01,-1.055845e-02
9.655068e+00,2.02346e-01,-1.477391e-02
9.655068e+00,2.834245e-01,-2.05677e-02
9.655068e+00,3.967448e-01,-2.548224e-02
9.655068e+00,5.552783e-01,-2.845616e-02
9.655068e+00,7.774819e-01,-2.849007e-02
9.655068e+00,1.088445e+00,-2.646066e-02
9.655068e+00,1.523711e+00,-2.4684e-02
9.655068e+00,2.088426e+00,-2.429792e-02
9.655068e+00,2.685505e+00,-2.168732e-02
9.86817e+00,1.570796e-02,-3.295367e-05
9.86817e+00,2.346256e-02,-1.955421e-04
9.86817e+00,3.503514e-02,-1.03619e-03
9.86817e+00,5.263151e-02,-2.389706e-03
9.86817e+00,7.314235e-02,-3.47797e-03
9.86817e+00,1.025928e-01,-6.507748e-03
9.86817e+00,1.448116e-01,-9.301913e-03
9.86817e+00,2.02346e-01,-1.307565e-02
9.86817e+00,2.834245e-01,-1.838917e-02
9.86817e+00,3.967448e-01,-2.31166e-02
9.86817e+00,5.552783e-01,-2.627433e-02
9.86817e+00,7.774819e-01,-2.668676e-02
9.86817e+00,1.088445e+00,-2.514055e-02
9.86817e+00,1.523711e+00,-2.375534e-02
9.86817e+00,2.088426e+00,-2.348324e-02
9.86817e+00,2.685505e+00,-2.09567e-02
1.008553e+01,1.570796e-02,-2.829335e-05
1.008553e+01,2.346256e-02,-1.695064e-04
1.008553e+01,3.503514e-02,-9.065329e-04
1.008553e+01,5.263151e-02,-2.094825e-03
1.008553e+01,7.314235e-02,-3.045452e-03
1.008553e+01,1.025928e-01,-5.693153e-03
1.008553e+01,1.448116e-01,-8.160779e-03
1.008553e+01,2.02346e-01,-1.152114e-02
1.008553e+01,2.834245e-01,-1.634119e-02
1.008553e+01,3.967448e-01,-2.07911e-02
1.008553e+01,5.552783e-01,-2.402119e-02
1.008553e+01,7.774819e-01,-2.481814e-02
1.008553e+01,1.088445e+00,-2.36953e-02
1.008553e+01,1.523711e+00,-2.270718e-02
1.008553e+01,2.088426e+00,-2.254563e-02
1.008553e+01,2.685505e+00,-2.007592e-02
1.030724e+01,1.570796e-02,-2.405205e-05
1.030724e+01,2.346256e-02,-1.461174e-04
1.030724e+01,3.503514e-02,-7.899558e-04
1.030724e+01,5.263151e-02,-1.834589e-03
1.030724e+01,7.314235e-02,-2.658936e-03
1.030724e+01,1.025928e-01,-4.967005e-03
1.030724e+01,1.448116e-01,-7.144907e-03
1.030724e+01,2.02346e-01,-1.009989e-02
1.030724e+01,2.834245e-01,-1.444435e-02
1.030724e+01,3.967448e-01,-1.857138e-02
1.030724e+01,5.552783e-01,-2.177965e-02
1.030724e+01,7.774819e-01,-2.288643e-02
1.030724e+01,1.088445e+00,-2.216946e-02
1.030724e+01,1.523711e+00,-2.155331e-02
1.030724e+01,2.088426e+00,-2.15506e-02
1.030724e+01,2.685505e+00,-1.915417e-02
1.053339e+01,1.570796e-02,-2.099662e-05
1.053339e+01,2.346256e-02,-1.262558e-04
1.053339e+01,3.503514e-02,-6.889436e-04
1.053339e+01,5.263151e-02,-1.603199e-03
1.053339e+01,7.314235e-02,-2.323677e-03
1.053339e+01,1.025928e-01,-4.33038e-03
1.053339e+01,1.448116e-01,-6.23477e-03
1.053339e+01,2.02346e-01,-8.827477e-03
1.053339e+01,2.834245e-01,-1.271603e-02
1.053339e+01,3.967448e-01,-1.647638e-02
1.053339e+01,5.552783e-01,-1.959301e-02
1.053339e+01,7.774819e-01,-2.092926e-02
1.053339e+01,1.088445e+00,-2.060125e-02
1.053339e+01,1.523711e+00,-2.033401e-02
1.053339e+01,2.088426e+00,-2.04292e-02
1.053339e+01,2.685505e+00,-1.814269e-02
1.076406e+01,1.570796e-02,-1.794285e-05
1.076406e+01,2.346256e-02,-1.079454e-04
1.076406e+01,3.503514e-02,-5.982529e-04
1.076406e+01,5.263151e-02,-1.393473e-03
1.076406e+01,7.314235e-02,-2.023404e-03
1.076406e+01,1.025928e-01,-3.754862e-03
1.076406e+01,1.448116e-01,-5.418364e-03
1.076406e+01,2.02346e-01,-7.68785e-03
1.076406e+01,2.834245e-01,-1.111669e-02
1.076406e+01,3.967448e-01,-1.452869e-02
1.076406e+01,5.552783e-01,-1.749319e-02
1.076406e+01,7.774819e-01,-1.898622e-02
1.076406e+01,1.088445e+00,-1.900173e-02
1.076406e+01,1.523711e+00,-1.900657e-02
1.076406e+01,2.088426e+00,-1.922664e-02
1.076406e+01,2.685505e+00,-1.697987e-02
1.099934e+01,1.570796e-02,-1.536487e-05
1.099934e+01,2.346256e-02,-9.193875e-05
1.099934e+01,3.503514e-02,-5.199775e-04
1.099934e+01,5.263151e-02,-1.206028e-03
1.099934e+01,7.314235e-02,-1.754381e-03
1.099934e+01,1.025928e-01,-3.243377e-03
1.099934e+01,1.448116e-01,-4.692138e-03
1.099934e+01,2.02346e-01,-6.669253e-03
1.099934e+01,2.834245e-01,-9.683019e-03
1.099934e+01,3.967448e-01,-1.272048e-02
1.099934e+01,5.552783e-01,-1.549789e-02
1.099934e+01,7.774819e-01,-1.708106e-02
1.099934e+01,1.088445e+00,-1.737083e-02
1.099934e+01,1.523711e+00,-1.763073e-02
1.099934e+01,2.088426e+00,-1.796013e-02
1.099934e+01,2.685505e+00,-1.583866e-02
1.123932e+01,1.570796e-02,-1.275965e-05
1.123932e+01,2.346256e-02,-7.887065e-05
1.123932e+01,3.503514e-02,-4.476199e-04
1.123932e+01,5.263151e-02,-1.042984e-03
1.123932e+01,7.314235e-02,-1.512292e-03
1.123932e+01,1.025928e-01,-2.78813e-03
1.123932e+01,1.448116e-01,-4.046943e-03
1.123932e+01,2.02346e-01,-5.75559e-03
1.123932e+01,2.834245e-01,-8.385901e-03
1.123932e+01,3.967448e-01,-1.106723e-02
1.123932e+01,5.552783e-01,-1.363327e-02
1.123932e+01,7.774819e-01,-1.524328e-02
1.123932e+01,1.088445e+00,-1.57635e-02
1.123932e+01,1.523711e+00,-1.626027e-02
1.123932e+01,2.088426e+00,-1.668904e-02
1.123932e+01,2.685505e+00,-1.468066e-02
1.148411e+01,1.570796e-02,-1.088914e-05
1.148411e+01,2.346256e-02,-6.653679e-05
1.148411e+01,3.503514e-02,-3.832127e-04
1.148411e+01,5.263151e-02,-8.955697e-04
1.148411e+01,7.314235e-02,-1.298297e-03
1.148411e+01,1.025928e-01,-2.386206e-03
1.148411e+01,1.448116e-01,-3.473627e-03
1.148411e+01,2.02346e-01,-4.948143e-03
1.148411e+01,2.834245e-01,-7.23515e-03
1.148411e+01,3.967448e-01,-9.594555e-03
1.148411e+01,5.552783e-01,-1.191552e-02
1.148411e+01,7.774819e-01,-1.351217e-02
1.148411e+01,1.088445e+00,-1.420934e-02
1.148411e+01,1.523711e+00,-1.488600e-02
1.148411e+01,2.088426e+00,-1.537941e-02
1.148411e+01,2.685505e+00,-1.348169e-02
1.173379e+01,1.570796e-02,-9.193162e-06
1.173379e+01,2.346256e-02,-5.60836e-05
1.173379e+01,3.503514e-02,-3.266224e-04
1.173379e+01,5.263151e-02,-7.657191e-04
1.173379e+01,7.314235e-02,-1.108353e-03
1.173379e+01,1.025928e-01,-2.031536e-03
1.173379e+01,1.448116e-01,-2.96702e-03
1.173379e+01,2.02346e-01,-4.23119e-03
1.173379e+01,2.834245e-01,-6.202608e-03
1.173379e+01,3.967448e-01,-8.252914e-03
1.173379e+01,5.552783e-01,-1.035023e-02
1.173379e+01,7.774819e-01,-1.190043e-02
1.173379e+01,1.088445e+00,-1.273191e-02
1.173379e+01,1.523711e+00,-1.355102e-02
1.173379e+01,2.088426e+00,-1.410973e-02
1.173379e+01,2.685505e+00,-1.2369e-02
1.198847e+01,1.570796e-02,-7.693837e-06
1.198847e+01,2.346256e-02,-4.669091e-05
1.198847e+01,3.503514e-02,-2.768985e-04
1.198847e+01,5.263151e-02,-6.535133e-04
1.198847e+01,7.314235e-02,-9.410803e-04
1.198847e+01,1.025928e-01,-1.721e-03
1.198847e+01,1.448116e-01,-2.520722e-03
1.198847e+01,2.02346e-01,-3.593246e-03
1.198847e+01,2.834245e-01,-5.289523e-03
1.198847e+01,3.967448e-01,-7.067789e-03
1.198847e+01,5.552783e-01,-8.928594e-03
1.198847e+01,7.774819e-01,-1.040371e-02
1.198847e+01,1.088445e+00,-1.132595e-02
1.198847e+01,1.523711e+00,-1.223075e-02
1.198847e+01,2.088426e+00,-1.286596e-02
1.198847e+01,2.685505e+00,-1.131981e-02
1.224824e+01,1.570796e-02,-6.302886e-06
1.224824e+01,2.346256e-02,-3.944116e-05
1.224824e+01,3.503514e-02,-2.33402e-04
1.224824e+01,5.263151e-02,-5.542455e-04
1.224824e+01,7.314235e-02,-7.97573e-04
1.224824e+01,1.025928e-01,-1.452965e-03
1.224824e+01,1.448116e-01,-2.133935e-03
1.224824e+01,2.02346e-01,-3.03966e-03
1.224824e+01,2.834245e-01,-4.486721e-03
1.224824e+01,3.967448e-01,-6.012748e-03
1.224824e+01,5.552783e-01,-7.647557e-03
1.224824e+01,7.774819e-01,-9.049781e-03
1.224824e+01,1.088445e+00,-1.001099e-02
1.224824e+01,1.523711e+00,-1.098163e-02
1.224824e+01,2.088426e+00,-1.168018e-02
1.224824e+01,2.685505e+00,-1.030099e-02
1.251320e+01,1.570796e-02,-5.320071e-06
1.251320e+01,2.346256e-02,-3.240454e-05
1.251320e+01,3.503514e-02,-1.948727e-04
1.251320e+01,5.263151e-02,-4.648856e-04
1.251320e+01,7.314235e-02,-6.709575e-04
1.251320e+01,1.025928e-01,-1.222715e-03
1.251320e+01,1.448116e-01,-1.794241e-03
1.251320e+01,2.02346e-01,-2.558927e-03
1.251320e+01,2.834245e-01,-3.784713e-03
1.251320e+01,3.967448e-01,-5.085614e-03
1.251320e+01,5.552783e-01,-6.520051e-03
1.251320e+01,7.774819e-01,-7.817391e-03
1.251320e+01,1.088445e+00,-8.784136e-03
1.251320e+01,1.523711e+00,-9.80171e-03
1.251320e+01,2.088426e+00,-1.051823e-02
1.251320e+01,2.685505e+00,-9.337621e-03
1.278347e+01,1.570796e-02,-4.628283e-06
1.278347e+01,2.346256e-02,-2.687789e-05
1.278347e+01,3.503514e-02,-1.623624e-04
1.278347e+01,5.263151e-02,-3.894085e-04
1.278347e+01,7.314235e-02,-5.612284e-04
1.278347e+01,1.025928e-01,-1.020236e-03
1.278347e+01,1.448116e-01,-1.501539e-03
1.278347e+01,2.02346e-01,-2.139087e-03
1.278347e+01,2.834245e-01,-3.178031e-03
1.278347e+01,3.967448e-01,-4.279499e-03
1.278347e+01,5.552783e-01,-5.529507e-03
1.278347e+01,7.774819e-01,-6.71561e-03
1.278347e+01,1.088445e+00,-7.662072e-03
1.278347e+01,1.523711e+00,-8.685014e-03
1.278347e+01,2.088426e+00,-9.417986e-03
1.278347e+01,2.685505e+00,-8.415031e-03
1.305914e+01,1.570796e-02,-3.702271e-06
1.305914e+01,2.346256e-02,-2.252332e-05
1.305914e+01,3.503514e-02,-1.346744e-04
1.305914e+01,5.263151e-02,-3.246925e-04
1.305914e+01,7.314235e-02,-4.673109e-04
1.305914e+01,1.025928e-01,-8.505774e-04
1.305914e+01,1.448116e-01,-1.250328e-03
1.305914e+01,2.02346e-01,-1.780327e-03
1.305914e+01,2.834245e-01,-2.653519e-03
1.305914e+01,3.967448e-01,-3.581807e-03
1.305914e+01,5.552783e-01,-4.658997e-03
1.305914e+01,7.774819e-01,-5.724481e-03
1.305914e+01,1.088445e+00,-6.635345e-03
1.305914e+01,1.523711e+00,-7.64346e-03
1.305914e+01,2.088426e+00,-8.398964e-03
1.305914e+01,2.685505e+00,-7.562627e-03
1.334032e+01,1.570796e-02,-3.201296e-06
1.334032e+01,2.346256e-02,-1.85846e-05
1.334032e+01,3.503514e-02,-1.110729e-04
1.334032e+01,5.263151e-02,-2.689256e-04
1.334032e+01,7.314235e-02,-3.878121e-04
1.334032e+01,1.025928e-01,-7.031006e-04
1.334032e+01,1.448116e-01,-1.039375e-03
1.334032e+01,2.02346e-01,-1.471161e-03
1.334032e+01,2.834245e-01,-2.19955e-03
1.334032e+01,3.967448e-01,-2.975705e-03
1.334032e+01,5.552783e-01,-3.897349e-03
1.334032e+01,7.774819e-01,-4.843254e-03
1.334032e+01,1.088445e+00,-5.704099e-03
1.334032e+01,1.523711e+00,-6.684246e-03
1.334032e+01,2.088426e+00,-7.411907e-03
1.334032e+01,2.685505e+00,-6.722934e-03
1.362713e+01,1.570796e-02,-2.722385e-06
1.362713e+01,2.346256e-02,-1.515497e-05
1.362713e+01,3.503514e-02,-9.077487e-05
1.362713e+01,5.263151e-02,-2.217077e-04
1.362713e+01,7.314235e-02,-3.200152e-04
1.362713e+01,1.025928e-01,-5.780743e-04
1.362713e+01,1.448116e-01,-8.574758e-04
1.362713e+01,2.02346e-01,-1.210218e-03
1.362713e+01,2.834245e-01,-1.812698e-03
1.362713e+01,3.967448e-01,-2.465985e-03
1.362713e+01,5.552783e-01,-3.24615e-03
1.362713e+01,7.774819e-01,-4.083604e-03
1.362713e+01,1.088445e+00,-4.881194e-03
1.362713e+01,1.523711e+00,-5.804327e-03
1.362713e+01,2.088426e+00,-6.517139e-03
1.362713e+01,2.685505e+00,-5.937504e-03
1.391967e+01,1.570796e-02,-2.317927e-06
1.391967e+01,2.346256e-02,-1.249429e-05
1.391967e+01,3.503514e-02,-7.429174e-05
1.391967e+01,5.263151e-02,-1.815683e-04
1.391967e+01,7.314235e-02,-2.609941e-04
1.391967e+01,1.025928e-01,-4.717578e-04
1.391967e+01,1.448116e-01,-6.986408e-04
1.391967e+01,2.02346e-01,-9.876173e-04
1.391967e+01,2.834245e-01,-1.480699e-03
1.391967e+01,3.967448e-01,-2.027779e-03
1.391967e+01,5.552783e-01,-2.677136e-03
1.391967e+01,7.774819e-01,-3.409044e-03
1.391967e+01,1.088445e+00,-4.147864e-03
1.391967e+01,1.523711e+00,-5.00292e-03
1.391967e+01,2.088426e+00,-5.692778e-03
1.391967e+01,2.685505e+00,-5.214019e-03
1.421806e+01,1.570796e-02,-1.879859e-06
1.421806e+01,2.346256e-02,-1.004811e-05
1.421806e+01,3.503514e-02,-6.069988e-05
1.421806e+01,5.263151e-02,-1.474636e-04
1.421806e+01,7.314235e-02,-2.126382e-04
1.421806e+01,1.025928e-01,-3.840727e-04
1.421806e+01,1.448116e-01,-5.686318e-04
1.421806e+01,2.02346e-01,-8.060637e-04
1.421806e+01,2.834245e-01,-1.20991e-03
1.421806e+01,3.967448e-01,-1.662026e-03
1.421806e+01,5.552783e-01,-2.203406e-03
1.421806e+01,7.774819e-01,-2.835256e-03
1.421806e+01,1.088445e+00,-3.509805e-03
1.421806e+01,1.523711e+00,-4.299992e-03
1.421806e+01,2.088426e+00,-4.954065e-03
1.421806e+01,2.685505e+00,-4.570342e-03
1.452242e+01,1.570796e-02,-1.512319e-06
1.452242e+01,2.346256e-02,-8.184008e-06
1.452242e+01,3.503514e-02,-4.890428e-05
1.452242e+01,5.263151e-02,-1.193461e-04
1.452242e+01,7.314235e-02,-1.719498e-04
1.452242e+01,1.025928e-01,-3.096908e-04
1.452242e+01,1.448116e-01,-4.598661e-04
1.452242e+01,2.02346e-01,-6.536708e-04
1.452242e+01,2.834245e-01,-9.803962e-04
1.452242e+01,3.967448e-01,-1.351416e-03
1.452242e+01,5.552783e-01,-1.806597e-03
1.452242e+01,7.774819e-01,-2.349418e-03
1.452242e+01,1.088445e+00,-2.950388e-03
1.452242e+01,1.523711e+00,-3.664589e-03
1.452242e+01,2.088426e+00,-4.279809e-03
1.452242e+01,2.685505e+00,-4.004325e-03
1.483287e+01,1.570796e-02,-1.199552e-06
1.483287e+01,2.346256e-02,-6.462626e-06
1.483287e+01,3.503514e-02,-3.945231e-05
1.483287e+01,5.263151e-02,-9.650684e-05
1.483287e+01,7.314235e-02,-1.38151e-04
1.483287e+01,1.025928e-01,-2.487238e-04
1.483287e+01,1.448116e-01,-3.685561e-04
1.483287e+01,2.02346e-01,-5.277548e-04
1.483287e+01,2.834245e-01,-7.911391e-04
1.483287e+01,3.967448e-01,-1.090125e-03
1.483287e+01,5.552783e-01,-1.466926e-03
1.483287e+01,7.774819e-01,-1.926061e-03
1.483287e+01,1.088445e+00,-2.460698e-03
1.483287e+01,1.523711e+00,-3.09502e-03
1.483287e+01,2.088426e+00,-3.654582e-03
1.483287e+01,2.685505e+00,-3.442742e-03
1.514953e+01,1.570796e-02,-9.747476e-07
1.514953e+01,2.346256e-02,-5.229932e-06
1.514953e+01,3.503514e-02,-3.128008e-05
1.514953e+01,5.263151e-02,-7.707472e-05
1.514953e+01,7.314235e-02,-1.106054e-04
1.514953e+01,1.025928e-01,-1.991009e-04
1.514953e+01,1.448116e-01,-2.946664e-04
1.514953e+01,2.02346e-01,-4.234178e-04
1.514953e+01,2.834245e-01,-6.326831e-04
1.514953e+01,3.967448e-01,-8.733431e-04
1.514953e+01,5.552783e-01,-1.185012e-03
1.514953e+01,7.774819e-01,-1.570742e-03
1.514953e+01,1.088445e+00,-2.038256e-03
1.514953e+01,1.523711e+00,-2.602781e-03
1.514953e+01,2.088426e+00,-3.104265e-03
1.514953e+01,2.685505e+00,-2.945431e-03
1.547252e+01,1.570796e-02,-7.778356e-07
1.547252e+01,2.346256e-02,-4.201072e-06
1.547252e+01,3.503514e-02,-2.456775e-05
1.547252e+01,5.263151e-02,-6.170737e-05
1.547252e+01,7.314235e-02,-8.764654e-05
1.547252e+01,1.025928e-01,-1.596248e-04
1.547252e+01,1.448116e-01,-2.364106e-04
1.547252e+01,2.02346e-01,-3.374114e-04
1.547252e+01,2.834245e-01,-5.068614e-04
1.547252e+01,3.967448e-01,-7.012498e-04
1.547252e+01,5.552783e-01,-9.519405e-04
1.547252e+01,7.774819e-01,-1.278607e-03
1.547252e+01,1.088445e+00,-1.681651e-03
1.547252e+01,1.523711e+00,-2.178283e-03
1.547252e+01,2.088426e+00,-2.622205e-03
1.547252e+01,2.685505e+00,-2.486797e-03
1.580197e+01,1.570796e-02,-6.25264e-07
1.580197e+01,2.346256e-02,-3.309089e-06
1.580197e+01,3.503514e-02,-1.885601e-05
1.580197e+01,5.263151e-02,-4.895605e-05
1.580197e+01,7.314235e-02,-6.929381e-05
1.580197e+01,1.025928e-01,-1.267243e-04
1.580197e+01,1.448116e-01,-1.869063e-04
1.580197e+01,2.02346e-01,-2.676190e-04
1.580197e+01,2.834245e-01,-4.026977e-04
1.580197e+01,3.967448e-01,-5.575259e-04
1.580197e+01,5.552783e-01,-7.620599e-04
1.580197e+01,7.774819e-01,-1.0327e-03
1.580197e+01,1.088445e+00,-1.373951e-03
1.580197e+01,1.523711e+00,-1.811436e-03
1.580197e+01,2.088426e+00,-2.200286e-03
1.580197e+01,2.685505e+00,-2.098595e-03
1.613801e+01,1.570796e-02,-5.238126e-07
1.613801e+01,2.346256e-02,-2.676339e-06
1.613801e+01,3.503514e-02,-1.436411e-05
1.613801e+01,5.263151e-02,-3.833404e-05
1.613801e+01,7.314235e-02,-5.550834e-05
1.613801e+01,1.025928e-01,-1.002564e-04
1.613801e+01,1.448116e-01,-1.480652e-04
1.613801e+01,2.02346e-01,-2.108387e-04
1.613801e+01,2.834245e-01,-3.178867e-04
1.613801e+01,3.967448e-01,-4.408658e-04
1.613801e+01,5.552783e-01,-6.07967e-04
1.613801e+01,7.774819e-01,-8.318469e-04
1.613801e+01,1.088445e+00,-1.118957e-03
1.613801e+01,1.523711e+00,-1.488685e-03
1.613801e+01,2.088426e+00,-1.824183e-03
1.613801e+01,2.685505e+00,-1.742000e-03
1.648077e+01,1.570796e-02,-4.039142e-07
1.648077e+01,2.346256e-02,-2.078305e-06
1.648077e+01,3.503514e-02,-1.089839e-05
1.648077e+01,5.263151e-02,-2.992577e-05
1.648077e+01,7.314235e-02,-4.27269e-05
1.648077e+01,1.025928e-01,-7.83733e-05
1.648077e+01,1.448116e-01,-1.153355e-04
1.648077e+01,2.02346e-01,-1.635581e-04
1.648077e+01,2.834245e-01,-2.478377e-04
1.648077e+01,3.967448e-01,-3.452262e-04
1.648077e+01,5.552783e-01,-4.782042e-04
1.648077e+01,7.774819e-01,-6.614047e-04
1.648077e+01,1.088445e+00,-8.971401e-04
1.648077e+01,1.523711e+00,-1.211067e-03
1.648077e+01,2.088426e+00,-1.495884e-03
1.648077e+01,2.685505e+00,-1.417469e-03
1.683038e+01,1.570796e-02,-3.131275e-07
1.683038e+01,2.346256e-02,-1.532396e-06
1.683038e+01,3.503514e-02,-8.156201e-06
1.683038e+01,5.263151e-02,-2.319281e-05
1.683038e+01,7.314235e-02,-3.302143e-05
1.683038e+01,1.025928e-01,-6.103776e-05
1.683038e+01,1.448116e-01,-8.914808e-05
1.683038e+01,2.02346e-01,-1.268004e-04
1.683038e+01,2.834245e-01,-1.91819e-04
1.683038e+01,3.967448e-01,-2.67605e-04
1.683038e+01,5.552783e-01,-3.746876e-04
1.683038e+01,7.774819e-01,-5.222007e-04
1.683038e+01,1.088445e+00,-7.160988e-04
1.683038e+01,1.523711e+00,-9.775583e-04
1.683038e+01,2.088426e+00,-1.21341e-03
1.683038e+01,2.685505e+00,-1.157805e-03
1.718699e+01,1.570796e-02,-2.345230e-07
1.718699e+01,2.346256e-02,-1.260549e-06
1.718699e+01,3.503514e-02,-6.425880e-06
1.718699e+01,5.263151e-02,-1.779228e-05
1.718699e+01,7.314235e-02,-2.597276e-05
1.718699e+01,1.025928e-01,-4.66705e-05
1.718699e+01,1.448116e-01,-6.857685e-05
1.718699e+01,2.02346e-01,-9.777439e-05
1.718699e+01,2.834245e-01,-1.477465e-04
1.718699e+01,3.967448e-01,-2.064332e-04
1.718699e+01,5.552783e-01,-2.908873e-04
1.718699e+01,7.774819e-01,-4.098664e-04
1.718699e+01,1.088445e+00,-5.656646e-04
1.718699e+01,1.523711e+00,-7.783035e-04
1.718699e+01,2.088426e+00,-9.730299e-04
1.718699e+01,2.685505e+00,-9.319707e-04
1.755073e+01,1.570796e-02,-1.90737e-07
1.755073e+01,2.346256e-02,-9.819906e-07
1.755073e+01,3.503514e-02,-5.005865e-06
1.755073e+01,5.263151e-02,-1.367447e-05
1.755073e+01,7.314235e-02,-1.969089e-05
1.755073e+01,1.025928e-01,-3.563818e-05
1.755073e+01,1.448116e-01,-5.211111e-05
1.755073e+01,2.02346e-01,-7.439418e-05
1.755073e+01,2.834245e-01,-1.12399e-04
1.755073e+01,3.967448e-01,-1.574322e-04
1.755073e+01,5.552783e-01,-2.240343e-04
1.755073e+01,7.774819e-01,-3.183636e-04
1.755073e+01,1.088445e+00,-4.428717e-04
1.755073e+01,1.523711e+00,-6.151146e-04
1.755073e+01,2.088426e+00,-7.698659e-04
1.755073e+01,2.685505e+00,-7.384651e-04
1.792175e+01,1.570796e-02,-1.575542e-07
1.792175e+01,2.346256e-02,-7.041892e-07
1.792175e+01,3.503514e-02,-3.787575e-06
1.792175e+01,5.263151e-02,-1.018551e-05
1.792175e+01,7.314235e-02,-1.480113e-05
1.792175e+01,1.025928e-01,-2.669253e-05
1.792175e+01,1.448116e-01,-3.926194e-05
1.792175e+01,2.02346e-01,-5.641587e-05
1.792175e+01,2.834245e-01,-8.443123e-05
1.792175e+01,3.967448e-01,-1.185207e-04
1.792175e+01,5.552783e-01,-1.696185e-04
1.792175e+01,7.774819e-01,-2.42118e-04
1.792175e+01,1.088445e+00,-3.393856e-04
1.792175e+01,1.523711e+00,-4.728025e-04
1.792175e+01,2.088426e+00,-5.963031e-04
1.792175e+01,2.685505e+00,-5.729947e-04
1.830018e+01,1.570796e-02,-1.161363e-07
1.830018e+01,2.346256e-02,-5.00427e-07
1.830018e+01,3.503514e-02,-2.767428e-06
1.830018e+01,5.263151e-02,-7.417606e-06
1.830018e+01,7.314235e-02,-1.088554e-05
1.830018e+01,1.025928e-01,-1.949665e-05
1.830018e+01,1.448116e-01,-2.894207e-05
1.830018e+01,2.02346e-01,-4.150796e-05
1.830018e+01,2.834245e-01,-6.194524e-05
1.830018e+01,3.967448e-01,-8.775621e-05
1.830018e+01,5.552783e-01,-1.261085e-04
1.830018e+01,7.774819e-01,-1.809832e-04
1.830018e+01,1.088445e+00,-2.555224e-04
1.830018e+01,1.523711e+00,-3.593325e-04
1.830018e+01,2.088426e+00,-4.533569e-04
1.830018e+01,2.685505e+00,-4.288274e-04
1.868618e+01,1.570796e-02,-8.498814e-08
1.868618e+01,2.346256e-02,-3.795903e-07
1.868618e+01,3.503514e-02,-1.987095e-06
1.868618e+01,5.263151e-02,-5.272263e-06
1.868618e+01,7.314235e-02,-7.818998e-06
1.868618e+01,1.025928e-01,-1.404355e-05
1.868618e+01,1.448116e-01,-2.114879e-05
1.868618e+01,2.02346e-01,-3.011003e-05
1.868618e+01,2.834245e-01,-4.518158e-05
1.868618e+01,3.967448e-01,-6.377573e-05
1.868618e+01,5.552783e-01,-9.246030e-05
1.868618e+01,7.774819e-01,-1.327013e-04
1.868618e+01,1.088445e+00,-1.886942e-04
1.868618e+01,1.523711e+00,-2.682839e-04
1.868618e+01,2.088426e+00,-3.401599e-04
1.868618e+01,2.685505e+00,-3.249937e-04
1.907991e+01,1.570796e-02,-5.438514e-08
1.907991e+01,2.346256e-02,-2.697062e-07
1.907991e+01,3.503514e-02,-1.455935e-06
1.907991e+01,5.263151e-02,-3.746776e-06
1.907991e+01,7.314235e-02,-5.597896e-06
1.907991e+01,1.025928e-01,-1.002154e-05
1.907991e+01,1.448116e-01,-1.508206e-05
1.907991e+01,2.02346e-01,-2.176667e-05
1.907991e+01,2.834245e-01,-3.262006e-05
1.907991e+01,3.967448e-01,-4.579706e-05
1.907991e+01,5.552783e-01,-6.701873e-05
1.907991e+01,7.774819e-01,-9.647828e-05
1.907991e+01,1.088445e+00,-1.37456e-04
1.907991e+01,1.523711e+00,-1.972449e-04
1.907991e+01,2.088426e+00,-2.511589e-04
1.907991e+01,2.685505e+00,-2.374614e-04
1.948151e+01,1.570796e-02,-3.859694e-08
1.948151e+01,2.346256e-02,-1.790427e-07
1.948151e+01,3.503514e-02,-1.03224e-06
1.948151e+01,5.263151e-02,-2.595038e-06
1.948151e+01,7.314235e-02,-3.866382e-06
1.948151e+01,1.025928e-01,-7.015796e-06
1.948151e+01,1.448116e-01,-1.060846e-05
1.948151e+01,2.02346e-01,-1.524292e-05
1.948151e+01,2.834245e-01,-2.292345e-05
1.948151e+01,3.967448e-01,-3.232533e-05
1.948151e+01,5.552783e-01,-4.748353e-05
1.948151e+01,7.774819e-01,-6.886504e-05
1.948151e+01,1.088445e+00,-9.830793e-05
1.948151e+01,1.523711e+00,-1.426e-04
1.948151e+01,2.088426e+00,-1.808482e-04
1.948151e+01,2.685505e+00,-1.717934e-04
1.989114e+01,1.570796e-02,-2.213007e-08
1.989114e+01,2.346256e-02,-1.204559e-07
1.989114e+01,3.503514e-02,-7.126442e-07
1.989114e+01,5.263151e-02,-1.772369e-06
1.989114e+01,7.314235e-02,-2.663022e-06
1.989114e+01,1.025928e-01,-4.844637e-06
1.989114e+01,1.448116e-01,-7.32039e-06
1.989114e+01,2.02346e-01,-1.052846e-05
1.989114e+01,2.834245e-01,-1.581429e-05
1.989114e+01,3.967448e-01,-2.251794e-05
1.989114e+01,5.552783e-01,-3.330178e-05
1.989114e+01,7.774819e-01,-4.839334e-05
1.989114e+01,1.088445e+00,-6.911287e-05
1.989114e+01,1.523711e+00,-1.007806e-04
1.989114e+01,2.088426e+00,-1.290624e-04
1.989114e+01,2.685505e+00,-1.230447e-04
2.030896e+01,1.570796e-02,-1.501412e-08
2.030896e+01,2.346256e-02,-6.556819e-08
2.030896e+01,3.503514e-02,-4.726597e-07
2.030896e+01,5.263151e-02,-1.162984e-06
2.030896e+01,7.314235e-02,-1.790161e-06
2.030896e+01,1.025928e-01,-3.245781e-06
2.030896e+01,1.448116e-01,-4.969289e-06
2.030896e+01,2.02346e-01,-7.267318e-06
2.030896e+01,2.834245e-01,-1.077169e-05
2.030896e+01,3.967448e-01,-1.547789e-05
2.030896e+01,5.552783e-01,-2.282367e-05
2.030896e+01,7.774819e-01,-3.328651e-05
2.030896e+01,1.088445e+00,-4.847411e-05
2.030896e+01,1.523711e+00,-7.036546e-05
2.030896e+01,2.088426e+00,-9.057318e-05
2.030896e+01,2.685505e+00,-8.616831e-05
2.073514e+01,1.570796e-02,-1.084681e-08
2.073514e+01,2.346256e-02,-4.861507e-08
2.073514e+01,3.503514e-02,-3.143259e-07
2.073514e+01,5.263151e-02,-7.675293e-07
2.073514e+01,7.314235e-02,-1.190911e-06
2.073514e+01,1.025928e-01,-2.089287e-06
2.073514e+01,1.448116e-01,-3.345299e-06
2.073514e+01,2.02346e-01,-4.859536e-06
2.073514e+01,2.834245e-01,-7.221234e-06
2.073514e+01,3.967448e-01,-1.036429e-05
2.073514e+01,5.552783e-01,-1.535653e-05
2.073514e+01,7.774819e-01,-2.250773e-05
2.073514e+01,1.088445e+00,-3.327635e-05
2.073514e+01,1.523711e+00,-4.849787e-05
2.073514e+01,2.088426e+00,-6.246702e-05
2.073514e+01,2.685505e+00,-5.923547e-05
2.116984e+01,1.570796e-02,-8.85735e-09
2.116984e+01,2.346256e-02,-2.979793e-08
2.116984e+01,3.503514e-02,-2.263304e-07
2.116984e+01,5.263151e-02,-4.948759e-07
2.116984e+01,7.314235e-02,-7.749244e-07
2.116984e+01,1.025928e-01,-1.42328e-06
2.116984e+01,1.448116e-01,-2.220002e-06
2.116984e+01,2.02346e-01,-3.207245e-06
2.116984e+01,2.834245e-01,-4.832346e-06
2.116984e+01,3.967448e-01,-6.926314e-06
2.116984e+01,5.552783e-01,-1.028239e-05
2.116984e+01,7.774819e-01,-1.521789e-05
2.116984e+01,1.088445e+00,-2.240972e-05
2.116984e+01,1.523711e+00,-3.288881e-05
2.116984e+01,2.088426e+00,-4.222930e-05
2.116984e+01,2.685505e+00,-3.897828e-05
2.161324e+01,1.570796e-02,-7.327091e-09
2.161324e+01,2.346256e-02,-1.574913e-08
2.161324e+01,3.503514e-02,-1.551572e-07
2.161324e+01,5.263151e-02,-3.045574e-07
2.161324e+01,7.314235e-02,-4.947531e-07
2.161324e+01,1.025928e-01,-9.019693e-07
2.161324e+01,1.448116e-01,-1.387784e-06
2.161324e+01,2.02346e-01,-1.987586e-06
2.161324e+01,2.834245e-01,-3.094975e-06
2.161324e+01,3.967448e-01,-4.425128e-06
2.161324e+01,5.552783e-01,-6.570479e-06
2.161324e+01,7.774819e-01,-9.827728e-06
2.161324e+01,1.088445e+00,-1.44725e-05
2.161324e+01,1.523711e+00,-2.130792e-05
2.161324e+01,2.088426e+00,-2.767702e-05
2.161324e+01,2.685505e+00,-2.561204e-05
2.206550e+01,1.570796e-02,-4.356681e-09
2.206550e+01,2.346256e-02,-4.935654e-09
2.206550e+01,3.503514e-02,-1.034409e-07
2.206550e+01,5.263151e-02,-1.933594e-07
2.206550e+01,7.314235e-02,-2.860098e-07
2.206550e+01,1.025928e-01,-5.283468e-07
2.206550e+01,1.448116e-01,-8.694327e-07
2.206550e+01,2.02346e-01,-1.19608e-06
2.206550e+01,2.834245e-01,-1.918581e-06
2.206550e+01,3.967448e-01,-2.73072e-06
2.206550e+01,5.552783e-01,-4.111242e-06
2.206550e+01,7.774819e-01,-6.18552e-06
2.206550e+01,1.088445e+00,-9.176351e-06
2.206550e+01,1.523711e+00,-1.359192e-05
2.206550e+01,2.088426e+00,-1.762721e-05
2.206550e+01,2.685505e+00,-1.668687e-05
2.252681e+01,1.570796e-02,1.267903e-10
2.252681e+01,2.346256e-02,5.21222e-10
2.252681e+01,3.503514e-02,2.828087e-09
2.252681e+01,5.263151e-02,6.323356e-09
2.252681e+01,7.314235e-02,9.32485e-09
2.252681e+01,1.025928e-01,1.796926e-08
2.252681e+01,1.448116e-01,2.575923e-08
2.252681e+01,2.02346e-01,3.647796e-08
2.252681e+01,2.834245e-01,5.441146e-08
2.252681e+01,3.967448e-01,7.841515e-08
2.252681e+01,5.552783e-01,1.093678e-07
2.252681e+01,7.774819e-01,1.409593e-07
2.252681e+01,1.088445e+00,1.541532e-07
2.252681e+01,1.523711e+00,1.324221e-07
2.252681e+01,2.088426e+00,8.615848e-08
2.252681e+01,2.685505e+00,4.059863e-08
2.299735e+01,1.570796e-02,1.190793e-10
2.299735e+01,2.346256e-02,4.898449e-10
2.299735e+01,3.503514e-02,2.66085e-09
2.299735e+01,5.263151e-02,5.947963e-09
2.299735e+01,7.314235e-02,8.771513e-09
2.299735e+01,1.025928e-01,1.692184e-08
2.299735e+01,1.448116e-01,2.42533e-08
2.299735e+01,2.02346e-01,3.441555e-08
2.299735e+01,2.834245e-01,5.159531e-08
2.299735e+01,3.967448e-01,7.486206e-08
2.299735e+01,5.552783e-01,1.051114e-07
2.299735e+01,7.774819e-01,1.3626e-07
2.299735e+01,1.088445e+00,1.499412e-07
2.299735e+01,1.523711e+00,1.302785e-07
2.299735e+01,2.088426e+00,8.600048e-08
2.299735e+01,2.685505e+00,4.064038e-08
2.34773e+01,1.570796e-02,1.115845e-10
2.34773e+01,2.346256e-02,4.596884e-10
2.34773e+01,3.503514e-02,2.494856e-09
2.34773e+01,5.263151e-02,5.577652e-09
2.34773e+01,7.314235e-02,8.226129e-09
2.34773e+01,1.025928e-01,1.588691e-08
2.34773e+01,1.448116e-01,2.277163e-08
2.34773e+01,2.02346e-01,3.24055e-08
2.34773e+01,2.834245e-01,4.883418e-08
2.34773e+01,3.967448e-01,7.13225e-08
2.34773e+01,5.552783e-01,1.007835e-07
2.34773e+01,7.774819e-01,1.313982e-07
2.34773e+01,1.088445e+00,1.456169e-07
2.34773e+01,1.523711e+00,1.280546e-07
2.34773e+01,2.088426e+00,8.584433e-08
2.34773e+01,2.685505e+00,4.075527e-08
2.396684e+01,1.570796e-02,1.042043e-10
2.396684e+01,2.346256e-02,4.299393e-10
2.396684e+01,3.503514e-02,2.331727e-09
2.396684e+01,5.263151e-02,5.214662e-09
2.396684e+01,7.314235e-02,7.690752e-09
2.396684e+01,1.025928e-01,1.487498e-08
2.396684e+01,1.448116e-01,2.132369e-08
2.396684e+01,2.02346e-01,3.042054e-08
2.396684e+01,2.834245e-01,4.611509e-08
2.396684e+01,3.967448e-01,6.778107e-08
2.396684e+01,5.552783e-01,9.639915e-08
2.396684e+01,7.774819e-01,1.263788e-07
2.396684e+01,1.088445e+00,1.410126e-07
2.396684e+01,1.523711e+00,1.256731e-07
2.396684e+01,2.088426e+00,8.566117e-08
2.396684e+01,2.685505e+00,4.088331e-08
2.446618e+01,1.570796e-02,9.701618e-11
2.446618e+01,2.346256e-02,4.007677e-10
2.446618e+01,3.503514e-02,2.172351e-09
2.446618e+01,5.263151e-02,4.859338e-09
2.446618e+01,7.314235e-02,7.168219e-09
2.446618e+01,1.025928e-01,1.3885e-08
2.446618e+01,1.448116e-01,1.990375e-08
2.446618e+01,2.02346e-01,2.848587e-08
2.446618e+01,2.834245e-01,4.343880e-08
2.446618e+01,3.967448e-01,6.424942e-08
2.446618e+01,5.552783e-01,9.193241e-08
2.446618e+01,7.774819e-01,1.211658e-07
2.446618e+01,1.088445e+00,1.361952e-07
2.446618e+01,1.523711e+00,1.232047e-07
2.446618e+01,2.088426e+00,8.553112e-08
2.446618e+01,2.685505e+00,4.117268e-08
2.497550e+01,1.570796e-02,8.992509e-11
2.497550e+01,2.346256e-02,3.723941e-10
2.497550e+01,3.503514e-02,2.016637e-09
2.497550e+01,5.263151e-02,4.513653e-09
2.497550e+01,7.314235e-02,6.658562e-09
2.497550e+01,1.025928e-01,1.291876e-08
2.497550e+01,1.448116e-01,1.852535e-08
2.497550e+01,2.02346e-01,2.65946e-08
2.497550e+01,2.834245e-01,4.080136e-08
2.497550e+01,3.967448e-01,6.072114e-08
2.497550e+01,5.552783e-01,8.74048e-08
2.497550e+01,7.774819e-01,1.157863e-07
2.497550e+01,1.088445e+00,1.311882e-07
2.497550e+01,1.523711e+00,1.205472e-07
2.497550e+01,2.088426e+00,8.544130e-08
2.497550e+01,2.685505e+00,4.157478e-08
2.549501e+01,1.570796e-02,8.306114e-11
2.549501e+01,2.346256e-02,3.448417e-10
2.549501e+01,3.503514e-02,1.865072e-09
2.549501e+01,5.263151e-02,4.176677e-09
2.549501e+01,7.314235e-02,6.162099e-09
2.549501e+01,1.025928e-01,1.198148e-08
2.549501e+01,1.448116e-01,1.71852e-08
2.549501e+01,2.02346e-01,2.474475e-08
2.549501e+01,2.834245e-01,3.821298e-08
2.549501e+01,3.967448e-01,5.717587e-08
2.549501e+01,5.552783e-01,8.277762e-08
2.549501e+01,7.774819e-01,1.102622e-07
2.549501e+01,1.088445e+00,1.260525e-07
2.549501e+01,1.523711e+00,1.177267e-07
2.549501e+01,2.088426e+00,8.529659e-08
2.549501e+01,2.685505e+00,4.218757e-08
2.602491e+01,1.570796e-02,7.638072e-11
2.602491e+01,2.346256e-02,3.177966e-10
2.602491e+01,3.503514e-02,1.717467e-09
2.602491e+01,5.263151e-02,3.848529e-09
2.602491e+01,7.314235e-02,5.678613e-09
2.602491e+01,1.025928e-01,1.106338e-08
2.602491e+01,1.448116e-01,1.587516e-08
2.602491e+01,2.02346e-01,2.293631e-08
2.602491e+01,2.834245e-01,3.564775e-08
2.602491e+01,3.967448e-01,5.362789e-08
2.602491e+01,5.552783e-01,7.804625e-08
2.602491e+01,7.774819e-01,1.045763e-07
2.602491e+01,1.088445e+00,1.20632e-07
2.602491e+01,1.523711e+00,1.147213e-07
2.602491e+01,2.088426e+00,8.531795e-08
2.602491e+01,2.685505e+00,4.302904e-08
2.656541e+01,1.570796e-02,6.985047e-11
2.656541e+01,2.346256e-02,2.914765e-10
2.656541e+01,3.503514e-02,1.574121e-09
2.656541e+01,5.263151e-02,3.529347e-09
2.656541e+01,7.314235e-02,5.209952e-09
2.656541e+01,1.025928e-01,1.017151e-08
2.656541e+01,1.448116e-01,1.460220e-08
2.656541e+01,2.02346e-01,2.11678e-08
2.656541e+01,2.834245e-01,3.310945e-08
2.656541e+01,3.967448e-01,5.005848e-08
2.656541e+01,5.552783e-01,7.325868e-08
2.656541e+01,7.774819e-01,9.866321e-08
2.656541e+01,1.088445e+00,1.148923e-07
2.656541e+01,1.523711e+00,1.114386e-07
2.656541e+01,2.088426e+00,8.517024e-08
2.656541e+01,2.685505e+00,4.411486e-08
2.711672e+01,1.570796e-02,6.35583e-11
2.711672e+01,2.346256e-02,2.656497e-10
2.711672e+01,3.503514e-02,1.434687e-09
2.711672e+01,5.263151e-02,3.219472e-09
2.711672e+01,7.314235e-02,4.752464e-09
2.711672e+01,1.025928e-01,9.302202e-09
2.711672e+01,1.448116e-01,1.335829e-08
2.711672e+01,2.02346e-01,1.943568e-08
2.711672e+01,2.834245e-01,3.058991e-08
2.711672e+01,3.967448e-01,4.646536e-08
2.711672e+01,5.552783e-01,6.837319e-08
2.711672e+01,7.774819e-01,9.2584e-08
2.711672e+01,1.088445e+00,1.088892e-07
2.711672e+01,1.523711e+00,1.078095e-07
2.711672e+01,2.088426e+00,8.494345e-08
2.711672e+01,2.685505e+00,4.581819e-08
2.767905e+01,1.570796e-02,5.743432e-11
2.767905e+01,2.346256e-02,2.408169e-10
2.767905e+01,3.503514e-02,1.299443e-09
2.767905e+01,5.263151e-02,2.918806e-09
2.767905e+01,7.314235e-02,4.307873e-09
2.767905e+01,1.025928e-01,8.453099e-09
2.767905e+01,1.448116e-01,1.214711e-08
2.767905e+01,2.02346e-01,1.773843e-08
2.767905e+01,2.834245e-01,2.808749e-08
2.767905e+01,3.967448e-01,4.283533e-08
2.767905e+01,5.552783e-01,6.334780e-08
2.767905e+01,7.774819e-01,8.628591e-08
2.767905e+01,1.088445e+00,1.02646e-07
2.767905e+01,1.523711e+00,1.038116e-07
2.767905e+01,2.088426e+00,8.45158e-08
2.767905e+01,2.685505e+00,4.775087e-08
2.825263e+01,1.570796e-02,5.148096e-11
2.825263e+01,2.346256e-02,2.165881e-10
2.825263e+01,3.503514e-02,1.167763e-09
2.825263e+01,5.263151e-02,2.626284e-09
2.825263e+01,7.314235e-02,3.875886e-09
2.825263e+01,1.025928e-01,7.624682e-09
2.825263e+01,1.448116e-01,1.096519e-08
2.825263e+01,2.02346e-01,1.60704e-08
2.825263e+01,2.834245e-01,2.560255e-08
2.825263e+01,3.967448e-01,3.917417e-08
2.825263e+01,5.552783e-01,5.820594e-08
2.825263e+01,7.774819e-01,7.976226e-08
2.825263e+01,1.088445e+00,9.599305e-08
2.825263e+01,1.523711e+00,9.936125e-08
2.825263e+01,2.088426e+00,8.378834e-08
2.825263e+01,2.685505e+00,4.996474e-08
2.883769e+01,1.570796e-02,4.57162e-11
2.883769e+01,2.346256e-02,1.929131e-10
2.883769e+01,3.503514e-02,1.039876e-09
2.883769e+01,5.263151e-02,2.342225e-09
2.883769e+01,7.314235e-02,3.456242e-09
2.883769e+01,1.025928e-01,6.814498e-09
2.883769e+01,1.448116e-01,9.811731e-09
2.883769e+01,2.02346e-01,1.443263e-08
2.883769e+01,2.834245e-01,2.3126e-08
2.883769e+01,3.967448e-01,3.549341e-08
2.883769e+01,5.552783e-01,5.299249e-08
2.883769e+01,7.774819e-01,7.303802e-08
2.883769e+01,1.088445e+00,8.8954e-08
2.883769e+01,1.523711e+00,9.422354e-08
2.883769e+01,2.088426e+00,8.255619e-08
2.883769e+01,2.685505e+00,5.233705e-08
2.943444e+01,1.570796e-02,4.01291e-11
2.943444e+01,2.346256e-02,1.698208e-10
2.943444e+01,3.503514e-02,9.154606e-10
2.943444e+01,5.263151e-02,2.065258e-09
2.943444e+01,7.314235e-02,3.048128e-09
2.943444e+01,1.025928e-01,6.023303e-09
2.943444e+01,1.448116e-01,8.683487e-09
2.943444e+01,2.02346e-01,1.281898e-08
2.943444e+01,2.834245e-01,2.066212e-08
2.943444e+01,3.967448e-01,3.17942e-08
2.943444e+01,5.552783e-01,4.765539e-08
2.943444e+01,7.774819e-01,6.606333e-08
2.943444e+01,1.088445e+00,8.149483e-08
2.943444e+01,1.523711e+00,8.849717e-08
2.943444e+01,2.088426e+00,8.082873e-08
2.943444e+01,2.685505e+00,5.473642e-08
3.004313e+01,1.570796e-02,3.470139e-11
3.004313e+01,2.346256e-02,1.474283e-10
3.004313e+01,3.503514e-02,7.947839e-10
3.004313e+01,5.263151e-02,1.795964e-09
3.004313e+01,7.314235e-02,2.649781e-09
3.004313e+01,1.025928e-01,5.249339e-09
3.004313e+01,1.448116e-01,7.580643e-09
3.004313e+01,2.02346e-01,1.122939e-08
3.004313e+01,2.834245e-01,1.81988e-08
3.004313e+01,3.967448e-01,2.807412e-08
3.004313e+01,5.552783e-01,4.222303e-08
3.004313e+01,7.774819e-01,5.889294e-08
3.004313e+01,1.088445e+00,7.357925e-08
3.004313e+01,1.523711e+00,8.208494e-08
3.004313e+01,2.088426e+00,7.823117e-08
3.004313e+01,2.685505e+00,5.709976e-08
3.066399e+01,1.570796e-02,2.953068e-11
3.066399e+01,2.346256e-02,1.255417e-10
3.066399e+01,3.503514e-02,6.776688e-10
3.066399e+01,5.263151e-02,1.534485e-09
3.066399e+01,7.314235e-02,2.263004e-09
3.066399e+01,1.025928e-01,4.493930e-09
3.066399e+01,1.448116e-01,6.501449e-09
3.066399e+01,2.02346e-01,9.66073e-09
3.066399e+01,2.834245e-01,1.574044e-08
3.066399e+01,3.967448e-01,2.432564e-08
3.066399e+01,5.552783e-01,3.670857e-08
3.066399e+01,7.774819e-01,5.151285e-08
3.066399e+01,1.088445e+00,6.521604e-08
3.066399e+01,1.523711e+00,7.472553e-08
3.066399e+01,2.088426e+00,7.456346e-08
3.066399e+01,2.685505e+00,5.900138e-08
3.129727e+01,1.570796e-02,2.445447e-11
3.129727e+01,2.346256e-02,1.043445e-10
3.129727e+01,3.503514e-02,5.64073e-10
3.129727e+01,5.263151e-02,1.279282e-09
3.129727e+01,7.314235e-02,1.886297e-09
3.129727e+01,1.025928e-01,3.754706e-09
3.129727e+01,1.448116e-01,5.442734e-09
3.129727e+01,2.02346e-01,8.11362e-09
3.129727e+01,2.834245e-01,1.32874e-08
3.129727e+01,3.967448e-01,2.05605e-08
3.129727e+01,5.552783e-01,3.111861e-08
3.129727e+01,7.774819e-01,4.393658e-08
3.129727e+01,1.088445e+00,5.635487e-08
3.129727e+01,1.523711e+00,6.639288e-08
3.129727e+01,2.088426e+00,6.953256e-08
3.129727e+01,2.685505e+00,5.980144e-08
3.194322e+01,1.570796e-02,1.961232e-11
3.194322e+01,2.346256e-02,8.378054e-11
3.194322e+01,3.503514e-02,4.535798e-10
3.194322e+01,5.263151e-02,1.031029e-09
3.194322e+01,7.314235e-02,1.519649e-09
3.194322e+01,1.025928e-01,3.031983e-09
3.194322e+01,1.448116e-01,4.404464e-09
3.194322e+01,2.02346e-01,6.586765e-09
3.194322e+01,2.834245e-01,1.083785e-08
3.194322e+01,3.967448e-01,1.677849e-08
3.194322e+01,5.552783e-01,2.546569e-08
3.194322e+01,7.774819e-01,3.615978e-08
3.194322e+01,1.088445e+00,4.703700e-08
3.194322e+01,1.523711e+00,5.699412e-08
3.194322e+01,2.088426e+00,6.28016e-08
3.194322e+01,2.685505e+00,5.881353e-08
3.260208e+01,1.570796e-02,1.49444e-11
3.260208e+01,2.346256e-02,6.388081e-11
3.260208e+01,3.503514e-02,3.465976e-10
3.260208e+01,5.263151e-02,7.896478e-10
3.260208e+01,7.314235e-02,1.162883e-09
3.260208e+01,1.025928e-01,2.326422e-09
3.260208e+01,1.448116e-01,3.387111e-09
3.260208e+01,2.02346e-01,5.080357e-09
3.260208e+01,2.834245e-01,8.391532e-09
3.260208e+01,3.967448e-01,1.300133e-08
3.260208e+01,5.552783e-01,1.977805e-08
3.260208e+01,7.774819e-01,2.821885e-08
3.260208e+01,1.088445e+00,3.723334e-08
3.260208e+01,1.523711e+00,4.643589e-08
3.260208e+01,2.088426e+00,5.399331e-08
3.260208e+01,2.685505e+00,5.507351e-08
3.327412e+01,1.570796e-02,1.038379e-11
3.327412e+01,2.346256e-02,4.461298e-11
3.327412e+01,3.503514e-02,2.425197e-10
3.327412e+01,5.263151e-02,5.536058e-10
3.327412e+01,7.314235e-02,8.154717e-10
3.327412e+01,1.025928e-01,1.634988e-09
3.327412e+01,1.448116e-01,2.386167e-09
3.327412e+01,2.02346e-01,3.589582e-09
3.327412e+01,2.834245e-01,5.952839e-09
3.327412e+01,3.967448e-01,9.228529e-09
3.327412e+01,5.552783e-01,1.406974e-08
3.327412e+01,7.774819e-01,2.017174e-08
3.327412e+01,1.088445e+00,2.697076e-08
3.327412e+01,1.523711e+00,3.462192e-08
3.327412e+01,2.088426e+00,4.261967e-08
3.327412e+01,2.685505e+00,4.719057e-08
3.395961e+01,1.570796e-02,6.260413e-12
3.395961e+01,2.346256e-02,2.688476e-11
3.395961e+01,3.503514e-02,1.469175e-10
3.395961e+01,5.263151e-02,3.357376e-10
3.395961e+01,7.314235e-02,4.942968e-10
3.395961e+01,1.025928e-01,9.915110e-10
3.395961e+01,1.448116e-01,1.449967e-09
3.395961e+01,2.02346e-01,2.177610e-09
3.395961e+01,2.834245e-01,3.604591e-09
3.395961e+01,3.967448e-01,5.554886e-09
3.395961e+01,5.552783e-01,8.443950e-09
3.395961e+01,7.774819e-01,1.210186e-08
3.395961e+01,1.088445e+00,1.633378e-08
3.395961e+01,1.523711e+00,2.152987e-08
3.395961e+01,2.088426e+00,2.78801e-08
3.395961e+01,2.685505e+00,3.31779e-08
3.46588e+01,1.570796e-02,2.103724e-12
3.46588e+01,2.346256e-02,7.476531e-12
3.46588e+01,3.503514e-02,4.489094e-11
3.46588e+01,5.263151e-02,1.065725e-10
3.46588e+01,7.314235e-02,1.565342e-10
3.46588e+01,1.025928e-01,3.091726e-10
3.46588e+01,1.448116e-01,4.560135e-10
3.46588e+01,2.02346e-01,6.918445e-10
3.46588e+01,2.834245e-01,1.15996e-09
3.46588e+01,3.967448e-01,1.796258e-09
3.46588e+01,5.552783e-01,2.749663e-09
3.46588e+01,7.774819e-01,3.964477e-09
3.46588e+01,1.088445e+00,5.424887e-09
3.46588e+01,1.523711e+00,7.31809e-09
3.46588e+01,2.088426e+00,9.953074e-09
3.46588e+01,2.685505e+00,1.273022e-08
3.537197e+01,1.570796e-02,0.e+00
3.537197e+01,2.346256e-02,0.e+00
3.537197e+01,3.503514e-02,0.e+00
3.537197e+01,5.263151e-02,0.e+00
3.537197e+01,7.314235e-02,0.e+00
3.537197e+01,1.025928e-01,0.e+00
3.537197e+01,1.448116e-01,0.e+00
3.537197e+01,2.02346e-01,0.e+00
3.537197e+01,2.834245e-01,0.e+00
3.537197e+01,3.967448e-01,0.e+00
3.537197e+01,5.552783e-01,0.e+00
3.537197e+01,7.774819e-01,0.e+00
3.537197e+01,1.088445e+00,0.e+00
3.537197e+01,1.523711e+00,0.e+00
3.537197e+01,2.088426e+00,0.e+00
3.537197e+01,2.685505e+00,0.e+00
