5.0,0.e+00,0.e+00
5.0,1.570796e-02,0.e+00
5.0,2.346256e-02,0.e+00
5.0,3.503514e-02,0.e+00
5.0,5.263151e-02,0.e+00
5.0,7.314235e-02,0.e+00
5.0,1.025928e-01,0.e+00
5.0,1.448116e-01,0.e+00
5.0,2.023460e-01,0.e+00
5.0,2.834245e-01,0.e+00
5.0,3.967448e-01,0.e+00
5.0,5.552783e-01,0.e+00
5.0,7.774819e-01,0.e+00
5.0,1.088445e+00,0.e+00
5.0,1.523711e+00,0.e+00
5.0,2.088426e+00,0.e+00
5.0,2.685505e+00,0.e+00
5.12,0.e+00,0.e+00
5.12,1.570796e-02,0.e+00
5.12,2.346256e-02,0.e+00
5.12,3.503514e-02,0.e+00
5.12,5.263151e-02,0.e+00
5.12,7.314235e-02,0.e+00
5.12,1.025928e-01,0.e+00
5.12,1.448116e-01,0.e+00
5.12,2.023460e-01,0.e+00
5.12,2.834245e-01,0.e+00
5.12,3.967448e-01,0.e+00
5.12,5.552783e-01,0.e+00
5.12,7.774819e-01,0.e+00
5.12,1.088445e+00,0.e+00
5.12,1.523711e+00,0.e+00
5.12,2.088426e+00,0.e+00
5.12,2.685505e+00,0.e+00
5.2424,0.e+00,0.e+00
5.2424,1.570796e-02,0.e+00
5.2424,2.346256e-02,0.e+00
5.2424,3.503514e-02,0.e+00
5.2424,5.263151e-02,0.e+00
5.2424,7.314235e-02,0.e+00
5.2424,1.025928e-01,0.e+00
5.2424,1.448116e-01,0.e+00
5.2424,2.023460e-01,0.e+00
5.2424,2.834245e-01,0.e+00
5.2424,3.967448e-01,0.e+00
5.2424,5.552783e-01,0.e+00
5.2424,7.774819e-01,0.e+00
5.2424,1.088445e+00,0.e+00
5.2424,1.523711e+00,0.e+00
5.2424,2.088426e+00,0.e+00
5.2424,2.685505e+00,0.e+00
5.367248,0.e+00,0.e+00
5.367248,1.570796e-02,0.e+00
5.367248,2.346256e-02,0.e+00
5.367248,3.503514e-02,0.e+00
5.367248,5.263151e-02,0.e+00
5.367248,7.314235e-02,0.e+00
5.367248,1.025928e-01,0.e+00
5.367248,1.448116e-01,0.e+00
5.367248,2.023460e-01,0.e+00
5.367248,2.834245e-01,0.e+00
5.367248,3.967448e-01,0.e+00
5.367248,5.552783e-01,0.e+00
5.367248,7.774819e-01,0.e+00
5.367248,1.088445e+00,0.e+00
5.367248,1.523711e+00,0.e+00
5.367248,2.088426e+00,0.e+00
5.367248,2.685505e+00,0.e+00
5.49459296,0.e+00,0.e+00
5.49459296,1.570796e-02,0.e+00
5.49459296,2.346256e-02,0.e+00
5.49459296,3.503514e-02,0.e+00
5.49459296,5.263151e-02,0.e+00
5.49459296,7.314235e-02,0.e+00
5.49459296,1.025928e-01,0.e+00
5.49459296,1.448116e-01,0.e+00
5.49459296,2.023460e-01,0.e+00
5.49459296,2.834245e-01,0.e+00
5.49459296,3.967448e-01,0.e+00
5.49459296,5.552783e-01,0.e+00
5.49459296,7.774819e-01,0.e+00
5.49459296,1.088445e+00,0.e+00
5.49459296,1.523711e+00,0.e+00
5.49459296,2.088426e+00,0.e+00
5.49459296,2.685505e+00,0.e+00
5.6244848192,0.e+00,0.e+00
5.6244848192,1.570796e-02,0.e+00
5.6244848192,2.346256e-02,0.e+00
5.6244848192,3.503514e-02,0.e+00
5.6244848192,5.263151e-02,0.e+00
5.6244848192,7.314235e-02,0.e+00
5.6244848192,1.025928e-01,0.e+00
5.6244848192,1.448116e-01,0.e+00
5.6244848192,2.023460e-01,0.e+00
5.6244848192,2.834245e-01,0.e+00
5.6244848192,3.967448e-01,0.e+00
5.6244848192,5.552783e-01,0.e+00
5.6244848192,7.774819e-01,0.e+00
5.6244848192,1.088445e+00,0.e+00
5.6244848192,1.523711e+00,0.e+00
5.6244848192,2.088426e+00,0.e+00
5.6244848192,2.685505e+00,0.e+00
5.756974515584,0.e+00,0.e+00
5.756974515584,1.570796e-02,0.e+00
5.756974515584,2.346256e-02,0.e+00
5.756974515584,3.503514e-02,0.e+00
5.756974515584,5.263151e-02,0.e+00
5.756974515584,7.314235e-02,0.e+00
5.756974515584,1.025928e-01,0.e+00
5.756974515584,1.448116e-01,0.e+00
5.756974515584,2.023460e-01,0.e+00
5.756974515584,2.834245e-01,0.e+00
5.756974515584,3.967448e-01,0.e+00
5.756974515584,5.552783e-01,0.e+00
5.756974515584,7.774819e-01,0.e+00
5.756974515584,1.088445e+00,0.e+00
5.756974515584,1.523711e+00,0.e+00
5.756974515584,2.088426e+00,0.e+00
5.756974515584,2.685505e+00,0.e+00
5.89211400589568,0.e+00,0.e+00
5.89211400589568,1.570796e-02,0.e+00
5.89211400589568,2.346256e-02,0.e+00
5.89211400589568,3.503514e-02,0.e+00
5.89211400589568,5.263151e-02,0.e+00
5.89211400589568,7.314235e-02,0.e+00
5.89211400589568,1.025928e-01,0.e+00
5.89211400589568,1.448116e-01,0.e+00
5.89211400589568,2.023460e-01,0.e+00
5.89211400589568,2.834245e-01,0.e+00
5.89211400589568,3.967448e-01,0.e+00
5.89211400589568,5.552783e-01,0.e+00
5.89211400589568,7.774819e-01,0.e+00
5.89211400589568,1.088445e+00,0.e+00
5.89211400589568,1.523711e+00,0.e+00
5.89211400589568,2.088426e+00,0.e+00
5.89211400589568,2.685505e+00,0.e+00
6.029956286013594,0.e+00,0.e+00
6.029956286013594,1.570796e-02,-4.716174e-05
6.029956286013594,2.346256e-02,2.42708e-07
6.029956286013594,3.503514e-02,6.943239e-06
6.029956286013594,5.263151e-02,-1.879705e-04
6.029956286013594,7.314235e-02,-9.304754e-05
6.029956286013594,1.025928e-01,-1.615228e-05
6.029956286013594,1.448116e-01,-6.26005e-05
6.029956286013594,2.023460e-01,-7.905457e-05
6.029956286013594,2.834245e-01,-5.08994e-05
6.029956286013594,3.967448e-01,-3.490097e-05
6.029956286013594,5.552783e-01,-4.523835e-05
6.029956286013594,7.774819e-01,-4.030506e-05
6.029956286013594,1.088445e+00,-3.978900e-05
6.029956286013594,1.523711e+00,-3.830900e-05
6.029956286013594,2.088426e+00,-4.297019e-05
6.029956286013594,2.685505e+00,-4.619180e-05
6.170555411733866,0.e+00,0.e+00
6.170555411733866,1.570796e-02,-2.096619e-04
6.170555411733866,2.346256e-02,-5.990301e-05
6.170555411733866,3.503514e-02,-1.645306e-04
6.170555411733866,5.263151e-02,-5.518112e-04
6.170555411733866,7.314235e-02,-7.362261e-04
6.170555411733866,1.025928e-01,-4.847982e-04
6.170555411733866,1.448116e-01,-3.328199e-04
6.170555411733866,2.023460e-01,-3.956962e-04
6.170555411733866,2.834245e-01,-3.170068e-04
6.170555411733866,3.967448e-01,-3.120838e-04
6.170555411733866,5.552783e-01,-2.739395e-04
6.170555411733866,7.774819e-01,-2.597823e-04
6.170555411733866,1.088445e+00,-2.237450e-04
6.170555411733866,1.523711e+00,-2.111782e-04
6.170555411733866,2.088426e+00,-2.374470e-04
6.170555411733866,2.685505e+00,-2.490828e-04
6.3139665199685435,0.e+00,0.e+00
6.3139665199685435,1.570796e-02,-6.238826e-04
6.3139665199685435,2.346256e-02,-1.979923e-04
6.3139665199685435,3.503514e-02,-7.555228e-04
6.3139665199685435,5.263151e-02,-1.330319e-03
6.3139665199685435,7.314235e-02,-2.080895e-03
6.3139665199685435,1.025928e-01,-1.77868e-03
6.3139665199685435,1.448116e-01,-1.738306e-03
6.3139665199685435,2.023460e-01,-1.516062e-03
6.3139665199685435,2.834245e-01,-1.572501e-03
6.3139665199685435,3.967448e-01,-1.38967e-03
6.3139665199685435,5.552783e-01,-1.232752e-03
6.3139665199685435,7.774819e-01,-1.036773e-03
6.3139665199685435,1.088445e+00,-9.187617e-04
6.3139665199685435,1.523711e+00,-8.965154e-04
6.3139665199685435,2.088426e+00,-9.764163e-04
6.3139665199685435,2.685505e+00,-1.005526e-03
6.460245850367914,0.e+00,0.e+00
6.460245850367914,1.570796e-02,-1.047740e-03
6.460245850367914,2.346256e-02,-5.947258e-04
6.460245850367914,3.503514e-02,-1.498565e-03
6.460245850367914,5.263151e-02,-2.855002e-03
6.460245850367914,7.314235e-02,-4.214839e-03
6.460245850367914,1.025928e-01,-4.395167e-03
6.460245850367914,1.448116e-01,-4.497332e-03
6.460245850367914,2.023460e-01,-3.944918e-03
6.460245850367914,2.834245e-01,-4.154427e-03
6.460245850367914,3.967448e-01,-3.616625e-03
6.460245850367914,5.552783e-01,-3.185519e-03
6.460245850367914,7.774819e-01,-2.682689e-03
6.460245850367914,1.088445e+00,-2.336989e-03
6.460245850367914,1.523711e+00,-2.235168e-03
6.460245850367914,2.088426e+00,-2.431078e-03
6.460245850367914,2.685505e+00,-2.493892e-03
6.6094507673752725,0.e+00,0.e+00
6.6094507673752725,1.570796e-02,-1.361685e-03
6.6094507673752725,2.346256e-02,-1.055317e-03
6.6094507673752725,3.503514e-02,-2.280677e-03
6.6094507673752725,5.263151e-02,-4.824166e-03
6.6094507673752725,7.314235e-02,-7.315758e-03
6.6094507673752725,1.025928e-01,-8.128336e-03
6.6094507673752725,1.448116e-01,-8.607554e-03
6.6094507673752725,2.023460e-01,-7.944643e-03
6.6094507673752725,2.834245e-01,-8.381136e-03
6.6094507673752725,3.967448e-01,-7.340621e-03
6.6094507673752725,5.552783e-01,-6.395856e-03
6.6094507673752725,7.774819e-01,-5.418679e-03
6.6094507673752725,1.088445e+00,-4.628986e-03
6.6094507673752725,1.523711e+00,-4.38338e-03
6.6094507673752725,2.088426e+00,-4.681823e-03
6.6094507673752725,2.685505e+00,-4.790354e-03
6.761639782722778,0.e+00,0.e+00
6.761639782722778,1.570796e-02,-1.42803e-03
6.761639782722778,2.346256e-02,-1.333185e-03
6.761639782722778,3.503514e-02,-2.687428e-03
6.761639782722778,5.263151e-02,-6.600970e-03
6.761639782722778,7.314235e-02,-1.007374e-02
6.761639782722778,1.025928e-01,-1.268378e-02
6.761639782722778,1.448116e-01,-1.359395e-02
6.761639782722778,2.023460e-01,-1.338553e-02
6.761639782722778,2.834245e-01,-1.365119e-02
6.761639782722778,3.967448e-01,-1.240303e-02
6.761639782722778,5.552783e-01,-1.060301e-02
6.761639782722778,7.774819e-01,-9.097012e-03
6.761639782722778,1.088445e+00,-7.743733e-03
6.761639782722778,1.523711e+00,-7.237831e-03
6.761639782722778,2.088426e+00,-7.630325e-03
6.761639782722778,2.685505e+00,-7.766174e-03
6.916872578377234,0.e+00,0.e+00
6.916872578377234,1.570796e-02,-1.358236e-03
6.916872578377234,2.346256e-02,-1.351935e-03
6.916872578377234,3.503514e-02,-2.847738e-03
6.916872578377234,5.263151e-02,-7.661312e-03
6.916872578377234,7.314235e-02,-1.252445e-02
6.916872578377234,1.025928e-01,-1.662798e-02
6.916872578377234,1.448116e-01,-1.836922e-02
6.916872578377234,2.023460e-01,-1.912739e-02
6.916872578377234,2.834245e-01,-1.918462e-02
6.916872578377234,3.967448e-01,-1.783204e-02
6.916872578377234,5.552783e-01,-1.543816e-02
6.916872578377234,7.774819e-01,-1.312457e-02
6.916872578377234,1.088445e+00,-1.114737e-02
6.916872578377234,1.523711e+00,-1.030295e-02
6.916872578377234,2.088426e+00,-1.077956e-02
6.916872578377234,2.685505e+00,-1.081550e-02
7.075210029944779,0.e+00,0.e+00
7.075210029944779,1.570796e-02,-1.294127e-03
7.075210029944779,2.346256e-02,-1.301089e-03
7.075210029944779,3.503514e-02,-2.837405e-03
7.075210029944779,5.263151e-02,-8.104275e-03
7.075210029944779,7.314235e-02,-1.389101e-02
7.075210029944779,1.025928e-01,-1.937954e-02
7.075210029944779,1.448116e-01,-2.221285e-02
7.075210029944779,2.023460e-01,-2.402439e-02
7.075210029944779,2.834245e-01,-2.438048e-02
7.075210029944779,3.967448e-01,-2.293467e-02
7.075210029944779,5.552783e-01,-2.004436e-02
7.075210029944779,7.774819e-01,-1.723144e-02
7.075210029944779,1.088445e+00,-1.454065e-02
7.075210029944779,1.523711e+00,-1.324686e-02
7.075210029944779,2.088426e+00,-1.370822e-02
7.075210029944779,2.685505e+00,-1.362816e-02
7.236714230543676,0.e+00,0.e+00
7.236714230543676,1.570796e-02,-1.199913e-03
7.236714230543676,2.346256e-02,-1.169456e-03
7.236714230543676,3.503514e-02,-2.716692e-03
7.236714230543676,5.263151e-02,-8.116452e-03
7.236714230543676,7.314235e-02,-1.412826e-02
7.236714230543676,1.025928e-01,-2.086985e-02
7.236714230543676,1.448116e-01,-2.47461e-02
7.236714230543676,2.023460e-01,-2.789475e-02
7.236714230543676,2.834245e-01,-2.890657e-02
7.236714230543676,3.967448e-01,-2.742194e-02
7.236714230543676,5.552783e-01,-2.442471e-02
7.236714230543676,7.774819e-01,-2.098453e-02
7.236714230543676,1.088445e+00,-1.772833e-02
7.236714230543676,1.523711e+00,-1.598380e-02
7.236714230543676,2.088426e+00,-1.626837e-02
7.236714230543676,2.685505e+00,-1.594001e-02
7.401448515154549,0.e+00,0.e+00
7.401448515154549,1.570796e-02,-1.085775e-03
7.401448515154549,2.346256e-02,-1.000108e-03
7.401448515154549,3.503514e-02,-2.559738e-03
7.401448515154549,5.263151e-02,-7.693351e-03
7.401448515154549,7.314235e-02,-1.365128e-02
7.401448515154549,1.025928e-01,-2.128442e-02
7.401448515154549,1.448116e-01,-2.605541e-02
7.401448515154549,2.023460e-01,-3.052736e-02
7.401448515154549,2.834245e-01,-3.249998e-02
7.401448515154549,3.967448e-01,-3.135017e-02
7.401448515154549,5.552783e-01,-2.818892e-02
7.401448515154549,7.774819e-01,-2.440163e-02
7.401448515154549,1.088445e+00,-2.059820e-02
7.401448515154549,1.523711e+00,-1.843003e-02
7.401448515154549,2.088426e+00,-1.854194e-02
7.401448515154549,2.685505e+00,-1.802729e-02
7.569477485457639,0.e+00,0.e+00
7.569477485457639,1.570796e-02,-9.707800e-04
7.569477485457639,2.346256e-02,-8.629627e-04
7.569477485457639,3.503514e-02,-2.400427e-03
7.569477485457639,5.263151e-02,-7.217687e-03
7.569477485457639,7.314235e-02,-1.287882e-02
7.569477485457639,1.025928e-01,-2.088196e-02
7.569477485457639,1.448116e-01,-2.639332e-02
7.569477485457639,2.023460e-01,-3.188103e-02
7.569477485457639,2.834245e-01,-3.493095e-02
7.569477485457639,3.967448e-01,-3.445005e-02
7.569477485457639,5.552783e-01,-3.123023e-02
7.569477485457639,7.774819e-01,-2.729139e-02
7.569477485457639,1.088445e+00,-2.302898e-02
7.569477485457639,1.523711e+00,-2.059718e-02
7.569477485457639,2.088426e+00,-2.048073e-02
7.569477485457639,2.685505e+00,-1.972384e-02
7.740867035166792,0.e+00,0.e+00
7.740867035166792,1.570796e-02,-8.936392e-04
7.740867035166792,2.346256e-02,-7.704775e-04
7.740867035166792,3.503514e-02,-2.218179e-03
7.740867035166792,5.263151e-02,-6.743918e-03
7.740867035166792,7.314235e-02,-1.200442e-02
7.740867035166792,1.025928e-01,-1.985955e-02
7.740867035166792,1.448116e-01,-2.581786e-02
7.740867035166792,2.023460e-01,-3.216279e-02
7.740867035166792,2.834245e-01,-3.631874e-02
7.740867035166792,3.967448e-01,-3.656891e-02
7.740867035166792,5.552783e-01,-3.372094e-02
7.740867035166792,7.774819e-01,-2.969576e-02
7.740867035166792,1.088445e+00,-2.506148e-02
7.740867035166792,1.523711e+00,-2.235358e-02
7.740867035166792,2.088426e+00,-2.206369e-02
7.740867035166792,2.685505e+00,-2.108158e-02
7.9156843758701285,0.e+00,0.e+00
7.9156843758701285,1.570796e-02,-8.258057e-04
7.9156843758701285,2.346256e-02,-6.977336e-04
7.9156843758701285,3.503514e-02,-2.009747e-03
7.9156843758701285,5.263151e-02,-6.183549e-03
7.9156843758701285,7.314235e-02,-1.099403e-02
7.9156843758701285,1.025928e-01,-1.854002e-02
7.9156843758701285,1.448116e-01,-2.47495e-02
7.9156843758701285,2.023460e-01,-3.17056e-02
7.9156843758701285,2.834245e-01,-3.678839e-02
7.9156843758701285,3.967448e-01,-3.792999e-02
7.9156843758701285,5.552783e-01,-3.555651e-02
7.9156843758701285,7.774819e-01,-3.162268e-02
7.9156843758701285,1.088445e+00,-2.681302e-02
7.9156843758701285,1.523711e+00,-2.381379e-02
7.9156843758701285,2.088426e+00,-2.338006e-02
7.9156843758701285,2.685505e+00,-2.202796e-02
8.09399806338753,0.e+00,0.e+00
8.09399806338753,1.570796e-02,-7.546610e-04
8.09399806338753,2.346256e-02,-6.277733e-04
8.09399806338753,3.503514e-02,-1.798328e-03
8.09399806338753,5.263151e-02,-5.598949e-03
8.09399806338753,7.314235e-02,-9.904725e-03
8.09399806338753,1.025928e-01,-1.70978e-02
8.09399806338753,1.448116e-01,-2.330059e-02
8.09399806338753,2.023460e-01,-3.066514e-02
8.09399806338753,2.834245e-01,-3.643634e-02
8.09399806338753,3.967448e-01,-3.855289e-02
8.09399806338753,5.552783e-01,-3.674265e-02
8.09399806338753,7.774819e-01,-3.299991e-02
8.09399806338753,1.088445e+00,-2.813148e-02
8.09399806338753,1.523711e+00,-2.497801e-02
8.09399806338753,2.088426e+00,-2.437539e-02
8.09399806338753,2.685505e+00,-2.281864e-02
8.275878024655281,0.e+00,0.e+00
8.275878024655281,1.570796e-02,-6.824273e-04
8.275878024655281,2.346256e-02,-5.636268e-04
8.275878024655281,3.503514e-02,-1.610533e-03
8.275878024655281,5.263151e-02,-5.016722e-03
8.275878024655281,7.314235e-02,-8.867215e-03
8.275878024655281,1.025928e-01,-1.559918e-02
8.275878024655281,1.448116e-01,-2.160781e-02
8.275878024655281,2.023460e-01,-2.912797e-02
8.275878024655281,2.834245e-01,-3.540553e-02
8.275878024655281,3.967448e-01,-3.834965e-02
8.275878024655281,5.552783e-01,-3.725999e-02
8.275878024655281,7.774819e-01,-3.393433e-02
8.275878024655281,1.088445e+00,-2.914498e-02
8.275878024655281,1.523711e+00,-2.585124e-02
8.275878024655281,2.088426e+00,-2.51566e-02
8.275878024655281,2.685505e+00,-2.336903e-02
8.461395585148386,0.e+00,0.e+00
8.461395585148386,1.570796e-02,-6.151882e-04
8.461395585148386,2.346256e-02,-5.054441e-04
8.461395585148386,3.503514e-02,-1.442434e-03
8.461395585148386,5.263151e-02,-4.477675e-03
8.461395585148386,7.314235e-02,-7.903206e-03
8.461395585148386,1.025928e-01,-1.407729e-02
8.461395585148386,1.448116e-01,-1.976755e-02
8.461395585148386,2.023460e-01,-2.728268e-02
8.461395585148386,2.834245e-01,-3.390134e-02
8.461395585148386,3.967448e-01,-3.761296e-02
8.461395585148386,5.552783e-01,-3.718400e-02
8.461395585148386,7.774819e-01,-3.432739e-02
8.461395585148386,1.088445e+00,-2.973875e-02
8.461395585148386,1.523711e+00,-2.640313e-02
8.461395585148386,2.088426e+00,-2.566839e-02
8.461395585148386,2.685505e+00,-2.367402e-02
8.650623496851354,0.e+00,0.e+00
8.650623496851354,1.570796e-02,-5.546716e-04
8.650623496851354,2.346256e-02,-4.421901e-04
8.650623496851354,3.503514e-02,-1.279535e-03
8.650623496851354,5.263151e-02,-3.994284e-03
8.650623496851354,7.314235e-02,-7.062454e-03
8.650623496851354,1.025928e-01,-1.260077e-02
8.650623496851354,1.448116e-01,-1.789774e-02
8.650623496851354,2.023460e-01,-2.523199e-02
8.650623496851354,2.834245e-01,-3.204931e-02
8.650623496851354,3.967448e-01,-3.637474e-02
8.650623496851354,5.552783e-01,-3.657981e-02
8.650623496851354,7.774819e-01,-3.421053e-02
8.650623496851354,1.088445e+00,-2.995021e-02
8.650623496851354,1.523711e+00,-2.671690e-02
8.650623496851354,2.088426e+00,-2.592105e-02
8.650623496851354,2.685505e+00,-2.373513e-02
8.843635966788382,0.e+00,0.e+00
8.843635966788382,1.570796e-02,-4.990623e-04
8.843635966788382,2.346256e-02,-3.850125e-04
8.843635966788382,3.503514e-02,-1.131031e-03
8.843635966788382,5.263151e-02,-3.54595e-03
8.843635966788382,7.314235e-02,-6.308627e-03
8.843635966788382,1.025928e-01,-1.124093e-02
8.843635966788382,1.448116e-01,-1.606873e-02
8.843635966788382,2.023460e-01,-2.312334e-02
8.843635966788382,2.834245e-01,-2.992013e-02
8.843635966788382,3.967448e-01,-3.471894e-02
8.843635966788382,5.552783e-01,-3.552741e-02
8.843635966788382,7.774819e-01,-3.363286e-02
8.843635966788382,1.088445e+00,-2.980672e-02
8.843635966788382,1.523711e+00,-2.672301e-02
8.843635966788382,2.088426e+00,-2.595784e-02
8.843635966788382,2.685505e+00,-2.363677e-02
9.04050868612415,0.e+00,0.e+00
9.04050868612415,1.570796e-02,-4.459006e-04
9.04050868612415,2.346256e-02,-3.371740e-04
9.04050868612415,3.503514e-02,-9.997259e-04
9.04050868612415,5.263151e-02,-3.142578e-03
9.04050868612415,7.314235e-02,-5.616348e-03
9.04050868612415,1.025928e-01,-1.000513e-02
9.04050868612415,1.448116e-01,-1.433298e-02
9.04050868612415,2.023460e-01,-2.097891e-02
9.04050868612415,2.834245e-01,-2.760245e-02
9.04050868612415,3.967448e-01,-3.271534e-02
9.04050868612415,5.552783e-01,-3.410235e-02
9.04050868612415,7.774819e-01,-3.275760e-02
9.04050868612415,1.088445e+00,-2.939886e-02
9.04050868612415,1.523711e+00,-2.650962e-02
9.04050868612415,2.088426e+00,-2.581626e-02
9.04050868612415,2.685505e+00,-2.341156e-02
9.241318859846633,0.e+00,0.e+00
9.241318859846633,1.570796e-02,-3.961338e-04
9.241318859846633,2.346256e-02,-2.937214e-04
9.241318859846633,3.503514e-02,-8.818261e-04
9.241318859846633,5.263151e-02,-2.771893e-03
9.241318859846633,7.314235e-02,-4.990355e-03
9.241318859846633,1.025928e-01,-8.87619e-03
9.241318859846633,1.448116e-01,-1.273814e-02
9.241318859846633,2.023460e-01,-1.889675e-02
9.241318859846633,2.834245e-01,-2.523101e-02
9.241318859846633,3.967448e-01,-3.049598e-02
9.241318859846633,5.552783e-01,-3.238597e-02
9.241318859846633,7.774819e-01,-3.1562e-02
9.241318859846633,1.088445e+00,-2.872043e-02
9.241318859846633,1.523711e+00,-2.60997e-02
9.241318859846633,2.088426e+00,-2.549261e-02
9.241318859846633,2.685505e+00,-2.305710e-02
9.446145237043565,0.e+00,0.e+00
9.446145237043565,1.570796e-02,-3.501381e-04
9.446145237043565,2.346256e-02,-2.567021e-04
9.446145237043565,3.503514e-02,-7.715258e-04
9.446145237043565,5.263151e-02,-2.442637e-03
9.446145237043565,7.314235e-02,-4.410327e-03
9.446145237043565,1.025928e-01,-7.864479e-03
9.446145237043565,1.448116e-01,-1.129439e-02
9.446145237043565,2.023460e-01,-1.690734e-02
9.446145237043565,2.834245e-01,-2.285805e-02
9.446145237043565,3.967448e-01,-2.817502e-02
9.446145237043565,5.552783e-01,-3.045659e-02
9.446145237043565,7.774819e-01,-3.012031e-02
9.446145237043565,1.088445e+00,-2.777487e-02
9.446145237043565,1.523711e+00,-2.549290e-02
9.446145237043565,2.088426e+00,-2.497162e-02
9.446145237043565,2.685505e+00,-2.250716e-02
9.655068141784437,0.e+00,0.e+00
9.655068141784437,1.570796e-02,-3.078122e-04
9.655068141784437,2.346256e-02,-2.221329e-04
9.655068141784437,3.503514e-02,-6.747636e-04
9.655068141784437,5.263151e-02,-2.146069e-03
9.655068141784437,7.314235e-02,-3.883887e-03
9.655068141784437,1.025928e-01,-6.941343e-03
9.655068141784437,1.448116e-01,-9.975640e-03
9.655068141784437,2.023460e-01,-1.505176e-02
9.655068141784437,2.834245e-01,-2.056185e-02
9.655068141784437,3.967448e-01,-2.577707e-02
9.655068141784437,5.552783e-01,-2.835525e-02
9.655068141784437,7.774819e-01,-2.849719e-02
9.655068141784437,1.088445e+00,-2.662625e-02
9.655068141784437,1.523711e+00,-2.472874e-02
9.655068141784437,2.088426e+00,-2.426201e-02
9.655068141784437,2.685505e+00,-2.171077e-02
9.868169504620125,0.e+00,0.e+00
9.868169504620125,1.570796e-02,-2.681125e-04
9.868169504620125,2.346256e-02,-1.951746e-04
9.868169504620125,3.503514e-02,-5.90471e-04
9.868169504620125,5.263151e-02,-1.876669e-03
9.868169504620125,7.314235e-02,-3.409582e-03
9.868169504620125,1.025928e-01,-6.109345e-03
9.868169504620125,1.448116e-01,-8.789292e-03
9.868169504620125,2.023460e-01,-1.333793e-02
9.868169504620125,2.834245e-01,-1.837890e-02
9.868169504620125,3.967448e-01,-2.338805e-02
9.868169504620125,5.552783e-01,-2.616790e-02
9.868169504620125,7.774819e-01,-2.668127e-02
9.868169504620125,1.088445e+00,-2.530736e-02
9.868169504620125,1.523711e+00,-2.379651e-02
9.868169504620125,2.088426e+00,-2.346633e-02
9.868169504620125,2.685505e+00,-2.092005e-02
10.085532894712529,0.e+00,0.e+00
10.085532894712529,1.570796e-02,-2.347480e-04
10.085532894712529,2.346256e-02,-1.716117e-04
10.085532894712529,3.503514e-02,-5.131165e-04
10.085532894712529,5.263151e-02,-1.644097e-03
10.085532894712529,7.314235e-02,-2.980778e-03
10.085532894712529,1.025928e-01,-5.347742e-03
10.085532894712529,1.448116e-01,-7.720521e-03
10.085532894712529,2.023460e-01,-1.178018e-02
10.085532894712529,2.834245e-01,-1.63409e-02
10.085532894712529,3.967448e-01,-2.103892e-02
10.085532894712529,5.552783e-01,-2.393892e-02
10.085532894712529,7.774819e-01,-2.481039e-02
10.085532894712529,1.088445e+00,-2.385649e-02
10.085532894712529,1.523711e+00,-2.273307e-02
10.085532894712529,2.088426e+00,-2.255579e-02
10.085532894712529,2.685505e+00,-2.004047e-02
10.30724355260678,0.e+00,0.e+00
10.30724355260678,1.570796e-02,-2.060223e-04
10.30724355260678,2.346256e-02,-1.482916e-04
10.30724355260678,3.503514e-02,-4.448955e-04
10.30724355260678,5.263151e-02,-1.437110e-03
10.30724355260678,7.314235e-02,-2.600557e-03
10.30724355260678,1.025928e-01,-4.679788e-03
10.30724355260678,1.448116e-01,-6.765993e-03
10.30724355260678,2.023460e-01,-1.034707e-02
10.30724355260678,2.834245e-01,-1.444706e-02
10.30724355260678,3.967448e-01,-1.879321e-02
10.30724355260678,5.552783e-01,-2.172523e-02
10.30724355260678,7.774819e-01,-2.285916e-02
10.30724355260678,1.088445e+00,-2.231816e-02
10.30724355260678,1.523711e+00,-2.158386e-02
10.30724355260678,2.088426e+00,-2.156982e-02
10.30724355260678,2.685505e+00,-1.905597e-02
10.533388423658915,0.e+00,0.e+00
10.533388423658915,1.570796e-02,-1.796447e-04
10.533388423658915,2.346256e-02,-1.285081e-04
10.533388423658915,3.503514e-02,-3.843613e-04
10.533388423658915,5.263151e-02,-1.246980e-03
10.533388423658915,7.314235e-02,-2.256766e-03
10.533388423658915,1.025928e-01,-4.075965e-03
10.533388423658915,1.448116e-01,-5.906021e-03
10.533388423658915,2.023460e-01,-9.053851e-03
10.533388423658915,2.834245e-01,-1.269289e-02
10.533388423658915,3.967448e-01,-1.666550e-02
10.533388423658915,5.552783e-01,-1.955677e-02
10.533388423658915,7.774819e-01,-2.091956e-02
10.533388423658915,1.088445e+00,-2.07323e-02
10.533388423658915,1.523711e+00,-2.035852e-02
10.533388423658915,2.088426e+00,-2.047113e-02
10.533388423658915,2.685505e+00,-1.811007e-02
10.764056192132093,0.e+00,0.e+00
10.764056192132093,1.570796e-02,-1.556203e-04
10.764056192132093,2.346256e-02,-1.120472e-04
10.764056192132093,3.503514e-02,-3.329096e-04
10.764056192132093,5.263151e-02,-1.082868e-03
10.764056192132093,7.314235e-02,-1.953695e-03
10.764056192132093,1.025928e-01,-3.534000e-03
10.764056192132093,1.448116e-01,-5.131135e-03
10.764056192132093,2.023460e-01,-7.877024e-03
10.764056192132093,2.834245e-01,-1.108416e-02
10.764056192132093,3.967448e-01,-1.468667e-02
10.764056192132093,5.552783e-01,-1.746235e-02
10.764056192132093,7.774819e-01,-1.899745e-02
10.764056192132093,1.088445e+00,-1.912221e-02
10.764056192132093,1.523711e+00,-1.903008e-02
10.764056192132093,2.088426e+00,-1.927659e-02
10.764056192132093,2.685505e+00,-1.694759e-02
10.999337315974735,0.e+00,0.e+00
10.999337315974735,1.570796e-02,-1.334477e-04
10.999337315974735,2.346256e-02,-9.680822e-05
10.999337315974735,3.503514e-02,-2.855545e-04
10.999337315974735,5.263151e-02,-9.332726e-04
10.999337315974735,7.314235e-02,-1.683215e-03
10.999337315974735,1.025928e-01,-3.054831e-03
10.999337315974735,1.448116e-01,-4.440422e-03
10.999337315974735,2.023460e-01,-6.814943e-03
10.999337315974735,2.834245e-01,-9.616814e-03
10.999337315974735,3.967448e-01,-1.284719e-02
10.999337315974735,5.552783e-01,-1.547332e-02
10.999337315974735,7.774819e-01,-1.712225e-02
10.999337315974735,1.088445e+00,-1.747196e-02
10.999337315974735,1.523711e+00,-1.767102e-02
10.999337315974735,2.088426e+00,-1.802848e-02
10.999337315974735,2.685505e+00,-1.580661e-02
11.23932406229423,0.e+00,0.e+00
11.23932406229423,1.570796e-02,-1.138328e-04
11.23932406229423,2.346256e-02,-8.298487e-05
11.23932406229423,3.503514e-02,-2.438521e-04
11.23932406229423,5.263151e-02,-8.016267e-04
11.23932406229423,7.314235e-02,-1.443913e-03
11.23932406229423,1.025928e-01,-2.628596e-03
11.23932406229423,1.448116e-01,-3.824178e-03
11.23932406229423,2.023460e-01,-5.865129e-03
11.23932406229423,2.834245e-01,-8.296984e-03
11.23932406229423,3.967448e-01,-1.118656e-02
11.23932406229423,5.552783e-01,-1.361222e-02
11.23932406229423,7.774819e-01,-1.531556e-02
11.23932406229423,1.088445e+00,-1.588659e-02
11.23932406229423,1.523711e+00,-1.630829e-02
11.23932406229423,2.088426e+00,-1.674463e-02
11.23932406229423,2.685505e+00,-1.465826e-02
11.484110543540115,0.e+00,0.e+00
11.484110543540115,1.570796e-02,-9.724387e-05
11.484110543540115,2.346256e-02,-7.146805e-05
11.484110543540115,3.503514e-02,-2.076244e-04
11.484110543540115,5.263151e-02,-6.85528e-04
11.484110543540115,7.314235e-02,-1.23559e-03
11.484110543540115,1.025928e-01,-2.252645e-03
11.484110543540115,1.448116e-01,-3.274601e-03
11.484110543540115,2.023460e-01,-5.031829e-03
11.484110543540115,2.834245e-01,-7.128924e-03
11.484110543540115,3.967448e-01,-9.679284e-03
11.484110543540115,5.552783e-01,-1.188704e-02
11.484110543540115,7.774819e-01,-1.358557e-02
11.484110543540115,1.088445e+00,-1.433076e-02
11.484110543540115,1.523711e+00,-1.493948e-02
11.484110543540115,2.088426e+00,-1.546233e-02
11.484110543540115,2.685505e+00,-1.358179e-02
11.733792754410917,0.e+00,0.e+00
11.733792754410917,1.570796e-02,-8.245286e-05
11.733792754410917,2.346256e-02,-6.172869e-05
11.733792754410917,3.503514e-02,-1.756591e-04
11.733792754410917,5.263151e-02,-5.828041e-04
11.733792754410917,7.314235e-02,-1.054071e-03
11.733792754410917,1.025928e-01,-1.923735e-03
11.733792754410917,1.448116e-01,-2.792984e-03
11.733792754410917,2.023460e-01,-4.298581e-03
11.733792754410917,2.834245e-01,-6.095267e-03
11.733792754410917,3.967448e-01,-8.319558e-03
11.733792754410917,5.552783e-01,-1.031522e-02
11.733792754410917,7.774819e-01,-1.195439e-02
11.733792754410917,1.088445e+00,-1.283539e-02
11.733792754410917,1.523711e+00,-1.359653e-02
11.733792754410917,2.088426e+00,-1.420619e-02
11.733792754410917,2.685505e+00,-1.246083e-02
11.988468609499135,0.e+00,0.e+00
11.988468609499135,1.570796e-02,-6.980223e-05
11.988468609499135,2.346256e-02,-5.239856e-05
11.988468609499135,3.503514e-02,-1.484775e-04
11.988468609499135,5.263151e-02,-4.951172e-04
11.988468609499135,7.314235e-02,-8.940808e-04
11.988468609499135,1.025928e-01,-1.635666e-03
11.988468609499135,1.448116e-01,-2.374947e-03
11.988468609499135,2.023460e-01,-3.657674e-03
11.988468609499135,2.834245e-01,-5.185462e-03
11.988468609499135,3.967448e-01,-7.100332e-03
11.988468609499135,5.552783e-01,-8.899844e-03
11.988468609499135,7.774819e-01,-1.045707e-02
11.988468609499135,1.088445e+00,-1.140684e-02
11.988468609499135,1.523711e+00,-1.231713e-02
11.988468609499135,2.088426e+00,-1.294662e-02
11.988468609499135,2.685505e+00,-1.139103e-02
12.248237981689117,0.e+00,0.e+00
12.248237981689117,1.570796e-02,-5.869724e-05
12.248237981689117,2.346256e-02,-4.483692e-05
12.248237981689117,3.503514e-02,-1.247856e-04
12.248237981689117,5.263151e-02,-4.178646e-04
12.248237981689117,7.314235e-02,-7.544296e-04
12.248237981689117,1.025928e-01,-1.384656e-03
12.248237981689117,1.448116e-01,-2.009316e-03
12.248237981689117,2.023460e-01,-3.094734e-03
12.248237981689117,2.834245e-01,-4.393795e-03
12.248237981689117,3.967448e-01,-6.031604e-03
12.248237981689117,5.552783e-01,-7.619176e-03
12.248237981689117,7.774819e-01,-9.076708e-03
12.248237981689117,1.088445e+00,-1.006296e-02
12.248237981689117,1.523711e+00,-1.104457e-02
12.248237981689117,2.088426e+00,-1.173458e-02
12.248237981689117,2.685505e+00,-1.034447e-02
12.5132027413229,0.e+00,0.e+00
12.5132027413229,1.570796e-02,-4.901800e-05
12.5132027413229,2.346256e-02,-3.819841e-05
12.5132027413229,3.503514e-02,-1.040984e-04
12.5132027413229,5.263151e-02,-3.511310e-04
12.5132027413229,7.314235e-02,-6.327348e-04
12.5132027413229,1.025928e-01,-1.163559e-03
12.5132027413229,1.448116e-01,-1.691096e-03
12.5132027413229,2.023460e-01,-2.609983e-03
12.5132027413229,2.834245e-01,-3.700733e-03
12.5132027413229,3.967448e-01,-5.093424e-03
12.5132027413229,5.552783e-01,-6.490432e-03
12.5132027413229,7.774819e-01,-7.825515e-03
12.5132027413229,1.088445e+00,-8.831543e-03
12.5132027413229,1.523711e+00,-9.841781e-03
12.5132027413229,2.088426e+00,-1.058353e-02
12.5132027413229,2.685505e+00,-9.37538e-03
12.783466796149359,0.e+00,0.e+00
12.783466796149359,1.570796e-02,-4.093776e-05
12.783466796149359,2.346256e-02,-3.211932e-05
12.783466796149359,3.503514e-02,-8.722961e-05
12.783466796149359,5.263151e-02,-2.920599e-04
12.783466796149359,7.314235e-02,-5.298924e-04
12.783466796149359,1.025928e-01,-9.739598e-04
12.783466796149359,1.448116e-01,-1.413101e-03
12.783466796149359,2.023460e-01,-2.18581e-03
12.783466796149359,2.834245e-01,-3.099358e-03
12.783466796149359,3.967448e-01,-4.286241e-03
12.783466796149359,5.552783e-01,-5.490109e-03
12.783466796149359,7.774819e-01,-6.711753e-03
12.783466796149359,1.088445e+00,-7.698359e-03
12.783466796149359,1.523711e+00,-8.722140e-03
12.783466796149359,2.088426e+00,-9.48419e-03
12.783466796149359,2.685505e+00,-8.445086e-03
13.059136132072346,0.e+00,0.e+00
13.059136132072346,1.570796e-02,-3.387805e-05
13.059136132072346,2.346256e-02,-2.720483e-05
13.059136132072346,3.503514e-02,-7.232447e-05
13.059136132072346,5.263151e-02,-2.417455e-04
13.059136132072346,7.314235e-02,-4.385782e-04
13.059136132072346,1.025928e-01,-8.098840e-04
13.059136132072346,1.448116e-01,-1.174024e-03
13.059136132072346,2.023460e-01,-1.820545e-03
13.059136132072346,2.834245e-01,-2.579488e-03
13.059136132072346,3.967448e-01,-3.585170e-03
13.059136132072346,5.552783e-01,-4.615470e-03
13.059136132072346,7.774819e-01,-5.704507e-03
13.059136132072346,1.088445e+00,-6.673462e-03
13.059136132072346,1.523711e+00,-7.686605e-03
13.059136132072346,2.088426e+00,-8.446106e-03
13.059136132072346,2.685505e+00,-7.547563e-03
13.340318854713793,0.e+00,0.e+00
13.340318854713793,1.570796e-02,-2.805016e-05
13.340318854713793,2.346256e-02,-2.268703e-05
13.340318854713793,3.503514e-02,-5.951426e-05
13.340318854713793,5.263151e-02,-2.004427e-04
13.340318854713793,7.314235e-02,-3.634072e-04
13.340318854713793,1.025928e-01,-6.702865e-04
13.340318854713793,1.448116e-01,-9.739231e-04
13.340318854713793,2.023460e-01,-1.511816e-03
13.340318854713793,2.834245e-01,-2.142809e-03
13.340318854713793,3.967448e-01,-2.983134e-03
13.340318854713793,5.552783e-01,-3.864284e-03
13.340318854713793,7.774819e-01,-4.83208e-03
13.340318854713793,1.088445e+00,-5.73597e-03
13.340318854713793,1.523711e+00,-6.70681e-03
13.340318854713793,2.088426e+00,-7.459556e-03
13.340318854713793,2.685505e+00,-6.729454e-03
13.62712523180807,0.e+00,0.e+00
13.62712523180807,1.570796e-02,-2.330194e-05
13.62712523180807,2.346256e-02,-1.87682e-05
13.62712523180807,3.503514e-02,-4.907769e-05
13.62712523180807,5.263151e-02,-1.650806e-04
13.62712523180807,7.314235e-02,-2.980841e-04
13.62712523180807,1.025928e-01,-5.544615e-04
13.62712523180807,1.448116e-01,-8.040445e-04
13.62712523180807,2.023460e-01,-1.244569e-03
13.62712523180807,2.834245e-01,-1.767438e-03
13.62712523180807,3.967448e-01,-2.467835e-03
13.62712523180807,5.552783e-01,-3.215205e-03
13.62712523180807,7.774819e-01,-4.065224e-03
13.62712523180807,1.088445e+00,-4.910555e-03
13.62712523180807,1.523711e+00,-5.826566e-03
13.62712523180807,2.088426e+00,-6.551742e-03
13.62712523180807,2.685505e+00,-5.941843e-03
13.91966773644423,0.e+00,0.e+00
13.91966773644423,1.570796e-02,-1.870041e-05
13.91966773644423,2.346256e-02,-1.520679e-05
13.91966773644423,3.503514e-02,-3.955934e-05
13.91966773644423,5.263151e-02,-1.354277e-04
13.91966773644423,7.314235e-02,-2.434320e-04
13.91966773644423,1.025928e-01,-4.551616e-04
13.91966773644423,1.448116e-01,-6.586466e-04
13.91966773644423,2.023460e-01,-1.020150e-03
13.91966773644423,2.834245e-01,-1.450602e-03
13.91966773644423,3.967448e-01,-2.032157e-03
13.91966773644423,5.552783e-01,-2.660195e-03
13.91966773644423,7.774819e-01,-3.404852e-03
13.91966773644423,1.088445e+00,-4.179390e-03
13.91966773644423,1.523711e+00,-5.040537e-03
13.91966773644423,2.088426e+00,-5.739558e-03
13.91966773644423,2.685505e+00,-5.237374e-03
14.218061091173116,0.e+00,0.e+00
14.218061091173116,1.570796e-02,-1.520845e-05
14.218061091173116,2.346256e-02,-1.244555e-05
14.218061091173116,3.503514e-02,-3.181358e-05
14.218061091173116,5.263151e-02,-1.094596e-04
14.218061091173116,7.314235e-02,-1.980661e-04
14.218061091173116,1.025928e-01,-3.720778e-04
14.218061091173116,1.448116e-01,-5.366411e-04
14.218061091173116,2.023460e-01,-8.326331e-04
14.218061091173116,2.834245e-01,-1.186625e-03
14.218061091173116,3.967448e-01,-1.66259e-03
14.218061091173116,5.552783e-01,-2.190560e-03
14.218061091173116,7.774819e-01,-2.838203e-03
14.218061091173116,1.088445e+00,-3.539934e-03
14.218061091173116,1.523711e+00,-4.334980e-03
14.218061091173116,2.088426e+00,-4.990756e-03
14.218061091173116,2.685505e+00,-4.567944e-03
14.522422312996579,0.e+00,0.e+00
14.522422312996579,1.570796e-02,-1.226675e-05
14.522422312996579,2.346256e-02,-1.005942e-05
14.522422312996579,3.503514e-02,-2.540316e-05
14.522422312996579,5.263151e-02,-8.864051e-05
14.522422312996579,7.314235e-02,-1.609308e-04
14.522422312996579,1.025928e-01,-3.008632e-04
14.522422312996579,1.448116e-01,-4.342770e-04
14.522422312996579,2.023460e-01,-6.712346e-04
14.522422312996579,2.834245e-01,-9.611332e-04
14.522422312996579,3.967448e-01,-1.349840e-03
14.522422312996579,5.552783e-01,-1.790225e-03
14.522422312996579,7.774819e-01,-2.344922e-03
14.522422312996579,1.088445e+00,-2.971814e-03
14.522422312996579,1.523711e+00,-3.687403e-03
14.522422312996579,2.088426e+00,-4.298453e-03
14.522422312996579,2.685505e+00,-3.971369e-03
14.83287075925651,0.e+00,0.e+00
14.83287075925651,1.570796e-02,-9.832883e-06
14.83287075925651,2.346256e-02,-8.335928e-06
14.83287075925651,3.503514e-02,-2.012849e-05
14.83287075925651,5.263151e-02,-7.113415e-05
14.83287075925651,7.314235e-02,-1.305794e-04
14.83287075925651,1.025928e-01,-2.422026e-04
14.83287075925651,1.448116e-01,-3.49729e-04
14.83287075925651,2.023460e-01,-5.401205e-04
14.83287075925651,2.834245e-01,-7.756004e-04
14.83287075925651,3.967448e-01,-1.092849e-03
14.83287075925651,5.552783e-01,-1.454348e-03
14.83287075925651,7.774819e-01,-1.927833e-03
14.83287075925651,1.088445e+00,-2.477371e-03
14.83287075925651,1.523711e+00,-3.127597e-03
14.83287075925651,2.088426e+00,-3.680036e-03
14.83287075925651,2.685505e+00,-3.410911e-03
15.149528174441642,0.e+00,0.e+00
15.149528174441642,1.570796e-02,-7.886663e-06
15.149528174441642,2.346256e-02,-6.536582e-06
15.149528174441642,3.503514e-02,-1.625715e-05
15.149528174441642,5.263151e-02,-5.643002e-05
15.149528174441642,7.314235e-02,-1.04154e-04
15.149528174441642,1.025928e-01,-1.925056e-04
15.149528174441642,1.448116e-01,-2.791280e-04
15.149528174441642,2.023460e-01,-4.324339e-04
15.149528174441642,2.834245e-01,-6.194273e-04
15.149528174441642,3.967448e-01,-8.750420e-04
15.149528174441642,5.552783e-01,-1.174513e-03
15.149528174441642,7.774819e-01,-1.574623e-03
15.149528174441642,1.088445e+00,-2.045182e-03
15.149528174441642,1.523711e+00,-2.624334e-03
15.149528174441642,2.088426e+00,-3.123779e-03
15.149528174441642,2.685505e+00,-2.919468e-03
15.472518737930475,0.e+00,0.e+00
15.472518737930475,1.570796e-02,-6.325195e-06
15.472518737930475,2.346256e-02,-5.174208e-06
15.472518737930475,3.503514e-02,-1.288876e-05
15.472518737930475,5.263151e-02,-4.514955e-05
15.472518737930475,7.314235e-02,-8.239692e-05
15.472518737930475,1.025928e-01,-1.537450e-04
15.472518737930475,1.448116e-01,-2.224925e-04
15.472518737930475,2.023460e-01,-3.444346e-04
15.472518737930475,2.834245e-01,-4.954341e-04
15.472518737930475,3.967448e-01,-6.996367e-04
15.472518737930475,5.552783e-01,-9.473483e-04
15.472518737930475,7.774819e-01,-1.280859e-03
15.472518737930475,1.088445e+00,-1.688527e-03
15.472518737930475,1.523711e+00,-2.193947e-03
15.472518737930475,2.088426e+00,-2.642514e-03
15.472518737930475,2.685505e+00,-2.491156e-03
15.801969112689086,0.e+00,0.e+00
15.801969112689086,1.570796e-02,-4.977094e-06
15.801969112689086,2.346256e-02,-4.068141e-06
15.801969112689086,3.503514e-02,-1.003066e-05
15.801969112689086,5.263151e-02,-3.591081e-05
15.801969112689086,7.314235e-02,-6.545595e-05
15.801969112689086,1.025928e-01,-1.214985e-04
15.801969112689086,1.448116e-01,-1.757604e-04
15.801969112689086,2.023460e-01,-2.724044e-04
15.801969112689086,2.834245e-01,-3.927765e-04
15.801969112689086,3.967448e-01,-5.561988e-04
15.801969112689086,5.552783e-01,-7.569366e-04
15.801969112689086,7.774819e-01,-1.035594e-03
15.801969112689086,1.088445e+00,-1.379140e-03
15.801969112689086,1.523711e+00,-1.815985e-03
15.801969112689086,2.088426e+00,-2.213065e-03
15.801969112689086,2.685505e+00,-2.113432e-03
16.13800849494287,0.e+00,0.e+00
16.13800849494287,1.570796e-02,-3.809937e-06
16.13800849494287,2.346256e-02,-3.215610e-06
16.13800849494287,3.503514e-02,-7.968412e-06
16.13800849494287,5.263151e-02,-2.823788e-05
16.13800849494287,7.314235e-02,-5.186461e-05
16.13800849494287,1.025928e-01,-9.502665e-05
16.13800849494287,1.448116e-01,-1.382677e-04
16.13800849494287,2.023460e-01,-2.150566e-04
16.13800849494287,2.834245e-01,-3.085808e-04
16.13800849494287,3.967448e-01,-4.386153e-04
16.13800849494287,5.552783e-01,-6.042383e-04
16.13800849494287,7.774819e-01,-8.314834e-04
16.13800849494287,1.088445e+00,-1.118729e-03
16.13800849494287,1.523711e+00,-1.491194e-03
16.13800849494287,2.088426e+00,-1.833242e-03
16.13800849494287,2.685505e+00,-1.763427e-03
16.480768664841726,0.e+00,0.e+00
16.480768664841726,1.570796e-02,-3.078050e-06
16.480768664841726,2.346256e-02,-2.505064e-06
16.480768664841726,3.503514e-02,-6.448446e-06
16.480768664841726,5.263151e-02,-2.166187e-05
16.480768664841726,7.314235e-02,-4.058806e-05
16.480768664841726,1.025928e-01,-7.388085e-05
16.480768664841726,1.448116e-01,-1.073634e-04
16.480768664841726,2.023460e-01,-1.684595e-04
16.480768664841726,2.834245e-01,-2.398718e-04
16.480768664841726,3.967448e-01,-3.426554e-04
16.480768664841726,5.552783e-01,-4.758027e-04
16.480768664841726,7.774819e-01,-6.604594e-04
16.480768664841726,1.088445e+00,-8.987225e-04
16.480768664841726,1.523711e+00,-1.211729e-03
16.480768664841726,2.088426e+00,-1.503539e-03
16.480768664841726,2.685505e+00,-1.444507e-03
16.83038403813856,0.e+00,0.e+00
16.83038403813856,1.570796e-02,-2.362762e-06
16.83038403813856,2.346256e-02,-1.909664e-06
16.83038403813856,3.503514e-02,-4.884822e-06
16.83038403813856,5.263151e-02,-1.696675e-05
16.83038403813856,7.314235e-02,-3.094836e-05
16.83038403813856,1.025928e-01,-5.707573e-05
16.83038403813856,1.448116e-01,-8.266958e-05
16.83038403813856,2.023460e-01,-1.299228e-04
16.83038403813856,2.834245e-01,-1.851070e-04
16.83038403813856,3.967448e-01,-2.653774e-04
16.83038403813856,5.552783e-01,-3.725326e-04
16.83038403813856,7.774819e-01,-5.195940e-04
16.83038403813856,1.088445e+00,-7.133759e-04
16.83038403813856,1.523711e+00,-9.749061e-04
16.83038403813856,2.088426e+00,-1.217417e-03
16.83038403813856,2.685505e+00,-1.170675e-03
17.186991718901332,0.e+00,0.e+00
17.186991718901332,1.570796e-02,-1.775129e-06
17.186991718901332,2.346256e-02,-1.453305e-06
17.186991718901332,3.503514e-02,-3.744631e-06
17.186991718901332,5.263151e-02,-1.302296e-05
17.186991718901332,7.314235e-02,-2.349215e-05
17.186991718901332,1.025928e-01,-4.397325e-05
17.186991718901332,1.448116e-01,-6.275663e-05
17.186991718901332,2.023460e-01,-9.997539e-05
17.186991718901332,2.834245e-01,-1.429807e-04
17.186991718901332,3.967448e-01,-2.040271e-04
17.186991718901332,5.552783e-01,-2.898490e-04
17.186991718901332,7.774819e-01,-4.094331e-04
17.186991718901332,1.088445e+00,-5.646271e-04
17.186991718901332,1.523711e+00,-7.773608e-04
17.186991718901332,2.088426e+00,-9.755950e-04
17.186991718901332,2.685505e+00,-9.258830e-04
17.55073155327936,0.e+00,0.e+00
17.55073155327936,1.570796e-02,-1.385014e-06
17.55073155327936,2.346256e-02,-1.129462e-06
17.55073155327936,3.503514e-02,-2.832944e-06
17.55073155327936,5.263151e-02,-9.908107e-06
17.55073155327936,7.314235e-02,-1.781643e-05
17.55073155327936,1.025928e-01,-3.339319e-05
17.55073155327936,1.448116e-01,-4.742512e-05
17.55073155327936,2.023460e-01,-7.635328e-05
17.55073155327936,2.834245e-01,-1.091339e-04
17.55073155327936,3.967448e-01,-1.553415e-04
17.55073155327936,5.552783e-01,-2.235155e-04
17.55073155327936,7.774819e-01,-3.169866e-04
17.55073155327936,1.088445e+00,-4.421947e-04
17.55073155327936,1.523711e+00,-6.145405e-04
17.55073155327936,2.088426e+00,-7.722293e-04
17.55073155327936,2.685505e+00,-7.351694e-04
17.921746184344947,0.e+00,0.e+00
17.921746184344947,1.570796e-02,-1.022073e-06
17.921746184344947,2.346256e-02,-8.382070e-07
17.921746184344947,3.503514e-02,-2.113767e-06
17.921746184344947,5.263151e-02,-7.496697e-06
17.921746184344947,7.314235e-02,-1.34735e-05
17.921746184344947,1.025928e-01,-2.514689e-05
17.921746184344947,1.448116e-01,-3.565785e-05
17.921746184344947,2.023460e-01,-5.691937e-05
17.921746184344947,2.834245e-01,-8.212548e-05
17.921746184344947,3.967448e-01,-1.174812e-04
17.921746184344947,5.552783e-01,-1.696871e-04
17.921746184344947,7.774819e-01,-2.426515e-04
17.921746184344947,1.088445e+00,-3.405439e-04
17.921746184344947,1.523711e+00,-4.744639e-04
17.921746184344947,2.088426e+00,-5.985965e-04
17.921746184344947,2.685505e+00,-5.636994e-04
18.300181108031847,0.e+00,0.e+00
18.300181108031847,1.570796e-02,-7.414236e-07
18.300181108031847,2.346256e-02,-6.109308e-07
18.300181108031847,3.503514e-02,-1.591661e-06
18.300181108031847,5.263151e-02,-5.663013e-06
18.300181108031847,7.314235e-02,-9.799617e-06
18.300181108031847,1.025928e-01,-1.85871e-05
18.300181108031847,1.448116e-01,-2.655363e-05
18.300181108031847,2.023460e-01,-4.233383e-05
18.300181108031847,2.834245e-01,-6.058583e-05
18.300181108031847,3.967448e-01,-8.761095e-05
18.300181108031847,5.552783e-01,-1.276886e-04
18.300181108031847,7.774819e-01,-1.830254e-04
18.300181108031847,1.088445e+00,-2.564938e-04
18.300181108031847,1.523711e+00,-3.604032e-04
18.300181108031847,2.088426e+00,-4.566541e-04
18.300181108031847,2.685505e+00,-4.289365e-04
18.686184730192483,0.e+00,0.e+00
18.686184730192483,1.570796e-02,-5.302363e-07
18.686184730192483,2.346256e-02,-4.283644e-07
18.686184730192483,3.503514e-02,-1.122890e-06
18.686184730192483,5.263151e-02,-4.103268e-06
18.686184730192483,7.314235e-02,-7.14676e-06
18.686184730192483,1.025928e-01,-1.343471e-05
18.686184730192483,1.448116e-01,-1.940342e-05
18.686184730192483,2.023460e-01,-3.058577e-05
18.686184730192483,2.834245e-01,-4.404301e-05
18.686184730192483,3.967448e-01,-6.382181e-05
18.686184730192483,5.552783e-01,-9.300153e-05
18.686184730192483,7.774819e-01,-1.342121e-04
18.686184730192483,1.088445e+00,-1.890410e-04
18.686184730192483,1.523711e+00,-2.683907e-04
18.686184730192483,2.088426e+00,-3.429881e-04
18.686184730192483,2.685505e+00,-3.206284e-04
19.079908424796333,0.e+00,0.e+00
19.079908424796333,1.570796e-02,-4.041435e-07
19.079908424796333,2.346256e-02,-3.579304e-07
19.079908424796333,3.503514e-02,-8.213777e-07
19.079908424796333,5.263151e-02,-2.919157e-06
19.079908424796333,7.314235e-02,-5.234698e-06
19.079908424796333,1.025928e-01,-9.599438e-06
19.079908424796333,1.448116e-01,-1.362803e-05
19.079908424796333,2.023460e-01,-2.185664e-05
19.079908424796333,2.834245e-01,-3.159702e-05
19.079908424796333,3.967448e-01,-4.579771e-05
19.079908424796333,5.552783e-01,-6.721906e-05
19.079908424796333,7.774819e-01,-9.740129e-05
19.079908424796333,1.088445e+00,-1.367708e-04
19.079908424796333,1.523711e+00,-1.965821e-04
19.079908424796333,2.088426e+00,-2.516038e-04
19.079908424796333,2.685505e+00,-2.396863e-04
19.48150659329226,0.e+00,0.e+00
19.48150659329226,1.570796e-02,-2.828667e-07
19.48150659329226,2.346256e-02,-2.291112e-07
19.48150659329226,3.503514e-02,-5.925364e-07
19.48150659329226,5.263151e-02,-2.02224e-06
19.48150659329226,7.314235e-02,-3.775486e-06
19.48150659329226,1.025928e-01,-6.693713e-06
19.48150659329226,1.448116e-01,-9.594835e-06
19.48150659329226,2.023460e-01,-1.553546e-05
19.48150659329226,2.834245e-01,-2.247357e-05
19.48150659329226,3.967448e-01,-3.254977e-05
19.48150659329226,5.552783e-01,-4.79117e-05
19.48150659329226,7.774819e-01,-6.972649e-05
19.48150659329226,1.088445e+00,-9.831573e-05
19.48150659329226,1.523711e+00,-1.421567e-04
19.48150659329226,2.088426e+00,-1.837966e-04
19.48150659329226,2.685505e+00,-1.777136e-04
19.891136725158105,0.e+00,0.e+00
19.891136725158105,1.570796e-02,-1.956167e-07
19.891136725158105,2.346256e-02,-1.5716e-07
19.891136725158105,3.503514e-02,-3.996858e-07
19.891136725158105,5.263151e-02,-1.423363e-06
19.891136725158105,7.314235e-02,-2.678654e-06
19.891136725158105,1.025928e-01,-4.700301e-06
19.891136725158105,1.448116e-01,-6.679905e-06
19.891136725158105,2.023460e-01,-1.070389e-05
19.891136725158105,2.834245e-01,-1.555795e-05
19.891136725158105,3.967448e-01,-2.280408e-05
19.891136725158105,5.552783e-01,-3.378041e-05
19.891136725158105,7.774819e-01,-4.947693e-05
19.891136725158105,1.088445e+00,-6.964184e-05
19.891136725158105,1.523711e+00,-1.010185e-04
19.891136725158105,2.088426e+00,-1.308616e-04
19.891136725158105,2.685505e+00,-1.281015e-04
20.308959459661267,0.e+00,0.e+00
20.308959459661267,1.570796e-02,-1.532691e-07
20.308959459661267,2.346256e-02,-1.040473e-07
20.308959459661267,3.503514e-02,-2.698135e-07
20.308959459661267,5.263151e-02,-1.015305e-06
20.308959459661267,7.314235e-02,-1.838183e-06
20.308959459661267,1.025928e-01,-3.218631e-06
20.308959459661267,1.448116e-01,-4.629222e-06
20.308959459661267,2.023460e-01,-7.349866e-06
20.308959459661267,2.834245e-01,-1.068234e-05
20.308959459661267,3.967448e-01,-1.585973e-05
20.308959459661267,5.552783e-01,-2.344139e-05
20.308959459661267,7.774819e-01,-3.440298e-05
20.308959459661267,1.088445e+00,-4.879707e-05
20.308959459661267,1.523711e+00,-7.078637e-05
20.308959459661267,2.088426e+00,-9.136291e-05
20.308959459661267,2.685505e+00,-8.755464e-05
20.73513864885449,0.e+00,0.e+00
20.73513864885449,1.570796e-02,-1.069382e-07
20.73513864885449,2.346256e-02,-6.850864e-08
20.73513864885449,3.503514e-02,-1.686545e-07
20.73513864885449,5.263151e-02,-6.730565e-07
20.73513864885449,7.314235e-02,-1.203166e-06
20.73513864885449,1.025928e-01,-2.170658e-06
20.73513864885449,1.448116e-01,-3.027001e-06
20.73513864885449,2.023460e-01,-4.860504e-06
20.73513864885449,2.834245e-01,-7.138429e-06
20.73513864885449,3.967448e-01,-1.050701e-05
20.73513864885449,5.552783e-01,-1.57518e-05
20.73513864885449,7.774819e-01,-2.311004e-05
20.73513864885449,1.088445e+00,-3.33015e-05
20.73513864885449,1.523711e+00,-4.833323e-05
20.73513864885449,2.088426e+00,-6.325347e-05
20.73513864885449,2.685505e+00,-6.072281e-05
21.16984142183158,0.e+00,0.e+00
21.16984142183158,1.570796e-02,-6.813509e-08
21.16984142183158,2.346256e-02,-4.710862e-08
21.16984142183158,3.503514e-02,-1.148260e-07
21.16984142183158,5.263151e-02,-4.580393e-07
21.16984142183158,7.314235e-02,-8.008417e-07
21.16984142183158,1.025928e-01,-1.401699e-06
21.16984142183158,1.448116e-01,-1.964633e-06
21.16984142183158,2.023460e-01,-3.144126e-06
21.16984142183158,2.834245e-01,-4.636622e-06
21.16984142183158,3.967448e-01,-6.936257e-06
21.16984142183158,5.552783e-01,-1.028429e-05
21.16984142183158,7.774819e-01,-1.531514e-05
21.16984142183158,1.088445e+00,-2.205943e-05
21.16984142183158,1.523711e+00,-3.254058e-05
21.16984142183158,2.088426e+00,-4.23221e-05
21.16984142183158,2.685505e+00,-4.061885e-05
21.613238250268214,0.e+00,0.e+00
21.613238250268214,1.570796e-02,-4.422737e-08
21.613238250268214,2.346256e-02,-2.833044e-08
21.613238250268214,3.503514e-02,-5.336435e-08
21.613238250268214,5.263151e-02,-2.741798e-07
21.613238250268214,7.314235e-02,-4.915888e-07
21.613238250268214,1.025928e-01,-8.289296e-07
21.613238250268214,1.448116e-01,-1.229051e-06
21.613238250268214,2.023460e-01,-1.959203e-06
21.613238250268214,2.834245e-01,-2.890590e-06
21.613238250268214,3.967448e-01,-4.353935e-06
21.613238250268214,5.552783e-01,-6.427483e-06
21.613238250268214,7.774819e-01,-9.792896e-06
21.613238250268214,1.088445e+00,-1.416064e-05
21.613238250268214,1.523711e+00,-2.103198e-05
21.613238250268214,2.088426e+00,-2.760340e-05
21.613238250268214,2.685505e+00,-2.632596e-05
22.065503015273578,0.e+00,0.e+00
22.065503015273578,1.570796e-02,-3.031190e-08
22.065503015273578,2.346256e-02,-2.075517e-08
22.065503015273578,3.503514e-02,-3.892226e-08
22.065503015273578,5.263151e-02,-1.758824e-07
22.065503015273578,7.314235e-02,-3.193351e-07
22.065503015273578,1.025928e-01,-5.287839e-07
22.065503015273578,1.448116e-01,-7.570912e-07
22.065503015273578,2.023460e-01,-1.228378e-06
22.065503015273578,2.834245e-01,-1.832631e-06
22.065503015273578,3.967448e-01,-2.678238e-06
22.065503015273578,5.552783e-01,-4.098649e-06
22.065503015273578,7.774819e-01,-6.319521e-06
22.065503015273578,1.088445e+00,-9.072120e-06
22.065503015273578,1.523711e+00,-1.351326e-05
22.065503015273578,2.088426e+00,-1.772853e-05
22.065503015273578,2.685505e+00,-1.705264e-05
22.52681307557905,0.e+00,0.e+00
22.52681307557905,1.570796e-02,7.097834e-10
22.52681307557905,2.346256e-02,5.814523e-10
22.52681307557905,3.503514e-02,1.680598e-09
22.52681307557905,5.263151e-02,4.992647e-09
22.52681307557905,7.314235e-02,9.359877e-09
22.52681307557905,1.025928e-01,1.66623e-08
22.52681307557905,1.448116e-01,2.46352e-08
22.52681307557905,2.023460e-01,3.705165e-08
22.52681307557905,2.834245e-01,5.462309e-08
22.52681307557905,3.967448e-01,7.907418e-08
22.52681307557905,5.552783e-01,1.101296e-07
22.52681307557905,7.774819e-01,1.416206e-07
22.52681307557905,1.088445e+00,1.562654e-07
22.52681307557905,1.523711e+00,1.348762e-07
22.52681307557905,2.088426e+00,8.849808e-08
22.52681307557905,2.685505e+00,4.234212e-08
22.997349337090633,0.e+00,0.e+00
22.997349337090633,1.570796e-02,6.680152e-10
22.997349337090633,2.346256e-02,5.456542e-10
22.997349337090633,3.503514e-02,1.582602e-09
22.997349337090633,5.263151e-02,4.695769e-09
22.997349337090633,7.314235e-02,8.804656e-09
22.997349337090633,1.025928e-01,1.567561e-08
22.997349337090633,1.448116e-01,2.319847e-08
22.997349337090633,2.023460e-01,3.496232e-08
22.997349337090633,2.834245e-01,5.180468e-08
22.997349337090633,3.967448e-01,7.546268e-08
22.997349337090633,5.552783e-01,1.058224e-07
22.997349337090633,7.774819e-01,1.368278e-07
22.997349337090633,1.088445e+00,1.520053e-07
22.997349337090633,1.523711e+00,1.325880e-07
22.997349337090633,2.088426e+00,8.825353e-08
22.997349337090633,2.685505e+00,4.248555e-08
23.477296323832444,0.e+00,0.e+00
23.477296323832444,1.570796e-02,6.261633e-10
23.477296323832444,2.346256e-02,5.105343e-10
23.477296323832444,3.503514e-02,1.486126e-09
23.477296323832444,5.263151e-02,4.40185e-09
23.477296323832444,7.314235e-02,8.255411e-09
23.477296323832444,1.025928e-01,1.470587e-08
23.477296323832444,1.448116e-01,2.178922e-08
23.477296323832444,2.023460e-01,3.291121e-08
23.477296323832444,2.834245e-01,4.903575e-08
23.477296323832444,3.967448e-01,7.187139e-08
23.477296323832444,5.552783e-01,1.014751e-07
23.477296323832444,7.774819e-01,1.319125e-07
23.477296323832444,1.088445e+00,1.475119e-07
23.477296323832444,1.523711e+00,1.302777e-07
23.477296323832444,2.088426e+00,8.80078e-08
23.477296323832444,2.685505e+00,4.264423e-08
23.966842250309092,0.e+00,0.e+00
23.966842250309092,1.570796e-02,5.851999e-10
23.966842250309092,2.346256e-02,4.755892e-10
23.966842250309092,3.503514e-02,1.390779e-09
23.966842250309092,5.263151e-02,4.112613e-09
23.966842250309092,7.314235e-02,7.719054e-09
23.966842250309092,1.025928e-01,1.375685e-08
23.966842250309092,1.448116e-01,2.040989e-08
23.966842250309092,2.023460e-01,3.090518e-08
23.966842250309092,2.834245e-01,4.630335e-08
23.966842250309092,3.967448e-01,6.829515e-08
23.966842250309092,5.552783e-01,9.705132e-08
23.966842250309092,7.774819e-01,1.267890e-07
23.966842250309092,1.088445e+00,1.428138e-07
23.966842250309092,1.523711e+00,1.278095e-07
23.966842250309092,2.088426e+00,8.778146e-08
23.966842250309092,2.685505e+00,4.288009e-08
24.466179095315276,0.e+00,0.e+00
24.466179095315276,1.570796e-02,5.448465e-10
24.466179095315276,2.346256e-02,4.416125e-10
24.466179095315276,3.503514e-02,1.297561e-09
24.466179095315276,5.263151e-02,3.830935e-09
24.466179095315276,7.314235e-02,7.196075e-09
24.466179095315276,1.025928e-01,1.283112e-08
24.466179095315276,1.448116e-01,1.906800e-08
24.466179095315276,2.023460e-01,2.893607e-08
24.466179095315276,2.834245e-01,4.362994e-08
24.466179095315276,3.967448e-01,6.472626e-08
24.466179095315276,5.552783e-01,9.250359e-08
24.466179095315276,7.774819e-01,1.214754e-07
24.466179095315276,1.088445e+00,1.379272e-07
24.466179095315276,1.523711e+00,1.252349e-07
24.466179095315276,2.088426e+00,8.770047e-08
24.466179095315276,2.685505e+00,4.296975e-08
24.97550267722158,0.e+00,0.e+00
24.97550267722158,1.570796e-02,5.053994e-10
24.97550267722158,2.346256e-02,4.083562e-10
24.97550267722158,3.503514e-02,1.205989e-09
24.97550267722158,5.263151e-02,3.556413e-09
24.97550267722158,7.314235e-02,6.686726e-09
24.97550267722158,1.025928e-01,1.192701e-08
24.97550267722158,1.448116e-01,1.775309e-08
24.97550267722158,2.023460e-01,2.701833e-08
24.97550267722158,2.834245e-01,4.09884e-08
24.97550267722158,3.967448e-01,6.115648e-08
24.97550267722158,5.552783e-01,8.789306e-08
24.97550267722158,7.774819e-01,1.159954e-07
24.97550267722158,1.088445e+00,1.328066e-07
24.97550267722158,1.523711e+00,1.22592e-07
24.97550267722158,2.088426e+00,8.762667e-08
24.97550267722158,2.685505e+00,4.342627e-08
25.495012730766014,0.e+00,0.e+00
25.495012730766014,1.570796e-02,4.671515e-10
25.495012730766014,2.346256e-02,3.761822e-10
25.495012730766014,3.503514e-02,1.116454e-09
25.495012730766014,5.263151e-02,3.288511e-09
25.495012730766014,7.314235e-02,6.190971e-09
25.495012730766014,1.025928e-01,1.104809e-08
25.495012730766014,1.448116e-01,1.647351e-08
25.495012730766014,2.023460e-01,2.514614e-08
25.495012730766014,2.834245e-01,3.837761e-08
25.495012730766014,3.967448e-01,5.759948e-08
25.495012730766014,5.552783e-01,8.318789e-08
25.495012730766014,7.774819e-01,1.10394e-07
25.495012730766014,1.088445e+00,1.275239e-07
25.495012730766014,1.523711e+00,1.198166e-07
25.495012730766014,2.088426e+00,8.748485e-08
25.495012730766014,2.685505e+00,4.399156e-08
26.024912985381334,0.e+00,0.e+00
26.024912985381334,1.570796e-02,4.299383e-10
26.024912985381334,2.346256e-02,3.446103e-10
26.024912985381334,3.503514e-02,1.029457e-09
26.024912985381334,5.263151e-02,3.028285e-09
26.024912985381334,7.314235e-02,5.706906e-09
26.024912985381334,1.025928e-01,1.019304e-08
26.024912985381334,1.448116e-01,1.522649e-08
26.024912985381334,2.023460e-01,2.330862e-08
26.024912985381334,2.834245e-01,3.579993e-08
26.024912985381334,3.967448e-01,5.402827e-08
26.024912985381334,5.552783e-01,7.840490e-08
26.024912985381334,7.774819e-01,1.045553e-07
26.024912985381334,1.088445e+00,1.219487e-07
26.024912985381334,1.523711e+00,1.167448e-07
26.024912985381334,2.088426e+00,8.738289e-08
26.024912985381334,2.685505e+00,4.512039e-08
26.56541124508896,0.e+00,0.e+00
26.56541124508896,1.570796e-02,3.938456e-10
26.56541124508896,2.346256e-02,3.138760e-10
26.56541124508896,3.503514e-02,9.44733e-10
26.56541124508896,5.263151e-02,2.775584e-09
26.56541124508896,7.314235e-02,5.239906e-09
26.56541124508896,1.025928e-01,9.361355e-09
26.56541124508896,1.448116e-01,1.400861e-08
26.56541124508896,2.023460e-01,2.15149e-08
26.56541124508896,2.834245e-01,3.325178e-08
26.56541124508896,3.967448e-01,5.043582e-08
26.56541124508896,5.552783e-01,7.351413e-08
26.56541124508896,7.774819e-01,9.851589e-08
26.56541124508896,1.088445e+00,1.161068e-07
26.56541124508896,1.523711e+00,1.134264e-07
26.56541124508896,2.088426e+00,8.724069e-08
26.56541124508896,2.685505e+00,4.623392e-08
27.11671946999074,0.e+00,0.e+00
27.11671946999074,1.570796e-02,3.586652e-10
27.11671946999074,2.346256e-02,2.844540e-10
27.11671946999074,3.503514e-02,8.620719e-10
27.11671946999074,5.263151e-02,2.529264e-09
27.11671946999074,7.314235e-02,4.784557e-09
27.11671946999074,1.025928e-01,8.551515e-09
27.11671946999074,1.448116e-01,1.282247e-08
27.11671946999074,2.023460e-01,1.975222e-08
27.11671946999074,2.834245e-01,3.072146e-08
27.11671946999074,3.967448e-01,4.682282e-08
27.11671946999074,5.552783e-01,6.849174e-08
27.11671946999074,7.774819e-01,9.235111e-08
27.11671946999074,1.088445e+00,1.100306e-07
27.11671946999074,1.523711e+00,1.097542e-07
27.11671946999074,2.088426e+00,8.701798e-08
27.11671946999074,2.685505e+00,4.782018e-08
27.679053859390557,0.e+00,0.e+00
27.679053859390557,1.570796e-02,3.246428e-10
27.679053859390557,2.346256e-02,2.558518e-10
27.679053859390557,3.503514e-02,7.815096e-10
27.679053859390557,5.263151e-02,2.290848e-09
27.679053859390557,7.314235e-02,4.340472e-09
27.679053859390557,1.025928e-01,7.763153e-09
27.679053859390557,1.448116e-01,1.166417e-08
27.679053859390557,2.023460e-01,1.802495e-08
27.679053859390557,2.834245e-01,2.820755e-08
27.679053859390557,3.967448e-01,4.317865e-08
27.679053859390557,5.552783e-01,6.340218e-08
27.679053859390557,7.774819e-01,8.598239e-08
27.679053859390557,1.088445e+00,1.035893e-07
27.679053859390557,1.523711e+00,1.056405e-07
27.679053859390557,2.088426e+00,8.654915e-08
27.679053859390557,2.685505e+00,4.969636e-08
28.252634936578367,0.e+00,0.e+00
28.252634936578367,1.570796e-02,2.915210e-10
28.252634936578367,2.346256e-02,2.282282e-10
28.252634936578367,3.503514e-02,7.029659e-10
28.252634936578367,5.263151e-02,2.058029e-09
28.252634936578367,7.314235e-02,3.909037e-09
28.252634936578367,1.025928e-01,6.996122e-09
28.252634936578367,1.448116e-01,1.053278e-08
28.252634936578367,2.023460e-01,1.633362e-08
28.252634936578367,2.834245e-01,2.570575e-08
28.252634936578367,3.967448e-01,3.951583e-08
28.252634936578367,5.552783e-01,5.822013e-08
28.252634936578367,7.774819e-01,7.940848e-08
28.252634936578367,1.088445e+00,9.681183e-08
28.252634936578367,1.523711e+00,1.009853e-07
28.252634936578367,2.088426e+00,8.572476e-08
28.252634936578367,2.685505e+00,5.185211e-08
28.837687635309937,0.e+00,0.e+00
28.837687635309937,1.570796e-02,2.594021e-10
28.837687635309937,2.346256e-02,2.015446e-10
28.837687635309937,3.503514e-02,6.267118e-10
28.837687635309937,5.263151e-02,1.832162e-09
28.837687635309937,7.314235e-02,3.48781e-09
28.837687635309937,1.025928e-01,6.248682e-09
28.837687635309937,1.448116e-01,9.424771e-09
28.837687635309937,2.023460e-01,1.466533e-08
28.837687635309937,2.834245e-01,2.321072e-08
28.837687635309937,3.967448e-01,3.581185e-08
28.837687635309937,5.552783e-01,5.29424e-08
28.837687635309937,7.774819e-01,7.267392e-08
28.837687635309937,1.088445e+00,8.967166e-08
28.837687635309937,1.523711e+00,9.577866e-08
28.837687635309937,2.088426e+00,8.441833e-08
28.837687635309937,2.685505e+00,5.442979e-08
29.434441388016136,0.e+00,0.e+00
29.434441388016136,1.570796e-02,2.282507e-10
29.434441388016136,2.346256e-02,1.759359e-10
29.434441388016136,3.503514e-02,5.524230e-10
29.434441388016136,5.263151e-02,1.612917e-09
29.434441388016136,7.314235e-02,3.078932e-09
29.434441388016136,1.025928e-01,5.518128e-09
29.434441388016136,1.448116e-01,8.341055e-09
29.434441388016136,2.023460e-01,1.302073e-08
29.434441388016136,2.834245e-01,2.072364e-08
29.434441388016136,3.967448e-01,3.209119e-08
29.434441388016136,5.552783e-01,4.757540e-08
29.434441388016136,7.774819e-01,6.569497e-08
29.434441388016136,1.088445e+00,8.211757e-08
29.434441388016136,1.523711e+00,8.986248e-08
29.434441388016136,2.088426e+00,8.250731e-08
29.434441388016136,2.685505e+00,5.700326e-08
30.043130215776458,0.e+00,0.e+00
30.043130215776458,1.570796e-02,1.980537e-10
30.043130215776458,2.346256e-02,1.513638e-10
30.043130215776458,3.503514e-02,4.801967e-10
30.043130215776458,5.263151e-02,1.399879e-09
30.043130215776458,7.314235e-02,2.678818e-09
30.043130215776458,1.025928e-01,4.804576e-09
30.043130215776458,1.448116e-01,7.279904e-09
30.043130215776458,2.023460e-01,1.139914e-08
30.043130215776458,2.834245e-01,1.823808e-08
30.043130215776458,3.967448e-01,2.834273e-08
30.043130215776458,5.552783e-01,4.213681e-08
30.043130215776458,7.774819e-01,5.855461e-08
30.043130215776458,1.088445e+00,7.410102e-08
30.043130215776458,1.523711e+00,8.319345e-08
30.043130215776458,2.088426e+00,7.973999e-08
30.043130215776458,2.685505e+00,5.931327e-08
30.663992820091988,0.e+00,0.e+00
30.663992820091988,1.570796e-02,1.687028e-10
30.663992820091988,2.346256e-02,1.278152e-10
30.663992820091988,3.503514e-02,4.099148e-10
30.663992820091988,5.263151e-02,1.193089e-09
30.663992820091988,7.314235e-02,2.288972e-09
30.663992820091988,1.025928e-01,4.108569e-09
30.663992820091988,1.448116e-01,6.239521e-09
30.663992820091988,2.023460e-01,9.802637e-09
30.663992820091988,2.834245e-01,1.576137e-08
30.663992820091988,3.967448e-01,2.455560e-08
30.663992820091988,5.552783e-01,3.66119e-08
30.663992820091988,7.774819e-01,5.119044e-08
30.663992820091988,1.088445e+00,6.560535e-08
30.663992820091988,1.523711e+00,7.562879e-08
30.663992820091988,2.088426e+00,7.592458e-08
30.663992820091988,2.685505e+00,6.110717e-08
31.297272676493826,0.e+00,0.e+00
31.297272676493826,1.570796e-02,1.402808e-10
31.297272676493826,2.346256e-02,1.052682e-10
31.297272676493826,3.503514e-02,3.414201e-10
31.297272676493826,5.263151e-02,9.921152e-10
31.297272676493826,7.314235e-02,1.908856e-09
31.297272676493826,1.025928e-01,3.428376e-09
31.297272676493826,1.448116e-01,5.218589e-09
31.297272676493826,2.023460e-01,8.227649e-09
31.297272676493826,2.834245e-01,1.328892e-08
31.297272676493826,3.967448e-01,2.075797e-08
31.297272676493826,5.552783e-01,3.102678e-08
31.297272676493826,7.774819e-01,4.362721e-08
31.297272676493826,1.088445e+00,5.663409e-08
31.297272676493826,1.523711e+00,6.706017e-08
31.297272676493826,2.088426e+00,7.070068e-08
31.297272676493826,2.685505e+00,6.188322e-08
31.943218130023702,0.e+00,0.e+00
31.943218130023702,1.570796e-02,1.128070e-10
31.943218130023702,2.346256e-02,8.369390e-11
31.943218130023702,3.503514e-02,2.746301e-10
31.943218130023702,5.263151e-02,7.970118e-10
31.943218130023702,7.314235e-02,1.537959e-09
31.943218130023702,1.025928e-01,2.765192e-09
31.943218130023702,1.448116e-01,4.219095e-09
31.943218130023702,2.023460e-01,6.672254e-09
31.943218130023702,2.834245e-01,1.082695e-08
31.943218130023702,3.967448e-01,1.694345e-08
31.943218130023702,5.552783e-01,2.538777e-08
31.943218130023702,7.774819e-01,3.590567e-08
31.943218130023702,1.088445e+00,4.721135e-08
31.943218130023702,1.523711e+00,5.746564e-08
31.943218130023702,2.088426e+00,6.378832e-08
31.943218130023702,2.685505e+00,6.075212e-08
32.60208249262418,0.e+00,0.e+00
32.60208249262418,1.570796e-02,8.614096e-11
32.60208249262418,2.346256e-02,6.310763e-11
32.60208249262418,3.503514e-02,2.09763e-10
32.60208249262418,5.263151e-02,6.084001e-10
32.60208249262418,7.314235e-02,1.176767e-09
32.60208249262418,1.025928e-01,2.117364e-09
32.60208249262418,1.448116e-01,3.239995e-09
32.60208249262418,2.023460e-01,5.140834e-09
32.60208249262418,2.834245e-01,8.373159e-09
32.60208249262418,3.967448e-01,1.312482e-08
32.60208249262418,5.552783e-01,1.971195e-08
32.60208249262418,7.774819e-01,2.80321e-08
32.60208249262418,1.088445e+00,3.732053e-08
32.60208249262418,1.523711e+00,4.670606e-08
32.60208249262418,2.088426e+00,5.480925e-08
32.60208249262418,2.685505e+00,5.696897e-08
33.27412414247666,0.e+00,0.e+00
33.27412414247666,1.570796e-02,6.027199e-11
33.27412414247666,2.346256e-02,4.346582e-11
33.27412414247666,3.503514e-02,1.467397e-10
33.27412414247666,5.263151e-02,4.248446e-10
33.27412414247666,7.314235e-02,8.24671e-10
33.27412414247666,1.025928e-01,1.486259e-09
33.27412414247666,1.448116e-01,2.279059e-09
33.27412414247666,2.023460e-01,3.628179e-09
33.27412414247666,2.834245e-01,5.931893e-09
33.27412414247666,3.967448e-01,9.313379e-09
33.27412414247666,5.552783e-01,1.402041e-08
33.27412414247666,7.774819e-01,2.005998e-08
33.27412414247666,1.088445e+00,2.703179e-08
33.27412414247666,1.523711e+00,3.478576e-08
33.27412414247666,2.088426e+00,4.321912e-08
33.27412414247666,2.685505e+00,4.880417e-08
33.959606625326195,0.e+00,0.e+00
33.959606625326195,1.570796e-02,3.630734e-11
33.959606625326195,2.346256e-02,2.628600e-11
33.959606625326195,3.503514e-02,8.901073e-11
33.959606625326195,5.263151e-02,2.571453e-10
33.959606625326195,7.314235e-02,4.992969e-10
33.959606625326195,1.025928e-01,8.997998e-10
33.959606625326195,1.448116e-01,1.380923e-09
33.959606625326195,2.023460e-01,2.195935e-09
33.959606625326195,2.834245e-01,3.586514e-09
33.959606625326195,3.967448e-01,5.606595e-09
33.959606625326195,5.552783e-01,8.410378e-09
33.959606625326195,7.774819e-01,1.204186e-08
33.959606625326195,1.088445e+00,1.637158e-08
33.959606625326195,1.523711e+00,2.160360e-08
33.959606625326195,2.088426e+00,2.825962e-08
33.959606625326195,2.685505e+00,3.419848e-08
34.65879875783272,0.e+00,0.e+00
34.65879875783272,1.570796e-02,1.09799e-11
34.65879875783272,2.346256e-02,8.598208e-12
34.65879875783272,3.503514e-02,2.761559e-11
34.65879875783272,5.263151e-02,7.78872e-11
34.65879875783272,7.314235e-02,1.540267e-10
34.65879875783272,1.025928e-01,2.809771e-10
34.65879875783272,1.448116e-01,4.362919e-10
34.65879875783272,2.023460e-01,6.955679e-10
34.65879875783272,2.834245e-01,1.153379e-09
34.65879875783272,3.967448e-01,1.811454e-09
34.65879875783272,5.552783e-01,2.734945e-09
34.65879875783272,7.774819e-01,3.948761e-09
34.65879875783272,1.088445e+00,5.434059e-09
34.65879875783272,1.523711e+00,7.341600e-09
34.65879875783272,2.088426e+00,1.00891e-08
34.65879875783272,2.685505e+00,1.313057e-08
35.37197473298937,0.e+00,0.e+00
35.37197473298937,1.570796e-02,0.e+00
35.37197473298937,2.346256e-02,0.e+00
35.37197473298937,3.503514e-02,0.e+00
35.37197473298937,5.263151e-02,0.e+00
35.37197473298937,7.314235e-02,0.e+00
35.37197473298937,1.025928e-01,0.e+00
35.37197473298937,1.448116e-01,0.e+00
35.37197473298937,2.023460e-01,0.e+00
35.37197473298937,2.834245e-01,0.e+00
35.37197473298937,3.967448e-01,0.e+00
35.37197473298937,5.552783e-01,0.e+00
35.37197473298937,7.774819e-01,0.e+00
35.37197473298937,1.088445e+00,0.e+00
35.37197473298937,1.523711e+00,0.e+00
35.37197473298937,2.088426e+00,0.e+00
35.37197473298937,2.685505e+00,0.e+00
