5.e+00 1.570796e-02 0.e+00
5.e+00 2.346256e-02 0.e+00
5.e+00 3.503514e-02 0.e+00
5.e+00 5.263151e-02 0.e+00
5.e+00 7.314235e-02 0.e+00
5.e+00 1.025928e-01 0.e+00
5.e+00 1.448116e-01 0.e+00
5.e+00 2.023460e-01 0.e+00
5.e+00 2.834245e-01 0.e+00
5.e+00 3.967448e-01 0.e+00
5.e+00 5.552783e-01 0.e+00
5.e+00 7.774819e-01 0.e+00
5.e+00 1.088445e+00 0.e+00
5.e+00 1.523711e+00 0.e+00
5.e+00 2.088426e+00 0.e+00
5.e+00 2.685505e+00 0.e+00
5.12e+00 1.570796e-02 0.e+00
5.12e+00 2.346256e-02 0.e+00
5.12e+00 3.503514e-02 0.e+00
5.12e+00 5.263151e-02 0.e+00
5.12e+00 7.314235e-02 0.e+00
5.12e+00 1.025928e-01 0.e+00
5.12e+00 1.448116e-01 0.e+00
5.12e+00 2.023460e-01 0.e+00
5.12e+00 2.834245e-01 0.e+00
5.12e+00 3.967448e-01 0.e+00
5.12e+00 5.552783e-01 0.e+00
5.12e+00 7.774819e-01 0.e+00
5.12e+00 1.088445e+00 0.e+00
5.12e+00 1.523711e+00 0.e+00
5.12e+00 2.088426e+00 0.e+00
5.12e+00 2.685505e+00 0.e+00
5.2424e+00 1.570796e-02 0.e+00
5.2424e+00 2.346256e-02 0.e+00
5.2424e+00 3.503514e-02 0.e+00
5.2424e+00 5.263151e-02 0.e+00
5.2424e+00 7.314235e-02 0.e+00
5.2424e+00 1.025928e-01 0.e+00
5.2424e+00 1.448116e-01 0.e+00
5.2424e+00 2.023460e-01 0.e+00
5.2424e+00 2.834245e-01 0.e+00
5.2424e+00 3.967448e-01 0.e+00
5.2424e+00 5.552783e-01 0.e+00
5.2424e+00 7.774819e-01 0.e+00
5.2424e+00 1.088445e+00 0.e+00
5.2424e+00 1.523711e+00 0.e+00
5.2424e+00 2.088426e+00 0.e+00
5.2424e+00 2.685505e+00 0.e+00
5.367248e+00 1.570796e-02 0.e+00
5.367248e+00 2.346256e-02 0.e+00
5.367248e+00 3.503514e-02 0.e+00
5.367248e+00 5.263151e-02 0.e+00
5.367248e+00 7.314235e-02 0.e+00
5.367248e+00 1.025928e-01 0.e+00
5.367248e+00 1.448116e-01 0.e+00
5.367248e+00 2.023460e-01 0.e+00
5.367248e+00 2.834245e-01 0.e+00
5.367248e+00 3.967448e-01 0.e+00
5.367248e+00 5.552783e-01 0.e+00
5.367248e+00 7.774819e-01 0.e+00
5.367248e+00 1.088445e+00 0.e+00
5.367248e+00 1.523711e+00 0.e+00
5.367248e+00 2.088426e+00 0.e+00
5.367248e+00 2.685505e+00 0.e+00
5.494593e+00 1.570796e-02 0.e+00
5.494593e+00 2.346256e-02 0.e+00
5.494593e+00 3.503514e-02 0.e+00
5.494593e+00 5.263151e-02 0.e+00
5.494593e+00 7.314235e-02 0.e+00
5.494593e+00 1.025928e-01 0.e+00
5.494593e+00 1.448116e-01 0.e+00
5.494593e+00 2.023460e-01 0.e+00
5.494593e+00 2.834245e-01 0.e+00
5.494593e+00 3.967448e-01 0.e+00
5.494593e+00 5.552783e-01 0.e+00
5.494593e+00 7.774819e-01 0.e+00
5.494593e+00 1.088445e+00 0.e+00
5.494593e+00 1.523711e+00 0.e+00
5.494593e+00 2.088426e+00 0.e+00
5.494593e+00 2.685505e+00 0.e+00
5.624485e+00 1.570796e-02 0.e+00
5.624485e+00 2.346256e-02 0.e+00
5.624485e+00 3.503514e-02 0.e+00
5.624485e+00 5.263151e-02 0.e+00
5.624485e+00 7.314235e-02 0.e+00
5.624485e+00 1.025928e-01 0.e+00
5.624485e+00 1.448116e-01 0.e+00
5.624485e+00 2.023460e-01 0.e+00
5.624485e+00 2.834245e-01 0.e+00
5.624485e+00 3.967448e-01 0.e+00
5.624485e+00 5.552783e-01 0.e+00
5.624485e+00 7.774819e-01 0.e+00
5.624485e+00 1.088445e+00 0.e+00
5.624485e+00 1.523711e+00 0.e+00
5.624485e+00 2.088426e+00 0.e+00
5.624485e+00 2.685505e+00 0.e+00
5.756975e+00 1.570796e-02 0.e+00
5.756975e+00 2.346256e-02 0.e+00
5.756975e+00 3.503514e-02 0.e+00
5.756975e+00 5.263151e-02 0.e+00
5.756975e+00 7.314235e-02 0.e+00
5.756975e+00 1.025928e-01 0.e+00
5.756975e+00 1.448116e-01 0.e+00
5.756975e+00 2.023460e-01 0.e+00
5.756975e+00 2.834245e-01 0.e+00
5.756975e+00 3.967448e-01 0.e+00
5.756975e+00 5.552783e-01 0.e+00
5.756975e+00 7.774819e-01 0.e+00
5.756975e+00 1.088445e+00 0.e+00
5.756975e+00 1.523711e+00 0.e+00
5.756975e+00 2.088426e+00 0.e+00
5.756975e+00 2.685505e+00 0.e+00
5.892114e+00 1.570796e-02 -3.367043e-06
5.892114e+00 2.346256e-02 -2.427432e-06
5.892114e+00 3.503514e-02 -4.887998e-06
5.892114e+00 5.263151e-02 -1.587662e-06
5.892114e+00 7.314235e-02 -6.945547e-06
5.892114e+00 1.025928e-01 -5.663260e-06
5.892114e+00 1.448116e-01 2.907264e-06
5.892114e+00 2.023460e-01 -1.515062e-06
5.892114e+00 2.834245e-01 5.465350e-07
5.892114e+00 3.967448e-01 -4.102474e-06
5.892114e+00 5.552783e-01 -1.659028e-06
5.892114e+00 7.774819e-01 -1.237009e-06
5.892114e+00 1.088445e+00 -1.632322e-06
5.892114e+00 1.523711e+00 -1.671962e-06
5.892114e+00 2.088426e+00 -3.189403e-06
5.892114e+00 2.685505e+00 -2.632649e-06
6.029956e+00 1.570796e-02 -9.082065e-05
6.029956e+00 2.346256e-02 -6.465176e-05
6.029956e+00 3.503514e-02 -1.199227e-04
6.029956e+00 5.263151e-02 -1.670588e-04
6.029956e+00 7.314235e-02 -1.887275e-04
6.029956e+00 1.025928e-01 -5.514349e-05
6.029956e+00 1.448116e-01 -1.784594e-04
6.029956e+00 2.023460e-01 -9.160181e-05
6.029956e+00 2.834245e-01 -1.891214e-04
6.029956e+00 3.967448e-01 -9.253228e-05
6.029956e+00 5.552783e-01 -8.410006e-05
6.029956e+00 7.774819e-01 -8.495986e-05
6.029956e+00 1.088445e+00 -7.783599e-05
6.029956e+00 1.523711e+00 -7.144017e-05
6.029956e+00 2.088426e+00 -8.553392e-05
6.029956e+00 2.685505e+00 -9.189276e-05
6.170555e+00 1.570796e-02 -2.267968e-04
6.170555e+00 2.346256e-02 -2.120972e-04
6.170555e+00 3.503514e-02 -2.671149e-04
6.170555e+00 5.263151e-02 -4.687903e-04
6.170555e+00 7.314235e-02 -5.920135e-04
6.170555e+00 1.025928e-01 -4.285004e-04
6.170555e+00 1.448116e-01 -5.340101e-04
6.170555e+00 2.023460e-01 -5.074840e-04
6.170555e+00 2.834245e-01 -6.316472e-04
6.170555e+00 3.967448e-01 -4.386135e-04
6.170555e+00 5.552783e-01 -3.877171e-04
6.170555e+00 7.774819e-01 -3.496634e-04
6.170555e+00 1.088445e+00 -3.070143e-04
6.170555e+00 1.523711e+00 -2.996727e-04
6.170555e+00 2.088426e+00 -3.357902e-04
6.170555e+00 2.685505e+00 -3.371349e-04
6.313967e+00 1.570796e-02 -4.987122e-04
6.313967e+00 2.346256e-02 -5.828708e-04
6.313967e+00 3.503514e-02 -9.313686e-04
6.313967e+00 5.263151e-02 -1.579058e-03
6.313967e+00 7.314235e-02 -2.245428e-03
6.313967e+00 1.025928e-01 -1.734793e-03
6.313967e+00 1.448116e-01 -2.240525e-03
6.313967e+00 2.023460e-01 -1.999588e-03
6.313967e+00 2.834245e-01 -2.089540e-03
6.313967e+00 3.967448e-01 -1.596901e-03
6.313967e+00 5.552783e-01 -1.444622e-03
6.313967e+00 7.774819e-01 -1.290338e-03
6.313967e+00 1.088445e+00 -1.1196e-03
6.313967e+00 1.523711e+00 -1.087548e-03
6.313967e+00 2.088426e+00 -1.201914e-03
6.313967e+00 2.685505e+00 -1.242814e-03
6.460246e+00 1.570796e-02 -6.903406e-04
6.460246e+00 2.346256e-02 -1.240849e-03
6.460246e+00 3.503514e-02 -1.990512e-03
6.460246e+00 5.263151e-02 -3.045082e-03
6.460246e+00 7.314235e-02 -4.993854e-03
6.460246e+00 1.025928e-01 -3.740631e-03
6.460246e+00 1.448116e-01 -4.552934e-03
6.460246e+00 2.023460e-01 -4.664428e-03
6.460246e+00 2.834245e-01 -4.518056e-03
6.460246e+00 3.967448e-01 -3.786836e-03
6.460246e+00 5.552783e-01 -3.45236e-03
6.460246e+00 7.774819e-01 -2.95847e-03
6.460246e+00 1.088445e+00 -2.575908e-03
6.460246e+00 1.523711e+00 -2.493296e-03
6.460246e+00 2.088426e+00 -2.695677e-03
6.460246e+00 2.685505e+00 -2.775880e-03
6.609451e+00 1.570796e-02 -7.541257e-04
6.609451e+00 2.346256e-02 -1.776235e-03
6.609451e+00 3.503514e-02 -3.247207e-03
6.609451e+00 5.263151e-02 -4.823050e-03
6.609451e+00 7.314235e-02 -8.086589e-03
6.609451e+00 1.025928e-01 -7.000967e-03
6.609451e+00 1.448116e-01 -8.123855e-03
6.609451e+00 2.023460e-01 -8.511560e-03
6.609451e+00 2.834245e-01 -8.167462e-03
6.609451e+00 3.967448e-01 -7.08798e-03
6.609451e+00 5.552783e-01 -6.375551e-03
6.609451e+00 7.774819e-01 -5.513554e-03
6.609451e+00 1.088445e+00 -4.704956e-03
6.609451e+00 1.523711e+00 -4.468831e-03
6.609451e+00 2.088426e+00 -4.779534e-03
6.609451e+00 2.685505e+00 -4.893029e-03
6.76164e+00 1.570796e-02 -8.082512e-04
6.76164e+00 2.346256e-02 -2.101316e-03
6.76164e+00 3.503514e-02 -4.086936e-03
6.76164e+00 5.263151e-02 -6.39362e-03
6.76164e+00 7.314235e-02 -1.091190e-02
6.76164e+00 1.025928e-01 -1.071057e-02
6.76164e+00 1.448116e-01 -1.290784e-02
6.76164e+00 2.023460e-01 -1.330379e-02
6.76164e+00 2.834245e-01 -1.308699e-02
6.76164e+00 3.967448e-01 -1.127986e-02
6.76164e+00 5.552783e-01 -1.025572e-02
6.76164e+00 7.774819e-01 -8.824280e-03
6.76164e+00 1.088445e+00 -7.506226e-03
6.76164e+00 1.523711e+00 -7.028548e-03
6.76164e+00 2.088426e+00 -7.435567e-03
6.76164e+00 2.685505e+00 -7.520988e-03
6.916873e+00 1.570796e-02 -8.274383e-04
6.916873e+00 2.346256e-02 -2.097138e-03
6.916873e+00 3.503514e-02 -4.484472e-03
6.916873e+00 5.263151e-02 -7.621820e-03
6.916873e+00 7.314235e-02 -1.312179e-02
6.916873e+00 1.025928e-01 -1.439782e-02
6.916873e+00 1.448116e-01 -1.751348e-02
6.916873e+00 2.023460e-01 -1.821278e-02
6.916873e+00 2.834245e-01 -1.810845e-02
6.916873e+00 3.967448e-01 -1.603761e-02
6.916873e+00 5.552783e-01 -1.464681e-02
6.916873e+00 7.774819e-01 -1.253323e-02
6.916873e+00 1.088445e+00 -1.072307e-02
6.916873e+00 1.523711e+00 -9.872594e-03
6.916873e+00 2.088426e+00 -1.035563e-02
6.916873e+00 2.685505e+00 -1.038963e-02
7.075210e+00 1.570796e-02 -8.45615e-04
7.075210e+00 2.346256e-02 -2.003997e-03
7.075210e+00 3.503514e-02 -4.520936e-03
7.075210e+00 5.263151e-02 -8.056875e-03
7.075210e+00 7.314235e-02 -1.445337e-02
7.075210e+00 1.025928e-01 -1.711179e-02
7.075210e+00 1.448116e-01 -2.201962e-02
7.075210e+00 2.023460e-01 -2.300942e-02
7.075210e+00 2.834245e-01 -2.307824e-02
7.075210e+00 3.967448e-01 -2.098315e-02
7.075210e+00 5.552783e-01 -1.917125e-02
7.075210e+00 7.774819e-01 -1.657731e-02
7.075210e+00 1.088445e+00 -1.401288e-02
7.075210e+00 1.523711e+00 -1.28654e-02
7.075210e+00 2.088426e+00 -1.329099e-02
7.075210e+00 2.685505e+00 -1.321236e-02
7.236714e+00 1.570796e-02 -7.952552e-04
7.236714e+00 2.346256e-02 -1.912283e-03
7.236714e+00 3.503514e-02 -4.285927e-03
7.236714e+00 5.263151e-02 -7.967743e-03
7.236714e+00 7.314235e-02 -1.485705e-02
7.236714e+00 1.025928e-01 -1.882375e-02
7.236714e+00 1.448116e-01 -2.524694e-02
7.236714e+00 2.023460e-01 -2.708311e-02
7.236714e+00 2.834245e-01 -2.749777e-02
7.236714e+00 3.967448e-01 -2.560675e-02
7.236714e+00 5.552783e-01 -2.348489e-02
7.236714e+00 7.774819e-01 -2.035005e-02
7.236714e+00 1.088445e+00 -1.725872e-02
7.236714e+00 1.523711e+00 -1.564178e-02
7.236714e+00 2.088426e+00 -1.595565e-02
7.236714e+00 2.685505e+00 -1.570388e-02
7.401449e+00 1.570796e-02 -7.278041e-04
7.401449e+00 2.346256e-02 -1.757917e-03
7.401449e+00 3.503514e-02 -4.049733e-03
7.401449e+00 5.263151e-02 -7.709244e-03
7.401449e+00 7.314235e-02 -1.464494e-02
7.401449e+00 1.025928e-01 -1.962540e-02
7.401449e+00 1.448116e-01 -2.708257e-02
7.401449e+00 2.023460e-01 -3.004788e-02
7.401449e+00 2.834245e-01 -3.102852e-02
7.401449e+00 3.967448e-01 -2.946945e-02
7.401449e+00 5.552783e-01 -2.732973e-02
7.401449e+00 7.774819e-01 -2.377207e-02
7.401449e+00 1.088445e+00 -2.017456e-02
7.401449e+00 1.523711e+00 -1.81271e-02
7.401449e+00 2.088426e+00 -1.826714e-02
7.401449e+00 2.685505e+00 -1.76986e-02
7.569477e+00 1.570796e-02 -6.534785e-04
7.569477e+00 2.346256e-02 -1.609212e-03
7.569477e+00 3.503514e-02 -3.706546e-03
7.569477e+00 5.263151e-02 -7.212774e-03
7.569477e+00 7.314235e-02 -1.391555e-02
7.569477e+00 1.025928e-01 -1.951673e-02
7.569477e+00 1.448116e-01 -2.782869e-02
7.569477e+00 2.023460e-01 -3.18156e-02
7.569477e+00 2.834245e-01 -3.359041e-02
7.569477e+00 3.967448e-01 -3.263675e-02
7.569477e+00 5.552783e-01 -3.052337e-02
7.569477e+00 7.774819e-01 -2.673039e-02
7.569477e+00 1.088445e+00 -2.26523e-02
7.569477e+00 1.523711e+00 -2.026805e-02
7.569477e+00 2.088426e+00 -2.024186e-02
7.569477e+00 2.685505e+00 -1.951399e-02
7.740867e+00 1.570796e-02 -5.979841e-04
7.740867e+00 2.346256e-02 -1.494842e-03
7.740867e+00 3.503514e-02 -3.318336e-03
7.740867e+00 5.263151e-02 -6.601292e-03
7.740867e+00 7.314235e-02 -1.295930e-02
7.740867e+00 1.025928e-01 -1.871833e-02
7.740867e+00 1.448116e-01 -2.765122e-02
7.740867e+00 2.023460e-01 -3.253253e-02
7.740867e+00 2.834245e-01 -3.519969e-02
7.740867e+00 3.967448e-01 -3.494819e-02
7.740867e+00 5.552783e-01 -3.307905e-02
7.740867e+00 7.774819e-01 -2.921223e-02
7.740867e+00 1.088445e+00 -2.476926e-02
7.740867e+00 1.523711e+00 -2.206820e-02
7.740867e+00 2.088426e+00 -2.189120e-02
7.740867e+00 2.685505e+00 -2.090738e-02
7.915684e+00 1.570796e-02 -5.439618e-04
7.915684e+00 2.346256e-02 -1.364652e-03
7.915684e+00 3.503514e-02 -2.921721e-03
7.915684e+00 5.263151e-02 -5.99211e-03
7.915684e+00 7.314235e-02 -1.192016e-02
7.915684e+00 1.025928e-01 -1.757736e-02
7.915684e+00 1.448116e-01 -2.677088e-02
7.915684e+00 2.023460e-01 -3.237094e-02
7.915684e+00 2.834245e-01 -3.600942e-02
7.915684e+00 3.967448e-01 -3.643108e-02
7.915684e+00 5.552783e-01 -3.489348e-02
7.915684e+00 7.774819e-01 -3.120243e-02
7.915684e+00 1.088445e+00 -2.652559e-02
7.915684e+00 1.523711e+00 -2.358254e-02
7.915684e+00 2.088426e+00 -2.323656e-02
7.915684e+00 2.685505e+00 -2.190638e-02
8.093998e+00 1.570796e-02 -4.944177e-04
8.093998e+00 2.346256e-02 -1.240174e-03
8.093998e+00 3.503514e-02 -2.588493e-03
8.093998e+00 5.263151e-02 -5.407992e-03
8.093998e+00 7.314235e-02 -1.082877e-02
8.093998e+00 1.025928e-01 -1.628175e-02
8.093998e+00 1.448116e-01 -2.530308e-02
8.093998e+00 2.023460e-01 -3.151323e-02
8.093998e+00 2.834245e-01 -3.595451e-02
8.093998e+00 3.967448e-01 -3.715071e-02
8.093998e+00 5.552783e-01 -3.614684e-02
8.093998e+00 7.774819e-01 -3.257720e-02
8.093998e+00 1.088445e+00 -2.78806e-02
8.093998e+00 1.523711e+00 -2.476194e-02
8.093998e+00 2.088426e+00 -2.427142e-02
8.093998e+00 2.685505e+00 -2.268234e-02
8.275878e+00 1.570796e-02 -4.436603e-04
8.275878e+00 2.346256e-02 -1.134578e-03
8.275878e+00 3.503514e-02 -2.317091e-03
8.275878e+00 5.263151e-02 -4.874585e-03
8.275878e+00 7.314235e-02 -9.762993e-03
8.275878e+00 1.025928e-01 -1.481535e-02
8.275878e+00 1.448116e-01 -2.344792e-02
8.275878e+00 2.023460e-01 -3.000349e-02
8.275878e+00 2.834245e-01 -3.522662e-02
8.275878e+00 3.967448e-01 -3.722825e-02
8.275878e+00 5.552783e-01 -3.675759e-02
8.275878e+00 7.774819e-01 -3.344510e-02
8.275878e+00 1.088445e+00 -2.888417e-02
8.275878e+00 1.523711e+00 -2.56322e-02
8.275878e+00 2.088426e+00 -2.508322e-02
8.275878e+00 2.685505e+00 -2.32489e-02
8.461396e+00 1.570796e-02 -3.925455e-04
8.461396e+00 2.346256e-02 -1.021914e-03
8.461396e+00 3.503514e-02 -2.077134e-03
8.461396e+00 5.263151e-02 -4.370584e-03
8.461396e+00 7.314235e-02 -8.745177e-03
8.461396e+00 1.025928e-01 -1.332203e-02
8.461396e+00 1.448116e-01 -2.14291e-02
8.461396e+00 2.023460e-01 -2.816738e-02
8.461396e+00 2.834245e-01 -3.397366e-02
8.461396e+00 3.967448e-01 -3.673018e-02
8.461396e+00 5.552783e-01 -3.680361e-02
8.461396e+00 7.774819e-01 -3.390824e-02
8.461396e+00 1.088445e+00 -2.951292e-02
8.461396e+00 1.523711e+00 -2.623483e-02
8.461396e+00 2.088426e+00 -2.559208e-02
8.461396e+00 2.685505e+00 -2.366496e-02
8.650623e+00 1.570796e-02 -3.447319e-04
8.650623e+00 2.346256e-02 -9.273369e-04
8.650623e+00 3.503514e-02 -1.846976e-03
8.650623e+00 5.263151e-02 -3.905841e-03
8.650623e+00 7.314235e-02 -7.818141e-03
8.650623e+00 1.025928e-01 -1.190823e-02
8.650623e+00 1.448116e-01 -1.943942e-02
8.650623e+00 2.023460e-01 -2.611022e-02
8.650623e+00 2.834245e-01 -3.231029e-02
8.650623e+00 3.967448e-01 -3.571513e-02
8.650623e+00 5.552783e-01 -3.63191e-02
8.650623e+00 7.774819e-01 -3.388769e-02
8.650623e+00 1.088445e+00 -2.974652e-02
8.650623e+00 1.523711e+00 -2.65759e-02
8.650623e+00 2.088426e+00 -2.584728e-02
8.650623e+00 2.685505e+00 -2.375949e-02
8.843636e+00 1.570796e-02 -3.009796e-04
8.843636e+00 2.346256e-02 -8.400500e-04
8.843636e+00 3.503514e-02 -1.645827e-03
8.843636e+00 5.263151e-02 -3.469674e-03
8.843636e+00 7.314235e-02 -6.956723e-03
8.843636e+00 1.025928e-01 -1.060441e-02
8.843636e+00 1.448116e-01 -1.750159e-02
8.843636e+00 2.023460e-01 -2.394456e-02
8.843636e+00 2.834245e-01 -3.031918e-02
8.843636e+00 3.967448e-01 -3.422568e-02
8.843636e+00 5.552783e-01 -3.534105e-02
8.843636e+00 7.774819e-01 -3.346846e-02
8.843636e+00 1.088445e+00 -2.962619e-02
8.843636e+00 1.523711e+00 -2.666569e-02
8.843636e+00 2.088426e+00 -2.590306e-02
8.843636e+00 2.685505e+00 -2.354514e-02
9.040509e+00 1.570796e-02 -2.635141e-04
9.040509e+00 2.346256e-02 -7.551482e-04
9.040509e+00 3.503514e-02 -1.47193e-03
9.040509e+00 5.263151e-02 -3.077858e-03
9.040509e+00 7.314235e-02 -6.180237e-03
9.040509e+00 1.025928e-01 -9.413016e-03
9.040509e+00 1.448116e-01 -1.564632e-02
9.040509e+00 2.023460e-01 -2.178094e-02
9.040509e+00 2.834245e-01 -2.810562e-02
9.040509e+00 3.967448e-01 -3.237431e-02
9.040509e+00 5.552783e-01 -3.406293e-02
9.040509e+00 7.774819e-01 -3.268767e-02
9.040509e+00 1.088445e+00 -2.920932e-02
9.040509e+00 1.523711e+00 -2.650111e-02
9.040509e+00 2.088426e+00 -2.577897e-02
9.040509e+00 2.685505e+00 -2.337275e-02
9.241319e+00 1.570796e-02 -2.330269e-04
9.241319e+00 2.346256e-02 -6.700637e-04
9.241319e+00 3.503514e-02 -1.310698e-03
9.241319e+00 5.263151e-02 -2.730375e-03
9.241319e+00 7.314235e-02 -5.477579e-03
9.241319e+00 1.025928e-01 -8.352047e-03
9.241319e+00 1.448116e-01 -1.393071e-02
9.241319e+00 2.023460e-01 -1.963462e-02
9.241319e+00 2.834245e-01 -2.578584e-02
9.241319e+00 3.967448e-01 -3.028295e-02
9.241319e+00 5.552783e-01 -3.241260e-02
9.241319e+00 7.774819e-01 -3.155271e-02
9.241319e+00 1.088445e+00 -2.854903e-02
9.241319e+00 1.523711e+00 -2.61348e-02
9.241319e+00 2.088426e+00 -2.545554e-02
9.241319e+00 2.685505e+00 -2.299341e-02
9.446145e+00 1.570796e-02 -2.055761e-04
9.446145e+00 2.346256e-02 -5.946313e-04
9.446145e+00 3.503514e-02 -1.163809e-03
9.446145e+00 5.263151e-02 -2.414819e-03
9.446145e+00 7.314235e-02 -4.843421e-03
9.446145e+00 1.025928e-01 -7.408030e-03
9.446145e+00 1.448116e-01 -1.237161e-02
9.446145e+00 2.023460e-01 -1.757648e-02
9.446145e+00 2.834245e-01 -2.342226e-02
9.446145e+00 3.967448e-01 -2.801397e-02
9.446145e+00 5.552783e-01 -3.053088e-02
9.446145e+00 7.774819e-01 -3.013268e-02
9.446145e+00 1.088445e+00 -2.766246e-02
9.446145e+00 1.523711e+00 -2.55612e-02
9.446145e+00 2.088426e+00 -2.496925e-02
9.446145e+00 2.685505e+00 -2.251658e-02
9.655068e+00 1.570796e-02 -1.812017e-04
9.655068e+00 2.346256e-02 -5.276994e-04
9.655068e+00 3.503514e-02 -1.035849e-03
9.655068e+00 5.263151e-02 -2.131516e-03
9.655068e+00 7.314235e-02 -4.278428e-03
9.655068e+00 1.025928e-01 -6.555156e-03
9.655068e+00 1.448116e-01 -1.094842e-02
9.655068e+00 2.023460e-01 -1.563575e-02
9.655068e+00 2.834245e-01 -2.111159e-02
9.655068e+00 3.967448e-01 -2.567576e-02
9.655068e+00 5.552783e-01 -2.846841e-02
9.655068e+00 7.774819e-01 -2.85477e-02
9.655068e+00 1.088445e+00 -2.655832e-02
9.655068e+00 1.523711e+00 -2.481429e-02
9.655068e+00 2.088426e+00 -2.435412e-02
9.655068e+00 2.685505e+00 -2.177152e-02
9.86817e+00 1.570796e-02 -1.604304e-04
9.86817e+00 2.346256e-02 -4.650005e-04
9.86817e+00 3.503514e-02 -9.171771e-04
9.86817e+00 5.263151e-02 -1.872516e-03
9.86817e+00 7.314235e-02 -3.758586e-03
9.86817e+00 1.025928e-01 -5.778641e-03
9.86817e+00 1.448116e-01 -9.644515e-03
9.86817e+00 2.023460e-01 -1.383867e-02
9.86817e+00 2.834245e-01 -1.889904e-02
9.86817e+00 3.967448e-01 -2.332431e-02
9.86817e+00 5.552783e-01 -2.629677e-02
9.86817e+00 7.774819e-01 -2.679997e-02
9.86817e+00 1.088445e+00 -2.531526e-02
9.86817e+00 1.523711e+00 -2.391532e-02
9.86817e+00 2.088426e+00 -2.356182e-02
9.86817e+00 2.685505e+00 -2.097507e-02
1.008553e+01 1.570796e-02 -1.411093e-04
1.008553e+01 2.346256e-02 -4.065220e-04
1.008553e+01 3.503514e-02 -8.092696e-04
1.008553e+01 5.263151e-02 -1.640435e-03
1.008553e+01 7.314235e-02 -3.297142e-03
1.008553e+01 1.025928e-01 -5.070551e-03
1.008553e+01 1.448116e-01 -8.467116e-03
1.008553e+01 2.023460e-01 -1.217694e-02
1.008553e+01 2.834245e-01 -1.680992e-02
1.008553e+01 3.967448e-01 -2.103140e-02
1.008553e+01 5.552783e-01 -2.410236e-02
1.008553e+01 7.774819e-01 -2.494869e-02
1.008553e+01 1.088445e+00 -2.393318e-02
1.008553e+01 1.523711e+00 -2.291582e-02
1.008553e+01 2.088426e+00 -2.267035e-02
1.008553e+01 2.685505e+00 -2.008616e-02
1.030724e+01 1.570796e-02 -1.240776e-04
1.030724e+01 2.346256e-02 -3.525673e-04
1.030724e+01 3.503514e-02 -7.091797e-04
1.030724e+01 5.263151e-02 -1.431938e-03
1.030724e+01 7.314235e-02 -2.885544e-03
1.030724e+01 1.025928e-01 -4.43342e-03
1.030724e+01 1.448116e-01 -7.399207e-03
1.030724e+01 2.023460e-01 -1.067119e-02
1.030724e+01 2.834245e-01 -1.485755e-02
1.030724e+01 3.967448e-01 -1.88352e-02
1.030724e+01 5.552783e-01 -2.190516e-02
1.030724e+01 7.774819e-01 -2.302364e-02
1.030724e+01 1.088445e+00 -2.245893e-02
1.030724e+01 1.523711e+00 -2.181232e-02
1.030724e+01 2.088426e+00 -2.169004e-02
1.030724e+01 2.685505e+00 -1.922025e-02
1.053339e+01 1.570796e-02 -1.099094e-04
1.053339e+01 2.346256e-02 -3.041824e-04
1.053339e+01 3.503514e-02 -6.158797e-04
1.053339e+01 5.263151e-02 -1.249352e-03
1.053339e+01 7.314235e-02 -2.518287e-03
1.053339e+01 1.025928e-01 -3.859686e-03
1.053339e+01 1.448116e-01 -6.445838e-03
1.053339e+01 2.023460e-01 -9.31362e-03
1.053339e+01 2.834245e-01 -1.30622e-02
1.053339e+01 3.967448e-01 -1.676012e-02
1.053339e+01 5.552783e-01 -1.976542e-02
1.053339e+01 7.774819e-01 -2.111508e-02
1.053339e+01 1.088445e+00 -2.093252e-02
1.053339e+01 1.523711e+00 -2.061387e-02
1.053339e+01 2.088426e+00 -2.064824e-02
1.053339e+01 2.685505e+00 -1.81915e-02
1.076406e+01 1.570796e-02 -9.592088e-05
1.076406e+01 2.346256e-02 -2.610544e-04
1.076406e+01 3.503514e-02 -5.348284e-04
1.076406e+01 5.263151e-02 -1.084937e-03
1.076406e+01 7.314235e-02 -2.181890e-03
1.076406e+01 1.025928e-01 -3.349878e-03
1.076406e+01 1.448116e-01 -5.586910e-03
1.076406e+01 2.023460e-01 -8.096776e-03
1.076406e+01 2.834245e-01 -1.140777e-02
1.076406e+01 3.967448e-01 -1.479973e-02
1.076406e+01 5.552783e-01 -1.768477e-02
1.076406e+01 7.774819e-01 -1.918729e-02
1.076406e+01 1.088445e+00 -1.932508e-02
1.076406e+01 1.523711e+00 -1.930891e-02
1.076406e+01 2.088426e+00 -1.946906e-02
1.076406e+01 2.685505e+00 -1.708584e-02
1.099934e+01 1.570796e-02 -8.340596e-05
1.099934e+01 2.346256e-02 -2.250896e-04
1.099934e+01 3.503514e-02 -4.617925e-04
1.099934e+01 5.263151e-02 -9.379531e-04
1.099934e+01 7.314235e-02 -1.885306e-03
1.099934e+01 1.025928e-01 -2.895632e-03
1.099934e+01 1.448116e-01 -4.814752e-03
1.099934e+01 2.023460e-01 -7.016705e-03
1.099934e+01 2.834245e-01 -9.921363e-03
1.099934e+01 3.967448e-01 -1.297420e-02
1.099934e+01 5.552783e-01 -1.570660e-02
1.099934e+01 7.774819e-01 -1.731183e-02
1.099934e+01 1.088445e+00 -1.770406e-02
1.099934e+01 1.523711e+00 -1.790315e-02
1.099934e+01 2.088426e+00 -1.821028e-02
1.099934e+01 2.685505e+00 -1.594184e-02
1.123932e+01 1.570796e-02 -7.167451e-05
1.123932e+01 2.346256e-02 -1.922939e-04
1.123932e+01 3.503514e-02 -3.999667e-04
1.123932e+01 5.263151e-02 -8.100691e-04
1.123932e+01 7.314235e-02 -1.622781e-03
1.123932e+01 1.025928e-01 -2.494247e-03
1.123932e+01 1.448116e-01 -4.142329e-03
1.123932e+01 2.023460e-01 -6.053215e-03
1.123932e+01 2.834245e-01 -8.588814e-03
1.123932e+01 3.967448e-01 -1.131193e-02
1.123932e+01 5.552783e-01 -1.383646e-02
1.123932e+01 7.774819e-01 -1.547946e-02
1.123932e+01 1.088445e+00 -1.609351e-02
1.123932e+01 1.523711e+00 -1.65489e-02
1.123932e+01 2.088426e+00 -1.693704e-02
1.123932e+01 2.685505e+00 -1.473771e-02
1.148411e+01 1.570796e-02 -6.142709e-05
1.148411e+01 2.346256e-02 -1.631307e-04
1.148411e+01 3.503514e-02 -3.432708e-04
1.148411e+01 5.263151e-02 -6.945525e-04
1.148411e+01 7.314235e-02 -1.386894e-03
1.148411e+01 1.025928e-01 -2.141417e-03
1.148411e+01 1.448116e-01 -3.55078e-03
1.148411e+01 2.023460e-01 -5.206827e-03
1.148411e+01 2.834245e-01 -7.401678e-03
1.148411e+01 3.967448e-01 -9.802544e-03
1.148411e+01 5.552783e-01 -1.211906e-02
1.148411e+01 7.774819e-01 -1.374930e-02
1.148411e+01 1.088445e+00 -1.454941e-02
1.148411e+01 1.523711e+00 -1.518132e-02
1.148411e+01 2.088426e+00 -1.567917e-02
1.148411e+01 2.685505e+00 -1.361225e-02
1.173379e+01 1.570796e-02 -5.305161e-05
1.173379e+01 2.346256e-02 -1.385702e-04
1.173379e+01 3.503514e-02 -2.931197e-04
1.173379e+01 5.263151e-02 -5.932560e-04
1.173379e+01 7.314235e-02 -1.183517e-03
1.173379e+01 1.025928e-01 -1.831594e-03
1.173379e+01 1.448116e-01 -3.030847e-03
1.173379e+01 2.023460e-01 -4.456054e-03
1.173379e+01 2.834245e-01 -6.341348e-03
1.173379e+01 3.967448e-01 -8.450879e-03
1.173379e+01 5.552783e-01 -1.053450e-02
1.173379e+01 7.774819e-01 -1.211739e-02
1.173379e+01 1.088445e+00 -1.302503e-02
1.173379e+01 1.523711e+00 -1.382490e-02
1.173379e+01 2.088426e+00 -1.440874e-02
1.173379e+01 2.685505e+00 -1.251835e-02
1.198847e+01 1.570796e-02 -4.517896e-05
1.198847e+01 2.346256e-02 -1.154099e-04
1.198847e+01 3.503514e-02 -2.486072e-04
1.198847e+01 5.263151e-02 -5.030519e-04
1.198847e+01 7.314235e-02 -1.003449e-03
1.198847e+01 1.025928e-01 -1.559553e-03
1.198847e+01 1.448116e-01 -2.572952e-03
1.198847e+01 2.023460e-01 -3.79121e-03
1.198847e+01 2.834245e-01 -5.405082e-03
1.198847e+01 3.967448e-01 -7.234219e-03
1.198847e+01 5.552783e-01 -9.088599e-03
1.198847e+01 7.774819e-01 -1.062402e-02
1.198847e+01 1.088445e+00 -1.160749e-02
1.198847e+01 1.523711e+00 -1.252716e-02
1.198847e+01 2.088426e+00 -1.315732e-02
1.198847e+01 2.685505e+00 -1.144351e-02
1.224824e+01 1.570796e-02 -3.792559e-05
1.224824e+01 2.346256e-02 -9.512758e-05
1.224824e+01 3.503514e-02 -2.091897e-04
1.224824e+01 5.263151e-02 -4.254861e-04
1.224824e+01 7.314235e-02 -8.490155e-04
1.224824e+01 1.025928e-01 -1.319171e-03
1.224824e+01 1.448116e-01 -2.170371e-03
1.224824e+01 2.023460e-01 -3.207634e-03
1.224824e+01 2.834245e-01 -4.582126e-03
1.224824e+01 3.967448e-01 -6.14722e-03
1.224824e+01 5.552783e-01 -7.789268e-03
1.224824e+01 7.774819e-01 -9.239223e-03
1.224824e+01 1.088445e+00 -1.02664e-02
1.224824e+01 1.523711e+00 -1.124894e-02
1.224824e+01 2.088426e+00 -1.19282e-02
1.224824e+01 2.685505e+00 -1.039399e-02
1.251320e+01 1.570796e-02 -3.209814e-05
1.251320e+01 2.346256e-02 -7.961845e-05
1.251320e+01 3.503514e-02 -1.766511e-04
1.251320e+01 5.263151e-02 -3.582674e-04
1.251320e+01 7.314235e-02 -7.150948e-04
1.251320e+01 1.025928e-01 -1.11001e-03
1.251320e+01 1.448116e-01 -1.827791e-03
1.251320e+01 2.023460e-01 -2.703087e-03
1.251320e+01 2.834245e-01 -3.868453e-03
1.251320e+01 3.967448e-01 -5.201519e-03
1.251320e+01 5.552783e-01 -6.634416e-03
1.251320e+01 7.774819e-01 -7.989691e-03
1.251320e+01 1.088445e+00 -9.021629e-03
1.251320e+01 1.523711e+00 -1.002982e-02
1.251320e+01 2.088426e+00 -1.075823e-02
1.251320e+01 2.685505e+00 -9.445006e-03
1.278347e+01 1.570796e-02 -2.702874e-05
1.278347e+01 2.346256e-02 -6.672593e-05
1.278347e+01 3.503514e-02 -1.481306e-04
1.278347e+01 5.263151e-02 -2.989890e-04
1.278347e+01 7.314235e-02 -5.97394e-04
1.278347e+01 1.025928e-01 -9.281886e-04
1.278347e+01 1.448116e-01 -1.526549e-03
1.278347e+01 2.023460e-01 -2.266621e-03
1.278347e+01 2.834245e-01 -3.242605e-03
1.278347e+01 3.967448e-01 -4.373877e-03
1.278347e+01 5.552783e-01 -5.617348e-03
1.278347e+01 7.774819e-01 -6.859363e-03
1.278347e+01 1.088445e+00 -7.869389e-03
1.278347e+01 1.523711e+00 -8.897496e-03
1.278347e+01 2.088426e+00 -9.640829e-03
1.278347e+01 2.685505e+00 -8.540899e-03
1.305914e+01 1.570796e-02 -2.253178e-05
1.305914e+01 2.346256e-02 -5.466833e-05
1.305914e+01 3.503514e-02 -1.220076e-04
1.305914e+01 5.263151e-02 -2.474417e-04
1.305914e+01 7.314235e-02 -4.962145e-04
1.305914e+01 1.025928e-01 -7.685762e-04
1.305914e+01 1.448116e-01 -1.268233e-03
1.305914e+01 2.023460e-01 -1.887121e-03
1.305914e+01 2.834245e-01 -2.701069e-03
1.305914e+01 3.967448e-01 -3.654838e-03
1.305914e+01 5.552783e-01 -4.727537e-03
1.305914e+01 7.774819e-01 -5.841735e-03
1.305914e+01 1.088445e+00 -6.827759e-03
1.305914e+01 1.523711e+00 -7.829001e-03
1.305914e+01 2.088426e+00 -8.6012e-03
1.305914e+01 2.685505e+00 -7.643317e-03
1.334032e+01 1.570796e-02 -1.862302e-05
1.334032e+01 2.346256e-02 -4.540156e-05
1.334032e+01 3.503514e-02 -1.012058e-04
1.334032e+01 5.263151e-02 -2.057322e-04
1.334032e+01 7.314235e-02 -4.088176e-04
1.334032e+01 1.025928e-01 -6.365809e-04
1.334032e+01 1.448116e-01 -1.050039e-03
1.334032e+01 2.023460e-01 -1.562668e-03
1.334032e+01 2.834245e-01 -2.239133e-03
1.334032e+01 3.967448e-01 -3.03854e-03
1.334032e+01 5.552783e-01 -3.957384e-03
1.334032e+01 7.774819e-01 -4.953664e-03
1.334032e+01 1.088445e+00 -5.890234e-03
1.334032e+01 1.523711e+00 -6.872115e-03
1.334032e+01 2.088426e+00 -7.621129e-03
1.334032e+01 2.685505e+00 -6.792823e-03
1.362713e+01 1.570796e-02 -1.540779e-05
1.362713e+01 2.346256e-02 -3.723968e-05
1.362713e+01 3.503514e-02 -8.320032e-05
1.362713e+01 5.263151e-02 -1.696142e-04
1.362713e+01 7.314235e-02 -3.366391e-04
1.362713e+01 1.025928e-01 -5.222432e-04
1.362713e+01 1.448116e-01 -8.632648e-04
1.362713e+01 2.023460e-01 -1.286118e-03
1.362713e+01 2.834245e-01 -1.844360e-03
1.362713e+01 3.967448e-01 -2.509965e-03
1.362713e+01 5.552783e-01 -3.293739e-03
1.362713e+01 7.774819e-01 -4.174131e-03
1.362713e+01 1.088445e+00 -5.034012e-03
1.362713e+01 1.523711e+00 -5.98324e-03
1.362713e+01 2.088426e+00 -6.693247e-03
1.362713e+01 2.685505e+00 -6.023461e-03
1.391967e+01 1.570796e-02 -1.282432e-05
1.391967e+01 2.346256e-02 -3.054621e-05
1.391967e+01 3.503514e-02 -6.837371e-05
1.391967e+01 5.263151e-02 -1.397449e-04
1.391967e+01 7.314235e-02 -2.753102e-04
1.391967e+01 1.025928e-01 -4.273369e-04
1.391967e+01 1.448116e-01 -7.060653e-04
1.391967e+01 2.023460e-01 -1.054655e-03
1.391967e+01 2.834245e-01 -1.513422e-03
1.391967e+01 3.967448e-01 -2.066201e-03
1.391967e+01 5.552783e-01 -2.731847e-03
1.391967e+01 7.774819e-01 -3.498430e-03
1.391967e+01 1.088445e+00 -4.284654e-03
1.391967e+01 1.523711e+00 -5.182948e-03
1.391967e+01 2.088426e+00 -5.871792e-03
1.391967e+01 2.685505e+00 -5.313415e-03
1.421806e+01 1.570796e-02 -1.044564e-05
1.421806e+01 2.346256e-02 -2.451235e-05
1.421806e+01 3.503514e-02 -5.538735e-05
1.421806e+01 5.263151e-02 -1.1353e-04
1.421806e+01 7.314235e-02 -2.240321e-04
1.421806e+01 1.025928e-01 -3.474882e-04
1.421806e+01 1.448116e-01 -5.748835e-04
1.421806e+01 2.023460e-01 -8.619547e-04
1.421806e+01 2.834245e-01 -1.233467e-03
1.421806e+01 3.967448e-01 -1.692336e-03
1.421806e+01 5.552783e-01 -2.250508e-03
1.421806e+01 7.774819e-01 -2.912826e-03
1.421806e+01 1.088445e+00 -3.635317e-03
1.421806e+01 1.523711e+00 -4.46583e-03
1.421806e+01 2.088426e+00 -5.121638e-03
1.421806e+01 2.685505e+00 -4.690024e-03
1.452242e+01 1.570796e-02 -8.479201e-06
1.452242e+01 2.346256e-02 -1.931457e-05
1.452242e+01 3.503514e-02 -4.495373e-05
1.452242e+01 5.263151e-02 -9.141328e-05
1.452242e+01 7.314235e-02 -1.801066e-04
1.452242e+01 1.025928e-01 -2.80139e-04
1.452242e+01 1.448116e-01 -4.65077e-04
1.452242e+01 2.023460e-01 -6.987501e-04
1.452242e+01 2.834245e-01 -1.001016e-03
1.452242e+01 3.967448e-01 -1.376085e-03
1.452242e+01 5.552783e-01 -1.840575e-03
1.452242e+01 7.774819e-01 -2.405911e-03
1.452242e+01 1.088445e+00 -3.058315e-03
1.452242e+01 1.523711e+00 -3.808378e-03
1.452242e+01 2.088426e+00 -4.427021e-03
1.452242e+01 2.685505e+00 -4.099174e-03
1.483287e+01 1.570796e-02 -6.97423e-06
1.483287e+01 2.346256e-02 -1.555679e-05
1.483287e+01 3.503514e-02 -3.618946e-05
1.483287e+01 5.263151e-02 -7.321689e-05
1.483287e+01 7.314235e-02 -1.455115e-04
1.483287e+01 1.025928e-01 -2.275556e-04
1.483287e+01 1.448116e-01 -3.750189e-04
1.483287e+01 2.023460e-01 -5.643591e-04
1.483287e+01 2.834245e-01 -8.059030e-04
1.483287e+01 3.967448e-01 -1.114432e-03
1.483287e+01 5.552783e-01 -1.499100e-03
1.483287e+01 7.774819e-01 -1.977235e-03
1.483287e+01 1.088445e+00 -2.550145e-03
1.483287e+01 1.523711e+00 -3.225599e-03
1.483287e+01 2.088426e+00 -3.776009e-03
1.483287e+01 2.685505e+00 -3.540904e-03
1.514953e+01 1.570796e-02 -5.697145e-06
1.514953e+01 2.346256e-02 -1.222354e-05
1.514953e+01 3.503514e-02 -2.873586e-05
1.514953e+01 5.263151e-02 -5.877471e-05
1.514953e+01 7.314235e-02 -1.160438e-04
1.514953e+01 1.025928e-01 -1.818599e-04
1.514953e+01 1.448116e-01 -3.015441e-04
1.514953e+01 2.023460e-01 -4.521216e-04
1.514953e+01 2.834245e-01 -6.450030e-04
1.514953e+01 3.967448e-01 -8.95411e-04
1.514953e+01 5.552783e-01 -1.213651e-03
1.514953e+01 7.774819e-01 -1.612497e-03
1.514953e+01 1.088445e+00 -2.110221e-03
1.514953e+01 1.523711e+00 -2.710123e-03
1.514953e+01 2.088426e+00 -3.217451e-03
1.514953e+01 2.685505e+00 -3.030847e-03
1.547252e+01 1.570796e-02 -4.616976e-06
1.547252e+01 2.346256e-02 -9.896259e-06
1.547252e+01 3.503514e-02 -2.323885e-05
1.547252e+01 5.263151e-02 -4.585047e-05
1.547252e+01 7.314235e-02 -9.302693e-05
1.547252e+01 1.025928e-01 -1.441845e-04
1.547252e+01 1.448116e-01 -2.393327e-04
1.547252e+01 2.023460e-01 -3.607379e-04
1.547252e+01 2.834245e-01 -5.146326e-04
1.547252e+01 3.967448e-01 -7.156184e-04
1.547252e+01 5.552783e-01 -9.752530e-04
1.547252e+01 7.774819e-01 -1.30854e-03
1.547252e+01 1.088445e+00 -1.738831e-03
1.547252e+01 1.523711e+00 -2.267579e-03
1.547252e+01 2.088426e+00 -2.718321e-03
1.547252e+01 2.685505e+00 -2.553652e-03
1.580197e+01 1.570796e-02 -3.610273e-06
1.580197e+01 2.346256e-02 -7.701191e-06
1.580197e+01 3.503514e-02 -1.866413e-05
1.580197e+01 5.263151e-02 -3.575587e-05
1.580197e+01 7.314235e-02 -7.371806e-05
1.580197e+01 1.025928e-01 -1.142091e-04
1.580197e+01 1.448116e-01 -1.885241e-04
1.580197e+01 2.023460e-01 -2.853095e-04
1.580197e+01 2.834245e-01 -4.079177e-04
1.580197e+01 3.967448e-01 -5.691701e-04
1.580197e+01 5.552783e-01 -7.801783e-04
1.580197e+01 7.774819e-01 -1.05576e-03
1.580197e+01 1.088445e+00 -1.424937e-03
1.580197e+01 1.523711e+00 -1.885066e-03
1.580197e+01 2.088426e+00 -2.28739e-03
1.580197e+01 2.685505e+00 -2.156582e-03
1.613801e+01 1.570796e-02 -2.862764e-06
1.613801e+01 2.346256e-02 -6.138202e-06
1.613801e+01 3.503514e-02 -1.486961e-05
1.613801e+01 5.263151e-02 -2.858965e-05
1.613801e+01 7.314235e-02 -5.765739e-05
1.613801e+01 1.025928e-01 -8.913051e-05
1.613801e+01 1.448116e-01 -1.498501e-04
1.613801e+01 2.023460e-01 -2.257535e-04
1.613801e+01 2.834245e-01 -3.226148e-04
1.613801e+01 3.967448e-01 -4.51548e-04
1.613801e+01 5.552783e-01 -6.211616e-04
1.613801e+01 7.774819e-01 -8.484765e-04
1.613801e+01 1.088445e+00 -1.159142e-03
1.613801e+01 1.523711e+00 -1.557979e-03
1.613801e+01 2.088426e+00 -1.906221e-03
1.613801e+01 2.685505e+00 -1.805940e-03
1.648077e+01 1.570796e-02 -2.26658e-06
1.648077e+01 2.346256e-02 -4.766986e-06
1.648077e+01 3.503514e-02 -1.168157e-05
1.648077e+01 5.263151e-02 -2.231265e-05
1.648077e+01 7.314235e-02 -4.473416e-05
1.648077e+01 1.025928e-01 -6.961653e-05
1.648077e+01 1.448116e-01 -1.173403e-04
1.648077e+01 2.023460e-01 -1.768125e-04
1.648077e+01 2.834245e-01 -2.53078e-04
1.648077e+01 3.967448e-01 -3.544371e-04
1.648077e+01 5.552783e-01 -4.914245e-04
1.648077e+01 7.774819e-01 -6.761916e-04
1.648077e+01 1.088445e+00 -9.328431e-04
1.648077e+01 1.523711e+00 -1.267951e-03
1.648077e+01 2.088426e+00 -1.565527e-03
1.648077e+01 2.685505e+00 -1.481076e-03
1.683038e+01 1.570796e-02 -1.814881e-06
1.683038e+01 2.346256e-02 -3.581377e-06
1.683038e+01 3.503514e-02 -9.053988e-06
1.683038e+01 5.263151e-02 -1.716497e-05
1.683038e+01 7.314235e-02 -3.459477e-05
1.683038e+01 1.025928e-01 -5.347037e-05
1.683038e+01 1.448116e-01 -9.021400e-05
1.683038e+01 2.023460e-01 -1.362632e-04
1.683038e+01 2.834245e-01 -1.951951e-04
1.683038e+01 3.967448e-01 -2.739741e-04
1.683038e+01 5.552783e-01 -3.817514e-04
1.683038e+01 7.774819e-01 -5.310333e-04
1.683038e+01 1.088445e+00 -7.396815e-04
1.683038e+01 1.523711e+00 -1.018050e-03
1.683038e+01 2.088426e+00 -1.271055e-03
1.683038e+01 2.685505e+00 -1.223968e-03
1.718699e+01 1.570796e-02 -1.460726e-06
1.718699e+01 2.346256e-02 -2.627076e-06
1.718699e+01 3.503514e-02 -6.957135e-06
1.718699e+01 5.263151e-02 -1.31222e-05
1.718699e+01 7.314235e-02 -2.631544e-05
1.718699e+01 1.025928e-01 -4.076390e-05
1.718699e+01 1.448116e-01 -6.906864e-05
1.718699e+01 2.023460e-01 -1.046481e-04
1.718699e+01 2.834245e-01 -1.502047e-04
1.718699e+01 3.967448e-01 -2.127286e-04
1.718699e+01 5.552783e-01 -2.964162e-04
1.718699e+01 7.774819e-01 -4.179832e-04
1.718699e+01 1.088445e+00 -5.861243e-04
1.718699e+01 1.523711e+00 -8.122238e-04
1.718699e+01 2.088426e+00 -1.021578e-03
1.718699e+01 2.685505e+00 -9.880766e-04
1.755073e+01 1.570796e-02 -1.13919e-06
1.755073e+01 2.346256e-02 -1.929968e-06
1.755073e+01 3.503514e-02 -5.370049e-06
1.755073e+01 5.263151e-02 -1.017846e-05
1.755073e+01 7.314235e-02 -2.028477e-05
1.755073e+01 1.025928e-01 -3.114600e-05
1.755073e+01 1.448116e-01 -5.261407e-05
1.755073e+01 2.023460e-01 -7.960494e-05
1.755073e+01 2.834245e-01 -1.150938e-04
1.755073e+01 3.967448e-01 -1.627713e-04
1.755073e+01 5.552783e-01 -2.298362e-04
1.755073e+01 7.774819e-01 -3.275335e-04
1.755073e+01 1.088445e+00 -4.59541e-04
1.755073e+01 1.523711e+00 -6.447255e-04
1.755073e+01 2.088426e+00 -8.126525e-04
1.755073e+01 2.685505e+00 -7.806927e-04
1.792175e+01 1.570796e-02 -8.618537e-07
1.792175e+01 2.346256e-02 -1.327856e-06
1.792175e+01 3.503514e-02 -4.114071e-06
1.792175e+01 5.263151e-02 -7.904925e-06
1.792175e+01 7.314235e-02 -1.510853e-05
1.792175e+01 1.025928e-01 -2.336861e-05
1.792175e+01 1.448116e-01 -3.961777e-05
1.792175e+01 2.023460e-01 -6.043106e-05
1.792175e+01 2.834245e-01 -8.661286e-05
1.792175e+01 3.967448e-01 -1.228153e-04
1.792175e+01 5.552783e-01 -1.743777e-04
1.792175e+01 7.774819e-01 -2.517388e-04
1.792175e+01 1.088445e+00 -3.561569e-04
1.792175e+01 1.523711e+00 -5.021488e-04
1.792175e+01 2.088426e+00 -6.386e-04
1.792175e+01 2.685505e+00 -6.123044e-04
1.830018e+01 1.570796e-02 -6.447184e-07
1.830018e+01 2.346256e-02 -1.029071e-06
1.830018e+01 3.503514e-02 -2.977782e-06
1.830018e+01 5.263151e-02 -5.748982e-06
1.830018e+01 7.314235e-02 -1.119017e-05
1.830018e+01 1.025928e-01 -1.718659e-05
1.830018e+01 1.448116e-01 -2.91558e-05
1.830018e+01 2.023460e-01 -4.450121e-05
1.830018e+01 2.834245e-01 -6.387472e-05
1.830018e+01 3.967448e-01 -9.053214e-05
1.830018e+01 5.552783e-01 -1.301462e-04
1.830018e+01 7.774819e-01 -1.902715e-04
1.830018e+01 1.088445e+00 -2.694503e-04
1.830018e+01 1.523711e+00 -3.816058e-04
1.830018e+01 2.088426e+00 -4.856446e-04
1.830018e+01 2.685505e+00 -4.633577e-04
1.868618e+01 1.570796e-02 -4.886022e-07
1.868618e+01 2.346256e-02 -7.012437e-07
1.868618e+01 3.503514e-02 -2.09999e-06
1.868618e+01 5.263151e-02 -4.310964e-06
1.868618e+01 7.314235e-02 -8.199778e-06
1.868618e+01 1.025928e-01 -1.238104e-05
1.868618e+01 1.448116e-01 -2.129381e-05
1.868618e+01 2.023460e-01 -3.252237e-05
1.868618e+01 2.834245e-01 -4.656064e-05
1.868618e+01 3.967448e-01 -6.678175e-05
1.868618e+01 5.552783e-01 -9.579114e-05
1.868618e+01 7.774819e-01 -1.415671e-04
1.868618e+01 1.088445e+00 -2.008496e-04
1.868618e+01 1.523711e+00 -2.853507e-04
1.868618e+01 2.088426e+00 -3.650343e-04
1.868618e+01 2.685505e+00 -3.510323e-04
1.907991e+01 1.570796e-02 -3.658332e-07
1.907991e+01 2.346256e-02 -5.196326e-07
1.907991e+01 3.503514e-02 -1.528115e-06
1.907991e+01 5.263151e-02 -3.090446e-06
1.907991e+01 7.314235e-02 -5.869037e-06
1.907991e+01 1.025928e-01 -8.813519e-06
1.907991e+01 1.448116e-01 -1.541511e-05
1.907991e+01 2.023460e-01 -2.374826e-05
1.907991e+01 2.834245e-01 -3.377775e-05
1.907991e+01 3.967448e-01 -4.845211e-05
1.907991e+01 5.552783e-01 -7.005859e-05
1.907991e+01 7.774819e-01 -1.044125e-04
1.907991e+01 1.088445e+00 -1.481185e-04
1.907991e+01 1.523711e+00 -2.110110e-04
1.907991e+01 2.088426e+00 -2.707396e-04
1.907991e+01 2.685505e+00 -2.605124e-04
1.948151e+01 1.570796e-02 -2.563478e-07
1.948151e+01 2.346256e-02 -3.614400e-07
1.948151e+01 3.503514e-02 -1.070990e-06
1.948151e+01 5.263151e-02 -2.169739e-06
1.948151e+01 7.314235e-02 -4.092795e-06
1.948151e+01 1.025928e-01 -6.172627e-06
1.948151e+01 1.448116e-01 -1.092086e-05
1.948151e+01 2.023460e-01 -1.682704e-05
1.948151e+01 2.834245e-01 -2.365292e-05
1.948151e+01 3.967448e-01 -3.448057e-05
1.948151e+01 5.552783e-01 -5.041069e-05
1.948151e+01 7.774819e-01 -7.517264e-05
1.948151e+01 1.088445e+00 -1.067449e-04
1.948151e+01 1.523711e+00 -1.518233e-04
1.948151e+01 2.088426e+00 -1.957561e-04
1.948151e+01 2.685505e+00 -1.893303e-04
1.989114e+01 1.570796e-02 -1.890028e-07
1.989114e+01 2.346256e-02 -2.356280e-07
1.989114e+01 3.503514e-02 -7.517855e-07
1.989114e+01 5.263151e-02 -1.481036e-06
1.989114e+01 7.314235e-02 -2.799741e-06
1.989114e+01 1.025928e-01 -4.186348e-06
1.989114e+01 1.448116e-01 -7.521297e-06
1.989114e+01 2.023460e-01 -1.180054e-05
1.989114e+01 2.834245e-01 -1.649405e-05
1.989114e+01 3.967448e-01 -2.410731e-05
1.989114e+01 5.552783e-01 -3.557953e-05
1.989114e+01 7.774819e-01 -5.332332e-05
1.989114e+01 1.088445e+00 -7.587354e-05
1.989114e+01 1.523711e+00 -1.077894e-04
1.989114e+01 2.088426e+00 -1.403559e-04
1.989114e+01 2.685505e+00 -1.357187e-04
2.030896e+01 1.570796e-02 -1.29161e-07
2.030896e+01 2.346256e-02 -1.544126e-07
2.030896e+01 3.503514e-02 -5.166492e-07
2.030896e+01 5.263151e-02 -9.965368e-07
2.030896e+01 7.314235e-02 -1.888642e-06
2.030896e+01 1.025928e-01 -2.819849e-06
2.030896e+01 1.448116e-01 -5.144084e-06
2.030896e+01 2.023460e-01 -8.021278e-06
2.030896e+01 2.834245e-01 -1.124866e-05
2.030896e+01 3.967448e-01 -1.666526e-05
2.030896e+01 5.552783e-01 -2.449073e-05
2.030896e+01 7.774819e-01 -3.703708e-05
2.030896e+01 1.088445e+00 -5.232981e-05
2.030896e+01 1.523711e+00 -7.524905e-05
2.030896e+01 2.088426e+00 -9.867296e-05
2.030896e+01 2.685505e+00 -9.630903e-05
2.073514e+01 1.570796e-02 -8.133044e-08
2.073514e+01 2.346256e-02 -8.692195e-08
2.073514e+01 3.503514e-02 -3.648557e-07
2.073514e+01 5.263151e-02 -6.441713e-07
2.073514e+01 7.314235e-02 -1.229151e-06
2.073514e+01 1.025928e-01 -1.912152e-06
2.073514e+01 1.448116e-01 -3.440164e-06
2.073514e+01 2.023460e-01 -5.257410e-06
2.073514e+01 2.834245e-01 -7.527049e-06
2.073514e+01 3.967448e-01 -1.119941e-05
2.073514e+01 5.552783e-01 -1.668387e-05
2.073514e+01 7.774819e-01 -2.507624e-05
2.073514e+01 1.088445e+00 -3.569479e-05
2.073514e+01 1.523711e+00 -5.079189e-05
2.073514e+01 2.088426e+00 -6.796843e-05
2.073514e+01 2.685505e+00 -6.699819e-05
2.116984e+01 1.570796e-02 -5.622291e-08
2.116984e+01 2.346256e-02 -4.773704e-08
2.116984e+01 3.503514e-02 -2.325318e-07
2.116984e+01 5.263151e-02 -4.00421e-07
2.116984e+01 7.314235e-02 -8.022381e-07
2.116984e+01 1.025928e-01 -1.264939e-06
2.116984e+01 1.448116e-01 -2.218977e-06
2.116984e+01 2.023460e-01 -3.445680e-06
2.116984e+01 2.834245e-01 -4.889228e-06
2.116984e+01 3.967448e-01 -7.379551e-06
2.116984e+01 5.552783e-01 -1.114099e-05
2.116984e+01 7.774819e-01 -1.687779e-05
2.116984e+01 1.088445e+00 -2.421288e-05
2.116984e+01 1.523711e+00 -3.434282e-05
2.116984e+01 2.088426e+00 -4.600921e-05
2.116984e+01 2.685505e+00 -4.604011e-05
2.161324e+01 1.570796e-02 -3.300078e-08
2.161324e+01 2.346256e-02 -3.708367e-08
2.161324e+01 3.503514e-02 -1.465085e-07
2.161324e+01 5.263151e-02 -2.554272e-07
2.161324e+01 7.314235e-02 -4.9441e-07
2.161324e+01 1.025928e-01 -7.837374e-07
2.161324e+01 1.448116e-01 -1.387919e-06
2.161324e+01 2.023460e-01 -2.204033e-06
2.161324e+01 2.834245e-01 -3.098337e-06
2.161324e+01 3.967448e-01 -4.701369e-06
2.161324e+01 5.552783e-01 -7.198962e-06
2.161324e+01 7.774819e-01 -1.099656e-05
2.161324e+01 1.088445e+00 -1.571554e-05
2.161324e+01 1.523711e+00 -2.269261e-05
2.161324e+01 2.088426e+00 -3.043438e-05
2.161324e+01 2.685505e+00 -2.996896e-05
2.206550e+01 1.570796e-02 -2.153260e-08
2.206550e+01 2.346256e-02 -1.836504e-08
2.206550e+01 3.503514e-02 -8.95422e-08
2.206550e+01 5.263151e-02 -1.672272e-07
2.206550e+01 7.314235e-02 -3.021478e-07
2.206550e+01 1.025928e-01 -4.951528e-07
2.206550e+01 1.448116e-01 -8.764597e-07
2.206550e+01 2.023460e-01 -1.410545e-06
2.206550e+01 2.834245e-01 -1.966186e-06
2.206550e+01 3.967448e-01 -2.983292e-06
2.206550e+01 5.552783e-01 -4.581180e-06
2.206550e+01 7.774819e-01 -7.133639e-06
2.206550e+01 1.088445e+00 -1.017034e-05
2.206550e+01 1.523711e+00 -1.483141e-05
2.206550e+01 2.088426e+00 -1.979376e-05
2.206550e+01 2.685505e+00 -1.880899e-05
2.252681e+01 1.570796e-02 -1.350974e-08
2.252681e+01 2.346256e-02 -1.012696e-08
2.252681e+01 3.503514e-02 -5.150025e-08
2.252681e+01 5.263151e-02 -9.999856e-08
2.252681e+01 7.314235e-02 -1.93258e-07
2.252681e+01 1.025928e-01 -2.942984e-07
2.252681e+01 1.448116e-01 -5.2718e-07
2.252681e+01 2.023460e-01 -8.707489e-07
2.252681e+01 2.834245e-01 -1.187974e-06
2.252681e+01 3.967448e-01 -1.831023e-06
2.252681e+01 5.552783e-01 -2.845147e-06
2.252681e+01 7.774819e-01 -4.391354e-06
2.252681e+01 1.088445e+00 -6.367914e-06
2.252681e+01 1.523711e+00 -9.490153e-06
2.252681e+01 2.088426e+00 -1.264094e-05
2.252681e+01 2.685505e+00 -1.210922e-05
2.299735e+01 1.570796e-02 4.407055e-10
2.299735e+01 2.346256e-02 1.121029e-09
2.299735e+01 3.503514e-02 2.269923e-09
2.299735e+01 5.263151e-02 4.648895e-09
2.299735e+01 7.314235e-02 9.724019e-09
2.299735e+01 1.025928e-01 1.449099e-08
2.299735e+01 1.448116e-01 2.460025e-08
2.299735e+01 2.023460e-01 3.597414e-08
2.299735e+01 2.834245e-01 5.249004e-08
2.299735e+01 3.967448e-01 7.429649e-08
2.299735e+01 5.552783e-01 1.034919e-07
2.299735e+01 7.774819e-01 1.338031e-07
2.299735e+01 1.088445e+00 1.474089e-07
2.299735e+01 1.523711e+00 1.266997e-07
2.299735e+01 2.088426e+00 8.231253e-08
2.299735e+01 2.685505e+00 3.798883e-08
2.34773e+01 1.570796e-02 4.138237e-10
2.34773e+01 2.346256e-02 1.050992e-09
2.34773e+01 3.503514e-02 2.13111e-09
2.34773e+01 5.263151e-02 4.360032e-09
2.34773e+01 7.314235e-02 9.128291e-09
2.34773e+01 1.025928e-01 1.359899e-08
2.34773e+01 1.448116e-01 2.310812e-08
2.34773e+01 2.023460e-01 3.389333e-08
2.34773e+01 2.834245e-01 4.970471e-08
2.34773e+01 3.967448e-01 7.082213e-08
2.34773e+01 5.552783e-01 9.932577e-08
2.34773e+01 7.774819e-01 1.291088e-07
2.34773e+01 1.088445e+00 1.432467e-07
2.34773e+01 1.523711e+00 1.245369e-07
2.34773e+01 2.088426e+00 8.223344e-08
2.34773e+01 2.685505e+00 3.806306e-08
2.396684e+01 1.570796e-02 3.872273e-10
2.396684e+01 2.346256e-02 9.830817e-10
2.396684e+01 3.503514e-02 1.995397e-09
2.396684e+01 5.263151e-02 4.077404e-09
2.396684e+01 7.314235e-02 8.542192e-09
2.396684e+01 1.025928e-01 1.272459e-08
2.396684e+01 1.448116e-01 2.165309e-08
2.396684e+01 2.023460e-01 3.184711e-08
2.396684e+01 2.834245e-01 4.695387e-08
2.396684e+01 3.967448e-01 6.738038e-08
2.396684e+01 5.552783e-01 9.510961e-08
2.396684e+01 7.774819e-01 1.242869e-07
2.396684e+01 1.088445e+00 1.388504e-07
2.396684e+01 1.523711e+00 1.224266e-07
2.396684e+01 2.088426e+00 8.219829e-08
2.396684e+01 2.685505e+00 3.819767e-08
2.446618e+01 1.570796e-02 3.611867e-10
2.446618e+01 2.346256e-02 9.165555e-10
2.446618e+01 3.503514e-02 1.861445e-09
2.446618e+01 5.263151e-02 3.800138e-09
2.446618e+01 7.314235e-02 7.970276e-09
2.446618e+01 1.025928e-01 1.186783e-08
2.446618e+01 1.448116e-01 2.022827e-08
2.446618e+01 2.023460e-01 2.984497e-08
2.446618e+01 2.834245e-01 4.425988e-08
2.446618e+01 3.967448e-01 6.394214e-08
2.446618e+01 5.552783e-01 9.079076e-08
2.446618e+01 7.774819e-01 1.192843e-07
2.446618e+01 1.088445e+00 1.342491e-07
2.446618e+01 1.523711e+00 1.20158e-07
2.446618e+01 2.088426e+00 8.221798e-08
2.446618e+01 2.685505e+00 3.840483e-08
2.497550e+01 1.570796e-02 3.357045e-10
2.497550e+01 2.346256e-02 8.522614e-10
2.497550e+01 3.503514e-02 1.73086e-09
2.497550e+01 5.263151e-02 3.531029e-09
2.497550e+01 7.314235e-02 7.411783e-09
2.497550e+01 1.025928e-01 1.103312e-08
2.497550e+01 1.448116e-01 1.883877e-08
2.497550e+01 2.023460e-01 2.789342e-08
2.497550e+01 2.834245e-01 4.160321e-08
2.497550e+01 3.967448e-01 6.050739e-08
2.497550e+01 5.552783e-01 8.640699e-08
2.497550e+01 7.774819e-01 1.140845e-07
2.497550e+01 1.088445e+00 1.294788e-07
2.497550e+01 1.523711e+00 1.177162e-07
2.497550e+01 2.088426e+00 8.224882e-08
2.497550e+01 2.685505e+00 3.866878e-08
2.549501e+01 1.570796e-02 3.108976e-10
2.549501e+01 2.346256e-02 7.900578e-10
2.549501e+01 3.503514e-02 1.603290e-09
2.549501e+01 5.263151e-02 3.269052e-09
2.549501e+01 7.314235e-02 6.867173e-09
2.549501e+01 1.025928e-01 1.022173e-08
2.549501e+01 1.448116e-01 1.748077e-08
2.549501e+01 2.023460e-01 2.599017e-08
2.549501e+01 2.834245e-01 3.898802e-08
2.549501e+01 3.967448e-01 5.706293e-08
2.549501e+01 5.552783e-01 8.193951e-08
2.549501e+01 7.774819e-01 1.087402e-07
2.549501e+01 1.088445e+00 1.244441e-07
2.549501e+01 1.523711e+00 1.152011e-07
2.549501e+01 2.088426e+00 8.222244e-08
2.549501e+01 2.685505e+00 3.929552e-08
2.602491e+01 1.570796e-02 2.868085e-10
2.602491e+01 2.346256e-02 7.289442e-10
2.602491e+01 3.503514e-02 1.478901e-09
2.602491e+01 5.263151e-02 3.014465e-09
2.602491e+01 7.314235e-02 6.338388e-09
2.602491e+01 1.025928e-01 9.433437e-09
2.602491e+01 1.448116e-01 1.616107e-08
2.602491e+01 2.023460e-01 2.412971e-08
2.602491e+01 2.834245e-01 3.641356e-08
2.602491e+01 3.967448e-01 5.36098e-08
2.602491e+01 5.552783e-01 7.736910e-08
2.602491e+01 7.774819e-01 1.031944e-07
2.602491e+01 1.088445e+00 1.192185e-07
2.602491e+01 1.523711e+00 1.124079e-07
2.602491e+01 2.088426e+00 8.227827e-08
2.602491e+01 2.685505e+00 4.010386e-08
2.656541e+01 1.570796e-02 2.633300e-10
2.656541e+01 2.346256e-02 6.698111e-10
2.656541e+01 3.503514e-02 1.357854e-09
2.656541e+01 5.263151e-02 2.766712e-09
2.656541e+01 7.314235e-02 5.821896e-09
2.656541e+01 1.025928e-01 8.666832e-09
2.656541e+01 1.448116e-01 1.487303e-08
2.656541e+01 2.023460e-01 2.231262e-08
2.656541e+01 2.834245e-01 3.385987e-08
2.656541e+01 3.967448e-01 5.012725e-08
2.656541e+01 5.552783e-01 7.269922e-08
2.656541e+01 7.774819e-01 9.747071e-08
2.656541e+01 1.088445e+00 1.137269e-07
2.656541e+01 1.523711e+00 1.094213e-07
2.656541e+01 2.088426e+00 8.220582e-08
2.656541e+01 2.685505e+00 4.135684e-08
2.711672e+01 1.570796e-02 2.403842e-10
2.711672e+01 2.346256e-02 6.125366e-10
2.711672e+01 3.503514e-02 1.240092e-09
2.711672e+01 5.263151e-02 2.526056e-09
2.711672e+01 7.314235e-02 5.320105e-09
2.711672e+01 1.025928e-01 7.923432e-09
2.711672e+01 1.448116e-01 1.361598e-08
2.711672e+01 2.023460e-01 2.052676e-08
2.711672e+01 2.834245e-01 3.132237e-08
2.711672e+01 3.967448e-01 4.661073e-08
2.711672e+01 5.552783e-01 6.791883e-08
2.711672e+01 7.774819e-01 9.158786e-08
2.711672e+01 1.088445e+00 1.079756e-07
2.711672e+01 1.523711e+00 1.060837e-07
2.711672e+01 2.088426e+00 8.203775e-08
2.711672e+01 2.685505e+00 4.286158e-08
2.767905e+01 1.570796e-02 2.181951e-10
2.767905e+01 2.346256e-02 5.564051e-10
2.767905e+01 3.503514e-02 1.124798e-09
2.767905e+01 5.263151e-02 2.292103e-09
2.767905e+01 7.314235e-02 4.829993e-09
2.767905e+01 1.025928e-01 7.198075e-09
2.767905e+01 1.448116e-01 1.238890e-08
2.767905e+01 2.023460e-01 1.876907e-08
2.767905e+01 2.834245e-01 2.879703e-08
2.767905e+01 3.967448e-01 4.306329e-08
2.767905e+01 5.552783e-01 6.303930e-08
2.767905e+01 7.774819e-01 8.549014e-08
2.767905e+01 1.088445e+00 1.019002e-07
2.767905e+01 1.523711e+00 1.023738e-07
2.767905e+01 2.088426e+00 8.174051e-08
2.767905e+01 2.685505e+00 4.46818e-08
2.825263e+01 1.570796e-02 1.964006e-10
2.825263e+01 2.346256e-02 5.018217e-10
2.825263e+01 3.503514e-02 1.012484e-09
2.825263e+01 5.263151e-02 2.064063e-09
2.825263e+01 7.314235e-02 4.353679e-09
2.825263e+01 1.025928e-01 6.491191e-09
2.825263e+01 1.448116e-01 1.118875e-08
2.825263e+01 2.023460e-01 1.703751e-08
2.825263e+01 2.834245e-01 2.627302e-08
2.825263e+01 3.967448e-01 3.947698e-08
2.825263e+01 5.552783e-01 5.803955e-08
2.825263e+01 7.774819e-01 7.917114e-08
2.825263e+01 1.088445e+00 9.551307e-08
2.825263e+01 1.523711e+00 9.8162e-08
2.825263e+01 2.088426e+00 8.119838e-08
2.825263e+01 2.685505e+00 4.679294e-08
2.883769e+01 1.570796e-02 1.752113e-10
2.883769e+01 2.346256e-02 4.487117e-10
2.883769e+01 3.503514e-02 9.034266e-10
2.883769e+01 5.263151e-02 1.842112e-09
2.883769e+01 7.314235e-02 3.889071e-09
2.883769e+01 1.025928e-01 5.80229e-09
2.883769e+01 1.448116e-01 1.001512e-08
2.883769e+01 2.023460e-01 1.533297e-08
2.883769e+01 2.834245e-01 2.376032e-08
2.883769e+01 3.967448e-01 3.584752e-08
2.883769e+01 5.552783e-01 5.293335e-08
2.883769e+01 7.774819e-01 7.263852e-08
2.883769e+01 1.088445e+00 8.869149e-08
2.883769e+01 1.523711e+00 9.338592e-08
2.883769e+01 2.088426e+00 8.010835e-08
2.883769e+01 2.685505e+00 4.915158e-08
2.943444e+01 1.570796e-02 1.54591e-10
2.943444e+01 2.346256e-02 3.964550e-10
2.943444e+01 3.503514e-02 7.969203e-10
2.943444e+01 5.263151e-02 1.626236e-09
2.943444e+01 7.314235e-02 3.436586e-09
2.943444e+01 1.025928e-01 5.132241e-09
2.943444e+01 1.448116e-01 8.867446e-09
2.943444e+01 2.023460e-01 1.364579e-08
2.943444e+01 2.834245e-01 2.12466e-08
2.943444e+01 3.967448e-01 3.217517e-08
2.943444e+01 5.552783e-01 4.771811e-08
2.943444e+01 7.774819e-01 6.584928e-08
2.943444e+01 1.088445e+00 8.144937e-08
2.943444e+01 1.523711e+00 8.788819e-08
2.943444e+01 2.088426e+00 7.855288e-08
2.943444e+01 2.685505e+00 5.147303e-08
3.004313e+01 1.570796e-02 1.344793e-10
3.004313e+01 2.346256e-02 3.458103e-10
3.004313e+01 3.503514e-02 6.929972e-10
3.004313e+01 5.263151e-02 1.415542e-09
3.004313e+01 7.314235e-02 2.993926e-09
3.004313e+01 1.025928e-01 4.476952e-09
3.004313e+01 1.448116e-01 7.746777e-09
3.004313e+01 2.023460e-01 1.197633e-08
3.004313e+01 2.834245e-01 1.873383e-08
3.004313e+01 3.967448e-01 2.84701e-08
3.004313e+01 5.552783e-01 4.237397e-08
3.004313e+01 7.774819e-01 5.885213e-08
3.004313e+01 1.088445e+00 7.371445e-08
3.004313e+01 1.523711e+00 8.16275e-08
3.004313e+01 2.088426e+00 7.614668e-08
3.004313e+01 2.685505e+00 5.38224e-08
3.066399e+01 1.570796e-02 1.149011e-10
3.066399e+01 2.346256e-02 2.961487e-10
3.066399e+01 3.503514e-02 5.916562e-10
3.066399e+01 5.263151e-02 1.210275e-09
3.066399e+01 7.314235e-02 2.562345e-09
3.066399e+01 1.025928e-01 3.836623e-09
3.066399e+01 1.448116e-01 6.646476e-09
3.066399e+01 2.023460e-01 1.032544e-08
3.066399e+01 2.834245e-01 1.62168e-08
3.066399e+01 3.967448e-01 2.471774e-08
3.066399e+01 5.552783e-01 3.693779e-08
3.066399e+01 7.774819e-01 5.159856e-08
3.066399e+01 1.088445e+00 6.550445e-08
3.066399e+01 1.523711e+00 7.442788e-08
3.066399e+01 2.088426e+00 7.269485e-08
3.066399e+01 2.685505e+00 5.568142e-08
3.129727e+01 1.570796e-02 9.580751e-11
3.129727e+01 2.346256e-02 2.477007e-10
3.129727e+01 3.503514e-02 4.932355e-10
3.129727e+01 5.263151e-02 1.009718e-09
3.129727e+01 7.314235e-02 2.141391e-09
3.129727e+01 1.025928e-01 3.210194e-09
3.129727e+01 1.448116e-01 5.568146e-09
3.129727e+01 2.023460e-01 8.689417e-09
3.129727e+01 2.834245e-01 1.369815e-08
3.129727e+01 3.967448e-01 2.092943e-08
3.129727e+01 5.552783e-01 3.139615e-08
3.129727e+01 7.774819e-01 4.411288e-08
3.129727e+01 1.088445e+00 5.677421e-08
3.129727e+01 1.523711e+00 6.627830e-08
3.129727e+01 2.088426e+00 6.796219e-08
3.129727e+01 2.685505e+00 5.662369e-08
3.194322e+01 1.570796e-02 7.71984e-11
3.194322e+01 2.346256e-02 1.999885e-10
3.194322e+01 3.503514e-02 3.972955e-10
3.194322e+01 5.263151e-02 8.146165e-10
3.194322e+01 7.314235e-02 1.729529e-09
3.194322e+01 1.025928e-01 2.596466e-09
3.194322e+01 1.448116e-01 4.508283e-09
3.194322e+01 2.023460e-01 7.067248e-09
3.194322e+01 2.834245e-01 1.118220e-08
3.194322e+01 3.967448e-01 1.711721e-08
3.194322e+01 5.552783e-01 2.577009e-08
3.194322e+01 7.774819e-01 3.639568e-08
3.194322e+01 1.088445e+00 4.74832e-08
3.194322e+01 1.523711e+00 5.6966e-08
3.194322e+01 2.088426e+00 6.15643e-08
3.194322e+01 2.685505e+00 5.588757e-08
3.260208e+01 1.570796e-02 5.912705e-11
3.260208e+01 2.346256e-02 1.53541e-10
3.260208e+01 3.503514e-02 3.036723e-10
3.260208e+01 5.263151e-02 6.244089e-10
3.260208e+01 7.314235e-02 1.327663e-09
3.260208e+01 1.025928e-01 1.995216e-09
3.260208e+01 1.448116e-01 3.468945e-09
3.260208e+01 2.023460e-01 5.461922e-09
3.260208e+01 2.834245e-01 8.670063e-09
3.260208e+01 3.967448e-01 1.328839e-08
3.260208e+01 5.552783e-01 2.007058e-08
3.260208e+01 7.774819e-01 2.848493e-08
3.260208e+01 1.088445e+00 3.766967e-08
3.260208e+01 1.523711e+00 4.651557e-08
3.260208e+01 2.088426e+00 5.308493e-08
3.260208e+01 2.685505e+00 5.243430e-08
3.327412e+01 1.570796e-02 4.140180e-11
3.327412e+01 2.346256e-02 1.081077e-10
3.327412e+01 3.503514e-02 2.129641e-10
3.327412e+01 5.263151e-02 4.382427e-10
3.327412e+01 7.314235e-02 9.331687e-10
3.327412e+01 1.025928e-01 1.405158e-09
3.327412e+01 1.448116e-01 2.446124e-09
3.327412e+01 2.023460e-01 3.867180e-09
3.327412e+01 2.834245e-01 6.157609e-09
3.327412e+01 3.967448e-01 9.454953e-09
3.327412e+01 5.552783e-01 1.4326e-08
3.327412e+01 7.774819e-01 2.042029e-08
3.327412e+01 1.088445e+00 2.736583e-08
3.327412e+01 1.523711e+00 3.481582e-08
3.327412e+01 2.088426e+00 4.199924e-08
3.327412e+01 2.685505e+00 4.507257e-08
3.395961e+01 1.570796e-02 2.507565e-11
3.395961e+01 2.346256e-02 6.582548e-11
3.395961e+01 3.503514e-02 1.287358e-10
3.395961e+01 5.263151e-02 2.658585e-10
3.395961e+01 7.314235e-02 5.666003e-10
3.395961e+01 1.025928e-01 8.539321e-10
3.395961e+01 1.448116e-01 1.484946e-09
3.395961e+01 2.023460e-01 2.346912e-09
3.395961e+01 2.834245e-01 3.729121e-09
3.395961e+01 3.967448e-01 5.699243e-09
3.395961e+01 5.552783e-01 8.614270e-09
3.395961e+01 7.774819e-01 1.228590e-08
3.395961e+01 1.088445e+00 1.660679e-08
3.395961e+01 1.523711e+00 2.170576e-08
3.395961e+01 2.088426e+00 2.756234e-08
3.395961e+01 2.685505e+00 3.185984e-08
3.46588e+01 1.570796e-02 8.028083e-12
3.46588e+01 2.346256e-02 1.938156e-11
3.46588e+01 3.503514e-02 4.247925e-11
3.46588e+01 5.263151e-02 8.160483e-11
3.46588e+01 7.314235e-02 1.784115e-10
3.46588e+01 1.025928e-01 2.673981e-10
3.46588e+01 1.448116e-01 4.655882e-10
3.46588e+01 2.023460e-01 7.465433e-10
3.46588e+01 2.834245e-01 1.199720e-09
3.46588e+01 3.967448e-01 1.846868e-09
3.46588e+01 5.552783e-01 2.804884e-09
3.46588e+01 7.774819e-01 4.034227e-09
3.46588e+01 1.088445e+00 5.518003e-09
3.46588e+01 1.523711e+00 7.38209e-09
3.46588e+01 2.088426e+00 9.852007e-09
3.46588e+01 2.685505e+00 1.224667e-08
3.537197e+01 1.570796e-02 0.e+00
3.537197e+01 2.346256e-02 0.e+00
3.537197e+01 3.503514e-02 0.e+00
3.537197e+01 5.263151e-02 0.e+00
3.537197e+01 7.314235e-02 0.e+00
3.537197e+01 1.025928e-01 0.e+00
3.537197e+01 1.448116e-01 0.e+00
3.537197e+01 2.023460e-01 0.e+00
3.537197e+01 2.834245e-01 0.e+00
3.537197e+01 3.967448e-01 0.e+00
3.537197e+01 5.552783e-01 0.e+00
3.537197e+01 7.774819e-01 0.e+00
3.537197e+01 1.088445e+00 0.e+00
3.537197e+01 1.523711e+00 0.e+00
3.537197e+01 2.088426e+00 0.e+00
3.537197e+01 2.685505e+00 0.e+00
