5.e+00 1.570796e-02 0.e+00
5.e+00 2.346256e-02 0.e+00
5.e+00 3.503514e-02 0.e+00
5.e+00 5.263151e-02 0.e+00
5.e+00 7.314235e-02 0.e+00
5.e+00 1.025928e-01 0.e+00
5.e+00 1.448116e-01 0.e+00
5.e+00 2.023460e-01 0.e+00
5.e+00 2.834245e-01 0.e+00
5.e+00 3.967448e-01 0.e+00
5.e+00 5.552783e-01 0.e+00
5.e+00 7.774819e-01 0.e+00
5.e+00 1.088445e+00 0.e+00
5.e+00 1.523711e+00 0.e+00
5.e+00 2.088426e+00 0.e+00
5.e+00 2.685505e+00 0.e+00
5.12e+00 1.570796e-02 0.e+00
5.12e+00 2.346256e-02 0.e+00
5.12e+00 3.503514e-02 0.e+00
5.12e+00 5.263151e-02 0.e+00
5.12e+00 7.314235e-02 0.e+00
5.12e+00 1.025928e-01 0.e+00
5.12e+00 1.448116e-01 0.e+00
5.12e+00 2.023460e-01 0.e+00
5.12e+00 2.834245e-01 0.e+00
5.12e+00 3.967448e-01 0.e+00
5.12e+00 5.552783e-01 0.e+00
5.12e+00 7.774819e-01 0.e+00
5.12e+00 1.088445e+00 0.e+00
5.12e+00 1.523711e+00 0.e+00
5.12e+00 2.088426e+00 0.e+00
5.12e+00 2.685505e+00 0.e+00
5.2424e+00 1.570796e-02 0.e+00
5.2424e+00 2.346256e-02 0.e+00
5.2424e+00 3.503514e-02 0.e+00
5.2424e+00 5.263151e-02 0.e+00
5.2424e+00 7.314235e-02 0.e+00
5.2424e+00 1.025928e-01 0.e+00
5.2424e+00 1.448116e-01 0.e+00
5.2424e+00 2.023460e-01 0.e+00
5.2424e+00 2.834245e-01 0.e+00
5.2424e+00 3.967448e-01 0.e+00
5.2424e+00 5.552783e-01 0.e+00
5.2424e+00 7.774819e-01 0.e+00
5.2424e+00 1.088445e+00 0.e+00
5.2424e+00 1.523711e+00 0.e+00
5.2424e+00 2.088426e+00 0.e+00
5.2424e+00 2.685505e+00 0.e+00
5.367248e+00 1.570796e-02 0.e+00
5.367248e+00 2.346256e-02 0.e+00
5.367248e+00 3.503514e-02 0.e+00
5.367248e+00 5.263151e-02 0.e+00
5.367248e+00 7.314235e-02 0.e+00
5.367248e+00 1.025928e-01 0.e+00
5.367248e+00 1.448116e-01 0.e+00
5.367248e+00 2.023460e-01 0.e+00
5.367248e+00 2.834245e-01 0.e+00
5.367248e+00 3.967448e-01 0.e+00
5.367248e+00 5.552783e-01 0.e+00
5.367248e+00 7.774819e-01 0.e+00
5.367248e+00 1.088445e+00 0.e+00
5.367248e+00 1.523711e+00 0.e+00
5.367248e+00 2.088426e+00 0.e+00
5.367248e+00 2.685505e+00 0.e+00
5.494593e+00 1.570796e-02 0.e+00
5.494593e+00 2.346256e-02 0.e+00
5.494593e+00 3.503514e-02 0.e+00
5.494593e+00 5.263151e-02 0.e+00
5.494593e+00 7.314235e-02 0.e+00
5.494593e+00 1.025928e-01 0.e+00
5.494593e+00 1.448116e-01 0.e+00
5.494593e+00 2.023460e-01 0.e+00
5.494593e+00 2.834245e-01 0.e+00
5.494593e+00 3.967448e-01 0.e+00
5.494593e+00 5.552783e-01 0.e+00
5.494593e+00 7.774819e-01 0.e+00
5.494593e+00 1.088445e+00 0.e+00
5.494593e+00 1.523711e+00 0.e+00
5.494593e+00 2.088426e+00 0.e+00
5.494593e+00 2.685505e+00 0.e+00
5.624485e+00 1.570796e-02 0.e+00
5.624485e+00 2.346256e-02 0.e+00
5.624485e+00 3.503514e-02 0.e+00
5.624485e+00 5.263151e-02 0.e+00
5.624485e+00 7.314235e-02 0.e+00
5.624485e+00 1.025928e-01 0.e+00
5.624485e+00 1.448116e-01 0.e+00
5.624485e+00 2.023460e-01 0.e+00
5.624485e+00 2.834245e-01 0.e+00
5.624485e+00 3.967448e-01 0.e+00
5.624485e+00 5.552783e-01 0.e+00
5.624485e+00 7.774819e-01 0.e+00
5.624485e+00 1.088445e+00 0.e+00
5.624485e+00 1.523711e+00 0.e+00
5.624485e+00 2.088426e+00 0.e+00
5.624485e+00 2.685505e+00 0.e+00
5.756975e+00 1.570796e-02 0.e+00
5.756975e+00 2.346256e-02 0.e+00
5.756975e+00 3.503514e-02 0.e+00
5.756975e+00 5.263151e-02 0.e+00
5.756975e+00 7.314235e-02 0.e+00
5.756975e+00 1.025928e-01 0.e+00
5.756975e+00 1.448116e-01 0.e+00
5.756975e+00 2.023460e-01 0.e+00
5.756975e+00 2.834245e-01 0.e+00
5.756975e+00 3.967448e-01 0.e+00
5.756975e+00 5.552783e-01 0.e+00
5.756975e+00 7.774819e-01 0.e+00
5.756975e+00 1.088445e+00 0.e+00
5.756975e+00 1.523711e+00 0.e+00
5.756975e+00 2.088426e+00 0.e+00
5.756975e+00 2.685505e+00 0.e+00
5.892114e+00 1.570796e-02 0.e+00
5.892114e+00 2.346256e-02 0.e+00
5.892114e+00 3.503514e-02 0.e+00
5.892114e+00 5.263151e-02 0.e+00
5.892114e+00 7.314235e-02 0.e+00
5.892114e+00 1.025928e-01 0.e+00
5.892114e+00 1.448116e-01 0.e+00
5.892114e+00 2.023460e-01 0.e+00
5.892114e+00 2.834245e-01 0.e+00
5.892114e+00 3.967448e-01 0.e+00
5.892114e+00 5.552783e-01 0.e+00
5.892114e+00 7.774819e-01 0.e+00
5.892114e+00 1.088445e+00 0.e+00
5.892114e+00 1.523711e+00 0.e+00
5.892114e+00 2.088426e+00 0.e+00
5.892114e+00 2.685505e+00 0.e+00
6.029956e+00 1.570796e-02 0.e+00
6.029956e+00 2.346256e-02 0.e+00
6.029956e+00 3.503514e-02 0.e+00
6.029956e+00 5.263151e-02 0.e+00
6.029956e+00 7.314235e-02 0.e+00
6.029956e+00 1.025928e-01 0.e+00
6.029956e+00 1.448116e-01 0.e+00
6.029956e+00 2.023460e-01 0.e+00
6.029956e+00 2.834245e-01 0.e+00
6.029956e+00 3.967448e-01 0.e+00
6.029956e+00 5.552783e-01 0.e+00
6.029956e+00 7.774819e-01 0.e+00
6.029956e+00 1.088445e+00 0.e+00
6.029956e+00 1.523711e+00 0.e+00
6.029956e+00 2.088426e+00 0.e+00
6.029956e+00 2.685505e+00 0.e+00
6.170555e+00 1.570796e-02 0.e+00
6.170555e+00 2.346256e-02 0.e+00
6.170555e+00 3.503514e-02 0.e+00
6.170555e+00 5.263151e-02 0.e+00
6.170555e+00 7.314235e-02 0.e+00
6.170555e+00 1.025928e-01 0.e+00
6.170555e+00 1.448116e-01 0.e+00
6.170555e+00 2.023460e-01 0.e+00
6.170555e+00 2.834245e-01 0.e+00
6.170555e+00 3.967448e-01 0.e+00
6.170555e+00 5.552783e-01 0.e+00
6.170555e+00 7.774819e-01 0.e+00
6.170555e+00 1.088445e+00 0.e+00
6.170555e+00 1.523711e+00 0.e+00
6.170555e+00 2.088426e+00 0.e+00
6.170555e+00 2.685505e+00 0.e+00
6.313967e+00 1.570796e-02 0.e+00
6.313967e+00 2.346256e-02 0.e+00
6.313967e+00 3.503514e-02 0.e+00
6.313967e+00 5.263151e-02 0.e+00
6.313967e+00 7.314235e-02 0.e+00
6.313967e+00 1.025928e-01 0.e+00
6.313967e+00 1.448116e-01 0.e+00
6.313967e+00 2.023460e-01 0.e+00
6.313967e+00 2.834245e-01 0.e+00
6.313967e+00 3.967448e-01 0.e+00
6.313967e+00 5.552783e-01 0.e+00
6.313967e+00 7.774819e-01 0.e+00
6.313967e+00 1.088445e+00 0.e+00
6.313967e+00 1.523711e+00 0.e+00
6.313967e+00 2.088426e+00 0.e+00
6.313967e+00 2.685505e+00 0.e+00
6.460246e+00 1.570796e-02 -1.429187e-05
6.460246e+00 2.346256e-02 -3.337615e-05
6.460246e+00 3.503514e-02 -6.141567e-05
6.460246e+00 5.263151e-02 -4.616755e-05
6.460246e+00 7.314235e-02 -3.748978e-05
6.460246e+00 1.025928e-01 -2.871714e-05
6.460246e+00 1.448116e-01 -7.08003e-05
6.460246e+00 2.023460e-01 -8.407239e-05
6.460246e+00 2.834245e-01 -9.137671e-05
6.460246e+00 3.967448e-01 -6.563449e-05
6.460246e+00 5.552783e-01 -4.882873e-05
6.460246e+00 7.774819e-01 -3.878777e-05
6.460246e+00 1.088445e+00 -3.564801e-05
6.460246e+00 1.523711e+00 -3.895317e-05
6.460246e+00 2.088426e+00 -4.655327e-05
6.460246e+00 2.685505e+00 -4.838137e-05
6.609451e+00 1.570796e-02 -7.869801e-05
6.609451e+00 2.346256e-02 -1.319345e-04
6.609451e+00 3.503514e-02 -7.776175e-04
6.609451e+00 5.263151e-02 -5.322095e-04
6.609451e+00 7.314235e-02 -4.332292e-04
6.609451e+00 1.025928e-01 -6.091619e-04
6.609451e+00 1.448116e-01 -6.846977e-04
6.609451e+00 2.023460e-01 -6.644332e-04
6.609451e+00 2.834245e-01 -5.939216e-04
6.609451e+00 3.967448e-01 -5.502620e-04
6.609451e+00 5.552783e-01 -4.532064e-04
6.609451e+00 7.774819e-01 -3.950685e-04
6.609451e+00 1.088445e+00 -3.563411e-04
6.609451e+00 1.523711e+00 -3.524401e-04
6.609451e+00 2.088426e+00 -3.830493e-04
6.609451e+00 2.685505e+00 -4.014014e-04
6.76164e+00 1.570796e-02 -1.580477e-04
6.76164e+00 2.346256e-02 -3.668665e-04
6.76164e+00 3.503514e-02 -1.936848e-03
6.76164e+00 5.263151e-02 -2.039484e-03
6.76164e+00 7.314235e-02 -1.583977e-03
6.76164e+00 1.025928e-01 -2.02699e-03
6.76164e+00 1.448116e-01 -2.182651e-03
6.76164e+00 2.023460e-01 -2.094204e-03
6.76164e+00 2.834245e-01 -1.910815e-03
6.76164e+00 3.967448e-01 -1.845402e-03
6.76164e+00 5.552783e-01 -1.557053e-03
6.76164e+00 7.774819e-01 -1.37611e-03
6.76164e+00 1.088445e+00 -1.184178e-03
6.76164e+00 1.523711e+00 -1.16227e-03
6.76164e+00 2.088426e+00 -1.269304e-03
6.76164e+00 2.685505e+00 -1.317898e-03
6.916873e+00 1.570796e-02 -2.552289e-04
6.916873e+00 2.346256e-02 -7.205579e-04
6.916873e+00 3.503514e-02 -3.210012e-03
6.916873e+00 5.263151e-02 -4.611924e-03
6.916873e+00 7.314235e-02 -3.93915e-03
6.916873e+00 1.025928e-01 -4.873813e-03
6.916873e+00 1.448116e-01 -5.446511e-03
6.916873e+00 2.023460e-01 -5.170364e-03
6.916873e+00 2.834245e-01 -4.959939e-03
6.916873e+00 3.967448e-01 -4.375575e-03
6.916873e+00 5.552783e-01 -3.883766e-03
6.916873e+00 7.774819e-01 -3.293209e-03
6.916873e+00 1.088445e+00 -2.92561e-03
6.916873e+00 1.523711e+00 -2.767048e-03
6.916873e+00 2.088426e+00 -2.996414e-03
6.916873e+00 2.685505e+00 -3.033325e-03
7.075210e+00 1.570796e-02 -3.008744e-04
7.075210e+00 2.346256e-02 -9.562766e-04
7.075210e+00 3.503514e-02 -4.498224e-03
7.075210e+00 5.263151e-02 -6.721248e-03
7.075210e+00 7.314235e-02 -6.812935e-03
7.075210e+00 1.025928e-01 -8.948622e-03
7.075210e+00 1.448116e-01 -9.839125e-03
7.075210e+00 2.023460e-01 -9.320952e-03
7.075210e+00 2.834245e-01 -8.983533e-03
7.075210e+00 3.967448e-01 -8.274585e-03
7.075210e+00 5.552783e-01 -7.264402e-03
7.075210e+00 7.774819e-01 -6.221129e-03
7.075210e+00 1.088445e+00 -5.374052e-03
7.075210e+00 1.523711e+00 -5.034515e-03
7.075210e+00 2.088426e+00 -5.386581e-03
7.075210e+00 2.685505e+00 -5.477284e-03
7.236714e+00 1.570796e-02 -3.044301e-04
7.236714e+00 2.346256e-02 -1.058069e-03
7.236714e+00 3.503514e-02 -5.219080e-03
7.236714e+00 5.263151e-02 -8.486673e-03
7.236714e+00 7.314235e-02 -9.860109e-03
7.236714e+00 1.025928e-01 -1.406248e-02
7.236714e+00 1.448116e-01 -1.451939e-02
7.236714e+00 2.023460e-01 -1.427608e-02
7.236714e+00 2.834245e-01 -1.419090e-02
7.236714e+00 3.967448e-01 -1.315338e-02
7.236714e+00 5.552783e-01 -1.140238e-02
7.236714e+00 7.774819e-01 -9.799738e-03
7.236714e+00 1.088445e+00 -8.429288e-03
7.236714e+00 1.523711e+00 -7.840965e-03
7.236714e+00 2.088426e+00 -8.245408e-03
7.236714e+00 2.685505e+00 -8.369499e-03
7.401449e+00 1.570796e-02 -2.784505e-04
7.401449e+00 2.346256e-02 -1.035836e-03
7.401449e+00 3.503514e-02 -5.420862e-03
7.401449e+00 5.263151e-02 -9.712481e-03
7.401449e+00 7.314235e-02 -1.203822e-02
7.401449e+00 1.025928e-01 -1.798468e-02
7.401449e+00 1.448116e-01 -1.901791e-02
7.401449e+00 2.023460e-01 -1.91459e-02
7.401449e+00 2.834245e-01 -1.919140e-02
7.401449e+00 3.967448e-01 -1.827721e-02
7.401449e+00 5.552783e-01 -1.592390e-02
7.401449e+00 7.774819e-01 -1.363045e-02
7.401449e+00 1.088445e+00 -1.160321e-02
7.401449e+00 1.523711e+00 -1.072174e-02
7.401449e+00 2.088426e+00 -1.120735e-02
7.401449e+00 2.685505e+00 -1.120066e-02
7.569477e+00 1.570796e-02 -2.258849e-04
7.569477e+00 2.346256e-02 -9.819627e-04
7.569477e+00 3.503514e-02 -5.119878e-03
7.569477e+00 5.263151e-02 -1.021639e-02
7.569477e+00 7.314235e-02 -1.358876e-02
7.569477e+00 1.025928e-01 -2.090361e-02
7.569477e+00 1.448116e-01 -2.279999e-02
7.569477e+00 2.023460e-01 -2.355167e-02
7.569477e+00 2.834245e-01 -2.419604e-02
7.569477e+00 3.967448e-01 -2.339561e-02
7.569477e+00 5.552783e-01 -2.046624e-02
7.569477e+00 7.774819e-01 -1.761783e-02
7.569477e+00 1.088445e+00 -1.496433e-02
7.569477e+00 1.523711e+00 -1.360375e-02
7.569477e+00 2.088426e+00 -1.407846e-02
7.569477e+00 2.685505e+00 -1.393458e-02
7.740867e+00 1.570796e-02 -1.945691e-04
7.740867e+00 2.346256e-02 -8.765470e-04
7.740867e+00 3.503514e-02 -4.671155e-03
7.740867e+00 5.263151e-02 -1.014899e-02
7.740867e+00 7.314235e-02 -1.415977e-02
7.740867e+00 1.025928e-01 -2.261019e-02
7.740867e+00 1.448116e-01 -2.537105e-02
7.740867e+00 2.023460e-01 -2.704129e-02
7.740867e+00 2.834245e-01 -2.836325e-02
7.740867e+00 3.967448e-01 -2.788932e-02
7.740867e+00 5.552783e-01 -2.478545e-02
7.740867e+00 7.774819e-01 -2.14772e-02
7.740867e+00 1.088445e+00 -1.809201e-02
7.740867e+00 1.523711e+00 -1.631223e-02
7.740867e+00 2.088426e+00 -1.664432e-02
7.740867e+00 2.685505e+00 -1.626471e-02
7.915684e+00 1.570796e-02 -1.875606e-04
7.915684e+00 2.346256e-02 -8.314251e-04
7.915684e+00 3.503514e-02 -4.295774e-03
7.915684e+00 5.263151e-02 -9.637217e-03
7.915684e+00 7.314235e-02 -1.385239e-02
7.915684e+00 1.025928e-01 -2.295006e-02
7.915684e+00 1.448116e-01 -2.688681e-02
7.915684e+00 2.023460e-01 -2.948681e-02
7.915684e+00 2.834245e-01 -3.163271e-02
7.915684e+00 3.967448e-01 -3.157716e-02
7.915684e+00 5.552783e-01 -2.853393e-02
7.915684e+00 7.774819e-01 -2.482583e-02
7.915684e+00 1.088445e+00 -2.090626e-02
7.915684e+00 1.523711e+00 -1.877165e-02
7.915684e+00 2.088426e+00 -1.889427e-02
7.915684e+00 2.685505e+00 -1.827320e-02
8.093998e+00 1.570796e-02 -1.714358e-04
8.093998e+00 2.346256e-02 -7.703001e-04
8.093998e+00 3.503514e-02 -3.983529e-03
8.093998e+00 5.263151e-02 -8.971941e-03
8.093998e+00 7.314235e-02 -1.303693e-02
8.093998e+00 1.025928e-01 -2.240838e-02
8.093998e+00 1.448116e-01 -2.732477e-02
8.093998e+00 2.023460e-01 -3.090883e-02
8.093998e+00 2.834245e-01 -3.394714e-02
8.093998e+00 3.967448e-01 -3.444603e-02
8.093998e+00 5.552783e-01 -3.168400e-02
8.093998e+00 7.774819e-01 -2.769246e-02
8.093998e+00 1.088445e+00 -2.332123e-02
8.093998e+00 1.523711e+00 -2.087052e-02
8.093998e+00 2.088426e+00 -2.077903e-02
8.093998e+00 2.685505e+00 -1.993827e-02
8.275878e+00 1.570796e-02 -1.493911e-04
8.275878e+00 2.346256e-02 -7.006162e-04
8.275878e+00 3.503514e-02 -3.665415e-03
8.275878e+00 5.263151e-02 -8.307957e-03
8.275878e+00 7.314235e-02 -1.208680e-02
8.275878e+00 1.025928e-01 -2.122649e-02
8.275878e+00 1.448116e-01 -2.690839e-02
8.275878e+00 2.023460e-01 -3.140524e-02
8.275878e+00 2.834245e-01 -3.539914e-02
8.275878e+00 3.967448e-01 -3.638260e-02
8.275878e+00 5.552783e-01 -3.407688e-02
8.275878e+00 7.774819e-01 -3.011471e-02
8.275878e+00 1.088445e+00 -2.542059e-02
8.275878e+00 1.523711e+00 -2.261457e-02
8.275878e+00 2.088426e+00 -2.232539e-02
8.275878e+00 2.685505e+00 -2.119260e-02
8.461396e+00 1.570796e-02 -1.278212e-04
8.461396e+00 2.346256e-02 -6.255325e-04
8.461396e+00 3.503514e-02 -3.310258e-03
8.461396e+00 5.263151e-02 -7.539124e-03
8.461396e+00 7.314235e-02 -1.104645e-02
8.461396e+00 1.025928e-01 -1.975507e-02
8.461396e+00 1.448116e-01 -2.589481e-02
8.461396e+00 2.023460e-01 -3.109237e-02
8.461396e+00 2.834245e-01 -3.606419e-02
8.461396e+00 3.967448e-01 -3.763359e-02
8.461396e+00 5.552783e-01 -3.582791e-02
8.461396e+00 7.774819e-01 -3.194261e-02
8.461396e+00 1.088445e+00 -2.715961e-02
8.461396e+00 1.523711e+00 -2.408055e-02
8.461396e+00 2.088426e+00 -2.363089e-02
8.461396e+00 2.685505e+00 -2.226708e-02
8.650623e+00 1.570796e-02 -1.149202e-04
8.650623e+00 2.346256e-02 -5.648103e-04
8.650623e+00 3.503514e-02 -2.980574e-03
8.650623e+00 5.263151e-02 -6.762148e-03
8.650623e+00 7.314235e-02 -1.000589e-02
8.650623e+00 1.025928e-01 -1.818087e-02
8.650623e+00 1.448116e-01 -2.441218e-02
8.650623e+00 2.023460e-01 -3.005562e-02
8.650623e+00 2.834245e-01 -3.594400e-02
8.650623e+00 3.967448e-01 -3.814080e-02
8.650623e+00 5.552783e-01 -3.689287e-02
8.650623e+00 7.774819e-01 -3.32285e-02
8.650623e+00 1.088445e+00 -2.844309e-02
8.650623e+00 1.523711e+00 -2.52193e-02
8.650623e+00 2.088426e+00 -2.462104e-02
8.650623e+00 2.685505e+00 -2.302553e-02
8.843636e+00 1.570796e-02 -1.004985e-04
8.843636e+00 2.346256e-02 -5.035983e-04
8.843636e+00 3.503514e-02 -2.665640e-03
8.843636e+00 5.263151e-02 -6.041311e-03
8.843636e+00 7.314235e-02 -8.962561e-03
8.843636e+00 1.025928e-01 -1.651989e-02
8.843636e+00 1.448116e-01 -2.261975e-02
8.843636e+00 2.023460e-01 -2.859315e-02
8.843636e+00 2.834245e-01 -3.512210e-02
8.843636e+00 3.967448e-01 -3.794969e-02
8.843636e+00 5.552783e-01 -3.742723e-02
8.843636e+00 7.774819e-01 -3.403687e-02
8.843636e+00 1.088445e+00 -2.936965e-02
8.843636e+00 1.523711e+00 -2.606518e-02
8.843636e+00 2.088426e+00 -2.536631e-02
8.843636e+00 2.685505e+00 -2.352437e-02
9.040509e+00 1.570796e-02 -8.668482e-05
9.040509e+00 2.346256e-02 -4.477957e-04
9.040509e+00 3.503514e-02 -2.377145e-03
9.040509e+00 5.263151e-02 -5.387827e-03
9.040509e+00 7.314235e-02 -7.982649e-03
9.040509e+00 1.025928e-01 -1.489427e-02
9.040509e+00 1.448116e-01 -2.069546e-02
9.040509e+00 2.023460e-01 -2.680057e-02
9.040509e+00 2.834245e-01 -3.376018e-02
9.040509e+00 3.967448e-01 -3.716634e-02
9.040509e+00 5.552783e-01 -3.736585e-02
9.040509e+00 7.774819e-01 -3.440225e-02
9.040509e+00 1.088445e+00 -2.989125e-02
9.040509e+00 1.523711e+00 -2.664689e-02
9.040509e+00 2.088426e+00 -2.589627e-02
9.040509e+00 2.685505e+00 -2.387168e-02
9.241319e+00 1.570796e-02 -7.617768e-05
9.241319e+00 2.346256e-02 -3.983382e-04
9.241319e+00 3.503514e-02 -2.135292e-03
9.241319e+00 5.263151e-02 -4.826638e-03
9.241319e+00 7.314235e-02 -7.104059e-03
9.241319e+00 1.025928e-01 -1.336804e-02
9.241319e+00 1.448116e-01 -1.875302e-02
9.241319e+00 2.023460e-01 -2.474334e-02
9.241319e+00 2.834245e-01 -3.1942e-02
9.241319e+00 3.967448e-01 -3.588216e-02
9.241319e+00 5.552783e-01 -3.676511e-02
9.241319e+00 7.774819e-01 -3.433161e-02
9.241319e+00 1.088445e+00 -3.00526e-02
9.241319e+00 1.523711e+00 -2.689139e-02
9.241319e+00 2.088426e+00 -2.610056e-02
9.241319e+00 2.685505e+00 -2.390423e-02
9.446145e+00 1.570796e-02 -6.617284e-05
9.446145e+00 2.346256e-02 -3.576443e-04
9.446145e+00 3.503514e-02 -1.912670e-03
9.446145e+00 5.263151e-02 -4.30816e-03
9.446145e+00 7.314235e-02 -6.310352e-03
9.446145e+00 1.025928e-01 -1.193742e-02
9.446145e+00 1.448116e-01 -1.686432e-02
9.446145e+00 2.023460e-01 -2.260879e-02
9.446145e+00 2.834245e-01 -2.980778e-02
9.446145e+00 3.967448e-01 -3.424898e-02
9.446145e+00 5.552783e-01 -3.572301e-02
9.446145e+00 7.774819e-01 -3.381172e-02
9.446145e+00 1.088445e+00 -2.989051e-02
9.446145e+00 1.523711e+00 -2.690512e-02
9.446145e+00 2.088426e+00 -2.611244e-02
9.446145e+00 2.685505e+00 -2.375905e-02
9.655068e+00 1.570796e-02 -5.834451e-05
9.655068e+00 2.346256e-02 -3.21042e-04
9.655068e+00 3.503514e-02 -1.704951e-03
9.655068e+00 5.263151e-02 -3.839046e-03
9.655068e+00 7.314235e-02 -5.616707e-03
9.655068e+00 1.025928e-01 -1.063185e-02
9.655068e+00 1.448116e-01 -1.507851e-02
9.655068e+00 2.023460e-01 -2.049118e-02
9.655068e+00 2.834245e-01 -2.750415e-02
9.655068e+00 3.967448e-01 -3.233244e-02
9.655068e+00 5.552783e-01 -3.428232e-02
9.655068e+00 7.774819e-01 -3.291677e-02
9.655068e+00 1.088445e+00 -2.943000e-02
9.655068e+00 1.523711e+00 -2.670586e-02
9.655068e+00 2.088426e+00 -2.591121e-02
9.655068e+00 2.685505e+00 -2.345216e-02
9.86817e+00 1.570796e-02 -5.103007e-05
9.86817e+00 2.346256e-02 -2.859259e-04
9.86817e+00 3.503514e-02 -1.511732e-03
9.86817e+00 5.263151e-02 -3.422691e-03
9.86817e+00 7.314235e-02 -4.996239e-03
9.86817e+00 1.025928e-01 -9.430192e-03
9.86817e+00 1.448116e-01 -1.340843e-02
9.86817e+00 2.023460e-01 -1.843464e-02
9.86817e+00 2.834245e-01 -2.513608e-02
9.86817e+00 3.967448e-01 -3.014688e-02
9.86817e+00 5.552783e-01 -3.253713e-02
9.86817e+00 7.774819e-01 -3.172340e-02
9.86817e+00 1.088445e+00 -2.869406e-02
9.86817e+00 1.523711e+00 -2.627801e-02
9.86817e+00 2.088426e+00 -2.561335e-02
9.86817e+00 2.685505e+00 -2.314635e-02
1.008553e+01 1.570796e-02 -4.387486e-05
1.008553e+01 2.346256e-02 -2.520044e-04
1.008553e+01 3.503514e-02 -1.330330e-03
1.008553e+01 5.263151e-02 -3.040906e-03
1.008553e+01 7.314235e-02 -4.440494e-03
1.008553e+01 1.025928e-01 -8.351162e-03
1.008553e+01 1.448116e-01 -1.188545e-02
1.008553e+01 2.023460e-01 -1.650581e-02
1.008553e+01 2.834245e-01 -2.277654e-02
1.008553e+01 3.967448e-01 -2.783622e-02
1.008553e+01 5.552783e-01 -3.059476e-02
1.008553e+01 7.774819e-01 -3.025021e-02
1.008553e+01 1.088445e+00 -2.774e-02
1.008553e+01 1.523711e+00 -2.561931e-02
1.008553e+01 2.088426e+00 -2.509575e-02
1.008553e+01 2.685505e+00 -2.255140e-02
1.030724e+01 1.570796e-02 -3.793029e-05
1.030724e+01 2.346256e-02 -2.230198e-04
1.030724e+01 3.503514e-02 -1.173813e-03
1.030724e+01 5.263151e-02 -2.69827e-03
1.030724e+01 7.314235e-02 -3.933362e-03
1.030724e+01 1.025928e-01 -7.373542e-03
1.030724e+01 1.448116e-01 -1.050956e-02
1.030724e+01 2.023460e-01 -1.471434e-02
1.030724e+01 2.834245e-01 -2.050257e-02
1.030724e+01 3.967448e-01 -2.544411e-02
1.030724e+01 5.552783e-01 -2.847665e-02
1.030724e+01 7.774819e-01 -2.857158e-02
1.030724e+01 1.088445e+00 -2.657746e-02
1.030724e+01 1.523711e+00 -2.480294e-02
1.030724e+01 2.088426e+00 -2.440568e-02
1.030724e+01 2.685505e+00 -2.177115e-02
1.053339e+01 1.570796e-02 -3.282003e-05
1.053339e+01 2.346256e-02 -1.947537e-04
1.053339e+01 3.503514e-02 -1.031366e-03
1.053339e+01 5.263151e-02 -2.379340e-03
1.053339e+01 7.314235e-02 -3.461787e-03
1.053339e+01 1.025928e-01 -6.477569e-03
1.053339e+01 1.448116e-01 -9.263294e-03
1.053339e+01 2.023460e-01 -1.303086e-02
1.053339e+01 2.834245e-01 -1.833503e-02
1.053339e+01 3.967448e-01 -2.308359e-02
1.053339e+01 5.552783e-01 -2.627925e-02
1.053339e+01 7.774819e-01 -2.674132e-02
1.053339e+01 1.088445e+00 -2.523058e-02
1.053339e+01 1.523711e+00 -2.386912e-02
1.053339e+01 2.088426e+00 -2.358742e-02
1.053339e+01 2.685505e+00 -2.103171e-02
1.076406e+01 1.570796e-02 -2.806696e-05
1.076406e+01 2.346256e-02 -1.681751e-04
1.076406e+01 3.503514e-02 -9.034233e-04
1.076406e+01 5.263151e-02 -2.085026e-03
1.076406e+01 7.314235e-02 -3.033894e-03
1.076406e+01 1.025928e-01 -5.672186e-03
1.076406e+01 1.448116e-01 -8.134417e-03
1.076406e+01 2.023460e-01 -1.148119e-02
1.076406e+01 2.834245e-01 -1.630022e-02
1.076406e+01 3.967448e-01 -2.076165e-02
1.076406e+01 5.552783e-01 -2.402196e-02
1.076406e+01 7.774819e-01 -2.486256e-02
1.076406e+01 1.088445e+00 -2.378391e-02
1.076406e+01 1.523711e+00 -2.280535e-02
1.076406e+01 2.088426e+00 -2.263682e-02
1.076406e+01 2.685505e+00 -2.01408e-02
1.099934e+01 1.570796e-02 -2.38807e-05
1.099934e+01 2.346256e-02 -1.456843e-04
1.099934e+01 3.503514e-02 -7.877112e-04
1.099934e+01 5.263151e-02 -1.829132e-03
1.099934e+01 7.314235e-02 -2.650439e-03
1.099934e+01 1.025928e-01 -4.954046e-03
1.099934e+01 1.448116e-01 -7.11989e-03
1.099934e+01 2.023460e-01 -1.006952e-02
1.099934e+01 2.834245e-01 -1.441395e-02
1.099934e+01 3.967448e-01 -1.854748e-02
1.099934e+01 5.552783e-01 -2.178192e-02
1.099934e+01 7.774819e-01 -2.292603e-02
1.099934e+01 1.088445e+00 -2.224131e-02
1.099934e+01 1.523711e+00 -2.16461e-02
1.099934e+01 2.088426e+00 -2.162466e-02
1.099934e+01 2.685505e+00 -1.920514e-02
1.123932e+01 1.570796e-02 -2.099179e-05
1.123932e+01 2.346256e-02 -1.258962e-04
1.123932e+01 3.503514e-02 -6.865169e-04
1.123932e+01 5.263151e-02 -1.599560e-03
1.123932e+01 7.314235e-02 -2.317255e-03
1.123932e+01 1.025928e-01 -4.320856e-03
1.123932e+01 1.448116e-01 -6.217459e-03
1.123932e+01 2.023460e-01 -8.803256e-03
1.123932e+01 2.834245e-01 -1.269103e-02
1.123932e+01 3.967448e-01 -1.645922e-02
1.123932e+01 5.552783e-01 -1.958986e-02
1.123932e+01 7.774819e-01 -2.096032e-02
1.123932e+01 1.088445e+00 -2.066296e-02
1.123932e+01 1.523711e+00 -2.041137e-02
1.123932e+01 2.088426e+00 -2.050289e-02
1.123932e+01 2.685505e+00 -1.819445e-02
1.148411e+01 1.570796e-02 -1.794085e-05
1.148411e+01 2.346256e-02 -1.075145e-04
1.148411e+01 3.503514e-02 -5.978624e-04
1.148411e+01 5.263151e-02 -1.390437e-03
1.148411e+01 7.314235e-02 -2.019028e-03
1.148411e+01 1.025928e-01 -3.747046e-03
1.148411e+01 1.448116e-01 -5.407949e-03
1.148411e+01 2.023460e-01 -7.670247e-03
1.148411e+01 2.834245e-01 -1.109914e-02
1.148411e+01 3.967448e-01 -1.451908e-02
1.148411e+01 5.552783e-01 -1.749780e-02
1.148411e+01 7.774819e-01 -1.901345e-02
1.148411e+01 1.088445e+00 -1.90565e-02
1.148411e+01 1.523711e+00 -1.907872e-02
1.148411e+01 2.088426e+00 -1.929709e-02
1.148411e+01 2.685505e+00 -1.701792e-02
1.173379e+01 1.570796e-02 -1.528846e-05
1.173379e+01 2.346256e-02 -9.176912e-05
1.173379e+01 3.503514e-02 -5.195296e-04
1.173379e+01 5.263151e-02 -1.204284e-03
1.173379e+01 7.314235e-02 -1.751873e-03
1.173379e+01 1.025928e-01 -3.237709e-03
1.173379e+01 1.448116e-01 -4.685936e-03
1.173379e+01 2.023460e-01 -6.663251e-03
1.173379e+01 2.834245e-01 -9.675315e-03
1.173379e+01 3.967448e-01 -1.271217e-02
1.173379e+01 5.552783e-01 -1.550365e-02
1.173379e+01 7.774819e-01 -1.711068e-02
1.173379e+01 1.088445e+00 -1.742707e-02
1.173379e+01 1.523711e+00 -1.770293e-02
1.173379e+01 2.088426e+00 -1.802815e-02
1.173379e+01 2.685505e+00 -1.587883e-02
1.198847e+01 1.570796e-02 -1.288922e-05
1.198847e+01 2.346256e-02 -7.864794e-05
1.198847e+01 3.503514e-02 -4.470731e-04
1.198847e+01 5.263151e-02 -1.040462e-03
1.198847e+01 7.314235e-02 -1.509834e-03
1.198847e+01 1.025928e-01 -2.783831e-03
1.198847e+01 1.448116e-01 -4.042676e-03
1.198847e+01 2.023460e-01 -5.747276e-03
1.198847e+01 2.834245e-01 -8.379318e-03
1.198847e+01 3.967448e-01 -1.106549e-02
1.198847e+01 5.552783e-01 -1.363874e-02
1.198847e+01 7.774819e-01 -1.527324e-02
1.198847e+01 1.088445e+00 -1.581182e-02
1.198847e+01 1.523711e+00 -1.631972e-02
1.198847e+01 2.088426e+00 -1.675510e-02
1.198847e+01 2.685505e+00 -1.469396e-02
1.224824e+01 1.570796e-02 -1.085385e-05
1.224824e+01 2.346256e-02 -6.654511e-05
1.224824e+01 3.503514e-02 -3.825288e-04
1.224824e+01 5.263151e-02 -8.94485e-04
1.224824e+01 7.314235e-02 -1.297679e-03
1.224824e+01 1.025928e-01 -2.383887e-03
1.224824e+01 1.448116e-01 -3.46817e-03
1.224824e+01 2.023460e-01 -4.941645e-03
1.224824e+01 2.834245e-01 -7.229027e-03
1.224824e+01 3.967448e-01 -9.591426e-03
1.224824e+01 5.552783e-01 -1.191814e-02
1.224824e+01 7.774819e-01 -1.353938e-02
1.224824e+01 1.088445e+00 -1.424452e-02
1.224824e+01 1.523711e+00 -1.494388e-02
1.224824e+01 2.088426e+00 -1.543789e-02
1.224824e+01 2.685505e+00 -1.352889e-02
1.251320e+01 1.570796e-02 -9.313013e-06
1.251320e+01 2.346256e-02 -5.603539e-05
1.251320e+01 3.503514e-02 -3.264001e-04
1.251320e+01 5.263151e-02 -7.655242e-04
1.251320e+01 7.314235e-02 -1.108854e-03
1.251320e+01 1.025928e-01 -2.030388e-03
1.251320e+01 1.448116e-01 -2.965394e-03
1.251320e+01 2.023460e-01 -4.230223e-03
1.251320e+01 2.834245e-01 -6.20036e-03
1.251320e+01 3.967448e-01 -8.255793e-03
1.251320e+01 5.552783e-01 -1.035793e-02
1.251320e+01 7.774819e-01 -1.191939e-02
1.251320e+01 1.088445e+00 -1.276955e-02
1.251320e+01 1.523711e+00 -1.360081e-02
1.251320e+01 2.088426e+00 -1.416303e-02
1.251320e+01 2.685505e+00 -1.240281e-02
1.278347e+01 1.570796e-02 -7.743614e-06
1.278347e+01 2.346256e-02 -4.665182e-05
1.278347e+01 3.503514e-02 -2.769561e-04
1.278347e+01 5.263151e-02 -6.528789e-04
1.278347e+01 7.314235e-02 -9.409538e-04
1.278347e+01 1.025928e-01 -1.719916e-03
1.278347e+01 1.448116e-01 -2.519853e-03
1.278347e+01 2.023460e-01 -3.593983e-03
1.278347e+01 2.834245e-01 -5.28851e-03
1.278347e+01 3.967448e-01 -7.068181e-03
1.278347e+01 5.552783e-01 -8.937616e-03
1.278347e+01 7.774819e-01 -1.042814e-02
1.278347e+01 1.088445e+00 -1.135267e-02
1.278347e+01 1.523711e+00 -1.227844e-02
1.278347e+01 2.088426e+00 -1.292003e-02
1.278347e+01 2.685505e+00 -1.135050e-02
1.305914e+01 1.570796e-02 -6.369679e-06
1.305914e+01 2.346256e-02 -3.936888e-05
1.305914e+01 3.503514e-02 -2.331865e-04
1.305914e+01 5.263151e-02 -5.543722e-04
1.305914e+01 7.314235e-02 -7.981148e-04
1.305914e+01 1.025928e-01 -1.45377e-03
1.305914e+01 1.448116e-01 -2.134383e-03
1.305914e+01 2.023460e-01 -3.040526e-03
1.305914e+01 2.834245e-01 -4.488861e-03
1.305914e+01 3.967448e-01 -6.018060e-03
1.305914e+01 5.552783e-01 -7.656429e-03
1.305914e+01 7.774819e-01 -9.071013e-03
1.305914e+01 1.088445e+00 -1.004909e-02
1.305914e+01 1.523711e+00 -1.103004e-02
1.305914e+01 2.088426e+00 -1.1721e-02
1.305914e+01 2.685505e+00 -1.034151e-02
1.334032e+01 1.570796e-02 -5.353455e-06
1.334032e+01 2.346256e-02 -3.238465e-05
1.334032e+01 3.503514e-02 -1.948785e-04
1.334032e+01 5.263151e-02 -4.652942e-04
1.334032e+01 7.314235e-02 -6.717135e-04
1.334032e+01 1.025928e-01 -1.223129e-03
1.334032e+01 1.448116e-01 -1.794619e-03
1.334032e+01 2.023460e-01 -2.559537e-03
1.334032e+01 2.834245e-01 -3.788661e-03
1.334032e+01 3.967448e-01 -5.092699e-03
1.334032e+01 5.552783e-01 -6.529135e-03
1.334032e+01 7.774819e-01 -7.841916e-03
1.334032e+01 1.088445e+00 -8.818425e-03
1.334032e+01 1.523711e+00 -9.842433e-03
1.334032e+01 2.088426e+00 -1.056171e-02
1.334032e+01 2.685505e+00 -9.369472e-03
1.362713e+01 1.570796e-02 -4.582397e-06
1.362713e+01 2.346256e-02 -2.703686e-05
1.362713e+01 3.503514e-02 -1.624744e-04
1.362713e+01 5.263151e-02 -3.901543e-04
1.362713e+01 7.314235e-02 -5.612795e-04
1.362713e+01 1.025928e-01 -1.02059e-03
1.362713e+01 1.448116e-01 -1.502579e-03
1.362713e+01 2.023460e-01 -2.140917e-03
1.362713e+01 2.834245e-01 -3.178622e-03
1.362713e+01 3.967448e-01 -4.282561e-03
1.362713e+01 5.552783e-01 -5.536182e-03
1.362713e+01 7.774819e-01 -6.727049e-03
1.362713e+01 1.088445e+00 -7.684343e-03
1.362713e+01 1.523711e+00 -8.714686e-03
1.362713e+01 2.088426e+00 -9.457716e-03
1.362713e+01 2.685505e+00 -8.448781e-03
1.391967e+01 1.570796e-02 -3.748598e-06
1.391967e+01 2.346256e-02 -2.280649e-05
1.391967e+01 3.503514e-02 -1.351322e-04
1.391967e+01 5.263151e-02 -3.254289e-04
1.391967e+01 7.314235e-02 -4.675254e-04
1.391967e+01 1.025928e-01 -8.508546e-04
1.391967e+01 1.448116e-01 -1.252493e-03
1.391967e+01 2.023460e-01 -1.781756e-03
1.391967e+01 2.834245e-01 -2.655204e-03
1.391967e+01 3.967448e-01 -3.586336e-03
1.391967e+01 5.552783e-01 -4.667143e-03
1.391967e+01 7.774819e-01 -5.737341e-03
1.391967e+01 1.088445e+00 -6.658571e-03
1.391967e+01 1.523711e+00 -7.6687e-03
1.391967e+01 2.088426e+00 -8.428586e-03
1.391967e+01 2.685505e+00 -7.573170e-03
1.421806e+01 1.570796e-02 -3.230979e-06
1.421806e+01 2.346256e-02 -1.868481e-05
1.421806e+01 3.503514e-02 -1.113487e-04
1.421806e+01 5.263151e-02 -2.692166e-04
1.421806e+01 7.314235e-02 -3.879442e-04
1.421806e+01 1.025928e-01 -7.034658e-04
1.421806e+01 1.448116e-01 -1.040731e-03
1.421806e+01 2.023460e-01 -1.473366e-03
1.421806e+01 2.834245e-01 -2.202521e-03
1.421806e+01 3.967448e-01 -2.981366e-03
1.421806e+01 5.552783e-01 -3.906445e-03
1.421806e+01 7.774819e-01 -4.856704e-03
1.421806e+01 1.088445e+00 -5.721271e-03
1.421806e+01 1.523711e+00 -6.701930e-03
1.421806e+01 2.088426e+00 -7.440441e-03
1.421806e+01 2.685505e+00 -6.734476e-03
1.452242e+01 1.570796e-02 -2.8189e-06
1.452242e+01 2.346256e-02 -1.531457e-05
1.452242e+01 3.503514e-02 -9.06658e-05
1.452242e+01 5.263151e-02 -2.221626e-04
1.452242e+01 7.314235e-02 -3.202453e-04
1.452242e+01 1.025928e-01 -5.777179e-04
1.452242e+01 1.448116e-01 -8.585775e-04
1.452242e+01 2.023460e-01 -1.211766e-03
1.452242e+01 2.834245e-01 -1.813600e-03
1.452242e+01 3.967448e-01 -2.469241e-03
1.452242e+01 5.552783e-01 -3.251738e-03
1.452242e+01 7.774819e-01 -4.093346e-03
1.452242e+01 1.088445e+00 -4.896268e-03
1.452242e+01 1.523711e+00 -5.817519e-03
1.452242e+01 2.088426e+00 -6.537081e-03
1.452242e+01 2.685505e+00 -5.950759e-03
1.483287e+01 1.570796e-02 -2.325101e-06
1.483287e+01 2.346256e-02 -1.249108e-05
1.483287e+01 3.503514e-02 -7.450644e-05
1.483287e+01 5.263151e-02 -1.820718e-04
1.483287e+01 7.314235e-02 -2.612536e-04
1.483287e+01 1.025928e-01 -4.728054e-04
1.483287e+01 1.448116e-01 -7.001724e-04
1.483287e+01 2.023460e-01 -9.891123e-04
1.483287e+01 2.834245e-01 -1.483867e-03
1.483287e+01 3.967448e-01 -2.03254e-03
1.483287e+01 5.552783e-01 -2.686216e-03
1.483287e+01 7.774819e-01 -3.418997e-03
1.483287e+01 1.088445e+00 -4.162100e-03
1.483287e+01 1.523711e+00 -5.021722e-03
1.483287e+01 2.088426e+00 -5.713540e-03
1.483287e+01 2.685505e+00 -5.224249e-03
1.514953e+01 1.570796e-02 -1.896654e-06
1.514953e+01 2.346256e-02 -1.004960e-05
1.514953e+01 3.503514e-02 -6.076316e-05
1.514953e+01 5.263151e-02 -1.4753e-04
1.514953e+01 7.314235e-02 -2.133321e-04
1.514953e+01 1.025928e-01 -3.845245e-04
1.514953e+01 1.448116e-01 -5.697232e-04
1.514953e+01 2.023460e-01 -8.083557e-04
1.514953e+01 2.834245e-01 -1.213111e-03
1.514953e+01 3.967448e-01 -1.666257e-03
1.514953e+01 5.552783e-01 -2.210155e-03
1.514953e+01 7.774819e-01 -2.846451e-03
1.514953e+01 1.088445e+00 -3.523661e-03
1.514953e+01 1.523711e+00 -4.319497e-03
1.514953e+01 2.088426e+00 -4.975595e-03
1.514953e+01 2.685505e+00 -4.601381e-03
1.547252e+01 1.570796e-02 -1.502797e-06
1.547252e+01 2.346256e-02 -8.257140e-06
1.547252e+01 3.503514e-02 -4.909298e-05
1.547252e+01 5.263151e-02 -1.197215e-04
1.547252e+01 7.314235e-02 -1.723313e-04
1.547252e+01 1.025928e-01 -3.109959e-04
1.547252e+01 1.448116e-01 -4.606551e-04
1.547252e+01 2.023460e-01 -6.555633e-04
1.547252e+01 2.834245e-01 -9.840853e-04
1.547252e+01 3.967448e-01 -1.355786e-03
1.547252e+01 5.552783e-01 -1.812846e-03
1.547252e+01 7.774819e-01 -2.358594e-03
1.547252e+01 1.088445e+00 -2.964836e-03
1.547252e+01 1.523711e+00 -3.677432e-03
1.547252e+01 2.088426e+00 -4.291210e-03
1.547252e+01 2.685505e+00 -4.008174e-03
1.580197e+01 1.570796e-02 -1.215603e-06
1.580197e+01 2.346256e-02 -6.561459e-06
1.580197e+01 3.503514e-02 -3.932614e-05
1.580197e+01 5.263151e-02 -9.669457e-05
1.580197e+01 7.314235e-02 -1.381021e-04
1.580197e+01 1.025928e-01 -2.494227e-04
1.580197e+01 1.448116e-01 -3.689813e-04
1.580197e+01 2.023460e-01 -5.291859e-04
1.580197e+01 2.834245e-01 -7.930619e-04
1.580197e+01 3.967448e-01 -1.093181e-03
1.580197e+01 5.552783e-01 -1.473101e-03
1.580197e+01 7.774819e-01 -1.933014e-03
1.580197e+01 1.088445e+00 -2.470028e-03
1.580197e+01 1.523711e+00 -3.107406e-03
1.580197e+01 2.088426e+00 -3.673816e-03
1.580197e+01 2.685505e+00 -3.461858e-03
1.613801e+01 1.570796e-02 -9.768799e-07
1.613801e+01 2.346256e-02 -5.281390e-06
1.613801e+01 3.503514e-02 -3.117948e-05
1.613801e+01 5.263151e-02 -7.753667e-05
1.613801e+01 7.314235e-02 -1.109526e-04
1.613801e+01 1.025928e-01 -1.995936e-04
1.613801e+01 1.448116e-01 -2.95586e-04
1.613801e+01 2.023460e-01 -4.234578e-04
1.613801e+01 2.834245e-01 -6.347882e-04
1.613801e+01 3.967448e-01 -8.753508e-04
1.613801e+01 5.552783e-01 -1.187501e-03
1.613801e+01 7.774819e-01 -1.573080e-03
1.613801e+01 1.088445e+00 -2.044698e-03
1.613801e+01 1.523711e+00 -2.612911e-03
1.613801e+01 2.088426e+00 -3.115287e-03
1.613801e+01 2.685505e+00 -2.952083e-03
1.648077e+01 1.570796e-02 -7.773952e-07
1.648077e+01 2.346256e-02 -4.143408e-06
1.648077e+01 3.503514e-02 -2.453140e-05
1.648077e+01 5.263151e-02 -6.186869e-05
1.648077e+01 7.314235e-02 -8.786580e-05
1.648077e+01 1.025928e-01 -1.599329e-04
1.648077e+01 1.448116e-01 -2.368773e-04
1.648077e+01 2.023460e-01 -3.382440e-04
1.648077e+01 2.834245e-01 -5.088245e-04
1.648077e+01 3.967448e-01 -7.037791e-04
1.648077e+01 5.552783e-01 -9.556589e-04
1.648077e+01 7.774819e-01 -1.28346e-03
1.648077e+01 1.088445e+00 -1.688596e-03
1.648077e+01 1.523711e+00 -2.188732e-03
1.648077e+01 2.088426e+00 -2.636734e-03
1.648077e+01 2.685505e+00 -2.50477e-03
1.683038e+01 1.570796e-02 -6.234170e-07
1.683038e+01 2.346256e-02 -3.345545e-06
1.683038e+01 3.503514e-02 -1.885030e-05
1.683038e+01 5.263151e-02 -4.890672e-05
1.683038e+01 7.314235e-02 -6.978701e-05
1.683038e+01 1.025928e-01 -1.270177e-04
1.683038e+01 1.448116e-01 -1.882992e-04
1.683038e+01 2.023460e-01 -2.683168e-04
1.683038e+01 2.834245e-01 -4.046996e-04
1.683038e+01 3.967448e-01 -5.596964e-04
1.683038e+01 5.552783e-01 -7.660703e-04
1.683038e+01 7.774819e-01 -1.039323e-03
1.683038e+01 1.088445e+00 -1.381308e-03
1.683038e+01 1.523711e+00 -1.819306e-03
1.683038e+01 2.088426e+00 -2.207725e-03
1.683038e+01 2.685505e+00 -2.105048e-03
1.718699e+01 1.570796e-02 -5.188513e-07
1.718699e+01 2.346256e-02 -2.741343e-06
1.718699e+01 3.503514e-02 -1.427941e-05
1.718699e+01 5.263151e-02 -3.859623e-05
1.718699e+01 7.314235e-02 -5.57554e-05
1.718699e+01 1.025928e-01 -1.007924e-04
1.718699e+01 1.448116e-01 -1.485894e-04
1.718699e+01 2.023460e-01 -2.114963e-04
1.718699e+01 2.834245e-01 -3.195243e-04
1.718699e+01 3.967448e-01 -4.428365e-04
1.718699e+01 5.552783e-01 -6.112982e-04
1.718699e+01 7.774819e-01 -8.369266e-04
1.718699e+01 1.088445e+00 -1.126026e-03
1.718699e+01 1.523711e+00 -1.498186e-03
1.718699e+01 2.088426e+00 -1.836228e-03
1.718699e+01 2.685505e+00 -1.750432e-03
1.755073e+01 1.570796e-02 -4.024377e-07
1.755073e+01 2.346256e-02 -2.096331e-06
1.755073e+01 3.503514e-02 -1.099243e-05
1.755073e+01 5.263151e-02 -3.017781e-05
1.755073e+01 7.314235e-02 -4.30703e-05
1.755073e+01 1.025928e-01 -7.84001e-05
1.755073e+01 1.448116e-01 -1.15723e-04
1.755073e+01 2.023460e-01 -1.642893e-04
1.755073e+01 2.834245e-01 -2.490943e-04
1.755073e+01 3.967448e-01 -3.467291e-04
1.755073e+01 5.552783e-01 -4.809979e-04
1.755073e+01 7.774819e-01 -6.648953e-04
1.755073e+01 1.088445e+00 -9.030513e-04
1.755073e+01 1.523711e+00 -1.217705e-03
1.755073e+01 2.088426e+00 -1.502978e-03
1.755073e+01 2.685505e+00 -1.427990e-03
1.792175e+01 1.570796e-02 -3.101029e-07
1.792175e+01 2.346256e-02 -1.544437e-06
1.792175e+01 3.503514e-02 -8.309518e-06
1.792175e+01 5.263151e-02 -2.315953e-05
1.792175e+01 7.314235e-02 -3.326387e-05
1.792175e+01 1.025928e-01 -6.144377e-05
1.792175e+01 1.448116e-01 -8.940967e-05
1.792175e+01 2.023460e-01 -1.27431e-04
1.792175e+01 2.834245e-01 -1.924943e-04
1.792175e+01 3.967448e-01 -2.687709e-04
1.792175e+01 5.552783e-01 -3.761517e-04
1.792175e+01 7.774819e-01 -5.250313e-04
1.792175e+01 1.088445e+00 -7.201561e-04
1.792175e+01 1.523711e+00 -9.831167e-04
1.792175e+01 2.088426e+00 -1.220279e-03
1.792175e+01 2.685505e+00 -1.168600e-03
1.830018e+01 1.570796e-02 -2.422778e-07
1.830018e+01 2.346256e-02 -1.253111e-06
1.830018e+01 3.503514e-02 -6.479151e-06
1.830018e+01 5.263151e-02 -1.78219e-05
1.830018e+01 7.314235e-02 -2.599588e-05
1.830018e+01 1.025928e-01 -4.683803e-05
1.830018e+01 1.448116e-01 -6.862037e-05
1.830018e+01 2.023460e-01 -9.789530e-05
1.830018e+01 2.834245e-01 -1.485780e-04
1.830018e+01 3.967448e-01 -2.073275e-04
1.830018e+01 5.552783e-01 -2.926505e-04
1.830018e+01 7.774819e-01 -4.123121e-04
1.830018e+01 1.088445e+00 -5.692371e-04
1.830018e+01 1.523711e+00 -7.825740e-04
1.830018e+01 2.088426e+00 -9.782597e-04
1.830018e+01 2.685505e+00 -9.371593e-04
1.868618e+01 1.570796e-02 -1.943765e-07
1.868618e+01 2.346256e-02 -9.981076e-07
1.868618e+01 3.503514e-02 -5.035969e-06
1.868618e+01 5.263151e-02 -1.379025e-05
1.868618e+01 7.314235e-02 -1.990378e-05
1.868618e+01 1.025928e-01 -3.591292e-05
1.868618e+01 1.448116e-01 -5.269936e-05
1.868618e+01 2.023460e-01 -7.507453e-05
1.868618e+01 2.834245e-01 -1.133753e-04
1.868618e+01 3.967448e-01 -1.587222e-04
1.868618e+01 5.552783e-01 -2.258437e-04
1.868618e+01 7.774819e-01 -3.210611e-04
1.868618e+01 1.088445e+00 -4.466525e-04
1.868618e+01 1.523711e+00 -6.195846e-04
1.868618e+01 2.088426e+00 -7.73681e-04
1.868618e+01 2.685505e+00 -7.447259e-04
1.907991e+01 1.570796e-02 -1.519386e-07
1.907991e+01 2.346256e-02 -7.090926e-07
1.907991e+01 3.503514e-02 -3.806946e-06
1.907991e+01 5.263151e-02 -1.024949e-05
1.907991e+01 7.314235e-02 -1.496431e-05
1.907991e+01 1.025928e-01 -2.691381e-05
1.907991e+01 1.448116e-01 -3.962834e-05
1.907991e+01 2.023460e-01 -5.679905e-05
1.907991e+01 2.834245e-01 -8.530344e-05
1.907991e+01 3.967448e-01 -1.195381e-04
1.907991e+01 5.552783e-01 -1.712641e-04
1.907991e+01 7.774819e-01 -2.442872e-04
1.907991e+01 1.088445e+00 -3.426783e-04
1.907991e+01 1.523711e+00 -4.763429e-04
1.907991e+01 2.088426e+00 -5.989924e-04
1.907991e+01 2.685505e+00 -5.771162e-04
1.948151e+01 1.570796e-02 -1.200171e-07
1.948151e+01 2.346256e-02 -5.052693e-07
1.948151e+01 3.503514e-02 -2.840459e-06
1.948151e+01 5.263151e-02 -7.397037e-06
1.948151e+01 7.314235e-02 -1.096647e-05
1.948151e+01 1.025928e-01 -1.962621e-05
1.948151e+01 1.448116e-01 -2.921655e-05
1.948151e+01 2.023460e-01 -4.178257e-05
1.948151e+01 2.834245e-01 -6.252478e-05
1.948151e+01 3.967448e-01 -8.834601e-05
1.948151e+01 5.552783e-01 -1.272670e-04
1.948151e+01 7.774819e-01 -1.824878e-04
1.948151e+01 1.088445e+00 -2.58012e-04
1.948151e+01 1.523711e+00 -3.627368e-04
1.948151e+01 2.088426e+00 -4.581425e-04
1.948151e+01 2.685505e+00 -4.325129e-04
1.989114e+01 1.570796e-02 -8.439563e-08
1.989114e+01 2.346256e-02 -3.751092e-07
1.989114e+01 3.503514e-02 -1.998550e-06
1.989114e+01 5.263151e-02 -5.336396e-06
1.989114e+01 7.314235e-02 -7.930618e-06
1.989114e+01 1.025928e-01 -1.420045e-05
1.989114e+01 1.448116e-01 -2.121019e-05
1.989114e+01 2.023460e-01 -3.037617e-05
1.989114e+01 2.834245e-01 -4.566519e-05
1.989114e+01 3.967448e-01 -6.446327e-05
1.989114e+01 5.552783e-01 -9.341303e-05
1.989114e+01 7.774819e-01 -1.341446e-04
1.989114e+01 1.088445e+00 -1.907144e-04
1.989114e+01 1.523711e+00 -2.710984e-04
1.989114e+01 2.088426e+00 -3.435649e-04
1.989114e+01 2.685505e+00 -3.276181e-04
2.030896e+01 1.570796e-02 -5.58781e-08
2.030896e+01 2.346256e-02 -2.604525e-07
2.030896e+01 3.503514e-02 -1.480608e-06
2.030896e+01 5.263151e-02 -3.771135e-06
2.030896e+01 7.314235e-02 -5.643359e-06
2.030896e+01 1.025928e-01 -1.009701e-05
2.030896e+01 1.448116e-01 -1.519992e-05
2.030896e+01 2.023460e-01 -2.185658e-05
2.030896e+01 2.834245e-01 -3.276769e-05
2.030896e+01 3.967448e-01 -4.615249e-05
2.030896e+01 5.552783e-01 -6.772900e-05
2.030896e+01 7.774819e-01 -9.738999e-05
2.030896e+01 1.088445e+00 -1.388737e-04
2.030896e+01 1.523711e+00 -1.989793e-04
2.030896e+01 2.088426e+00 -2.530683e-04
2.030896e+01 2.685505e+00 -2.409548e-04
2.073514e+01 1.570796e-02 -3.733640e-08
2.073514e+01 2.346256e-02 -1.794888e-07
2.073514e+01 3.503514e-02 -1.034434e-06
2.073514e+01 5.263151e-02 -2.584041e-06
2.073514e+01 7.314235e-02 -3.920483e-06
2.073514e+01 1.025928e-01 -7.114585e-06
2.073514e+01 1.448116e-01 -1.062238e-05
2.073514e+01 2.023460e-01 -1.534245e-05
2.073514e+01 2.834245e-01 -2.31144e-05
2.073514e+01 3.967448e-01 -3.278417e-05
2.073514e+01 5.552783e-01 -4.805736e-05
2.073514e+01 7.774819e-01 -6.940017e-05
2.073514e+01 1.088445e+00 -9.918510e-05
2.073514e+01 1.523711e+00 -1.436224e-04
2.073514e+01 2.088426e+00 -1.823012e-04
2.073514e+01 2.685505e+00 -1.742296e-04
2.116984e+01 1.570796e-02 -2.075892e-08
2.116984e+01 2.346256e-02 -1.210379e-07
2.116984e+01 3.503514e-02 -7.23826e-07
2.116984e+01 5.263151e-02 -1.775914e-06
2.116984e+01 7.314235e-02 -2.681135e-06
2.116984e+01 1.025928e-01 -4.865021e-06
2.116984e+01 1.448116e-01 -7.304528e-06
2.116984e+01 2.023460e-01 -1.06711e-05
2.116984e+01 2.834245e-01 -1.597949e-05
2.116984e+01 3.967448e-01 -2.273145e-05
2.116984e+01 5.552783e-01 -3.361190e-05
2.116984e+01 7.774819e-01 -4.885102e-05
2.116984e+01 1.088445e+00 -7.001540e-05
2.116984e+01 1.523711e+00 -1.021854e-04
2.116984e+01 2.088426e+00 -1.305419e-04
2.116984e+01 2.685505e+00 -1.240641e-04
2.161324e+01 1.570796e-02 -1.448165e-08
2.161324e+01 2.346256e-02 -7.187640e-08
2.161324e+01 3.503514e-02 -4.705482e-07
2.161324e+01 5.263151e-02 -1.165818e-06
2.161324e+01 7.314235e-02 -1.813569e-06
2.161324e+01 1.025928e-01 -3.268476e-06
2.161324e+01 1.448116e-01 -5.054875e-06
2.161324e+01 2.023460e-01 -7.335628e-06
2.161324e+01 2.834245e-01 -1.081986e-05
2.161324e+01 3.967448e-01 -1.564483e-05
2.161324e+01 5.552783e-01 -2.305474e-05
2.161324e+01 7.774819e-01 -3.36813e-05
2.161324e+01 1.088445e+00 -4.894057e-05
2.161324e+01 1.523711e+00 -7.118907e-05
2.161324e+01 2.088426e+00 -9.139739e-05
2.161324e+01 2.685505e+00 -8.655533e-05
2.206550e+01 1.570796e-02 -1.062032e-08
2.206550e+01 2.346256e-02 -4.796834e-08
2.206550e+01 3.503514e-02 -3.096967e-07
2.206550e+01 5.263151e-02 -7.66366e-07
2.206550e+01 7.314235e-02 -1.208173e-06
2.206550e+01 1.025928e-01 -2.133913e-06
2.206550e+01 1.448116e-01 -3.378724e-06
2.206550e+01 2.023460e-01 -4.907862e-06
2.206550e+01 2.834245e-01 -7.217138e-06
2.206550e+01 3.967448e-01 -1.041938e-05
2.206550e+01 5.552783e-01 -1.548544e-05
2.206550e+01 7.774819e-01 -2.283019e-05
2.206550e+01 1.088445e+00 -3.357276e-05
2.206550e+01 1.523711e+00 -4.88844e-05
2.206550e+01 2.088426e+00 -6.309387e-05
2.206550e+01 2.685505e+00 -5.963005e-05
2.252681e+01 1.570796e-02 -8.789454e-09
2.252681e+01 2.346256e-02 -2.651539e-08
2.252681e+01 3.503514e-02 -2.314197e-07
2.252681e+01 5.263151e-02 -5.014819e-07
2.252681e+01 7.314235e-02 -7.866874e-07
2.252681e+01 1.025928e-01 -1.421276e-06
2.252681e+01 1.448116e-01 -2.219844e-06
2.252681e+01 2.023460e-01 -3.229676e-06
2.252681e+01 2.834245e-01 -4.874146e-06
2.252681e+01 3.967448e-01 -6.978336e-06
2.252681e+01 5.552783e-01 -1.033787e-05
2.252681e+01 7.774819e-01 -1.535734e-05
2.252681e+01 1.088445e+00 -2.259298e-05
2.252681e+01 1.523711e+00 -3.320948e-05
2.252681e+01 2.088426e+00 -4.251926e-05
2.252681e+01 2.685505e+00 -3.886915e-05
2.299735e+01 1.570796e-02 -6.021225e-09
2.299735e+01 2.346256e-02 -1.516913e-08
2.299735e+01 3.503514e-02 -1.607186e-07
2.299735e+01 5.263151e-02 -3.020271e-07
2.299735e+01 7.314235e-02 -4.753349e-07
2.299735e+01 1.025928e-01 -8.856049e-07
2.299735e+01 1.448116e-01 -1.385682e-06
2.299735e+01 2.023460e-01 -1.972601e-06
2.299735e+01 2.834245e-01 -3.110435e-06
2.299735e+01 3.967448e-01 -4.404637e-06
2.299735e+01 5.552783e-01 -6.666782e-06
2.299735e+01 7.774819e-01 -9.803652e-06
2.299735e+01 1.088445e+00 -1.449617e-05
2.299735e+01 1.523711e+00 -2.139207e-05
2.299735e+01 2.088426e+00 -2.784085e-05
2.299735e+01 2.685505e+00 -2.62665e-05
2.34773e+01 1.570796e-02 -4.512951e-09
2.34773e+01 2.346256e-02 -2.575062e-09
2.34773e+01 3.503514e-02 -1.034109e-07
2.34773e+01 5.263151e-02 -1.943787e-07
2.34773e+01 7.314235e-02 -2.931958e-07
2.34773e+01 1.025928e-01 -5.356193e-07
2.34773e+01 1.448116e-01 -8.696741e-07
2.34773e+01 2.023460e-01 -1.205213e-06
2.34773e+01 2.834245e-01 -1.943242e-06
2.34773e+01 3.967448e-01 -2.772260e-06
2.34773e+01 5.552783e-01 -4.189538e-06
2.34773e+01 7.774819e-01 -6.257908e-06
2.34773e+01 1.088445e+00 -9.348936e-06
2.34773e+01 1.523711e+00 -1.378937e-05
2.34773e+01 2.088426e+00 -1.771280e-05
2.34773e+01 2.685505e+00 -1.684160e-05
2.396684e+01 1.570796e-02 1.173828e-10
2.396684e+01 2.346256e-02 4.818831e-10
2.396684e+01 3.503514e-02 2.614660e-09
2.396684e+01 5.263151e-02 5.843335e-09
2.396684e+01 7.314235e-02 8.62519e-09
2.396684e+01 1.025928e-01 1.660319e-08
2.396684e+01 1.448116e-01 2.383421e-08
2.396684e+01 2.023460e-01 3.382532e-08
2.396684e+01 2.834245e-01 5.060154e-08
2.396684e+01 3.967448e-01 7.3532e-08
2.396684e+01 5.552783e-01 1.038296e-07
2.396684e+01 7.774819e-01 1.363548e-07
2.396684e+01 1.088445e+00 1.531565e-07
2.396684e+01 1.523711e+00 1.374912e-07
2.396684e+01 2.088426e+00 9.388928e-08
2.396684e+01 2.685505e+00 4.34228e-08
2.446618e+01 1.570796e-02 1.094535e-10
2.446618e+01 2.346256e-02 4.499181e-10
2.446618e+01 3.503514e-02 2.442363e-09
2.446618e+01 5.263151e-02 5.457080e-09
2.446618e+01 7.314235e-02 8.053980e-09
2.446618e+01 1.025928e-01 1.552269e-08
2.446618e+01 1.448116e-01 2.227671e-08
2.446618e+01 2.023460e-01 3.168675e-08
2.446618e+01 2.834245e-01 4.764756e-08
2.446618e+01 3.967448e-01 6.970828e-08
2.446618e+01 5.552783e-01 9.908387e-08
2.446618e+01 7.774819e-01 1.308649e-07
2.446618e+01 1.088445e+00 1.480256e-07
2.446618e+01 1.523711e+00 1.348814e-07
2.446618e+01 2.088426e+00 9.401938e-08
2.446618e+01 2.685505e+00 4.405802e-08
2.497550e+01 1.570796e-02 1.016912e-10
2.497550e+01 2.346256e-02 4.187839e-10
2.497550e+01 3.503514e-02 2.271751e-09
2.497550e+01 5.263151e-02 5.075670e-09
2.497550e+01 7.314235e-02 7.491053e-09
2.497550e+01 1.025928e-01 1.445442e-08
2.497550e+01 1.448116e-01 2.074614e-08
2.497550e+01 2.023460e-01 2.958661e-08
2.497550e+01 2.834245e-01 4.472804e-08
2.497550e+01 3.967448e-01 6.586662e-08
2.497550e+01 5.552783e-01 9.421260e-08
2.497550e+01 7.774819e-01 1.251288e-07
2.497550e+01 1.088445e+00 1.426653e-07
2.497550e+01 1.523711e+00 1.319831e-07
2.497550e+01 2.088426e+00 9.398606e-08
2.497550e+01 2.685505e+00 4.482912e-08
2.549501e+01 1.570796e-02 9.411465e-11
2.549501e+01 2.346256e-02 3.881870e-10
2.549501e+01 3.503514e-02 2.103113e-09
2.549501e+01 5.263151e-02 4.700785e-09
2.549501e+01 7.314235e-02 6.938564e-09
2.549501e+01 1.025928e-01 1.340631e-08
2.549501e+01 1.448116e-01 1.924339e-08
2.549501e+01 2.023460e-01 2.751568e-08
2.549501e+01 2.834245e-01 4.184157e-08
2.549501e+01 3.967448e-01 6.200920e-08
2.549501e+01 5.552783e-01 8.923913e-08
2.549501e+01 7.774819e-01 1.191897e-07
2.549501e+01 1.088445e+00 1.369352e-07
2.549501e+01 1.523711e+00 1.288135e-07
2.549501e+01 2.088426e+00 9.385847e-08
2.549501e+01 2.685505e+00 4.567428e-08
2.602491e+01 1.570796e-02 8.660001e-11
2.602491e+01 2.346256e-02 3.579233e-10
2.602491e+01 3.503514e-02 1.938844e-09
2.602491e+01 5.263151e-02 4.33456e-09
2.602491e+01 7.314235e-02 6.397955e-09
2.602491e+01 1.025928e-01 1.238046e-08
2.602491e+01 1.448116e-01 1.777171e-08
2.602491e+01 2.023460e-01 2.548911e-08
2.602491e+01 2.834245e-01 3.899586e-08
2.602491e+01 3.967448e-01 5.813639e-08
2.602491e+01 5.552783e-01 8.416274e-08
2.602491e+01 7.774819e-01 1.130234e-07
2.602491e+01 1.088445e+00 1.309618e-07
2.602491e+01 1.523711e+00 1.253904e-07
2.602491e+01 2.088426e+00 9.379434e-08
2.602491e+01 2.685505e+00 4.691286e-08
2.656541e+01 1.570796e-02 7.938497e-11
2.656541e+01 2.346256e-02 3.287406e-10
2.656541e+01 3.503514e-02 1.778043e-09
2.656541e+01 5.263151e-02 3.977267e-09
2.656541e+01 7.314235e-02 5.871584e-09
2.656541e+01 1.025928e-01 1.138008e-08
2.656541e+01 1.448116e-01 1.633959e-08
2.656541e+01 2.023460e-01 2.350560e-08
2.656541e+01 2.834245e-01 3.617615e-08
2.656541e+01 3.967448e-01 5.425936e-08
2.656541e+01 5.552783e-01 7.900102e-08
2.656541e+01 7.774819e-01 1.066082e-07
2.656541e+01 1.088445e+00 1.246850e-07
2.656541e+01 1.523711e+00 1.215656e-07
2.656541e+01 2.088426e+00 9.344815e-08
2.656541e+01 2.685505e+00 4.828859e-08
2.711672e+01 1.570796e-02 7.23008e-11
2.711672e+01 2.346256e-02 3.002583e-10
2.711672e+01 3.503514e-02 1.621700e-09
2.711672e+01 5.263151e-02 3.628252e-09
2.711672e+01 7.314235e-02 5.357738e-09
2.711672e+01 1.025928e-01 1.040747e-08
2.711672e+01 1.448116e-01 1.494224e-08
2.711672e+01 2.023460e-01 2.156338e-08
2.711672e+01 2.834245e-01 3.339613e-08
2.711672e+01 3.967448e-01 5.036038e-08
2.711672e+01 5.552783e-01 7.372357e-08
2.711672e+01 7.774819e-01 1.000208e-07
2.711672e+01 1.088445e+00 1.181058e-07
2.711672e+01 1.523711e+00 1.174050e-07
2.711672e+01 2.088426e+00 9.289186e-08
2.711672e+01 2.685505e+00 4.997273e-08
2.767905e+01 1.570796e-02 6.539094e-11
2.767905e+01 2.346256e-02 2.722107e-10
2.767905e+01 3.503514e-02 1.469377e-09
2.767905e+01 5.263151e-02 3.289093e-09
2.767905e+01 7.314235e-02 4.857253e-09
2.767905e+01 1.025928e-01 9.454918e-09
2.767905e+01 1.448116e-01 1.358021e-08
2.767905e+01 2.023460e-01 1.965814e-08
2.767905e+01 2.834245e-01 3.063820e-08
2.767905e+01 3.967448e-01 4.643928e-08
2.767905e+01 5.552783e-01 6.831828e-08
2.767905e+01 7.774819e-01 9.324081e-08
2.767905e+01 1.088445e+00 1.111527e-07
2.767905e+01 1.523711e+00 1.127406e-07
2.767905e+01 2.088426e+00 9.220241e-08
2.767905e+01 2.685505e+00 5.191004e-08
2.825263e+01 1.570796e-02 5.867523e-11
2.825263e+01 2.346256e-02 2.449057e-10
2.825263e+01 3.503514e-02 1.320993e-09
2.825263e+01 5.263151e-02 2.959258e-09
2.825263e+01 7.314235e-02 4.371373e-09
2.825263e+01 1.025928e-01 8.527609e-09
2.825263e+01 1.448116e-01 1.224948e-08
2.825263e+01 2.023460e-01 1.779204e-08
2.825263e+01 2.834245e-01 2.790211e-08
2.825263e+01 3.967448e-01 4.248617e-08
2.825263e+01 5.552783e-01 6.284123e-08
2.825263e+01 7.774819e-01 8.618493e-08
2.825263e+01 1.088445e+00 1.037925e-07
2.825263e+01 1.523711e+00 1.076764e-07
2.825263e+01 2.088426e+00 9.106985e-08
2.825263e+01 2.685505e+00 5.423712e-08
2.883769e+01 1.570796e-02 5.217951e-11
2.883769e+01 2.346256e-02 2.184448e-10
2.883769e+01 3.503514e-02 1.176764e-09
2.883769e+01 5.263151e-02 2.63852e-09
2.883769e+01 7.314235e-02 3.897836e-09
2.883769e+01 1.025928e-01 7.622198e-09
2.883769e+01 1.448116e-01 1.095454e-08
2.883769e+01 2.023460e-01 1.596260e-08
2.883769e+01 2.834245e-01 2.517694e-08
2.883769e+01 3.967448e-01 3.850610e-08
2.883769e+01 5.552783e-01 5.724368e-08
2.883769e+01 7.774819e-01 7.891952e-08
2.883769e+01 1.088445e+00 9.606856e-08
2.883769e+01 1.523711e+00 1.019203e-07
2.883769e+01 2.088426e+00 8.947581e-08
2.883769e+01 2.685505e+00 5.673578e-08
2.943444e+01 1.570796e-02 4.590318e-11
2.943444e+01 2.346256e-02 1.92699e-10
2.943444e+01 3.503514e-02 1.036700e-09
2.943444e+01 5.263151e-02 2.326421e-09
2.943444e+01 7.314235e-02 3.43614e-09
2.943444e+01 1.025928e-01 6.737655e-09
2.943444e+01 1.448116e-01 9.686423e-09
2.943444e+01 2.023460e-01 1.416536e-08
2.943444e+01 2.834245e-01 2.247180e-08
2.943444e+01 3.967448e-01 3.448555e-08
2.943444e+01 5.552783e-01 5.151466e-08
2.943444e+01 7.774819e-01 7.142595e-08
2.943444e+01 1.088445e+00 8.793760e-08
2.943444e+01 1.523711e+00 9.551882e-08
2.943444e+01 2.088426e+00 8.727113e-08
2.943444e+01 2.685505e+00 5.928842e-08
3.004313e+01 1.570796e-02 3.976100e-11
3.004313e+01 2.346256e-02 1.674885e-10
3.004313e+01 3.503514e-02 9.005849e-10
3.004313e+01 5.263151e-02 2.023657e-09
3.004313e+01 7.314235e-02 2.989075e-09
3.004313e+01 1.025928e-01 5.874184e-09
3.004313e+01 1.448116e-01 8.451111e-09
3.004313e+01 2.023460e-01 1.23995e-08
3.004313e+01 2.834245e-01 1.978077e-08
3.004313e+01 3.967448e-01 3.044931e-08
3.004313e+01 5.552783e-01 4.566852e-08
3.004313e+01 7.774819e-01 6.366912e-08
3.004313e+01 1.088445e+00 7.934219e-08
3.004313e+01 1.523711e+00 8.829248e-08
3.004313e+01 2.088426e+00 8.411285e-08
3.004313e+01 2.685505e+00 6.133566e-08
3.066399e+01 1.570796e-02 3.386458e-11
3.066399e+01 2.346256e-02 1.429046e-10
3.066399e+01 3.503514e-02 7.683890e-10
3.066399e+01 5.263151e-02 1.728689e-09
3.066399e+01 7.314235e-02 2.553060e-09
3.066399e+01 1.025928e-01 5.029314e-09
3.066399e+01 1.448116e-01 7.241857e-09
3.066399e+01 2.023460e-01 1.066259e-08
3.066399e+01 2.834245e-01 1.710481e-08
3.066399e+01 3.967448e-01 2.639111e-08
3.066399e+01 5.552783e-01 3.974601e-08
3.066399e+01 7.774819e-01 5.57049e-08
3.066399e+01 1.088445e+00 7.024302e-08
3.066399e+01 1.523711e+00 8.014251e-08
3.066399e+01 2.088426e+00 7.987042e-08
3.066399e+01 2.685505e+00 6.297821e-08
3.129727e+01 1.570796e-02 2.809424e-11
3.129727e+01 2.346256e-02 1.191015e-10
3.129727e+01 3.503514e-02 6.399548e-10
3.129727e+01 5.263151e-02 1.441777e-09
3.129727e+01 7.314235e-02 2.128688e-09
3.129727e+01 1.025928e-01 4.203188e-09
3.129727e+01 1.448116e-01 6.059486e-09
3.129727e+01 2.023460e-01 8.950808e-09
3.129727e+01 2.834245e-01 1.443343e-08
3.129727e+01 3.967448e-01 2.232136e-08
3.129727e+01 5.552783e-01 3.372012e-08
3.129727e+01 7.774819e-01 4.750894e-08
3.129727e+01 1.088445e+00 6.065173e-08
3.129727e+01 1.523711e+00 7.106103e-08
3.129727e+01 2.088426e+00 7.423114e-08
3.129727e+01 2.685505e+00 6.317964e-08
3.194322e+01 1.570796e-02 2.254505e-11
3.194322e+01 2.346256e-02 9.575368e-11
3.194322e+01 3.503514e-02 5.149116e-10
3.194322e+01 5.263151e-02 1.162464e-09
3.194322e+01 7.314235e-02 1.715768e-09
3.194322e+01 1.025928e-01 3.396247e-09
3.194322e+01 1.448116e-01 4.90314e-09
3.194322e+01 2.023460e-01 7.26397e-09
3.194322e+01 2.834245e-01 1.177176e-08
3.194322e+01 3.967448e-01 1.823864e-08
3.194322e+01 5.552783e-01 2.762395e-08
3.194322e+01 7.774819e-01 3.912309e-08
3.194322e+01 1.088445e+00 5.054546e-08
3.194322e+01 1.523711e+00 6.090543e-08
3.194322e+01 2.088426e+00 6.675309e-08
3.194322e+01 2.685505e+00 6.173816e-08
3.260208e+01 1.570796e-02 1.719050e-11
3.260208e+01 2.346256e-02 7.319177e-11
3.260208e+01 3.503514e-02 3.938471e-10
3.260208e+01 5.263151e-02 8.902958e-10
3.260208e+01 7.314235e-02 1.313821e-09
3.260208e+01 1.025928e-01 2.607126e-09
3.260208e+01 1.448116e-01 3.769568e-09
3.260208e+01 2.023460e-01 5.599559e-09
3.260208e+01 2.834245e-01 9.120653e-09
3.260208e+01 3.967448e-01 1.414362e-08
3.260208e+01 5.552783e-01 2.147559e-08
3.260208e+01 7.774819e-01 3.056886e-08
3.260208e+01 1.088445e+00 3.997345e-08
3.260208e+01 1.523711e+00 4.950706e-08
3.260208e+01 2.088426e+00 5.712753e-08
3.260208e+01 2.685505e+00 5.733359e-08
3.327412e+01 1.570796e-02 1.200531e-11
3.327412e+01 2.346256e-02 5.129872e-11
3.327412e+01 3.503514e-02 2.760920e-10
3.327412e+01 5.263151e-02 6.253324e-10
3.327412e+01 7.314235e-02 9.221944e-10
3.327412e+01 1.025928e-01 1.834689e-09
3.327412e+01 1.448116e-01 2.656710e-09
3.327412e+01 2.023460e-01 3.958764e-09
3.327412e+01 2.834245e-01 6.47785e-09
3.327412e+01 3.967448e-01 1.004962e-08
3.327412e+01 5.552783e-01 1.52927e-08
3.327412e+01 7.774819e-01 2.187609e-08
3.327412e+01 1.088445e+00 2.895986e-08
3.327412e+01 1.523711e+00 3.688955e-08
3.327412e+01 2.088426e+00 4.485482e-08
3.327412e+01 2.685505e+00 4.873488e-08
3.395961e+01 1.570796e-02 7.199290e-12
3.395961e+01 2.346256e-02 3.076848e-11
3.395961e+01 3.503514e-02 1.662620e-10
3.395961e+01 5.263151e-02 3.772149e-10
3.395961e+01 7.314235e-02 5.560912e-10
3.395961e+01 1.025928e-01 1.107232e-09
3.395961e+01 1.448116e-01 1.604951e-09
3.395961e+01 2.023460e-01 2.390006e-09
3.395961e+01 2.834245e-01 3.912967e-09
3.395961e+01 3.967448e-01 6.042838e-09
3.395961e+01 5.552783e-01 9.172066e-09
3.395961e+01 7.774819e-01 1.312382e-08
3.395961e+01 1.088445e+00 1.753043e-08
3.395961e+01 1.523711e+00 2.290876e-08
3.395961e+01 2.088426e+00 2.927789e-08
3.395961e+01 2.685505e+00 3.406983e-08
3.46588e+01 1.570796e-02 2.40965e-12
3.46588e+01 2.346256e-02 8.961282e-12
3.46588e+01 3.503514e-02 5.165972e-11
3.46588e+01 5.263151e-02 1.206909e-10
3.46588e+01 7.314235e-02 1.783577e-10
3.46588e+01 1.025928e-01 3.490566e-10
3.46588e+01 1.448116e-01 5.10131e-10
3.46588e+01 2.023460e-01 7.652765e-10
3.46588e+01 2.834245e-01 1.26751e-09
3.46588e+01 3.967448e-01 1.964077e-09
3.46588e+01 5.552783e-01 2.994903e-09
3.46588e+01 7.774819e-01 4.301175e-09
3.46588e+01 1.088445e+00 5.815082e-09
3.46588e+01 1.523711e+00 7.760081e-09
3.46588e+01 2.088426e+00 1.037267e-08
3.46588e+01 2.685505e+00 1.291621e-08
3.537197e+01 1.570796e-02 0.e+00
3.537197e+01 2.346256e-02 0.e+00
3.537197e+01 3.503514e-02 0.e+00
3.537197e+01 5.263151e-02 0.e+00
3.537197e+01 7.314235e-02 0.e+00
3.537197e+01 1.025928e-01 0.e+00
3.537197e+01 1.448116e-01 0.e+00
3.537197e+01 2.023460e-01 0.e+00
3.537197e+01 2.834245e-01 0.e+00
3.537197e+01 3.967448e-01 0.e+00
3.537197e+01 5.552783e-01 0.e+00
3.537197e+01 7.774819e-01 0.e+00
3.537197e+01 1.088445e+00 0.e+00
3.537197e+01 1.523711e+00 0.e+00
3.537197e+01 2.088426e+00 0.e+00
3.537197e+01 2.685505e+00 0.e+00
