5.e+00 1.570796e-02 -5.945392e-05
5.e+00 2.346256e-02 -4.183356e-05
5.e+00 3.503514e-02 -7.443637e-05
5.e+00 5.263151e-02 -4.562487e-05
5.e+00 7.314235e-02 -1.207190e-04
5.e+00 1.025928e-01 -1.900927e-05
5.e+00 1.448116e-01 -1.259002e-04
5.e+00 2.023460e-01 -6.297038e-05
5.e+00 2.834245e-01 -8.379185e-05
5.e+00 3.967448e-01 -3.494801e-05
5.e+00 5.552783e-01 -4.276808e-05
5.e+00 7.774819e-01 -4.704739e-05
5.e+00 1.088445e+00 -4.465651e-05
5.e+00 1.523711e+00 -3.747475e-05
5.e+00 2.088426e+00 -4.619941e-05
5.e+00 2.685505e+00 -5.682164e-05
5.12e+00 1.570796e-02 -2.067913e-04
5.12e+00 2.346256e-02 -1.662519e-04
5.12e+00 3.503514e-02 -2.656244e-04
5.12e+00 5.263151e-02 -3.956297e-04
5.12e+00 7.314235e-02 -4.929427e-04
5.12e+00 1.025928e-01 -2.863739e-04
5.12e+00 1.448116e-01 -3.513194e-04
5.12e+00 2.023460e-01 -3.972503e-04
5.12e+00 2.834245e-01 -4.919967e-04
5.12e+00 3.967448e-01 -2.922831e-04
5.12e+00 5.552783e-01 -2.721937e-04
5.12e+00 7.774819e-01 -2.567367e-04
5.12e+00 1.088445e+00 -2.302700e-04
5.12e+00 1.523711e+00 -2.237041e-04
5.12e+00 2.088426e+00 -2.698803e-04
5.12e+00 2.685505e+00 -3.131268e-04
5.2424e+00 1.570796e-02 -4.525580e-04
5.2424e+00 2.346256e-02 -4.569542e-04
5.2424e+00 3.503514e-02 -7.47295e-04
5.2424e+00 5.263151e-02 -1.294871e-03
5.2424e+00 7.314235e-02 -1.648907e-03
5.2424e+00 1.025928e-01 -1.339786e-03
5.2424e+00 1.448116e-01 -1.684451e-03
5.2424e+00 2.023460e-01 -1.569177e-03
5.2424e+00 2.834245e-01 -1.571969e-03
5.2424e+00 3.967448e-01 -1.163694e-03
5.2424e+00 5.552783e-01 -1.018039e-03
5.2424e+00 7.774819e-01 -9.325024e-04
5.2424e+00 1.088445e+00 -8.328585e-04
5.2424e+00 1.523711e+00 -8.112267e-04
5.2424e+00 2.088426e+00 -9.497369e-04
5.2424e+00 2.685505e+00 -1.137048e-03
5.367248e+00 1.570796e-02 -7.271682e-04
5.367248e+00 2.346256e-02 -1.125512e-03
5.367248e+00 3.503514e-02 -1.714503e-03
5.367248e+00 5.263151e-02 -2.814289e-03
5.367248e+00 7.314235e-02 -4.458283e-03
5.367248e+00 1.025928e-01 -3.180315e-03
5.367248e+00 1.448116e-01 -3.988307e-03
5.367248e+00 2.023460e-01 -3.830781e-03
5.367248e+00 2.834245e-01 -3.801722e-03
5.367248e+00 3.967448e-01 -3.012002e-03
5.367248e+00 5.552783e-01 -2.724898e-03
5.367248e+00 7.774819e-01 -2.379490e-03
5.367248e+00 1.088445e+00 -2.103423e-03
5.367248e+00 1.523711e+00 -2.053897e-03
5.367248e+00 2.088426e+00 -2.358564e-03
5.367248e+00 2.685505e+00 -2.780479e-03
5.494593e+00 1.570796e-02 -8.214085e-04
5.494593e+00 2.346256e-02 -1.771034e-03
5.494593e+00 3.503514e-02 -3.068380e-03
5.494593e+00 5.263151e-02 -4.507067e-03
5.494593e+00 7.314235e-02 -7.507024e-03
5.494593e+00 1.025928e-01 -6.053315e-03
5.494593e+00 1.448116e-01 -6.953043e-03
5.494593e+00 2.023460e-01 -7.252172e-03
5.494593e+00 2.834245e-01 -6.812486e-03
5.494593e+00 3.967448e-01 -5.75836e-03
5.494593e+00 5.552783e-01 -5.217357e-03
5.494593e+00 7.774819e-01 -4.486137e-03
5.494593e+00 1.088445e+00 -3.911007e-03
5.494593e+00 1.523711e+00 -3.739837e-03
5.494593e+00 2.088426e+00 -4.271155e-03
5.494593e+00 2.685505e+00 -4.966876e-03
5.624485e+00 1.570796e-02 -8.906171e-04
5.624485e+00 2.346256e-02 -2.217479e-03
5.624485e+00 3.503514e-02 -4.158214e-03
5.624485e+00 5.263151e-02 -6.305872e-03
5.624485e+00 7.314235e-02 -1.056281e-02
5.624485e+00 1.025928e-01 -9.667132e-03
5.624485e+00 1.448116e-01 -1.129768e-02
5.624485e+00 2.023460e-01 -1.157203e-02
5.624485e+00 2.834245e-01 -1.120777e-02
5.624485e+00 3.967448e-01 -9.510351e-03
5.624485e+00 5.552783e-01 -8.482892e-03
5.624485e+00 7.774819e-01 -7.387155e-03
5.624485e+00 1.088445e+00 -6.304515e-03
5.624485e+00 1.523711e+00 -5.960585e-03
5.624485e+00 2.088426e+00 -6.713461e-03
5.624485e+00 2.685505e+00 -7.854836e-03
5.756975e+00 1.570796e-02 -9.188196e-04
5.756975e+00 2.346256e-02 -2.405787e-03
5.756975e+00 3.503514e-02 -4.854923e-03
5.756975e+00 5.263151e-02 -7.788015e-03
5.756975e+00 7.314235e-02 -1.339856e-02
5.756975e+00 1.025928e-01 -1.364914e-02
5.756975e+00 1.448116e-01 -1.628978e-02
5.756975e+00 2.023460e-01 -1.664673e-02
5.756975e+00 2.834245e-01 -1.624382e-02
5.756975e+00 3.967448e-01 -1.402046e-02
5.756975e+00 5.552783e-01 -1.267332e-02
5.756975e+00 7.774819e-01 -1.085478e-02
5.756975e+00 1.088445e+00 -9.309844e-03
5.756975e+00 1.523711e+00 -8.642932e-03
5.756975e+00 2.088426e+00 -9.667194e-03
5.756975e+00 2.685505e+00 -1.10529e-02
5.892114e+00 1.570796e-02 -9.490065e-04
5.892114e+00 2.346256e-02 -2.345122e-03
5.892114e+00 3.503514e-02 -5.147051e-03
5.892114e+00 5.263151e-02 -8.841546e-03
5.892114e+00 7.314235e-02 -1.527489e-02
5.892114e+00 1.025928e-01 -1.706533e-02
5.892114e+00 1.448116e-01 -2.084515e-02
5.892114e+00 2.023460e-01 -2.160541e-02
5.892114e+00 2.834245e-01 -2.126832e-02
5.892114e+00 3.967448e-01 -1.880964e-02
5.892114e+00 5.552783e-01 -1.707856e-02
5.892114e+00 7.774819e-01 -1.460390e-02
5.892114e+00 1.088445e+00 -1.251971e-02
5.892114e+00 1.523711e+00 -1.146691e-02
5.892114e+00 2.088426e+00 -1.273567e-02
5.892114e+00 2.685505e+00 -1.450453e-02
6.029956e+00 1.570796e-02 -9.503213e-04
6.029956e+00 2.346256e-02 -2.222278e-03
6.029956e+00 3.503514e-02 -5.0999e-03
6.029956e+00 5.263151e-02 -9.101473e-03
6.029956e+00 7.314235e-02 -1.640648e-02
6.029956e+00 1.025928e-01 -1.965083e-02
6.029956e+00 1.448116e-01 -2.536231e-02
6.029956e+00 2.023460e-01 -2.632265e-02
6.029956e+00 2.834245e-01 -2.617129e-02
6.029956e+00 3.967448e-01 -2.373275e-02
6.029956e+00 5.552783e-01 -2.155858e-02
6.029956e+00 7.774819e-01 -1.854313e-02
6.029956e+00 1.088445e+00 -1.572973e-02
6.029956e+00 1.523711e+00 -1.439389e-02
6.029956e+00 2.088426e+00 -1.569233e-02
6.029956e+00 2.685505e+00 -1.769052e-02
6.170555e+00 1.570796e-02 -8.896986e-04
6.170555e+00 2.346256e-02 -2.128069e-03
6.170555e+00 3.503514e-02 -4.817602e-03
6.170555e+00 5.263151e-02 -8.951623e-03
6.170555e+00 7.314235e-02 -1.670763e-02
6.170555e+00 1.025928e-01 -2.123827e-02
6.170555e+00 1.448116e-01 -2.838646e-02
6.170555e+00 2.023460e-01 -3.028567e-02
6.170555e+00 2.834245e-01 -3.055972e-02
6.170555e+00 3.967448e-01 -2.831057e-02
6.170555e+00 5.552783e-01 -2.577255e-02
6.170555e+00 7.774819e-01 -2.221193e-02
6.170555e+00 1.088445e+00 -1.890207e-02
6.170555e+00 1.523711e+00 -1.707375e-02
6.170555e+00 2.088426e+00 -1.839131e-02
6.170555e+00 2.685505e+00 -2.046794e-02
6.313967e+00 1.570796e-02 -8.182204e-04
6.313967e+00 2.346256e-02 -1.971405e-03
6.313967e+00 3.503514e-02 -4.559506e-03
6.313967e+00 5.263151e-02 -8.660468e-03
6.313967e+00 7.314235e-02 -1.640348e-02
6.313967e+00 1.025928e-01 -2.194016e-02
6.313967e+00 1.448116e-01 -3.013447e-02
6.313967e+00 2.023460e-01 -3.321754e-02
6.313967e+00 2.834245e-01 -3.401619e-02
6.313967e+00 3.967448e-01 -3.207742e-02
6.313967e+00 5.552783e-01 -2.954397e-02
6.313967e+00 7.774819e-01 -2.557643e-02
6.313967e+00 1.088445e+00 -2.168839e-02
6.313967e+00 1.523711e+00 -1.947273e-02
6.313967e+00 2.088426e+00 -2.069920e-02
6.313967e+00 2.685505e+00 -2.275276e-02
6.460246e+00 1.570796e-02 -7.387774e-04
6.460246e+00 2.346256e-02 -1.80994e-03
6.460246e+00 3.503514e-02 -4.203436e-03
6.460246e+00 5.263151e-02 -8.139047e-03
6.460246e+00 7.314235e-02 -1.563357e-02
6.460246e+00 1.025928e-01 -2.179184e-02
6.460246e+00 1.448116e-01 -3.089636e-02
6.460246e+00 2.023460e-01 -3.503269e-02
6.460246e+00 2.834245e-01 -3.660348e-02
6.460246e+00 3.967448e-01 -3.528161e-02
6.460246e+00 5.552783e-01 -3.277719e-02
6.460246e+00 7.774819e-01 -2.855552e-02
6.460246e+00 1.088445e+00 -2.421148e-02
6.460246e+00 1.523711e+00 -2.160146e-02
6.460246e+00 2.088426e+00 -2.283907e-02
6.460246e+00 2.685505e+00 -2.473543e-02
6.609451e+00 1.570796e-02 -6.769598e-04
6.609451e+00 2.346256e-02 -1.689512e-03
6.609451e+00 3.503514e-02 -3.792871e-03
6.609451e+00 5.263151e-02 -7.485698e-03
6.609451e+00 7.314235e-02 -1.460521e-02
6.609451e+00 1.025928e-01 -2.098979e-02
6.609451e+00 1.448116e-01 -3.072124e-02
6.609451e+00 2.023460e-01 -3.577875e-02
6.609451e+00 2.834245e-01 -3.823514e-02
6.609451e+00 3.967448e-01 -3.762295e-02
6.609451e+00 5.552783e-01 -3.533977e-02
6.609451e+00 7.774819e-01 -3.103623e-02
6.609451e+00 1.088445e+00 -2.63247e-02
6.609451e+00 1.523711e+00 -2.34298e-02
6.609451e+00 2.088426e+00 -2.451834e-02
6.609451e+00 2.685505e+00 -2.64129e-02
6.76164e+00 1.570796e-02 -6.19579e-04
6.76164e+00 2.346256e-02 -1.546803e-03
6.76164e+00 3.503514e-02 -3.368785e-03
6.76164e+00 5.263151e-02 -6.832277e-03
6.76164e+00 7.314235e-02 -1.349833e-02
6.76164e+00 1.025928e-01 -1.979046e-02
6.76164e+00 1.448116e-01 -2.985937e-02
6.76164e+00 2.023460e-01 -3.568775e-02
6.76164e+00 2.834245e-01 -3.910854e-02
6.76164e+00 3.967448e-01 -3.918394e-02
6.76164e+00 5.552783e-01 -3.72108e-02
6.76164e+00 7.774819e-01 -3.302464e-02
6.76164e+00 1.088445e+00 -2.808741e-02
6.76164e+00 1.523711e+00 -2.489635e-02
6.76164e+00 2.088426e+00 -2.587493e-02
6.76164e+00 2.685505e+00 -2.758382e-02
6.916873e+00 1.570796e-02 -5.661591e-04
6.916873e+00 2.346256e-02 -1.408073e-03
6.916873e+00 3.503514e-02 -2.989930e-03
6.916873e+00 5.263151e-02 -6.196262e-03
6.916873e+00 7.314235e-02 -1.233303e-02
6.916873e+00 1.025928e-01 -1.847351e-02
6.916873e+00 1.448116e-01 -2.842418e-02
6.916873e+00 2.023460e-01 -3.489837e-02
6.916873e+00 2.834245e-01 -3.922663e-02
6.916873e+00 3.967448e-01 -4.002598e-02
6.916873e+00 5.552783e-01 -3.853827e-02
6.916873e+00 7.774819e-01 -3.447874e-02
6.916873e+00 1.088445e+00 -2.944581e-02
6.916873e+00 1.523711e+00 -2.615374e-02
6.916873e+00 2.088426e+00 -2.693957e-02
6.916873e+00 2.685505e+00 -2.867104e-02
7.075210e+00 1.570796e-02 -5.13659e-04
7.075210e+00 2.346256e-02 -1.294261e-03
7.075210e+00 3.503514e-02 -2.676481e-03
7.075210e+00 5.263151e-02 -5.597549e-03
7.075210e+00 7.314235e-02 -1.119565e-02
7.075210e+00 1.025928e-01 -1.694985e-02
7.075210e+00 1.448116e-01 -2.655124e-02
7.075210e+00 2.023460e-01 -3.348332e-02
7.075210e+00 2.834245e-01 -3.864144e-02
7.075210e+00 3.967448e-01 -4.021397e-02
7.075210e+00 5.552783e-01 -3.926605e-02
7.075210e+00 7.774819e-01 -3.547881e-02
7.075210e+00 1.088445e+00 -3.046484e-02
7.075210e+00 1.523711e+00 -2.703458e-02
7.075210e+00 2.088426e+00 -2.787607e-02
7.075210e+00 2.685505e+00 -2.929542e-02
7.236714e+00 1.570796e-02 -4.594459e-04
7.236714e+00 2.346256e-02 -1.176592e-03
7.236714e+00 3.503514e-02 -2.409836e-03
7.236714e+00 5.263151e-02 -5.048596e-03
7.236714e+00 7.314235e-02 -1.009538e-02
7.236714e+00 1.025928e-01 -1.537285e-02
7.236714e+00 1.448116e-01 -2.446182e-02
7.236714e+00 2.023460e-01 -3.165132e-02
7.236714e+00 2.834245e-01 -3.749541e-02
7.236714e+00 3.967448e-01 -3.982203e-02
7.236714e+00 5.552783e-01 -3.946662e-02
7.236714e+00 7.774819e-01 -3.603473e-02
7.236714e+00 1.088445e+00 -3.109505e-02
7.236714e+00 1.523711e+00 -2.771145e-02
7.236714e+00 2.088426e+00 -2.852367e-02
7.236714e+00 2.685505e+00 -2.972456e-02
7.401449e+00 1.570796e-02 -4.049270e-04
7.401449e+00 2.346256e-02 -1.062556e-03
7.401449e+00 3.503514e-02 -2.159657e-03
7.401449e+00 5.263151e-02 -4.536514e-03
7.401449e+00 7.314235e-02 -9.061874e-03
7.401449e+00 1.025928e-01 -1.381440e-02
7.401449e+00 1.448116e-01 -2.234039e-02
7.401449e+00 2.023460e-01 -2.957233e-02
7.401449e+00 2.834245e-01 -3.590186e-02
7.401449e+00 3.967448e-01 -3.893355e-02
7.401449e+00 5.552783e-01 -3.911692e-02
7.401449e+00 7.774819e-01 -3.615933e-02
7.401449e+00 1.088445e+00 -3.137633e-02
7.401449e+00 1.523711e+00 -2.801269e-02
7.401449e+00 2.088426e+00 -2.879651e-02
7.401449e+00 2.685505e+00 -2.983733e-02
7.569477e+00 1.570796e-02 -3.573686e-04
7.569477e+00 2.346256e-02 -9.679296e-04
7.569477e+00 3.503514e-02 -1.932462e-03
7.569477e+00 5.263151e-02 -4.067017e-03
7.569477e+00 7.314235e-02 -8.125131e-03
7.569477e+00 1.025928e-01 -1.240358e-02
7.569477e+00 1.448116e-01 -2.028661e-02
7.569477e+00 2.023460e-01 -2.736319e-02
7.569477e+00 2.834245e-01 -3.402491e-02
7.569477e+00 3.967448e-01 -3.766221e-02
7.569477e+00 5.552783e-01 -3.834685e-02
7.569477e+00 7.774819e-01 -3.589600e-02
7.569477e+00 1.088445e+00 -3.140545e-02
7.569477e+00 1.523711e+00 -2.818729e-02
7.569477e+00 2.088426e+00 -2.893491e-02
7.569477e+00 2.685505e+00 -2.981006e-02
7.740867e+00 1.570796e-02 -3.117463e-04
7.740867e+00 2.346256e-02 -8.770260e-04
7.740867e+00 3.503514e-02 -1.724809e-03
7.740867e+00 5.263151e-02 -3.622385e-03
7.740867e+00 7.314235e-02 -7.249365e-03
7.740867e+00 1.025928e-01 -1.105192e-02
7.740867e+00 1.448116e-01 -1.824727e-02
7.740867e+00 2.023460e-01 -2.505854e-02
7.740867e+00 2.834245e-01 -3.183335e-02
7.740867e+00 3.967448e-01 -3.59495e-02
7.740867e+00 5.552783e-01 -3.716427e-02
7.740867e+00 7.774819e-01 -3.517397e-02
7.740867e+00 1.088445e+00 -3.10827e-02
7.740867e+00 1.523711e+00 -2.80783e-02
7.740867e+00 2.088426e+00 -2.883953e-02
7.740867e+00 2.685505e+00 -2.946669e-02
7.915684e+00 1.570796e-02 -2.749351e-04
7.915684e+00 2.346256e-02 -7.885921e-04
7.915684e+00 3.503514e-02 -1.539150e-03
7.915684e+00 5.263151e-02 -3.226190e-03
7.915684e+00 7.314235e-02 -6.450772e-03
7.915684e+00 1.025928e-01 -9.834338e-03
7.915684e+00 1.448116e-01 -1.633271e-02
7.915684e+00 2.023460e-01 -2.276859e-02
7.915684e+00 2.834245e-01 -2.947267e-02
7.915684e+00 3.967448e-01 -3.393548e-02
7.915684e+00 5.552783e-01 -3.564321e-02
7.915684e+00 7.774819e-01 -3.41632e-02
7.915684e+00 1.088445e+00 -3.052228e-02
7.915684e+00 1.523711e+00 -2.772936e-02
7.915684e+00 2.088426e+00 -2.849433e-02
7.915684e+00 2.685505e+00 -2.908563e-02
8.093998e+00 1.570796e-02 -2.434741e-04
8.093998e+00 2.346256e-02 -7.044374e-04
8.093998e+00 3.503514e-02 -1.371983e-03
8.093998e+00 5.263151e-02 -2.862146e-03
8.093998e+00 7.314235e-02 -5.726613e-03
8.093998e+00 1.025928e-01 -8.752649e-03
8.093998e+00 1.448116e-01 -1.457743e-02
8.093998e+00 2.023460e-01 -2.05616e-02
8.093998e+00 2.834245e-01 -2.703916e-02
8.093998e+00 3.967448e-01 -3.171471e-02
8.093998e+00 5.552783e-01 -3.381666e-02
8.093998e+00 7.774819e-01 -3.283734e-02
8.093998e+00 1.088445e+00 -2.968073e-02
8.093998e+00 1.523711e+00 -2.721990e-02
8.093998e+00 2.088426e+00 -2.799327e-02
8.093998e+00 2.685505e+00 -2.84196e-02
8.275878e+00 1.570796e-02 -2.156143e-04
8.275878e+00 2.346256e-02 -6.230432e-04
8.275878e+00 3.503514e-02 -1.221011e-03
8.275878e+00 5.263151e-02 -2.535845e-03
8.275878e+00 7.314235e-02 -5.076257e-03
8.275878e+00 1.025928e-01 -7.782881e-03
8.275878e+00 1.448116e-01 -1.296204e-02
8.275878e+00 2.023460e-01 -1.843997e-02
8.275878e+00 2.834245e-01 -2.459207e-02
8.275878e+00 3.967448e-01 -2.93515e-02
8.275878e+00 5.552783e-01 -3.179368e-02
8.275878e+00 7.774819e-01 -3.131101e-02
8.275878e+00 1.088445e+00 -2.859436e-02
8.275878e+00 1.523711e+00 -2.652003e-02
8.275878e+00 2.088426e+00 -2.733167e-02
8.275878e+00 2.685505e+00 -2.754003e-02
8.461396e+00 1.570796e-02 -1.900845e-04
8.461396e+00 2.346256e-02 -5.566454e-04
8.461396e+00 3.503514e-02 -1.087831e-03
8.461396e+00 5.263151e-02 -2.241689e-03
8.461396e+00 7.314235e-02 -4.489161e-03
8.461396e+00 1.025928e-01 -6.893913e-03
8.461396e+00 1.448116e-01 -1.149618e-02
8.461396e+00 2.023460e-01 -1.642882e-02
8.461396e+00 2.834245e-01 -2.218065e-02
8.461396e+00 3.967448e-01 -2.689733e-02
8.461396e+00 5.552783e-01 -2.964422e-02
8.461396e+00 7.774819e-01 -2.959978e-02
8.461396e+00 1.088445e+00 -2.736525e-02
8.461396e+00 1.523711e+00 -2.564488e-02
8.461396e+00 2.088426e+00 -2.652278e-02
8.461396e+00 2.685505e+00 -2.653775e-02
8.650623e+00 1.570796e-02 -1.690929e-04
8.650623e+00 2.346256e-02 -4.931182e-04
8.650623e+00 3.503514e-02 -9.670478e-04
8.650623e+00 5.263151e-02 -1.974291e-03
8.650623e+00 7.314235e-02 -3.955436e-03
8.650623e+00 1.025928e-01 -6.089560e-03
8.650623e+00 1.448116e-01 -1.015127e-02
8.650623e+00 2.023460e-01 -1.456832e-02
8.650623e+00 2.834245e-01 -1.987611e-02
8.650623e+00 3.967448e-01 -2.444988e-02
8.650623e+00 5.552783e-01 -2.741638e-02
8.650623e+00 7.774819e-01 -2.776793e-02
8.650623e+00 1.088445e+00 -2.601722e-02
8.650623e+00 1.523711e+00 -2.468732e-02
8.650623e+00 2.088426e+00 -2.562971e-02
8.650623e+00 2.685505e+00 -2.548827e-02
8.843636e+00 1.570796e-02 -1.497608e-04
8.843636e+00 2.346256e-02 -4.305055e-04
8.843636e+00 3.503514e-02 -8.552308e-04
8.843636e+00 5.263151e-02 -1.733958e-03
8.843636e+00 7.314235e-02 -3.477471e-03
8.843636e+00 1.025928e-01 -5.358830e-03
8.843636e+00 1.448116e-01 -8.915749e-03
8.843636e+00 2.023460e-01 -1.285317e-02
8.843636e+00 2.834245e-01 -1.771378e-02
8.843636e+00 3.967448e-01 -2.208759e-02
8.843636e+00 5.552783e-01 -2.515807e-02
8.843636e+00 7.774819e-01 -2.583840e-02
8.843636e+00 1.088445e+00 -2.458939e-02
8.843636e+00 1.523711e+00 -2.360271e-02
8.843636e+00 2.088426e+00 -2.463880e-02
8.843636e+00 2.685505e+00 -2.442299e-02
9.040509e+00 1.570796e-02 -1.322711e-04
9.040509e+00 2.346256e-02 -3.732586e-04
9.040509e+00 3.503514e-02 -7.514660e-04
9.040509e+00 5.263151e-02 -1.515256e-03
9.040509e+00 7.314235e-02 -3.04874e-03
9.040509e+00 1.025928e-01 -4.687961e-03
9.040509e+00 1.448116e-01 -7.815319e-03
9.040509e+00 2.023460e-01 -1.128804e-02
9.040509e+00 2.834245e-01 -1.569533e-02
9.040509e+00 3.967448e-01 -1.983414e-02
9.040509e+00 5.552783e-01 -2.291290e-02
9.040509e+00 7.774819e-01 -2.388942e-02
9.040509e+00 1.088445e+00 -2.304664e-02
9.040509e+00 1.523711e+00 -2.243600e-02
9.040509e+00 2.088426e+00 -2.351184e-02
9.040509e+00 2.685505e+00 -2.310526e-02
9.241319e+00 1.570796e-02 -1.160465e-04
9.241319e+00 2.346256e-02 -3.229737e-04
9.241319e+00 3.503514e-02 -6.551070e-04
9.241319e+00 5.263151e-02 -1.327348e-03
9.241319e+00 7.314235e-02 -2.661824e-03
9.241319e+00 1.025928e-01 -4.083151e-03
9.241319e+00 1.448116e-01 -6.814003e-03
9.241319e+00 2.023460e-01 -9.876799e-03
9.241319e+00 2.834245e-01 -1.382315e-02
9.241319e+00 3.967448e-01 -1.768883e-02
9.241319e+00 5.552783e-01 -2.071930e-02
9.241319e+00 7.774819e-01 -2.189218e-02
9.241319e+00 1.088445e+00 -2.142558e-02
9.241319e+00 1.523711e+00 -2.111527e-02
9.241319e+00 2.088426e+00 -2.224044e-02
9.241319e+00 2.685505e+00 -2.173756e-02
9.446145e+00 1.570796e-02 -1.012580e-04
9.446145e+00 2.346256e-02 -2.784729e-04
9.446145e+00 3.503514e-02 -5.706585e-04
9.446145e+00 5.263151e-02 -1.155966e-03
9.446145e+00 7.314235e-02 -2.314567e-03
9.446145e+00 1.025928e-01 -3.553192e-03
9.446145e+00 1.448116e-01 -5.921373e-03
9.446145e+00 2.023460e-01 -8.614525e-03
9.446145e+00 2.834245e-01 -1.212591e-02
9.446145e+00 3.967448e-01 -1.566638e-02
9.446145e+00 5.552783e-01 -1.859538e-02
9.446145e+00 7.774819e-01 -1.992580e-02
9.446145e+00 1.088445e+00 -1.976958e-02
9.446145e+00 1.523711e+00 -1.972131e-02
9.446145e+00 2.088426e+00 -2.086652e-02
9.446145e+00 2.685505e+00 -2.028983e-02
9.655068e+00 1.570796e-02 -8.782215e-05
9.655068e+00 2.346256e-02 -2.381182e-04
9.655068e+00 3.503514e-02 -4.925098e-04
9.655068e+00 5.263151e-02 -9.977238e-04
9.655068e+00 7.314235e-02 -1.997909e-03
9.655068e+00 1.025928e-01 -3.078620e-03
9.655068e+00 1.448116e-01 -5.116445e-03
9.655068e+00 2.023460e-01 -7.470061e-03
9.655068e+00 2.834245e-01 -1.055319e-02
9.655068e+00 3.967448e-01 -1.377888e-02
9.655068e+00 5.552783e-01 -1.654432e-02
9.655068e+00 7.774819e-01 -1.799045e-02
9.655068e+00 1.088445e+00 -1.813572e-02
9.655068e+00 1.523711e+00 -1.837943e-02
9.655068e+00 2.088426e+00 -1.956306e-02
9.655068e+00 2.685505e+00 -1.896970e-02
9.86817e+00 1.570796e-02 -7.570905e-05
9.86817e+00 2.346256e-02 -2.052082e-04
9.86817e+00 3.503514e-02 -4.238341e-04
9.86817e+00 5.263151e-02 -8.597467e-04
9.86817e+00 7.314235e-02 -1.722943e-03
9.86817e+00 1.025928e-01 -2.657312e-03
9.86817e+00 1.448116e-01 -4.409244e-03
9.86817e+00 2.023460e-01 -6.455257e-03
9.86817e+00 2.834245e-01 -9.151741e-03
9.86817e+00 3.967448e-01 -1.204614e-02
9.86817e+00 5.552783e-01 -1.462510e-02
9.86817e+00 7.774819e-01 -1.61354e-02
9.86817e+00 1.088445e+00 -1.650752e-02
9.86817e+00 1.523711e+00 -1.698672e-02
9.86817e+00 2.088426e+00 -1.82384e-02
9.86817e+00 2.685505e+00 -1.771239e-02
1.008553e+01 1.570796e-02 -6.523510e-05
1.008553e+01 2.346256e-02 -1.762152e-04
1.008553e+01 3.503514e-02 -3.643485e-04
1.008553e+01 5.263151e-02 -7.397711e-04
1.008553e+01 7.314235e-02 -1.479117e-03
1.008553e+01 1.025928e-01 -2.281098e-03
1.008553e+01 1.448116e-01 -3.781882e-03
1.008553e+01 2.023460e-01 -5.555403e-03
1.008553e+01 2.834245e-01 -7.903387e-03
1.008553e+01 3.967448e-01 -1.047031e-02
1.008553e+01 5.552783e-01 -1.285145e-02
1.008553e+01 7.774819e-01 -1.436926e-02
1.008553e+01 1.088445e+00 -1.491528e-02
1.008553e+01 1.523711e+00 -1.559023e-02
1.008553e+01 2.088426e+00 -1.685540e-02
1.008553e+01 2.685505e+00 -1.635224e-02
1.030724e+01 1.570796e-02 -5.583979e-05
1.030724e+01 2.346256e-02 -1.507992e-04
1.030724e+01 3.503514e-02 -3.102355e-04
1.030724e+01 5.263151e-02 -6.335858e-04
1.030724e+01 7.314235e-02 -1.261344e-03
1.030724e+01 1.025928e-01 -1.948220e-03
1.030724e+01 1.448116e-01 -3.224705e-03
1.030724e+01 2.023460e-01 -4.752417e-03
1.030724e+01 2.834245e-01 -6.778772e-03
1.030724e+01 3.967448e-01 -9.039844e-03
1.030724e+01 5.552783e-01 -1.119227e-02
1.030724e+01 7.774819e-01 -1.267407e-02
1.030724e+01 1.088445e+00 -1.338442e-02
1.030724e+01 1.523711e+00 -1.417136e-02
1.030724e+01 2.088426e+00 -1.550779e-02
1.030724e+01 2.685505e+00 -1.502487e-02
1.053339e+01 1.570796e-02 -4.758705e-05
1.053339e+01 2.346256e-02 -1.262796e-04
1.053339e+01 3.503514e-02 -2.647771e-04
1.053339e+01 5.263151e-02 -5.385177e-04
1.053339e+01 7.314235e-02 -1.075481e-03
1.053339e+01 1.025928e-01 -1.663591e-03
1.053339e+01 1.448116e-01 -2.744044e-03
1.053339e+01 2.023460e-01 -4.05342e-03
1.053339e+01 2.834245e-01 -5.793312e-03
1.053339e+01 3.967448e-01 -7.757932e-03
1.053339e+01 5.552783e-01 -9.687528e-03
1.053339e+01 7.774819e-01 -1.113610e-02
1.053339e+01 1.088445e+00 -1.194710e-02
1.053339e+01 1.523711e+00 -1.285665e-02
1.053339e+01 2.088426e+00 -1.419506e-02
1.053339e+01 2.685505e+00 -1.372098e-02
1.076406e+01 1.570796e-02 -4.074619e-05
1.076406e+01 2.346256e-02 -1.042676e-04
1.076406e+01 3.503514e-02 -2.239545e-04
1.076406e+01 5.263151e-02 -4.561757e-04
1.076406e+01 7.314235e-02 -9.05454e-04
1.076406e+01 1.025928e-01 -1.409487e-03
1.076406e+01 1.448116e-01 -2.323451e-03
1.076406e+01 2.023460e-01 -3.439144e-03
1.076406e+01 2.834245e-01 -4.918378e-03
1.076406e+01 3.967448e-01 -6.621797e-03
1.076406e+01 5.552783e-01 -8.333213e-03
1.076406e+01 7.774819e-01 -9.707223e-03
1.076406e+01 1.088445e+00 -1.058334e-02
1.076406e+01 1.523711e+00 -1.159307e-02
1.076406e+01 2.088426e+00 -1.291860e-02
1.076406e+01 2.685505e+00 -1.249748e-02
1.099934e+01 1.570796e-02 -3.463649e-05
1.099934e+01 2.346256e-02 -8.67088e-05
1.099934e+01 3.503514e-02 -1.887770e-04
1.099934e+01 5.263151e-02 -3.834509e-04
1.099934e+01 7.314235e-02 -7.620067e-04
1.099934e+01 1.025928e-01 -1.189419e-03
1.099934e+01 1.448116e-01 -1.955887e-03
1.099934e+01 2.023460e-01 -2.898392e-03
1.099934e+01 2.834245e-01 -4.152470e-03
1.099934e+01 3.967448e-01 -5.617357e-03
1.099934e+01 5.552783e-01 -7.120023e-03
1.099934e+01 7.774819e-01 -8.394905e-03
1.099934e+01 1.088445e+00 -9.303537e-03
1.099934e+01 1.523711e+00 -1.036748e-02
1.099934e+01 2.088426e+00 -1.167799e-02
1.099934e+01 2.685505e+00 -1.133610e-02
1.123932e+01 1.570796e-02 -2.935528e-05
1.123932e+01 2.346256e-02 -7.205978e-05
1.123932e+01 3.503514e-02 -1.589062e-04
1.123932e+01 5.263151e-02 -3.200077e-04
1.123932e+01 7.314235e-02 -6.382541e-04
1.123932e+01 1.025928e-01 -9.987244e-04
1.123932e+01 1.448116e-01 -1.638239e-03
1.123932e+01 2.023460e-01 -2.434671e-03
1.123932e+01 2.834245e-01 -3.491662e-03
1.123932e+01 3.967448e-01 -4.734993e-03
1.123932e+01 5.552783e-01 -6.040602e-03
1.123932e+01 7.774819e-01 -7.224471e-03
1.123932e+01 1.088445e+00 -8.142407e-03
1.123932e+01 1.523711e+00 -9.229803e-03
1.123932e+01 2.088426e+00 -1.052745e-02
1.123932e+01 2.685505e+00 -1.027037e-02
1.148411e+01 1.570796e-02 -2.440023e-05
1.148411e+01 2.346256e-02 -5.873586e-05
1.148411e+01 3.503514e-02 -1.318588e-04
1.148411e+01 5.263151e-02 -2.667741e-04
1.148411e+01 7.314235e-02 -5.323414e-04
1.148411e+01 1.025928e-01 -8.336554e-04
1.148411e+01 1.448116e-01 -1.363083e-03
1.148411e+01 2.023460e-01 -2.038325e-03
1.148411e+01 2.834245e-01 -2.923519e-03
1.148411e+01 3.967448e-01 -3.969930e-03
1.148411e+01 5.552783e-01 -5.107611e-03
1.148411e+01 7.774819e-01 -6.181492e-03
1.148411e+01 1.088445e+00 -7.081440e-03
1.148411e+01 1.523711e+00 -8.164574e-03
1.148411e+01 2.088426e+00 -9.409977e-03
1.148411e+01 2.685505e+00 -9.184071e-03
1.173379e+01 1.570796e-02 -2.043187e-05
1.173379e+01 2.346256e-02 -4.780878e-05
1.173379e+01 3.503514e-02 -1.090811e-04
1.173379e+01 5.263151e-02 -2.212192e-04
1.173379e+01 7.314235e-02 -4.418302e-04
1.173379e+01 1.025928e-01 -6.890155e-04
1.173379e+01 1.448116e-01 -1.128147e-03
1.173379e+01 2.023460e-01 -1.690648e-03
1.173379e+01 2.834245e-01 -2.430831e-03
1.173379e+01 3.967448e-01 -3.303195e-03
1.173379e+01 5.552783e-01 -4.281611e-03
1.173379e+01 7.774819e-01 -5.258851e-03
1.173379e+01 1.088445e+00 -6.111959e-03
1.173379e+01 1.523711e+00 -7.154153e-03
1.173379e+01 2.088426e+00 -8.341841e-03
1.173379e+01 2.685505e+00 -8.203171e-03
1.198847e+01 1.570796e-02 -1.691062e-05
1.198847e+01 2.346256e-02 -3.961909e-05
1.198847e+01 3.503514e-02 -8.988709e-05
1.198847e+01 5.263151e-02 -1.818686e-04
1.198847e+01 7.314235e-02 -3.624724e-04
1.198847e+01 1.025928e-01 -5.680423e-04
1.198847e+01 1.448116e-01 -9.289969e-04
1.198847e+01 2.023460e-01 -1.392561e-03
1.198847e+01 2.834245e-01 -2.00133e-03
1.198847e+01 3.967448e-01 -2.730965e-03
1.198847e+01 5.552783e-01 -3.557039e-03
1.198847e+01 7.774819e-01 -4.428275e-03
1.198847e+01 1.088445e+00 -5.231127e-03
1.198847e+01 1.523711e+00 -6.216079e-03
1.198847e+01 2.088426e+00 -7.335048e-03
1.198847e+01 2.685505e+00 -7.260451e-03
1.224824e+01 1.570796e-02 -1.399912e-05
1.224824e+01 2.346256e-02 -3.214704e-05
1.224824e+01 3.503514e-02 -7.332695e-05
1.224824e+01 5.263151e-02 -1.492995e-04
1.224824e+01 7.314235e-02 -2.964726e-04
1.224824e+01 1.025928e-01 -4.634187e-04
1.224824e+01 1.448116e-01 -7.622444e-04
1.224824e+01 2.023460e-01 -1.142836e-03
1.224824e+01 2.834245e-01 -1.643325e-03
1.224824e+01 3.967448e-01 -2.247101e-03
1.224824e+01 5.552783e-01 -2.952982e-03
1.224824e+01 7.774819e-01 -3.715627e-03
1.224824e+01 1.088445e+00 -4.46226e-03
1.224824e+01 1.523711e+00 -5.399134e-03
1.224824e+01 2.088426e+00 -6.457718e-03
1.224824e+01 2.685505e+00 -6.429977e-03
1.251320e+01 1.570796e-02 -1.153767e-05
1.251320e+01 2.346256e-02 -2.589560e-05
1.251320e+01 3.503514e-02 -5.958618e-05
1.251320e+01 5.263151e-02 -1.221243e-04
1.251320e+01 7.314235e-02 -2.419505e-04
1.251320e+01 1.025928e-01 -3.771978e-04
1.251320e+01 1.448116e-01 -6.212803e-04
1.251320e+01 2.023460e-01 -9.348679e-04
1.251320e+01 2.834245e-01 -1.345254e-03
1.251320e+01 3.967448e-01 -1.841324e-03
1.251320e+01 5.552783e-01 -2.438668e-03
1.251320e+01 7.774819e-01 -3.100018e-03
1.251320e+01 1.088445e+00 -3.782925e-03
1.251320e+01 1.523711e+00 -4.659612e-03
1.251320e+01 2.088426e+00 -5.618792e-03
1.251320e+01 2.685505e+00 -5.622864e-03
1.278347e+01 1.570796e-02 -9.318489e-06
1.278347e+01 2.346256e-02 -2.128174e-05
1.278347e+01 3.503514e-02 -4.828562e-05
1.278347e+01 5.263151e-02 -9.907108e-05
1.278347e+01 7.314235e-02 -1.942283e-04
1.278347e+01 1.025928e-01 -3.051774e-04
1.278347e+01 1.448116e-01 -5.01361e-04
1.278347e+01 2.023460e-01 -7.594195e-04
1.278347e+01 2.834245e-01 -1.089249e-03
1.278347e+01 3.967448e-01 -1.498474e-03
1.278347e+01 5.552783e-01 -1.991984e-03
1.278347e+01 7.774819e-01 -2.565658e-03
1.278347e+01 1.088445e+00 -3.181023e-03
1.278347e+01 1.523711e+00 -3.996208e-03
1.278347e+01 2.088426e+00 -4.857997e-03
1.278347e+01 2.685505e+00 -4.878496e-03
1.305914e+01 1.570796e-02 -7.529724e-06
1.305914e+01 2.346256e-02 -1.704069e-05
1.305914e+01 3.503514e-02 -3.879656e-05
1.305914e+01 5.263151e-02 -8.010128e-05
1.305914e+01 7.314235e-02 -1.566648e-04
1.305914e+01 1.025928e-01 -2.45017e-04
1.305914e+01 1.448116e-01 -4.016763e-04
1.305914e+01 2.023460e-01 -6.112874e-04
1.305914e+01 2.834245e-01 -8.767315e-04
1.305914e+01 3.967448e-01 -1.207911e-03
1.305914e+01 5.552783e-01 -1.619512e-03
1.305914e+01 7.774819e-01 -2.108493e-03
1.305914e+01 1.088445e+00 -2.655906e-03
1.305914e+01 1.523711e+00 -3.390676e-03
1.305914e+01 2.088426e+00 -4.170039e-03
1.305914e+01 2.685505e+00 -4.206123e-03
1.334032e+01 1.570796e-02 -6.113162e-06
1.334032e+01 2.346256e-02 -1.35377e-05
1.334032e+01 3.503514e-02 -3.104841e-05
1.334032e+01 5.263151e-02 -6.377328e-05
1.334032e+01 7.314235e-02 -1.255114e-04
1.334032e+01 1.025928e-01 -1.963961e-04
1.334032e+01 1.448116e-01 -3.237297e-04
1.334032e+01 2.023460e-01 -4.912638e-04
1.334032e+01 2.834245e-01 -7.025580e-04
1.334032e+01 3.967448e-01 -9.762722e-04
1.334032e+01 5.552783e-01 -1.312450e-03
1.334032e+01 7.774819e-01 -1.724744e-03
1.334032e+01 1.088445e+00 -2.209741e-03
1.334032e+01 1.523711e+00 -2.861402e-03
1.334032e+01 2.088426e+00 -3.555296e-03
1.334032e+01 2.685505e+00 -3.608012e-03
1.362713e+01 1.570796e-02 -4.934398e-06
1.362713e+01 2.346256e-02 -1.019407e-05
1.362713e+01 3.503514e-02 -2.477415e-05
1.362713e+01 5.263151e-02 -5.083581e-05
1.362713e+01 7.314235e-02 -9.956536e-05
1.362713e+01 1.025928e-01 -1.553582e-04
1.362713e+01 1.448116e-01 -2.576431e-04
1.362713e+01 2.023460e-01 -3.930753e-04
1.362713e+01 2.834245e-01 -5.602276e-04
1.362713e+01 3.967448e-01 -7.811736e-04
1.362713e+01 5.552783e-01 -1.057128e-03
1.362713e+01 7.774819e-01 -1.396818e-03
1.362713e+01 1.088445e+00 -1.82643e-03
1.362713e+01 1.523711e+00 -2.399954e-03
1.362713e+01 2.088426e+00 -3.021869e-03
1.362713e+01 2.685505e+00 -3.097929e-03
1.391967e+01 1.570796e-02 -3.990551e-06
1.391967e+01 2.346256e-02 -7.998774e-06
1.391967e+01 3.503514e-02 -1.924252e-05
1.391967e+01 5.263151e-02 -3.962427e-05
1.391967e+01 7.314235e-02 -7.838570e-05
1.391967e+01 1.025928e-01 -1.232337e-04
1.391967e+01 1.448116e-01 -2.036272e-04
1.391967e+01 2.023460e-01 -3.101012e-04
1.391967e+01 2.834245e-01 -4.423522e-04
1.391967e+01 3.967448e-01 -6.189934e-04
1.391967e+01 5.552783e-01 -8.411295e-04
1.391967e+01 7.774819e-01 -1.120814e-03
1.391967e+01 1.088445e+00 -1.486432e-03
1.391967e+01 1.523711e+00 -1.981806e-03
1.391967e+01 2.088426e+00 -2.512353e-03
1.391967e+01 2.685505e+00 -2.585027e-03
1.421806e+01 1.570796e-02 -3.248314e-06
1.421806e+01 2.346256e-02 -6.008955e-06
1.421806e+01 3.503514e-02 -1.513708e-05
1.421806e+01 5.263151e-02 -3.044025e-05
1.421806e+01 7.314235e-02 -6.138017e-05
1.421806e+01 1.025928e-01 -9.600434e-05
1.421806e+01 1.448116e-01 -1.594600e-04
1.421806e+01 2.023460e-01 -2.423670e-04
1.421806e+01 2.834245e-01 -3.466031e-04
1.421806e+01 3.967448e-01 -4.846525e-04
1.421806e+01 5.552783e-01 -6.631161e-04
1.421806e+01 7.774819e-01 -8.908797e-04
1.421806e+01 1.088445e+00 -1.199927e-03
1.421806e+01 1.523711e+00 -1.624228e-03
1.421806e+01 2.088426e+00 -2.078749e-03
1.421806e+01 2.685505e+00 -2.141448e-03
1.452242e+01 1.570796e-02 -2.514049e-06
1.452242e+01 2.346256e-02 -4.872889e-06
1.452242e+01 3.503514e-02 -1.202691e-05
1.452242e+01 5.263151e-02 -2.386709e-05
1.452242e+01 7.314235e-02 -4.737859e-05
1.452242e+01 1.025928e-01 -7.433775e-05
1.452242e+01 1.448116e-01 -1.235014e-04
1.452242e+01 2.023460e-01 -1.890136e-04
1.452242e+01 2.834245e-01 -2.702023e-04
1.452242e+01 3.967448e-01 -3.776039e-04
1.452242e+01 5.552783e-01 -5.195683e-04
1.452242e+01 7.774819e-01 -7.043524e-04
1.452242e+01 1.088445e+00 -9.594763e-04
1.452242e+01 1.523711e+00 -1.319998e-03
1.452242e+01 2.088426e+00 -1.704120e-03
1.452242e+01 2.685505e+00 -1.734159e-03
1.483287e+01 1.570796e-02 -2.020508e-06
1.483287e+01 2.346256e-02 -3.679835e-06
1.483287e+01 3.503514e-02 -9.391335e-06
1.483287e+01 5.263151e-02 -1.806792e-05
1.483287e+01 7.314235e-02 -3.684858e-05
1.483287e+01 1.025928e-01 -5.700822e-05
1.483287e+01 1.448116e-01 -9.577108e-05
1.483287e+01 2.023460e-01 -1.470120e-04
1.483287e+01 2.834245e-01 -2.091693e-04
1.483287e+01 3.967448e-01 -2.93238e-04
1.483287e+01 5.552783e-01 -4.06797e-04
1.483287e+01 7.774819e-01 -5.534873e-04
1.483287e+01 1.088445e+00 -7.621453e-04
1.483287e+01 1.523711e+00 -1.059646e-03
1.483287e+01 2.088426e+00 -1.376692e-03
1.483287e+01 2.685505e+00 -1.397413e-03
1.514953e+01 1.570796e-02 -1.553402e-06
1.514953e+01 2.346256e-02 -2.783937e-06
1.514953e+01 3.503514e-02 -7.141238e-06
1.514953e+01 5.263151e-02 -1.374077e-05
1.514953e+01 7.314235e-02 -2.731733e-05
1.514953e+01 1.025928e-01 -4.277140e-05
1.514953e+01 1.448116e-01 -7.269031e-05
1.514953e+01 2.023460e-01 -1.118060e-04
1.514953e+01 2.834245e-01 -1.583607e-04
1.514953e+01 3.967448e-01 -2.236106e-04
1.514953e+01 5.552783e-01 -3.103868e-04
1.514953e+01 7.774819e-01 -4.263942e-04
1.514953e+01 1.088445e+00 -5.938349e-04
1.514953e+01 1.523711e+00 -8.363337e-04
1.514953e+01 2.088426e+00 -1.094596e-03
1.514953e+01 2.685505e+00 -1.11251e-03
1.547252e+01 1.570796e-02 -1.179033e-06
1.547252e+01 2.346256e-02 -2.069005e-06
1.547252e+01 3.503514e-02 -5.523684e-06
1.547252e+01 5.263151e-02 -1.042065e-05
1.547252e+01 7.314235e-02 -2.045222e-05
1.547252e+01 1.025928e-01 -3.140989e-05
1.547252e+01 1.448116e-01 -5.446929e-05
1.547252e+01 2.023460e-01 -8.352431e-05
1.547252e+01 2.834245e-01 -1.190051e-04
1.547252e+01 3.967448e-01 -1.687200e-04
1.547252e+01 5.552783e-01 -2.344375e-04
1.547252e+01 7.774819e-01 -3.252393e-04
1.547252e+01 1.088445e+00 -4.554392e-04
1.547252e+01 1.523711e+00 -6.477162e-04
1.547252e+01 2.088426e+00 -8.55116e-04
1.547252e+01 2.685505e+00 -8.74086e-04
1.580197e+01 1.570796e-02 -9.041692e-07
1.580197e+01 2.346256e-02 -1.423498e-06
1.580197e+01 3.503514e-02 -4.153929e-06
1.580197e+01 5.263151e-02 -7.694870e-06
1.580197e+01 7.314235e-02 -1.501384e-05
1.580197e+01 1.025928e-01 -2.335941e-05
1.580197e+01 1.448116e-01 -4.062128e-05
1.580197e+01 2.023460e-01 -6.188995e-05
1.580197e+01 2.834245e-01 -8.812165e-05
1.580197e+01 3.967448e-01 -1.254694e-04
1.580197e+01 5.552783e-01 -1.746418e-04
1.580197e+01 7.774819e-01 -2.446147e-04
1.580197e+01 1.088445e+00 -3.453523e-04
1.580197e+01 1.523711e+00 -4.95253e-04
1.580197e+01 2.088426e+00 -6.574541e-04
1.580197e+01 2.685505e+00 -6.802571e-04
1.613801e+01 1.570796e-02 -7.003960e-07
1.613801e+01 2.346256e-02 -1.010666e-06
1.613801e+01 3.503514e-02 -3.065457e-06
1.613801e+01 5.263151e-02 -5.557935e-06
1.613801e+01 7.314235e-02 -1.087804e-05
1.613801e+01 1.025928e-01 -1.688275e-05
1.613801e+01 1.448116e-01 -2.935191e-05
1.613801e+01 2.023460e-01 -4.494182e-05
1.613801e+01 2.834245e-01 -6.401212e-05
1.613801e+01 3.967448e-01 -9.157436e-05
1.613801e+01 5.552783e-01 -1.282991e-04
1.613801e+01 7.774819e-01 -1.810530e-04
1.613801e+01 1.088445e+00 -2.562100e-04
1.613801e+01 1.523711e+00 -3.694216e-04
1.613801e+01 2.088426e+00 -4.940630e-04
1.613801e+01 2.685505e+00 -5.118149e-04
1.648077e+01 1.570796e-02 -4.974916e-07
1.648077e+01 2.346256e-02 -6.108535e-07
1.648077e+01 3.503514e-02 -2.139681e-06
1.648077e+01 5.263151e-02 -4.019403e-06
1.648077e+01 7.314235e-02 -7.594446e-06
1.648077e+01 1.025928e-01 -1.195099e-05
1.648077e+01 1.448116e-01 -2.070648e-05
1.648077e+01 2.023460e-01 -3.159230e-05
1.648077e+01 2.834245e-01 -4.546317e-05
1.648077e+01 3.967448e-01 -6.542595e-05
1.648077e+01 5.552783e-01 -9.151056e-05
1.648077e+01 7.774819e-01 -1.315205e-04
1.648077e+01 1.088445e+00 -1.861670e-04
1.648077e+01 1.523711e+00 -2.707316e-04
1.648077e+01 2.088426e+00 -3.641485e-04
1.648077e+01 2.685505e+00 -3.828931e-04
1.683038e+01 1.570796e-02 -3.550561e-07
1.683038e+01 2.346256e-02 -4.230595e-07
1.683038e+01 3.503514e-02 -1.489256e-06
1.683038e+01 5.263151e-02 -2.957568e-06
1.683038e+01 7.314235e-02 -5.470228e-06
1.683038e+01 1.025928e-01 -8.351915e-06
1.683038e+01 1.448116e-01 -1.467054e-05
1.683038e+01 2.023460e-01 -2.264302e-05
1.683038e+01 2.834245e-01 -3.221716e-05
1.683038e+01 3.967448e-01 -4.624648e-05
1.683038e+01 5.552783e-01 -6.574491e-05
1.683038e+01 7.774819e-01 -9.533481e-05
1.683038e+01 1.088445e+00 -1.347913e-04
1.683038e+01 1.523711e+00 -1.964746e-04
1.683038e+01 2.088426e+00 -2.66127e-04
1.683038e+01 2.685505e+00 -2.828432e-04
1.718699e+01 1.570796e-02 -2.711589e-07
1.718699e+01 2.346256e-02 -2.73393e-07
1.718699e+01 3.503514e-02 -1.043748e-06
1.718699e+01 5.263151e-02 -2.050334e-06
1.718699e+01 7.314235e-02 -3.716571e-06
1.718699e+01 1.025928e-01 -5.688868e-06
1.718699e+01 1.448116e-01 -1.018016e-05
1.718699e+01 2.023460e-01 -1.583494e-05
1.718699e+01 2.834245e-01 -2.231016e-05
1.718699e+01 3.967448e-01 -3.241044e-05
1.718699e+01 5.552783e-01 -4.609576e-05
1.718699e+01 7.774819e-01 -6.801109e-05
1.718699e+01 1.088445e+00 -9.610443e-05
1.718699e+01 1.523711e+00 -1.398745e-04
1.718699e+01 2.088426e+00 -1.900538e-04
1.718699e+01 2.685505e+00 -2.045505e-04
1.755073e+01 1.570796e-02 -1.897701e-07
1.755073e+01 2.346256e-02 -1.793117e-07
1.755073e+01 3.503514e-02 -6.956885e-07
1.755073e+01 5.263151e-02 -1.370278e-06
1.755073e+01 7.314235e-02 -2.565479e-06
1.755073e+01 1.025928e-01 -3.774713e-06
1.755073e+01 1.448116e-01 -6.870979e-06
1.755073e+01 2.023460e-01 -1.088643e-05
1.755073e+01 2.834245e-01 -1.497236e-05
1.755073e+01 3.967448e-01 -2.207414e-05
1.755073e+01 5.552783e-01 -3.161898e-05
1.755073e+01 7.774819e-01 -4.6612e-05
1.755073e+01 1.088445e+00 -6.654563e-05
1.755073e+01 1.523711e+00 -9.700944e-05
1.755073e+01 2.088426e+00 -1.329734e-04
1.755073e+01 2.685505e+00 -1.418275e-04
1.792175e+01 1.570796e-02 -1.324507e-07
1.792175e+01 2.346256e-02 -1.209641e-07
1.792175e+01 3.503514e-02 -4.664693e-07
1.792175e+01 5.263151e-02 -8.832031e-07
1.792175e+01 7.314235e-02 -1.635744e-06
1.792175e+01 1.025928e-01 -2.399592e-06
1.792175e+01 1.448116e-01 -4.628829e-06
1.792175e+01 2.023460e-01 -7.364832e-06
1.792175e+01 2.834245e-01 -9.912884e-06
1.792175e+01 3.967448e-01 -1.481477e-05
1.792175e+01 5.552783e-01 -2.129584e-05
1.792175e+01 7.774819e-01 -3.154474e-05
1.792175e+01 1.088445e+00 -4.459353e-05
1.792175e+01 1.523711e+00 -6.566922e-05
1.792175e+01 2.088426e+00 -9.036691e-05
1.792175e+01 2.685505e+00 -9.673934e-05
1.830018e+01 1.570796e-02 -8.655578e-08
1.830018e+01 2.346256e-02 -7.321024e-08
1.830018e+01 3.503514e-02 -2.996994e-07
1.830018e+01 5.263151e-02 -5.548966e-07
1.830018e+01 7.314235e-02 -1.038670e-06
1.830018e+01 1.025928e-01 -1.54145e-06
1.830018e+01 1.448116e-01 -3.036031e-06
1.830018e+01 2.023460e-01 -4.794268e-06
1.830018e+01 2.834245e-01 -6.472764e-06
1.830018e+01 3.967448e-01 -9.64386e-06
1.830018e+01 5.552783e-01 -1.421359e-05
1.830018e+01 7.774819e-01 -2.111392e-05
1.830018e+01 1.088445e+00 -2.947731e-05
1.830018e+01 1.523711e+00 -4.312052e-05
1.830018e+01 2.088426e+00 -5.994782e-05
1.830018e+01 2.685505e+00 -6.350440e-05
1.868618e+01 1.570796e-02 -5.956825e-08
1.868618e+01 2.346256e-02 -3.859299e-08
1.868618e+01 3.503514e-02 -1.855339e-07
1.868618e+01 5.263151e-02 -3.605823e-07
1.868618e+01 7.314235e-02 -6.308848e-07
1.868618e+01 1.025928e-01 -9.772026e-07
1.868618e+01 1.448116e-01 -1.942328e-06
1.868618e+01 2.023460e-01 -3.058617e-06
1.868618e+01 2.834245e-01 -4.16401e-06
1.868618e+01 3.967448e-01 -6.170324e-06
1.868618e+01 5.552783e-01 -9.142918e-06
1.868618e+01 7.774819e-01 -1.382479e-05
1.868618e+01 1.088445e+00 -1.918450e-05
1.868618e+01 1.523711e+00 -2.828186e-05
1.868618e+01 2.088426e+00 -3.909308e-05
1.868618e+01 2.685505e+00 -4.196963e-05
1.907991e+01 1.570796e-02 -3.470428e-08
1.907991e+01 2.346256e-02 -3.453219e-08
1.907991e+01 3.503514e-02 -1.120562e-07
1.907991e+01 5.263151e-02 -2.108320e-07
1.907991e+01 7.314235e-02 -3.403726e-07
1.907991e+01 1.025928e-01 -5.820848e-07
1.907991e+01 1.448116e-01 -1.179612e-06
1.907991e+01 2.023460e-01 -1.862066e-06
1.907991e+01 2.834245e-01 -2.501441e-06
1.907991e+01 3.967448e-01 -3.80848e-06
1.907991e+01 5.552783e-01 -5.693775e-06
1.907991e+01 7.774819e-01 -8.643757e-06
1.907991e+01 1.088445e+00 -1.197347e-05
1.907991e+01 1.523711e+00 -1.752059e-05
1.907991e+01 2.088426e+00 -2.461384e-05
1.907991e+01 2.685505e+00 -2.644399e-05
1.948151e+01 1.570796e-02 -1.973549e-08
1.948151e+01 2.346256e-02 -1.641408e-08
1.948151e+01 3.503514e-02 -6.524479e-08
1.948151e+01 5.263151e-02 -1.229742e-07
1.948151e+01 7.314235e-02 -2.173096e-07
1.948151e+01 1.025928e-01 -3.469415e-07
1.948151e+01 1.448116e-01 -6.984705e-07
1.948151e+01 2.023460e-01 -1.100109e-06
1.948151e+01 2.834245e-01 -1.478468e-06
1.948151e+01 3.967448e-01 -2.313e-06
1.948151e+01 5.552783e-01 -3.408704e-06
1.948151e+01 7.774819e-01 -5.234557e-06
1.948151e+01 1.088445e+00 -7.358542e-06
1.948151e+01 1.523711e+00 -1.093724e-05
1.948151e+01 2.088426e+00 -1.557052e-05
1.948151e+01 2.685505e+00 -1.668545e-05
1.989114e+01 1.570796e-02 5.896776e-10
1.989114e+01 2.346256e-02 1.500938e-09
1.989114e+01 3.503514e-02 3.027072e-09
1.989114e+01 5.263151e-02 6.232901e-09
1.989114e+01 7.314235e-02 1.299875e-08
1.989114e+01 1.025928e-01 1.938465e-08
1.989114e+01 1.448116e-01 3.278099e-08
1.989114e+01 2.023460e-01 4.750246e-08
1.989114e+01 2.834245e-01 6.791168e-08
1.989114e+01 3.967448e-01 9.320190e-08
1.989114e+01 5.552783e-01 1.250532e-07
1.989114e+01 7.774819e-01 1.566553e-07
1.989114e+01 1.088445e+00 1.685511e-07
1.989114e+01 1.523711e+00 1.430056e-07
1.989114e+01 2.088426e+00 9.547511e-08
1.989114e+01 2.685505e+00 5.098498e-08
2.030896e+01 1.570796e-02 5.611729e-10
2.030896e+01 2.346256e-02 1.426174e-09
2.030896e+01 3.503514e-02 2.879818e-09
2.030896e+01 5.263151e-02 5.922129e-09
2.030896e+01 7.314235e-02 1.235466e-08
2.030896e+01 1.025928e-01 1.842126e-08
2.030896e+01 1.448116e-01 3.115997e-08
2.030896e+01 2.023460e-01 4.522681e-08
2.030896e+01 2.834245e-01 6.490369e-08
2.030896e+01 3.967448e-01 8.957242e-08
2.030896e+01 5.552783e-01 1.210384e-07
2.030896e+01 7.774819e-01 1.526217e-07
2.030896e+01 1.088445e+00 1.652482e-07
2.030896e+01 1.523711e+00 1.409344e-07
2.030896e+01 2.088426e+00 9.437447e-08
2.030896e+01 2.685505e+00 5.068981e-08
2.073514e+01 1.570796e-02 5.325293e-10
2.073514e+01 2.346256e-02 1.352673e-09
2.073514e+01 3.503514e-02 2.732757e-09
2.073514e+01 5.263151e-02 5.614686e-09
2.073514e+01 7.314235e-02 1.171934e-08
2.073514e+01 1.025928e-01 1.74703e-08
2.073514e+01 1.448116e-01 2.956518e-08
2.073514e+01 2.023460e-01 4.299021e-08
2.073514e+01 2.834245e-01 6.193476e-08
2.073514e+01 3.967448e-01 8.602375e-08
2.073514e+01 5.552783e-01 1.171068e-07
2.073514e+01 7.774819e-01 1.486404e-07
2.073514e+01 1.088445e+00 1.617805e-07
2.073514e+01 1.523711e+00 1.387642e-07
2.073514e+01 2.088426e+00 9.340479e-08
2.073514e+01 2.685505e+00 5.021435e-08
2.116984e+01 1.570796e-02 5.042118e-10
2.116984e+01 2.346256e-02 1.280405e-09
2.116984e+01 3.503514e-02 2.588298e-09
2.116984e+01 5.263151e-02 5.311526e-09
2.116984e+01 7.314235e-02 1.109503e-08
2.116984e+01 1.025928e-01 1.653654e-08
2.116984e+01 1.448116e-01 2.800816e-08
2.116984e+01 2.023460e-01 4.081084e-08
2.116984e+01 2.834245e-01 5.905559e-08
2.116984e+01 3.967448e-01 8.25319e-08
2.116984e+01 5.552783e-01 1.131789e-07
2.116984e+01 7.774819e-01 1.445289e-07
2.116984e+01 1.088445e+00 1.582159e-07
2.116984e+01 1.523711e+00 1.364759e-07
2.116984e+01 2.088426e+00 9.227258e-08
2.116984e+01 2.685505e+00 4.971157e-08
2.161324e+01 1.570796e-02 4.765527e-10
2.161324e+01 2.346256e-02 1.209722e-09
2.161324e+01 3.503514e-02 2.446359e-09
2.161324e+01 5.263151e-02 5.015276e-09
2.161324e+01 7.314235e-02 1.048625e-08
2.161324e+01 1.025928e-01 1.562505e-08
2.161324e+01 1.448116e-01 2.648841e-08
2.161324e+01 2.023460e-01 3.868968e-08
2.161324e+01 2.834245e-01 5.626227e-08
2.161324e+01 3.967448e-01 7.911687e-08
2.161324e+01 5.552783e-01 1.093036e-07
2.161324e+01 7.774819e-01 1.403798e-07
2.161324e+01 1.088445e+00 1.545482e-07
2.161324e+01 1.523711e+00 1.341340e-07
2.161324e+01 2.088426e+00 9.125859e-08
2.161324e+01 2.685505e+00 4.925763e-08
2.206550e+01 1.570796e-02 4.495706e-10
2.206550e+01 2.346256e-02 1.140293e-09
2.206550e+01 3.503514e-02 2.307892e-09
2.206550e+01 5.263151e-02 4.727199e-09
2.206550e+01 7.314235e-02 9.89258e-09
2.206550e+01 1.025928e-01 1.473694e-08
2.206550e+01 1.448116e-01 2.501010e-08
2.206550e+01 2.023460e-01 3.663163e-08
2.206550e+01 2.834245e-01 5.35516e-08
2.206550e+01 3.967448e-01 7.579671e-08
2.206550e+01 5.552783e-01 1.054115e-07
2.206550e+01 7.774819e-01 1.361420e-07
2.206550e+01 1.088445e+00 1.507596e-07
2.206550e+01 1.523711e+00 1.317496e-07
2.206550e+01 2.088426e+00 9.031388e-08
2.206550e+01 2.685505e+00 4.885880e-08
2.252681e+01 1.570796e-02 4.229974e-10
2.252681e+01 2.346256e-02 1.072911e-09
2.252681e+01 3.503514e-02 2.173418e-09
2.252681e+01 5.263151e-02 4.446992e-09
2.252681e+01 7.314235e-02 9.315252e-09
2.252681e+01 1.025928e-01 1.38743e-08
2.252681e+01 1.448116e-01 2.357480e-08
2.252681e+01 2.023460e-01 3.463293e-08
2.252681e+01 2.834245e-01 5.089932e-08
2.252681e+01 3.967448e-01 7.253578e-08
2.252681e+01 5.552783e-01 1.015537e-07
2.252681e+01 7.774819e-01 1.318279e-07
2.252681e+01 1.088445e+00 1.468525e-07
2.252681e+01 1.523711e+00 1.295939e-07
2.252681e+01 2.088426e+00 8.978957e-08
2.252681e+01 2.685505e+00 4.854283e-08
2.299735e+01 1.570796e-02 3.971238e-10
2.299735e+01 2.346256e-02 1.007945e-09
2.299735e+01 3.503514e-02 2.042211e-09
2.299735e+01 5.263151e-02 4.174254e-09
2.299735e+01 7.314235e-02 8.754766e-09
2.299735e+01 1.025928e-01 1.303429e-08
2.299735e+01 1.448116e-01 2.218521e-08
2.299735e+01 2.023460e-01 3.268790e-08
2.299735e+01 2.834245e-01 4.831232e-08
2.299735e+01 3.967448e-01 6.931678e-08
2.299735e+01 5.552783e-01 9.764574e-08
2.299735e+01 7.774819e-01 1.274243e-07
2.299735e+01 1.088445e+00 1.427858e-07
2.299735e+01 1.523711e+00 1.274112e-07
2.299735e+01 2.088426e+00 8.932444e-08
2.299735e+01 2.685505e+00 4.808068e-08
2.34773e+01 1.570796e-02 3.720725e-10
2.34773e+01 2.346256e-02 9.44654e-10
2.34773e+01 3.503514e-02 1.914312e-09
2.34773e+01 5.263151e-02 3.910439e-09
2.34773e+01 7.314235e-02 8.208185e-09
2.34773e+01 1.025928e-01 1.221626e-08
2.34773e+01 1.448116e-01 2.082828e-08
2.34773e+01 2.023460e-01 3.079685e-08
2.34773e+01 2.834245e-01 4.577552e-08
2.34773e+01 3.967448e-01 6.611826e-08
2.34773e+01 5.552783e-01 9.36984e-08
2.34773e+01 7.774819e-01 1.228768e-07
2.34773e+01 1.088445e+00 1.386854e-07
2.34773e+01 1.523711e+00 1.252433e-07
2.34773e+01 2.088426e+00 8.910696e-08
2.34773e+01 2.685505e+00 4.791234e-08
2.396684e+01 1.570796e-02 3.477965e-10
2.396684e+01 2.346256e-02 8.840414e-10
2.396684e+01 3.503514e-02 1.790080e-09
2.396684e+01 5.263151e-02 3.653765e-09
2.396684e+01 7.314235e-02 7.676823e-09
2.396684e+01 1.025928e-01 1.142407e-08
2.396684e+01 1.448116e-01 1.950899e-08
2.396684e+01 2.023460e-01 2.895908e-08
2.396684e+01 2.834245e-01 4.329814e-08
2.396684e+01 3.967448e-01 6.294946e-08
2.396684e+01 5.552783e-01 8.971609e-08
2.396684e+01 7.774819e-01 1.182606e-07
2.396684e+01 1.088445e+00 1.344103e-07
2.396684e+01 1.523711e+00 1.231116e-07
2.396684e+01 2.088426e+00 8.887880e-08
2.396684e+01 2.685505e+00 4.764997e-08
2.446618e+01 1.570796e-02 3.241682e-10
2.446618e+01 2.346256e-02 8.247427e-10
2.446618e+01 3.503514e-02 1.668678e-09
2.446618e+01 5.263151e-02 3.405231e-09
2.446618e+01 7.314235e-02 7.160135e-09
2.446618e+01 1.025928e-01 1.065659e-08
2.446618e+01 1.448116e-01 1.822791e-08
2.446618e+01 2.023460e-01 2.717187e-08
2.446618e+01 2.834245e-01 4.086913e-08
2.446618e+01 3.967448e-01 5.97838e-08
2.446618e+01 5.552783e-01 8.565901e-08
2.446618e+01 7.774819e-01 1.134706e-07
2.446618e+01 1.088445e+00 1.300068e-07
2.446618e+01 1.523711e+00 1.209093e-07
2.446618e+01 2.088426e+00 8.880984e-08
2.446618e+01 2.685505e+00 4.773821e-08
2.497550e+01 1.570796e-02 3.011956e-10
2.497550e+01 2.346256e-02 7.668657e-10
2.497550e+01 3.503514e-02 1.551028e-09
2.497550e+01 5.263151e-02 3.163038e-09
2.497550e+01 7.314235e-02 6.658837e-09
2.497550e+01 1.025928e-01 9.909626e-09
2.497550e+01 1.448116e-01 1.698226e-08
2.497550e+01 2.023460e-01 2.543201e-08
2.497550e+01 2.834245e-01 3.847536e-08
2.497550e+01 3.967448e-01 5.661575e-08
2.497550e+01 5.552783e-01 8.152926e-08
2.497550e+01 7.774819e-01 1.085336e-07
2.497550e+01 1.088445e+00 1.254504e-07
2.497550e+01 1.523711e+00 1.186423e-07
2.497550e+01 2.088426e+00 8.883812e-08
2.497550e+01 2.685505e+00 4.806590e-08
2.549501e+01 1.570796e-02 2.789738e-10
2.549501e+01 2.346256e-02 7.11124e-10
2.549501e+01 3.503514e-02 1.436506e-09
2.549501e+01 5.263151e-02 2.928992e-09
2.549501e+01 7.314235e-02 6.171044e-09
2.549501e+01 1.025928e-01 9.18841e-09
2.549501e+01 1.448116e-01 1.576677e-08
2.549501e+01 2.023460e-01 2.37304e-08
2.549501e+01 2.834245e-01 3.610547e-08
2.549501e+01 3.967448e-01 5.341414e-08
2.549501e+01 5.552783e-01 7.731737e-08
2.549501e+01 7.774819e-01 1.034718e-07
2.549501e+01 1.088445e+00 1.207297e-07
2.549501e+01 1.523711e+00 1.162688e-07
2.549501e+01 2.088426e+00 8.892055e-08
2.549501e+01 2.685505e+00 4.871525e-08
2.602491e+01 1.570796e-02 2.571754e-10
2.602491e+01 2.346256e-02 6.566996e-10
2.602491e+01 3.503514e-02 1.324375e-09
2.602491e+01 5.263151e-02 2.701512e-09
2.602491e+01 7.314235e-02 5.695644e-09
2.602491e+01 1.025928e-01 8.485563e-09
2.602491e+01 1.448116e-01 1.458327e-08
2.602491e+01 2.023460e-01 2.206217e-08
2.602491e+01 2.834245e-01 3.375210e-08
2.602491e+01 3.967448e-01 5.01909e-08
2.602491e+01 5.552783e-01 7.3021e-08
2.602491e+01 7.774819e-01 9.830506e-08
2.602491e+01 1.088445e+00 1.158184e-07
2.602491e+01 1.523711e+00 1.137367e-07
2.602491e+01 2.088426e+00 8.908392e-08
2.602491e+01 2.685505e+00 4.964704e-08
2.656541e+01 1.570796e-02 2.361116e-10
2.656541e+01 2.346256e-02 6.035141e-10
2.656541e+01 3.503514e-02 1.215297e-09
2.656541e+01 5.263151e-02 2.479756e-09
2.656541e+01 7.314235e-02 5.233074e-09
2.656541e+01 1.025928e-01 7.800274e-09
2.656541e+01 1.448116e-01 1.342634e-08
2.656541e+01 2.023460e-01 2.042321e-08
2.656541e+01 2.834245e-01 3.141108e-08
2.656541e+01 3.967448e-01 4.694185e-08
2.656541e+01 5.552783e-01 6.862376e-08
2.656541e+01 7.774819e-01 9.290641e-08
2.656541e+01 1.088445e+00 1.106549e-07
2.656541e+01 1.523711e+00 1.109289e-07
2.656541e+01 2.088426e+00 8.925575e-08
2.656541e+01 2.685505e+00 5.086490e-08
2.711672e+01 1.570796e-02 2.154752e-10
2.711672e+01 2.346256e-02 5.520218e-10
2.711672e+01 3.503514e-02 1.109353e-09
2.711672e+01 5.263151e-02 2.264092e-09
2.711672e+01 7.314235e-02 4.782825e-09
2.711672e+01 1.025928e-01 7.134413e-09
2.711672e+01 1.448116e-01 1.230029e-08
2.711672e+01 2.023460e-01 1.880561e-08
2.711672e+01 2.834245e-01 2.908287e-08
2.711672e+01 3.967448e-01 4.366714e-08
2.711672e+01 5.552783e-01 6.412483e-08
2.711672e+01 7.774819e-01 8.733428e-08
2.711672e+01 1.088445e+00 1.052457e-07
2.711672e+01 1.523711e+00 1.077701e-07
2.711672e+01 2.088426e+00 8.934481e-08
2.711672e+01 2.685505e+00 5.276132e-08
2.767905e+01 1.570796e-02 1.953855e-10
2.767905e+01 2.346256e-02 5.017843e-10
2.767905e+01 3.503514e-02 1.006123e-09
2.767905e+01 5.263151e-02 2.054317e-09
2.767905e+01 7.314235e-02 4.344501e-09
2.767905e+01 1.025928e-01 6.485749e-09
2.767905e+01 1.448116e-01 1.119657e-08
2.767905e+01 2.023460e-01 1.721564e-08
2.767905e+01 2.834245e-01 2.675714e-08
2.767905e+01 3.967448e-01 4.034421e-08
2.767905e+01 5.552783e-01 5.953309e-08
2.767905e+01 7.774819e-01 8.154021e-08
2.767905e+01 1.088445e+00 9.950458e-08
2.767905e+01 1.523711e+00 1.041942e-07
2.767905e+01 2.088426e+00 8.932481e-08
2.767905e+01 2.685505e+00 5.491707e-08
2.825263e+01 1.570796e-02 1.758823e-10
2.825263e+01 2.346256e-02 4.525422e-10
2.825263e+01 3.503514e-02 9.051295e-10
2.825263e+01 5.263151e-02 1.850043e-09
2.825263e+01 7.314235e-02 3.916378e-09
2.825263e+01 1.025928e-01 5.853636e-09
2.825263e+01 1.448116e-01 1.012129e-08
2.825263e+01 2.023460e-01 1.563917e-08
2.825263e+01 2.834245e-01 2.442797e-08
2.825263e+01 3.967448e-01 3.698067e-08
2.825263e+01 5.552783e-01 5.481551e-08
2.825263e+01 7.774819e-01 7.556739e-08
2.825263e+01 1.088445e+00 9.334682e-08
2.825263e+01 1.523711e+00 1.001744e-07
2.825263e+01 2.088426e+00 8.89817e-08
2.825263e+01 2.685505e+00 5.759606e-08
2.883769e+01 1.570796e-02 1.568333e-10
2.883769e+01 2.346256e-02 4.04736e-10
2.883769e+01 3.503514e-02 8.070778e-10
2.883769e+01 5.263151e-02 1.651208e-09
2.883769e+01 7.314235e-02 3.499308e-09
2.883769e+01 1.025928e-01 5.237127e-09
2.883769e+01 1.448116e-01 9.067634e-09
2.883769e+01 2.023460e-01 1.408474e-08
2.883769e+01 2.834245e-01 2.209752e-08
2.883769e+01 3.967448e-01 3.357363e-08
2.883769e+01 5.552783e-01 4.998349e-08
2.883769e+01 7.774819e-01 6.935825e-08
2.883769e+01 1.088445e+00 8.682876e-08
2.883769e+01 1.523711e+00 9.548643e-08
2.883769e+01 2.088426e+00 8.823426e-08
2.883769e+01 2.685505e+00 6.074932e-08
2.943444e+01 1.570796e-02 1.382374e-10
2.943444e+01 2.346256e-02 3.576723e-10
2.943444e+01 3.503514e-02 7.113163e-10
2.943444e+01 5.263151e-02 1.456861e-09
2.943444e+01 7.314235e-02 3.092385e-09
2.943444e+01 1.025928e-01 4.634467e-09
2.943444e+01 1.448116e-01 8.035522e-09
2.943444e+01 2.023460e-01 1.254296e-08
2.943444e+01 2.834245e-01 1.976327e-08
2.943444e+01 3.967448e-01 3.012301e-08
2.943444e+01 5.552783e-01 4.505592e-08
2.943444e+01 7.774819e-01 6.293464e-08
2.943444e+01 1.088445e+00 7.985128e-08
2.943444e+01 1.523711e+00 9.006739e-08
2.943444e+01 2.088426e+00 8.680112e-08
2.943444e+01 2.685505e+00 6.402718e-08
3.004313e+01 1.570796e-02 1.201853e-10
3.004313e+01 2.346256e-02 3.117873e-10
3.004313e+01 3.503514e-02 6.181582e-10
3.004313e+01 5.263151e-02 1.267813e-09
3.004313e+01 7.314235e-02 2.69496e-09
3.004313e+01 1.025928e-01 4.044710e-09
3.004313e+01 1.448116e-01 7.021812e-09
3.004313e+01 2.023460e-01 1.101394e-08
3.004313e+01 2.834245e-01 1.742688e-08
3.004313e+01 3.967448e-01 2.662942e-08
3.004313e+01 5.552783e-01 4.000559e-08
3.004313e+01 7.774819e-01 5.622795e-08
3.004313e+01 1.088445e+00 7.237871e-08
3.004313e+01 1.523711e+00 8.380015e-08
3.004313e+01 2.088426e+00 8.458916e-08
3.004313e+01 2.685505e+00 6.747536e-08
3.066399e+01 1.570796e-02 1.025424e-10
3.066399e+01 2.346256e-02 2.670202e-10
3.066399e+01 3.503514e-02 5.272644e-10
3.066399e+01 5.263151e-02 1.083469e-09
3.066399e+01 7.314235e-02 2.306459e-09
3.066399e+01 1.025928e-01 3.466661e-09
3.066399e+01 1.448116e-01 6.026845e-09
3.066399e+01 2.023460e-01 9.497437e-09
3.066399e+01 2.834245e-01 1.508596e-08
3.066399e+01 3.967448e-01 2.310681e-08
3.066399e+01 5.552783e-01 3.486587e-08
3.066399e+01 7.774819e-01 4.930767e-08
3.066399e+01 1.088445e+00 6.437315e-08
3.066399e+01 1.523711e+00 7.662859e-08
3.066399e+01 2.088426e+00 8.119620e-08
3.066399e+01 2.685505e+00 7.034958e-08
3.129727e+01 1.570796e-02 8.545795e-11
3.129727e+01 2.346256e-02 2.230667e-10
3.129727e+01 3.503514e-02 4.389513e-10
3.129727e+01 5.263151e-02 9.035641e-10
3.129727e+01 7.314235e-02 1.926773e-09
3.129727e+01 1.025928e-01 2.900701e-09
3.129727e+01 1.448116e-01 5.050178e-09
3.129727e+01 2.023460e-01 7.9939e-09
3.129727e+01 2.834245e-01 1.274245e-08
3.129727e+01 3.967448e-01 1.955668e-08
3.129727e+01 5.552783e-01 2.962635e-08
3.129727e+01 7.774819e-01 4.215267e-08
3.129727e+01 1.088445e+00 5.581594e-08
3.129727e+01 1.523711e+00 6.841439e-08
3.129727e+01 2.088426e+00 7.628815e-08
3.129727e+01 2.685505e+00 7.182505e-08
3.194322e+01 1.570796e-02 6.876820e-11
3.194322e+01 2.346256e-02 1.801587e-10
3.194322e+01 3.503514e-02 3.531507e-10
3.194322e+01 5.263151e-02 7.282064e-10
3.194322e+01 7.314235e-02 1.555604e-09
3.194322e+01 1.025928e-01 2.345751e-09
3.194322e+01 1.448116e-01 4.089002e-09
3.194322e+01 2.023460e-01 6.501009e-09
3.194322e+01 2.834245e-01 1.03948e-08
3.194322e+01 3.967448e-01 1.598269e-08
3.194322e+01 5.552783e-01 2.430327e-08
3.194322e+01 7.774819e-01 3.478948e-08
3.194322e+01 1.088445e+00 4.673326e-08
3.194322e+01 1.523711e+00 5.898879e-08
3.194322e+01 2.088426e+00 6.946236e-08
3.194322e+01 2.685505e+00 7.152137e-08
3.260208e+01 1.570796e-02 5.263442e-11
3.260208e+01 2.346256e-02 1.382499e-10
3.260208e+01 3.503514e-02 2.697614e-10
3.260208e+01 5.263151e-02 5.576708e-10
3.260208e+01 7.314235e-02 1.194050e-09
3.260208e+01 1.025928e-01 1.802906e-09
3.260208e+01 1.448116e-01 3.147507e-09
3.260208e+01 2.023460e-01 5.023108e-09
3.260208e+01 2.834245e-01 8.053637e-09
3.260208e+01 3.967448e-01 1.240263e-08
3.260208e+01 5.552783e-01 1.891846e-08
3.260208e+01 7.774819e-01 2.724919e-08
3.260208e+01 1.088445e+00 3.708791e-08
3.260208e+01 1.523711e+00 4.827038e-08
3.260208e+01 2.088426e+00 6.017872e-08
3.260208e+01 2.685505e+00 6.777489e-08
3.327412e+01 1.570796e-02 3.660715e-11
3.327412e+01 2.346256e-02 9.679873e-11
3.327412e+01 3.503514e-02 1.875469e-10
3.327412e+01 5.263151e-02 3.885640e-10
3.327412e+01 7.314235e-02 8.343499e-10
3.327412e+01 1.025928e-01 1.261898e-09
3.327412e+01 1.448116e-01 2.207069e-09
3.327412e+01 2.023460e-01 3.537619e-09
3.327412e+01 2.834245e-01 5.689443e-09
3.327412e+01 3.967448e-01 8.776919e-09
3.327412e+01 5.552783e-01 1.343374e-08
3.327412e+01 7.774819e-01 1.948368e-08
3.327412e+01 1.088445e+00 2.687318e-08
3.327412e+01 1.523711e+00 3.609430e-08
3.327412e+01 2.088426e+00 4.781769e-08
3.327412e+01 2.685505e+00 5.906509e-08
3.395961e+01 1.570796e-02 2.238214e-11
3.395961e+01 2.346256e-02 5.965883e-11
3.395961e+01 3.503514e-02 1.148863e-10
3.395961e+01 5.263151e-02 2.387746e-10
3.395961e+01 7.314235e-02 5.138027e-10
3.395961e+01 1.025928e-01 7.765938e-10
3.395961e+01 1.448116e-01 1.355423e-09
3.395961e+01 2.023460e-01 2.166838e-09
3.395961e+01 2.834245e-01 3.471432e-09
3.395961e+01 3.967448e-01 5.318137e-09
3.395961e+01 5.552783e-01 8.101719e-09
3.395961e+01 7.774819e-01 1.174011e-08
3.395961e+01 1.088445e+00 1.630165e-08
3.395961e+01 1.523711e+00 2.246072e-08
3.395961e+01 2.088426e+00 3.158413e-08
3.395961e+01 2.685505e+00 4.250283e-08
3.46588e+01 1.570796e-02 6.939674e-12
3.46588e+01 2.346256e-02 1.5845e-11
3.46588e+01 3.503514e-02 3.583698e-11
3.46588e+01 5.263151e-02 6.885049e-11
3.46588e+01 7.314235e-02 1.512426e-10
3.46588e+01 1.025928e-01 2.281947e-10
3.46588e+01 1.448116e-01 4.004011e-10
3.46588e+01 2.023460e-01 6.526503e-10
3.46588e+01 2.834245e-01 1.060684e-09
3.46588e+01 3.967448e-01 1.647674e-09
3.46588e+01 5.552783e-01 2.533376e-09
3.46588e+01 7.774819e-01 3.727121e-09
3.46588e+01 1.088445e+00 5.278545e-09
3.46588e+01 1.523711e+00 7.528033e-09
3.46588e+01 2.088426e+00 1.115990e-08
3.46588e+01 2.685505e+00 1.603487e-08
3.537197e+01 1.570796e-02 0.e+00
3.537197e+01 2.346256e-02 0.e+00
3.537197e+01 3.503514e-02 0.e+00
3.537197e+01 5.263151e-02 0.e+00
3.537197e+01 7.314235e-02 0.e+00
3.537197e+01 1.025928e-01 0.e+00
3.537197e+01 1.448116e-01 0.e+00
3.537197e+01 2.023460e-01 0.e+00
3.537197e+01 2.834245e-01 0.e+00
3.537197e+01 3.967448e-01 0.e+00
3.537197e+01 5.552783e-01 0.e+00
3.537197e+01 7.774819e-01 0.e+00
3.537197e+01 1.088445e+00 0.e+00
3.537197e+01 1.523711e+00 0.e+00
3.537197e+01 2.088426e+00 0.e+00
3.537197e+01 2.685505e+00 0.e+00
