5.0,0.e+00,0.e+00
5.0,1.570796e-02,0.e+00
5.0,2.346256e-02,0.e+00
5.0,3.503514e-02,0.e+00
5.0,5.263151e-02,0.e+00
5.0,7.314235e-02,0.e+00
5.0,1.025928e-01,0.e+00
5.0,1.448116e-01,0.e+00
5.0,2.023460e-01,0.e+00
5.0,2.834245e-01,0.e+00
5.0,3.967448e-01,0.e+00
5.0,5.552783e-01,0.e+00
5.0,7.774819e-01,0.e+00
5.0,1.088445e+00,0.e+00
5.0,1.523711e+00,0.e+00
5.0,2.088426e+00,0.e+00
5.0,2.685505e+00,0.e+00
5.12,0.e+00,0.e+00
5.12,1.570796e-02,0.e+00
5.12,2.346256e-02,0.e+00
5.12,3.503514e-02,0.e+00
5.12,5.263151e-02,0.e+00
5.12,7.314235e-02,0.e+00
5.12,1.025928e-01,0.e+00
5.12,1.448116e-01,0.e+00
5.12,2.023460e-01,0.e+00
5.12,2.834245e-01,0.e+00
5.12,3.967448e-01,0.e+00
5.12,5.552783e-01,0.e+00
5.12,7.774819e-01,0.e+00
5.12,1.088445e+00,0.e+00
5.12,1.523711e+00,0.e+00
5.12,2.088426e+00,0.e+00
5.12,2.685505e+00,0.e+00
5.2424,0.e+00,0.e+00
5.2424,1.570796e-02,0.e+00
5.2424,2.346256e-02,0.e+00
5.2424,3.503514e-02,0.e+00
5.2424,5.263151e-02,0.e+00
5.2424,7.314235e-02,0.e+00
5.2424,1.025928e-01,0.e+00
5.2424,1.448116e-01,0.e+00
5.2424,2.023460e-01,0.e+00
5.2424,2.834245e-01,0.e+00
5.2424,3.967448e-01,0.e+00
5.2424,5.552783e-01,0.e+00
5.2424,7.774819e-01,0.e+00
5.2424,1.088445e+00,0.e+00
5.2424,1.523711e+00,0.e+00
5.2424,2.088426e+00,0.e+00
5.2424,2.685505e+00,0.e+00
5.367248,0.e+00,0.e+00
5.367248,1.570796e-02,0.e+00
5.367248,2.346256e-02,0.e+00
5.367248,3.503514e-02,0.e+00
5.367248,5.263151e-02,0.e+00
5.367248,7.314235e-02,0.e+00
5.367248,1.025928e-01,0.e+00
5.367248,1.448116e-01,0.e+00
5.367248,2.023460e-01,0.e+00
5.367248,2.834245e-01,0.e+00
5.367248,3.967448e-01,0.e+00
5.367248,5.552783e-01,0.e+00
5.367248,7.774819e-01,0.e+00
5.367248,1.088445e+00,0.e+00
5.367248,1.523711e+00,0.e+00
5.367248,2.088426e+00,0.e+00
5.367248,2.685505e+00,0.e+00
5.49459296,0.e+00,0.e+00
5.49459296,1.570796e-02,0.e+00
5.49459296,2.346256e-02,0.e+00
5.49459296,3.503514e-02,0.e+00
5.49459296,5.263151e-02,0.e+00
5.49459296,7.314235e-02,0.e+00
5.49459296,1.025928e-01,0.e+00
5.49459296,1.448116e-01,0.e+00
5.49459296,2.023460e-01,0.e+00
5.49459296,2.834245e-01,0.e+00
5.49459296,3.967448e-01,0.e+00
5.49459296,5.552783e-01,0.e+00
5.49459296,7.774819e-01,0.e+00
5.49459296,1.088445e+00,0.e+00
5.49459296,1.523711e+00,0.e+00
5.49459296,2.088426e+00,0.e+00
5.49459296,2.685505e+00,0.e+00
5.6244848192,0.e+00,0.e+00
5.6244848192,1.570796e-02,0.e+00
5.6244848192,2.346256e-02,0.e+00
5.6244848192,3.503514e-02,0.e+00
5.6244848192,5.263151e-02,0.e+00
5.6244848192,7.314235e-02,0.e+00
5.6244848192,1.025928e-01,0.e+00
5.6244848192,1.448116e-01,0.e+00
5.6244848192,2.023460e-01,0.e+00
5.6244848192,2.834245e-01,0.e+00
5.6244848192,3.967448e-01,0.e+00
5.6244848192,5.552783e-01,0.e+00
5.6244848192,7.774819e-01,0.e+00
5.6244848192,1.088445e+00,0.e+00
5.6244848192,1.523711e+00,0.e+00
5.6244848192,2.088426e+00,0.e+00
5.6244848192,2.685505e+00,0.e+00
5.756974515584,0.e+00,0.e+00
5.756974515584,1.570796e-02,-1.227981e-05
5.756974515584,2.346256e-02,-3.006154e-05
5.756974515584,3.503514e-02,-4.779877e-05
5.756974515584,5.263151e-02,-3.731877e-05
5.756974515584,7.314235e-02,-2.978239e-05
5.756974515584,1.025928e-01,-9.415484e-06
5.756974515584,1.448116e-01,-5.913532e-05
5.756974515584,2.023460e-01,-7.662910e-05
5.756974515584,2.834245e-01,-7.359761e-05
5.756974515584,3.967448e-01,-5.163796e-05
5.756974515584,5.552783e-01,-3.581942e-05
5.756974515584,7.774819e-01,-2.853357e-05
5.756974515584,1.088445e+00,-2.669341e-05
5.756974515584,1.523711e+00,-2.758363e-05
5.756974515584,2.088426e+00,-3.234332e-05
5.756974515584,2.685505e+00,-3.239407e-05
5.89211400589568,0.e+00,0.e+00
5.89211400589568,1.570796e-02,-8.330429e-05
5.89211400589568,2.346256e-02,-1.353046e-04
5.89211400589568,3.503514e-02,-7.749415e-04
5.89211400589568,5.263151e-02,-4.817295e-04
5.89211400589568,7.314235e-02,-4.479947e-04
5.89211400589568,1.025928e-01,-5.796788e-04
5.89211400589568,1.448116e-01,-6.681054e-04
5.89211400589568,2.023460e-01,-5.814882e-04
5.89211400589568,2.834245e-01,-5.729111e-04
5.89211400589568,3.967448e-01,-4.97863e-04
5.89211400589568,5.552783e-01,-3.852735e-04
5.89211400589568,7.774819e-01,-3.401876e-04
5.89211400589568,1.088445e+00,-3.074897e-04
5.89211400589568,1.523711e+00,-3.015628e-04
5.89211400589568,2.088426e+00,-3.275022e-04
5.89211400589568,2.685505e+00,-3.548390e-04
6.029956286013594,0.e+00,0.e+00
6.029956286013594,1.570796e-02,-1.645889e-04
6.029956286013594,2.346256e-02,-3.535205e-04
6.029956286013594,3.503514e-02,-2.004161e-03
6.029956286013594,5.263151e-02,-1.96621e-03
6.029956286013594,7.314235e-02,-1.482564e-03
6.029956286013594,1.025928e-01,-1.955623e-03
6.029956286013594,1.448116e-01,-1.970331e-03
6.029956286013594,2.023460e-01,-1.970651e-03
6.029956286013594,2.834245e-01,-1.737459e-03
6.029956286013594,3.967448e-01,-1.67056e-03
6.029956286013594,5.552783e-01,-1.395156e-03
6.029956286013594,7.774819e-01,-1.205426e-03
6.029956286013594,1.088445e+00,-1.020642e-03
6.029956286013594,1.523711e+00,-9.805104e-04
6.029956286013594,2.088426e+00,-1.060597e-03
6.029956286013594,2.685505e+00,-1.101694e-03
6.170555411733866,0.e+00,0.e+00
6.170555411733866,1.570796e-02,-2.720456e-04
6.170555411733866,2.346256e-02,-7.599704e-04
6.170555411733866,3.503514e-02,-3.389175e-03
6.170555411733866,5.263151e-02,-4.641023e-03
6.170555411733866,7.314235e-02,-3.862819e-03
6.170555411733866,1.025928e-01,-4.698026e-03
6.170555411733866,1.448116e-01,-5.193989e-03
6.170555411733866,2.023460e-01,-4.943608e-03
6.170555411733866,2.834245e-01,-4.655737e-03
6.170555411733866,3.967448e-01,-4.028838e-03
6.170555411733866,5.552783e-01,-3.488051e-03
6.170555411733866,7.774819e-01,-2.944076e-03
6.170555411733866,1.088445e+00,-2.579993e-03
6.170555411733866,1.523711e+00,-2.386507e-03
6.170555411733866,2.088426e+00,-2.554337e-03
6.170555411733866,2.685505e+00,-2.659432e-03
6.3139665199685435,0.e+00,0.e+00
6.3139665199685435,1.570796e-02,-3.314626e-04
6.3139665199685435,2.346256e-02,-1.035138e-03
6.3139665199685435,3.503514e-02,-4.786204e-03
6.3139665199685435,5.263151e-02,-7.128766e-03
6.3139665199685435,7.314235e-02,-6.878754e-03
6.3139665199685435,1.025928e-01,-8.849522e-03
6.3139665199685435,1.448116e-01,-9.747209e-03
6.3139665199685435,2.023460e-01,-9.028901e-03
6.3139665199685435,2.834245e-01,-8.550136e-03
6.3139665199685435,3.967448e-01,-7.835246e-03
6.3139665199685435,5.552783e-01,-6.7601e-03
6.3139665199685435,7.774819e-01,-5.700327e-03
6.3139665199685435,1.088445e+00,-4.862689e-03
6.3139665199685435,1.523711e+00,-4.43037e-03
6.3139665199685435,2.088426e+00,-4.704606e-03
6.3139665199685435,2.685505e+00,-4.836777e-03
6.460245850367914,0.e+00,0.e+00
6.460245850367914,1.570796e-02,-3.420935e-04
6.460245850367914,2.346256e-02,-1.194191e-03
6.460245850367914,3.503514e-02,-5.733608e-03
6.460245850367914,5.263151e-02,-9.02373e-03
6.460245850367914,7.314235e-02,-1.011479e-02
6.460245850367914,1.025928e-01,-1.404953e-02
6.460245850367914,1.448116e-01,-1.469231e-02
6.460245850367914,2.023460e-01,-1.406495e-02
6.460245850367914,2.834245e-01,-1.374483e-02
6.460245850367914,3.967448e-01,-1.257174e-02
6.460245850367914,5.552783e-01,-1.075425e-02
6.460245850367914,7.774819e-01,-9.064962e-03
6.460245850367914,1.088445e+00,-7.727167e-03
6.460245850367914,1.523711e+00,-6.956184e-03
6.460245850367914,2.088426e+00,-7.270728e-03
6.460245850367914,2.685505e+00,-7.455101e-03
6.6094507673752725,0.e+00,0.e+00
6.6094507673752725,1.570796e-02,-3.257723e-04
6.6094507673752725,2.346256e-02,-1.16055e-03
6.6094507673752725,3.503514e-02,-6.052564e-03
6.6094507673752725,5.263151e-02,-1.053848e-02
6.6094507673752725,7.314235e-02,-1.272764e-02
6.6094507673752725,1.025928e-01,-1.875035e-02
6.6094507673752725,1.448116e-01,-1.948791e-02
6.6094507673752725,2.023460e-01,-1.930034e-02
6.6094507673752725,2.834245e-01,-1.897185e-02
6.6094507673752725,3.967448e-01,-1.766564e-02
6.6094507673752725,5.552783e-01,-1.510897e-02
6.6094507673752725,7.774819e-01,-1.281459e-02
6.6094507673752725,1.088445e+00,-1.080001e-02
6.6094507673752725,1.523711e+00,-9.693482e-03
6.6094507673752725,2.088426e+00,-9.981223e-03
6.6094507673752725,2.685505e+00,-1.00911e-02
6.761639782722778,0.e+00,0.e+00
6.761639782722778,1.570796e-02,-2.644125e-04
6.761639782722778,2.346256e-02,-1.131909e-03
6.761639782722778,3.503514e-02,-5.845003e-03
6.761639782722778,5.263151e-02,-1.123113e-02
6.761639782722778,7.314235e-02,-1.455141e-02
6.761639782722778,1.025928e-01,-2.199893e-02
6.761639782722778,1.448116e-01,-2.360402e-02
6.761639782722778,2.023460e-01,-2.386765e-02
6.761639782722778,2.834245e-01,-2.410284e-02
6.761639782722778,3.967448e-01,-2.296756e-02
6.761639782722778,5.552783e-01,-1.970222e-02
6.761639782722778,7.774819e-01,-1.666862e-02
6.761639782722778,1.088445e+00,-1.391608e-02
6.761639782722778,1.523711e+00,-1.236083e-02
6.761639782722778,2.088426e+00,-1.257161e-02
6.761639782722778,2.685505e+00,-1.260805e-02
6.916872578377234,0.e+00,0.e+00
6.916872578377234,1.570796e-02,-2.201124e-04
6.916872578377234,2.346256e-02,-1.004883e-03
6.916872578377234,3.503514e-02,-5.329961e-03
6.916872578377234,5.263151e-02,-1.130677e-02
6.916872578377234,7.314235e-02,-1.548342e-02
6.916872578377234,1.025928e-01,-2.426306e-02
6.916872578377234,1.448116e-01,-2.667315e-02
6.916872578377234,2.023460e-01,-2.786885e-02
6.916872578377234,2.834245e-01,-2.864521e-02
6.916872578377234,3.967448e-01,-2.768589e-02
6.916872578377234,5.552783e-01,-2.408409e-02
6.916872578377234,7.774819e-01,-2.049324e-02
6.916872578377234,1.088445e+00,-1.700765e-02
6.916872578377234,1.523711e+00,-1.495152e-02
6.916872578377234,2.088426e+00,-1.498553e-02
6.916872578377234,2.685505e+00,-1.481945e-02
7.075210029944779,0.e+00,0.e+00
7.075210029944779,1.570796e-02,-2.054749e-04
7.075210029944779,2.346256e-02,-9.327330e-04
7.075210029944779,3.503514e-02,-4.858511e-03
7.075210029944779,5.263151e-02,-1.082964e-02
7.075210029944779,7.314235e-02,-1.538441e-02
7.075210029944779,1.025928e-01,-2.491655e-02
7.075210029944779,1.448116e-01,-2.854296e-02
7.075210029944779,2.023460e-01,-3.067669e-02
7.075210029944779,2.834245e-01,-3.223499e-02
7.075210029944779,3.967448e-01,-3.157741e-02
7.075210029944779,5.552783e-01,-2.798842e-02
7.075210029944779,7.774819e-01,-2.396059e-02
7.075210029944779,1.088445e+00,-1.978179e-02
7.075210029944779,1.523711e+00,-1.730164e-02
7.075210029944779,2.088426e+00,-1.718387e-02
7.075210029944779,2.685505e+00,-1.678832e-02
7.236714230543676,0.e+00,0.e+00
7.236714230543676,1.570796e-02,-1.934647e-04
7.236714230543676,2.346256e-02,-8.686021e-04
7.236714230543676,3.503514e-02,-4.479686e-03
7.236714230543676,5.263151e-02,-1.006397e-02
7.236714230543676,7.314235e-02,-1.457842e-02
7.236714230543676,1.025928e-01,-2.458093e-02
7.236714230543676,1.448116e-01,-2.924292e-02
7.236714230543676,2.023460e-01,-3.241304e-02
7.236714230543676,2.834245e-01,-3.485908e-02
7.236714230543676,3.967448e-01,-3.474613e-02
7.236714230543676,5.552783e-01,-3.122531e-02
7.236714230543676,7.774819e-01,-2.684203e-02
7.236714230543676,1.088445e+00,-2.217000e-02
7.236714230543676,1.523711e+00,-1.928776e-02
7.236714230543676,2.088426e+00,-1.894994e-02
7.236714230543676,2.685505e+00,-1.829232e-02
7.401448515154549,0.e+00,0.e+00
7.401448515154549,1.570796e-02,-1.70771e-04
7.401448515154549,2.346256e-02,-7.884389e-04
7.401448515154549,3.503514e-02,-4.117766e-03
7.401448515154549,5.263151e-02,-9.318046e-03
7.401448515154549,7.314235e-02,-1.352253e-02
7.401448515154549,1.025928e-01,-2.343393e-02
7.401448515154549,1.448116e-01,-2.899499e-02
7.401448515154549,2.023460e-01,-3.314396e-02
7.401448515154549,2.834245e-01,-3.656405e-02
7.401448515154549,3.967448e-01,-3.691237e-02
7.401448515154549,5.552783e-01,-3.379652e-02
7.401448515154549,7.774819e-01,-2.923317e-02
7.401448515154549,1.088445e+00,-2.417439e-02
7.401448515154549,1.523711e+00,-2.097814e-02
7.401448515154549,2.088426e+00,-2.045364e-02
7.401448515154549,2.685505e+00,-1.962165e-02
7.569477485457639,0.e+00,0.e+00
7.569477485457639,1.570796e-02,-1.446166e-04
7.569477485457639,2.346256e-02,-7.057287e-04
7.569477485457639,3.503514e-02,-3.730964e-03
7.569477485457639,5.263151e-02,-8.502699e-03
7.569477485457639,7.314235e-02,-1.238211e-02
7.569477485457639,1.025928e-01,-2.186726e-02
7.569477485457639,1.448116e-01,-2.8037e-02
7.569477485457639,2.023460e-01,-3.304014e-02
7.569477485457639,2.834245e-01,-3.745583e-02
7.569477485457639,3.967448e-01,-3.829756e-02
7.569477485457639,5.552783e-01,-3.566767e-02
7.569477485457639,7.774819e-01,-3.114682e-02
7.569477485457639,1.088445e+00,-2.590786e-02
7.569477485457639,1.523711e+00,-2.240606e-02
7.569477485457639,2.088426e+00,-2.168605e-02
7.569477485457639,2.685505e+00,-2.060850e-02
7.740867035166792,0.e+00,0.e+00
7.740867035166792,1.570796e-02,-1.262986e-04
7.740867035166792,2.346256e-02,-6.302792e-04
7.740867035166792,3.503514e-02,-3.348827e-03
7.740867035166792,5.263151e-02,-7.623880e-03
7.740867035166792,7.314235e-02,-1.122634e-02
7.740867035166792,1.025928e-01,-2.01281e-02
7.740867035166792,1.448116e-01,-2.660173e-02
7.740867035166792,2.023460e-01,-3.211629e-02
7.740867035166792,2.834245e-01,-3.747831e-02
7.740867035166792,3.967448e-01,-3.894844e-02
7.740867035166792,5.552783e-01,-3.685422e-02
7.740867035166792,7.774819e-01,-3.254432e-02
7.740867035166792,1.088445e+00,-2.720486e-02
7.740867035166792,1.523711e+00,-2.347727e-02
7.740867035166792,2.088426e+00,-2.268232e-02
7.740867035166792,2.685505e+00,-2.139232e-02
7.9156843758701285,0.e+00,0.e+00
7.9156843758701285,1.570796e-02,-1.109866e-04
7.9156843758701285,2.346256e-02,-5.633007e-04
7.9156843758701285,3.503514e-02,-2.987217e-03
7.9156843758701285,5.263151e-02,-6.792927e-03
7.9156843758701285,7.314235e-02,-1.005353e-02
7.9156843758701285,1.025928e-01,-1.832094e-02
7.9156843758701285,1.448116e-01,-2.470852e-02
7.9156843758701285,2.023460e-01,-3.065413e-02
7.9156843758701285,2.834245e-01,-3.682868e-02
7.9156843758701285,3.967448e-01,-3.892612e-02
7.9156843758701285,5.552783e-01,-3.747679e-02
7.9156843758701285,7.774819e-01,-3.342506e-02
7.9156843758701285,1.088445e+00,-2.813664e-02
7.9156843758701285,1.523711e+00,-2.429501e-02
7.9156843758701285,2.088426e+00,-2.342015e-02
7.9156843758701285,2.685505e+00,-2.193828e-02
8.09399806338753,0.e+00,0.e+00
8.09399806338753,1.570796e-02,-9.566567e-05
8.09399806338753,2.346256e-02,-4.990773e-04
8.09399806338753,3.503514e-02,-2.641103e-03
8.09399806338753,5.263151e-02,-6.031365e-03
8.09399806338753,7.314235e-02,-8.928834e-03
8.09399806338753,1.025928e-01,-1.6506e-02
8.09399806338753,1.448116e-01,-2.268887e-02
8.09399806338753,2.023460e-01,-2.887998e-02
8.09399806338753,2.834245e-01,-3.557614e-02
8.09399806338753,3.967448e-01,-3.828536e-02
8.09399806338753,5.552783e-01,-3.758748e-02
8.09399806338753,7.774819e-01,-3.383852e-02
8.09399806338753,1.088445e+00,-2.872198e-02
8.09399806338753,1.523711e+00,-2.487098e-02
8.09399806338753,2.088426e+00,-2.385917e-02
8.09399806338753,2.685505e+00,-2.222941e-02
8.275878024655281,0.e+00,0.e+00
8.275878024655281,1.570796e-02,-8.326666e-05
8.275878024655281,2.346256e-02,-4.446318e-04
8.275878024655281,3.503514e-02,-2.356594e-03
8.275878024655281,5.263151e-02,-5.355305e-03
8.275878024655281,7.314235e-02,-7.914069e-03
8.275878024655281,1.025928e-01,-1.478844e-02
8.275878024655281,1.448116e-01,-2.056753e-02
8.275878024655281,2.023460e-01,-2.676577e-02
8.275878024655281,2.834245e-01,-3.382020e-02
8.275878024655281,3.967448e-01,-3.705974e-02
8.275878024655281,5.552783e-01,-3.707812e-02
8.275878024655281,7.774819e-01,-3.381791e-02
8.275878024655281,1.088445e+00,-2.892138e-02
8.275878024655281,1.523711e+00,-2.516574e-02
8.275878024655281,2.088426e+00,-2.413772e-02
8.275878024655281,2.685505e+00,-2.238299e-02
8.461395585148386,0.e+00,0.e+00
8.461395585148386,1.570796e-02,-7.162171e-05
8.461395585148386,2.346256e-02,-3.943794e-04
8.461395585148386,3.503514e-02,-2.104321e-03
8.461395585148386,5.263151e-02,-4.767659e-03
8.461395585148386,7.314235e-02,-6.993339e-03
8.461395585148386,1.025928e-01,-1.317077e-02
8.461395585148386,1.448116e-01,-1.84849e-02
8.461395585148386,2.023460e-01,-2.445337e-02
8.461395585148386,2.834245e-01,-3.16608e-02
8.461395585148386,3.967448e-01,-3.5451e-02
8.461395585148386,5.552783e-01,-3.612531e-02
8.461395585148386,7.774819e-01,-3.337407e-02
8.461395585148386,1.088445e+00,-2.880734e-02
8.461395585148386,1.523711e+00,-2.519941e-02
8.461395585148386,2.088426e+00,-2.417774e-02
8.461395585148386,2.685505e+00,-2.235777e-02
8.650623496851354,0.e+00,0.e+00
8.650623496851354,1.570796e-02,-6.296402e-05
8.650623496851354,2.346256e-02,-3.50101e-04
8.650623496851354,3.503514e-02,-1.870611e-03
8.650623496851354,5.263151e-02,-4.228810e-03
8.650623496851354,7.314235e-02,-6.178254e-03
8.650623496851354,1.025928e-01,-1.167615e-02
8.650623496851354,1.448116e-01,-1.649618e-02
8.650623496851354,2.023460e-01,-2.218055e-02
8.650623496851354,2.834245e-01,-2.927536e-02
8.650623496851354,3.967448e-01,-3.353435e-02
8.650623496851354,5.552783e-01,-3.476836e-02
8.650623496851354,7.774819e-01,-3.256662e-02
8.650623496851354,1.088445e+00,-2.835868e-02
8.650623496851354,1.523711e+00,-2.499315e-02
8.650623496851354,2.088426e+00,-2.401239e-02
8.650623496851354,2.685505e+00,-2.204967e-02
8.843635966788382,0.e+00,0.e+00
8.843635966788382,1.570796e-02,-5.431168e-05
8.843635966788382,2.346256e-02,-3.1284e-04
8.843635966788382,3.503514e-02,-1.656161e-03
8.843635966788382,5.263151e-02,-3.747275e-03
8.843635966788382,7.314235e-02,-5.465177e-03
8.843635966788382,1.025928e-01,-1.033518e-02
8.843635966788382,1.448116e-01,-1.464408e-02
8.843635966788382,2.023460e-01,-1.994302e-02
8.843635966788382,2.834245e-01,-2.680104e-02
8.843635966788382,3.967448e-01,-3.138765e-02
8.843635966788382,5.552783e-01,-3.308116e-02
8.843635966788382,7.774819e-01,-3.142553e-02
8.843635966788382,1.088445e+00,-2.767668e-02
8.843635966788382,1.523711e+00,-2.460384e-02
8.843635966788382,2.088426e+00,-2.370585e-02
8.843635966788382,2.685505e+00,-2.162677e-02
9.04050868612415,0.e+00,0.e+00
9.04050868612415,1.570796e-02,-4.68507e-05
9.04050868612415,2.346256e-02,-2.767585e-04
9.04050868612415,3.503514e-02,-1.456128e-03
9.04050868612415,5.263151e-02,-3.316777e-03
9.04050868612415,7.314235e-02,-4.831657e-03
9.04050868612415,1.025928e-01,-9.105489e-03
9.04050868612415,1.448116e-01,-1.293097e-02
9.04050868612415,2.023460e-01,-1.780669e-02
9.04050868612415,2.834245e-01,-2.428628e-02
9.04050868612415,3.967448e-01,-2.904179e-02
9.04050868612415,5.552783e-01,-3.112867e-02
9.04050868612415,7.774819e-01,-3.000399e-02
9.04050868612415,1.088445e+00,-2.673448e-02
9.04050868612415,1.523711e+00,-2.396671e-02
9.04050868612415,2.088426e+00,-2.316895e-02
9.04050868612415,2.685505e+00,-2.105327e-02
9.241318859846633,0.e+00,0.e+00
9.241318859846633,1.570796e-02,-4.026465e-05
9.241318859846633,2.346256e-02,-2.447428e-04
9.241318859846633,3.503514e-02,-1.276699e-03
9.241318859846633,5.263151e-02,-2.92867e-03
9.241318859846633,7.314235e-02,-4.263732e-03
9.241318859846633,1.025928e-01,-7.998248e-03
9.241318859846633,1.448116e-01,-1.137841e-02
9.241318859846633,2.023460e-01,-1.582809e-02
9.241318859846633,2.834245e-01,-2.183576e-02
9.241318859846633,3.967448e-01,-2.660185e-02
9.241318859846633,5.552783e-01,-2.901909e-02
9.241318859846633,7.774819e-01,-2.837872e-02
9.241318859846633,1.088445e+00,-2.561787e-02
9.241318859846633,1.523711e+00,-2.320733e-02
9.241318859846633,2.088426e+00,-2.250131e-02
9.241318859846633,2.685505e+00,-2.029286e-02
9.446145237043565,0.e+00,0.e+00
9.446145237043565,1.570796e-02,-3.406041e-05
9.446145237043565,2.346256e-02,-2.129601e-04
9.446145237043565,3.503514e-02,-1.118256e-03
9.446145237043565,5.263151e-02,-2.574851e-03
9.446145237043565,7.314235e-02,-3.748099e-03
9.446145237043565,1.025928e-01,-7.014032e-03
9.446145237043565,1.448116e-01,-9.991954e-03
9.446145237043565,2.023460e-01,-1.399473e-02
9.446145237043565,2.834245e-01,-1.951835e-02
9.446145237043565,3.967448e-01,-2.413459e-02
9.446145237043565,5.552783e-01,-2.681348e-02
9.446145237043565,7.774819e-01,-2.660458e-02
9.446145237043565,1.088445e+00,-2.434742e-02
9.446145237043565,1.523711e+00,-2.228973e-02
9.446145237043565,2.088426e+00,-2.175265e-02
9.446145237043565,2.685505e+00,-1.948423e-02
9.655068141784437,0.e+00,0.e+00
9.655068141784437,1.570796e-02,-2.913066e-05
9.655068141784437,2.346256e-02,-1.848347e-04
9.655068141784437,3.503514e-02,-9.745499e-04
9.655068141784437,5.263151e-02,-2.253548e-03
9.655068141784437,7.314235e-02,-3.275727e-03
9.655068141784437,1.025928e-01,-6.114389e-03
9.655068141784437,1.448116e-01,-8.745932e-03
9.655068141784437,2.023460e-01,-1.232035e-02
9.655068141784437,2.834245e-01,-1.732438e-02
9.655068141784437,3.967448e-01,-2.171882e-02
9.655068141784437,5.552783e-01,-2.456287e-02
9.655068141784437,7.774819e-01,-2.472534e-02
9.655068141784437,1.088445e+00,-2.294534e-02
9.655068141784437,1.523711e+00,-2.129168e-02
9.655068141784437,2.088426e+00,-2.091754e-02
9.655068141784437,2.685505e+00,-1.866403e-02
9.868169504620125,0.e+00,0.e+00
9.868169504620125,1.570796e-02,-2.476167e-05
9.868169504620125,2.346256e-02,-1.585586e-04
9.868169504620125,3.503514e-02,-8.461971e-04
9.868169504620125,5.263151e-02,-1.960514e-03
9.868169504620125,7.314235e-02,-2.846676e-03
9.868169504620125,1.025928e-01,-5.317352e-03
9.868169504620125,1.448116e-01,-7.627101e-03
9.868169504620125,2.023460e-01,-1.077052e-02
9.868169504620125,2.834245e-01,-1.529213e-02
9.868169504620125,3.967448e-01,-1.940038e-02
9.868169504620125,5.552783e-01,-2.231502e-02
9.868169504620125,7.774819e-01,-2.280960e-02
9.868169504620125,1.088445e+00,-2.144504e-02
9.868169504620125,1.523711e+00,-2.016619e-02
9.868169504620125,2.088426e+00,-1.990844e-02
9.868169504620125,2.685505e+00,-1.766872e-02
10.085532894712529,0.e+00,0.e+00
10.085532894712529,1.570796e-02,-2.123192e-05
10.085532894712529,2.346256e-02,-1.349441e-04
10.085532894712529,3.503514e-02,-7.332829e-04
10.085532894712529,5.263151e-02,-1.705883e-03
10.085532894712529,7.314235e-02,-2.472091e-03
10.085532894712529,1.025928e-01,-4.606173e-03
10.085532894712529,1.448116e-01,-6.634813e-03
10.085532894712529,2.023460e-01,-9.384229e-03
10.085532894712529,2.834245e-01,-1.343370e-02
10.085532894712529,3.967448e-01,-1.721599e-02
10.085532894712529,5.552783e-01,-2.009205e-02
10.085532894712529,7.774819e-01,-2.087393e-02
10.085532894712529,1.088445e+00,-1.988297e-02
10.085532894712529,1.523711e+00,-1.893482e-02
10.085532894712529,2.088426e+00,-1.868302e-02
10.085532894712529,2.685505e+00,-1.651652e-02
10.30724355260678,0.e+00,0.e+00
10.30724355260678,1.570796e-02,-1.775704e-05
10.30724355260678,2.346256e-02,-1.160736e-04
10.30724355260678,3.503514e-02,-6.340936e-04
10.30724355260678,5.263151e-02,-1.480420e-03
10.30724355260678,7.314235e-02,-2.137315e-03
10.30724355260678,1.025928e-01,-3.977406e-03
10.30724355260678,1.448116e-01,-5.734804e-03
10.30724355260678,2.023460e-01,-8.123475e-03
10.30724355260678,2.834245e-01,-1.171406e-02
10.30724355260678,3.967448e-01,-1.513385e-02
10.30724355260678,5.552783e-01,-1.790057e-02
10.30724355260678,7.774819e-01,-1.890998e-02
10.30724355260678,1.088445e+00,-1.825299e-02
10.30724355260678,1.523711e+00,-1.767284e-02
10.30724355260678,2.088426e+00,-1.760449e-02
10.30724355260678,2.685505e+00,-1.559622e-02
10.533388423658915,0.e+00,0.e+00
10.533388423658915,1.570796e-02,-1.531152e-05
10.533388423658915,2.346256e-02,-9.765611e-05
10.533388423658915,3.503514e-02,-5.440861e-04
10.533388423658915,5.263151e-02,-1.275538e-03
10.533388423658915,7.314235e-02,-1.847931e-03
10.533388423658915,1.025928e-01,-3.41829e-03
10.533388423658915,1.448116e-01,-4.939609e-03
10.533388423658915,2.023460e-01,-7.016889e-03
10.533388423658915,2.834245e-01,-1.016344e-02
10.533388423658915,3.967448e-01,-1.323134e-02
10.533388423658915,5.552783e-01,-1.585691e-02
10.533388423658915,7.774819e-01,-1.700899e-02
10.533388423658915,1.088445e+00,-1.668365e-02
10.533388423658915,1.523711e+00,-1.639808e-02
10.533388423658915,2.088426e+00,-1.642018e-02
10.533388423658915,2.685505e+00,-1.455056e-02
10.764056192132093,0.e+00,0.e+00
10.764056192132093,1.570796e-02,-1.289185e-05
10.764056192132093,2.346256e-02,-8.260569e-05
10.764056192132093,3.503514e-02,-4.694772e-04
10.764056192132093,5.263151e-02,-1.094291e-03
10.764056192132093,7.314235e-02,-1.589281e-03
10.764056192132093,1.025928e-01,-2.924581e-03
10.764056192132093,1.448116e-01,-4.242966e-03
10.764056192132093,2.023460e-01,-6.036726e-03
10.764056192132093,2.834245e-01,-8.777563e-03
10.764056192132093,3.967448e-01,-1.149841e-02
10.764056192132093,5.552783e-01,-1.392616e-02
10.764056192132093,7.774819e-01,-1.517061e-02
10.764056192132093,1.088445e+00,-1.513219e-02
10.764056192132093,1.523711e+00,-1.508924e-02
10.764056192132093,2.088426e+00,-1.522655e-02
10.764056192132093,2.685505e+00,-1.346575e-02
10.999337315974735,0.e+00,0.e+00
10.999337315974735,1.570796e-02,-1.076295e-05
10.999337315974735,2.346256e-02,-6.95435e-05
10.999337315974735,3.503514e-02,-4.014035e-04
10.999337315974735,5.263151e-02,-9.348227e-04
10.999337315974735,7.314235e-02,-1.355561e-03
10.999337315974735,1.025928e-01,-2.493938e-03
10.999337315974735,1.448116e-01,-3.625186e-03
10.999337315974735,2.023460e-01,-5.16346e-03
10.999337315974735,2.834245e-01,-7.546194e-03
10.999337315974735,3.967448e-01,-9.930183e-03
10.999337315974735,5.552783e-01,-1.215457e-02
10.999337315974735,7.774819e-01,-1.342481e-02
10.999337315974735,1.088445e+00,-1.361947e-02
10.999337315974735,1.523711e+00,-1.37893e-02
10.999337315974735,2.088426e+00,-1.405739e-02
10.999337315974735,2.685505e+00,-1.245203e-02
11.23932406229423,0.e+00,0.e+00
11.23932406229423,1.570796e-02,-8.934199e-06
11.23932406229423,2.346256e-02,-5.882779e-05
11.23932406229423,3.503514e-02,-3.404192e-04
11.23932406229423,5.263151e-02,-7.9701e-04
11.23932406229423,7.314235e-02,-1.155020e-03
11.23932406229423,1.025928e-01,-2.113918e-03
11.23932406229423,1.448116e-01,-3.084462e-03
11.23932406229423,2.023460e-01,-4.402895e-03
11.23932406229423,2.834245e-01,-6.444356e-03
11.23932406229423,3.967448e-01,-8.527214e-03
11.23932406229423,5.552783e-01,-1.053528e-02
11.23932406229423,7.774819e-01,-1.180083e-02
11.23932406229423,1.088445e+00,-1.217693e-02
11.23932406229423,1.523711e+00,-1.253729e-02
11.23932406229423,2.088426e+00,-1.290269e-02
11.23932406229423,2.685505e+00,-1.140711e-02
11.484110543540115,0.e+00,0.e+00
11.484110543540115,1.570796e-02,-7.361869e-06
11.484110543540115,2.346256e-02,-4.90759e-05
11.484110543540115,3.503514e-02,-2.867666e-04
11.484110543540115,5.263151e-02,-6.762873e-04
11.484110543540115,7.314235e-02,-9.763590e-04
11.484110543540115,1.025928e-01,-1.783072e-03
11.484110543540115,1.448116e-01,-2.605547e-03
11.484110543540115,2.023460e-01,-3.727507e-03
11.484110543540115,2.834245e-01,-5.474125e-03
11.484110543540115,3.967448e-01,-7.281315e-03
11.484110543540115,5.552783e-01,-9.079083e-03
11.484110543540115,7.774819e-01,-1.030251e-02
11.484110543540115,1.088445e+00,-1.079546e-02
11.484110543540115,1.523711e+00,-1.131584e-02
11.484110543540115,2.088426e+00,-1.174659e-02
11.484110543540115,2.685505e+00,-1.037879e-02
11.733792754410917,0.e+00,0.e+00
11.733792754410917,1.570796e-02,-6.022318e-06
11.733792754410917,2.346256e-02,-4.058793e-05
11.733792754410917,3.503514e-02,-2.410806e-04
11.733792754410917,5.263151e-02,-5.714105e-04
11.733792754410917,7.314235e-02,-8.203586e-04
11.733792754410917,1.025928e-01,-1.496457e-03
11.733792754410917,1.448116e-01,-2.197289e-03
11.733792754410917,2.023460e-01,-3.139025e-03
11.733792754410917,2.834245e-01,-4.629400e-03
11.733792754410917,3.967448e-01,-6.176951e-03
11.733792754410917,5.552783e-01,-7.767029e-03
11.733792754410917,7.774819e-01,-8.930075e-03
11.733792754410917,1.088445e+00,-9.521770e-03
11.733792754410917,1.523711e+00,-1.013143e-02
11.733792754410917,2.088426e+00,-1.063691e-02
11.733792754410917,2.685505e+00,-9.385502e-03
11.988468609499135,0.e+00,0.e+00
11.988468609499135,1.570796e-02,-5.067679e-06
11.988468609499135,2.346256e-02,-3.31649e-05
11.988468609499135,3.503514e-02,-2.013081e-04
11.988468609499135,5.263151e-02,-4.798315e-04
11.988468609499135,7.314235e-02,-6.885484e-04
11.988468609499135,1.025928e-01,-1.250984e-03
11.988468609499135,1.448116e-01,-1.840127e-03
11.988468609499135,2.023460e-01,-2.630189e-03
11.988468609499135,2.834245e-01,-3.887779e-03
11.988468609499135,3.967448e-01,-5.206161e-03
11.988468609499135,5.552783e-01,-6.594480e-03
11.988468609499135,7.774819e-01,-7.687314e-03
11.988468609499135,1.088445e+00,-8.349126e-03
11.988468609499135,1.523711e+00,-9.029832e-03
11.988468609499135,2.088426e+00,-9.575658e-03
11.988468609499135,2.685505e+00,-8.518808e-03
12.248237981689117,0.e+00,0.e+00
12.248237981689117,1.570796e-02,-4.206572e-06
12.248237981689117,2.346256e-02,-2.750845e-05
12.248237981689117,3.503514e-02,-1.674961e-04
12.248237981689117,5.263151e-02,-3.998426e-04
12.248237981689117,7.314235e-02,-5.729738e-04
12.248237981689117,1.025928e-01,-1.042135e-03
12.248237981689117,1.448116e-01,-1.531416e-03
12.248237981689117,2.023460e-01,-2.189924e-03
12.248237981689117,2.834245e-01,-3.251265e-03
12.248237981689117,3.967448e-01,-4.358993e-03
12.248237981689117,5.552783e-01,-5.564522e-03
12.248237981689117,7.774819e-01,-6.587978e-03
12.248237981689117,1.088445e+00,-7.268792e-03
12.248237981689117,1.523711e+00,-7.987401e-03
12.248237981689117,2.088426e+00,-8.593218e-03
12.248237981689117,2.685505e+00,-7.657383e-03
12.5132027413229,0.e+00,0.e+00
12.5132027413229,1.570796e-02,-3.383056e-06
12.5132027413229,2.346256e-02,-2.240735e-05
12.5132027413229,3.503514e-02,-1.369834e-04
12.5132027413229,5.263151e-02,-3.314695e-04
12.5132027413229,7.314235e-02,-4.772661e-04
12.5132027413229,1.025928e-01,-8.629557e-04
12.5132027413229,1.448116e-01,-1.269539e-03
12.5132027413229,2.023460e-01,-1.812768e-03
12.5132027413229,2.834245e-01,-2.700598e-03
12.5132027413229,3.967448e-01,-3.636032e-03
12.5132027413229,5.552783e-01,-4.673634e-03
12.5132027413229,7.774819e-01,-5.605359e-03
12.5132027413229,1.088445e+00,-6.275039e-03
12.5132027413229,1.523711e+00,-7.024606e-03
12.5132027413229,2.088426e+00,-7.623997e-03
12.5132027413229,2.685505e+00,-6.827243e-03
12.783466796149359,0.e+00,0.e+00
12.783466796149359,1.570796e-02,-2.834347e-06
12.783466796149359,2.346256e-02,-1.856631e-05
12.783466796149359,3.503514e-02,-1.120204e-04
12.783466796149359,5.263151e-02,-2.726850e-04
12.783466796149359,7.314235e-02,-3.901803e-04
12.783466796149359,1.025928e-01,-7.064183e-04
12.783466796149359,1.448116e-01,-1.041633e-03
12.783466796149359,2.023460e-01,-1.488453e-03
12.783466796149359,2.834245e-01,-2.223221e-03
12.783466796149359,3.967448e-01,-3.000664e-03
12.783466796149359,5.552783e-01,-3.888772e-03
12.783466796149359,7.774819e-01,-4.724648e-03
12.783466796149359,1.088445e+00,-5.368849e-03
12.783466796149359,1.523711e+00,-6.116928e-03
12.783466796149359,2.088426e+00,-6.725453e-03
12.783466796149359,2.685505e+00,-6.099238e-03
13.059136132072346,0.e+00,0.e+00
13.059136132072346,1.570796e-02,-2.308425e-06
13.059136132072346,2.346256e-02,-1.544685e-05
13.059136132072346,3.503514e-02,-9.152301e-05
13.059136132072346,5.263151e-02,-2.227894e-04
13.059136132072346,7.314235e-02,-3.203446e-04
13.059136132072346,1.025928e-01,-5.786016e-04
13.059136132072346,1.448116e-01,-8.571386e-04
13.059136132072346,2.023460e-01,-1.219022e-03
13.059136132072346,2.834245e-01,-1.826135e-03
13.059136132072346,3.967448e-01,-2.470484e-03
13.059136132072346,5.552783e-01,-3.224908e-03
13.059136132072346,7.774819e-01,-3.965461e-03
13.059136132072346,1.088445e+00,-4.574946e-03
13.059136132072346,1.523711e+00,-5.303680e-03
13.059136132072346,2.088426e+00,-5.913681e-03
13.059136132072346,2.685505e+00,-5.414006e-03
13.340318854713793,0.e+00,0.e+00
13.340318854713793,1.570796e-02,-1.880539e-06
13.340318854713793,2.346256e-02,-1.205281e-05
13.340318854713793,3.503514e-02,-7.403496e-05
13.340318854713793,5.263151e-02,-1.814028e-04
13.340318854713793,7.314235e-02,-2.615614e-04
13.340318854713793,1.025928e-01,-4.690459e-04
13.340318854713793,1.448116e-01,-6.983871e-04
13.340318854713793,2.023460e-01,-9.86628e-04
13.340318854713793,2.834245e-01,-1.484639e-03
13.340318854713793,3.967448e-01,-2.017682e-03
13.340318854713793,5.552783e-01,-2.647014e-03
13.340318854713793,7.774819e-01,-3.300787e-03
13.340318854713793,1.088445e+00,-3.873412e-03
13.340318854713793,1.523711e+00,-4.568610e-03
13.340318854713793,2.088426e+00,-5.150284e-03
13.340318854713793,2.685505e+00,-4.730546e-03
13.62712523180807,0.e+00,0.e+00
13.62712523180807,1.570796e-02,-1.585711e-06
13.62712523180807,2.346256e-02,-9.552854e-06
13.62712523180807,3.503514e-02,-5.944647e-05
13.62712523180807,5.263151e-02,-1.469782e-04
13.62712523180807,7.314235e-02,-2.111342e-04
13.62712523180807,1.025928e-01,-3.789177e-04
13.62712523180807,1.448116e-01,-5.653241e-04
13.62712523180807,2.023460e-01,-7.997768e-04
13.62712523180807,2.834245e-01,-1.203084e-03
13.62712523180807,3.967448e-01,-1.641996e-03
13.62712523180807,5.552783e-01,-2.166959e-03
13.62712523180807,7.774819e-01,-2.733685e-03
13.62712523180807,1.088445e+00,-3.259499e-03
13.62712523180807,1.523711e+00,-3.902856e-03
13.62712523180807,2.088426e+00,-4.454568e-03
13.62712523180807,2.685505e+00,-4.09445e-03
13.91966773644423,0.e+00,0.e+00
13.91966773644423,1.570796e-02,-1.354694e-06
13.91966773644423,2.346256e-02,-7.616771e-06
13.91966773644423,3.503514e-02,-4.769125e-05
13.91966773644423,5.263151e-02,-1.179183e-04
13.91966773644423,7.314235e-02,-1.688425e-04
13.91966773644423,1.025928e-01,-3.032181e-04
13.91966773644423,1.448116e-01,-4.512311e-04
13.91966773644423,2.023460e-01,-6.420304e-04
13.91966773644423,2.834245e-01,-9.6452e-04
13.91966773644423,3.967448e-01,-1.324721e-03
13.91966773644423,5.552783e-01,-1.75188e-03
13.91966773644423,7.774819e-01,-2.235602e-03
13.91966773644423,1.088445e+00,-2.715929e-03
13.91966773644423,1.523711e+00,-3.305152e-03
13.91966773644423,2.088426e+00,-3.817449e-03
13.91966773644423,2.685505e+00,-3.533328e-03
14.218061091173116,0.e+00,0.e+00
14.218061091173116,1.570796e-02,-1.063031e-06
14.218061091173116,2.346256e-02,-6.054531e-06
14.218061091173116,3.503514e-02,-3.823257e-05
14.218061091173116,5.263151e-02,-9.409068e-05
14.218061091173116,7.314235e-02,-1.354744e-04
14.218061091173116,1.025928e-01,-2.43489e-04
14.218061091173116,1.448116e-01,-3.613992e-04
14.218061091173116,2.023460e-01,-5.153474e-04
14.218061091173116,2.834245e-01,-7.745713e-04
14.218061091173116,3.967448e-01,-1.067633e-03
14.218061091173116,5.552783e-01,-1.422167e-03
14.218061091173116,7.774819e-01,-1.832302e-03
14.218061091173116,1.088445e+00,-2.259021e-03
14.218061091173116,1.523711e+00,-2.788384e-03
14.218061091173116,2.088426e+00,-3.251581e-03
14.218061091173116,2.685505e+00,-3.020819e-03
14.522422312996579,0.e+00,0.e+00
14.522422312996579,1.570796e-02,-8.111115e-07
14.522422312996579,2.346256e-02,-4.833278e-06
14.522422312996579,3.503514e-02,-3.025669e-05
14.522422312996579,5.263151e-02,-7.473499e-05
14.522422312996579,7.314235e-02,-1.078645e-04
14.522422312996579,1.025928e-01,-1.921853e-04
14.522422312996579,1.448116e-01,-2.857643e-04
14.522422312996579,2.023460e-01,-4.100205e-04
14.522422312996579,2.834245e-01,-6.165024e-04
14.522422312996579,3.967448e-01,-8.515980e-04
14.522422312996579,5.552783e-01,-1.141820e-03
14.522422312996579,7.774819e-01,-1.485418e-03
14.522422312996579,1.088445e+00,-1.862194e-03
14.522422312996579,1.523711e+00,-2.334195e-03
14.522422312996579,2.088426e+00,-2.758735e-03
14.522422312996579,2.685505e+00,-2.588533e-03
14.83287075925651,0.e+00,0.e+00
14.83287075925651,1.570796e-02,-6.509667e-07
14.83287075925651,2.346256e-02,-3.784344e-06
14.83287075925651,3.503514e-02,-2.371004e-05
14.83287075925651,5.263151e-02,-5.858158e-05
14.83287075925651,7.314235e-02,-8.400315e-05
14.83287075925651,1.025928e-01,-1.512629e-04
14.83287075925651,1.448116e-01,-2.245916e-04
14.83287075925651,2.023460e-01,-3.240964e-04
14.83287075925651,2.834245e-01,-4.866638e-04
14.83287075925651,3.967448e-01,-6.717288e-04
14.83287075925651,5.552783e-01,-9.055565e-04
14.83287075925651,7.774819e-01,-1.191235e-03
14.83287075925651,1.088445e+00,-1.520020e-03
14.83287075925651,1.523711e+00,-1.929883e-03
14.83287075925651,2.088426e+00,-2.313869e-03
14.83287075925651,2.685505e+00,-2.171462e-03
15.149528174441642,0.e+00,0.e+00
15.149528174441642,1.570796e-02,-5.344809e-07
15.149528174441642,2.346256e-02,-2.924908e-06
15.149528174441642,3.503514e-02,-1.840733e-05
15.149528174441642,5.263151e-02,-4.591911e-05
15.149528174441642,7.314235e-02,-6.588981e-05
15.149528174441642,1.025928e-01,-1.19895e-04
15.149528174441642,1.448116e-01,-1.775015e-04
15.149528174441642,2.023460e-01,-2.53273e-04
15.149528174441642,2.834245e-01,-3.809888e-04
15.149528174441642,3.967448e-01,-5.275407e-04
15.149528174441642,5.552783e-01,-7.167257e-04
15.149528174441642,7.774819e-01,-9.521691e-04
15.149528174441642,1.088445e+00,-1.233341e-03
15.149528174441642,1.523711e+00,-1.589088e-03
15.149528174441642,2.088426e+00,-1.916251e-03
15.149528174441642,2.685505e+00,-1.802877e-03
15.472518737930475,0.e+00,0.e+00
15.472518737930475,1.570796e-02,-4.513851e-07
15.472518737930475,2.346256e-02,-2.365142e-06
15.472518737930475,3.503514e-02,-1.403928e-05
15.472518737930475,5.263151e-02,-3.561311e-05
15.472518737930475,7.314235e-02,-5.064825e-05
15.472518737930475,1.025928e-01,-9.315512e-05
15.472518737930475,1.448116e-01,-1.385841e-04
15.472518737930475,2.023460e-01,-1.968229e-04
15.472518737930475,2.834245e-01,-2.971744e-04
15.472518737930475,3.967448e-01,-4.115467e-04
15.472518737930475,5.552783e-01,-5.61614e-04
15.472518737930475,7.774819e-01,-7.541906e-04
15.472518737930475,1.088445e+00,-9.890052e-04
15.472518737930475,1.523711e+00,-1.293467e-03
15.472518737930475,2.088426e+00,-1.574682e-03
15.472518737930475,2.685505e+00,-1.471980e-03
15.801969112689086,0.e+00,0.e+00
15.801969112689086,1.570796e-02,-3.440936e-07
15.801969112689086,2.346256e-02,-1.827342e-06
15.801969112689086,3.503514e-02,-1.023151e-05
15.801969112689086,5.263151e-02,-2.750708e-05
15.801969112689086,7.314235e-02,-3.884727e-05
15.801969112689086,1.025928e-01,-7.204634e-05
15.801969112689086,1.448116e-01,-1.063211e-04
15.801969112689086,2.023460e-01,-1.526369e-04
15.801969112689086,2.834245e-01,-2.293575e-04
15.801969112689086,3.967448e-01,-3.175037e-04
15.801969112689086,5.552783e-01,-4.370220e-04
15.801969112689086,7.774819e-01,-5.905239e-04
15.801969112689086,1.088445e+00,-7.838821e-04
15.801969112689086,1.523711e+00,-1.037689e-03
15.801969112689086,2.088426e+00,-1.271434e-03
15.801969112689086,2.685505e+00,-1.182566e-03
16.13800849494287,0.e+00,0.e+00
16.13800849494287,1.570796e-02,-2.890317e-07
16.13800849494287,2.346256e-02,-1.448445e-06
16.13800849494287,3.503514e-02,-7.415937e-06
16.13800849494287,5.263151e-02,-2.092391e-05
16.13800849494287,7.314235e-02,-3.015971e-05
16.13800849494287,1.025928e-01,-5.517641e-05
16.13800849494287,1.448116e-01,-8.111772e-05
16.13800849494287,2.023460e-01,-1.162415e-04
16.13800849494287,2.834245e-01,-1.749848e-04
16.13800849494287,3.967448e-01,-2.433003e-04
16.13800849494287,5.552783e-01,-3.363758e-04
16.13800849494287,7.774819e-01,-4.600385e-04
16.13800849494287,1.088445e+00,-6.158339e-04
16.13800849494287,1.523711e+00,-8.236964e-04
16.13800849494287,2.088426e+00,-1.017668e-03
16.13800849494287,2.685505e+00,-9.420398e-04
16.480768664841726,0.e+00,0.e+00
16.480768664841726,1.570796e-02,-2.053668e-07
16.480768664841726,2.346256e-02,-1.119126e-06
16.480768664841726,3.503514e-02,-5.468537e-06
16.480768664841726,5.263151e-02,-1.587042e-05
16.480768664841726,7.314235e-02,-2.264398e-05
16.480768664841726,1.025928e-01,-4.174183e-05
16.480768664841726,1.448116e-01,-6.112396e-05
16.480768664841726,2.023460e-01,-8.766395e-05
16.480768664841726,2.834245e-01,-1.317786e-04
16.480768664841726,3.967448e-01,-1.843928e-04
16.480768664841726,5.552783e-01,-2.565542e-04
16.480768664841726,7.774819e-01,-3.531846e-04
16.480768664841726,1.088445e+00,-4.769936e-04
16.480768664841726,1.523711e+00,-6.473108e-04
16.480768664841726,2.088426e+00,-8.028734e-04
16.480768664841726,2.685505e+00,-7.374902e-04
16.83038403813856,0.e+00,0.e+00
16.83038403813856,1.570796e-02,-1.546368e-07
16.83038403813856,2.346256e-02,-8.081220e-07
16.83038403813856,3.503514e-02,-4.184127e-06
16.83038403813856,5.263151e-02,-1.173144e-05
16.83038403813856,7.314235e-02,-1.678169e-05
16.83038403813856,1.025928e-01,-3.127305e-05
16.83038403813856,1.448116e-01,-4.585741e-05
16.83038403813856,2.023460e-01,-6.539223e-05
16.83038403813856,2.834245e-01,-9.811187e-05
16.83038403813856,3.967448e-01,-1.369447e-04
16.83038403813856,5.552783e-01,-1.929662e-04
16.83038403813856,7.774819e-01,-2.678961e-04
16.83038403813856,1.088445e+00,-3.634566e-04
16.83038403813856,1.523711e+00,-4.973471e-04
16.83038403813856,2.088426e+00,-6.169275e-04
16.83038403813856,2.685505e+00,-5.716771e-04
17.186991718901332,0.e+00,0.e+00
17.186991718901332,1.570796e-02,-1.109658e-07
17.186991718901332,2.346256e-02,-6.37667e-07
17.186991718901332,3.503514e-02,-3.201622e-06
17.186991718901332,5.263151e-02,-8.671453e-06
17.186991718901332,7.314235e-02,-1.252949e-05
17.186991718901332,1.025928e-01,-2.278894e-05
17.186991718901332,1.448116e-01,-3.316644e-05
17.186991718901332,2.023460e-01,-4.795424e-05
17.186991718901332,2.834245e-01,-7.189211e-05
17.186991718901332,3.967448e-01,-1.004557e-04
17.186991718901332,5.552783e-01,-1.420868e-04
17.186991718901332,7.774819e-01,-1.979770e-04
17.186991718901332,1.088445e+00,-2.711249e-04
17.186991718901332,1.523711e+00,-3.718448e-04
17.186991718901332,2.088426e+00,-4.609331e-04
17.186991718901332,2.685505e+00,-4.317951e-04
17.55073155327936,0.e+00,0.e+00
17.55073155327936,1.570796e-02,-8.849858e-08
17.55073155327936,2.346256e-02,-4.587674e-07
17.55073155327936,3.503514e-02,-2.293781e-06
17.55073155327936,5.263151e-02,-6.209829e-06
17.55073155327936,7.314235e-02,-8.888246e-06
17.55073155327936,1.025928e-01,-1.628149e-05
17.55073155327936,1.448116e-01,-2.37765e-05
17.55073155327936,2.023460e-01,-3.454341e-05
17.55073155327936,2.834245e-01,-5.142117e-05
17.55073155327936,3.967448e-01,-7.204605e-05
17.55073155327936,5.552783e-01,-1.024668e-04
17.55073155327936,7.774819e-01,-1.440368e-04
17.55073155327936,1.088445e+00,-1.984333e-04
17.55073155327936,1.523711e+00,-2.749598e-04
17.55073155327936,2.088426e+00,-3.421931e-04
17.55073155327936,2.685505e+00,-3.208921e-04
17.921746184344947,0.e+00,0.e+00
17.921746184344947,1.570796e-02,-7.250930e-08
17.921746184344947,2.346256e-02,-2.838050e-07
17.921746184344947,3.503514e-02,-1.648622e-06
17.921746184344947,5.263151e-02,-4.347118e-06
17.921746184344947,7.314235e-02,-6.310293e-06
17.921746184344947,1.025928e-01,-1.130771e-05
17.921746184344947,1.448116e-01,-1.690141e-05
17.921746184344947,2.023460e-01,-2.45202e-05
17.921746184344947,2.834245e-01,-3.642335e-05
17.921746184344947,3.967448e-01,-5.128612e-05
17.921746184344947,5.552783e-01,-7.302505e-05
17.921746184344947,7.774819e-01,-1.030352e-04
17.921746184344947,1.088445e+00,-1.434232e-04
17.921746184344947,1.523711e+00,-1.991293e-04
17.921746184344947,2.088426e+00,-2.517768e-04
17.921746184344947,2.685505e+00,-2.38309e-04
18.300181108031847,0.e+00,0.e+00
18.300181108031847,1.570796e-02,-5.717999e-08
18.300181108031847,2.346256e-02,-1.934954e-07
18.300181108031847,3.503514e-02,-1.156775e-06
18.300181108031847,5.263151e-02,-2.967242e-06
18.300181108031847,7.314235e-02,-4.382091e-06
18.300181108031847,1.025928e-01,-7.902127e-06
18.300181108031847,1.448116e-01,-1.182768e-05
18.300181108031847,2.023460e-01,-1.713693e-05
18.300181108031847,2.834245e-01,-2.544769e-05
18.300181108031847,3.967448e-01,-3.56493e-05
18.300181108031847,5.552783e-01,-5.129358e-05
18.300181108031847,7.774819e-01,-7.283054e-05
18.300181108031847,1.088445e+00,-1.015160e-04
18.300181108031847,1.523711e+00,-1.432813e-04
18.300181108031847,2.088426e+00,-1.821005e-04
18.300181108031847,2.685505e+00,-1.697353e-04
18.686184730192483,0.e+00,0.e+00
18.686184730192483,1.570796e-02,-3.443219e-08
18.686184730192483,2.346256e-02,-1.484609e-07
18.686184730192483,3.503514e-02,-7.916083e-07
18.686184730192483,5.263151e-02,-2.019718e-06
18.686184730192483,7.314235e-02,-2.964845e-06
18.686184730192483,1.025928e-01,-5.481057e-06
18.686184730192483,1.448116e-01,-8.262436e-06
18.686184730192483,2.023460e-01,-1.190977e-05
18.686184730192483,2.834245e-01,-1.768041e-05
18.686184730192483,3.967448e-01,-2.447029e-05
18.686184730192483,5.552783e-01,-3.535502e-05
18.686184730192483,7.774819e-01,-5.04232e-05
18.686184730192483,1.088445e+00,-7.043083e-05
18.686184730192483,1.523711e+00,-1.013769e-04
18.686184730192483,2.088426e+00,-1.286902e-04
18.686184730192483,2.685505e+00,-1.203101e-04
19.079908424796333,0.e+00,0.e+00
19.079908424796333,1.570796e-02,-1.971476e-08
19.079908424796333,2.346256e-02,-9.607355e-08
19.079908424796333,3.503514e-02,-5.260326e-07
19.079908424796333,5.263151e-02,-1.345062e-06
19.079908424796333,7.314235e-02,-1.961795e-06
19.079908424796333,1.025928e-01,-3.62242e-06
19.079908424796333,1.448116e-01,-5.551753e-06
19.079908424796333,2.023460e-01,-7.996479e-06
19.079908424796333,2.834245e-01,-1.201184e-05
19.079908424796333,3.967448e-01,-1.635072e-05
19.079908424796333,5.552783e-01,-2.400361e-05
19.079908424796333,7.774819e-01,-3.424539e-05
19.079908424796333,1.088445e+00,-4.825339e-05
19.079908424796333,1.523711e+00,-6.987943e-05
19.079908424796333,2.088426e+00,-8.938800e-05
19.079908424796333,2.685505e+00,-8.334221e-05
19.48150659329226,0.e+00,0.e+00
19.48150659329226,1.570796e-02,-1.460164e-08
19.48150659329226,2.346256e-02,-5.725513e-08
19.48150659329226,3.503514e-02,-3.577936e-07
19.48150659329226,5.263151e-02,-8.792281e-07
19.48150659329226,7.314235e-02,-1.283075e-06
19.48150659329226,1.025928e-01,-2.379852e-06
19.48150659329226,1.448116e-01,-3.679177e-06
19.48150659329226,2.023460e-01,-5.259506e-06
19.48150659329226,2.834245e-01,-7.913992e-06
19.48150659329226,3.967448e-01,-1.090119e-05
19.48150659329226,5.552783e-01,-1.596103e-05
19.48150659329226,7.774819e-01,-2.287158e-05
19.48150659329226,1.088445e+00,-3.246214e-05
19.48150659329226,1.523711e+00,-4.714368e-05
19.48150659329226,2.088426e+00,-5.995019e-05
19.48150659329226,2.685505e+00,-5.577693e-05
19.891136725158105,0.e+00,0.e+00
19.891136725158105,1.570796e-02,-1.015413e-08
19.891136725158105,2.346256e-02,-3.577618e-08
19.891136725158105,3.503514e-02,-2.168643e-07
19.891136725158105,5.263151e-02,-5.546229e-07
19.891136725158105,7.314235e-02,-8.0619e-07
19.891136725158105,1.025928e-01,-1.519857e-06
19.891136725158105,1.448116e-01,-2.28565e-06
19.891136725158105,2.023460e-01,-3.330173e-06
19.891136725158105,2.834245e-01,-4.985440e-06
19.891136725158105,3.967448e-01,-6.964116e-06
19.891136725158105,5.552783e-01,-1.014063e-05
19.891136725158105,7.774819e-01,-1.457335e-05
19.891136725158105,1.088445e+00,-2.134809e-05
19.891136725158105,1.523711e+00,-3.083819e-05
19.891136725158105,2.088426e+00,-3.967712e-05
19.891136725158105,2.685505e+00,-3.617718e-05
20.308959459661267,0.e+00,0.e+00
20.308959459661267,1.570796e-02,-6.780382e-09
20.308959459661267,2.346256e-02,-1.487489e-08
20.308959459661267,3.503514e-02,-1.372739e-07
20.308959459661267,5.263151e-02,-3.188966e-07
20.308959459661267,7.314235e-02,-4.842097e-07
20.308959459661267,1.025928e-01,-9.04396e-07
20.308959459661267,1.448116e-01,-1.42389e-06
20.308959459661267,2.023460e-01,-2.085566e-06
20.308959459661267,2.834245e-01,-3.095757e-06
20.308959459661267,3.967448e-01,-4.362234e-06
20.308959459661267,5.552783e-01,-6.358079e-06
20.308959459661267,7.774819e-01,-9.211424e-06
20.308959459661267,1.088445e+00,-1.383433e-05
20.308959459661267,1.523711e+00,-1.98514e-05
20.308959459661267,2.088426e+00,-2.555419e-05
20.308959459661267,2.685505e+00,-2.291418e-05
20.73513864885449,0.e+00,0.e+00
20.73513864885449,1.570796e-02,-5.847456e-09
20.73513864885449,2.346256e-02,-5.552923e-09
20.73513864885449,3.503514e-02,-8.476706e-08
20.73513864885449,5.263151e-02,-1.950200e-07
20.73513864885449,7.314235e-02,-2.989816e-07
20.73513864885449,1.025928e-01,-5.51995e-07
20.73513864885449,1.448116e-01,-8.601112e-07
20.73513864885449,2.023460e-01,-1.278135e-06
20.73513864885449,2.834245e-01,-1.920848e-06
20.73513864885449,3.967448e-01,-2.696341e-06
20.73513864885449,5.552783e-01,-3.856019e-06
20.73513864885449,7.774819e-01,-5.675519e-06
20.73513864885449,1.088445e+00,-8.712013e-06
20.73513864885449,1.523711e+00,-1.240035e-05
20.73513864885449,2.088426e+00,-1.573503e-05
20.73513864885449,2.685505e+00,-1.449107e-05
21.16984142183158,0.e+00,0.e+00
21.16984142183158,1.570796e-02,1.523148e-10
21.16984142183158,2.346256e-02,6.229333e-10
21.16984142183158,3.503514e-02,3.379660e-09
21.16984142183158,5.263151e-02,7.562084e-09
21.16984142183158,7.314235e-02,1.113987e-08
21.16984142183158,1.025928e-01,2.140379e-08
21.16984142183158,1.448116e-01,3.068463e-08
21.16984142183158,2.023460e-01,4.319009e-08
21.16984142183158,2.834245e-01,6.353223e-08
21.16984142183158,3.967448e-01,8.982017e-08
21.16984142183158,5.552783e-01,1.225503e-07
21.16984142183158,7.774819e-01,1.550243e-07
21.16984142183158,1.088445e+00,1.663179e-07
21.16984142183158,1.523711e+00,1.394777e-07
21.16984142183158,2.088426e+00,8.838406e-08
21.16984142183158,2.685505e+00,4.148029e-08
21.613238250268214,0.e+00,0.e+00
21.613238250268214,1.570796e-02,1.437706e-10
21.613238250268214,2.346256e-02,5.892803e-10
21.613238250268214,3.503514e-02,3.199639e-09
21.613238250268214,5.263151e-02,7.15568e-09
21.613238250268214,7.314235e-02,1.054362e-08
21.613238250268214,1.025928e-01,2.026746e-08
21.613238250268214,1.448116e-01,2.904658e-08
21.613238250268214,2.023460e-01,4.095432e-08
21.613238250268214,2.834245e-01,6.048687e-08
21.613238250268214,3.967448e-01,8.603473e-08
21.613238250268214,5.552783e-01,1.182608e-07
21.613238250268214,7.774819e-01,1.505768e-07
21.613238250268214,1.088445e+00,1.625061e-07
21.613238250268214,1.523711e+00,1.373328e-07
21.613238250268214,2.088426e+00,8.765368e-08
21.613238250268214,2.685505e+00,4.130004e-08
22.065503015273578,0.e+00,0.e+00
22.065503015273578,1.570796e-02,1.355347e-10
22.065503015273578,2.346256e-02,5.560288e-10
22.065503015273578,3.503514e-02,3.020608e-09
22.065503015273578,5.263151e-02,6.751955e-09
22.065503015273578,7.314235e-02,9.950925e-09
22.065503015273578,1.025928e-01,1.914522e-08
22.065503015273578,1.448116e-01,2.743842e-08
22.065503015273578,2.023460e-01,3.875219e-08
22.065503015273578,2.834245e-01,5.749223e-08
22.065503015273578,3.967448e-01,8.228591e-08
22.065503015273578,5.552783e-01,1.139208e-07
22.065503015273578,7.774819e-01,1.459504e-07
22.065503015273578,1.088445e+00,1.585130e-07
22.065503015273578,1.523711e+00,1.349865e-07
22.065503015273578,2.088426e+00,8.697846e-08
22.065503015273578,2.685505e+00,4.108047e-08
22.52681307557905,0.e+00,0.e+00
22.52681307557905,1.570796e-02,1.273704e-10
22.52681307557905,2.346256e-02,5.234325e-10
22.52681307557905,3.503514e-02,2.84368e-09
22.52681307557905,5.263151e-02,6.355216e-09
22.52681307557905,7.314235e-02,9.367122e-09
22.52681307557905,1.025928e-01,1.804348e-08
22.52681307557905,1.448116e-01,2.585718e-08
22.52681307557905,2.023460e-01,3.659926e-08
22.52681307557905,2.834245e-01,5.457319e-08
22.52681307557905,3.967448e-01,7.86078e-08
22.52681307557905,5.552783e-01,1.095958e-07
22.52681307557905,7.774819e-01,1.412238e-07
22.52681307557905,1.088445e+00,1.544401e-07
22.52681307557905,1.523711e+00,1.327029e-07
22.52681307557905,2.088426e+00,8.645184e-08
22.52681307557905,2.685505e+00,4.082231e-08
22.997349337090633,0.e+00,0.e+00
22.997349337090633,1.570796e-02,1.194242e-10
22.997349337090633,2.346256e-02,4.912464e-10
22.997349337090633,3.503514e-02,2.670419e-09
22.997349337090633,5.263151e-02,5.967406e-09
22.997349337090633,7.314235e-02,8.797284e-09
22.997349337090633,1.025928e-01,1.696764e-08
22.997349337090633,1.448116e-01,2.43141e-08
22.997349337090633,2.023460e-01,3.449082e-08
22.997349337090633,2.834245e-01,5.169620e-08
22.997349337090633,3.967448e-01,7.498309e-08
22.997349337090633,5.552783e-01,1.052537e-07
22.997349337090633,7.774819e-01,1.364213e-07
22.997349337090633,1.088445e+00,1.501013e-07
22.997349337090633,1.523711e+00,1.304087e-07
22.997349337090633,2.088426e+00,8.610953e-08
22.997349337090633,2.685505e+00,4.072086e-08
23.477296323832444,0.e+00,0.e+00
23.477296323832444,1.570796e-02,1.117866e-10
23.477296323832444,2.346256e-02,4.605587e-10
23.477296323832444,3.503514e-02,2.500564e-09
23.477296323832444,5.263151e-02,5.589495e-09
23.477296323832444,7.314235e-02,8.241435e-09
23.477296323832444,1.025928e-01,1.591497e-08
23.477296323832444,1.448116e-01,2.280801e-08
23.477296323832444,2.023460e-01,3.245092e-08
23.477296323832444,2.834245e-01,4.889704e-08
23.477296323832444,3.967448e-01,7.139813e-08
23.477296323832444,5.552783e-01,1.008714e-07
23.477296323832444,7.774819e-01,1.314901e-07
23.477296323832444,1.088445e+00,1.456986e-07
23.477296323832444,1.523711e+00,1.280899e-07
23.477296323832444,2.088426e+00,8.584477e-08
23.477296323832444,2.685505e+00,4.074959e-08
23.966842250309092,0.e+00,0.e+00
23.966842250309092,1.570796e-02,1.043174e-10
23.966842250309092,2.346256e-02,4.304086e-10
23.966842250309092,3.503514e-02,2.335023e-09
23.966842250309092,5.263151e-02,5.221674e-09
23.966842250309092,7.314235e-02,7.700185e-09
23.966842250309092,1.025928e-01,1.489162e-08
23.966842250309092,1.448116e-01,2.134553e-08
23.966842250309092,2.023460e-01,3.044881e-08
23.966842250309092,2.834245e-01,4.615146e-08
23.966842250309092,3.967448e-01,6.782834e-08
23.966842250309092,5.552783e-01,9.645247e-08
23.966842250309092,7.774819e-01,1.264295e-07
23.966842250309092,1.088445e+00,1.410367e-07
23.966842250309092,1.523711e+00,1.256424e-07
23.966842250309092,2.088426e+00,8.558642e-08
23.966842250309092,2.685505e+00,4.080033e-08
24.466179095315276,0.e+00,0.e+00
24.466179095315276,1.570796e-02,9.707709e-11
24.466179095315276,2.346256e-02,4.010977e-10
24.466179095315276,3.503514e-02,2.174333e-09
24.466179095315276,5.263151e-02,4.863496e-09
24.466179095315276,7.314235e-02,7.173733e-09
24.466179095315276,1.025928e-01,1.389461e-08
24.466179095315276,1.448116e-01,1.991687e-08
24.466179095315276,2.023460e-01,2.850233e-08
24.466179095315276,2.834245e-01,4.346094e-08
24.466179095315276,3.967448e-01,6.427726e-08
24.466179095315276,5.552783e-01,9.196576e-08
24.466179095315276,7.774819e-01,1.211923e-07
24.466179095315276,1.088445e+00,1.36189e-07
24.466179095315276,1.523711e+00,1.231427e-07
24.466179095315276,2.088426e+00,8.541051e-08
24.466179095315276,2.685505e+00,4.105304e-08
24.97550267722158,0.e+00,0.e+00
24.97550267722158,1.570796e-02,8.996511e-11
24.97550267722158,2.346256e-02,3.725879e-10
24.97550267722158,3.503514e-02,2.017728e-09
24.97550267722158,5.263151e-02,4.516092e-09
24.97550267722158,7.314235e-02,6.661697e-09
24.97550267722158,1.025928e-01,1.292435e-08
24.97550267722158,1.448116e-01,1.853279e-08
24.97550267722158,2.023460e-01,2.660412e-08
24.97550267722158,2.834245e-01,4.081523e-08
24.97550267722158,3.967448e-01,6.073704e-08
24.97550267722158,5.552783e-01,8.742375e-08
24.97550267722158,7.774819e-01,1.157972e-07
24.97550267722158,1.088445e+00,1.311665e-07
24.97550267722158,1.523711e+00,1.20463e-07
24.97550267722158,2.088426e+00,8.530374e-08
24.97550267722158,2.685505e+00,4.144518e-08
25.495012730766014,0.e+00,0.e+00
25.495012730766014,1.570796e-02,8.307872e-11
25.495012730766014,2.346256e-02,3.449627e-10
25.495012730766014,3.503514e-02,1.865711e-09
25.495012730766014,5.263151e-02,4.177965e-09
25.495012730766014,7.314235e-02,6.163886e-09
25.495012730766014,1.025928e-01,1.198479e-08
25.495012730766014,1.448116e-01,1.718954e-08
25.495012730766014,2.023460e-01,2.47505e-08
25.495012730766014,2.834245e-01,3.822064e-08
25.495012730766014,3.967448e-01,5.718577e-08
25.495012730766014,5.552783e-01,8.278942e-08
25.495012730766014,7.774819e-01,1.102651e-07
25.495012730766014,1.088445e+00,1.260241e-07
25.495012730766014,1.523711e+00,1.176306e-07
25.495012730766014,2.088426e+00,8.513713e-08
25.495012730766014,2.685505e+00,4.203859e-08
26.024912985381334,0.e+00,0.e+00
26.024912985381334,1.570796e-02,7.638349e-11
26.024912985381334,2.346256e-02,3.178541e-10
26.024912985381334,3.503514e-02,1.717806e-09
26.024912985381334,5.263151e-02,3.849208e-09
26.024912985381334,7.314235e-02,5.679568e-09
26.024912985381334,1.025928e-01,1.106511e-08
26.024912985381334,1.448116e-01,1.587761e-08
26.024912985381334,2.023460e-01,2.293924e-08
26.024912985381334,2.834245e-01,3.565291e-08
26.024912985381334,3.967448e-01,5.36341e-08
26.024912985381334,5.552783e-01,7.805211e-08
26.024912985381334,7.774819e-01,1.045738e-07
26.024912985381334,1.088445e+00,1.206002e-07
26.024912985381334,1.523711e+00,1.146189e-07
26.024912985381334,2.088426e+00,8.515414e-08
26.024912985381334,2.685505e+00,4.287082e-08
26.56541124508896,0.e+00,0.e+00
26.56541124508896,1.570796e-02,6.985010e-11
26.56541124508896,2.346256e-02,2.915136e-10
26.56541124508896,3.503514e-02,1.574280e-09
26.56541124508896,5.263151e-02,3.529713e-09
26.56541124508896,7.314235e-02,5.210452e-09
26.56541124508896,1.025928e-01,1.017238e-08
26.56541124508896,1.448116e-01,1.460339e-08
26.56541124508896,2.023460e-01,2.116966e-08
26.56541124508896,2.834245e-01,3.311232e-08
26.56541124508896,3.967448e-01,5.00621e-08
26.56541124508896,5.552783e-01,7.32601e-08
26.56541124508896,7.774819e-01,9.865641e-08
26.56541124508896,1.088445e+00,1.148559e-07
26.56541124508896,1.523711e+00,1.113408e-07
26.56541124508896,2.088426e+00,8.500421e-08
26.56541124508896,2.685505e+00,4.396605e-08
27.11671946999074,0.e+00,0.e+00
27.11671946999074,1.570796e-02,6.356062e-11
27.11671946999074,2.346256e-02,2.656681e-10
27.11671946999074,3.503514e-02,1.434813e-09
27.11671946999074,5.263151e-02,3.219754e-09
27.11671946999074,7.314235e-02,4.752718e-09
27.11671946999074,1.025928e-01,9.302766e-09
27.11671946999074,1.448116e-01,1.335923e-08
27.11671946999074,2.023460e-01,1.943688e-08
27.11671946999074,2.834245e-01,3.059188e-08
27.11671946999074,3.967448e-01,4.646883e-08
27.11671946999074,5.552783e-01,6.837643e-08
27.11671946999074,7.774819e-01,9.257820e-08
27.11671946999074,1.088445e+00,1.088535e-07
27.11671946999074,1.523711e+00,1.07716e-07
27.11671946999074,2.088426e+00,8.478907e-08
27.11671946999074,2.685505e+00,4.565923e-08
27.679053859390557,0.e+00,0.e+00
27.679053859390557,1.570796e-02,5.743716e-11
27.679053859390557,2.346256e-02,2.408213e-10
27.679053859390557,3.503514e-02,1.299547e-09
27.679053859390557,5.263151e-02,2.918923e-09
27.679053859390557,7.314235e-02,4.308064e-09
27.679053859390557,1.025928e-01,8.453447e-09
27.679053859390557,1.448116e-01,1.214747e-08
27.679053859390557,2.023460e-01,1.773946e-08
27.679053859390557,2.834245e-01,2.808910e-08
27.679053859390557,3.967448e-01,4.283799e-08
27.679053859390557,5.552783e-01,6.335067e-08
27.679053859390557,7.774819e-01,8.627821e-08
27.679053859390557,1.088445e+00,1.026141e-07
27.679053859390557,1.523711e+00,1.037216e-07
27.679053859390557,2.088426e+00,8.436068e-08
27.679053859390557,2.685505e+00,4.758992e-08
28.252634936578367,0.e+00,0.e+00
28.252634936578367,1.570796e-02,5.148081e-11
28.252634936578367,2.346256e-02,2.165817e-10
28.252634936578367,3.503514e-02,1.167845e-09
28.252634936578367,5.263151e-02,2.626332e-09
28.252634936578367,7.314235e-02,3.87622e-09
28.252634936578367,1.025928e-01,7.624886e-09
28.252634936578367,1.448116e-01,1.096564e-08
28.252634936578367,2.023460e-01,1.607119e-08
28.252634936578367,2.834245e-01,2.560336e-08
28.252634936578367,3.967448e-01,3.917615e-08
28.252634936578367,5.552783e-01,5.820688e-08
28.252634936578367,7.774819e-01,7.975526e-08
28.252634936578367,1.088445e+00,9.596759e-08
28.252634936578367,1.523711e+00,9.927616e-08
28.252634936578367,2.088426e+00,8.364569e-08
28.252634936578367,2.685505e+00,4.980474e-08
28.837687635309937,0.e+00,0.e+00
28.837687635309937,1.570796e-02,4.572151e-11
28.837687635309937,2.346256e-02,1.929054e-10
28.837687635309937,3.503514e-02,1.039949e-09
28.837687635309937,5.263151e-02,2.342268e-09
28.837687635309937,7.314235e-02,3.456358e-09
28.837687635309937,1.025928e-01,6.814673e-09
28.837687635309937,1.448116e-01,9.812007e-09
28.837687635309937,2.023460e-01,1.443322e-08
28.837687635309937,2.834245e-01,2.312694e-08
28.837687635309937,3.967448e-01,3.549528e-08
28.837687635309937,5.552783e-01,5.299212e-08
28.837687635309937,7.774819e-01,7.303010e-08
28.837687635309937,1.088445e+00,8.892793e-08
28.837687635309937,1.523711e+00,9.414961e-08
28.837687635309937,2.088426e+00,8.242204e-08
28.837687635309937,2.685505e+00,5.218225e-08
29.434441388016136,0.e+00,0.e+00
29.434441388016136,1.570796e-02,4.013289e-11
29.434441388016136,2.346256e-02,1.698395e-10
29.434441388016136,3.503514e-02,9.154689e-10
29.434441388016136,5.263151e-02,2.065286e-09
29.434441388016136,7.314235e-02,3.048162e-09
29.434441388016136,1.025928e-01,6.023394e-09
29.434441388016136,1.448116e-01,8.683667e-09
29.434441388016136,2.023460e-01,1.281941e-08
29.434441388016136,2.834245e-01,2.066294e-08
29.434441388016136,3.967448e-01,3.179612e-08
29.434441388016136,5.552783e-01,4.765649e-08
29.434441388016136,7.774819e-01,6.605963e-08
29.434441388016136,1.088445e+00,8.147409e-08
29.434441388016136,1.523711e+00,8.843107e-08
29.434441388016136,2.088426e+00,8.070482e-08
29.434441388016136,2.685505e+00,5.45907e-08
30.043130215776458,0.e+00,0.e+00
30.043130215776458,1.570796e-02,3.470026e-11
30.043130215776458,2.346256e-02,1.474193e-10
30.043130215776458,3.503514e-02,7.947588e-10
30.043130215776458,5.263151e-02,1.795965e-09
30.043130215776458,7.314235e-02,2.649809e-09
30.043130215776458,1.025928e-01,5.249357e-09
30.043130215776458,1.448116e-01,7.580923e-09
30.043130215776458,2.023460e-01,1.122972e-08
30.043130215776458,2.834245e-01,1.819954e-08
30.043130215776458,3.967448e-01,2.807522e-08
30.043130215776458,5.552783e-01,4.222340e-08
30.043130215776458,7.774819e-01,5.889123e-08
30.043130215776458,1.088445e+00,7.356124e-08
30.043130215776458,1.523711e+00,8.202976e-08
30.043130215776458,2.088426e+00,7.812501e-08
30.043130215776458,2.685505e+00,5.695889e-08
30.663992820091988,0.e+00,0.e+00
30.663992820091988,1.570796e-02,2.953011e-11
30.663992820091988,2.346256e-02,1.255390e-10
30.663992820091988,3.503514e-02,6.776702e-10
30.663992820091988,5.263151e-02,1.534555e-09
30.663992820091988,7.314235e-02,2.263039e-09
30.663992820091988,1.025928e-01,4.493977e-09
30.663992820091988,1.448116e-01,6.501676e-09
30.663992820091988,2.023460e-01,9.660803e-09
30.663992820091988,2.834245e-01,1.574087e-08
30.663992820091988,3.967448e-01,2.432707e-08
30.663992820091988,5.552783e-01,3.670971e-08
30.663992820091988,7.774819e-01,5.151027e-08
30.663992820091988,1.088445e+00,6.520132e-08
30.663992820091988,1.523711e+00,7.467753e-08
30.663992820091988,2.088426e+00,7.446405e-08
30.663992820091988,2.685505e+00,5.886739e-08
31.297272676493826,0.e+00,0.e+00
31.297272676493826,1.570796e-02,2.445579e-11
31.297272676493826,2.346256e-02,1.043512e-10
31.297272676493826,3.503514e-02,5.640826e-10
31.297272676493826,5.263151e-02,1.279269e-09
31.297272676493826,7.314235e-02,1.886307e-09
31.297272676493826,1.025928e-01,3.754769e-09
31.297272676493826,1.448116e-01,5.442883e-09
31.297272676493826,2.023460e-01,8.113894e-09
31.297272676493826,2.834245e-01,1.328784e-08
31.297272676493826,3.967448e-01,2.05615e-08
31.297272676493826,5.552783e-01,3.111908e-08
31.297272676493826,7.774819e-01,4.393406e-08
31.297272676493826,1.088445e+00,5.634242e-08
31.297272676493826,1.523711e+00,6.635519e-08
31.297272676493826,2.088426e+00,6.945268e-08
31.297272676493826,2.685505e+00,5.969131e-08
31.943218130023702,0.e+00,0.e+00
31.943218130023702,1.570796e-02,1.960959e-11
31.943218130023702,2.346256e-02,8.378566e-11
31.943218130023702,3.503514e-02,4.536055e-10
31.943218130023702,5.263151e-02,1.031016e-09
31.943218130023702,7.314235e-02,1.51966e-09
31.943218130023702,1.025928e-01,3.032054e-09
31.943218130023702,1.448116e-01,4.404505e-09
31.943218130023702,2.023460e-01,6.587005e-09
31.943218130023702,2.834245e-01,1.083843e-08
31.943218130023702,3.967448e-01,1.677944e-08
31.943218130023702,5.552783e-01,2.546671e-08
31.943218130023702,7.774819e-01,3.61576e-08
31.943218130023702,1.088445e+00,4.702457e-08
31.943218130023702,1.523711e+00,5.695854e-08
31.943218130023702,2.088426e+00,6.273101e-08
31.943218130023702,2.685505e+00,5.87142e-08
32.60208249262418,0.e+00,0.e+00
32.60208249262418,1.570796e-02,1.494593e-11
32.60208249262418,2.346256e-02,6.388874e-11
32.60208249262418,3.503514e-02,3.465874e-10
32.60208249262418,5.263151e-02,7.896246e-10
32.60208249262418,7.314235e-02,1.162894e-09
32.60208249262418,1.025928e-01,2.326444e-09
32.60208249262418,1.448116e-01,3.387168e-09
32.60208249262418,2.023460e-01,5.080442e-09
32.60208249262418,2.834245e-01,8.391973e-09
32.60208249262418,3.967448e-01,1.300229e-08
32.60208249262418,5.552783e-01,1.977842e-08
32.60208249262418,7.774819e-01,2.821774e-08
32.60208249262418,1.088445e+00,3.722604e-08
32.60208249262418,1.523711e+00,4.641061e-08
32.60208249262418,2.088426e+00,5.393721e-08
32.60208249262418,2.685505e+00,5.499550e-08
33.27412414247666,0.e+00,0.e+00
33.27412414247666,1.570796e-02,1.038461e-11
33.27412414247666,2.346256e-02,4.460977e-11
33.27412414247666,3.503514e-02,2.425181e-10
33.27412414247666,5.263151e-02,5.535759e-10
33.27412414247666,7.314235e-02,8.154625e-10
33.27412414247666,1.025928e-01,1.635090e-09
33.27412414247666,1.448116e-01,2.386276e-09
33.27412414247666,2.023460e-01,3.589695e-09
33.27412414247666,2.834245e-01,5.952963e-09
33.27412414247666,3.967448e-01,9.229249e-09
33.27412414247666,5.552783e-01,1.407049e-08
33.27412414247666,7.774819e-01,2.017135e-08
33.27412414247666,1.088445e+00,2.696641e-08
33.27412414247666,1.523711e+00,3.460405e-08
33.27412414247666,2.088426e+00,4.258075e-08
33.27412414247666,2.685505e+00,4.713062e-08
33.959606625326195,0.e+00,0.e+00
33.959606625326195,1.570796e-02,6.261164e-12
33.959606625326195,2.346256e-02,2.688906e-11
33.959606625326195,3.503514e-02,1.46932e-10
33.959606625326195,5.263151e-02,3.357430e-10
33.959606625326195,7.314235e-02,4.943568e-10
33.959606625326195,1.025928e-01,9.916000e-10
33.959606625326195,1.448116e-01,1.450032e-09
33.959606625326195,2.023460e-01,2.177776e-09
33.959606625326195,2.834245e-01,3.604915e-09
33.959606625326195,3.967448e-01,5.555177e-09
33.959606625326195,5.552783e-01,8.444407e-09
33.959606625326195,7.774819e-01,1.210151e-08
33.959606625326195,1.088445e+00,1.633042e-08
33.959606625326195,1.523711e+00,2.151876e-08
33.959606625326195,2.088426e+00,2.785511e-08
33.959606625326195,2.685505e+00,3.313710e-08
34.65879875783272,0.e+00,0.e+00
34.65879875783272,1.570796e-02,2.103335e-12
34.65879875783272,2.346256e-02,7.473363e-12
34.65879875783272,3.503514e-02,4.488790e-11
34.65879875783272,5.263151e-02,1.065662e-10
34.65879875783272,7.314235e-02,1.565111e-10
34.65879875783272,1.025928e-01,3.091657e-10
34.65879875783272,1.448116e-01,4.559849e-10
34.65879875783272,2.023460e-01,6.918387e-10
34.65879875783272,2.834245e-01,1.159946e-09
34.65879875783272,3.967448e-01,1.796248e-09
34.65879875783272,5.552783e-01,2.749644e-09
34.65879875783272,7.774819e-01,3.964562e-09
34.65879875783272,1.088445e+00,5.423944e-09
34.65879875783272,1.523711e+00,7.314802e-09
34.65879875783272,2.088426e+00,9.944868e-09
34.65879875783272,2.685505e+00,1.27184e-08
35.37197473298937,0.e+00,0.e+00
35.37197473298937,1.570796e-02,0.e+00
35.37197473298937,2.346256e-02,0.e+00
35.37197473298937,3.503514e-02,0.e+00
35.37197473298937,5.263151e-02,0.e+00
35.37197473298937,7.314235e-02,0.e+00
35.37197473298937,1.025928e-01,0.e+00
35.37197473298937,1.448116e-01,0.e+00
35.37197473298937,2.023460e-01,0.e+00
35.37197473298937,2.834245e-01,0.e+00
35.37197473298937,3.967448e-01,0.e+00
35.37197473298937,5.552783e-01,0.e+00
35.37197473298937,7.774819e-01,0.e+00
35.37197473298937,1.088445e+00,0.e+00
35.37197473298937,1.523711e+00,0.e+00
35.37197473298937,2.088426e+00,0.e+00
35.37197473298937,2.685505e+00,0.e+00
