5.e+00 1.570796e-02 0.e+00
5.e+00 2.346256e-02 0.e+00
5.e+00 3.503514e-02 0.e+00
5.e+00 5.263151e-02 0.e+00
5.e+00 7.314235e-02 0.e+00
5.e+00 1.025928e-01 0.e+00
5.e+00 1.448116e-01 0.e+00
5.e+00 2.023460e-01 0.e+00
5.e+00 2.834245e-01 0.e+00
5.e+00 3.967448e-01 0.e+00
5.e+00 5.552783e-01 0.e+00
5.e+00 7.774819e-01 0.e+00
5.e+00 1.088445e+00 0.e+00
5.e+00 1.523711e+00 0.e+00
5.e+00 2.088426e+00 0.e+00
5.e+00 2.685505e+00 0.e+00
5.12e+00 1.570796e-02 0.e+00
5.12e+00 2.346256e-02 0.e+00
5.12e+00 3.503514e-02 0.e+00
5.12e+00 5.263151e-02 0.e+00
5.12e+00 7.314235e-02 0.e+00
5.12e+00 1.025928e-01 0.e+00
5.12e+00 1.448116e-01 0.e+00
5.12e+00 2.023460e-01 0.e+00
5.12e+00 2.834245e-01 0.e+00
5.12e+00 3.967448e-01 0.e+00
5.12e+00 5.552783e-01 0.e+00
5.12e+00 7.774819e-01 0.e+00
5.12e+00 1.088445e+00 0.e+00
5.12e+00 1.523711e+00 0.e+00
5.12e+00 2.088426e+00 0.e+00
5.12e+00 2.685505e+00 0.e+00
5.2424e+00 1.570796e-02 0.e+00
5.2424e+00 2.346256e-02 0.e+00
5.2424e+00 3.503514e-02 0.e+00
5.2424e+00 5.263151e-02 0.e+00
5.2424e+00 7.314235e-02 0.e+00
5.2424e+00 1.025928e-01 0.e+00
5.2424e+00 1.448116e-01 0.e+00
5.2424e+00 2.023460e-01 0.e+00
5.2424e+00 2.834245e-01 0.e+00
5.2424e+00 3.967448e-01 0.e+00
5.2424e+00 5.552783e-01 0.e+00
5.2424e+00 7.774819e-01 0.e+00
5.2424e+00 1.088445e+00 0.e+00
5.2424e+00 1.523711e+00 0.e+00
5.2424e+00 2.088426e+00 0.e+00
5.2424e+00 2.685505e+00 0.e+00
5.367248e+00 1.570796e-02 0.e+00
5.367248e+00 2.346256e-02 0.e+00
5.367248e+00 3.503514e-02 0.e+00
5.367248e+00 5.263151e-02 0.e+00
5.367248e+00 7.314235e-02 0.e+00
5.367248e+00 1.025928e-01 0.e+00
5.367248e+00 1.448116e-01 0.e+00
5.367248e+00 2.023460e-01 0.e+00
5.367248e+00 2.834245e-01 0.e+00
5.367248e+00 3.967448e-01 0.e+00
5.367248e+00 5.552783e-01 0.e+00
5.367248e+00 7.774819e-01 0.e+00
5.367248e+00 1.088445e+00 0.e+00
5.367248e+00 1.523711e+00 0.e+00
5.367248e+00 2.088426e+00 0.e+00
5.367248e+00 2.685505e+00 0.e+00
5.494593e+00 1.570796e-02 0.e+00
5.494593e+00 2.346256e-02 0.e+00
5.494593e+00 3.503514e-02 0.e+00
5.494593e+00 5.263151e-02 0.e+00
5.494593e+00 7.314235e-02 0.e+00
5.494593e+00 1.025928e-01 0.e+00
5.494593e+00 1.448116e-01 0.e+00
5.494593e+00 2.023460e-01 0.e+00
5.494593e+00 2.834245e-01 0.e+00
5.494593e+00 3.967448e-01 0.e+00
5.494593e+00 5.552783e-01 0.e+00
5.494593e+00 7.774819e-01 0.e+00
5.494593e+00 1.088445e+00 0.e+00
5.494593e+00 1.523711e+00 0.e+00
5.494593e+00 2.088426e+00 0.e+00
5.494593e+00 2.685505e+00 0.e+00
5.624485e+00 1.570796e-02 0.e+00
5.624485e+00 2.346256e-02 0.e+00
5.624485e+00 3.503514e-02 0.e+00
5.624485e+00 5.263151e-02 0.e+00
5.624485e+00 7.314235e-02 0.e+00
5.624485e+00 1.025928e-01 0.e+00
5.624485e+00 1.448116e-01 0.e+00
5.624485e+00 2.023460e-01 0.e+00
5.624485e+00 2.834245e-01 0.e+00
5.624485e+00 3.967448e-01 0.e+00
5.624485e+00 5.552783e-01 0.e+00
5.624485e+00 7.774819e-01 0.e+00
5.624485e+00 1.088445e+00 0.e+00
5.624485e+00 1.523711e+00 0.e+00
5.624485e+00 2.088426e+00 0.e+00
5.624485e+00 2.685505e+00 0.e+00
5.756975e+00 1.570796e-02 0.e+00
5.756975e+00 2.346256e-02 0.e+00
5.756975e+00 3.503514e-02 0.e+00
5.756975e+00 5.263151e-02 0.e+00
5.756975e+00 7.314235e-02 0.e+00
5.756975e+00 1.025928e-01 0.e+00
5.756975e+00 1.448116e-01 0.e+00
5.756975e+00 2.023460e-01 0.e+00
5.756975e+00 2.834245e-01 0.e+00
5.756975e+00 3.967448e-01 0.e+00
5.756975e+00 5.552783e-01 0.e+00
5.756975e+00 7.774819e-01 0.e+00
5.756975e+00 1.088445e+00 0.e+00
5.756975e+00 1.523711e+00 0.e+00
5.756975e+00 2.088426e+00 0.e+00
5.756975e+00 2.685505e+00 0.e+00
5.892114e+00 1.570796e-02 0.e+00
5.892114e+00 2.346256e-02 0.e+00
5.892114e+00 3.503514e-02 0.e+00
5.892114e+00 5.263151e-02 0.e+00
5.892114e+00 7.314235e-02 0.e+00
5.892114e+00 1.025928e-01 0.e+00
5.892114e+00 1.448116e-01 0.e+00
5.892114e+00 2.023460e-01 0.e+00
5.892114e+00 2.834245e-01 0.e+00
5.892114e+00 3.967448e-01 0.e+00
5.892114e+00 5.552783e-01 0.e+00
5.892114e+00 7.774819e-01 0.e+00
5.892114e+00 1.088445e+00 0.e+00
5.892114e+00 1.523711e+00 0.e+00
5.892114e+00 2.088426e+00 0.e+00
5.892114e+00 2.685505e+00 0.e+00
6.029956e+00 1.570796e-02 0.e+00
6.029956e+00 2.346256e-02 0.e+00
6.029956e+00 3.503514e-02 0.e+00
6.029956e+00 5.263151e-02 0.e+00
6.029956e+00 7.314235e-02 0.e+00
6.029956e+00 1.025928e-01 0.e+00
6.029956e+00 1.448116e-01 0.e+00
6.029956e+00 2.023460e-01 0.e+00
6.029956e+00 2.834245e-01 0.e+00
6.029956e+00 3.967448e-01 0.e+00
6.029956e+00 5.552783e-01 0.e+00
6.029956e+00 7.774819e-01 0.e+00
6.029956e+00 1.088445e+00 0.e+00
6.029956e+00 1.523711e+00 0.e+00
6.029956e+00 2.088426e+00 0.e+00
6.029956e+00 2.685505e+00 0.e+00
6.170555e+00 1.570796e-02 0.e+00
6.170555e+00 2.346256e-02 0.e+00
6.170555e+00 3.503514e-02 0.e+00
6.170555e+00 5.263151e-02 0.e+00
6.170555e+00 7.314235e-02 0.e+00
6.170555e+00 1.025928e-01 0.e+00
6.170555e+00 1.448116e-01 0.e+00
6.170555e+00 2.023460e-01 0.e+00
6.170555e+00 2.834245e-01 0.e+00
6.170555e+00 3.967448e-01 0.e+00
6.170555e+00 5.552783e-01 0.e+00
6.170555e+00 7.774819e-01 0.e+00
6.170555e+00 1.088445e+00 0.e+00
6.170555e+00 1.523711e+00 0.e+00
6.170555e+00 2.088426e+00 0.e+00
6.170555e+00 2.685505e+00 0.e+00
6.313967e+00 1.570796e-02 -1.793787e-05
6.313967e+00 2.346256e-02 -7.756613e-05
6.313967e+00 3.503514e-02 -5.199675e-05
6.313967e+00 5.263151e-02 -5.846191e-06
6.313967e+00 7.314235e-02 -6.773618e-05
6.313967e+00 1.025928e-01 -1.165573e-05
6.313967e+00 1.448116e-01 -4.199974e-05
6.313967e+00 2.023460e-01 -3.725301e-05
6.313967e+00 2.834245e-01 -5.100326e-05
6.313967e+00 3.967448e-01 -3.377381e-05
6.313967e+00 5.552783e-01 -3.261189e-05
6.313967e+00 7.774819e-01 -2.381121e-05
6.313967e+00 1.088445e+00 -2.230863e-05
6.313967e+00 1.523711e+00 -2.032668e-05
6.313967e+00 2.088426e+00 -2.26169e-05
6.313967e+00 2.685505e+00 -2.372241e-05
6.460246e+00 1.570796e-02 -1.149778e-04
6.460246e+00 2.346256e-02 -5.280845e-04
6.460246e+00 3.503514e-02 -3.305337e-04
6.460246e+00 5.263151e-02 -2.784343e-04
6.460246e+00 7.314235e-02 -5.187192e-04
6.460246e+00 1.025928e-01 -5.694645e-04
6.460246e+00 1.448116e-01 -3.464568e-04
6.460246e+00 2.023460e-01 -4.976662e-04
6.460246e+00 2.834245e-01 -5.029188e-04
6.460246e+00 3.967448e-01 -4.168046e-04
6.460246e+00 5.552783e-01 -3.65047e-04
6.460246e+00 7.774819e-01 -2.768256e-04
6.460246e+00 1.088445e+00 -2.503869e-04
6.460246e+00 1.523711e+00 -2.429569e-04
6.460246e+00 2.088426e+00 -2.686553e-04
6.460246e+00 2.685505e+00 -2.797641e-04
6.609451e+00 1.570796e-02 -1.895917e-04
6.609451e+00 2.346256e-02 -1.143789e-03
6.609451e+00 3.503514e-02 -8.41148e-04
6.609451e+00 5.263151e-02 -1.377017e-03
6.609451e+00 7.314235e-02 -1.912026e-03
6.609451e+00 1.025928e-01 -2.089470e-03
6.609451e+00 1.448116e-01 -1.959714e-03
6.609451e+00 2.023460e-01 -1.891639e-03
6.609451e+00 2.834245e-01 -1.755549e-03
6.609451e+00 3.967448e-01 -1.626404e-03
6.609451e+00 5.552783e-01 -1.388249e-03
6.609451e+00 7.774819e-01 -1.151703e-03
6.609451e+00 1.088445e+00 -9.874167e-04
6.609451e+00 1.523711e+00 -9.527279e-04
6.609451e+00 2.088426e+00 -1.036401e-03
6.609451e+00 2.685505e+00 -1.078962e-03
6.76164e+00 1.570796e-02 -2.24671e-04
6.76164e+00 2.346256e-02 -1.834951e-03
6.76164e+00 3.503514e-02 -1.361792e-03
6.76164e+00 5.263151e-02 -2.930816e-03
6.76164e+00 7.314235e-02 -4.442237e-03
6.76164e+00 1.025928e-01 -4.549782e-03
6.76164e+00 1.448116e-01 -4.702632e-03
6.76164e+00 2.023460e-01 -4.477838e-03
6.76164e+00 2.834245e-01 -4.423735e-03
6.76164e+00 3.967448e-01 -3.912226e-03
6.76164e+00 5.552783e-01 -3.348492e-03
6.76164e+00 7.774819e-01 -2.792293e-03
6.76164e+00 1.088445e+00 -2.413134e-03
6.76164e+00 1.523711e+00 -2.252443e-03
6.76164e+00 2.088426e+00 -2.417385e-03
6.76164e+00 2.685505e+00 -2.511319e-03
6.916873e+00 1.570796e-02 -2.46811e-04
6.916873e+00 2.346256e-02 -2.293156e-03
6.916873e+00 3.503514e-02 -1.822192e-03
6.916873e+00 5.263151e-02 -4.947893e-03
6.916873e+00 7.314235e-02 -8.275589e-03
6.916873e+00 1.025928e-01 -8.414438e-03
6.916873e+00 1.448116e-01 -9.124814e-03
6.916873e+00 2.023460e-01 -8.948956e-03
6.916873e+00 2.834245e-01 -8.617031e-03
6.916873e+00 3.967448e-01 -7.672994e-03
6.916873e+00 5.552783e-01 -6.585052e-03
6.916873e+00 7.774819e-01 -5.539387e-03
6.916873e+00 1.088445e+00 -4.728492e-03
6.916873e+00 1.523711e+00 -4.378054e-03
6.916873e+00 2.088426e+00 -4.641662e-03
6.916873e+00 2.685505e+00 -4.797996e-03
7.075210e+00 1.570796e-02 -2.822679e-04
7.075210e+00 2.346256e-02 -2.620111e-03
7.075210e+00 3.503514e-02 -2.298597e-03
7.075210e+00 5.263151e-02 -6.634519e-03
7.075210e+00 7.314235e-02 -1.215084e-02
7.075210e+00 1.025928e-01 -1.291552e-02
7.075210e+00 1.448116e-01 -1.460127e-02
7.075210e+00 2.023460e-01 -1.4659e-02
7.075210e+00 2.834245e-01 -1.397411e-02
7.075210e+00 3.967448e-01 -1.264730e-02
7.075210e+00 5.552783e-01 -1.093282e-02
7.075210e+00 7.774819e-01 -9.236460e-03
7.075210e+00 1.088445e+00 -7.851561e-03
7.075210e+00 1.523711e+00 -7.192486e-03
7.075210e+00 2.088426e+00 -7.555722e-03
7.075210e+00 2.685505e+00 -7.683611e-03
7.236714e+00 1.570796e-02 -3.067029e-04
7.236714e+00 2.346256e-02 -2.454641e-03
7.236714e+00 3.503514e-02 -2.64592e-03
7.236714e+00 5.263151e-02 -7.960927e-03
7.236714e+00 7.314235e-02 -1.524799e-02
7.236714e+00 1.025928e-01 -1.686933e-02
7.236714e+00 1.448116e-01 -1.938888e-02
7.236714e+00 2.023460e-01 -2.034649e-02
7.236714e+00 2.834245e-01 -1.951404e-02
7.236714e+00 3.967448e-01 -1.802833e-02
7.236714e+00 5.552783e-01 -1.588261e-02
7.236714e+00 7.774819e-01 -1.331063e-02
7.236714e+00 1.088445e+00 -1.125725e-02
7.236714e+00 1.523711e+00 -1.015597e-02
7.236714e+00 2.088426e+00 -1.057242e-02
7.236714e+00 2.685505e+00 -1.070516e-02
7.401449e+00 1.570796e-02 -3.092945e-04
7.401449e+00 2.346256e-02 -2.300999e-03
7.401449e+00 3.503514e-02 -2.785173e-03
7.401449e+00 5.263151e-02 -8.230531e-03
7.401449e+00 7.314235e-02 -1.729541e-02
7.401449e+00 1.025928e-01 -1.984554e-02
7.401449e+00 1.448116e-01 -2.30561e-02
7.401449e+00 2.023460e-01 -2.534031e-02
7.401449e+00 2.834245e-01 -2.477718e-02
7.401449e+00 3.967448e-01 -2.309898e-02
7.401449e+00 5.552783e-01 -2.052845e-02
7.401449e+00 7.774819e-01 -1.738888e-02
7.401449e+00 1.088445e+00 -1.456673e-02
7.401449e+00 1.523711e+00 -1.299894e-02
7.401449e+00 2.088426e+00 -1.337458e-02
7.401449e+00 2.685505e+00 -1.331789e-02
7.569477e+00 1.570796e-02 -3.158221e-04
7.569477e+00 2.346256e-02 -2.108260e-03
7.569477e+00 3.503514e-02 -2.757284e-03
7.569477e+00 5.263151e-02 -8.027622e-03
7.569477e+00 7.314235e-02 -1.797057e-02
7.569477e+00 1.025928e-01 -2.155827e-02
7.569477e+00 1.448116e-01 -2.578139e-02
7.569477e+00 2.023460e-01 -2.925963e-02
7.569477e+00 2.834245e-01 -2.906080e-02
7.569477e+00 3.967448e-01 -2.776604e-02
7.569477e+00 5.552783e-01 -2.480341e-02
7.569477e+00 7.774819e-01 -2.122853e-02
7.569477e+00 1.088445e+00 -1.762512e-02
7.569477e+00 1.523711e+00 -1.565512e-02
7.569477e+00 2.088426e+00 -1.584455e-02
7.569477e+00 2.685505e+00 -1.557657e-02
7.740867e+00 1.570796e-02 -2.962393e-04
7.740867e+00 2.346256e-02 -1.906134e-03
7.740867e+00 3.503514e-02 -2.541899e-03
7.740867e+00 5.263151e-02 -7.490450e-03
7.740867e+00 7.314235e-02 -1.756999e-02
7.740867e+00 1.025928e-01 -2.226365e-02
7.740867e+00 1.448116e-01 -2.751907e-02
7.740867e+00 2.023460e-01 -3.201344e-02
7.740867e+00 2.834245e-01 -3.256083e-02
7.740867e+00 3.967448e-01 -3.169087e-02
7.740867e+00 5.552783e-01 -2.861181e-02
7.740867e+00 7.774819e-01 -2.462800e-02
7.740867e+00 1.088445e+00 -2.047241e-02
7.740867e+00 1.523711e+00 -1.807473e-02
7.740867e+00 2.088426e+00 -1.808075e-02
7.740867e+00 2.685505e+00 -1.758082e-02
7.915684e+00 1.570796e-02 -2.695567e-04
7.915684e+00 2.346256e-02 -1.760332e-03
7.915684e+00 3.503514e-02 -2.31221e-03
7.915684e+00 5.263151e-02 -6.859976e-03
7.915684e+00 7.314235e-02 -1.649233e-02
7.915684e+00 1.025928e-01 -2.190774e-02
7.915684e+00 1.448116e-01 -2.798445e-02
7.915684e+00 2.023460e-01 -3.359780e-02
7.915684e+00 2.834245e-01 -3.502085e-02
7.915684e+00 3.967448e-01 -3.473064e-02
7.915684e+00 5.552783e-01 -3.183897e-02
7.915684e+00 7.774819e-01 -2.750095e-02
7.915684e+00 1.088445e+00 -2.29601e-02
7.915684e+00 1.523711e+00 -2.014562e-02
7.915684e+00 2.088426e+00 -1.987619e-02
7.915684e+00 2.685505e+00 -1.926369e-02
8.093998e+00 1.570796e-02 -2.409142e-04
8.093998e+00 2.346256e-02 -1.632442e-03
8.093998e+00 3.503514e-02 -2.096067e-03
8.093998e+00 5.263151e-02 -6.251191e-03
8.093998e+00 7.314235e-02 -1.519863e-02
8.093998e+00 1.025928e-01 -2.082992e-02
8.093998e+00 1.448116e-01 -2.762176e-02
8.093998e+00 2.023460e-01 -3.435584e-02
8.093998e+00 2.834245e-01 -3.658675e-02
8.093998e+00 3.967448e-01 -3.69193e-02
8.093998e+00 5.552783e-01 -3.437729e-02
8.093998e+00 7.774819e-01 -2.990683e-02
8.093998e+00 1.088445e+00 -2.499506e-02
8.093998e+00 1.523711e+00 -2.191902e-02
8.093998e+00 2.088426e+00 -2.142240e-02
8.093998e+00 2.685505e+00 -2.051441e-02
8.275878e+00 1.570796e-02 -2.168008e-04
8.275878e+00 2.346256e-02 -1.480315e-03
8.275878e+00 3.503514e-02 -1.900154e-03
8.275878e+00 5.263151e-02 -5.694206e-03
8.275878e+00 7.314235e-02 -1.383238e-02
8.275878e+00 1.025928e-01 -1.938536e-02
8.275878e+00 1.448116e-01 -2.650249e-02
8.275878e+00 2.023460e-01 -3.408273e-02
8.275878e+00 2.834245e-01 -3.721895e-02
8.275878e+00 3.967448e-01 -3.824999e-02
8.275878e+00 5.552783e-01 -3.615511e-02
8.275878e+00 7.774819e-01 -3.181103e-02
8.275878e+00 1.088445e+00 -2.665921e-02
8.275878e+00 1.523711e+00 -2.334352e-02
8.275878e+00 2.088426e+00 -2.268928e-02
8.275878e+00 2.685505e+00 -2.146715e-02
8.461396e+00 1.570796e-02 -1.979531e-04
8.461396e+00 2.346256e-02 -1.331234e-03
8.461396e+00 3.503514e-02 -1.722293e-03
8.461396e+00 5.263151e-02 -5.158042e-03
8.461396e+00 7.314235e-02 -1.251524e-02
8.461396e+00 1.025928e-01 -1.782114e-02
8.461396e+00 1.448116e-01 -2.494428e-02
8.461396e+00 2.023460e-01 -3.306392e-02
8.461396e+00 2.834245e-01 -3.711127e-02
8.461396e+00 3.967448e-01 -3.881760e-02
8.461396e+00 5.552783e-01 -3.721212e-02
8.461396e+00 7.774819e-01 -3.316936e-02
8.461396e+00 1.088445e+00 -2.792776e-02
8.461396e+00 1.523711e+00 -2.443692e-02
8.461396e+00 2.088426e+00 -2.370207e-02
8.461396e+00 2.685505e+00 -2.213254e-02
8.650623e+00 1.570796e-02 -1.793327e-04
8.650623e+00 2.346256e-02 -1.183283e-03
8.650623e+00 3.503514e-02 -1.555963e-03
8.650623e+00 5.263151e-02 -4.632981e-03
8.650623e+00 7.314235e-02 -1.121787e-02
8.650623e+00 1.025928e-01 -1.621323e-02
8.650623e+00 1.448116e-01 -2.318053e-02
8.650623e+00 2.023460e-01 -3.144569e-02
8.650623e+00 2.834245e-01 -3.629573e-02
8.650623e+00 3.967448e-01 -3.875739e-02
8.650623e+00 5.552783e-01 -3.773513e-02
8.650623e+00 7.774819e-01 -3.405467e-02
8.650623e+00 1.088445e+00 -2.879044e-02
8.650623e+00 1.523711e+00 -2.526562e-02
8.650623e+00 2.088426e+00 -2.43931e-02
8.650623e+00 2.685505e+00 -2.269039e-02
8.843636e+00 1.570796e-02 -1.595145e-04
8.843636e+00 2.346256e-02 -1.054182e-03
8.843636e+00 3.503514e-02 -1.398552e-03
8.843636e+00 5.263151e-02 -4.149951e-03
8.843636e+00 7.314235e-02 -1.000887e-02
8.843636e+00 1.025928e-01 -1.464699e-02
8.843636e+00 1.448116e-01 -2.124108e-02
8.843636e+00 2.023460e-01 -2.946568e-02
8.843636e+00 2.834245e-01 -3.487037e-02
8.843636e+00 3.967448e-01 -3.802816e-02
8.843636e+00 5.552783e-01 -3.769657e-02
8.843636e+00 7.774819e-01 -3.440582e-02
8.843636e+00 1.088445e+00 -2.935432e-02
8.843636e+00 1.523711e+00 -2.585563e-02
8.843636e+00 2.088426e+00 -2.486791e-02
8.843636e+00 2.685505e+00 -2.305172e-02
9.040509e+00 1.570796e-02 -1.40812e-04
9.040509e+00 2.346256e-02 -9.421332e-04
9.040509e+00 3.503514e-02 -1.259605e-03
9.040509e+00 5.263151e-02 -3.715230e-03
9.040509e+00 7.314235e-02 -8.915268e-03
9.040509e+00 1.025928e-01 -1.314132e-02
9.040509e+00 1.448116e-01 -1.928930e-02
9.040509e+00 2.023460e-01 -2.726683e-02
9.040509e+00 2.834245e-01 -3.303762e-02
9.040509e+00 3.967448e-01 -3.675403e-02
9.040509e+00 5.552783e-01 -3.713019e-02
9.040509e+00 7.774819e-01 -3.426955e-02
9.040509e+00 1.088445e+00 -2.950258e-02
9.040509e+00 1.523711e+00 -2.612335e-02
9.040509e+00 2.088426e+00 -2.511487e-02
9.040509e+00 2.685505e+00 -2.311675e-02
9.241319e+00 1.570796e-02 -1.25526e-04
9.241319e+00 2.346256e-02 -8.427323e-04
9.241319e+00 3.503514e-02 -1.134396e-03
9.241319e+00 5.263151e-02 -3.316219e-03
9.241319e+00 7.314235e-02 -7.915799e-03
9.241319e+00 1.025928e-01 -1.174355e-02
9.241319e+00 1.448116e-01 -1.737527e-02
9.241319e+00 2.023460e-01 -2.498661e-02
9.241319e+00 2.834245e-01 -3.091268e-02
9.241319e+00 3.967448e-01 -3.508299e-02
9.241319e+00 5.552783e-01 -3.607024e-02
9.241319e+00 7.774819e-01 -3.372305e-02
9.241319e+00 1.088445e+00 -2.935067e-02
9.241319e+00 1.523711e+00 -2.614299e-02
9.241319e+00 2.088426e+00 -2.514661e-02
9.241319e+00 2.685505e+00 -2.291867e-02
9.446145e+00 1.570796e-02 -1.130962e-04
9.446145e+00 2.346256e-02 -7.522388e-04
9.446145e+00 3.503514e-02 -1.018941e-03
9.446145e+00 5.263151e-02 -2.951095e-03
9.446145e+00 7.314235e-02 -7.030375e-03
9.446145e+00 1.025928e-01 -1.048224e-02
9.446145e+00 1.448116e-01 -1.558766e-02
9.446145e+00 2.023460e-01 -2.267314e-02
9.446145e+00 2.834245e-01 -2.857787e-02
9.446145e+00 3.967448e-01 -3.307777e-02
9.446145e+00 5.552783e-01 -3.461284e-02
9.446145e+00 7.774819e-01 -3.280191e-02
9.446145e+00 1.088445e+00 -2.894222e-02
9.446145e+00 1.523711e+00 -2.590443e-02
9.446145e+00 2.088426e+00 -2.499035e-02
9.446145e+00 2.685505e+00 -2.269144e-02
9.655068e+00 1.570796e-02 -1.006628e-04
9.655068e+00 2.346256e-02 -6.683726e-04
9.655068e+00 3.503514e-02 -9.114199e-04
9.655068e+00 5.263151e-02 -2.616927e-03
9.655068e+00 7.314235e-02 -6.225395e-03
9.655068e+00 1.025928e-01 -9.308031e-03
9.655068e+00 1.448116e-01 -1.390389e-02
9.655068e+00 2.023460e-01 -2.044990e-02
9.655068e+00 2.834245e-01 -2.616343e-02
9.655068e+00 3.967448e-01 -3.085666e-02
9.655068e+00 5.552783e-01 -3.285444e-02
9.655068e+00 7.774819e-01 -3.158171e-02
9.655068e+00 1.088445e+00 -2.825084e-02
9.655068e+00 1.523711e+00 -2.548824e-02
9.655068e+00 2.088426e+00 -2.464605e-02
9.655068e+00 2.685505e+00 -2.224469e-02
9.86817e+00 1.570796e-02 -8.921714e-05
9.86817e+00 2.346256e-02 -5.927281e-04
9.86817e+00 3.503514e-02 -8.102999e-04
9.86817e+00 5.263151e-02 -2.309689e-03
9.86817e+00 7.314235e-02 -5.508879e-03
9.86817e+00 1.025928e-01 -8.244021e-03
9.86817e+00 1.448116e-01 -1.233302e-02
9.86817e+00 2.023460e-01 -1.833112e-02
9.86817e+00 2.834245e-01 -2.377037e-02
9.86817e+00 3.967448e-01 -2.852051e-02
9.86817e+00 5.552783e-01 -3.086202e-02
9.86817e+00 7.774819e-01 -3.012878e-02
9.86817e+00 1.088445e+00 -2.730784e-02
9.86817e+00 1.523711e+00 -2.486686e-02
9.86817e+00 2.088426e+00 -2.410946e-02
9.86817e+00 2.685505e+00 -2.166040e-02
1.008553e+01 1.570796e-02 -7.888476e-05
1.008553e+01 2.346256e-02 -5.237957e-04
1.008553e+01 3.503514e-02 -7.147434e-04
1.008553e+01 5.263151e-02 -2.030061e-03
1.008553e+01 7.314235e-02 -4.859175e-03
1.008553e+01 1.025928e-01 -7.278723e-03
1.008553e+01 1.448116e-01 -1.090950e-02
1.008553e+01 2.023460e-01 -1.633482e-02
1.008553e+01 2.834245e-01 -2.14367e-02
1.008553e+01 3.967448e-01 -2.614548e-02
1.008553e+01 5.552783e-01 -2.875203e-02
1.008553e+01 7.774819e-01 -2.849222e-02
1.008553e+01 1.088445e+00 -2.617682e-02
1.008553e+01 1.523711e+00 -2.410450e-02
1.008553e+01 2.088426e+00 -2.343046e-02
1.008553e+01 2.685505e+00 -2.09324e-02
1.030724e+01 1.570796e-02 -6.907912e-05
1.030724e+01 2.346256e-02 -4.635736e-04
1.030724e+01 3.503514e-02 -6.273684e-04
1.030724e+01 5.263151e-02 -1.780003e-03
1.030724e+01 7.314235e-02 -4.261637e-03
1.030724e+01 1.025928e-01 -6.395334e-03
1.030724e+01 1.448116e-01 -9.603717e-03
1.030724e+01 2.023460e-01 -1.445014e-02
1.030724e+01 2.834245e-01 -1.919883e-02
1.030724e+01 3.967448e-01 -2.375638e-02
1.030724e+01 5.552783e-01 -2.654161e-02
1.030724e+01 7.774819e-01 -2.671098e-02
1.030724e+01 1.088445e+00 -2.485994e-02
1.030724e+01 1.523711e+00 -2.31718e-02
1.030724e+01 2.088426e+00 -2.265393e-02
1.030724e+01 2.685505e+00 -2.008991e-02
1.053339e+01 1.570796e-02 -6.108413e-05
1.053339e+01 2.346256e-02 -4.086804e-04
1.053339e+01 3.503514e-02 -5.507965e-04
1.053339e+01 5.263151e-02 -1.555423e-03
1.053339e+01 7.314235e-02 -3.723202e-03
1.053339e+01 1.025928e-01 -5.605036e-03
1.053339e+01 1.448116e-01 -8.410711e-03
1.053339e+01 2.023460e-01 -1.273585e-02
1.053339e+01 2.834245e-01 -1.709429e-02
1.053339e+01 3.967448e-01 -2.141787e-02
1.053339e+01 5.552783e-01 -2.427576e-02
1.053339e+01 7.774819e-01 -2.481602e-02
1.053339e+01 1.088445e+00 -2.341998e-02
1.053339e+01 1.523711e+00 -2.210081e-02
1.053339e+01 2.088426e+00 -2.177025e-02
1.053339e+01 2.685505e+00 -1.931029e-02
1.076406e+01 1.570796e-02 -5.423351e-05
1.076406e+01 2.346256e-02 -3.586122e-04
1.076406e+01 3.503514e-02 -4.8256e-04
1.076406e+01 5.263151e-02 -1.358731e-03
1.076406e+01 7.314235e-02 -3.242892e-03
1.076406e+01 1.025928e-01 -4.893542e-03
1.076406e+01 1.448116e-01 -7.361973e-03
1.076406e+01 2.023460e-01 -1.117982e-02
1.076406e+01 2.834245e-01 -1.513269e-02
1.076406e+01 3.967448e-01 -1.917004e-02
1.076406e+01 5.552783e-01 -2.203947e-02
1.076406e+01 7.774819e-01 -2.288181e-02
1.076406e+01 1.088445e+00 -2.193461e-02
1.076406e+01 1.523711e+00 -2.096352e-02
1.076406e+01 2.088426e+00 -2.079136e-02
1.076406e+01 2.685505e+00 -1.836035e-02
1.099934e+01 1.570796e-02 -4.731890e-05
1.099934e+01 2.346256e-02 -3.099785e-04
1.099934e+01 3.503514e-02 -4.193144e-04
1.099934e+01 5.263151e-02 -1.183466e-03
1.099934e+01 7.314235e-02 -2.827171e-03
1.099934e+01 1.025928e-01 -4.262453e-03
1.099934e+01 1.448116e-01 -6.414229e-03
1.099934e+01 2.023460e-01 -9.753895e-03
1.099934e+01 2.834245e-01 -1.331374e-02
1.099934e+01 3.967448e-01 -1.702502e-02
1.099934e+01 5.552783e-01 -1.984883e-02
1.099934e+01 7.774819e-01 -2.092197e-02
1.099934e+01 1.088445e+00 -2.037716e-02
1.099934e+01 1.523711e+00 -1.973654e-02
1.099934e+01 2.088426e+00 -1.972937e-02
1.099934e+01 2.685505e+00 -1.730934e-02
1.123932e+01 1.570796e-02 -4.147492e-05
1.123932e+01 2.346256e-02 -2.676102e-04
1.123932e+01 3.503514e-02 -3.641691e-04
1.123932e+01 5.263151e-02 -1.025343e-03
1.123932e+01 7.314235e-02 -2.455001e-03
1.123932e+01 1.025928e-01 -3.699969e-03
1.123932e+01 1.448116e-01 -5.571901e-03
1.123932e+01 2.023460e-01 -8.482488e-03
1.123932e+01 2.834245e-01 -1.164309e-02
1.123932e+01 3.967448e-01 -1.502071e-02
1.123932e+01 5.552783e-01 -1.772315e-02
1.123932e+01 7.774819e-01 -1.896371e-02
1.123932e+01 1.088445e+00 -1.876314e-02
1.123932e+01 1.523711e+00 -1.845842e-02
1.123932e+01 2.088426e+00 -1.853185e-02
1.123932e+01 2.685505e+00 -1.616784e-02
1.148411e+01 1.570796e-02 -3.610777e-05
1.148411e+01 2.346256e-02 -2.306131e-04
1.148411e+01 3.503514e-02 -3.149399e-04
1.148411e+01 5.263151e-02 -8.848250e-04
1.148411e+01 7.314235e-02 -2.117600e-03
1.148411e+01 1.025928e-01 -3.19036e-03
1.148411e+01 1.448116e-01 -4.816102e-03
1.148411e+01 2.023460e-01 -7.351732e-03
1.148411e+01 2.834245e-01 -1.011578e-02
1.148411e+01 3.967448e-01 -1.316975e-02
1.148411e+01 5.552783e-01 -1.57162e-02
1.148411e+01 7.774819e-01 -1.70921e-02
1.148411e+01 1.088445e+00 -1.715456e-02
1.148411e+01 1.523711e+00 -1.711163e-02
1.148411e+01 2.088426e+00 -1.728847e-02
1.148411e+01 2.685505e+00 -1.504596e-02
1.173379e+01 1.570796e-02 -3.06809e-05
1.173379e+01 2.346256e-02 -1.988983e-04
1.173379e+01 3.503514e-02 -2.723020e-04
1.173379e+01 5.263151e-02 -7.602154e-04
1.173379e+01 7.314235e-02 -1.820812e-03
1.173379e+01 1.025928e-01 -2.740255e-03
1.173379e+01 1.448116e-01 -4.148302e-03
1.173379e+01 2.023460e-01 -6.330045e-03
1.173379e+01 2.834245e-01 -8.742161e-03
1.173379e+01 3.967448e-01 -1.147061e-02
1.173379e+01 5.552783e-01 -1.384243e-02
1.173379e+01 7.774819e-01 -1.524332e-02
1.173379e+01 1.088445e+00 -1.557066e-02
1.173379e+01 1.523711e+00 -1.577743e-02
1.173379e+01 2.088426e+00 -1.604870e-02
1.173379e+01 2.685505e+00 -1.394698e-02
1.198847e+01 1.570796e-02 -2.6499e-05
1.198847e+01 2.346256e-02 -1.704529e-04
1.198847e+01 3.503514e-02 -2.324692e-04
1.198847e+01 5.263151e-02 -6.493034e-04
1.198847e+01 7.314235e-02 -1.561696e-03
1.198847e+01 1.025928e-01 -2.344118e-03
1.198847e+01 1.448116e-01 -3.555378e-03
1.198847e+01 2.023460e-01 -5.421681e-03
1.198847e+01 2.834245e-01 -7.510413e-03
1.198847e+01 3.967448e-01 -9.927516e-03
1.198847e+01 5.552783e-01 -1.209979e-02
1.198847e+01 7.774819e-01 -1.353207e-02
1.198847e+01 1.088445e+00 -1.403826e-02
1.198847e+01 1.523711e+00 -1.444407e-02
1.198847e+01 2.088426e+00 -1.478795e-02
1.198847e+01 2.685505e+00 -1.288794e-02
1.224824e+01 1.570796e-02 -2.257087e-05
1.224824e+01 2.346256e-02 -1.454228e-04
1.224824e+01 3.503514e-02 -1.984622e-04
1.224824e+01 5.263151e-02 -5.539902e-04
1.224824e+01 7.314235e-02 -1.329889e-03
1.224824e+01 1.025928e-01 -1.996278e-03
1.224824e+01 1.448116e-01 -3.034623e-03
1.224824e+01 2.023460e-01 -4.631249e-03
1.224824e+01 2.834245e-01 -6.43381e-03
1.224824e+01 3.967448e-01 -8.553520e-03
1.224824e+01 5.552783e-01 -1.051762e-02
1.224824e+01 7.774819e-01 -1.194284e-02
1.224824e+01 1.088445e+00 -1.257007e-02
1.224824e+01 1.523711e+00 -1.311729e-02
1.224824e+01 2.088426e+00 -1.353778e-02
1.224824e+01 2.685505e+00 -1.179065e-02
1.251320e+01 1.570796e-02 -1.902250e-05
1.251320e+01 2.346256e-02 -1.230824e-04
1.251320e+01 3.503514e-02 -1.669723e-04
1.251320e+01 5.263151e-02 -4.684832e-04
1.251320e+01 7.314235e-02 -1.125046e-03
1.251320e+01 1.025928e-01 -1.688812e-03
1.251320e+01 1.448116e-01 -2.57445e-03
1.251320e+01 2.023460e-01 -3.928277e-03
1.251320e+01 2.834245e-01 -5.472369e-03
1.251320e+01 3.967448e-01 -7.310319e-03
1.251320e+01 5.552783e-01 -9.069521e-03
1.251320e+01 7.774819e-01 -1.044080e-02
1.251320e+01 1.088445e+00 -1.118218e-02
1.251320e+01 1.523711e+00 -1.18592e-02
1.251320e+01 2.088426e+00 -1.238484e-02
1.251320e+01 2.685505e+00 -1.079364e-02
1.278347e+01 1.570796e-02 -1.585614e-05
1.278347e+01 2.346256e-02 -1.033169e-04
1.278347e+01 3.503514e-02 -1.412845e-04
1.278347e+01 5.263151e-02 -3.944301e-04
1.278347e+01 7.314235e-02 -9.461811e-04
1.278347e+01 1.025928e-01 -1.421707e-03
1.278347e+01 1.448116e-01 -2.17366e-03
1.278347e+01 2.023460e-01 -3.312931e-03
1.278347e+01 2.834245e-01 -4.628593e-03
1.278347e+01 3.967448e-01 -6.209170e-03
1.278347e+01 5.552783e-01 -7.754648e-03
1.278347e+01 7.774819e-01 -9.066492e-03
1.278347e+01 1.088445e+00 -9.858915e-03
1.278347e+01 1.523711e+00 -1.064063e-02
1.278347e+01 2.088426e+00 -1.122110e-02
1.278347e+01 2.685505e+00 -9.814742e-03
1.305914e+01 1.570796e-02 -1.333683e-05
1.305914e+01 2.346256e-02 -8.586383e-05
1.305914e+01 3.503514e-02 -1.186014e-04
1.305914e+01 5.263151e-02 -3.30703e-04
1.305914e+01 7.314235e-02 -7.946124e-04
1.305914e+01 1.025928e-01 -1.189525e-03
1.305914e+01 1.448116e-01 -1.827620e-03
1.305914e+01 2.023460e-01 -2.777915e-03
1.305914e+01 2.834245e-01 -3.895711e-03
1.305914e+01 3.967448e-01 -5.244519e-03
1.305914e+01 5.552783e-01 -6.593805e-03
1.305914e+01 7.774819e-01 -7.81989e-03
1.305914e+01 1.088445e+00 -8.638949e-03
1.305914e+01 1.523711e+00 -9.479227e-03
1.305914e+01 2.088426e+00 -1.011852e-02
1.305914e+01 2.685505e+00 -8.890780e-03
1.334032e+01 1.570796e-02 -1.101932e-05
1.334032e+01 2.346256e-02 -7.231093e-05
1.334032e+01 3.503514e-02 -9.929515e-05
1.334032e+01 5.263151e-02 -2.770524e-04
1.334032e+01 7.314235e-02 -6.624829e-04
1.334032e+01 1.025928e-01 -9.907207e-04
1.334032e+01 1.448116e-01 -1.530846e-03
1.334032e+01 2.023460e-01 -2.317399e-03
1.334032e+01 2.834245e-01 -3.256189e-03
1.334032e+01 3.967448e-01 -4.398443e-03
1.334032e+01 5.552783e-01 -5.568968e-03
1.334032e+01 7.774819e-01 -6.698092e-03
1.334032e+01 1.088445e+00 -7.524498e-03
1.334032e+01 1.523711e+00 -8.385826e-03
1.334032e+01 2.088426e+00 -9.052899e-03
1.334032e+01 2.685505e+00 -8.031083e-03
1.362713e+01 1.570796e-02 -8.886137e-06
1.362713e+01 2.346256e-02 -5.960963e-05
1.362713e+01 3.503514e-02 -8.269268e-05
1.362713e+01 5.263151e-02 -2.312194e-04
1.362713e+01 7.314235e-02 -5.509218e-04
1.362713e+01 1.025928e-01 -8.210213e-04
1.362713e+01 1.448116e-01 -1.272723e-03
1.362713e+01 2.023460e-01 -1.930077e-03
1.362713e+01 2.834245e-01 -2.715662e-03
1.362713e+01 3.967448e-01 -3.670293e-03
1.362713e+01 5.552783e-01 -4.670646e-03
1.362713e+01 7.774819e-01 -5.697067e-03
1.362713e+01 1.088445e+00 -6.524282e-03
1.362713e+01 1.523711e+00 -7.38971e-03
1.362713e+01 2.088426e+00 -8.072533e-03
1.362713e+01 2.685505e+00 -7.193198e-03
1.391967e+01 1.570796e-02 -7.354554e-06
1.391967e+01 2.346256e-02 -4.970359e-05
1.391967e+01 3.503514e-02 -6.795968e-05
1.391967e+01 5.263151e-02 -1.910439e-04
1.391967e+01 7.314235e-02 -4.547819e-04
1.391967e+01 1.025928e-01 -6.793011e-04
1.391967e+01 1.448116e-01 -1.054053e-03
1.391967e+01 2.023460e-01 -1.592647e-03
1.391967e+01 2.834245e-01 -2.251608e-03
1.391967e+01 3.967448e-01 -3.046832e-03
1.391967e+01 5.552783e-01 -3.904176e-03
1.391967e+01 7.774819e-01 -4.820865e-03
1.391967e+01 1.088445e+00 -5.620166e-03
1.391967e+01 1.523711e+00 -6.457254e-03
1.391967e+01 2.088426e+00 -7.135356e-03
1.391967e+01 2.685505e+00 -6.415455e-03
1.421806e+01 1.570796e-02 -6.06228e-06
1.421806e+01 2.346256e-02 -4.055747e-05
1.421806e+01 3.503514e-02 -5.542139e-05
1.421806e+01 5.263151e-02 -1.567140e-04
1.421806e+01 7.314235e-02 -3.731676e-04
1.421806e+01 1.025928e-01 -5.571494e-04
1.421806e+01 1.448116e-01 -8.676695e-04
1.421806e+01 2.023460e-01 -1.305588e-03
1.421806e+01 2.834245e-01 -1.852953e-03
1.421806e+01 3.967448e-01 -2.514425e-03
1.421806e+01 5.552783e-01 -3.241529e-03
1.421806e+01 7.774819e-01 -4.055638e-03
1.421806e+01 1.088445e+00 -4.809712e-03
1.421806e+01 1.523711e+00 -5.616285e-03
1.421806e+01 2.088426e+00 -6.2696e-03
1.421806e+01 2.685505e+00 -5.644941e-03
1.452242e+01 1.570796e-02 -4.998664e-06
1.452242e+01 2.346256e-02 -3.322128e-05
1.452242e+01 3.503514e-02 -4.541467e-05
1.452242e+01 5.263151e-02 -1.286863e-04
1.452242e+01 7.314235e-02 -3.046351e-04
1.452242e+01 1.025928e-01 -4.573077e-04
1.452242e+01 1.448116e-01 -7.069718e-04
1.452242e+01 2.023460e-01 -1.067671e-03
1.452242e+01 2.834245e-01 -1.516702e-03
1.452242e+01 3.967448e-01 -2.05826e-03
1.452242e+01 5.552783e-01 -2.667752e-03
1.452242e+01 7.774819e-01 -3.382793e-03
1.452242e+01 1.088445e+00 -4.077046e-03
1.452242e+01 1.523711e+00 -4.853004e-03
1.452242e+01 2.088426e+00 -5.476270e-03
1.452242e+01 2.685505e+00 -4.955272e-03
1.483287e+01 1.570796e-02 -4.149009e-06
1.483287e+01 2.346256e-02 -2.74534e-05
1.483287e+01 3.503514e-02 -3.711783e-05
1.483287e+01 5.263151e-02 -1.046778e-04
1.483287e+01 7.314235e-02 -2.474944e-04
1.483287e+01 1.025928e-01 -3.722028e-04
1.483287e+01 1.448116e-01 -5.756841e-04
1.483287e+01 2.023460e-01 -8.702887e-04
1.483287e+01 2.834245e-01 -1.237581e-03
1.483287e+01 3.967448e-01 -1.680618e-03
1.483287e+01 5.552783e-01 -2.19194e-03
1.483287e+01 7.774819e-01 -2.811751e-03
1.483287e+01 1.088445e+00 -3.442070e-03
1.483287e+01 1.523711e+00 -4.172229e-03
1.483287e+01 2.088426e+00 -4.758775e-03
1.483287e+01 2.685505e+00 -4.324048e-03
1.514953e+01 1.570796e-02 -3.338293e-06
1.514953e+01 2.346256e-02 -2.199537e-05
1.514953e+01 3.503514e-02 -3.035693e-05
1.514953e+01 5.263151e-02 -8.413238e-05
1.514953e+01 7.314235e-02 -1.999397e-04
1.514953e+01 1.025928e-01 -3.012475e-04
1.514953e+01 1.448116e-01 -4.656605e-04
1.514953e+01 2.023460e-01 -7.048112e-04
1.514953e+01 2.834245e-01 -1.003475e-03
1.514953e+01 3.967448e-01 -1.364978e-03
1.514953e+01 5.552783e-01 -1.787775e-03
1.514953e+01 7.774819e-01 -2.320742e-03
1.514953e+01 1.088445e+00 -2.884501e-03
1.514953e+01 1.523711e+00 -3.545341e-03
1.514953e+01 2.088426e+00 -4.098102e-03
1.514953e+01 2.685505e+00 -3.745659e-03
1.547252e+01 1.570796e-02 -2.714036e-06
1.547252e+01 2.346256e-02 -1.754565e-05
1.547252e+01 3.503514e-02 -2.426101e-05
1.547252e+01 5.263151e-02 -6.738516e-05
1.547252e+01 7.314235e-02 -1.589588e-04
1.547252e+01 1.025928e-01 -2.410223e-04
1.547252e+01 1.448116e-01 -3.733204e-04
1.547252e+01 2.023460e-01 -5.662692e-04
1.547252e+01 2.834245e-01 -8.044556e-04
1.547252e+01 3.967448e-01 -1.095591e-03
1.547252e+01 5.552783e-01 -1.443359e-03
1.547252e+01 7.774819e-01 -1.894786e-03
1.547252e+01 1.088445e+00 -2.394288e-03
1.547252e+01 1.523711e+00 -2.992927e-03
1.547252e+01 2.088426e+00 -3.496200e-03
1.547252e+01 2.685505e+00 -3.206660e-03
1.580197e+01 1.570796e-02 -2.225312e-06
1.580197e+01 2.346256e-02 -1.39672e-05
1.580197e+01 3.503514e-02 -1.949704e-05
1.580197e+01 5.263151e-02 -5.388691e-05
1.580197e+01 7.314235e-02 -1.278811e-04
1.580197e+01 1.025928e-01 -1.929932e-04
1.580197e+01 1.448116e-01 -2.990788e-04
1.580197e+01 2.023460e-01 -4.511679e-04
1.580197e+01 2.834245e-01 -6.479909e-04
1.580197e+01 3.967448e-01 -8.811553e-04
1.580197e+01 5.552783e-01 -1.169356e-03
1.580197e+01 7.774819e-01 -1.548717e-03
1.580197e+01 1.088445e+00 -1.983815e-03
1.580197e+01 1.523711e+00 -2.520718e-03
1.580197e+01 2.088426e+00 -2.975767e-03
1.580197e+01 2.685505e+00 -2.733678e-03
1.613801e+01 1.570796e-02 -1.732133e-06
1.613801e+01 2.346256e-02 -1.112422e-05
1.613801e+01 3.503514e-02 -1.522608e-05
1.613801e+01 5.263151e-02 -4.253433e-05
1.613801e+01 7.314235e-02 -1.004458e-04
1.613801e+01 1.025928e-01 -1.526104e-04
1.613801e+01 1.448116e-01 -2.382168e-04
1.613801e+01 2.023460e-01 -3.578078e-04
1.613801e+01 2.834245e-01 -5.158031e-04
1.613801e+01 3.967448e-01 -7.028224e-04
1.613801e+01 5.552783e-01 -9.364135e-04
1.613801e+01 7.774819e-01 -1.253147e-03
1.613801e+01 1.088445e+00 -1.626142e-03
1.613801e+01 1.523711e+00 -2.097639e-03
1.613801e+01 2.088426e+00 -2.509707e-03
1.613801e+01 2.685505e+00 -2.321932e-03
1.648077e+01 1.570796e-02 -1.320368e-06
1.648077e+01 2.346256e-02 -8.59057e-06
1.648077e+01 3.503514e-02 -1.201759e-05
1.648077e+01 5.263151e-02 -3.365126e-05
1.648077e+01 7.314235e-02 -7.924815e-05
1.648077e+01 1.025928e-01 -1.204625e-04
1.648077e+01 1.448116e-01 -1.874544e-04
1.648077e+01 2.023460e-01 -2.830889e-04
1.648077e+01 2.834245e-01 -4.072306e-04
1.648077e+01 3.967448e-01 -5.572990e-04
1.648077e+01 5.552783e-01 -7.474641e-04
1.648077e+01 7.774819e-01 -1.008184e-03
1.648077e+01 1.088445e+00 -1.329330e-03
1.648077e+01 1.523711e+00 -1.732628e-03
1.648077e+01 2.088426e+00 -2.092766e-03
1.648077e+01 2.685505e+00 -1.958995e-03
1.683038e+01 1.570796e-02 -1.141298e-06
1.683038e+01 2.346256e-02 -6.432862e-06
1.683038e+01 3.503514e-02 -9.360901e-06
1.683038e+01 5.263151e-02 -2.629768e-05
1.683038e+01 7.314235e-02 -6.234047e-05
1.683038e+01 1.025928e-01 -9.352729e-05
1.683038e+01 1.448116e-01 -1.465204e-04
1.683038e+01 2.023460e-01 -2.209613e-04
1.683038e+01 2.834245e-01 -3.198536e-04
1.683038e+01 3.967448e-01 -4.372739e-04
1.683038e+01 5.552783e-01 -5.892046e-04
1.683038e+01 7.774819e-01 -8.05282e-04
1.683038e+01 1.088445e+00 -1.072707e-03
1.683038e+01 1.523711e+00 -1.411195e-03
1.683038e+01 2.088426e+00 -1.724554e-03
1.683038e+01 2.685505e+00 -1.619361e-03
1.718699e+01 1.570796e-02 -8.427429e-07
1.718699e+01 2.346256e-02 -5.055124e-06
1.718699e+01 3.503514e-02 -7.264336e-06
1.718699e+01 5.263151e-02 -2.036305e-05
1.718699e+01 7.314235e-02 -4.789264e-05
1.718699e+01 1.025928e-01 -7.170863e-05
1.718699e+01 1.448116e-01 -1.145213e-04
1.718699e+01 2.023460e-01 -1.712755e-04
1.718699e+01 2.834245e-01 -2.485662e-04
1.718699e+01 3.967448e-01 -3.392107e-04
1.718699e+01 5.552783e-01 -4.598884e-04
1.718699e+01 7.774819e-01 -6.365952e-04
1.718699e+01 1.088445e+00 -8.546893e-04
1.718699e+01 1.523711e+00 -1.142122e-03
1.718699e+01 2.088426e+00 -1.413049e-03
1.718699e+01 2.685505e+00 -1.332674e-03
1.755073e+01 1.570796e-02 -6.500425e-07
1.755073e+01 2.346256e-02 -3.684710e-06
1.755073e+01 3.503514e-02 -5.694708e-06
1.755073e+01 5.263151e-02 -1.574613e-05
1.755073e+01 7.314235e-02 -3.631319e-05
1.755073e+01 1.025928e-01 -5.519538e-05
1.755073e+01 1.448116e-01 -8.829674e-05
1.755073e+01 2.023460e-01 -1.315781e-04
1.755073e+01 2.834245e-01 -1.920676e-04
1.755073e+01 3.967448e-01 -2.618425e-04
1.755073e+01 5.552783e-01 -3.568144e-04
1.755073e+01 7.774819e-01 -4.999019e-04
1.755073e+01 1.088445e+00 -6.765328e-04
1.755073e+01 1.523711e+00 -9.115799e-04
1.755073e+01 2.088426e+00 -1.138955e-03
1.755073e+01 2.685505e+00 -1.075236e-03
1.792175e+01 1.570796e-02 -5.015655e-07
1.792175e+01 2.346256e-02 -2.809544e-06
1.792175e+01 3.503514e-02 -4.261254e-06
1.792175e+01 5.263151e-02 -1.198805e-05
1.792175e+01 7.314235e-02 -2.773724e-05
1.792175e+01 1.025928e-01 -4.209704e-05
1.792175e+01 1.448116e-01 -6.790244e-05
1.792175e+01 2.023460e-01 -1.002477e-04
1.792175e+01 2.834245e-01 -1.468775e-04
1.792175e+01 3.967448e-01 -2.017142e-04
1.792175e+01 5.552783e-01 -2.753007e-04
1.792175e+01 7.774819e-01 -3.899796e-04
1.792175e+01 1.088445e+00 -5.307477e-04
1.792175e+01 1.523711e+00 -7.232565e-04
1.792175e+01 2.088426e+00 -9.085951e-04
1.792175e+01 2.685505e+00 -8.567247e-04
1.830018e+01 1.570796e-02 -3.692636e-07
1.830018e+01 2.346256e-02 -2.112606e-06
1.830018e+01 3.503514e-02 -3.222725e-06
1.830018e+01 5.263151e-02 -9.090461e-06
1.830018e+01 7.314235e-02 -2.087954e-05
1.830018e+01 1.025928e-01 -3.136302e-05
1.830018e+01 1.448116e-01 -5.065407e-05
1.830018e+01 2.023460e-01 -7.568386e-05
1.830018e+01 2.834245e-01 -1.107357e-04
1.830018e+01 3.967448e-01 -1.525555e-04
1.830018e+01 5.552783e-01 -2.083550e-04
1.830018e+01 7.774819e-01 -2.993620e-04
1.830018e+01 1.088445e+00 -4.090398e-04
1.830018e+01 1.523711e+00 -5.612792e-04
1.830018e+01 2.088426e+00 -7.130405e-04
1.830018e+01 2.685505e+00 -6.695848e-04
1.868618e+01 1.570796e-02 -2.698033e-07
1.868618e+01 2.346256e-02 -1.565682e-06
1.868618e+01 3.503514e-02 -2.310656e-06
1.868618e+01 5.263151e-02 -6.888488e-06
1.868618e+01 7.314235e-02 -1.532219e-05
1.868618e+01 1.025928e-01 -2.355847e-05
1.868618e+01 1.448116e-01 -3.708624e-05
1.868618e+01 2.023460e-01 -5.620971e-05
1.868618e+01 2.834245e-01 -8.213727e-05
1.868618e+01 3.967448e-01 -1.129057e-04
1.868618e+01 5.552783e-01 -1.558143e-04
1.868618e+01 7.774819e-01 -2.251551e-04
1.868618e+01 1.088445e+00 -3.089281e-04
1.868618e+01 1.523711e+00 -4.272858e-04
1.868618e+01 2.088426e+00 -5.437543e-04
1.868618e+01 2.685505e+00 -5.142580e-04
1.907991e+01 1.570796e-02 -2.037683e-07
1.907991e+01 2.346256e-02 -1.161707e-06
1.907991e+01 3.503514e-02 -1.718907e-06
1.907991e+01 5.263151e-02 -5.003479e-06
1.907991e+01 7.314235e-02 -1.119883e-05
1.907991e+01 1.025928e-01 -1.683917e-05
1.907991e+01 1.448116e-01 -2.710587e-05
1.907991e+01 2.023460e-01 -4.117325e-05
1.907991e+01 2.834245e-01 -6.000981e-05
1.907991e+01 3.967448e-01 -8.242063e-05
1.907991e+01 5.552783e-01 -1.150400e-04
1.907991e+01 7.774819e-01 -1.670723e-04
1.907991e+01 1.088445e+00 -2.304299e-04
1.907991e+01 1.523711e+00 -3.204332e-04
1.907991e+01 2.088426e+00 -4.101617e-04
1.907991e+01 2.685505e+00 -3.932238e-04
1.948151e+01 1.570796e-02 -1.509609e-07
1.948151e+01 2.346256e-02 -8.00085e-07
1.948151e+01 3.503514e-02 -1.22776e-06
1.948151e+01 5.263151e-02 -3.629648e-06
1.948151e+01 7.314235e-02 -8.105931e-06
1.948151e+01 1.025928e-01 -1.192720e-05
1.948151e+01 1.448116e-01 -1.951059e-05
1.948151e+01 2.023460e-01 -2.931409e-05
1.948151e+01 2.834245e-01 -4.319328e-05
1.948151e+01 3.967448e-01 -5.922361e-05
1.948151e+01 5.552783e-01 -8.367077e-05
1.948151e+01 7.774819e-01 -1.222321e-04
1.948151e+01 1.088445e+00 -1.691754e-04
1.948151e+01 1.523711e+00 -2.364887e-04
1.948151e+01 2.088426e+00 -3.028370e-04
1.948151e+01 2.685505e+00 -2.922668e-04
1.989114e+01 1.570796e-02 -1.132074e-07
1.989114e+01 2.346256e-02 -5.598742e-07
1.989114e+01 3.503514e-02 -8.454492e-07
1.989114e+01 5.263151e-02 -2.528971e-06
1.989114e+01 7.314235e-02 -5.728098e-06
1.989114e+01 1.025928e-01 -8.245764e-06
1.989114e+01 1.448116e-01 -1.383499e-05
1.989114e+01 2.023460e-01 -2.053608e-05
1.989114e+01 2.834245e-01 -3.056245e-05
1.989114e+01 3.967448e-01 -4.199216e-05
1.989114e+01 5.552783e-01 -5.942653e-05
1.989114e+01 7.774819e-01 -8.820255e-05
1.989114e+01 1.088445e+00 -1.225592e-04
1.989114e+01 1.523711e+00 -1.71593e-04
1.989114e+01 2.088426e+00 -2.219816e-04
1.989114e+01 2.685505e+00 -2.134899e-04
2.030896e+01 1.570796e-02 -8.595449e-08
2.030896e+01 2.346256e-02 -3.897291e-07
2.030896e+01 3.503514e-02 -5.610293e-07
2.030896e+01 5.263151e-02 -1.785655e-06
2.030896e+01 7.314235e-02 -3.992632e-06
2.030896e+01 1.025928e-01 -5.877771e-06
2.030896e+01 1.448116e-01 -9.642495e-06
2.030896e+01 2.023460e-01 -1.422334e-05
2.030896e+01 2.834245e-01 -2.161832e-05
2.030896e+01 3.967448e-01 -2.969801e-05
2.030896e+01 5.552783e-01 -4.199445e-05
2.030896e+01 7.774819e-01 -6.253242e-05
2.030896e+01 1.088445e+00 -8.71186e-05
2.030896e+01 1.523711e+00 -1.220596e-04
2.030896e+01 2.088426e+00 -1.582738e-04
2.030896e+01 2.685505e+00 -1.502213e-04
2.073514e+01 1.570796e-02 -6.184063e-08
2.073514e+01 2.346256e-02 -2.655263e-07
2.073514e+01 3.503514e-02 -3.787071e-07
2.073514e+01 5.263151e-02 -1.211507e-06
2.073514e+01 7.314235e-02 -2.728696e-06
2.073514e+01 1.025928e-01 -4.013056e-06
2.073514e+01 1.448116e-01 -6.554055e-06
2.073514e+01 2.023460e-01 -9.523382e-06
2.073514e+01 2.834245e-01 -1.462817e-05
2.073514e+01 3.967448e-01 -2.00747e-05
2.073514e+01 5.552783e-01 -2.895798e-05
2.073514e+01 7.774819e-01 -4.339468e-05
2.073514e+01 1.088445e+00 -6.02939e-05
2.073514e+01 1.523711e+00 -8.507687e-05
2.073514e+01 2.088426e+00 -1.117942e-04
2.073514e+01 2.685505e+00 -1.071941e-04
2.116984e+01 1.570796e-02 -4.415703e-08
2.116984e+01 2.346256e-02 -1.56725e-07
2.116984e+01 3.503514e-02 -2.418028e-07
2.116984e+01 5.263151e-02 -7.685961e-07
2.116984e+01 7.314235e-02 -1.77024e-06
2.116984e+01 1.025928e-01 -2.631734e-06
2.116984e+01 1.448116e-01 -4.370751e-06
2.116984e+01 2.023460e-01 -6.193543e-06
2.116984e+01 2.834245e-01 -9.732481e-06
2.116984e+01 3.967448e-01 -1.355733e-05
2.116984e+01 5.552783e-01 -1.947836e-05
2.116984e+01 7.774819e-01 -2.904376e-05
2.116984e+01 1.088445e+00 -4.094979e-05
2.116984e+01 1.523711e+00 -5.892401e-05
2.116984e+01 2.088426e+00 -7.715888e-05
2.116984e+01 2.685505e+00 -7.260492e-05
2.161324e+01 1.570796e-02 -2.455804e-08
2.161324e+01 2.346256e-02 -9.239509e-08
2.161324e+01 3.503514e-02 -1.516368e-07
2.161324e+01 5.263151e-02 -5.047210e-07
2.161324e+01 7.314235e-02 -1.163659e-06
2.161324e+01 1.025928e-01 -1.726640e-06
2.161324e+01 1.448116e-01 -2.747551e-06
2.161324e+01 2.023460e-01 -3.963557e-06
2.161324e+01 2.834245e-01 -6.262952e-06
2.161324e+01 3.967448e-01 -8.890633e-06
2.161324e+01 5.552783e-01 -1.284936e-05
2.161324e+01 7.774819e-01 -1.932604e-05
2.161324e+01 1.088445e+00 -2.746017e-05
2.161324e+01 1.523711e+00 -3.933059e-05
2.161324e+01 2.088426e+00 -5.150363e-05
2.161324e+01 2.685505e+00 -4.931005e-05
2.206550e+01 1.570796e-02 -1.792391e-08
2.206550e+01 2.346256e-02 -5.968982e-08
2.206550e+01 3.503514e-02 -1.063348e-07
2.206550e+01 5.263151e-02 -3.268509e-07
2.206550e+01 7.314235e-02 -7.458686e-07
2.206550e+01 1.025928e-01 -1.092823e-06
2.206550e+01 1.448116e-01 -1.765558e-06
2.206550e+01 2.023460e-01 -2.528104e-06
2.206550e+01 2.834245e-01 -4.025327e-06
2.206550e+01 3.967448e-01 -5.811977e-06
2.206550e+01 5.552783e-01 -8.399576e-06
2.206550e+01 7.774819e-01 -1.268006e-05
2.206550e+01 1.088445e+00 -1.822558e-05
2.206550e+01 1.523711e+00 -2.629352e-05
2.206550e+01 2.088426e+00 -3.385077e-05
2.206550e+01 2.685505e+00 -3.285388e-05
2.252681e+01 1.570796e-02 -1.139504e-08
2.252681e+01 2.346256e-02 -3.771859e-08
2.252681e+01 3.503514e-02 -6.635231e-08
2.252681e+01 5.263151e-02 -1.943540e-07
2.252681e+01 7.314235e-02 -4.485308e-07
2.252681e+01 1.025928e-01 -6.638185e-07
2.252681e+01 1.448116e-01 -1.085958e-06
2.252681e+01 2.023460e-01 -1.557655e-06
2.252681e+01 2.834245e-01 -2.485730e-06
2.252681e+01 3.967448e-01 -3.70389e-06
2.252681e+01 5.552783e-01 -5.324677e-06
2.252681e+01 7.774819e-01 -7.964853e-06
2.252681e+01 1.088445e+00 -1.172635e-05
2.252681e+01 1.523711e+00 -1.703577e-05
2.252681e+01 2.088426e+00 -2.184043e-05
2.252681e+01 2.685505e+00 -2.129169e-05
2.299735e+01 1.570796e-02 -6.381602e-09
2.299735e+01 2.346256e-02 -2.782412e-08
2.299735e+01 3.503514e-02 -3.784466e-08
2.299735e+01 5.263151e-02 -1.126054e-07
2.299735e+01 7.314235e-02 -2.895898e-07
2.299735e+01 1.025928e-01 -4.079142e-07
2.299735e+01 1.448116e-01 -6.595286e-07
2.299735e+01 2.023460e-01 -9.129975e-07
2.299735e+01 2.834245e-01 -1.518495e-06
2.299735e+01 3.967448e-01 -2.239939e-06
2.299735e+01 5.552783e-01 -3.317225e-06
2.299735e+01 7.774819e-01 -4.934796e-06
2.299735e+01 1.088445e+00 -7.449947e-06
2.299735e+01 1.523711e+00 -1.07286e-05
2.299735e+01 2.088426e+00 -1.385542e-05
2.299735e+01 2.685505e+00 -1.324496e-05
2.34773e+01 1.570796e-02 1.687474e-10
2.34773e+01 2.346256e-02 1.241415e-09
2.34773e+01 3.503514e-02 1.518563e-09
2.34773e+01 5.263151e-02 4.566835e-09
2.34773e+01 7.314235e-02 1.097031e-08
2.34773e+01 1.025928e-01 1.646474e-08
2.34773e+01 1.448116e-01 2.525966e-08
2.34773e+01 2.023460e-01 3.849278e-08
2.34773e+01 2.834245e-01 5.475967e-08
2.34773e+01 3.967448e-01 7.808078e-08
2.34773e+01 5.552783e-01 1.095284e-07
2.34773e+01 7.774819e-01 1.437057e-07
2.34773e+01 1.088445e+00 1.600489e-07
2.34773e+01 1.523711e+00 1.420898e-07
2.34773e+01 2.088426e+00 9.493826e-08
2.34773e+01 2.685505e+00 4.310978e-08
2.396684e+01 1.570796e-02 1.58201e-10
2.396684e+01 2.346256e-02 1.161642e-09
2.396684e+01 3.503514e-02 1.421362e-09
2.396684e+01 5.263151e-02 4.276549e-09
2.396684e+01 7.314235e-02 1.027553e-08
2.396684e+01 1.025928e-01 1.541326e-08
2.396684e+01 1.448116e-01 2.367105e-08
2.396684e+01 2.023460e-01 3.615280e-08
2.396684e+01 2.834245e-01 5.166957e-08
2.396684e+01 3.967448e-01 7.41777e-08
2.396684e+01 5.552783e-01 1.048043e-07
2.396684e+01 7.774819e-01 1.382951e-07
2.396684e+01 1.088445e+00 1.551754e-07
2.396684e+01 1.523711e+00 1.396871e-07
2.396684e+01 2.088426e+00 9.496084e-08
2.396684e+01 2.685505e+00 4.355779e-08
2.446618e+01 1.570796e-02 1.476229e-10
2.446618e+01 2.346256e-02 1.08381e-09
2.446618e+01 3.503514e-02 1.32548e-09
2.446618e+01 5.263151e-02 3.989767e-09
2.446618e+01 7.314235e-02 9.588752e-09
2.446618e+01 1.025928e-01 1.438179e-08
2.446618e+01 1.448116e-01 2.211546e-08
2.446618e+01 2.023460e-01 3.385715e-08
2.446618e+01 2.834245e-01 4.861634e-08
2.446618e+01 3.967448e-01 7.030684e-08
2.446618e+01 5.552783e-01 1.000241e-07
2.446618e+01 7.774819e-01 1.327645e-07
2.446618e+01 1.088445e+00 1.500354e-07
2.446618e+01 1.523711e+00 1.370191e-07
2.446618e+01 2.088426e+00 9.496792e-08
2.446618e+01 2.685505e+00 4.407314e-08
2.497550e+01 1.570796e-02 1.372993e-10
2.497550e+01 2.346256e-02 1.007582e-09
2.497550e+01 3.503514e-02 1.231536e-09
2.497550e+01 5.263151e-02 3.709063e-09
2.497550e+01 7.314235e-02 8.916762e-09
2.497550e+01 1.025928e-01 1.337182e-08
2.497550e+01 1.448116e-01 2.058479e-08
2.497550e+01 2.023460e-01 3.160863e-08
2.497550e+01 2.834245e-01 4.562414e-08
2.497550e+01 3.967448e-01 6.645131e-08
2.497550e+01 5.552783e-01 9.514699e-08
2.497550e+01 7.774819e-01 1.269786e-07
2.497550e+01 1.088445e+00 1.446408e-07
2.497550e+01 1.523711e+00 1.341948e-07
2.497550e+01 2.088426e+00 9.495106e-08
2.497550e+01 2.685505e+00 4.473874e-08
2.549501e+01 1.570796e-02 1.272026e-10
2.549501e+01 2.346256e-02 9.327025e-10
2.549501e+01 3.503514e-02 1.139369e-09
2.549501e+01 5.263151e-02 3.434366e-09
2.549501e+01 7.314235e-02 8.259741e-09
2.549501e+01 1.025928e-01 1.23855e-08
2.549501e+01 1.448116e-01 1.909311e-08
2.549501e+01 2.023460e-01 2.940546e-08
2.549501e+01 2.834245e-01 4.266796e-08
2.549501e+01 3.967448e-01 6.258170e-08
2.549501e+01 5.552783e-01 9.017695e-08
2.549501e+01 7.774819e-01 1.209629e-07
2.549501e+01 1.088445e+00 1.389321e-07
2.549501e+01 1.523711e+00 1.310466e-07
2.549501e+01 2.088426e+00 9.496647e-08
2.549501e+01 2.685505e+00 4.575106e-08
2.602491e+01 1.570796e-02 1.172653e-10
2.602491e+01 2.346256e-02 8.597027e-10
2.602491e+01 3.503514e-02 1.049532e-09
2.602491e+01 5.263151e-02 3.166241e-09
2.602491e+01 7.314235e-02 7.618181e-09
2.602491e+01 1.025928e-01 1.142414e-08
2.602491e+01 1.448116e-01 1.763604e-08
2.602491e+01 2.023460e-01 2.72582e-08
2.602491e+01 2.834245e-01 3.974836e-08
2.602491e+01 3.967448e-01 5.872428e-08
2.602491e+01 5.552783e-01 8.51063e-08
2.602491e+01 7.774819e-01 1.147313e-07
2.602491e+01 1.088445e+00 1.329452e-07
2.602491e+01 1.523711e+00 1.276533e-07
2.602491e+01 2.088426e+00 9.490519e-08
2.602491e+01 2.685505e+00 4.696842e-08
2.656541e+01 1.570796e-02 1.075844e-10
2.656541e+01 2.346256e-02 7.884845e-10
2.656541e+01 3.503514e-02 9.621231e-10
2.656541e+01 5.263151e-02 2.905745e-09
2.656541e+01 7.314235e-02 6.99132e-09
2.656541e+01 1.025928e-01 1.048871e-08
2.656541e+01 1.448116e-01 1.621536e-08
2.656541e+01 2.023460e-01 2.515257e-08
2.656541e+01 2.834245e-01 3.68781e-08
2.656541e+01 3.967448e-01 5.486628e-08
2.656541e+01 5.552783e-01 7.994634e-08
2.656541e+01 7.774819e-01 1.082990e-07
2.656541e+01 1.088445e+00 1.266857e-07
2.656541e+01 1.523711e+00 1.239212e-07
2.656541e+01 2.088426e+00 9.470698e-08
2.656541e+01 2.685505e+00 4.863172e-08
2.711672e+01 1.570796e-02 9.816192e-11
2.711672e+01 2.346256e-02 7.190029e-10
2.711672e+01 3.503514e-02 8.775517e-10
2.711672e+01 5.263151e-02 2.65148e-09
2.711672e+01 7.314235e-02 6.383025e-09
2.711672e+01 1.025928e-01 9.577864e-09
2.711672e+01 1.448116e-01 1.482825e-08
2.711672e+01 2.023460e-01 2.309645e-08
2.711672e+01 2.834245e-01 3.404697e-08
2.711672e+01 3.967448e-01 5.101216e-08
2.711672e+01 5.552783e-01 7.467397e-08
2.711672e+01 7.774819e-01 1.016052e-07
2.711672e+01 1.088445e+00 1.200652e-07
2.711672e+01 1.523711e+00 1.197012e-07
2.711672e+01 2.088426e+00 9.434242e-08
2.711672e+01 2.685505e+00 5.033226e-08
2.767905e+01 1.570796e-02 8.886144e-11
2.767905e+01 2.346256e-02 6.514616e-10
2.767905e+01 3.503514e-02 7.950683e-10
2.767905e+01 5.263151e-02 2.404384e-09
2.767905e+01 7.314235e-02 5.791069e-09
2.767905e+01 1.025928e-01 8.692258e-09
2.767905e+01 1.448116e-01 1.348047e-08
2.767905e+01 2.023460e-01 2.108857e-08
2.767905e+01 2.834245e-01 3.124196e-08
2.767905e+01 3.967448e-01 4.711294e-08
2.767905e+01 5.552783e-01 6.925934e-08
2.767905e+01 7.774819e-01 9.469889e-08
2.767905e+01 1.088445e+00 1.131652e-07
2.767905e+01 1.523711e+00 1.151368e-07
2.767905e+01 2.088426e+00 9.366935e-08
2.767905e+01 2.685505e+00 5.244947e-08
2.825263e+01 1.570796e-02 7.992925e-11
2.825263e+01 2.346256e-02 5.859282e-10
2.825263e+01 3.503514e-02 7.148956e-10
2.825263e+01 5.263151e-02 2.163872e-09
2.825263e+01 7.314235e-02 5.213390e-09
2.825263e+01 1.025928e-01 7.829904e-09
2.825263e+01 1.448116e-01 1.216504e-08
2.825263e+01 2.023460e-01 1.910363e-08
2.825263e+01 2.834245e-01 2.847344e-08
2.825263e+01 3.967448e-01 4.318637e-08
2.825263e+01 5.552783e-01 6.375036e-08
2.825263e+01 7.774819e-01 8.757934e-08
2.825263e+01 1.088445e+00 1.057784e-07
2.825263e+01 1.523711e+00 1.100034e-07
2.825263e+01 2.088426e+00 9.264186e-08
2.825263e+01 2.685505e+00 5.498196e-08
2.883769e+01 1.570796e-02 7.119714e-11
2.883769e+01 2.346256e-02 5.216843e-10
2.883769e+01 3.503514e-02 6.371429e-10
2.883769e+01 5.263151e-02 1.930048e-09
2.883769e+01 7.314235e-02 4.650628e-09
2.883769e+01 1.025928e-01 6.989540e-09
2.883769e+01 1.448116e-01 1.088025e-08
2.883769e+01 2.023460e-01 1.716263e-08
2.883769e+01 2.834245e-01 2.57173e-08
2.883769e+01 3.967448e-01 3.921687e-08
2.883769e+01 5.552783e-01 5.811672e-08
2.883769e+01 7.774819e-01 8.022962e-08
2.883769e+01 1.088445e+00 9.802433e-08
2.883769e+01 1.523711e+00 1.042481e-07
2.883769e+01 2.088426e+00 9.114553e-08
2.883769e+01 2.685505e+00 5.757034e-08
2.943444e+01 1.570796e-02 6.272864e-11
2.943444e+01 2.346256e-02 4.59518e-10
2.943444e+01 3.503514e-02 5.616512e-10
2.943444e+01 5.263151e-02 1.702099e-09
2.943444e+01 7.314235e-02 4.104355e-09
2.943444e+01 1.025928e-01 6.172051e-09
2.943444e+01 1.448116e-01 9.626201e-09
2.943444e+01 2.023460e-01 1.524896e-08
2.943444e+01 2.834245e-01 2.297435e-08
2.943444e+01 3.967448e-01 3.523101e-08
2.943444e+01 5.552783e-01 5.236064e-08
2.943444e+01 7.774819e-01 7.26491e-08
2.943444e+01 1.088445e+00 8.979134e-08
2.943444e+01 1.523711e+00 9.770739e-08
2.943444e+01 2.088426e+00 8.888397e-08
2.943444e+01 2.685505e+00 6.006261e-08
3.004313e+01 1.570796e-02 5.44417e-11
3.004313e+01 2.346256e-02 3.990335e-10
3.004313e+01 3.503514e-02 4.881151e-10
3.004313e+01 5.263151e-02 1.480189e-09
3.004313e+01 7.314235e-02 3.571151e-09
3.004313e+01 1.025928e-01 5.373786e-09
3.004313e+01 1.448116e-01 8.401188e-09
3.004313e+01 2.023460e-01 1.336404e-08
3.004313e+01 2.834245e-01 2.024149e-08
3.004313e+01 3.967448e-01 3.118714e-08
3.004313e+01 5.552783e-01 4.64924e-08
3.004313e+01 7.774819e-01 6.480623e-08
3.004313e+01 1.088445e+00 8.108461e-08
3.004313e+01 1.523711e+00 9.033009e-08
3.004313e+01 2.088426e+00 8.575193e-08
3.004313e+01 2.685505e+00 6.230158e-08
3.066399e+01 1.570796e-02 4.643379e-11
3.066399e+01 2.346256e-02 3.396318e-10
3.066399e+01 3.503514e-02 4.166330e-10
3.066399e+01 5.263151e-02 1.2643e-09
3.066399e+01 7.314235e-02 3.052833e-09
3.066399e+01 1.025928e-01 4.596410e-09
3.066399e+01 1.448116e-01 7.200793e-09
3.066399e+01 2.023460e-01 1.150802e-08
3.066399e+01 2.834245e-01 1.751681e-08
3.066399e+01 3.967448e-01 2.710088e-08
3.066399e+01 5.552783e-01 4.051340e-08
3.066399e+01 7.774819e-01 5.672783e-08
3.066399e+01 1.088445e+00 7.18789e-08
3.066399e+01 1.523711e+00 8.205262e-08
3.066399e+01 2.088426e+00 8.148903e-08
3.066399e+01 2.685505e+00 6.391676e-08
3.129727e+01 1.570796e-02 3.862897e-11
3.129727e+01 2.346256e-02 2.826665e-10
3.129727e+01 3.503514e-02 3.471367e-10
3.129727e+01 5.263151e-02 1.053878e-09
3.129727e+01 7.314235e-02 2.548063e-09
3.129727e+01 1.025928e-01 3.838322e-09
3.129727e+01 1.448116e-01 6.027032e-09
3.129727e+01 2.023460e-01 9.671794e-09
3.129727e+01 2.834245e-01 1.479513e-08
3.129727e+01 3.967448e-01 2.298345e-08
3.129727e+01 5.552783e-01 3.440966e-08
3.129727e+01 7.774819e-01 4.843246e-08
3.129727e+01 1.088445e+00 6.213338e-08
3.129727e+01 1.523711e+00 7.280098e-08
3.129727e+01 2.088426e+00 7.582543e-08
3.129727e+01 2.685505e+00 6.443701e-08
3.194322e+01 1.570796e-02 3.108119e-11
3.194322e+01 2.346256e-02 2.271872e-10
3.194322e+01 3.503514e-02 2.795009e-10
3.194322e+01 5.263151e-02 8.489148e-10
3.194322e+01 7.314235e-02 2.055362e-09
3.194322e+01 1.025928e-01 3.098012e-09
3.194322e+01 1.448116e-01 4.875828e-09
3.194322e+01 2.023460e-01 7.857379e-09
3.194322e+01 2.834245e-01 1.208001e-08
3.194322e+01 3.967448e-01 1.881938e-08
3.194322e+01 5.552783e-01 2.824013e-08
3.194322e+01 7.774819e-01 3.991596e-08
3.194322e+01 1.088445e+00 5.186382e-08
3.194322e+01 1.523711e+00 6.240966e-08
3.194322e+01 2.088426e+00 6.830678e-08
3.194322e+01 2.685505e+00 6.302018e-08
3.260208e+01 1.570796e-02 2.371692e-11
3.260208e+01 2.346256e-02 1.734179e-10
3.260208e+01 3.503514e-02 2.137296e-10
3.260208e+01 5.263151e-02 6.496231e-10
3.260208e+01 7.314235e-02 1.574665e-09
3.260208e+01 1.025928e-01 2.376521e-09
3.260208e+01 1.448116e-01 3.747424e-09
3.260208e+01 2.023460e-01 6.063756e-09
3.260208e+01 2.834245e-01 9.363726e-09
3.260208e+01 3.967448e-01 1.463525e-08
3.260208e+01 5.552783e-01 2.198690e-08
3.260208e+01 7.774819e-01 3.121724e-08
3.260208e+01 1.088445e+00 4.105132e-08
3.260208e+01 1.523711e+00 5.077378e-08
3.260208e+01 2.088426e+00 5.846746e-08
3.260208e+01 2.685505e+00 5.864104e-08
3.327412e+01 1.570796e-02 1.661854e-11
3.327412e+01 2.346256e-02 1.211395e-10
3.327412e+01 3.503514e-02 1.497654e-10
3.327412e+01 5.263151e-02 4.555096e-10
3.327412e+01 7.314235e-02 1.105784e-09
3.327412e+01 1.025928e-01 1.670150e-09
3.327412e+01 1.448116e-01 2.640336e-09
3.327412e+01 2.023460e-01 4.290052e-09
3.327412e+01 2.834245e-01 6.656219e-09
3.327412e+01 3.967448e-01 1.04281e-08
3.327412e+01 5.552783e-01 1.568986e-08
3.327412e+01 7.774819e-01 2.236193e-08
3.327412e+01 1.088445e+00 2.976727e-08
3.327412e+01 1.523711e+00 3.783973e-08
3.327412e+01 2.088426e+00 4.596618e-08
3.327412e+01 2.685505e+00 4.999154e-08
3.395961e+01 1.570796e-02 9.966508e-12
3.395961e+01 2.346256e-02 7.284718e-11
3.395961e+01 3.503514e-02 9.033233e-11
3.395961e+01 5.263151e-02 2.740514e-10
3.395961e+01 7.314235e-02 6.663075e-10
3.395961e+01 1.025928e-01 1.006771e-09
3.395961e+01 1.448116e-01 1.593153e-09
3.395961e+01 2.023460e-01 2.590837e-09
3.395961e+01 2.834245e-01 4.019539e-09
3.395961e+01 3.967448e-01 6.282142e-09
3.395961e+01 5.552783e-01 9.423949e-09
3.395961e+01 7.774819e-01 1.343091e-08
3.395961e+01 1.088445e+00 1.803232e-08
3.395961e+01 1.523711e+00 2.353173e-08
3.395961e+01 2.088426e+00 3.005684e-08
3.395961e+01 2.685505e+00 3.50325e-08
3.46588e+01 1.570796e-02 3.498045e-12
3.46588e+01 2.346256e-02 2.471441e-11
3.46588e+01 3.503514e-02 2.701903e-11
3.46588e+01 5.263151e-02 8.816006e-11
3.46588e+01 7.314235e-02 2.110085e-10
3.46588e+01 1.025928e-01 3.161616e-10
3.46588e+01 1.448116e-01 5.092113e-10
3.46588e+01 2.023460e-01 8.302421e-10
3.46588e+01 2.834245e-01 1.305293e-09
3.46588e+01 3.967448e-01 2.047242e-09
3.46588e+01 5.552783e-01 3.081775e-09
3.46588e+01 7.774819e-01 4.408137e-09
3.46588e+01 1.088445e+00 5.976987e-09
3.46588e+01 1.523711e+00 7.961170e-09
3.46588e+01 2.088426e+00 1.065151e-08
3.46588e+01 2.685505e+00 1.331159e-08
3.537197e+01 1.570796e-02 0.e+00
3.537197e+01 2.346256e-02 0.e+00
3.537197e+01 3.503514e-02 0.e+00
3.537197e+01 5.263151e-02 0.e+00
3.537197e+01 7.314235e-02 0.e+00
3.537197e+01 1.025928e-01 0.e+00
3.537197e+01 1.448116e-01 0.e+00
3.537197e+01 2.023460e-01 0.e+00
3.537197e+01 2.834245e-01 0.e+00
3.537197e+01 3.967448e-01 0.e+00
3.537197e+01 5.552783e-01 0.e+00
3.537197e+01 7.774819e-01 0.e+00
3.537197e+01 1.088445e+00 0.e+00
3.537197e+01 1.523711e+00 0.e+00
3.537197e+01 2.088426e+00 0.e+00
3.537197e+01 2.685505e+00 0.e+00
