5.e+00,1.570796e-02,0.e+00
5.e+00,2.346256e-02,0.e+00
5.e+00,3.503514e-02,0.e+00
5.e+00,5.263151e-02,0.e+00
5.e+00,7.314235e-02,0.e+00
5.e+00,1.025928e-01,0.e+00
5.e+00,1.448116e-01,0.e+00
5.e+00,2.023460e-01,0.e+00
5.e+00,2.834245e-01,0.e+00
5.e+00,3.967448e-01,0.e+00
5.e+00,5.552783e-01,0.e+00
5.e+00,7.774819e-01,0.e+00
5.e+00,1.088445e+00,0.e+00
5.e+00,1.523711e+00,0.e+00
5.e+00,2.088426e+00,0.e+00
5.e+00,2.685505e+00,0.e+00
5.12e+00,1.570796e-02,0.e+00
5.12e+00,2.346256e-02,0.e+00
5.12e+00,3.503514e-02,0.e+00
5.12e+00,5.263151e-02,0.e+00
5.12e+00,7.314235e-02,0.e+00
5.12e+00,1.025928e-01,0.e+00
5.12e+00,1.448116e-01,0.e+00
5.12e+00,2.023460e-01,0.e+00
5.12e+00,2.834245e-01,0.e+00
5.12e+00,3.967448e-01,0.e+00
5.12e+00,5.552783e-01,0.e+00
5.12e+00,7.774819e-01,0.e+00
5.12e+00,1.088445e+00,0.e+00
5.12e+00,1.523711e+00,0.e+00
5.12e+00,2.088426e+00,0.e+00
5.12e+00,2.685505e+00,0.e+00
5.2424e+00,1.570796e-02,0.e+00
5.2424e+00,2.346256e-02,0.e+00
5.2424e+00,3.503514e-02,0.e+00
5.2424e+00,5.263151e-02,0.e+00
5.2424e+00,7.314235e-02,0.e+00
5.2424e+00,1.025928e-01,0.e+00
5.2424e+00,1.448116e-01,0.e+00
5.2424e+00,2.023460e-01,0.e+00
5.2424e+00,2.834245e-01,0.e+00
5.2424e+00,3.967448e-01,0.e+00
5.2424e+00,5.552783e-01,0.e+00
5.2424e+00,7.774819e-01,0.e+00
5.2424e+00,1.088445e+00,0.e+00
5.2424e+00,1.523711e+00,0.e+00
5.2424e+00,2.088426e+00,0.e+00
5.2424e+00,2.685505e+00,0.e+00
5.367248e+00,1.570796e-02,0.e+00
5.367248e+00,2.346256e-02,0.e+00
5.367248e+00,3.503514e-02,0.e+00
5.367248e+00,5.263151e-02,0.e+00
5.367248e+00,7.314235e-02,0.e+00
5.367248e+00,1.025928e-01,0.e+00
5.367248e+00,1.448116e-01,0.e+00
5.367248e+00,2.023460e-01,0.e+00
5.367248e+00,2.834245e-01,0.e+00
5.367248e+00,3.967448e-01,0.e+00
5.367248e+00,5.552783e-01,0.e+00
5.367248e+00,7.774819e-01,0.e+00
5.367248e+00,1.088445e+00,0.e+00
5.367248e+00,1.523711e+00,0.e+00
5.367248e+00,2.088426e+00,0.e+00
5.367248e+00,2.685505e+00,0.e+00
5.494593e+00,1.570796e-02,0.e+00
5.494593e+00,2.346256e-02,0.e+00
5.494593e+00,3.503514e-02,0.e+00
5.494593e+00,5.263151e-02,0.e+00
5.494593e+00,7.314235e-02,0.e+00
5.494593e+00,1.025928e-01,0.e+00
5.494593e+00,1.448116e-01,0.e+00
5.494593e+00,2.023460e-01,0.e+00
5.494593e+00,2.834245e-01,0.e+00
5.494593e+00,3.967448e-01,0.e+00
5.494593e+00,5.552783e-01,0.e+00
5.494593e+00,7.774819e-01,0.e+00
5.494593e+00,1.088445e+00,0.e+00
5.494593e+00,1.523711e+00,0.e+00
5.494593e+00,2.088426e+00,0.e+00
5.494593e+00,2.685505e+00,0.e+00
5.624485e+00,1.570796e-02,0.e+00
5.624485e+00,2.346256e-02,0.e+00
5.624485e+00,3.503514e-02,0.e+00
5.624485e+00,5.263151e-02,0.e+00
5.624485e+00,7.314235e-02,0.e+00
5.624485e+00,1.025928e-01,0.e+00
5.624485e+00,1.448116e-01,0.e+00
5.624485e+00,2.023460e-01,0.e+00
5.624485e+00,2.834245e-01,0.e+00
5.624485e+00,3.967448e-01,0.e+00
5.624485e+00,5.552783e-01,0.e+00
5.624485e+00,7.774819e-01,0.e+00
5.624485e+00,1.088445e+00,0.e+00
5.624485e+00,1.523711e+00,0.e+00
5.624485e+00,2.088426e+00,0.e+00
5.624485e+00,2.685505e+00,0.e+00
5.756975e+00,1.570796e-02,-1.121660e-05
5.756975e+00,2.346256e-02,-7.977361e-06
5.756975e+00,3.503514e-02,-1.625546e-05
5.756975e+00,5.263151e-02,-5.670198e-06
5.756975e+00,7.314235e-02,-2.653593e-05
5.756975e+00,1.025928e-01,-8.59218e-06
5.756975e+00,1.448116e-01,-2.133608e-05
5.756975e+00,2.023460e-01,-7.879428e-06
5.756975e+00,2.834245e-01,1.208988e-06
5.756975e+00,3.967448e-01,-3.778467e-06
5.756975e+00,5.552783e-01,-1.107635e-05
5.756975e+00,7.774819e-01,-3.355791e-06
5.756975e+00,1.088445e+00,-7.433972e-06
5.756975e+00,1.523711e+00,-6.468167e-06
5.756975e+00,2.088426e+00,-8.071349e-06
5.756975e+00,2.685505e+00,-7.911195e-06
5.892114e+00,1.570796e-02,-1.151096e-04
5.892114e+00,2.346256e-02,-8.374715e-05
5.892114e+00,3.503514e-02,-1.492129e-04
5.892114e+00,5.263151e-02,-2.185748e-04
5.892114e+00,7.314235e-02,-2.563054e-04
5.892114e+00,1.025928e-01,-7.91251e-05
5.892114e+00,1.448116e-01,-2.104084e-04
5.892114e+00,2.023460e-01,-1.348075e-04
5.892114e+00,2.834245e-01,-2.369871e-04
5.892114e+00,3.967448e-01,-1.262896e-04
5.892114e+00,5.552783e-01,-1.08311e-04
5.892114e+00,7.774819e-01,-1.073618e-04
5.892114e+00,1.088445e+00,-9.82507e-05
5.892114e+00,1.523711e+00,-9.350393e-05
5.892114e+00,2.088426e+00,-1.075441e-04
5.892114e+00,2.685505e+00,-1.071466e-04
6.029956e+00,1.570796e-02,-2.651248e-04
6.029956e+00,2.346256e-02,-2.595412e-04
6.029956e+00,3.503514e-02,-3.055575e-04
6.029956e+00,5.263151e-02,-5.589312e-04
6.029956e+00,7.314235e-02,-7.171039e-04
6.029956e+00,1.025928e-01,-5.308954e-04
6.029956e+00,1.448116e-01,-6.672508e-04
6.029956e+00,2.023460e-01,-6.129092e-04
6.029956e+00,2.834245e-01,-7.381808e-04
6.029956e+00,3.967448e-01,-5.236414e-04
6.029956e+00,5.552783e-01,-4.586690e-04
6.029956e+00,7.774819e-01,-4.027889e-04
6.029956e+00,1.088445e+00,-3.532609e-04
6.029956e+00,1.523711e+00,-3.462426e-04
6.029956e+00,2.088426e+00,-3.788114e-04
6.029956e+00,2.685505e+00,-3.952996e-04
6.170555e+00,1.570796e-02,-5.580256e-04
6.170555e+00,2.346256e-02,-6.794857e-04
6.170555e+00,3.503514e-02,-1.068125e-03
6.170555e+00,5.263151e-02,-1.824482e-03
6.170555e+00,7.314235e-02,-2.615475e-03
6.170555e+00,1.025928e-01,-1.988682e-03
6.170555e+00,1.448116e-01,-2.559194e-03
6.170555e+00,2.023460e-01,-2.275314e-03
6.170555e+00,2.834245e-01,-2.357153e-03
6.170555e+00,3.967448e-01,-1.81252e-03
6.170555e+00,5.552783e-01,-1.625999e-03
6.170555e+00,7.774819e-01,-1.427749e-03
6.170555e+00,1.088445e+00,-1.237300e-03
6.170555e+00,1.523711e+00,-1.181442e-03
6.170555e+00,2.088426e+00,-1.300073e-03
6.170555e+00,2.685505e+00,-1.359949e-03
6.313967e+00,1.570796e-02,-7.466403e-04
6.313967e+00,2.346256e-02,-1.365032e-03
6.313967e+00,3.503514e-02,-2.20875e-03
6.313967e+00,5.263151e-02,-3.349254e-03
6.313967e+00,7.314235e-02,-5.482412e-03
6.313967e+00,1.025928e-01,-4.126791e-03
6.313967e+00,1.448116e-01,-4.959602e-03
6.313967e+00,2.023460e-01,-5.082376e-03
6.313967e+00,2.834245e-01,-4.876757e-03
6.313967e+00,3.967448e-01,-4.061651e-03
6.313967e+00,5.552783e-01,-3.700794e-03
6.313967e+00,7.774819e-01,-3.147617e-03
6.313967e+00,1.088445e+00,-2.71371e-03
6.313967e+00,1.523711e+00,-2.572044e-03
6.313967e+00,2.088426e+00,-2.756954e-03
6.313967e+00,2.685505e+00,-2.848765e-03
6.460246e+00,1.570796e-02,-8.092487e-04
6.460246e+00,2.346256e-02,-1.907729e-03
6.460246e+00,3.503514e-02,-3.500491e-03
6.460246e+00,5.263151e-02,-5.206934e-03
6.460246e+00,7.314235e-02,-8.694345e-03
6.460246e+00,1.025928e-01,-7.532401e-03
6.460246e+00,1.448116e-01,-8.688881e-03
6.460246e+00,2.023460e-01,-9.04342e-03
6.460246e+00,2.834245e-01,-8.663661e-03
6.460246e+00,3.967448e-01,-7.463108e-03
6.460246e+00,5.552783e-01,-6.663951e-03
6.460246e+00,7.774819e-01,-5.723245e-03
6.460246e+00,1.088445e+00,-4.84412e-03
6.460246e+00,1.523711e+00,-4.52031e-03
6.460246e+00,2.088426e+00,-4.813909e-03
6.460246e+00,2.685505e+00,-4.961250e-03
6.609451e+00,1.570796e-02,-8.599918e-04
6.609451e+00,2.346256e-02,-2.234843e-03
6.609451e+00,3.503514e-02,-4.361721e-03
6.609451e+00,5.263151e-02,-6.824953e-03
6.609451e+00,7.314235e-02,-1.159416e-02
6.609451e+00,1.025928e-01,-1.136369e-02
6.609451e+00,1.448116e-01,-1.362768e-02
6.609451e+00,2.023460e-01,-1.398345e-02
6.609451e+00,2.834245e-01,-1.366813e-02
6.609451e+00,3.967448e-01,-1.170554e-02
6.609451e+00,5.552783e-01,-1.057893e-02
6.609451e+00,7.774819e-01,-9.035143e-03
6.609451e+00,1.088445e+00,-7.633721e-03
6.609451e+00,1.523711e+00,-7.016431e-03
6.609451e+00,2.088426e+00,-7.383358e-03
6.609451e+00,2.685505e+00,-7.526693e-03
6.76164e+00,1.570796e-02,-8.777372e-04
6.76164e+00,2.346256e-02,-2.224375e-03
6.76164e+00,3.503514e-02,-4.764112e-03
6.76164e+00,5.263151e-02,-8.082723e-03
6.76164e+00,7.314235e-02,-1.385372e-02
6.76164e+00,1.025928e-01,-1.514734e-02
6.76164e+00,1.448116e-01,-1.833652e-02
6.76164e+00,2.023460e-01,-1.895354e-02
6.76164e+00,2.834245e-01,-1.874786e-02
6.76164e+00,3.967448e-01,-1.651981e-02
6.76164e+00,5.552783e-01,-1.498469e-02
6.76164e+00,7.774819e-01,-1.273788e-02
6.76164e+00,1.088445e+00,-1.078401e-02
6.76164e+00,1.523711e+00,-9.756821e-03
6.76164e+00,2.088426e+00,-1.015630e-02
6.76164e+00,2.685505e+00,-1.025402e-02
6.916873e+00,1.570796e-02,-8.964737e-04
6.916873e+00,2.346256e-02,-2.12043e-03
6.916873e+00,3.503514e-02,-4.793758e-03
6.916873e+00,5.263151e-02,-8.532189e-03
6.916873e+00,7.314235e-02,-1.520123e-02
6.916873e+00,1.025928e-01,-1.792491e-02
6.916873e+00,1.448116e-01,-2.293686e-02
6.916873e+00,2.023460e-01,-2.384334e-02
6.916873e+00,2.834245e-01,-2.377904e-02
6.916873e+00,3.967448e-01,-2.146958e-02
6.916873e+00,5.552783e-01,-1.94841e-02
6.916873e+00,7.774819e-01,-1.667587e-02
6.916873e+00,1.088445e+00,-1.399434e-02
6.916873e+00,1.523711e+00,-1.262343e-02
6.916873e+00,2.088426e+00,-1.290802e-02
6.916873e+00,2.685505e+00,-1.293197e-02
7.075210e+00,1.570796e-02,-8.413653e-04
7.075210e+00,2.346256e-02,-2.018045e-03
7.075210e+00,3.503514e-02,-4.538574e-03
7.075210e+00,5.263151e-02,-8.409391e-03
7.075210e+00,7.314235e-02,-1.560933e-02
7.075210e+00,1.025928e-01,-1.96891e-02
7.075210e+00,1.448116e-01,-2.626766e-02
7.075210e+00,2.023460e-01,-2.79871e-02
7.075210e+00,2.834245e-01,-2.821437e-02
7.075210e+00,3.967448e-01,-2.611362e-02
7.075210e+00,5.552783e-01,-2.376304e-02
7.075210e+00,7.774819e-01,-2.043196e-02
7.075210e+00,1.088445e+00,-1.714733e-02
7.075210e+00,1.523711e+00,-1.530152e-02
7.075210e+00,2.088426e+00,-1.546930e-02
7.075210e+00,2.685505e+00,-1.524988e-02
7.236714e+00,1.570796e-02,-7.695212e-04
7.236714e+00,2.346256e-02,-1.861988e-03
7.236714e+00,3.503514e-02,-4.277629e-03
7.236714e+00,5.263151e-02,-8.124529e-03
7.236714e+00,7.314235e-02,-1.537910e-02
7.236714e+00,1.025928e-01,-2.050279e-02
7.236714e+00,1.448116e-01,-2.814203e-02
7.236714e+00,2.023460e-01,-3.101711e-02
7.236714e+00,2.834245e-01,-3.179403e-02
7.236714e+00,3.967448e-01,-2.998576e-02
7.236714e+00,5.552783e-01,-2.757572e-02
7.236714e+00,7.774819e-01,-2.3793e-02
7.236714e+00,1.088445e+00,-1.999104e-02
7.236714e+00,1.523711e+00,-1.764528e-02
7.236714e+00,2.088426e+00,-1.763704e-02
7.236714e+00,2.685505e+00,-1.722265e-02
7.401449e+00,1.570796e-02,-6.896799e-04
7.401449e+00,2.346256e-02,-1.695604e-03
7.401449e+00,3.503514e-02,-3.921487e-03
7.401449e+00,5.263151e-02,-7.60219e-03
7.401449e+00,7.314235e-02,-1.461850e-02
7.401449e+00,1.025928e-01,-2.040197e-02
7.401449e+00,1.448116e-01,-2.889705e-02
7.401449e+00,2.023460e-01,-3.282973e-02
7.401449e+00,2.834245e-01,-3.43582e-02
7.401449e+00,3.967448e-01,-3.314659e-02
7.401449e+00,5.552783e-01,-3.077652e-02
7.401449e+00,7.774819e-01,-2.670484e-02
7.401449e+00,1.088445e+00,-2.243647e-02
7.401449e+00,1.523711e+00,-1.973590e-02
7.401449e+00,2.088426e+00,-1.954288e-02
7.401449e+00,2.685505e+00,-1.882368e-02
7.569477e+00,1.570796e-02,-6.287877e-04
7.569477e+00,2.346256e-02,-1.574481e-03
7.569477e+00,3.503514e-02,-3.508260e-03
7.569477e+00,5.263151e-02,-6.954051e-03
7.569477e+00,7.314235e-02,-1.359178e-02
7.569477e+00,1.025928e-01,-1.957682e-02
7.569477e+00,1.448116e-01,-2.872153e-02
7.569477e+00,2.023460e-01,-3.354734e-02
7.569477e+00,2.834245e-01,-3.602015e-02
7.569477e+00,3.967448e-01,-3.547403e-02
7.569477e+00,5.552783e-01,-3.329473e-02
7.569477e+00,7.774819e-01,-2.914041e-02
7.569477e+00,1.088445e+00,-2.446701e-02
7.569477e+00,1.523711e+00,-2.14553e-02
7.569477e+00,2.088426e+00,-2.10774e-02
7.569477e+00,2.685505e+00,-2.01536e-02
7.740867e+00,1.570796e-02,-5.714873e-04
7.740867e+00,2.346256e-02,-1.43573e-03
7.740867e+00,3.503514e-02,-3.085326e-03
7.740867e+00,5.263151e-02,-6.306822e-03
7.740867e+00,7.314235e-02,-1.249837e-02
7.740867e+00,1.025928e-01,-1.837202e-02
7.740867e+00,1.448116e-01,-2.781665e-02
7.740867e+00,2.023460e-01,-3.340032e-02
7.740867e+00,2.834245e-01,-3.681734e-02
7.740867e+00,3.967448e-01,-3.696649e-02
7.740867e+00,5.552783e-01,-3.510213e-02
7.740867e+00,7.774819e-01,-3.108429e-02
7.740867e+00,1.088445e+00,-2.615839e-02
7.740867e+00,1.523711e+00,-2.289713e-02
7.740867e+00,2.088426e+00,-2.234437e-02
7.740867e+00,2.685505e+00,-2.114720e-02
7.915684e+00,1.570796e-02,-5.184097e-04
7.915684e+00,2.346256e-02,-1.300084e-03
7.915684e+00,3.503514e-02,-2.720554e-03
7.915684e+00,5.263151e-02,-5.684398e-03
7.915684e+00,7.314235e-02,-1.134129e-02
7.915684e+00,1.025928e-01,-1.702562e-02
7.915684e+00,1.448116e-01,-2.631840e-02
7.915684e+00,2.023460e-01,-3.252216e-02
7.915684e+00,2.834245e-01,-3.678317e-02
7.915684e+00,3.967448e-01,-3.766314e-02
7.915684e+00,5.552783e-01,-3.631958e-02
7.915684e+00,7.774819e-01,-3.244456e-02
7.915684e+00,1.088445e+00,-2.745137e-02
7.915684e+00,1.523711e+00,-2.398831e-02
7.915684e+00,2.088426e+00,-2.338392e-02
7.915684e+00,2.685505e+00,-2.192166e-02
8.093998e+00,1.570796e-02,-4.649975e-04
8.093998e+00,2.346256e-02,-1.184576e-03
8.093998e+00,3.503514e-02,-2.430299e-03
8.093998e+00,5.263151e-02,-5.10282e-03
8.093998e+00,7.314235e-02,-1.022550e-02
8.093998e+00,1.025928e-01,-1.549007e-02
8.093998e+00,1.448116e-01,-2.439952e-02
8.093998e+00,2.023460e-01,-3.099363e-02
8.093998e+00,2.834245e-01,-3.604831e-02
8.093998e+00,3.967448e-01,-3.773589e-02
8.093998e+00,5.552783e-01,-3.692144e-02
8.093998e+00,7.774819e-01,-3.333132e-02
8.093998e+00,1.088445e+00,-2.838830e-02
8.093998e+00,1.523711e+00,-2.484220e-02
8.093998e+00,2.088426e+00,-2.414884e-02
8.093998e+00,2.685505e+00,-2.251448e-02
8.275878e+00,1.570796e-02,-4.104498e-04
8.275878e+00,2.346256e-02,-1.070034e-03
8.275878e+00,3.503514e-02,-2.173795e-03
8.275878e+00,5.263151e-02,-4.574097e-03
8.275878e+00,7.314235e-02,-9.142683e-03
8.275878e+00,1.025928e-01,-1.393170e-02
8.275878e+00,1.448116e-01,-2.230376e-02
8.275878e+00,2.023460e-01,-2.909816e-02
8.275878e+00,2.834245e-01,-3.478635e-02
8.275878e+00,3.967448e-01,-3.724923e-02
8.275878e+00,5.552783e-01,-3.698401e-02
8.275878e+00,7.774819e-01,-3.372248e-02
8.275878e+00,1.088445e+00,-2.896491e-02
8.275878e+00,1.523711e+00,-2.542625e-02
8.275878e+00,2.088426e+00,-2.466207e-02
8.275878e+00,2.685505e+00,-2.275112e-02
8.461396e+00,1.570796e-02,-3.603541e-04
8.461396e+00,2.346256e-02,-9.659291e-04
8.461396e+00,3.503514e-02,-1.932086e-03
8.461396e+00,5.263151e-02,-4.080331e-03
8.461396e+00,7.314235e-02,-8.156353e-03
8.461396e+00,1.025928e-01,-1.243336e-02
8.461396e+00,1.448116e-01,-2.020762e-02
8.461396e+00,2.023460e-01,-2.696951e-02
8.461396e+00,2.834245e-01,-3.308943e-02
8.461396e+00,3.967448e-01,-3.621720e-02
8.461396e+00,5.552783e-01,-3.648825e-02
8.461396e+00,7.774819e-01,-3.367415e-02
8.461396e+00,1.088445e+00,-2.919749e-02
8.461396e+00,1.523711e+00,-2.567691e-02
8.461396e+00,2.088426e+00,-2.482728e-02
8.461396e+00,2.685505e+00,-2.294424e-02
8.650623e+00,1.570796e-02,-3.132502e-04
8.650623e+00,2.346256e-02,-8.736204e-04
8.650623e+00,3.503514e-02,-1.717336e-03
8.650623e+00,5.263151e-02,-3.618702e-03
8.650623e+00,7.314235e-02,-7.245432e-03
8.650623e+00,1.025928e-01,-1.105170e-02
8.650623e+00,1.448116e-01,-1.817558e-02
8.650623e+00,2.023460e-01,-2.472443e-02
8.650623e+00,2.834245e-01,-3.105751e-02
8.650623e+00,3.967448e-01,-3.474072e-02
8.650623e+00,5.552783e-01,-3.549808e-02
8.650623e+00,7.774819e-01,-3.323186e-02
8.650623e+00,1.088445e+00,-2.907265e-02
8.650623e+00,1.523711e+00,-2.575634e-02
8.650623e+00,2.088426e+00,-2.487686e-02
8.650623e+00,2.685505e+00,-2.28124e-02
8.843636e+00,1.570796e-02,-2.735755e-04
8.843636e+00,2.346256e-02,-7.833902e-04
8.843636e+00,3.503514e-02,-1.526497e-03
8.843636e+00,5.263151e-02,-3.205883e-03
8.843636e+00,7.314235e-02,-6.420854e-03
8.843636e+00,1.025928e-01,-9.783933e-03
8.843636e+00,1.448116e-01,-1.622517e-02
8.843636e+00,2.023460e-01,-2.248776e-02
8.843636e+00,2.834245e-01,-2.881992e-02
8.843636e+00,3.967448e-01,-3.288173e-02
8.843636e+00,5.552783e-01,-3.418858e-02
8.843636e+00,7.774819e-01,-3.244620e-02
8.843636e+00,1.088445e+00,-2.864092e-02
8.843636e+00,1.523711e+00,-2.558054e-02
8.843636e+00,2.088426e+00,-2.476912e-02
8.843636e+00,2.685505e+00,-2.255107e-02
9.040509e+00,1.570796e-02,-2.410718e-04
9.040509e+00,2.346256e-02,-6.998751e-04
9.040509e+00,3.503514e-02,-1.359715e-03
9.040509e+00,5.263151e-02,-2.829775e-03
9.040509e+00,7.314235e-02,-5.671887e-03
9.040509e+00,1.025928e-01,-8.6607e-03
9.040509e+00,1.448116e-01,-1.443170e-02
9.040509e+00,2.023460e-01,-2.026622e-02
9.040509e+00,2.834245e-01,-2.644115e-02
9.040509e+00,3.967448e-01,-3.076733e-02
9.040509e+00,5.552783e-01,-3.256721e-02
9.040509e+00,7.774819e-01,-3.134244e-02
9.040509e+00,1.088445e+00,-2.795953e-02
9.040509e+00,1.523711e+00,-2.52162e-02
9.040509e+00,2.088426e+00,-2.444853e-02
9.040509e+00,2.685505e+00,-2.219304e-02
9.241319e+00,1.570796e-02,-2.125894e-04
9.241319e+00,2.346256e-02,-6.175639e-04
9.241319e+00,3.503514e-02,-1.204809e-03
9.241319e+00,5.263151e-02,-2.498916e-03
9.241319e+00,7.314235e-02,-5.009911e-03
9.241319e+00,1.025928e-01,-7.662046e-03
9.241319e+00,1.448116e-01,-1.278010e-02
9.241319e+00,2.023460e-01,-1.812768e-02
9.241319e+00,2.834245e-01,-2.401845e-02
9.241319e+00,3.967448e-01,-2.848318e-02
9.241319e+00,5.552783e-01,-3.066108e-02
9.241319e+00,7.774819e-01,-2.99252e-02
9.241319e+00,1.088445e+00,-2.705932e-02
9.241319e+00,1.523711e+00,-2.463645e-02
9.241319e+00,2.088426e+00,-2.389214e-02
9.241319e+00,2.685505e+00,-2.157921e-02
9.446145e+00,1.570796e-02,-1.865598e-04
9.446145e+00,2.346256e-02,-5.456232e-04
9.446145e+00,3.503514e-02,-1.068265e-03
9.446145e+00,5.263151e-02,-2.200231e-03
9.446145e+00,7.314235e-02,-4.413076e-03
9.446145e+00,1.025928e-01,-6.769783e-03
9.446145e+00,1.448116e-01,-1.128850e-02
9.446145e+00,2.023460e-01,-1.611247e-02
9.446145e+00,2.834245e-01,-2.163790e-02
9.446145e+00,3.967448e-01,-2.609106e-02
9.446145e+00,5.552783e-01,-2.862096e-02
9.446145e+00,7.774819e-01,-2.831971e-02
9.446145e+00,1.088445e+00,-2.598199e-02
9.446145e+00,1.523711e+00,-2.390460e-02
9.446145e+00,2.088426e+00,-2.330618e-02
9.446145e+00,2.685505e+00,-2.090914e-02
9.655068e+00,1.570796e-02,-1.645319e-04
9.655068e+00,2.346256e-02,-4.815709e-04
9.655068e+00,3.503514e-02,-9.445176e-04
9.655068e+00,5.263151e-02,-1.931129e-03
9.655068e+00,7.314235e-02,-3.870546e-03
9.655068e+00,1.025928e-01,-5.957367e-03
9.655068e+00,1.448116e-01,-9.930589e-03
9.655068e+00,2.023460e-01,-1.422962e-02
9.655068e+00,2.834245e-01,-1.934694e-02
9.655068e+00,3.967448e-01,-2.370093e-02
9.655068e+00,5.552783e-01,-2.643237e-02
9.655068e+00,7.774819e-01,-2.659731e-02
9.655068e+00,1.088445e+00,-2.473958e-02
9.655068e+00,1.523711e+00,-2.303329e-02
9.655068e+00,2.088426e+00,-2.254326e-02
9.655068e+00,2.685505e+00,-2.013021e-02
9.86817e+00,1.570796e-02,-1.451728e-04
9.86817e+00,2.346256e-02,-4.189299e-04
9.86817e+00,3.503514e-02,-8.337660e-04
9.86817e+00,5.263151e-02,-1.687618e-03
9.86817e+00,7.314235e-02,-3.384173e-03
9.86817e+00,1.025928e-01,-5.214242e-03
9.86817e+00,1.448116e-01,-8.695463e-03
9.86817e+00,2.023460e-01,-1.251192e-02
9.86817e+00,2.834245e-01,-1.719493e-02
9.86817e+00,3.967448e-01,-2.135902e-02
9.86817e+00,5.552783e-01,-2.421798e-02
9.86817e+00,7.774819e-01,-2.47432e-02
9.86817e+00,1.088445e+00,-2.338130e-02
9.86817e+00,1.523711e+00,-2.202288e-02
9.86817e+00,2.088426e+00,-2.169174e-02
9.86817e+00,2.685505e+00,-1.929944e-02
1.008553e+01,1.570796e-02,-1.269673e-04
1.008553e+01,2.346256e-02,-3.624988e-04
1.008553e+01,3.503514e-02,-7.287167e-04
1.008553e+01,5.263151e-02,-1.469382e-03
1.008553e+01,7.314235e-02,-2.957857e-03
1.008553e+01,1.025928e-01,-4.54577e-03
1.008553e+01,1.448116e-01,-7.585343e-03
1.008553e+01,2.023460e-01,-1.094442e-02
1.008553e+01,2.834245e-01,-1.519312e-02
1.008553e+01,3.967448e-01,-1.911902e-02
1.008553e+01,5.552783e-01,-2.201336e-02
1.008553e+01,7.774819e-01,-2.283749e-02
1.008553e+01,1.088445e+00,-2.192249e-02
1.008553e+01,1.523711e+00,-2.096062e-02
1.008553e+01,2.088426e+00,-2.073521e-02
1.008553e+01,2.685505e+00,-1.837888e-02
1.030724e+01,1.570796e-02,-1.112235e-04
1.030724e+01,2.346256e-02,-3.135571e-04
1.030724e+01,3.503514e-02,-6.317229e-04
1.030724e+01,5.263151e-02,-1.279491e-03
1.030724e+01,7.314235e-02,-2.569908e-03
1.030724e+01,1.025928e-01,-3.952981e-03
1.030724e+01,1.448116e-01,-6.592233e-03
1.030724e+01,2.023460e-01,-9.525037e-03
1.030724e+01,2.834245e-01,-1.332663e-02
1.030724e+01,3.967448e-01,-1.699642e-02
1.030724e+01,5.552783e-01,-1.984901e-02
1.030724e+01,7.774819e-01,-2.090749e-02
1.030724e+01,1.088445e+00,-2.039902e-02
1.030724e+01,1.523711e+00,-1.975369e-02
1.030724e+01,2.088426e+00,-1.965192e-02
1.030724e+01,2.685505e+00,-1.737712e-02
1.053339e+01,1.570796e-02,-9.739643e-05
1.053339e+01,2.346256e-02,-2.666279e-04
1.053339e+01,3.503514e-02,-5.456256e-04
1.053339e+01,5.263151e-02,-1.105401e-03
1.053339e+01,7.314235e-02,-2.223463e-03
1.053339e+01,1.025928e-01,-3.417526e-03
1.053339e+01,1.448116e-01,-5.698036e-03
1.053339e+01,2.023460e-01,-8.257108e-03
1.053339e+01,2.834245e-01,-1.161699e-02
1.053339e+01,3.967448e-01,-1.499570e-02
1.053339e+01,5.552783e-01,-1.774322e-02
1.053339e+01,7.774819e-01,-1.899575e-02
1.053339e+01,1.088445e+00,-1.88016e-02
1.053339e+01,1.523711e+00,-1.847242e-02
1.053339e+01,2.088426e+00,-1.850222e-02
1.053339e+01,2.685505e+00,-1.626209e-02
1.076406e+01,1.570796e-02,-8.427791e-05
1.076406e+01,2.346256e-02,-2.289774e-04
1.076406e+01,3.503514e-02,-4.709995e-04
1.076406e+01,5.263151e-02,-9.542230e-04
1.076406e+01,7.314235e-02,-1.91683e-03
1.076406e+01,1.025928e-01,-2.945223e-03
1.076406e+01,1.448116e-01,-4.894682e-03
1.076406e+01,2.023460e-01,-7.131348e-03
1.076406e+01,2.834245e-01,-1.007315e-02
1.076406e+01,3.967448e-01,-1.313249e-02
1.076406e+01,5.552783e-01,-1.574690e-02
1.076406e+01,7.774819e-01,-1.709804e-02
1.076406e+01,1.088445e+00,-1.71939e-02
1.076406e+01,1.523711e+00,-1.714261e-02
1.076406e+01,2.088426e+00,-1.726515e-02
1.076406e+01,2.685505e+00,-1.510272e-02
1.099934e+01,1.570796e-02,-7.261908e-05
1.099934e+01,2.346256e-02,-1.966375e-04
1.099934e+01,3.503514e-02,-4.045353e-04
1.099934e+01,5.263151e-02,-8.213225e-04
1.099934e+01,7.314235e-02,-1.644017e-03
1.099934e+01,1.025928e-01,-2.526373e-03
1.099934e+01,1.448116e-01,-4.19604e-03
1.099934e+01,2.023460e-01,-6.136468e-03
1.099934e+01,2.834245e-01,-8.697547e-03
1.099934e+01,3.967448e-01,-1.142816e-02
1.099934e+01,5.552783e-01,-1.386722e-02
1.099934e+01,7.774819e-01,-1.530015e-02
1.099934e+01,1.088445e+00,-1.561921e-02
1.099934e+01,1.523711e+00,-1.577571e-02
1.099934e+01,2.088426e+00,-1.604071e-02
1.099934e+01,2.685505e+00,-1.405149e-02
1.123932e+01,1.570796e-02,-6.227307e-05
1.123932e+01,2.346256e-02,-1.655309e-04
1.123932e+01,3.503514e-02,-3.468082e-04
1.123932e+01,5.263151e-02,-7.022856e-04
1.123932e+01,7.314235e-02,-1.402245e-03
1.123932e+01,1.025928e-01,-2.164398e-03
1.123932e+01,1.448116e-01,-3.582328e-03
1.123932e+01,2.023460e-01,-5.2533e-03
1.123932e+01,2.834245e-01,-7.475205e-03
1.123932e+01,3.967448e-01,-9.883475e-03
1.123932e+01,5.552783e-01,-1.210919e-02
1.123932e+01,7.774819e-01,-1.356891e-02
1.123932e+01,1.088445e+00,-1.409315e-02
1.123932e+01,1.523711e+00,-1.446021e-02
1.123932e+01,2.088426e+00,-1.480790e-02
1.123932e+01,2.685505e+00,-1.290857e-02
1.148411e+01,1.570796e-02,-5.324799e-05
1.148411e+01,2.346256e-02,-1.392865e-04
1.148411e+01,3.503514e-02,-2.961238e-04
1.148411e+01,5.263151e-02,-5.990866e-04
1.148411e+01,7.314235e-02,-1.192196e-03
1.148411e+01,1.025928e-01,-1.846096e-03
1.148411e+01,1.448116e-01,-3.050172e-03
1.148411e+01,2.023460e-01,-4.498075e-03
1.148411e+01,2.834245e-01,-6.399736e-03
1.148411e+01,3.967448e-01,-8.510119e-03
1.148411e+01,5.552783e-01,-1.053227e-02
1.148411e+01,7.774819e-01,-1.194936e-02
1.148411e+01,1.088445e+00,-1.262171e-02
1.148411e+01,1.523711e+00,-1.313680e-02
1.148411e+01,2.088426e+00,-1.357028e-02
1.148411e+01,2.685505e+00,-1.178216e-02
1.173379e+01,1.570796e-02,-4.544861e-05
1.173379e+01,2.346256e-02,-1.161363e-04
1.173379e+01,3.503514e-02,-2.497234e-04
1.173379e+01,5.263151e-02,-5.055284e-04
1.173379e+01,7.314235e-02,-1.008843e-03
1.173379e+01,1.025928e-01,-1.564776e-03
1.173379e+01,1.448116e-01,-2.583656e-03
1.173379e+01,2.023460e-01,-3.811251e-03
1.173379e+01,2.834245e-01,-5.42944e-03
1.173379e+01,3.967448e-01,-7.26847e-03
1.173379e+01,5.552783e-01,-9.061929e-03
1.173379e+01,7.774819e-01,-1.044162e-02
1.173379e+01,1.088445e+00,-1.119746e-02
1.173379e+01,1.523711e+00,-1.187785e-02
1.173379e+01,2.088426e+00,-1.241459e-02
1.173379e+01,2.685505e+00,-1.080465e-02
1.198847e+01,1.570796e-02,-3.836972e-05
1.198847e+01,2.346256e-02,-9.643973e-05
1.198847e+01,3.503514e-02,-2.102584e-04
1.198847e+01,5.263151e-02,-4.263614e-04
1.198847e+01,7.314235e-02,-8.477151e-04
1.198847e+01,1.025928e-01,-1.321342e-03
1.198847e+01,1.448116e-01,-2.173996e-03
1.198847e+01,2.023460e-01,-3.216695e-03
1.198847e+01,2.834245e-01,-4.593037e-03
1.198847e+01,3.967448e-01,-6.168494e-03
1.198847e+01,5.552783e-01,-7.762862e-03
1.198847e+01,7.774819e-01,-9.078638e-03
1.198847e+01,1.088445e+00,-9.898969e-03
1.198847e+01,1.523711e+00,-1.067087e-02
1.198847e+01,2.088426e+00,-1.126341e-02
1.198847e+01,2.685505e+00,-9.853329e-03
1.224824e+01,1.570796e-02,-3.228706e-05
1.224824e+01,2.346256e-02,-7.927472e-05
1.224824e+01,3.503514e-02,-1.755914e-04
1.224824e+01,5.263151e-02,-3.5787e-04
1.224824e+01,7.314235e-02,-7.114864e-04
1.224824e+01,1.025928e-01,-1.108135e-03
1.224824e+01,1.448116e-01,-1.817991e-03
1.224824e+01,2.023460e-01,-2.700967e-03
1.224824e+01,2.834245e-01,-3.86102e-03
1.224824e+01,3.967448e-01,-5.196656e-03
1.224824e+01,5.552783e-01,-6.59267e-03
1.224824e+01,7.774819e-01,-7.825091e-03
1.224824e+01,1.088445e+00,-8.677175e-03
1.224824e+01,1.523711e+00,-9.510067e-03
1.224824e+01,2.088426e+00,-1.013856e-02
1.224824e+01,2.685505e+00,-8.890388e-03
1.251320e+01,1.570796e-02,-2.689801e-05
1.251320e+01,2.346256e-02,-6.582518e-05
1.251320e+01,3.503514e-02,-1.465168e-04
1.251320e+01,5.263151e-02,-2.981366e-04
1.251320e+01,7.314235e-02,-5.934859e-04
1.251320e+01,1.025928e-01,-9.237652e-04
1.251320e+01,1.448116e-01,-1.515132e-03
1.251320e+01,2.023460e-01,-2.252138e-03
1.251320e+01,2.834245e-01,-3.229105e-03
1.251320e+01,3.967448e-01,-4.354841e-03
1.251320e+01,5.552783e-01,-5.566841e-03
1.251320e+01,7.774819e-01,-6.706649e-03
1.251320e+01,1.088445e+00,-7.560973e-03
1.251320e+01,1.523711e+00,-8.418674e-03
1.251320e+01,2.088426e+00,-9.091295e-03
1.251320e+01,2.685505e+00,-8.056222e-03
1.278347e+01,1.570796e-02,-2.243471e-05
1.278347e+01,2.346256e-02,-5.416716e-05
1.278347e+01,3.503514e-02,-1.219629e-04
1.278347e+01,5.263151e-02,-2.459175e-04
1.278347e+01,7.314235e-02,-4.907091e-04
1.278347e+01,1.025928e-01,-7.641946e-04
1.278347e+01,1.448116e-01,-1.255184e-03
1.278347e+01,2.023460e-01,-1.870763e-03
1.278347e+01,2.834245e-01,-2.682640e-03
1.278347e+01,3.967448e-01,-3.629314e-03
1.278347e+01,5.552783e-01,-4.671456e-03
1.278347e+01,7.774819e-01,-5.702875e-03
1.278347e+01,1.088445e+00,-6.536284e-03
1.278347e+01,1.523711e+00,-7.400468e-03
1.278347e+01,2.088426e+00,-8.090629e-03
1.278347e+01,2.685505e+00,-7.224029e-03
1.305914e+01,1.570796e-02,-1.868667e-05
1.305914e+01,2.346256e-02,-4.39989e-05
1.305914e+01,3.503514e-02,-9.951941e-05
1.305914e+01,5.263151e-02,-2.018220e-04
1.305914e+01,7.314235e-02,-4.045816e-04
1.305914e+01,1.025928e-01,-6.286649e-04
1.305914e+01,1.448116e-01,-1.032088e-03
1.305914e+01,2.023460e-01,-1.543447e-03
1.305914e+01,2.834245e-01,-2.213592e-03
1.305914e+01,3.967448e-01,-3.005628e-03
1.305914e+01,5.552783e-01,-3.895385e-03
1.305914e+01,7.774819e-01,-4.818513e-03
1.305914e+01,1.088445e+00,-5.623237e-03
1.305914e+01,1.523711e+00,-6.458968e-03
1.305914e+01,2.088426e+00,-7.148817e-03
1.305914e+01,2.685505e+00,-6.404903e-03
1.334032e+01,1.570796e-02,-1.522547e-05
1.334032e+01,2.346256e-02,-3.588830e-05
1.334032e+01,3.503514e-02,-8.161370e-05
1.334032e+01,5.263151e-02,-1.660399e-04
1.334032e+01,7.314235e-02,-3.294102e-04
1.334032e+01,1.025928e-01,-5.137046e-04
1.334032e+01,1.448116e-01,-8.460595e-04
1.334032e+01,2.023460e-01,-1.264898e-03
1.334032e+01,2.834245e-01,-1.815032e-03
1.334032e+01,3.967448e-01,-2.471715e-03
1.334032e+01,5.552783e-01,-3.230346e-03
1.334032e+01,7.774819e-01,-4.047396e-03
1.334032e+01,1.088445e+00,-4.802599e-03
1.334032e+01,1.523711e+00,-5.624079e-03
1.334032e+01,2.088426e+00,-6.278144e-03
1.334032e+01,2.685505e+00,-5.63637e-03
1.362713e+01,1.570796e-02,-1.252361e-05
1.362713e+01,2.346256e-02,-2.977686e-05
1.362713e+01,3.503514e-02,-6.662679e-05
1.362713e+01,5.263151e-02,-1.358412e-04
1.362713e+01,7.314235e-02,-2.679825e-04
1.362713e+01,1.025928e-01,-4.174618e-04
1.362713e+01,1.448116e-01,-6.884351e-04
1.362713e+01,2.023460e-01,-1.033109e-03
1.362713e+01,2.834245e-01,-1.482828e-03
1.362713e+01,3.967448e-01,-2.026742e-03
1.362713e+01,5.552783e-01,-2.666138e-03
1.362713e+01,7.774819e-01,-3.380813e-03
1.362713e+01,1.088445e+00,-4.07109e-03
1.362713e+01,1.523711e+00,-4.858049e-03
1.362713e+01,2.088426e+00,-5.486833e-03
1.362713e+01,2.685505e+00,-4.984420e-03
1.391967e+01,1.570796e-02,-1.030412e-05
1.391967e+01,2.346256e-02,-2.376416e-05
1.391967e+01,3.503514e-02,-5.415167e-05
1.391967e+01,5.263151e-02,-1.108545e-04
1.391967e+01,7.314235e-02,-2.178922e-04
1.391967e+01,1.025928e-01,-3.388887e-04
1.391967e+01,1.448116e-01,-5.589986e-04
1.391967e+01,2.023460e-01,-8.401667e-04
1.391967e+01,2.834245e-01,-1.206125e-03
1.391967e+01,3.967448e-01,-1.651689e-03
1.391967e+01,5.552783e-01,-2.190048e-03
1.391967e+01,7.774819e-01,-2.805395e-03
1.391967e+01,1.088445e+00,-3.434949e-03
1.391967e+01,1.523711e+00,-4.171239e-03
1.391967e+01,2.088426e+00,-4.766302e-03
1.391967e+01,2.685505e+00,-4.353456e-03
1.421806e+01,1.570796e-02,-8.350746e-06
1.421806e+01,2.346256e-02,-1.873503e-05
1.421806e+01,3.503514e-02,-4.321067e-05
1.421806e+01,5.263151e-02,-8.888437e-05
1.421806e+01,7.314235e-02,-1.748847e-04
1.421806e+01,1.025928e-01,-2.717661e-04
1.421806e+01,1.448116e-01,-4.493767e-04
1.421806e+01,2.023460e-01,-6.793168e-04
1.421806e+01,2.834245e-01,-9.711195e-04
1.421806e+01,3.967448e-01,-1.338172e-03
1.421806e+01,5.552783e-01,-1.782116e-03
1.421806e+01,7.774819e-01,-2.310857e-03
1.421806e+01,1.088445e+00,-2.879893e-03
1.421806e+01,1.523711e+00,-3.549645e-03
1.421806e+01,2.088426e+00,-4.099381e-03
1.421806e+01,2.685505e+00,-3.774002e-03
1.452242e+01,1.570796e-02,-6.755852e-06
1.452242e+01,2.346256e-02,-1.460205e-05
1.452242e+01,3.503514e-02,-3.457458e-05
1.452242e+01,5.263151e-02,-7.045941e-05
1.452242e+01,7.314235e-02,-1.392327e-04
1.452242e+01,1.025928e-01,-2.170692e-04
1.452242e+01,1.448116e-01,-3.591263e-04
1.452242e+01,2.023460e-01,-5.428175e-04
1.452242e+01,2.834245e-01,-7.764786e-04
1.452242e+01,3.967448e-01,-1.073638e-03
1.452242e+01,5.552783e-01,-1.437795e-03
1.452242e+01,7.774819e-01,-1.880238e-03
1.452242e+01,1.088445e+00,-2.390534e-03
1.452242e+01,1.523711e+00,-2.985754e-03
1.452242e+01,2.088426e+00,-3.497682e-03
1.452242e+01,2.685505e+00,-3.247597e-03
1.483287e+01,1.570796e-02,-5.382415e-06
1.483287e+01,2.346256e-02,-1.153642e-05
1.483287e+01,3.503514e-02,-2.743406e-05
1.483287e+01,5.263151e-02,-5.577994e-05
1.483287e+01,7.314235e-02,-1.108715e-04
1.483287e+01,1.025928e-01,-1.743754e-04
1.483287e+01,1.448116e-01,-2.864420e-04
1.483287e+01,2.023460e-01,-4.331737e-04
1.483287e+01,2.834245e-01,-6.177423e-04
1.483287e+01,3.967448e-01,-8.598255e-04
1.483287e+01,5.552783e-01,-1.157714e-03
1.483287e+01,7.774819e-01,-1.526464e-03
1.483287e+01,1.088445e+00,-1.969963e-03
1.483287e+01,1.523711e+00,-2.502355e-03
1.483287e+01,2.088426e+00,-2.954891e-03
1.483287e+01,2.685505e+00,-2.782048e-03
1.514953e+01,1.570796e-02,-4.392771e-06
1.514953e+01,2.346256e-02,-9.100625e-06
1.514953e+01,3.503514e-02,-2.162882e-05
1.514953e+01,5.263151e-02,-4.384969e-05
1.514953e+01,7.314235e-02,-8.76904e-05
1.514953e+01,1.025928e-01,-1.375476e-04
1.514953e+01,1.448116e-01,-2.279235e-04
1.514953e+01,2.023460e-01,-3.431705e-04
1.514953e+01,2.834245e-01,-4.902999e-04
1.514953e+01,3.967448e-01,-6.827110e-04
1.514953e+01,5.552783e-01,-9.267342e-04
1.514953e+01,7.774819e-01,-1.231310e-03
1.514953e+01,1.088445e+00,-1.614418e-03
1.514953e+01,1.523711e+00,-2.084643e-03
1.514953e+01,2.088426e+00,-2.497152e-03
1.514953e+01,2.685505e+00,-2.35968e-03
1.547252e+01,1.570796e-02,-3.506824e-06
1.547252e+01,2.346256e-02,-7.222955e-06
1.547252e+01,3.503514e-02,-1.744421e-05
1.547252e+01,5.263151e-02,-3.409940e-05
1.547252e+01,7.314235e-02,-6.915988e-05
1.547252e+01,1.025928e-01,-1.080154e-04
1.547252e+01,1.448116e-01,-1.783918e-04
1.547252e+01,2.023460e-01,-2.710506e-04
1.547252e+01,2.834245e-01,-3.868201e-04
1.547252e+01,3.967448e-01,-5.403055e-04
1.547252e+01,5.552783e-01,-7.3666e-04
1.547252e+01,7.774819e-01,-9.875501e-04
1.547252e+01,1.088445e+00,-1.313791e-03
1.547252e+01,1.523711e+00,-1.727238e-03
1.547252e+01,2.088426e+00,-2.081700e-03
1.547252e+01,2.685505e+00,-1.948432e-03
1.580197e+01,1.570796e-02,-2.763983e-06
1.580197e+01,2.346256e-02,-5.547745e-06
1.580197e+01,3.503514e-02,-1.370936e-05
1.580197e+01,5.263151e-02,-2.646819e-05
1.580197e+01,7.314235e-02,-5.40472e-05
1.580197e+01,1.025928e-01,-8.403251e-05
1.580197e+01,1.448116e-01,-1.391274e-04
1.580197e+01,2.023460e-01,-2.121484e-04
1.580197e+01,2.834245e-01,-3.021838e-04
1.580197e+01,3.967448e-01,-4.225396e-04
1.580197e+01,5.552783e-01,-5.805866e-04
1.580197e+01,7.774819e-01,-7.853612e-04
1.580197e+01,1.088445e+00,-1.059609e-03
1.580197e+01,1.523711e+00,-1.410226e-03
1.580197e+01,2.088426e+00,-1.72123e-03
1.580197e+01,2.685505e+00,-1.611850e-03
1.613801e+01,1.570796e-02,-2.171067e-06
1.613801e+01,2.346256e-02,-4.329677e-06
1.613801e+01,3.503514e-02,-1.068390e-05
1.613801e+01,5.263151e-02,-2.067453e-05
1.613801e+01,7.314235e-02,-4.140122e-05
1.613801e+01,1.025928e-01,-6.429807e-05
1.613801e+01,1.448116e-01,-1.084503e-04
1.613801e+01,2.023460e-01,-1.64503e-04
1.613801e+01,2.834245e-01,-2.346341e-04
1.613801e+01,3.967448e-01,-3.291134e-04
1.613801e+01,5.552783e-01,-4.542193e-04
1.613801e+01,7.774819e-01,-6.210185e-04
1.613801e+01,1.088445e+00,-8.453650e-04
1.613801e+01,1.523711e+00,-1.14285e-03
1.613801e+01,2.088426e+00,-1.405359e-03
1.613801e+01,2.685505e+00,-1.320635e-03
1.648077e+01,1.570796e-02,-1.701394e-06
1.648077e+01,2.346256e-02,-3.245936e-06
1.648077e+01,3.503514e-02,-8.305268e-06
1.648077e+01,5.263151e-02,-1.592633e-05
1.648077e+01,7.314235e-02,-3.179682e-05
1.648077e+01,1.025928e-01,-4.937180e-05
1.648077e+01,1.448116e-01,-8.362873e-05
1.648077e+01,2.023460e-01,-1.269916e-04
1.648077e+01,2.834245e-01,-1.812825e-04
1.648077e+01,3.967448e-01,-2.548235e-04
1.648077e+01,5.552783e-01,-3.532871e-04
1.648077e+01,7.774819e-01,-4.851034e-04
1.648077e+01,1.088445e+00,-6.687286e-04
1.648077e+01,1.523711e+00,-9.120748e-04
1.648077e+01,2.088426e+00,-1.131539e-03
1.648077e+01,2.685505e+00,-1.064019e-03
1.683038e+01,1.570796e-02,-1.330262e-06
1.683038e+01,2.346256e-02,-2.41727e-06
1.683038e+01,3.503514e-02,-6.378662e-06
1.683038e+01,5.263151e-02,-1.193328e-05
1.683038e+01,7.314235e-02,-2.408098e-05
1.683038e+01,1.025928e-01,-3.709492e-05
1.683038e+01,1.448116e-01,-6.302268e-05
1.683038e+01,2.023460e-01,-9.603364e-05
1.683038e+01,2.834245e-01,-1.369703e-04
1.683038e+01,3.967448e-01,-1.931979e-04
1.683038e+01,5.552783e-01,-2.69073e-04
1.683038e+01,7.774819e-01,-3.741381e-04
1.683038e+01,1.088445e+00,-5.199995e-04
1.683038e+01,1.523711e+00,-7.187916e-04
1.683038e+01,2.088426e+00,-9.015833e-04
1.683038e+01,2.685505e+00,-8.597463e-04
1.718699e+01,1.570796e-02,-1.063674e-06
1.718699e+01,2.346256e-02,-1.724559e-06
1.718699e+01,3.503514e-02,-4.890830e-06
1.718699e+01,5.263151e-02,-8.967309e-06
1.718699e+01,7.314235e-02,-1.790291e-05
1.718699e+01,1.025928e-01,-2.793823e-05
1.718699e+01,1.448116e-01,-4.742040e-05
1.718699e+01,2.023460e-01,-7.264042e-05
1.718699e+01,2.834245e-01,-1.035688e-04
1.718699e+01,3.967448e-01,-1.474046e-04
1.718699e+01,5.552783e-01,-2.054141e-04
1.718699e+01,7.774819e-01,-2.886726e-04
1.718699e+01,1.088445e+00,-4.021745e-04
1.718699e+01,1.523711e+00,-5.589556e-04
1.718699e+01,2.088426e+00,-7.043155e-04
1.718699e+01,2.685505e+00,-6.745793e-04
1.755073e+01,1.570796e-02,-7.938051e-07
1.755073e+01,2.346256e-02,-1.183190e-06
1.755073e+01,3.503514e-02,-3.593565e-06
1.755073e+01,5.263151e-02,-6.794915e-06
1.755073e+01,7.314235e-02,-1.311375e-05
1.755073e+01,1.025928e-01,-2.040854e-05
1.755073e+01,1.448116e-01,-3.479362e-05
1.755073e+01,2.023460e-01,-5.313815e-05
1.755073e+01,2.834245e-01,-7.64581e-05
1.755073e+01,3.967448e-01,-1.089210e-04
1.755073e+01,5.552783e-01,-1.531614e-04
1.755073e+01,7.774819e-01,-2.174970e-04
1.755073e+01,1.088445e+00,-3.047677e-04
1.755073e+01,1.523711e+00,-4.279073e-04
1.755073e+01,2.088426e+00,-5.398030e-04
1.755073e+01,2.685505e+00,-5.120252e-04
1.792175e+01,1.570796e-02,-5.931250e-07
1.792175e+01,2.346256e-02,-8.242517e-07
1.792175e+01,3.503514e-02,-2.592269e-06
1.792175e+01,5.263151e-02,-5.066792e-06
1.792175e+01,7.314235e-02,-9.572703e-06
1.792175e+01,1.025928e-01,-1.472730e-05
1.792175e+01,1.448116e-01,-2.539908e-05
1.792175e+01,2.023460e-01,-3.87917e-05
1.792175e+01,2.834245e-01,-5.539568e-05
1.792175e+01,3.967448e-01,-7.888608e-05
1.792175e+01,5.552783e-01,-1.118666e-04
1.792175e+01,7.774819e-01,-1.618153e-04
1.792175e+01,1.088445e+00,-2.264812e-04
1.792175e+01,1.523711e+00,-3.192962e-04
1.792175e+01,2.088426e+00,-4.056205e-04
1.792175e+01,2.685505e+00,-3.872008e-04
1.830018e+01,1.570796e-02,-4.380121e-07
1.830018e+01,2.346256e-02,-5.832665e-07
1.830018e+01,3.503514e-02,-1.811328e-06
1.830018e+01,5.263151e-02,-3.593918e-06
1.830018e+01,7.314235e-02,-6.848203e-06
1.830018e+01,1.025928e-01,-1.031983e-05
1.830018e+01,1.448116e-01,-1.799143e-05
1.830018e+01,2.023460e-01,-2.755172e-05
1.830018e+01,2.834245e-01,-3.964802e-05
1.830018e+01,3.967448e-01,-5.644181e-05
1.830018e+01,5.552783e-01,-8.063158e-05
1.830018e+01,7.774819e-01,-1.179815e-04
1.830018e+01,1.088445e+00,-1.653472e-04
1.830018e+01,1.523711e+00,-2.349024e-04
1.830018e+01,2.088426e+00,-3.000523e-04
1.830018e+01,2.685505e+00,-2.855685e-04
1.868618e+01,1.570796e-02,-3.171122e-07
1.868618e+01,2.346256e-02,-3.656824e-07
1.868618e+01,3.503514e-02,-1.238328e-06
1.868618e+01,5.263151e-02,-2.632382e-06
1.868618e+01,7.314235e-02,-4.866611e-06
1.868618e+01,1.025928e-01,-7.235128e-06
1.868618e+01,1.448116e-01,-1.286998e-05
1.868618e+01,2.023460e-01,-1.997432e-05
1.868618e+01,2.834245e-01,-2.803173e-05
1.868618e+01,3.967448e-01,-4.058833e-05
1.868618e+01,5.552783e-01,-5.805046e-05
1.868618e+01,7.774819e-01,-8.556063e-05
1.868618e+01,1.088445e+00,-1.201715e-04
1.868618e+01,1.523711e+00,-1.702736e-04
1.868618e+01,2.088426e+00,-2.193401e-04
1.868618e+01,2.685505e+00,-2.124022e-04
1.907991e+01,1.570796e-02,-2.344043e-07
1.907991e+01,2.346256e-02,-2.659885e-07
1.907991e+01,3.503514e-02,-9.153323e-07
1.907991e+01,5.263151e-02,-1.808351e-06
1.907991e+01,7.314235e-02,-3.322555e-06
1.907991e+01,1.025928e-01,-4.937039e-06
1.907991e+01,1.448116e-01,-8.991744e-06
1.907991e+01,2.023460e-01,-1.40047e-05
1.907991e+01,2.834245e-01,-1.948558e-05
1.907991e+01,3.967448e-01,-2.847646e-05
1.907991e+01,5.552783e-01,-4.083899e-05
1.907991e+01,7.774819e-01,-6.04424e-05
1.907991e+01,1.088445e+00,-8.486369e-05
1.907991e+01,1.523711e+00,-1.204659e-04
1.907991e+01,2.088426e+00,-1.559404e-04
1.907991e+01,2.685505e+00,-1.521624e-04
1.948151e+01,1.570796e-02,-1.596349e-07
1.948151e+01,2.346256e-02,-1.718012e-07
1.948151e+01,3.503514e-02,-5.996307e-07
1.948151e+01,5.263151e-02,-1.191822e-06
1.948151e+01,7.314235e-02,-2.181203e-06
1.948151e+01,1.025928e-01,-3.259421e-06
1.948151e+01,1.448116e-01,-6.064688e-06
1.948151e+01,2.023460e-01,-9.602253e-06
1.948151e+01,2.834245e-01,-1.306684e-05
1.948151e+01,3.967448e-01,-1.935652e-05
1.948151e+01,5.552783e-01,-2.817244e-05
1.948151e+01,7.774819e-01,-4.186581e-05
1.948151e+01,1.088445e+00,-5.835489e-05
1.948151e+01,1.523711e+00,-8.311128e-05
1.948151e+01,2.088426e+00,-1.083989e-04
1.948151e+01,2.685505e+00,-1.066355e-04
1.989114e+01,1.570796e-02,-1.087556e-07
1.989114e+01,2.346256e-02,-1.088654e-07
1.989114e+01,3.503514e-02,-4.11069e-07
1.989114e+01,5.263151e-02,-7.823089e-07
1.989114e+01,7.314235e-02,-1.419519e-06
1.989114e+01,1.025928e-01,-2.143002e-06
1.989114e+01,1.448116e-01,-4.054076e-06
1.989114e+01,2.023460e-01,-6.420445e-06
1.989114e+01,2.834245e-01,-8.867257e-06
1.989114e+01,3.967448e-01,-1.289242e-05
1.989114e+01,5.552783e-01,-1.91772e-05
1.989114e+01,7.774819e-01,-2.867635e-05
1.989114e+01,1.088445e+00,-4.011597e-05
1.989114e+01,1.523711e+00,-5.731492e-05
1.989114e+01,2.088426e+00,-7.548908e-05
1.989114e+01,2.685505e+00,-7.367156e-05
2.030896e+01,1.570796e-02,-6.997708e-08
2.030896e+01,2.346256e-02,-6.558141e-08
2.030896e+01,3.503514e-02,-2.668285e-07
2.030896e+01,5.263151e-02,-4.870097e-07
2.030896e+01,7.314235e-02,-8.919992e-07
2.030896e+01,1.025928e-01,-1.390886e-06
2.030896e+01,1.448116e-01,-2.624184e-06
2.030896e+01,2.023460e-01,-4.165275e-06
2.030896e+01,2.834245e-01,-5.717898e-06
2.030896e+01,3.967448e-01,-8.563677e-06
2.030896e+01,5.552783e-01,-1.263276e-05
2.030896e+01,7.774819e-01,-1.907392e-05
2.030896e+01,1.088445e+00,-2.656575e-05
2.030896e+01,1.523711e+00,-3.813346e-05
2.030896e+01,2.088426e+00,-5.039754e-05
2.030896e+01,2.685505e+00,-4.966596e-05
2.073514e+01,1.570796e-02,-4.355983e-08
2.073514e+01,2.346256e-02,-3.519552e-08
2.073514e+01,3.503514e-02,-1.827799e-07
2.073514e+01,5.263151e-02,-3.126209e-07
2.073514e+01,7.314235e-02,-5.671074e-07
2.073514e+01,1.025928e-01,-9.108766e-07
2.073514e+01,1.448116e-01,-1.731383e-06
2.073514e+01,2.023460e-01,-2.671511e-06
2.073514e+01,2.834245e-01,-3.717783e-06
2.073514e+01,3.967448e-01,-5.623868e-06
2.073514e+01,5.552783e-01,-8.333033e-06
2.073514e+01,7.774819e-01,-1.254748e-05
2.073514e+01,1.088445e+00,-1.756795e-05
2.073514e+01,1.523711e+00,-2.495236e-05
2.073514e+01,2.088426e+00,-3.333736e-05
2.073514e+01,2.685505e+00,-3.300254e-05
2.116984e+01,1.570796e-02,-2.801418e-08
2.116984e+01,2.346256e-02,-2.135129e-08
2.116984e+01,3.503514e-02,-1.090728e-07
2.116984e+01,5.263151e-02,-1.819087e-07
2.116984e+01,7.314235e-02,-3.481119e-07
2.116984e+01,1.025928e-01,-5.627195e-07
2.116984e+01,1.448116e-01,-1.02797e-06
2.116984e+01,2.023460e-01,-1.628053e-06
2.116984e+01,2.834245e-01,-2.249298e-06
2.116984e+01,3.967448e-01,-3.450864e-06
2.116984e+01,5.552783e-01,-5.229731e-06
2.116984e+01,7.774819e-01,-7.874778e-06
2.116984e+01,1.088445e+00,-1.119961e-05
2.116984e+01,1.523711e+00,-1.597083e-05
2.116984e+01,2.088426e+00,-2.149529e-05
2.116984e+01,2.685505e+00,-2.131929e-05
2.161324e+01,1.570796e-02,-1.571095e-08
2.161324e+01,2.346256e-02,-1.286905e-08
2.161324e+01,3.503514e-02,-5.981342e-08
2.161324e+01,5.263151e-02,-1.108283e-07
2.161324e+01,7.314235e-02,-2.047753e-07
2.161324e+01,1.025928e-01,-3.369115e-07
2.161324e+01,1.448116e-01,-5.989704e-07
2.161324e+01,2.023460e-01,-9.729757e-07
2.161324e+01,2.834245e-01,-1.326984e-06
2.161324e+01,3.967448e-01,-2.075245e-06
2.161324e+01,5.552783e-01,-3.151381e-06
2.161324e+01,7.774819e-01,-4.864925e-06
2.161324e+01,1.088445e+00,-6.897465e-06
2.161324e+01,1.523711e+00,-1.009328e-05
2.161324e+01,2.088426e+00,-1.355508e-05
2.161324e+01,2.685505e+00,-1.306710e-05
2.206550e+01,1.570796e-02,4.983901e-10
2.206550e+01,2.346256e-02,1.268388e-09
2.206550e+01,3.503514e-02,2.566345e-09
2.206550e+01,5.263151e-02,5.26603e-09
2.206550e+01,7.314235e-02,1.09951e-08
2.206550e+01,1.025928e-01,1.639338e-08
2.206550e+01,1.448116e-01,2.777069e-08
2.206550e+01,2.023460e-01,4.041081e-08
2.206550e+01,2.834245e-01,5.838892e-08
2.206550e+01,3.967448e-01,8.156519e-08
2.206550e+01,5.552783e-01,1.119547e-07
2.206550e+01,7.774819e-01,1.430298e-07
2.206550e+01,1.088445e+00,1.555335e-07
2.206550e+01,1.523711e+00,1.310815e-07
2.206550e+01,2.088426e+00,8.322215e-08
2.206550e+01,2.685505e+00,3.807643e-08
2.252681e+01,1.570796e-02,4.702404e-10
2.252681e+01,2.346256e-02,1.195128e-09
2.252681e+01,3.503514e-02,2.420221e-09
2.252681e+01,5.263151e-02,4.960678e-09
2.252681e+01,7.314235e-02,1.036523e-08
2.252681e+01,1.025928e-01,1.545002e-08
2.252681e+01,1.448116e-01,2.619197e-08
2.252681e+01,2.023460e-01,3.819863e-08
2.252681e+01,2.834245e-01,5.544596e-08
2.252681e+01,3.967448e-01,7.795214e-08
2.252681e+01,5.552783e-01,1.077950e-07
2.252681e+01,7.774819e-01,1.385282e-07
2.252681e+01,1.088445e+00,1.516482e-07
2.252681e+01,1.523711e+00,1.289802e-07
2.252681e+01,2.088426e+00,8.281654e-08
2.252681e+01,2.685505e+00,3.80728e-08
2.299735e+01,1.570796e-02,4.42246e-10
2.299735e+01,2.346256e-02,1.123202e-09
2.299735e+01,3.503514e-02,2.276326e-09
2.299735e+01,5.263151e-02,4.660144e-09
2.299735e+01,7.314235e-02,9.745918e-09
2.299735e+01,1.025928e-01,1.452182e-08
2.299735e+01,1.448116e-01,2.464893e-08
2.299735e+01,2.023460e-01,3.603942e-08
2.299735e+01,2.834245e-01,5.256682e-08
2.299735e+01,3.967448e-01,7.439741e-08
2.299735e+01,5.552783e-01,1.036123e-07
2.299735e+01,7.774819e-01,1.339493e-07
2.299735e+01,1.088445e+00,1.475473e-07
2.299735e+01,1.523711e+00,1.268576e-07
2.299735e+01,2.088426e+00,8.247160e-08
2.299735e+01,2.685505e+00,3.806891e-08
2.34773e+01,1.570796e-02,4.147941e-10
2.34773e+01,2.346256e-02,1.052228e-09
2.34773e+01,3.503514e-02,2.13499e-09
2.34773e+01,5.263151e-02,4.367003e-09
2.34773e+01,7.314235e-02,9.141746e-09
2.34773e+01,1.025928e-01,1.361790e-08
2.34773e+01,1.448116e-01,2.313785e-08
2.34773e+01,2.023460e-01,3.393348e-08
2.34773e+01,2.834245e-01,4.975335e-08
2.34773e+01,3.967448e-01,7.088723e-08
2.34773e+01,5.552783e-01,9.940408e-08
2.34773e+01,7.774819e-01,1.291991e-07
2.34773e+01,1.088445e+00,1.433250e-07
2.34773e+01,1.523711e+00,1.246117e-07
2.34773e+01,2.088426e+00,8.230328e-08
2.34773e+01,2.685505e+00,3.809588e-08
2.396684e+01,1.570796e-02,3.878128e-10
2.396684e+01,2.346256e-02,9.838225e-10
2.396684e+01,3.503514e-02,1.997804e-09
2.396684e+01,5.263151e-02,4.081617e-09
2.396684e+01,7.314235e-02,8.550544e-09
2.396684e+01,1.025928e-01,1.273589e-08
2.396684e+01,1.448116e-01,2.167140e-08
2.396684e+01,2.023460e-01,3.187219e-08
2.396684e+01,2.834245e-01,4.698399e-08
2.396684e+01,3.967448e-01,6.742053e-08
2.396684e+01,5.552783e-01,9.515944e-08
2.396684e+01,7.774819e-01,1.243434e-07
2.396684e+01,1.088445e+00,1.388934e-07
2.396684e+01,1.523711e+00,1.224551e-07
2.396684e+01,2.088426e+00,8.220722e-08
2.396684e+01,2.685505e+00,3.819170e-08
2.446618e+01,1.570796e-02,3.615406e-10
2.446618e+01,2.346256e-02,9.169865e-10
2.446618e+01,3.503514e-02,1.862846e-09
2.446618e+01,5.263151e-02,3.802622e-09
2.446618e+01,7.314235e-02,7.975090e-09
2.446618e+01,1.025928e-01,1.187473e-08
2.446618e+01,1.448116e-01,2.023933e-08
2.446618e+01,2.023460e-01,2.985997e-08
2.446618e+01,2.834245e-01,4.427843e-08
2.446618e+01,3.967448e-01,6.396681e-08
2.446618e+01,5.552783e-01,9.081978e-08
2.446618e+01,7.774819e-01,1.193159e-07
2.446618e+01,1.088445e+00,1.342662e-07
2.446618e+01,1.523711e+00,1.201558e-07
2.446618e+01,2.088426e+00,8.219203e-08
2.446618e+01,2.685505e+00,3.837527e-08
2.497550e+01,1.570796e-02,3.359235e-10
2.497550e+01,2.346256e-02,8.525196e-10
2.497550e+01,3.503514e-02,1.731675e-09
2.497550e+01,5.263151e-02,3.532490e-09
2.497550e+01,7.314235e-02,7.414648e-09
2.497550e+01,1.025928e-01,1.103704e-08
2.497550e+01,1.448116e-01,1.884515e-08
2.497550e+01,2.023460e-01,2.790264e-08
2.497550e+01,2.834245e-01,4.161465e-08
2.497550e+01,3.967448e-01,6.052223e-08
2.497550e+01,5.552783e-01,8.642461e-08
2.497550e+01,7.774819e-01,1.140999e-07
2.497550e+01,1.088445e+00,1.294785e-07
2.497550e+01,1.523711e+00,1.176901e-07
2.497550e+01,2.088426e+00,8.220028e-08
2.497550e+01,2.685505e+00,3.86169e-08
2.549501e+01,1.570796e-02,3.110161e-10
2.549501e+01,2.346256e-02,7.902106e-10
2.549501e+01,3.503514e-02,1.603774e-09
2.549501e+01,5.263151e-02,3.269941e-09
2.549501e+01,7.314235e-02,6.868843e-09
2.549501e+01,1.025928e-01,1.022404e-08
2.549501e+01,1.448116e-01,1.748441e-08
2.549501e+01,2.023460e-01,2.599564e-08
2.549501e+01,2.834245e-01,3.89944e-08
2.549501e+01,3.967448e-01,5.707226e-08
2.549501e+01,5.552783e-01,8.195086e-08
2.549501e+01,7.774819e-01,1.087477e-07
2.549501e+01,1.088445e+00,1.244343e-07
2.549501e+01,1.523711e+00,1.151618e-07
2.549501e+01,2.088426e+00,8.215751e-08
2.549501e+01,2.685505e+00,3.923635e-08
2.602491e+01,1.570796e-02,2.868714e-10
2.602491e+01,2.346256e-02,7.290533e-10
2.602491e+01,3.503514e-02,1.479171e-09
2.602491e+01,5.263151e-02,3.014996e-09
2.602491e+01,7.314235e-02,6.339263e-09
2.602491e+01,1.025928e-01,9.434619e-09
2.602491e+01,1.448116e-01,1.616321e-08
2.602491e+01,2.023460e-01,2.413280e-08
2.602491e+01,2.834245e-01,3.641762e-08
2.602491e+01,3.967448e-01,5.361539e-08
2.602491e+01,5.552783e-01,7.737501e-08
2.602491e+01,7.774819e-01,1.031977e-07
2.602491e+01,1.088445e+00,1.192047e-07
2.602491e+01,1.523711e+00,1.123643e-07
2.602491e+01,2.088426e+00,8.22102e-08
2.602491e+01,2.685505e+00,4.004410e-08
2.656541e+01,1.570796e-02,2.633726e-10
2.656541e+01,2.346256e-02,6.698643e-10
2.656541e+01,3.503514e-02,1.357995e-09
2.656541e+01,5.263151e-02,2.766984e-09
2.656541e+01,7.314235e-02,5.822364e-09
2.656541e+01,1.025928e-01,8.667601e-09
2.656541e+01,1.448116e-01,1.487423e-08
2.656541e+01,2.023460e-01,2.231448e-08
2.656541e+01,2.834245e-01,3.386204e-08
2.656541e+01,3.967448e-01,5.013101e-08
2.656541e+01,5.552783e-01,7.270252e-08
2.656541e+01,7.774819e-01,9.746999e-08
2.656541e+01,1.088445e+00,1.137113e-07
2.656541e+01,1.523711e+00,1.0938e-07
2.656541e+01,2.088426e+00,8.213441e-08
2.656541e+01,2.685505e+00,4.128332e-08
2.711672e+01,1.570796e-02,2.40402e-10
2.711672e+01,2.346256e-02,6.125715e-10
2.711672e+01,3.503514e-02,1.240184e-09
2.711672e+01,5.263151e-02,2.526117e-09
2.711672e+01,7.314235e-02,5.320387e-09
2.711672e+01,1.025928e-01,7.923735e-09
2.711672e+01,1.448116e-01,1.361670e-08
2.711672e+01,2.023460e-01,2.052785e-08
2.711672e+01,2.834245e-01,3.132401e-08
2.711672e+01,3.967448e-01,4.661344e-08
2.711672e+01,5.552783e-01,6.792157e-08
2.711672e+01,7.774819e-01,9.158504e-08
2.711672e+01,1.088445e+00,1.079593e-07
2.711672e+01,1.523711e+00,1.060418e-07
2.711672e+01,2.088426e+00,8.19702e-08
2.711672e+01,2.685505e+00,4.278525e-08
2.767905e+01,1.570796e-02,2.181918e-10
2.767905e+01,2.346256e-02,5.56444e-10
2.767905e+01,3.503514e-02,1.124836e-09
2.767905e+01,5.263151e-02,2.292129e-09
2.767905e+01,7.314235e-02,4.830128e-09
2.767905e+01,1.025928e-01,7.198336e-09
2.767905e+01,1.448116e-01,1.238912e-08
2.767905e+01,2.023460e-01,1.87699e-08
2.767905e+01,2.834245e-01,2.879795e-08
2.767905e+01,3.967448e-01,4.306501e-08
2.767905e+01,5.552783e-01,6.304045e-08
2.767905e+01,7.774819e-01,8.548917e-08
2.767905e+01,1.088445e+00,1.018848e-07
2.767905e+01,1.523711e+00,1.023326e-07
2.767905e+01,2.088426e+00,8.167162e-08
2.767905e+01,2.685505e+00,4.461197e-08
2.825263e+01,1.570796e-02,1.964125e-10
2.825263e+01,2.346256e-02,5.018158e-10
2.825263e+01,3.503514e-02,1.012501e-09
2.825263e+01,5.263151e-02,2.064128e-09
2.825263e+01,7.314235e-02,4.353722e-09
2.825263e+01,1.025928e-01,6.491310e-09
2.825263e+01,1.448116e-01,1.118912e-08
2.825263e+01,2.023460e-01,1.703794e-08
2.825263e+01,2.834245e-01,2.627376e-08
2.825263e+01,3.967448e-01,3.947817e-08
2.825263e+01,5.552783e-01,5.804025e-08
2.825263e+01,7.774819e-01,7.916984e-08
2.825263e+01,1.088445e+00,9.549852e-08
2.825263e+01,1.523711e+00,9.812752e-08
2.825263e+01,2.088426e+00,8.113299e-08
2.825263e+01,2.685505e+00,4.672299e-08
2.883769e+01,1.570796e-02,1.752083e-10
2.883769e+01,2.346256e-02,4.487333e-10
2.883769e+01,3.503514e-02,9.034425e-10
2.883769e+01,5.263151e-02,1.842088e-09
2.883769e+01,7.314235e-02,3.889066e-09
2.883769e+01,1.025928e-01,5.802373e-09
2.883769e+01,1.448116e-01,1.001524e-08
2.883769e+01,2.023460e-01,1.533328e-08
2.883769e+01,2.834245e-01,2.376066e-08
2.883769e+01,3.967448e-01,3.584868e-08
2.883769e+01,5.552783e-01,5.293468e-08
2.883769e+01,7.774819e-01,7.263535e-08
2.883769e+01,1.088445e+00,8.867710e-08
2.883769e+01,1.523711e+00,9.335127e-08
2.883769e+01,2.088426e+00,8.004957e-08
2.883769e+01,2.685505e+00,4.907919e-08
2.943444e+01,1.570796e-02,1.545954e-10
2.943444e+01,2.346256e-02,3.964708e-10
2.943444e+01,3.503514e-02,7.969301e-10
2.943444e+01,5.263151e-02,1.626268e-09
2.943444e+01,7.314235e-02,3.436499e-09
2.943444e+01,1.025928e-01,5.132289e-09
2.943444e+01,1.448116e-01,8.867667e-09
2.943444e+01,2.023460e-01,1.364604e-08
2.943444e+01,2.834245e-01,2.12471e-08
2.943444e+01,3.967448e-01,3.217594e-08
2.943444e+01,5.552783e-01,4.771842e-08
2.943444e+01,7.774819e-01,6.584754e-08
2.943444e+01,1.088445e+00,8.143755e-08
2.943444e+01,1.523711e+00,8.785739e-08
2.943444e+01,2.088426e+00,7.849314e-08
2.943444e+01,2.685505e+00,5.14035e-08
3.004313e+01,1.570796e-02,1.344844e-10
3.004313e+01,2.346256e-02,3.458278e-10
3.004313e+01,3.503514e-02,6.930037e-10
3.004313e+01,5.263151e-02,1.415574e-09
3.004313e+01,7.314235e-02,2.99397e-09
3.004313e+01,1.025928e-01,4.477000e-09
3.004313e+01,1.448116e-01,7.746796e-09
3.004313e+01,2.023460e-01,1.197666e-08
3.004313e+01,2.834245e-01,1.873424e-08
3.004313e+01,3.967448e-01,2.847103e-08
3.004313e+01,5.552783e-01,4.237441e-08
3.004313e+01,7.774819e-01,5.885061e-08
3.004313e+01,1.088445e+00,7.370436e-08
3.004313e+01,1.523711e+00,8.159829e-08
3.004313e+01,2.088426e+00,7.609114e-08
3.004313e+01,2.685505e+00,5.375074e-08
3.066399e+01,1.570796e-02,1.149077e-10
3.066399e+01,2.346256e-02,2.961542e-10
3.066399e+01,3.503514e-02,5.916576e-10
3.066399e+01,5.263151e-02,1.210267e-09
3.066399e+01,7.314235e-02,2.562364e-09
3.066399e+01,1.025928e-01,3.836619e-09
3.066399e+01,1.448116e-01,6.646469e-09
3.066399e+01,2.023460e-01,1.032564e-08
3.066399e+01,2.834245e-01,1.621691e-08
3.066399e+01,3.967448e-01,2.471835e-08
3.066399e+01,5.552783e-01,3.693854e-08
3.066399e+01,7.774819e-01,5.159703e-08
3.066399e+01,1.088445e+00,6.549639e-08
3.066399e+01,1.523711e+00,7.440445e-08
3.066399e+01,2.088426e+00,7.265073e-08
3.066399e+01,2.685505e+00,5.561837e-08
3.129727e+01,1.570796e-02,9.580768e-11
3.129727e+01,2.346256e-02,2.477037e-10
3.129727e+01,3.503514e-02,4.932408e-10
3.129727e+01,5.263151e-02,1.009699e-09
3.129727e+01,7.314235e-02,2.141413e-09
3.129727e+01,1.025928e-01,3.210202e-09
3.129727e+01,1.448116e-01,5.568163e-09
3.129727e+01,2.023460e-01,8.689412e-09
3.129727e+01,2.834245e-01,1.369851e-08
3.129727e+01,3.967448e-01,2.092986e-08
3.129727e+01,5.552783e-01,3.139711e-08
3.129727e+01,7.774819e-01,4.411248e-08
3.129727e+01,1.088445e+00,5.676804e-08
3.129727e+01,1.523711e+00,6.625788e-08
3.129727e+01,2.088426e+00,6.792209e-08
3.129727e+01,2.685505e+00,5.656869e-08
3.194322e+01,1.570796e-02,7.719508e-11
3.194322e+01,2.346256e-02,1.999774e-10
3.194322e+01,3.503514e-02,3.972946e-10
3.194322e+01,5.263151e-02,8.146181e-10
3.194322e+01,7.314235e-02,1.72952e-09
3.194322e+01,1.025928e-01,2.596458e-09
3.194322e+01,1.448116e-01,4.508314e-09
3.194322e+01,2.023460e-01,7.067264e-09
3.194322e+01,2.834245e-01,1.118253e-08
3.194322e+01,3.967448e-01,1.711763e-08
3.194322e+01,5.552783e-01,2.577048e-08
3.194322e+01,7.774819e-01,3.639554e-08
3.194322e+01,1.088445e+00,4.747802e-08
3.194322e+01,1.523711e+00,5.694901e-08
3.194322e+01,2.088426e+00,6.153013e-08
3.194322e+01,2.685505e+00,5.583716e-08
3.260208e+01,1.570796e-02,5.913011e-11
3.260208e+01,2.346256e-02,1.53539e-10
3.260208e+01,3.503514e-02,3.036676e-10
3.260208e+01,5.263151e-02,6.244279e-10
3.260208e+01,7.314235e-02,1.327666e-09
3.260208e+01,1.025928e-01,1.995232e-09
3.260208e+01,1.448116e-01,3.468918e-09
3.260208e+01,2.023460e-01,5.461982e-09
3.260208e+01,2.834245e-01,8.670186e-09
3.260208e+01,3.967448e-01,1.32887e-08
3.260208e+01,5.552783e-01,2.007112e-08
3.260208e+01,7.774819e-01,2.848479e-08
3.260208e+01,1.088445e+00,3.766533e-08
3.260208e+01,1.523711e+00,4.650371e-08
3.260208e+01,2.088426e+00,5.305805e-08
3.260208e+01,2.685505e+00,5.239316e-08
3.327412e+01,1.570796e-02,4.140268e-11
3.327412e+01,2.346256e-02,1.081058e-10
3.327412e+01,3.503514e-02,2.129495e-10
3.327412e+01,5.263151e-02,4.382472e-10
3.327412e+01,7.314235e-02,9.331981e-10
3.327412e+01,1.025928e-01,1.40517e-09
3.327412e+01,1.448116e-01,2.44613e-09
3.327412e+01,2.023460e-01,3.867235e-09
3.327412e+01,2.834245e-01,6.157782e-09
3.327412e+01,3.967448e-01,9.455256e-09
3.327412e+01,5.552783e-01,1.43268e-08
3.327412e+01,7.774819e-01,2.04201e-08
3.327412e+01,1.088445e+00,2.736313e-08
3.327412e+01,1.523711e+00,3.480741e-08
3.327412e+01,2.088426e+00,4.198042e-08
3.327412e+01,2.685505e+00,4.504123e-08
3.395961e+01,1.570796e-02,2.507644e-11
3.395961e+01,2.346256e-02,6.582553e-11
3.395961e+01,3.503514e-02,1.287481e-10
3.395961e+01,5.263151e-02,2.658635e-10
3.395961e+01,7.314235e-02,5.666274e-10
3.395961e+01,1.025928e-01,8.539542e-10
3.395961e+01,1.448116e-01,1.485032e-09
3.395961e+01,2.023460e-01,2.347028e-09
3.395961e+01,2.834245e-01,3.729228e-09
3.395961e+01,3.967448e-01,5.699437e-09
3.395961e+01,5.552783e-01,8.614506e-09
3.395961e+01,7.774819e-01,1.228586e-08
3.395961e+01,1.088445e+00,1.660495e-08
3.395961e+01,1.523711e+00,2.169997e-08
3.395961e+01,2.088426e+00,2.755154e-08
3.395961e+01,2.685505e+00,3.184235e-08
3.46588e+01,1.570796e-02,8.026915e-12
3.46588e+01,2.346256e-02,1.937722e-11
3.46588e+01,3.503514e-02,4.248163e-11
3.46588e+01,5.263151e-02,8.160889e-11
3.46588e+01,7.314235e-02,1.784069e-10
3.46588e+01,1.025928e-01,2.673898e-10
3.46588e+01,1.448116e-01,4.655929e-10
3.46588e+01,2.023460e-01,7.465288e-10
3.46588e+01,2.834245e-01,1.199712e-09
3.46588e+01,3.967448e-01,1.846865e-09
3.46588e+01,5.552783e-01,2.804955e-09
3.46588e+01,7.774819e-01,4.034320e-09
3.46588e+01,1.088445e+00,5.517626e-09
3.46588e+01,1.523711e+00,7.380550e-09
3.46588e+01,2.088426e+00,9.848453e-09
3.46588e+01,2.685505e+00,1.224217e-08
3.537197e+01,1.570796e-02,0.e+00
3.537197e+01,2.346256e-02,0.e+00
3.537197e+01,3.503514e-02,0.e+00
3.537197e+01,5.263151e-02,0.e+00
3.537197e+01,7.314235e-02,0.e+00
3.537197e+01,1.025928e-01,0.e+00
3.537197e+01,1.448116e-01,0.e+00
3.537197e+01,2.023460e-01,0.e+00
3.537197e+01,2.834245e-01,0.e+00
3.537197e+01,3.967448e-01,0.e+00
3.537197e+01,5.552783e-01,0.e+00
3.537197e+01,7.774819e-01,0.e+00
3.537197e+01,1.088445e+00,0.e+00
3.537197e+01,1.523711e+00,0.e+00
3.537197e+01,2.088426e+00,0.e+00
3.537197e+01,2.685505e+00,0.e+00
