5.0,0.e+00,0.e+00
5.0,1.570796e-02,0.e+00
5.0,2.346256e-02,0.e+00
5.0,3.503514e-02,0.e+00
5.0,5.263151e-02,0.e+00
5.0,7.314235e-02,0.e+00
5.0,1.025928e-01,0.e+00
5.0,1.448116e-01,0.e+00
5.0,2.023460e-01,0.e+00
5.0,2.834245e-01,0.e+00
5.0,3.967448e-01,0.e+00
5.0,5.552783e-01,0.e+00
5.0,7.774819e-01,0.e+00
5.0,1.088445e+00,0.e+00
5.0,1.523711e+00,0.e+00
5.0,2.088426e+00,0.e+00
5.0,2.685505e+00,0.e+00
5.12,0.e+00,0.e+00
5.12,1.570796e-02,0.e+00
5.12,2.346256e-02,0.e+00
5.12,3.503514e-02,0.e+00
5.12,5.263151e-02,0.e+00
5.12,7.314235e-02,0.e+00
5.12,1.025928e-01,0.e+00
5.12,1.448116e-01,0.e+00
5.12,2.023460e-01,0.e+00
5.12,2.834245e-01,0.e+00
5.12,3.967448e-01,0.e+00
5.12,5.552783e-01,0.e+00
5.12,7.774819e-01,0.e+00
5.12,1.088445e+00,0.e+00
5.12,1.523711e+00,0.e+00
5.12,2.088426e+00,0.e+00
5.12,2.685505e+00,0.e+00
5.2424,0.e+00,0.e+00
5.2424,1.570796e-02,0.e+00
5.2424,2.346256e-02,0.e+00
5.2424,3.503514e-02,0.e+00
5.2424,5.263151e-02,0.e+00
5.2424,7.314235e-02,0.e+00
5.2424,1.025928e-01,0.e+00
5.2424,1.448116e-01,0.e+00
5.2424,2.023460e-01,0.e+00
5.2424,2.834245e-01,0.e+00
5.2424,3.967448e-01,0.e+00
5.2424,5.552783e-01,0.e+00
5.2424,7.774819e-01,0.e+00
5.2424,1.088445e+00,0.e+00
5.2424,1.523711e+00,0.e+00
5.2424,2.088426e+00,0.e+00
5.2424,2.685505e+00,0.e+00
5.367248,0.e+00,0.e+00
5.367248,1.570796e-02,0.e+00
5.367248,2.346256e-02,0.e+00
5.367248,3.503514e-02,0.e+00
5.367248,5.263151e-02,0.e+00
5.367248,7.314235e-02,0.e+00
5.367248,1.025928e-01,0.e+00
5.367248,1.448116e-01,0.e+00
5.367248,2.023460e-01,0.e+00
5.367248,2.834245e-01,0.e+00
5.367248,3.967448e-01,0.e+00
5.367248,5.552783e-01,0.e+00
5.367248,7.774819e-01,0.e+00
5.367248,1.088445e+00,0.e+00
5.367248,1.523711e+00,0.e+00
5.367248,2.088426e+00,0.e+00
5.367248,2.685505e+00,0.e+00
5.49459296,0.e+00,0.e+00
5.49459296,1.570796e-02,0.e+00
5.49459296,2.346256e-02,0.e+00
5.49459296,3.503514e-02,0.e+00
5.49459296,5.263151e-02,0.e+00
5.49459296,7.314235e-02,0.e+00
5.49459296,1.025928e-01,0.e+00
5.49459296,1.448116e-01,0.e+00
5.49459296,2.023460e-01,0.e+00
5.49459296,2.834245e-01,0.e+00
5.49459296,3.967448e-01,0.e+00
5.49459296,5.552783e-01,0.e+00
5.49459296,7.774819e-01,0.e+00
5.49459296,1.088445e+00,0.e+00
5.49459296,1.523711e+00,0.e+00
5.49459296,2.088426e+00,0.e+00
5.49459296,2.685505e+00,0.e+00
5.6244848192,0.e+00,0.e+00
5.6244848192,1.570796e-02,0.e+00
5.6244848192,2.346256e-02,0.e+00
5.6244848192,3.503514e-02,0.e+00
5.6244848192,5.263151e-02,0.e+00
5.6244848192,7.314235e-02,0.e+00
5.6244848192,1.025928e-01,0.e+00
5.6244848192,1.448116e-01,0.e+00
5.6244848192,2.023460e-01,0.e+00
5.6244848192,2.834245e-01,0.e+00
5.6244848192,3.967448e-01,0.e+00
5.6244848192,5.552783e-01,0.e+00
5.6244848192,7.774819e-01,0.e+00
5.6244848192,1.088445e+00,0.e+00
5.6244848192,1.523711e+00,0.e+00
5.6244848192,2.088426e+00,0.e+00
5.6244848192,2.685505e+00,0.e+00
5.756974515584,0.e+00,0.e+00
5.756974515584,1.570796e-02,-1.59588e-05
5.756974515584,2.346256e-02,-7.009214e-05
5.756974515584,3.503514e-02,-4.566771e-05
5.756974515584,5.263151e-02,9.263034e-08
5.756974515584,7.314235e-02,-6.151115e-05
5.756974515584,1.025928e-01,-6.241702e-06
5.756974515584,1.448116e-01,-3.557587e-05
5.756974515584,2.023460e-01,-3.194690e-05
5.756974515584,2.834245e-01,-5.063595e-05
5.756974515584,3.967448e-01,-2.242165e-05
5.756974515584,5.552783e-01,-2.744354e-05
5.756974515584,7.774819e-01,-2.058941e-05
5.756974515584,1.088445e+00,-1.999767e-05
5.756974515584,1.523711e+00,-1.591282e-05
5.756974515584,2.088426e+00,-1.840343e-05
5.756974515584,2.685505e+00,-1.745164e-05
5.89211400589568,0.e+00,0.e+00
5.89211400589568,1.570796e-02,-1.130369e-04
5.89211400589568,2.346256e-02,-5.230542e-04
5.89211400589568,3.503514e-02,-3.312054e-04
5.89211400589568,5.263151e-02,-2.565427e-04
5.89211400589568,7.314235e-02,-4.870769e-04
5.89211400589568,1.025928e-01,-5.21623e-04
5.89211400589568,1.448116e-01,-3.169570e-04
5.89211400589568,2.023460e-01,-4.659581e-04
5.89211400589568,2.834245e-01,-4.693938e-04
5.89211400589568,3.967448e-01,-3.755883e-04
5.89211400589568,5.552783e-01,-3.196953e-04
5.89211400589568,7.774819e-01,-2.494628e-04
5.89211400589568,1.088445e+00,-2.257044e-04
5.89211400589568,1.523711e+00,-2.135316e-04
5.89211400589568,2.088426e+00,-2.319936e-04
5.89211400589568,2.685505e+00,-2.505105e-04
6.029956286013594,0.e+00,0.e+00
6.029956286013594,1.570796e-02,-2.023930e-04
6.029956286013594,2.346256e-02,-1.164315e-03
6.029956286013594,3.503514e-02,-8.480169e-04
6.029956286013594,5.263151e-02,-1.344973e-03
6.029956286013594,7.314235e-02,-1.809952e-03
6.029956286013594,1.025928e-01,-2.042339e-03
6.029956286013594,1.448116e-01,-1.837647e-03
6.029956286013594,2.023460e-01,-1.840156e-03
6.029956286013594,2.834245e-01,-1.636944e-03
6.029956286013594,3.967448e-01,-1.529262e-03
6.029956286013594,5.552783e-01,-1.301533e-03
6.029956286013594,7.774819e-01,-1.068088e-03
6.029956286013594,1.088445e+00,-9.064299e-04
6.029956286013594,1.523711e+00,-8.660076e-04
6.029956286013594,2.088426e+00,-9.356137e-04
6.029956286013594,2.685505e+00,-9.787696e-04
6.170555411733866,0.e+00,0.e+00
6.170555411733866,1.570796e-02,-2.379557e-04
6.170555411733866,2.346256e-02,-1.905296e-03
6.170555411733866,3.503514e-02,-1.398515e-03
6.170555411733866,5.263151e-02,-2.922565e-03
6.170555411733866,7.314235e-02,-4.346680e-03
6.170555411733866,1.025928e-01,-4.498204e-03
6.170555411733866,1.448116e-01,-4.540257e-03
6.170555411733866,2.023460e-01,-4.294570e-03
6.170555411733866,2.834245e-01,-4.241188e-03
6.170555411733866,3.967448e-01,-3.680229e-03
6.170555411733866,5.552783e-01,-3.165388e-03
6.170555411733866,7.774819e-01,-2.604503e-03
6.170555411733866,1.088445e+00,-2.220431e-03
6.170555411733866,1.523711e+00,-2.061184e-03
6.170555411733866,2.088426e+00,-2.186961e-03
6.170555411733866,2.685505e+00,-2.309792e-03
6.3139665199685435,0.e+00,0.e+00
6.3139665199685435,1.570796e-02,-2.622547e-04
6.3139665199685435,2.346256e-02,-2.395078e-03
6.3139665199685435,3.503514e-02,-1.909777e-03
6.3139665199685435,5.263151e-02,-5.016994e-03
6.3139665199685435,7.314235e-02,-8.275402e-03
6.3139665199685435,1.025928e-01,-8.350020e-03
6.3139665199685435,1.448116e-01,-8.916540e-03
6.3139665199685435,2.023460e-01,-8.680503e-03
6.3139665199685435,2.834245e-01,-8.315703e-03
6.3139665199685435,3.967448e-01,-7.375513e-03
6.3139665199685435,5.552783e-01,-6.238938e-03
6.3139665199685435,7.774819e-01,-5.221985e-03
6.3139665199685435,1.088445e+00,-4.418187e-03
6.3139665199685435,1.523711e+00,-4.043527e-03
6.3139665199685435,2.088426e+00,-4.257171e-03
6.3139665199685435,2.685505e+00,-4.448675e-03
6.460245850367914,0.e+00,0.e+00
6.460245850367914,1.570796e-02,-2.930767e-04
6.460245850367914,2.346256e-02,-2.781421e-03
6.460245850367914,3.503514e-02,-2.383375e-03
6.460245850367914,5.263151e-02,-6.801458e-03
6.460245850367914,7.314235e-02,-1.236251e-02
6.460245850367914,1.025928e-01,-1.297624e-02
6.460245850367914,1.448116e-01,-1.450801e-02
6.460245850367914,2.023460e-01,-1.447901e-02
6.460245850367914,2.834245e-01,-1.376599e-02
6.460245850367914,3.967448e-01,-1.221791e-02
6.460245850367914,5.552783e-01,-1.051801e-02
6.460245850367914,7.774819e-01,-8.801959e-03
6.460245850367914,1.088445e+00,-7.443622e-03
6.460245850367914,1.523711e+00,-6.695904e-03
6.460245850367914,2.088426e+00,-6.995755e-03
6.460245850367914,2.685505e+00,-7.174402e-03
6.6094507673752725,0.e+00,0.e+00
6.6094507673752725,1.570796e-02,-3.259124e-04
6.6094507673752725,2.346256e-02,-2.643333e-03
6.6094507673752725,3.503514e-02,-2.774073e-03
6.6094507673752725,5.263151e-02,-8.298773e-03
6.6094507673752725,7.314235e-02,-1.570431e-02
6.6094507673752725,1.025928e-01,-1.717366e-02
6.6094507673752725,1.448116e-01,-1.965375e-02
6.6094507673752725,2.023460e-01,-2.033115e-02
6.6094507673752725,2.834245e-01,-1.927285e-02
6.6094507673752725,3.967448e-01,-1.772757e-02
6.6094507673752725,5.552783e-01,-1.540111e-02
6.6094507673752725,7.774819e-01,-1.284629e-02
6.6094507673752725,1.088445e+00,-1.074536e-02
6.6094507673752725,1.523711e+00,-9.579799e-03
6.6094507673752725,2.088426e+00,-9.860338e-03
6.6094507673752725,2.685505e+00,-1.001783e-02
6.761639782722778,0.e+00,0.e+00
6.761639782722778,1.570796e-02,-3.271455e-04
6.761639782722778,2.346256e-02,-2.461598e-03
6.761639782722778,3.503514e-02,-2.944214e-03
6.761639782722778,5.263151e-02,-8.723675e-03
6.761639782722778,7.314235e-02,-1.796737e-02
6.761639782722778,1.025928e-01,-2.043058e-02
6.761639782722778,1.448116e-01,-2.356721e-02
6.761639782722778,2.023460e-01,-2.553639e-02
6.761639782722778,2.834245e-01,-2.475055e-02
6.761639782722778,3.967448e-01,-2.282450e-02
6.761639782722778,5.552783e-01,-2.014190e-02
6.761639782722778,7.774819e-01,-1.686041e-02
6.761639782722778,1.088445e+00,-1.403967e-02
6.761639782722778,1.523711e+00,-1.233163e-02
6.761639782722778,2.088426e+00,-1.257966e-02
6.761639782722778,2.685505e+00,-1.262152e-02
6.916872578377234,0.e+00,0.e+00
6.916872578377234,1.570796e-02,-3.334398e-04
6.916872578377234,2.346256e-02,-2.274646e-03
6.916872578377234,3.503514e-02,-2.929265e-03
6.916872578377234,5.263151e-02,-8.537072e-03
6.916872578377234,7.314235e-02,-1.887647e-02
6.916872578377234,1.025928e-01,-2.227796e-02
6.916872578377234,1.448116e-01,-2.643743e-02
6.916872578377234,2.023460e-01,-2.971004e-02
6.916872578377234,2.834245e-01,-2.916717e-02
6.916872578377234,3.967448e-01,-2.757958e-02
6.916872578377234,5.552783e-01,-2.439740e-02
6.916872578377234,7.774819e-01,-2.068682e-02
6.916872578377234,1.088445e+00,-1.700752e-02
6.916872578377234,1.523711e+00,-1.489595e-02
6.916872578377234,2.088426e+00,-1.498345e-02
6.916872578377234,2.685505e+00,-1.477340e-02
7.075210029944779,0.e+00,0.e+00
7.075210029944779,1.570796e-02,-3.177076e-04
7.075210029944779,2.346256e-02,-2.035911e-03
7.075210029944779,3.503514e-02,-2.728273e-03
7.075210029944779,5.263151e-02,-8.009136e-03
7.075210029944779,7.314235e-02,-1.859933e-02
7.075210029944779,1.025928e-01,-2.322191e-02
7.075210029944779,1.448116e-01,-2.841100e-02
7.075210029944779,2.023460e-01,-3.267362e-02
7.075210029944779,2.834245e-01,-3.287383e-02
7.075210029944779,3.967448e-01,-3.167154e-02
7.075210029944779,5.552783e-01,-2.829578e-02
7.075210029944779,7.774819e-01,-2.414615e-02
7.075210029944779,1.088445e+00,-1.986923e-02
7.075210029944779,1.523711e+00,-1.730452e-02
7.075210029944779,2.088426e+00,-1.720654e-02
7.075210029944779,2.685505e+00,-1.677206e-02
7.236714230543676,0.e+00,0.e+00
7.236714230543676,1.570796e-02,-2.883715e-04
7.236714230543676,2.346256e-02,-1.876714e-03
7.236714230543676,3.503514e-02,-2.474414e-03
7.236714230543676,5.263151e-02,-7.331916e-03
7.236714230543676,7.314235e-02,-1.750765e-02
7.236714230543676,1.025928e-01,-2.298296e-02
7.236714230543676,1.448116e-01,-2.899086e-02
7.236714230543676,2.023460e-01,-3.440782e-02
7.236714230543676,2.834245e-01,-3.546580e-02
7.236714230543676,3.967448e-01,-3.478278e-02
7.236714230543676,5.552783e-01,-3.15328e-02
7.236714230543676,7.774819e-01,-2.702268e-02
7.236714230543676,1.088445e+00,-2.229128e-02
7.236714230543676,1.523711e+00,-1.933906e-02
7.236714230543676,2.088426e+00,-1.898380e-02
7.236714230543676,2.685505e+00,-1.845455e-02
7.401448515154549,0.e+00,0.e+00
7.401448515154549,1.570796e-02,-2.588376e-04
7.401448515154549,2.346256e-02,-1.732076e-03
7.401448515154549,3.503514e-02,-2.242194e-03
7.401448515154549,5.263151e-02,-6.664263e-03
7.401448515154549,7.314235e-02,-1.615125e-02
7.401448515154549,1.025928e-01,-2.192196e-02
7.401448515154549,1.448116e-01,-2.871734e-02
7.401448515154549,2.023460e-01,-3.529391e-02
7.401448515154549,2.834245e-01,-3.714588e-02
7.401448515154549,3.967448e-01,-3.709578e-02
7.401448515154549,5.552783e-01,-3.416049e-02
7.401448515154549,7.774819e-01,-2.943482e-02
7.401448515154549,1.088445e+00,-2.432403e-02
7.401448515154549,1.523711e+00,-2.103753e-02
7.401448515154549,2.088426e+00,-2.044887e-02
7.401448515154549,2.685505e+00,-1.971205e-02
7.569477485457639,0.e+00,0.e+00
7.569477485457639,1.570796e-02,-2.313421e-04
7.569477485457639,2.346256e-02,-1.569824e-03
7.569477485457639,3.503514e-02,-2.022728e-03
7.569477485457639,5.263151e-02,-6.055104e-03
7.569477485457639,7.314235e-02,-1.468492e-02
7.569477485457639,1.025928e-01,-2.043329e-02
7.569477485457639,1.448116e-01,-2.765706e-02
7.569477485457639,2.023460e-01,-3.514504e-02
7.569477485457639,2.834245e-01,-3.793632e-02
7.569477485457639,3.967448e-01,-3.853178e-02
7.569477485457639,5.552783e-01,-3.600902e-02
7.569477485457639,7.774819e-01,-3.133241e-02
7.569477485457639,1.088445e+00,-2.597821e-02
7.569477485457639,1.523711e+00,-2.243547e-02
7.569477485457639,2.088426e+00,-2.167483e-02
7.569477485457639,2.685505e+00,-2.06149e-02
7.740867035166792,0.e+00,0.e+00
7.740867035166792,1.570796e-02,-2.098703e-04
7.740867035166792,2.346256e-02,-1.411400e-03
7.740867035166792,3.503514e-02,-1.829515e-03
7.740867035166792,5.263151e-02,-5.478001e-03
7.740867035166792,7.314235e-02,-1.328133e-02
7.740867035166792,1.025928e-01,-1.878777e-02
7.740867035166792,1.448116e-01,-2.60592e-02
7.740867035166792,2.023460e-01,-3.417471e-02
7.740867035166792,2.834245e-01,-3.786620e-02
7.740867035166792,3.967448e-01,-3.91729e-02
7.740867035166792,5.552783e-01,-3.714913e-02
7.740867035166792,7.774819e-01,-3.273854e-02
7.740867035166792,1.088445e+00,-2.724348e-02
7.740867035166792,1.523711e+00,-2.35081e-02
7.740867035166792,2.088426e+00,-2.264448e-02
7.740867035166792,2.685505e+00,-2.136039e-02
7.9156843758701285,0.e+00,0.e+00
7.9156843758701285,1.570796e-02,-1.912578e-04
7.9156843758701285,2.346256e-02,-1.254545e-03
7.9156843758701285,3.503514e-02,-1.646522e-03
7.9156843758701285,5.263151e-02,-4.911982e-03
7.9156843758701285,7.314235e-02,-1.188564e-02
7.9156843758701285,1.025928e-01,-1.707749e-02
7.9156843758701285,1.448116e-01,-2.423812e-02
7.9156843758701285,2.023460e-01,-3.256328e-02
7.9156843758701285,2.834245e-01,-3.712155e-02
7.9156843758701285,3.967448e-01,-3.915365e-02
7.9156843758701285,5.552783e-01,-3.767381e-02
7.9156843758701285,7.774819e-01,-3.36048e-02
7.9156843758701285,1.088445e+00,-2.811565e-02
7.9156843758701285,1.523711e+00,-2.432586e-02
7.9156843758701285,2.088426e+00,-2.333513e-02
7.9156843758701285,2.685505e+00,-2.181557e-02
8.09399806338753,0.e+00,0.e+00
8.09399806338753,1.570796e-02,-1.695558e-04
8.09399806338753,2.346256e-02,-1.110231e-03
8.09399806338753,3.503514e-02,-1.476082e-03
8.09399806338753,5.263151e-02,-4.387950e-03
8.09399806338753,7.314235e-02,-1.058735e-02
8.09399806338753,1.025928e-01,-1.542892e-02
8.09399806338753,1.448116e-01,-2.225514e-02
8.09399806338753,2.023460e-01,-3.058036e-02
8.09399806338753,2.834245e-01,-3.578647e-02
8.09399806338753,3.967448e-01,-3.853894e-02
8.09399806338753,5.552783e-01,-3.770842e-02
8.09399806338753,7.774819e-01,-3.403425e-02
8.09399806338753,1.088445e+00,-2.865868e-02
8.09399806338753,1.523711e+00,-2.485235e-02
8.09399806338753,2.088426e+00,-2.374893e-02
8.09399806338753,2.685505e+00,-2.198368e-02
8.275878024655281,0.e+00,0.e+00
8.275878024655281,1.570796e-02,-1.498687e-04
8.275878024655281,2.346256e-02,-9.909575e-04
8.275878024655281,3.503514e-02,-1.325636e-03
8.275878024655281,5.263151e-02,-3.916498e-03
8.275878024655281,7.314235e-02,-9.401223e-03
8.275878024655281,1.025928e-01,-1.383595e-02
8.275878024655281,1.448116e-01,-2.019322e-02
8.275878024655281,2.023460e-01,-2.831533e-02
8.275878024655281,2.834245e-01,-3.394121e-02
8.275878024655281,3.967448e-01,-3.731071e-02
8.275878024655281,5.552783e-01,-3.721808e-02
8.275878024655281,7.774819e-01,-3.392555e-02
8.275878024655281,1.088445e+00,-2.883495e-02
8.275878024655281,1.523711e+00,-2.514478e-02
8.275878024655281,2.088426e+00,-2.410014e-02
8.275878024655281,2.685505e+00,-2.231954e-02
8.461395585148386,0.e+00,0.e+00
8.461395585148386,1.570796e-02,-1.324427e-04
8.461395585148386,2.346256e-02,-8.816547e-04
8.461395585148386,3.503514e-02,-1.191863e-03
8.461395585148386,5.263151e-02,-3.482390e-03
8.461395585148386,7.314235e-02,-8.322066e-03
8.461395585148386,1.025928e-01,-1.232748e-02
8.461395585148386,1.448116e-01,-1.816335e-02
8.461395585148386,2.023460e-01,-2.593440e-02
8.461395585148386,2.834245e-01,-3.178296e-02
8.461395585148386,3.967448e-01,-3.563440e-02
8.461395585148386,5.552783e-01,-3.617785e-02
8.461395585148386,7.774819e-01,-3.33967e-02
8.461395585148386,1.088445e+00,-2.868847e-02
8.461395585148386,1.523711e+00,-2.518908e-02
8.461395585148386,2.088426e+00,-2.413374e-02
8.461395585148386,2.685505e+00,-2.220464e-02
8.650623496851354,0.e+00,0.e+00
8.650623496851354,1.570796e-02,-1.188271e-04
8.650623496851354,2.346256e-02,-7.852199e-04
8.650623496851354,3.503514e-02,-1.069533e-03
8.650623496851354,5.263151e-02,-3.095926e-03
8.650623496851354,7.314235e-02,-7.367828e-03
8.650623496851354,1.025928e-01,-1.097484e-02
8.650623496851354,1.448116e-01,-1.627455e-02
8.650623496851354,2.023460e-01,-2.355886e-02
8.650623496851354,2.834245e-01,-2.94019e-02
8.650623496851354,3.967448e-01,-3.362657e-02
8.650623496851354,5.552783e-01,-3.474056e-02
8.650623496851354,7.774819e-01,-3.250496e-02
8.650623496851354,1.088445e+00,-2.828046e-02
8.650623496851354,1.523711e+00,-2.496455e-02
8.650623496851354,2.088426e+00,-2.394322e-02
8.650623496851354,2.685505e+00,-2.181841e-02
8.843635966788382,0.e+00,0.e+00
8.843635966788382,1.570796e-02,-1.062073e-04
8.843635966788382,2.346256e-02,-6.949398e-04
8.843635966788382,3.503514e-02,-9.55037e-04
8.843635966788382,5.263151e-02,-2.741591e-03
8.843635966788382,7.314235e-02,-6.512846e-03
8.843635966788382,1.025928e-01,-9.722172e-03
8.843635966788382,1.448116e-01,-1.449282e-02
8.843635966788382,2.023460e-01,-2.121456e-02
8.843635966788382,2.834245e-01,-2.693165e-02
8.843635966788382,3.967448e-01,-3.140073e-02
8.843635966788382,5.552783e-01,-3.299406e-02
8.843635966788382,7.774819e-01,-3.13174e-02
8.843635966788382,1.088445e+00,-2.76204e-02
8.843635966788382,1.523711e+00,-2.455691e-02
8.843635966788382,2.088426e+00,-2.357444e-02
8.843635966788382,2.685505e+00,-2.145772e-02
9.04050868612415,0.e+00,0.e+00
9.04050868612415,1.570796e-02,-9.386026e-05
9.04050868612415,2.346256e-02,-6.144332e-04
9.04050868612415,3.503514e-02,-8.446606e-04
9.04050868612415,5.263151e-02,-2.414001e-03
9.04050868612415,7.314235e-02,-5.741463e-03
9.04050868612415,1.025928e-01,-8.593117e-03
9.04050868612415,1.448116e-01,-1.283390e-02
9.04050868612415,2.023460e-01,-1.900282e-02
9.04050868612415,2.834245e-01,-2.443568e-02
9.04050868612415,3.967448e-01,-2.900988e-02
9.04050868612415,5.552783e-01,-3.101013e-02
9.04050868612415,7.774819e-01,-2.985643e-02
9.04050868612415,1.088445e+00,-2.666768e-02
9.04050868612415,1.523711e+00,-2.392833e-02
9.04050868612415,2.088426e+00,-2.306411e-02
9.04050868612415,2.685505e+00,-2.086089e-02
9.241318859846633,0.e+00,0.e+00
9.241318859846633,1.570796e-02,-8.188518e-05
9.241318859846633,2.346256e-02,-5.394399e-04
9.241318859846633,3.503514e-02,-7.469466e-04
9.241318859846633,5.263151e-02,-2.114355e-03
9.241318859846633,7.314235e-02,-5.047912e-03
9.241318859846633,1.025928e-01,-7.563366e-03
9.241318859846633,1.448116e-01,-1.131573e-02
9.241318859846633,2.023460e-01,-1.689686e-02
9.241318859846633,2.834245e-01,-2.203243e-02
9.241318859846633,3.967448e-01,-2.657390e-02
9.241318859846633,5.552783e-01,-2.887652e-02
9.241318859846633,7.774819e-01,-2.823023e-02
9.241318859846633,1.088445e+00,-2.552045e-02
9.241318859846633,1.523711e+00,-2.314319e-02
9.241318859846633,2.088426e+00,-2.236558e-02
9.241318859846633,2.685505e+00,-2.015424e-02
9.446145237043565,0.e+00,0.e+00
9.446145237043565,1.570796e-02,-7.219423e-05
9.446145237043565,2.346256e-02,-4.753057e-04
9.446145237043565,3.503514e-02,-6.534774e-04
9.446145237043565,5.263151e-02,-1.850476e-03
9.446145237043565,7.314235e-02,-4.421453e-03
9.446145237043565,1.025928e-01,-6.637855e-03
9.446145237043565,1.448116e-01,-9.939847e-03
9.446145237043565,2.023460e-01,-1.494619e-02
9.446145237043565,2.834245e-01,-1.971373e-02
9.446145237043565,3.967448e-01,-2.417212e-02
9.446145237043565,5.552783e-01,-2.667931e-02
9.446145237043565,7.774819e-01,-2.647358e-02
9.446145237043565,1.088445e+00,-2.428659e-02
9.446145237043565,1.523711e+00,-2.224562e-02
9.446145237043565,2.088426e+00,-2.159641e-02
9.446145237043565,2.685505e+00,-1.926551e-02
9.655068141784437,0.e+00,0.e+00
9.655068141784437,1.570796e-02,-6.302876e-05
9.655068141784437,2.346256e-02,-4.183684e-04
9.655068141784437,3.503514e-02,-5.711173e-04
9.655068141784437,5.263151e-02,-1.611114e-03
9.655068141784437,7.314235e-02,-3.855160e-03
9.655068141784437,1.025928e-01,-5.798176e-03
9.655068141784437,1.448116e-01,-8.694675e-03
9.655068141784437,2.023460e-01,-1.313772e-02
9.655068141784437,2.834245e-01,-1.753489e-02
9.655068141784437,3.967448e-01,-2.178749e-02
9.655068141784437,5.552783e-01,-2.441197e-02
9.655068141784437,7.774819e-01,-2.459658e-02
9.655068141784437,1.088445e+00,-2.286593e-02
9.655068141784437,1.523711e+00,-2.123117e-02
9.655068141784437,2.088426e+00,-2.075329e-02
9.655068141784437,2.685505e+00,-1.845794e-02
9.868169504620125,0.e+00,0.e+00
9.868169504620125,1.570796e-02,-5.544642e-05
9.868169504620125,2.346256e-02,-3.658014e-04
9.868169504620125,3.503514e-02,-4.991722e-04
9.868169504620125,5.263151e-02,-1.401319e-03
9.868169504620125,7.314235e-02,-3.348721e-03
9.868169504620125,1.025928e-01,-5.049317e-03
9.868169504620125,1.448116e-01,-7.581766e-03
9.868169504620125,2.023460e-01,-1.149934e-02
9.868169504620125,2.834245e-01,-1.550991e-02
9.868169504620125,3.967448e-01,-1.949502e-02
9.868169504620125,5.552783e-01,-2.215390e-02
9.868169504620125,7.774819e-01,-2.268028e-02
9.868169504620125,1.088445e+00,-2.136443e-02
9.868169504620125,1.523711e+00,-2.007547e-02
9.868169504620125,2.088426e+00,-1.973614e-02
9.868169504620125,2.685505e+00,-1.745141e-02
10.085532894712529,0.e+00,0.e+00
10.085532894712529,1.570796e-02,-4.883668e-05
10.085532894712529,2.346256e-02,-3.183409e-04
10.085532894712529,3.503514e-02,-4.332883e-04
10.085532894712529,5.263151e-02,-1.218301e-03
10.085532894712529,7.314235e-02,-2.904445e-03
10.085532894712529,1.025928e-01,-4.387091e-03
10.085532894712529,1.448116e-01,-6.599396e-03
10.085532894712529,2.023460e-01,-1.003402e-02
10.085532894712529,2.834245e-01,-1.364022e-02
10.085532894712529,3.967448e-01,-1.731295e-02
10.085532894712529,5.552783e-01,-1.996102e-02
10.085532894712529,7.774819e-01,-2.072118e-02
10.085532894712529,1.088445e+00,-1.98206e-02
10.085532894712529,1.523711e+00,-1.884314e-02
10.085532894712529,2.088426e+00,-1.856639e-02
10.085532894712529,2.685505e+00,-1.627307e-02
10.30724355260678,0.e+00,0.e+00
10.30724355260678,1.570796e-02,-4.235741e-05
10.30724355260678,2.346256e-02,-2.740598e-04
10.30724355260678,3.503514e-02,-3.764666e-04
10.30724355260678,5.263151e-02,-1.05161e-03
10.30724355260678,7.314235e-02,-2.510257e-03
10.30724355260678,1.025928e-01,-3.795548e-03
10.30724355260678,1.448116e-01,-5.707851e-03
10.30724355260678,2.023460e-01,-8.689591e-03
10.30724355260678,2.834245e-01,-1.189369e-02
10.30724355260678,3.967448e-01,-1.524205e-02
10.30724355260678,5.552783e-01,-1.779858e-02
10.30724355260678,7.774819e-01,-1.875611e-02
10.30724355260678,1.088445e+00,-1.822047e-02
10.30724355260678,1.523711e+00,-1.758199e-02
10.30724355260678,2.088426e+00,-1.75228e-02
10.30724355260678,2.685505e+00,-1.533472e-02
10.533388423658915,0.e+00,0.e+00
10.533388423658915,1.570796e-02,-3.682523e-05
10.533388423658915,2.346256e-02,-2.340031e-04
10.533388423658915,3.503514e-02,-3.240379e-04
10.533388423658915,5.263151e-02,-9.000515e-04
10.533388423658915,7.314235e-02,-2.164308e-03
10.533388423658915,1.025928e-01,-3.262918e-03
10.533388423658915,1.448116e-01,-4.917196e-03
10.533388423658915,2.023460e-01,-7.502252e-03
10.533388423658915,2.834245e-01,-1.032009e-02
10.533388423658915,3.967448e-01,-1.334837e-02
10.533388423658915,5.552783e-01,-1.576789e-02
10.533388423658915,7.774819e-01,-1.687367e-02
10.533388423658915,1.088445e+00,-1.665633e-02
10.533388423658915,1.523711e+00,-1.632189e-02
10.533388423658915,2.088426e+00,-1.638228e-02
10.533388423658915,2.685505e+00,-1.429826e-02
10.764056192132093,0.e+00,0.e+00
10.764056192132093,1.570796e-02,-3.163013e-05
10.764056192132093,2.346256e-02,-2.009442e-04
10.764056192132093,3.503514e-02,-2.782463e-04
10.764056192132093,5.263151e-02,-7.729363e-04
10.764056192132093,7.314235e-02,-1.854815e-03
10.764056192132093,1.025928e-01,-2.791558e-03
10.764056192132093,1.448116e-01,-4.216140e-03
10.764056192132093,2.023460e-01,-6.450626e-03
10.764056192132093,2.834245e-01,-8.897829e-03
10.764056192132093,3.967448e-01,-1.159656e-02
10.764056192132093,5.552783e-01,-1.386919e-02
10.764056192132093,7.774819e-01,-1.507385e-02
10.764056192132093,1.088445e+00,-1.509921e-02
10.764056192132093,1.523711e+00,-1.502925e-02
10.764056192132093,2.088426e+00,-1.518600e-02
10.764056192132093,2.685505e+00,-1.324392e-02
10.999337315974735,0.e+00,0.e+00
10.999337315974735,1.570796e-02,-2.688947e-05
10.999337315974735,2.346256e-02,-1.725982e-04
10.999337315974735,3.503514e-02,-2.380968e-04
10.999337315974735,5.263151e-02,-6.602488e-04
10.999337315974735,7.314235e-02,-1.580109e-03
10.999337315974735,1.025928e-01,-2.38127e-03
10.999337315974735,1.448116e-01,-3.60739e-03
10.999337315974735,2.023460e-01,-5.51624e-03
10.999337315974735,2.834245e-01,-7.628697e-03
10.999337315974735,3.967448e-01,-1.002843e-02
10.999337315974735,5.552783e-01,-1.211297e-02
10.999337315974735,7.774819e-01,-1.333695e-02
10.999337315974735,1.088445e+00,-1.358423e-02
10.999337315974735,1.523711e+00,-1.373631e-02
10.999337315974735,2.088426e+00,-1.399581e-02
10.999337315974735,2.685505e+00,-1.223603e-02
11.23932406229423,0.e+00,0.e+00
11.23932406229423,1.570796e-02,-2.284e-05
11.23932406229423,2.346256e-02,-1.469657e-04
11.23932406229423,3.503514e-02,-2.014161e-04
11.23932406229423,5.263151e-02,-5.58247e-04
11.23932406229423,7.314235e-02,-1.342264e-03
11.23932406229423,1.025928e-01,-2.020999e-03
11.23932406229423,1.448116e-01,-3.063622e-03
11.23932406229423,2.023460e-01,-4.680624e-03
11.23932406229423,2.834245e-01,-6.498025e-03
11.23932406229423,3.967448e-01,-8.603178e-03
11.23932406229423,5.552783e-01,-1.050328e-02
11.23932406229423,7.774819e-01,-1.175058e-02
11.23932406229423,1.088445e+00,-1.214807e-02
11.23932406229423,1.523711e+00,-1.248515e-02
11.23932406229423,2.088426e+00,-1.283877e-02
11.23932406229423,2.685505e+00,-1.125657e-02
11.484110543540115,0.e+00,0.e+00
11.484110543540115,1.570796e-02,-1.925239e-05
11.484110543540115,2.346256e-02,-1.24852e-04
11.484110543540115,3.503514e-02,-1.699851e-04
11.484110543540115,5.263151e-02,-4.714579e-04
11.484110543540115,7.314235e-02,-1.133363e-03
11.484110543540115,1.025928e-01,-1.70499e-03
11.484110543540115,1.448116e-01,-2.592210e-03
11.484110543540115,2.023460e-01,-3.963107e-03
11.484110543540115,2.834245e-01,-5.516126e-03
11.484110543540115,3.967448e-01,-7.345662e-03
11.484110543540115,5.552783e-01,-9.038006e-03
11.484110543540115,7.774819e-01,-1.026692e-02
11.484110543540115,1.088445e+00,-1.078907e-02
11.484110543540115,1.523711e+00,-1.126857e-02
11.484110543540115,2.088426e+00,-1.169690e-02
11.484110543540115,2.685505e+00,-1.028662e-02
11.733792754410917,0.e+00,0.e+00
11.733792754410917,1.570796e-02,-1.617142e-05
11.733792754410917,2.346256e-02,-1.041173e-04
11.733792754410917,3.503514e-02,-1.423272e-04
11.733792754410917,5.263151e-02,-3.95939e-04
11.733792754410917,7.314235e-02,-9.507674e-04
11.733792754410917,1.025928e-01,-1.430622e-03
11.733792754410917,1.448116e-01,-2.18541e-03
11.733792754410917,2.023460e-01,-3.335615e-03
11.733792754410917,2.834245e-01,-4.658179e-03
11.733792754410917,3.967448e-01,-6.235737e-03
11.733792754410917,5.552783e-01,-7.734095e-03
11.733792754410917,7.774819e-01,-8.910073e-03
11.733792754410917,1.088445e+00,-9.516817e-03
11.733792754410917,1.523711e+00,-1.00926e-02
11.733792754410917,2.088426e+00,-1.060923e-02
11.733792754410917,2.685505e+00,-9.316389e-03
11.988468609499135,0.e+00,0.e+00
11.988468609499135,1.570796e-02,-1.335671e-05
11.988468609499135,2.346256e-02,-8.569367e-05
11.988468609499135,3.503514e-02,-1.193438e-04
11.988468609499135,5.263151e-02,-3.308444e-04
11.988468609499135,7.314235e-02,-7.936824e-04
11.988468609499135,1.025928e-01,-1.193143e-03
11.988468609499135,1.448116e-01,-1.829279e-03
11.988468609499135,2.023460e-01,-2.787106e-03
11.988468609499135,2.834245e-01,-3.905932e-03
11.988468609499135,3.967448e-01,-5.245475e-03
11.988468609499135,5.552783e-01,-6.561007e-03
11.988468609499135,7.774819e-01,-7.678302e-03
11.988468609499135,1.088445e+00,-8.328103e-03
11.988468609499135,1.523711e+00,-8.994677e-03
11.988468609499135,2.088426e+00,-9.545681e-03
11.988468609499135,2.685505e+00,-8.42566e-03
12.248237981689117,0.e+00,0.e+00
12.248237981689117,1.570796e-02,-1.105596e-05
12.248237981689117,2.346256e-02,-7.112178e-05
12.248237981689117,3.503514e-02,-9.910979e-05
12.248237981689117,5.263151e-02,-2.767036e-04
12.248237981689117,7.314235e-02,-6.614628e-04
12.248237981689117,1.025928e-01,-9.909009e-04
12.248237981689117,1.448116e-01,-1.526699e-03
12.248237981689117,2.023460e-01,-2.319336e-03
12.248237981689117,2.834245e-01,-3.263855e-03
12.248237981689117,3.967448e-01,-4.395101e-03
12.248237981689117,5.552783e-01,-5.529166e-03
12.248237981689117,7.774819e-01,-6.562276e-03
12.248237981689117,1.088445e+00,-7.242158e-03
12.248237981689117,1.523711e+00,-7.953422e-03
12.248237981689117,2.088426e+00,-8.565074e-03
12.248237981689117,2.685505e+00,-7.582526e-03
12.5132027413229,0.e+00,0.e+00
12.5132027413229,1.570796e-02,-9.181412e-06
12.5132027413229,2.346256e-02,-5.965693e-05
12.5132027413229,3.503514e-02,-8.215331e-05
12.5132027413229,5.263151e-02,-2.295479e-04
12.5132027413229,7.314235e-02,-5.471715e-04
12.5132027413229,1.025928e-01,-8.195524e-04
12.5132027413229,1.448116e-01,-1.268854e-03
12.5132027413229,2.023460e-01,-1.921934e-03
12.5132027413229,2.834245e-01,-2.707957e-03
12.5132027413229,3.967448e-01,-3.66103e-03
12.5132027413229,5.552783e-01,-4.635415e-03
12.5132027413229,7.774819e-01,-5.576895e-03
12.5132027413229,1.088445e+00,-6.258843e-03
12.5132027413229,1.523711e+00,-6.980327e-03
12.5132027413229,2.088426e+00,-7.571817e-03
12.5132027413229,2.685505e+00,-6.751152e-03
12.783466796149359,0.e+00,0.e+00
12.783466796149359,1.570796e-02,-7.248345e-06
12.783466796149359,2.346256e-02,-4.834306e-05
12.783466796149359,3.503514e-02,-6.775254e-05
12.783466796149359,5.263151e-02,-1.897772e-04
12.783466796149359,7.314235e-02,-4.507229e-04
12.783466796149359,1.025928e-01,-6.721093e-04
12.783466796149359,1.448116e-01,-1.046096e-03
12.783466796149359,2.023460e-01,-1.582440e-03
12.783466796149359,2.834245e-01,-2.233508e-03
12.783466796149359,3.967448e-01,-3.020913e-03
12.783466796149359,5.552783e-01,-3.846126e-03
12.783466796149359,7.774819e-01,-4.695078e-03
12.783466796149359,1.088445e+00,-5.361657e-03
12.783466796149359,1.523711e+00,-6.081559e-03
12.783466796149359,2.088426e+00,-6.684501e-03
12.783466796149359,2.685505e+00,-5.996658e-03
13.059136132072346,0.e+00,0.e+00
13.059136132072346,1.570796e-02,-6.069105e-06
13.059136132072346,2.346256e-02,-3.941776e-05
13.059136132072346,3.503514e-02,-5.566683e-05
13.059136132072346,5.263151e-02,-1.559349e-04
13.059136132072346,7.314235e-02,-3.691436e-04
13.059136132072346,1.025928e-01,-5.506205e-04
13.059136132072346,1.448116e-01,-8.577572e-04
13.059136132072346,2.023460e-01,-1.295036e-03
13.059136132072346,2.834245e-01,-1.834843e-03
13.059136132072346,3.967448e-01,-2.485331e-03
13.059136132072346,5.552783e-01,-3.189099e-03
13.059136132072346,7.774819e-01,-3.939769e-03
13.059136132072346,1.088445e+00,-4.583106e-03
13.059136132072346,1.523711e+00,-5.287645e-03
13.059136132072346,2.088426e+00,-5.892904e-03
13.059136132072346,2.685505e+00,-5.319162e-03
13.340318854713793,0.e+00,0.e+00
13.340318854713793,1.570796e-02,-4.929979e-06
13.340318854713793,2.346256e-02,-3.204614e-05
13.340318854713793,3.503514e-02,-4.462903e-05
13.340318854713793,5.263151e-02,-1.266149e-04
13.340318854713793,7.314235e-02,-3.000159e-04
13.340318854713793,1.025928e-01,-4.477769e-04
13.340318854713793,1.448116e-01,-6.99845e-04
13.340318854713793,2.023460e-01,-1.050323e-03
13.340318854713793,2.834245e-01,-1.496449e-03
13.340318854713793,3.967448e-01,-2.032738e-03
13.340318854713793,5.552783e-01,-2.620093e-03
13.340318854713793,7.774819e-01,-3.282698e-03
13.340318854713793,1.088445e+00,-3.887749e-03
13.340318854713793,1.523711e+00,-4.567962e-03
13.340318854713793,2.088426e+00,-5.147852e-03
13.340318854713793,2.685505e+00,-4.653516e-03
13.62712523180807,0.e+00,0.e+00
13.62712523180807,1.570796e-02,-4.038012e-06
13.62712523180807,2.346256e-02,-2.637880e-05
13.62712523180807,3.503514e-02,-3.622385e-05
13.62712523180807,5.263151e-02,-1.025478e-04
13.62712523180807,7.314235e-02,-2.426248e-04
13.62712523180807,1.025928e-01,-3.634686e-04
13.62712523180807,1.448116e-01,-5.646136e-04
13.62712523180807,2.023460e-01,-8.504577e-04
13.62712523180807,2.834245e-01,-1.214301e-03
13.62712523180807,3.967448e-01,-1.647228e-03
13.62712523180807,5.552783e-01,-2.135333e-03
13.62712523180807,7.774819e-01,-2.713651e-03
13.62712523180807,1.088445e+00,-3.26455e-03
13.62712523180807,1.523711e+00,-3.899812e-03
13.62712523180807,2.088426e+00,-4.440414e-03
13.62712523180807,2.685505e+00,-4.030698e-03
13.91966773644423,0.e+00,0.e+00
13.91966773644423,1.570796e-02,-3.311058e-06
13.91966773644423,2.346256e-02,-2.139017e-05
13.91966773644423,3.503514e-02,-2.938179e-05
13.91966773644423,5.263151e-02,-8.299593e-05
13.91966773644423,7.314235e-02,-1.948830e-04
13.91966773644423,1.025928e-01,-2.930387e-04
13.91966773644423,1.448116e-01,-4.55287e-04
13.91966773644423,2.023460e-01,-6.879802e-04
13.91966773644423,2.834245e-01,-9.807536e-04
13.91966773644423,3.967448e-01,-1.333264e-03
13.91966773644423,5.552783e-01,-1.738025e-03
13.91966773644423,7.774819e-01,-2.232179e-03
13.91966773644423,1.088445e+00,-2.723338e-03
13.91966773644423,1.523711e+00,-3.314169e-03
13.91966773644423,2.088426e+00,-3.816587e-03
13.91966773644423,2.685505e+00,-3.478349e-03
14.218061091173116,0.e+00,0.e+00
14.218061091173116,1.570796e-02,-2.610084e-06
14.218061091173116,2.346256e-02,-1.695412e-05
14.218061091173116,3.503514e-02,-2.390459e-05
14.218061091173116,5.263151e-02,-6.599325e-05
14.218061091173116,7.314235e-02,-1.552032e-04
14.218061091173116,1.025928e-01,-2.335566e-04
14.218061091173116,1.448116e-01,-3.642514e-04
14.218061091173116,2.023460e-01,-5.514149e-04
14.218061091173116,2.834245e-01,-7.860856e-04
14.218061091173116,3.967448e-01,-1.069648e-03
14.218061091173116,5.552783e-01,-1.402707e-03
14.218061091173116,7.774819e-01,-1.822628e-03
14.218061091173116,1.088445e+00,-2.264332e-03
14.218061091173116,1.523711e+00,-2.798574e-03
14.218061091173116,2.088426e+00,-3.264218e-03
14.218061091173116,2.685505e+00,-2.994057e-03
14.522422312996579,0.e+00,0.e+00
14.522422312996579,1.570796e-02,-2.10285e-06
14.522422312996579,2.346256e-02,-1.356842e-05
14.522422312996579,3.503514e-02,-1.899557e-05
14.522422312996579,5.263151e-02,-5.254459e-05
14.522422312996579,7.314235e-02,-1.230467e-04
14.522422312996579,1.025928e-01,-1.862181e-04
14.522422312996579,1.448116e-01,-2.911693e-04
14.522422312996579,2.023460e-01,-4.394284e-04
14.522422312996579,2.834245e-01,-6.28419e-04
14.522422312996579,3.967448e-01,-8.545520e-04
14.522422312996579,5.552783e-01,-1.126857e-03
14.522422312996579,7.774819e-01,-1.476965e-03
14.522422312996579,1.088445e+00,-1.867589e-03
14.522422312996579,1.523711e+00,-2.345485e-03
14.522422312996579,2.088426e+00,-2.765546e-03
14.522422312996579,2.685505e+00,-2.534084e-03
14.83287075925651,0.e+00,0.e+00
14.83287075925651,1.570796e-02,-1.690191e-06
14.83287075925651,2.346256e-02,-1.050079e-05
14.83287075925651,3.503514e-02,-1.506579e-05
14.83287075925651,5.263151e-02,-4.116315e-05
14.83287075925651,7.314235e-02,-9.794004e-05
14.83287075925651,1.025928e-01,-1.480617e-04
14.83287075925651,1.448116e-01,-2.299724e-04
14.83287075925651,2.023460e-01,-3.477228e-04
14.83287075925651,2.834245e-01,-4.994802e-04
14.83287075925651,3.967448e-01,-6.787904e-04
14.83287075925651,5.552783e-01,-9.033197e-04
14.83287075925651,7.774819e-01,-1.193316e-03
14.83287075925651,1.088445e+00,-1.524652e-03
14.83287075925651,1.523711e+00,-1.949827e-03
14.83287075925651,2.088426e+00,-2.316780e-03
14.83287075925651,2.685505e+00,-2.120601e-03
15.149528174441642,0.e+00,0.e+00
15.149528174441642,1.570796e-02,-1.275052e-06
15.149528174441642,2.346256e-02,-8.076886e-06
15.149528174441642,3.503514e-02,-1.170302e-05
15.149528174441642,5.263151e-02,-3.24243e-05
15.149528174441642,7.314235e-02,-7.575442e-05
15.149528174441642,1.025928e-01,-1.156055e-04
15.149528174441642,1.448116e-01,-1.798658e-04
15.149528174441642,2.023460e-01,-2.708105e-04
15.149528174441642,2.834245e-01,-3.918198e-04
15.149528174441642,3.967448e-01,-5.344454e-04
15.149528174441642,5.552783e-01,-7.123741e-04
15.149528174441642,7.774819e-01,-9.518754e-04
15.149528174441642,1.088445e+00,-1.233757e-03
15.149528174441642,1.523711e+00,-1.598430e-03
15.149528174441642,2.088426e+00,-1.922555e-03
15.149528174441642,2.685505e+00,-1.761473e-03
15.472518737930475,0.e+00,0.e+00
15.472518737930475,1.570796e-02,-1.001608e-06
15.472518737930475,2.346256e-02,-6.266507e-06
15.472518737930475,3.503514e-02,-9.087458e-06
15.472518737930475,5.263151e-02,-2.498199e-05
15.472518737930475,7.314235e-02,-5.898859e-05
15.472518737930475,1.025928e-01,-8.909763e-05
15.472518737930475,1.448116e-01,-1.396115e-04
15.472518737930475,2.023460e-01,-2.112627e-04
15.472518737930475,2.834245e-01,-3.051741e-04
15.472518737930475,3.967448e-01,-4.157426e-04
15.472518737930475,5.552783e-01,-5.580307e-04
15.472518737930475,7.774819e-01,-7.533841e-04
15.472518737930475,1.088445e+00,-9.899578e-04
15.472518737930475,1.523711e+00,-1.297781e-03
15.472518737930475,2.088426e+00,-1.573449e-03
15.472518737930475,2.685505e+00,-1.450354e-03
15.801969112689086,0.e+00,0.e+00
15.801969112689086,1.570796e-02,-8.221962e-07
15.801969112689086,2.346256e-02,-4.743175e-06
15.801969112689086,3.503514e-02,-6.844276e-06
15.801969112689086,5.263151e-02,-1.926291e-05
15.801969112689086,7.314235e-02,-4.542690e-05
15.801969112689086,1.025928e-01,-6.835079e-05
15.801969112689086,1.448116e-01,-1.080265e-04
15.801969112689086,2.023460e-01,-1.624915e-04
15.801969112689086,2.834245e-01,-2.359091e-04
15.801969112689086,3.967448e-01,-3.212154e-04
15.801969112689086,5.552783e-01,-4.327492e-04
15.801969112689086,7.774819e-01,-5.90726e-04
15.801969112689086,1.088445e+00,-7.848859e-04
15.801969112689086,1.523711e+00,-1.038463e-03
15.801969112689086,2.088426e+00,-1.269763e-03
15.801969112689086,2.685505e+00,-1.169211e-03
16.13800849494287,0.e+00,0.e+00
16.13800849494287,1.570796e-02,-6.108095e-07
16.13800849494287,2.346256e-02,-3.487045e-06
16.13800849494287,3.503514e-02,-5.326253e-06
16.13800849494287,5.263151e-02,-1.465616e-05
16.13800849494287,7.314235e-02,-3.400471e-05
16.13800849494287,1.025928e-01,-5.127623e-05
16.13800849494287,1.448116e-01,-8.270885e-05
16.13800849494287,2.023460e-01,-1.234382e-04
16.13800849494287,2.834245e-01,-1.805038e-04
16.13800849494287,3.967448e-01,-2.453609e-04
16.13800849494287,5.552783e-01,-3.318047e-04
16.13800849494287,7.774819e-01,-4.596976e-04
16.13800849494287,1.088445e+00,-6.148173e-04
16.13800849494287,1.523711e+00,-8.238828e-04
16.13800849494287,2.088426e+00,-1.019328e-03
16.13800849494287,2.685505e+00,-9.424393e-04
16.480768664841726,0.e+00,0.e+00
16.480768664841726,1.570796e-02,-4.777556e-07
16.480768664841726,2.346256e-02,-2.519845e-06
16.480768664841726,3.503514e-02,-4.082175e-06
16.480768664841726,5.263151e-02,-1.10644e-05
16.480768664841726,7.314235e-02,-2.544408e-05
16.480768664841726,1.025928e-01,-3.855277e-05
16.480768664841726,1.448116e-01,-6.225119e-05
16.480768664841726,2.023460e-01,-9.331299e-05
16.480768664841726,2.834245e-01,-1.367477e-04
16.480768664841726,3.967448e-01,-1.857574e-04
16.480768664841726,5.552783e-01,-2.523218e-04
16.480768664841726,7.774819e-01,-3.536695e-04
16.480768664841726,1.088445e+00,-4.759360e-04
16.480768664841726,1.523711e+00,-6.435130e-04
16.480768664841726,2.088426e+00,-8.012268e-04
16.480768664841726,2.685505e+00,-7.452552e-04
16.83038403813856,0.e+00,0.e+00
16.83038403813856,1.570796e-02,-3.323385e-07
16.83038403813856,2.346256e-02,-1.897556e-06
16.83038403813856,3.503514e-02,-2.96358e-06
16.83038403813856,5.263151e-02,-8.225466e-06
16.83038403813856,7.314235e-02,-1.867187e-05
16.83038403813856,1.025928e-01,-2.847827e-05
16.83038403813856,1.448116e-01,-4.655781e-05
16.83038403813856,2.023460e-01,-6.901531e-05
16.83038403813856,2.834245e-01,-1.016739e-04
16.83038403813856,3.967448e-01,-1.387354e-04
16.83038403813856,5.552783e-01,-1.883896e-04
16.83038403813856,7.774819e-01,-2.681823e-04
16.83038403813856,1.088445e+00,-3.620172e-04
16.83038403813856,1.523711e+00,-4.927115e-04
16.83038403813856,2.088426e+00,-6.168089e-04
16.83038403813856,2.685505e+00,-5.746304e-04
17.186991718901332,0.e+00,0.e+00
17.186991718901332,1.570796e-02,-2.313123e-07
17.186991718901332,2.346256e-02,-1.379830e-06
17.186991718901332,3.503514e-02,-2.132357e-06
17.186991718901332,5.263151e-02,-6.057382e-06
17.186991718901332,7.314235e-02,-1.355115e-05
17.186991718901332,1.025928e-01,-2.065323e-05
17.186991718901332,1.448116e-01,-3.359646e-05
17.186991718901332,2.023460e-01,-4.987957e-05
17.186991718901332,2.834245e-01,-7.326644e-05
17.186991718901332,3.967448e-01,-1.008623e-04
17.186991718901332,5.552783e-01,-1.370102e-04
17.186991718901332,7.774819e-01,-1.972559e-04
17.186991718901332,1.088445e+00,-2.676193e-04
17.186991718901332,1.523711e+00,-3.668611e-04
17.186991718901332,2.088426e+00,-4.640636e-04
17.186991718901332,2.685505e+00,-4.346729e-04
17.55073155327936,0.e+00,0.e+00
17.55073155327936,1.570796e-02,-1.714453e-07
17.55073155327936,2.346256e-02,-8.910205e-07
17.55073155327936,3.503514e-02,-1.578748e-06
17.55073155327936,5.263151e-02,-4.457128e-06
17.55073155327936,7.314235e-02,-9.684824e-06
17.55073155327936,1.025928e-01,-1.487357e-05
17.55073155327936,1.448116e-01,-2.396354e-05
17.55073155327936,2.023460e-01,-3.604612e-05
17.55073155327936,2.834245e-01,-5.275916e-05
17.55073155327936,3.967448e-01,-7.22736e-05
17.55073155327936,5.552783e-01,-9.947849e-05
17.55073155327936,7.774819e-01,-1.440156e-04
17.55073155327936,1.088445e+00,-1.956729e-04
17.55073155327936,1.523711e+00,-2.699885e-04
17.55073155327936,2.088426e+00,-3.451795e-04
17.55073155327936,2.685505e+00,-3.282188e-04
17.921746184344947,0.e+00,0.e+00
17.921746184344947,1.570796e-02,-1.338500e-07
17.921746184344947,2.346256e-02,-6.904646e-07
17.921746184344947,3.503514e-02,-1.101705e-06
17.921746184344947,5.263151e-02,-3.111038e-06
17.921746184344947,7.314235e-02,-6.999708e-06
17.921746184344947,1.025928e-01,-1.050313e-05
17.921746184344947,1.448116e-01,-1.713251e-05
17.921746184344947,2.023460e-01,-2.579076e-05
17.921746184344947,2.834245e-01,-3.788172e-05
17.921746184344947,3.967448e-01,-5.177385e-05
17.921746184344947,5.552783e-01,-7.201648e-05
17.921746184344947,7.774819e-01,-1.048337e-04
17.921746184344947,1.088445e+00,-1.436004e-04
17.921746184344947,1.523711e+00,-1.990456e-04
17.921746184344947,2.088426e+00,-2.553394e-04
17.921746184344947,2.685505e+00,-2.448702e-04
18.300181108031847,0.e+00,0.e+00
18.300181108031847,1.570796e-02,-9.052619e-08
18.300181108031847,2.346256e-02,-4.805533e-07
18.300181108031847,3.503514e-02,-7.733460e-07
18.300181108031847,5.263151e-02,-2.161400e-06
18.300181108031847,7.314235e-02,-4.921909e-06
18.300181108031847,1.025928e-01,-7.176701e-06
18.300181108031847,1.448116e-01,-1.187804e-05
18.300181108031847,2.023460e-01,-1.779735e-05
18.300181108031847,2.834245e-01,-2.682206e-05
18.300181108031847,3.967448e-01,-3.649034e-05
18.300181108031847,5.552783e-01,-5.081927e-05
18.300181108031847,7.774819e-01,-7.456885e-05
18.300181108031847,1.088445e+00,-1.025121e-04
18.300181108031847,1.523711e+00,-1.427913e-04
18.300181108031847,2.088426e+00,-1.833488e-04
18.300181108031847,2.685505e+00,-1.808654e-04
18.686184730192483,0.e+00,0.e+00
18.686184730192483,1.570796e-02,-6.562579e-08
18.686184730192483,2.346256e-02,-3.098322e-07
18.686184730192483,3.503514e-02,-5.050005e-07
18.686184730192483,5.263151e-02,-1.548644e-06
18.686184730192483,7.314235e-02,-3.448685e-06
18.686184730192483,1.025928e-01,-4.977156e-06
18.686184730192483,1.448116e-01,-8.307013e-06
18.686184730192483,2.023460e-01,-1.23649e-05
18.686184730192483,2.834245e-01,-1.880483e-05
18.686184730192483,3.967448e-01,-2.549928e-05
18.686184730192483,5.552783e-01,-3.553882e-05
18.686184730192483,7.774819e-01,-5.273337e-05
18.686184730192483,1.088445e+00,-7.280215e-05
18.686184730192483,1.523711e+00,-1.010121e-04
18.686184730192483,2.088426e+00,-1.313534e-04
18.686184730192483,2.685505e+00,-1.276254e-04
19.079908424796333,0.e+00,0.e+00
19.079908424796333,1.570796e-02,-5.210931e-08
19.079908424796333,2.346256e-02,-1.979924e-07
19.079908424796333,3.503514e-02,-3.225745e-07
19.079908424796333,5.263151e-02,-1.025350e-06
19.079908424796333,7.314235e-02,-2.317635e-06
19.079908424796333,1.025928e-01,-3.273842e-06
19.079908424796333,1.448116e-01,-5.426776e-06
19.079908424796333,2.023460e-01,-7.956343e-06
19.079908424796333,2.834245e-01,-1.252498e-05
19.079908424796333,3.967448e-01,-1.706541e-05
19.079908424796333,5.552783e-01,-2.373396e-05
19.079908424796333,7.774819e-01,-3.552923e-05
19.079908424796333,1.088445e+00,-4.949860e-05
19.079908424796333,1.523711e+00,-6.928743e-05
19.079908424796333,2.088426e+00,-9.033144e-05
19.079908424796333,2.685505e+00,-8.605418e-05
19.48150659329226,0.e+00,0.e+00
19.48150659329226,1.570796e-02,-3.629159e-08
19.48150659329226,2.346256e-02,-1.246527e-07
19.48150659329226,3.503514e-02,-2.106740e-07
19.48150659329226,5.263151e-02,-6.440117e-07
19.48150659329226,7.314235e-02,-1.524490e-06
19.48150659329226,1.025928e-01,-2.202039e-06
19.48150659329226,1.448116e-01,-3.558556e-06
19.48150659329226,2.023460e-01,-5.190883e-06
19.48150659329226,2.834245e-01,-8.141921e-06
19.48150659329226,3.967448e-01,-1.114879e-05
19.48150659329226,5.552783e-01,-1.577055e-05
19.48150659329226,7.774819e-01,-2.358179e-05
19.48150659329226,1.088445e+00,-3.285499e-05
19.48150659329226,1.523711e+00,-4.635099e-05
19.48150659329226,2.088426e+00,-6.086761e-05
19.48150659329226,2.685505e+00,-5.724352e-05
19.891136725158105,0.e+00,0.e+00
19.891136725158105,1.570796e-02,-2.269956e-08
19.891136725158105,2.346256e-02,-7.060926e-08
19.891136725158105,3.503514e-02,-1.31517e-07
19.891136725158105,5.263151e-02,-4.064090e-07
19.891136725158105,7.314235e-02,-9.494054e-07
19.891136725158105,1.025928e-01,-1.414311e-06
19.891136725158105,1.448116e-01,-2.200031e-06
19.891136725158105,2.023460e-01,-3.197261e-06
19.891136725158105,2.834245e-01,-5.087697e-06
19.891136725158105,3.967448e-01,-7.114745e-06
19.891136725158105,5.552783e-01,-1.009432e-05
19.891136725158105,7.774819e-01,-1.505697e-05
19.891136725158105,1.088445e+00,-2.123687e-05
19.891136725158105,1.523711e+00,-3.027584e-05
19.891136725158105,2.088426e+00,-3.975773e-05
19.891136725158105,2.685505e+00,-3.664011e-05
20.308959459661267,0.e+00,0.e+00
20.308959459661267,1.570796e-02,-1.370887e-08
20.308959459661267,2.346256e-02,-4.659045e-08
20.308959459661267,3.503514e-02,-8.26328e-08
20.308959459661267,5.263151e-02,-2.54503e-07
20.308959459661267,7.314235e-02,-5.750082e-07
20.308959459661267,1.025928e-01,-8.46004e-07
20.308959459661267,1.448116e-01,-1.328614e-06
20.308959459661267,2.023460e-01,-1.915425e-06
20.308959459661267,2.834245e-01,-3.064270e-06
20.308959459661267,3.967448e-01,-4.401139e-06
20.308959459661267,5.552783e-01,-6.268043e-06
20.308959459661267,7.774819e-01,-9.501731e-06
20.308959459661267,1.088445e+00,-1.346995e-05
20.308959459661267,1.523711e+00,-1.932440e-05
20.308959459661267,2.088426e+00,-2.524095e-05
20.308959459661267,2.685505e+00,-2.396223e-05
20.73513864885449,0.e+00,0.e+00
20.73513864885449,1.570796e-02,-1.005651e-08
20.73513864885449,2.346256e-02,-2.140055e-08
20.73513864885449,3.503514e-02,-4.777790e-08
20.73513864885449,5.263151e-02,-1.421847e-07
20.73513864885449,7.314235e-02,-3.543689e-07
20.73513864885449,1.025928e-01,-5.056294e-07
20.73513864885449,1.448116e-01,-8.011968e-07
20.73513864885449,2.023460e-01,-1.135484e-06
20.73513864885449,2.834245e-01,-1.841924e-06
20.73513864885449,3.967448e-01,-2.693894e-06
20.73513864885449,5.552783e-01,-3.919754e-06
20.73513864885449,7.774819e-01,-5.796018e-06
20.73513864885449,1.088445e+00,-8.46905e-06
20.73513864885449,1.523711e+00,-1.230598e-05
20.73513864885449,2.088426e+00,-1.554344e-05
20.73513864885449,2.685505e+00,-1.483849e-05
21.16984142183158,0.e+00,0.e+00
21.16984142183158,1.570796e-02,2.028052e-10
21.16984142183158,2.346256e-02,1.494010e-09
21.16984142183158,3.503514e-02,1.831503e-09
21.16984142183158,5.263151e-02,5.500759e-09
21.16984142183158,7.314235e-02,1.321783e-08
21.16984142183158,1.025928e-01,1.984279e-08
21.16984142183158,1.448116e-01,3.036965e-08
21.16984142183158,2.023460e-01,4.607352e-08
21.16984142183158,2.834245e-01,6.478329e-08
21.16984142183158,3.967448e-01,9.049411e-08
21.16984142183158,5.552783e-01,1.233474e-07
21.16984142183158,7.774819e-01,1.566505e-07
21.16984142183158,1.088445e+00,1.678494e-07
21.16984142183158,1.523711e+00,1.407234e-07
21.16984142183158,2.088426e+00,8.87177e-08
21.16984142183158,2.685505e+00,4.118094e-08
21.613238250268214,0.e+00,0.e+00
21.613238250268214,1.570796e-02,1.921941e-10
21.613238250268214,2.346256e-02,1.412993e-09
21.613238250268214,3.503514e-02,1.732866e-09
21.613238250268214,5.263151e-02,5.206896e-09
21.613238250268214,7.314235e-02,1.251174e-08
21.613238250268214,1.025928e-01,1.877347e-08
21.613238250268214,1.448116e-01,2.875096e-08
21.613238250268214,2.023460e-01,4.368775e-08
21.613238250268214,2.834245e-01,6.167423e-08
21.613238250268214,3.967448e-01,8.667723e-08
21.613238250268214,5.552783e-01,1.190564e-07
21.613238250268214,7.774819e-01,1.522824e-07
21.613238250268214,1.088445e+00,1.641743e-07
21.613238250268214,1.523711e+00,1.386917e-07
21.613238250268214,2.088426e+00,8.803519e-08
21.613238250268214,2.685505e+00,4.096475e-08
22.065503015273578,0.e+00,0.e+00
22.065503015273578,1.570796e-02,1.816162e-10
22.065503015273578,2.346256e-02,1.333420e-09
22.065503015273578,3.503514e-02,1.634745e-09
22.065503015273578,5.263151e-02,4.915553e-09
22.065503015273578,7.314235e-02,1.18132e-08
22.065503015273578,1.025928e-01,1.771773e-08
22.065503015273578,1.448116e-01,2.715672e-08
22.065503015273578,2.023460e-01,4.134473e-08
22.065503015273578,2.834245e-01,5.861569e-08
22.065503015273578,3.967448e-01,8.294764e-08
22.065503015273578,5.552783e-01,1.147975e-07
22.065503015273578,7.774819e-01,1.477689e-07
22.065503015273578,1.088445e+00,1.603062e-07
22.065503015273578,1.523711e+00,1.36631e-07
22.065503015273578,2.088426e+00,8.749111e-08
22.065503015273578,2.685505e+00,4.084724e-08
22.52681307557905,0.e+00,0.e+00
22.52681307557905,1.570796e-02,1.711077e-10
22.52681307557905,2.346256e-02,1.255156e-09
22.52681307557905,3.503514e-02,1.538498e-09
22.52681307557905,5.263151e-02,4.628961e-09
22.52681307557905,7.314235e-02,1.112682e-08
22.52681307557905,1.025928e-01,1.6681e-08
22.52681307557905,1.448116e-01,2.559868e-08
22.52681307557905,2.023460e-01,3.906031e-08
22.52681307557905,2.834245e-01,5.563957e-08
22.52681307557905,3.967448e-01,7.926154e-08
22.52681307557905,5.552783e-01,1.105185e-07
22.52681307557905,7.774819e-01,1.430789e-07
22.52681307557905,1.088445e+00,1.562405e-07
22.52681307557905,1.523711e+00,1.345968e-07
22.52681307557905,2.088426e+00,8.705053e-08
22.52681307557905,2.685505e+00,4.067981e-08
22.997349337090633,0.e+00,0.e+00
22.997349337090633,1.570796e-02,1.608096e-10
22.997349337090633,2.346256e-02,1.179084e-09
22.997349337090633,3.503514e-02,1.444102e-09
22.997349337090633,5.263151e-02,4.347494e-09
22.997349337090633,7.314235e-02,1.045646e-08
22.997349337090633,1.025928e-01,1.567314e-08
22.997349337090633,1.448116e-01,2.408e-08
22.997349337090633,2.023460e-01,3.683099e-08
22.997349337090633,2.834245e-01,5.272668e-08
22.997349337090633,3.967448e-01,7.565646e-08
22.997349337090633,5.552783e-01,1.062283e-07
22.997349337090633,7.774819e-01,1.383323e-07
22.997349337090633,1.088445e+00,1.520322e-07
22.997349337090633,1.523711e+00,1.324052e-07
22.997349337090633,2.088426e+00,8.672774e-08
22.997349337090633,2.685505e+00,4.067354e-08
23.477296323832444,0.e+00,0.e+00
23.477296323832444,1.570796e-02,1.506605e-10
23.477296323832444,2.346256e-02,1.104798e-09
23.477296323832444,3.503514e-02,1.352449e-09
23.477296323832444,5.263151e-02,4.073113e-09
23.477296323832444,7.314235e-02,9.799489e-09
23.477296323832444,1.025928e-01,1.468863e-08
23.477296323832444,1.448116e-01,2.259662e-08
23.477296323832444,2.023460e-01,3.466569e-08
23.477296323832444,2.834245e-01,4.988384e-08
23.477296323832444,3.967448e-01,7.208608e-08
23.477296323832444,5.552783e-01,1.018914e-07
23.477296323832444,7.774819e-01,1.334485e-07
23.477296323832444,1.088445e+00,1.476521e-07
23.477296323832444,1.523711e+00,1.301967e-07
23.477296323832444,2.088426e+00,8.654077e-08
23.477296323832444,2.685505e+00,4.059482e-08
23.966842250309092,0.e+00,0.e+00
23.966842250309092,1.570796e-02,1.407992e-10
23.966842250309092,2.346256e-02,1.032212e-09
23.966842250309092,3.503514e-02,1.262776e-09
23.966842250309092,5.263151e-02,3.806685e-09
23.966842250309092,7.314235e-02,9.160961e-09
23.966842250309092,1.025928e-01,1.373217e-08
23.966842250309092,1.448116e-01,2.115403e-08
23.966842250309092,2.023460e-01,3.255161e-08
23.966842250309092,2.834245e-01,4.708565e-08
23.966842250309092,3.967448e-01,6.854448e-08
23.966842250309092,5.552783e-01,9.75021e-08
23.966842250309092,7.774819e-01,1.283263e-07
23.966842250309092,1.088445e+00,1.430675e-07
23.966842250309092,1.523711e+00,1.278073e-07
23.966842250309092,2.088426e+00,8.640909e-08
23.966842250309092,2.685505e+00,4.074932e-08
24.466179095315276,0.e+00,0.e+00
24.466179095315276,1.570796e-02,1.312088e-10
24.466179095315276,2.346256e-02,9.618391e-10
24.466179095315276,3.503514e-02,1.175556e-09
24.466179095315276,5.263151e-02,3.546378e-09
24.466179095315276,7.314235e-02,8.538727e-09
24.466179095315276,1.025928e-01,1.279964e-08
24.466179095315276,1.448116e-01,1.974651e-08
24.466179095315276,2.023460e-01,3.049895e-08
24.466179095315276,2.834245e-01,4.433623e-08
24.466179095315276,3.967448e-01,6.502451e-08
24.466179095315276,5.552783e-01,9.305286e-08
24.466179095315276,7.774819e-01,1.230715e-07
24.466179095315276,1.088445e+00,1.383184e-07
24.466179095315276,1.523711e+00,1.254454e-07
24.466179095315276,2.088426e+00,8.637759e-08
24.466179095315276,2.685505e+00,4.105046e-08
24.97550267722158,0.e+00,0.e+00
24.97550267722158,1.570796e-02,1.218555e-10
24.97550267722158,2.346256e-02,8.926432e-10
24.97550267722158,3.503514e-02,1.090743e-09
24.97550267722158,5.263151e-02,3.294702e-09
24.97550267722158,7.314235e-02,7.933316e-09
24.97550267722158,1.025928e-01,1.189675e-08
24.97550267722158,1.448116e-01,1.837829e-08
24.97550267722158,2.023460e-01,2.84882e-08
24.97550267722158,2.834245e-01,4.165092e-08
24.97550267722158,3.967448e-01,6.15204e-08
24.97550267722158,5.552783e-01,8.85352e-08
24.97550267722158,7.774819e-01,1.176875e-07
24.97550267722158,1.088445e+00,1.333677e-07
24.97550267722158,1.523711e+00,1.228697e-07
24.97550267722158,2.088426e+00,8.637191e-08
24.97550267722158,2.685505e+00,4.160581e-08
25.495012730766014,0.e+00,0.e+00
25.495012730766014,1.570796e-02,1.127425e-10
25.495012730766014,2.346256e-02,8.255408e-10
25.495012730766014,3.503514e-02,1.008545e-09
25.495012730766014,5.263151e-02,3.048933e-09
25.495012730766014,7.314235e-02,7.344765e-09
25.495012730766014,1.025928e-01,1.101764e-08
25.495012730766014,1.448116e-01,1.704506e-08
25.495012730766014,2.023460e-01,2.653133e-08
25.495012730766014,2.834245e-01,3.900599e-08
25.495012730766014,3.967448e-01,5.803345e-08
25.495012730766014,5.552783e-01,8.395096e-08
25.495012730766014,7.774819e-01,1.120927e-07
25.495012730766014,1.088445e+00,1.282269e-07
25.495012730766014,1.523711e+00,1.200555e-07
25.495012730766014,2.088426e+00,8.642392e-08
25.495012730766014,2.685505e+00,4.227029e-08
26.024912985381334,0.e+00,0.e+00
26.024912985381334,1.570796e-02,1.038627e-10
26.024912985381334,2.346256e-02,7.606194e-10
26.024912985381334,3.503514e-02,9.289357e-10
26.024912985381334,5.263151e-02,2.810002e-09
26.024912985381334,7.314235e-02,6.773171e-09
26.024912985381334,1.025928e-01,1.016235e-08
26.024912985381334,1.448116e-01,1.575225e-08
26.024912985381334,2.023460e-01,2.462641e-08
26.024912985381334,2.834245e-01,3.639788e-08
26.024912985381334,3.967448e-01,5.452408e-08
26.024912985381334,5.552783e-01,7.923407e-08
26.024912985381334,7.774819e-01,1.062998e-07
26.024912985381334,1.088445e+00,1.228628e-07
26.024912985381334,1.523711e+00,1.170591e-07
26.024912985381334,2.088426e+00,8.643452e-08
26.024912985381334,2.685505e+00,4.315197e-08
26.56541124508896,0.e+00,0.e+00
26.56541124508896,1.570796e-02,9.515526e-11
26.56541124508896,2.346256e-02,6.970973e-10
26.56541124508896,3.503514e-02,8.512809e-10
26.56541124508896,5.263151e-02,2.577548e-09
26.56541124508896,7.314235e-02,6.215169e-09
26.56541124508896,1.025928e-01,9.331672e-09
26.56541124508896,1.448116e-01,1.449025e-08
26.56541124508896,2.023460e-01,2.274954e-08
26.56541124508896,2.834245e-01,3.383058e-08
26.56541124508896,3.967448e-01,5.099375e-08
26.56541124508896,5.552783e-01,7.443190e-08
26.56541124508896,7.774819e-01,1.003591e-07
26.56541124508896,1.088445e+00,1.171588e-07
26.56541124508896,1.523711e+00,1.138199e-07
26.56541124508896,2.088426e+00,8.643967e-08
26.56541124508896,2.685505e+00,4.455835e-08
27.11671946999074,0.e+00,0.e+00
27.11671946999074,1.570796e-02,8.675727e-11
27.11671946999074,2.346256e-02,6.351405e-10
27.11671946999074,3.503514e-02,7.761743e-10
27.11671946999074,5.263151e-02,2.351922e-09
27.11671946999074,7.314235e-02,5.673234e-09
27.11671946999074,1.025928e-01,8.523128e-09
27.11671946999074,1.448116e-01,1.326159e-08
27.11671946999074,2.023460e-01,2.091394e-08
27.11671946999074,2.834245e-01,3.128153e-08
27.11671946999074,3.967448e-01,4.743238e-08
27.11671946999074,5.552783e-01,6.952483e-08
27.11671946999074,7.774819e-01,9.421284e-08
27.11671946999074,1.088445e+00,1.112044e-07
27.11671946999074,1.523711e+00,1.103073e-07
27.11671946999074,2.088426e+00,8.634488e-08
27.11671946999074,2.685505e+00,4.622309e-08
27.679053859390557,0.e+00,0.e+00
27.679053859390557,1.570796e-02,7.852365e-11
27.679053859390557,2.346256e-02,5.751233e-10
27.679053859390557,3.503514e-02,7.032563e-10
27.679053859390557,5.263151e-02,2.132552e-09
27.679053859390557,7.314235e-02,5.145640e-09
27.679053859390557,1.025928e-01,7.736082e-09
27.679053859390557,1.448116e-01,1.206262e-08
27.679053859390557,2.023460e-01,1.910898e-08
27.679053859390557,2.834245e-01,2.874643e-08
27.679053859390557,3.967448e-01,4.384313e-08
27.679053859390557,5.552783e-01,6.449546e-08
27.679053859390557,7.774819e-01,8.787088e-08
27.679053859390557,1.088445e+00,1.048793e-07
27.679053859390557,1.523711e+00,1.062412e-07
27.679053859390557,2.088426e+00,8.600114e-08
27.679053859390557,2.685505e+00,4.813703e-08
28.252634936578367,0.e+00,0.e+00
28.252634936578367,1.570796e-02,7.054492e-11
28.252634936578367,2.346256e-02,5.16731e-10
28.252634936578367,3.503514e-02,6.322704e-10
28.252634936578367,5.263151e-02,1.918278e-09
28.252634936578367,7.314235e-02,4.633006e-09
28.252634936578367,1.025928e-01,6.970089e-09
28.252634936578367,1.448116e-01,1.089337e-08
28.252634936578367,2.023460e-01,1.733235e-08
28.252634936578367,2.834245e-01,2.622434e-08
28.252634936578367,3.967448e-01,4.020826e-08
28.252634936578367,5.552783e-01,5.935052e-08
28.252634936578367,7.774819e-01,8.128193e-08
28.252634936578367,1.088445e+00,9.821299e-08
28.252634936578367,1.523711e+00,1.017024e-07
28.252634936578367,2.088426e+00,8.531576e-08
28.252634936578367,2.685505e+00,5.040971e-08
28.837687635309937,0.e+00,0.e+00
28.837687635309937,1.570796e-02,6.281280e-11
28.837687635309937,2.346256e-02,4.595542e-10
28.837687635309937,3.503514e-02,5.631600e-10
28.837687635309937,5.263151e-02,1.710019e-09
28.837687635309937,7.314235e-02,4.133348e-09
28.837687635309937,1.025928e-01,6.222551e-09
28.837687635309937,1.448116e-01,9.750672e-09
28.837687635309937,2.023460e-01,1.558324e-08
28.837687635309937,2.834245e-01,2.37114e-08
28.837687635309937,3.967448e-01,3.652889e-08
28.837687635309937,5.552783e-01,5.410644e-08
28.837687635309937,7.774819e-01,7.445518e-08
28.837687635309937,1.088445e+00,9.113070e-08
28.837687635309937,1.523711e+00,9.653794e-08
28.837687635309937,2.088426e+00,8.422499e-08
28.837687635309937,2.685505e+00,5.293768e-08
29.434441388016136,0.e+00,0.e+00
29.434441388016136,1.570796e-02,5.52406e-11
29.434441388016136,2.346256e-02,4.040540e-10
29.434441388016136,3.503514e-02,4.96165e-10
29.434441388016136,5.263151e-02,1.507265e-09
29.434441388016136,7.314235e-02,3.648220e-09
29.434441388016136,1.025928e-01,5.494534e-09
29.434441388016136,1.448116e-01,8.631734e-09
29.434441388016136,2.023460e-01,1.385897e-08
29.434441388016136,2.834245e-01,2.120075e-08
29.434441388016136,3.967448e-01,3.280591e-08
29.434441388016136,5.552783e-01,4.871459e-08
29.434441388016136,7.774819e-01,6.742232e-08
29.434441388016136,1.088445e+00,8.357081e-08
29.434441388016136,1.523711e+00,9.075045e-08
29.434441388016136,2.088426e+00,8.252882e-08
29.434441388016136,2.685505e+00,5.561160e-08
30.043130215776458,0.e+00,0.e+00
30.043130215776458,1.570796e-02,4.792674e-11
30.043130215776458,2.346256e-02,3.503557e-10
30.043130215776458,3.503514e-02,4.308890e-10
30.043130215776458,5.263151e-02,1.309886e-09
30.043130215776458,7.314235e-02,3.174229e-09
30.043130215776458,1.025928e-01,4.784266e-09
30.043130215776458,1.448116e-01,7.535265e-09
30.043130215776458,2.023460e-01,1.215368e-08
30.043130215776458,2.834245e-01,1.868973e-08
30.043130215776458,3.967448e-01,2.903255e-08
30.043130215776458,5.552783e-01,4.323533e-08
30.043130215776458,7.774819e-01,6.015354e-08
30.043130215776458,1.088445e+00,7.556519e-08
30.043130215776458,1.523711e+00,8.418231e-08
30.043130215776458,2.088426e+00,8.00011e-08
30.043130215776458,2.685505e+00,5.819349e-08
30.663992820091988,0.e+00,0.e+00
30.663992820091988,1.570796e-02,4.082618e-11
30.663992820091988,2.346256e-02,2.980989e-10
30.663992820091988,3.503514e-02,3.674519e-10
30.663992820091988,5.263151e-02,1.11756e-09
30.663992820091988,7.314235e-02,2.712384e-09
30.663992820091988,1.025928e-01,4.09273e-09
30.663992820091988,1.448116e-01,6.46005e-09
30.663992820091988,2.023460e-01,1.046478e-08
30.663992820091988,2.834245e-01,1.617744e-08
30.663992820091988,3.967448e-01,2.5218e-08
30.663992820091988,5.552783e-01,3.764572e-08
30.663992820091988,7.774819e-01,5.268083e-08
30.663992820091988,1.088445e+00,6.702223e-08
30.663992820091988,1.523711e+00,7.670578e-08
30.663992820091988,2.088426e+00,7.637288e-08
30.663992820091988,2.685505e+00,6.021476e-08
31.297272676493826,0.e+00,0.e+00
31.297272676493826,1.570796e-02,3.397494e-11
31.297272676493826,2.346256e-02,2.477579e-10
31.297272676493826,3.503514e-02,3.057983e-10
31.297272676493826,5.263151e-02,9.305289e-10
31.297272676493826,7.314235e-02,2.262134e-09
31.297272676493826,1.025928e-01,3.416412e-09
31.297272676493826,1.448116e-01,5.406003e-09
31.297272676493826,2.023460e-01,8.796362e-09
31.297272676493826,2.834245e-01,1.3664e-08
31.297272676493826,3.967448e-01,2.136528e-08
31.297272676493826,5.552783e-01,3.197473e-08
31.297272676493826,7.774819e-01,4.497247e-08
31.297272676493826,1.088445e+00,5.798897e-08
31.297272676493826,1.523711e+00,6.817053e-08
31.297272676493826,2.088426e+00,7.124344e-08
31.297272676493826,2.685505e+00,6.119327e-08
31.943218130023702,0.e+00,0.e+00
31.943218130023702,1.570796e-02,2.729364e-11
31.943218130023702,2.346256e-02,1.987074e-10
31.943218130023702,3.503514e-02,2.459183e-10
31.943218130023702,5.263151e-02,7.486258e-10
31.943218130023702,7.314235e-02,1.823639e-09
31.943218130023702,1.025928e-01,2.756492e-09
31.943218130023702,1.448116e-01,4.372317e-09
31.943218130023702,2.023460e-01,7.143580e-09
31.943218130023702,2.834245e-01,1.115032e-08
31.943218130023702,3.967448e-01,1.747216e-08
31.943218130023702,5.552783e-01,2.621152e-08
31.943218130023702,7.774819e-01,3.705290e-08
31.943218130023702,1.088445e+00,4.842699e-08
31.943218130023702,1.523711e+00,5.854868e-08
31.943218130023702,2.088426e+00,6.448158e-08
31.943218130023702,2.685505e+00,6.037622e-08
32.60208249262418,0.e+00,0.e+00
32.60208249262418,1.570796e-02,2.076743e-11
32.60208249262418,2.346256e-02,1.514831e-10
32.60208249262418,3.503514e-02,1.878704e-10
32.60208249262418,5.263151e-02,5.719403e-10
32.60208249262418,7.314235e-02,1.396219e-09
32.60208249262418,1.025928e-01,2.112488e-09
32.60208249262418,1.448116e-01,3.359191e-09
32.60208249262418,2.023460e-01,5.509553e-09
32.60208249262418,2.834245e-01,8.642839e-09
32.60208249262418,3.967448e-01,1.35663e-08
32.60208249262418,5.552783e-01,2.039253e-08
32.60208249262418,7.774819e-01,2.895558e-08
32.60208249262418,1.088445e+00,3.832708e-08
32.60208249262418,1.523711e+00,4.767389e-08
32.60208249262418,2.088426e+00,5.550681e-08
32.60208249262418,2.685505e+00,5.674760e-08
33.27412414247666,0.e+00,0.e+00
33.27412414247666,1.570796e-02,1.452998e-11
33.27412414247666,2.346256e-02,1.055702e-10
33.27412414247666,3.503514e-02,1.313477e-10
33.27412414247666,5.263151e-02,4.001235e-10
33.27412414247666,7.314235e-02,9.788157e-10
33.27412414247666,1.025928e-01,1.483282e-09
33.27412414247666,1.448116e-01,2.3651e-09
33.27412414247666,2.023460e-01,3.894487e-09
33.27412414247666,2.834245e-01,6.138272e-09
33.27412414247666,3.967448e-01,9.652133e-09
33.27412414247666,5.552783e-01,1.454009e-08
33.27412414247666,7.774819e-01,2.074943e-08
33.27412414247666,1.088445e+00,2.779132e-08
33.27412414247666,1.523711e+00,3.554670e-08
33.27412414247666,2.088426e+00,4.380028e-08
33.27412414247666,2.685505e+00,4.868756e-08
33.959606625326195,0.e+00,0.e+00
33.959606625326195,1.570796e-02,8.758900e-12
33.959606625326195,2.346256e-02,6.399930e-11
33.959606625326195,3.503514e-02,7.951114e-11
33.959606625326195,5.263151e-02,2.419114e-10
33.959606625326195,7.314235e-02,5.929011e-10
33.959606625326195,1.025928e-01,8.990208e-10
33.959606625326195,1.448116e-01,1.433759e-09
33.959606625326195,2.023460e-01,2.360983e-09
33.959606625326195,2.834245e-01,3.716799e-09
33.959606625326195,3.967448e-01,5.821015e-09
33.959606625326195,5.552783e-01,8.737617e-09
33.959606625326195,7.774819e-01,1.246580e-08
33.959606625326195,1.088445e+00,1.684531e-08
33.959606625326195,1.523711e+00,2.211131e-08
33.959606625326195,2.088426e+00,2.869964e-08
33.959606625326195,2.685505e+00,3.425904e-08
34.65879875783272,0.e+00,0.e+00
34.65879875783272,1.570796e-02,3.078144e-12
34.65879875783272,2.346256e-02,2.161618e-11
34.65879875783272,3.503514e-02,2.321209e-11
34.65879875783272,5.263151e-02,7.676535e-11
34.65879875783272,7.314235e-02,1.858558e-10
34.65879875783272,1.025928e-01,2.784784e-10
34.65879875783272,1.448116e-01,4.543157e-10
34.65879875783272,2.023460e-01,7.503883e-10
34.65879875783272,2.834245e-01,1.199873e-09
34.65879875783272,3.967448e-01,1.886825e-09
34.65879875783272,5.552783e-01,2.847234e-09
34.65879875783272,7.774819e-01,4.087983e-09
34.65879875783272,1.088445e+00,5.599167e-09
34.65879875783272,1.523711e+00,7.517931e-09
34.65879875783272,2.088426e+00,1.025636e-08
34.65879875783272,2.685505e+00,1.316131e-08
35.37197473298937,0.e+00,0.e+00
35.37197473298937,1.570796e-02,0.e+00
35.37197473298937,2.346256e-02,0.e+00
35.37197473298937,3.503514e-02,0.e+00
35.37197473298937,5.263151e-02,0.e+00
35.37197473298937,7.314235e-02,0.e+00
35.37197473298937,1.025928e-01,0.e+00
35.37197473298937,1.448116e-01,0.e+00
35.37197473298937,2.023460e-01,0.e+00
35.37197473298937,2.834245e-01,0.e+00
35.37197473298937,3.967448e-01,0.e+00
35.37197473298937,5.552783e-01,0.e+00
35.37197473298937,7.774819e-01,0.e+00
35.37197473298937,1.088445e+00,0.e+00
35.37197473298937,1.523711e+00,0.e+00
35.37197473298937,2.088426e+00,0.e+00
35.37197473298937,2.685505e+00,0.e+00
