5.0,0.e+00,0.e+00
5.0,1.570796e-02,0.e+00
5.0,2.346256e-02,0.e+00
5.0,3.503514e-02,0.e+00
5.0,5.263151e-02,0.e+00
5.0,7.314235e-02,0.e+00
5.0,1.025928e-01,0.e+00
5.0,1.448116e-01,0.e+00
5.0,2.023460e-01,0.e+00
5.0,2.834245e-01,0.e+00
5.0,3.967448e-01,0.e+00
5.0,5.552783e-01,0.e+00
5.0,7.774819e-01,0.e+00
5.0,1.088445e+00,0.e+00
5.0,1.523711e+00,0.e+00
5.0,2.088426e+00,0.e+00
5.0,2.685505e+00,0.e+00
5.12,0.e+00,0.e+00
5.12,1.570796e-02,0.e+00
5.12,2.346256e-02,0.e+00
5.12,3.503514e-02,0.e+00
5.12,5.263151e-02,0.e+00
5.12,7.314235e-02,0.e+00
5.12,1.025928e-01,0.e+00
5.12,1.448116e-01,0.e+00
5.12,2.023460e-01,0.e+00
5.12,2.834245e-01,0.e+00
5.12,3.967448e-01,0.e+00
5.12,5.552783e-01,0.e+00
5.12,7.774819e-01,0.e+00
5.12,1.088445e+00,0.e+00
5.12,1.523711e+00,0.e+00
5.12,2.088426e+00,0.e+00
5.12,2.685505e+00,0.e+00
5.2424,0.e+00,0.e+00
5.2424,1.570796e-02,0.e+00
5.2424,2.346256e-02,0.e+00
5.2424,3.503514e-02,0.e+00
5.2424,5.263151e-02,0.e+00
5.2424,7.314235e-02,0.e+00
5.2424,1.025928e-01,0.e+00
5.2424,1.448116e-01,0.e+00
5.2424,2.023460e-01,0.e+00
5.2424,2.834245e-01,0.e+00
5.2424,3.967448e-01,0.e+00
5.2424,5.552783e-01,0.e+00
5.2424,7.774819e-01,0.e+00
5.2424,1.088445e+00,0.e+00
5.2424,1.523711e+00,0.e+00
5.2424,2.088426e+00,0.e+00
5.2424,2.685505e+00,0.e+00
5.367248,0.e+00,0.e+00
5.367248,1.570796e-02,0.e+00
5.367248,2.346256e-02,0.e+00
5.367248,3.503514e-02,0.e+00
5.367248,5.263151e-02,0.e+00
5.367248,7.314235e-02,0.e+00
5.367248,1.025928e-01,0.e+00
5.367248,1.448116e-01,0.e+00
5.367248,2.023460e-01,0.e+00
5.367248,2.834245e-01,0.e+00
5.367248,3.967448e-01,0.e+00
5.367248,5.552783e-01,0.e+00
5.367248,7.774819e-01,0.e+00
5.367248,1.088445e+00,0.e+00
5.367248,1.523711e+00,0.e+00
5.367248,2.088426e+00,0.e+00
5.367248,2.685505e+00,0.e+00
5.49459296,0.e+00,0.e+00
5.49459296,1.570796e-02,0.e+00
5.49459296,2.346256e-02,0.e+00
5.49459296,3.503514e-02,0.e+00
5.49459296,5.263151e-02,0.e+00
5.49459296,7.314235e-02,0.e+00
5.49459296,1.025928e-01,0.e+00
5.49459296,1.448116e-01,0.e+00
5.49459296,2.023460e-01,0.e+00
5.49459296,2.834245e-01,0.e+00
5.49459296,3.967448e-01,0.e+00
5.49459296,5.552783e-01,0.e+00
5.49459296,7.774819e-01,0.e+00
5.49459296,1.088445e+00,0.e+00
5.49459296,1.523711e+00,0.e+00
5.49459296,2.088426e+00,0.e+00
5.49459296,2.685505e+00,0.e+00
5.6244848192,0.e+00,0.e+00
5.6244848192,1.570796e-02,0.e+00
5.6244848192,2.346256e-02,0.e+00
5.6244848192,3.503514e-02,0.e+00
5.6244848192,5.263151e-02,0.e+00
5.6244848192,7.314235e-02,0.e+00
5.6244848192,1.025928e-01,0.e+00
5.6244848192,1.448116e-01,0.e+00
5.6244848192,2.023460e-01,0.e+00
5.6244848192,2.834245e-01,0.e+00
5.6244848192,3.967448e-01,0.e+00
5.6244848192,5.552783e-01,0.e+00
5.6244848192,7.774819e-01,0.e+00
5.6244848192,1.088445e+00,0.e+00
5.6244848192,1.523711e+00,0.e+00
5.6244848192,2.088426e+00,0.e+00
5.6244848192,2.685505e+00,0.e+00
5.756974515584,0.e+00,0.e+00
5.756974515584,1.570796e-02,0.e+00
5.756974515584,2.346256e-02,0.e+00
5.756974515584,3.503514e-02,0.e+00
5.756974515584,5.263151e-02,0.e+00
5.756974515584,7.314235e-02,0.e+00
5.756974515584,1.025928e-01,0.e+00
5.756974515584,1.448116e-01,0.e+00
5.756974515584,2.023460e-01,0.e+00
5.756974515584,2.834245e-01,0.e+00
5.756974515584,3.967448e-01,0.e+00
5.756974515584,5.552783e-01,0.e+00
5.756974515584,7.774819e-01,0.e+00
5.756974515584,1.088445e+00,0.e+00
5.756974515584,1.523711e+00,0.e+00
5.756974515584,2.088426e+00,0.e+00
5.756974515584,2.685505e+00,0.e+00
5.89211400589568,0.e+00,0.e+00
5.89211400589568,1.570796e-02,-2.737145e-06
5.89211400589568,2.346256e-02,5.026691e-08
5.89211400589568,3.503514e-02,-8.340341e-08
5.89211400589568,5.263151e-02,-1.269719e-05
5.89211400589568,7.314235e-02,-1.73379e-06
5.89211400589568,1.025928e-01,3.516567e-06
5.89211400589568,1.448116e-01,3.652142e-06
5.89211400589568,2.023460e-01,-6.334697e-06
5.89211400589568,2.834245e-01,-9.184e-06
5.89211400589568,3.967448e-01,-3.339213e-07
5.89211400589568,5.552783e-01,-3.982646e-06
5.89211400589568,7.774819e-01,-2.526613e-06
5.89211400589568,1.088445e+00,-1.904724e-06
5.89211400589568,1.523711e+00,-2.170806e-06
5.89211400589568,2.088426e+00,-2.646867e-06
5.89211400589568,2.685505e+00,-2.184023e-06
6.029956286013594,0.e+00,0.e+00
6.029956286013594,1.570796e-02,-7.421585e-05
6.029956286013594,2.346256e-02,-6.561093e-06
6.029956286013594,3.503514e-02,-2.337453e-06
6.029956286013594,5.263151e-02,-2.567275e-04
6.029956286013594,7.314235e-02,-1.866419e-04
6.029956286013594,1.025928e-01,-8.02234e-05
6.029956286013594,1.448116e-01,-7.017285e-05
6.029956286013594,2.023460e-01,-1.149842e-04
6.029956286013594,2.834245e-01,-9.157913e-05
6.029956286013594,3.967448e-01,-6.197123e-05
6.029956286013594,5.552783e-01,-6.775627e-05
6.029956286013594,7.774819e-01,-6.35647e-05
6.029956286013594,1.088445e+00,-6.381644e-05
6.029956286013594,1.523711e+00,-6.229354e-05
6.029956286013594,2.088426e+00,-6.737479e-05
6.029956286013594,2.685505e+00,-7.330203e-05
6.170555411733866,0.e+00,0.e+00
6.170555411733866,1.570796e-02,-3.063289e-04
6.170555411733866,2.346256e-02,-7.51263e-05
6.170555411733866,3.503514e-02,-2.408533e-04
6.170555411733866,5.263151e-02,-6.678992e-04
6.170555411733866,7.314235e-02,-9.976321e-04
6.170555411733866,1.025928e-01,-7.475902e-04
6.170555411733866,1.448116e-01,-6.00643e-04
6.170555411733866,2.023460e-01,-5.762406e-04
6.170555411733866,2.834245e-01,-4.753626e-04
6.170555411733866,3.967448e-01,-4.58783e-04
6.170555411733866,5.552783e-01,-4.306745e-04
6.170555411733866,7.774819e-01,-3.878667e-04
6.170555411733866,1.088445e+00,-3.420630e-04
6.170555411733866,1.523711e+00,-3.199041e-04
6.170555411733866,2.088426e+00,-3.605047e-04
6.170555411733866,2.685505e+00,-3.716118e-04
6.3139665199685435,0.e+00,0.e+00
6.3139665199685435,1.570796e-02,-7.660095e-04
6.3139665199685435,2.346256e-02,-2.882740e-04
6.3139665199685435,3.503514e-02,-9.532403e-04
6.3139665199685435,5.263151e-02,-1.667225e-03
6.3139665199685435,7.314235e-02,-2.588633e-03
6.3139665199685435,1.025928e-01,-2.367127e-03
6.3139665199685435,1.448116e-01,-2.369133e-03
6.3139665199685435,2.023460e-01,-2.031370e-03
6.3139665199685435,2.834245e-01,-2.087852e-03
6.3139665199685435,3.967448e-01,-1.876126e-03
6.3139665199685435,5.552783e-01,-1.667735e-03
6.3139665199685435,7.774819e-01,-1.391677e-03
6.3139665199685435,1.088445e+00,-1.233161e-03
6.3139665199685435,1.523711e+00,-1.184057e-03
6.3139665199685435,2.088426e+00,-1.293643e-03
6.3139665199685435,2.685505e+00,-1.322771e-03
6.460245850367914,0.e+00,0.e+00
6.460245850367914,1.570796e-02,-1.153181e-03
6.460245850367914,2.346256e-02,-7.340631e-04
6.460245850367914,3.503514e-02,-1.733351e-03
6.460245850367914,5.263151e-02,-3.410313e-03
6.460245850367914,7.314235e-02,-5.013737e-03
6.460245850367914,1.025928e-01,-5.280727e-03
6.460245850367914,1.448116e-01,-5.503943e-03
6.460245850367914,2.023460e-01,-4.83037e-03
6.460245850367914,2.834245e-01,-5.070173e-03
6.460245850367914,3.967448e-01,-4.420896e-03
6.460245850367914,5.552783e-01,-3.877452e-03
6.460245850367914,7.774819e-01,-3.276912e-03
6.460245850367914,1.088445e+00,-2.842803e-03
6.460245850367914,1.523711e+00,-2.693366e-03
6.460245850367914,2.088426e+00,-2.897243e-03
6.460245850367914,2.685505e+00,-2.982727e-03
6.6094507673752725,0.e+00,0.e+00
6.6094507673752725,1.570796e-02,-1.433103e-03
6.6094507673752725,2.346256e-02,-1.163861e-03
6.6094507673752725,3.503514e-02,-2.457799e-03
6.6094507673752725,5.263151e-02,-5.387047e-03
6.6094507673752725,7.314235e-02,-8.179927e-03
6.6094507673752725,1.025928e-01,-9.276854e-03
6.6094507673752725,1.448116e-01,-9.893097e-03
6.6094507673752725,2.023460e-01,-9.274341e-03
6.6094507673752725,2.834245e-01,-9.643930e-03
6.6094507673752725,3.967448e-01,-8.555902e-03
6.6094507673752725,5.552783e-01,-7.421688e-03
6.6094507673752725,7.774819e-01,-6.283175e-03
6.6094507673752725,1.088445e+00,-5.328346e-03
6.6094507673752725,1.523711e+00,-5.016566e-03
6.6094507673752725,2.088426e+00,-5.347495e-03
6.6094507673752725,2.685505e+00,-5.450444e-03
6.761639782722778,0.e+00,0.e+00
6.761639782722778,1.570796e-02,-1.435829e-03
6.761639782722778,2.346256e-02,-1.372423e-03
6.761639782722778,3.503514e-02,-2.802143e-03
6.761639782722778,5.263151e-02,-7.015977e-03
6.761639782722778,7.314235e-02,-1.082467e-02
6.761639782722778,1.025928e-01,-1.38785e-02
6.761639782722778,1.448116e-01,-1.499468e-02
6.761639782722778,2.023460e-01,-1.493770e-02
6.761639782722778,2.834245e-01,-1.510964e-02
6.761639782722778,3.967448e-01,-1.379202e-02
6.761639782722778,5.552783e-01,-1.182039e-02
6.761639782722778,7.774819e-01,-1.007831e-02
6.761639782722778,1.088445e+00,-8.55776e-03
6.761639782722778,1.523711e+00,-7.923751e-03
6.761639782722778,2.088426e+00,-8.382791e-03
6.761639782722778,2.685505e+00,-8.442436e-03
6.916872578377234,0.e+00,0.e+00
6.916872578377234,1.570796e-02,-1.363642e-03
6.916872578377234,2.346256e-02,-1.371206e-03
6.916872578377234,3.503514e-02,-2.893165e-03
6.916872578377234,5.263151e-02,-7.938614e-03
6.916872578377234,7.314235e-02,-1.314363e-02
6.916872578377234,1.025928e-01,-1.766184e-02
6.916872578377234,1.448116e-01,-1.958667e-02
6.916872578377234,2.023460e-01,-2.062405e-02
6.916872578377234,2.834245e-01,-2.065335e-02
6.916872578377234,3.967448e-01,-1.927691e-02
6.916872578377234,5.552783e-01,-1.667221e-02
6.916872578377234,7.774819e-01,-1.417380e-02
6.916872578377234,1.088445e+00,-1.198741e-02
6.916872578377234,1.523711e+00,-1.102645e-02
6.916872578377234,2.088426e+00,-1.144774e-02
6.916872578377234,2.685505e+00,-1.15437e-02
7.075210029944779,0.e+00,0.e+00
7.075210029944779,1.570796e-02,-1.287997e-03
7.075210029944779,2.346256e-02,-1.294820e-03
7.075210029944779,3.503514e-02,-2.856244e-03
7.075210029944779,5.263151e-02,-8.260264e-03
7.075210029944779,7.314235e-02,-1.421969e-02
7.075210029944779,1.025928e-01,-2.005149e-02
7.075210029944779,1.448116e-01,-2.317659e-02
7.075210029944779,2.023460e-01,-2.526551e-02
7.075210029944779,2.834245e-01,-2.574612e-02
7.075210029944779,3.967448e-01,-2.420613e-02
7.075210029944779,5.552783e-01,-2.117918e-02
7.075210029944779,7.774819e-01,-1.821064e-02
7.075210029944779,1.088445e+00,-1.530916e-02
7.075210029944779,1.523711e+00,-1.385855e-02
7.075210029944779,2.088426e+00,-1.427365e-02
7.075210029944779,2.685505e+00,-1.414681e-02
7.236714230543676,0.e+00,0.e+00
7.236714230543676,1.570796e-02,-1.186901e-03
7.236714230543676,2.346256e-02,-1.144374e-03
7.236714230543676,3.503514e-02,-2.713694e-03
7.236714230543676,5.263151e-02,-8.157014e-03
7.236714230543676,7.314235e-02,-1.423903e-02
7.236714230543676,1.025928e-01,-2.130836e-02
7.236714230543676,1.448116e-01,-2.538805e-02
7.236714230543676,2.023460e-01,-2.889401e-02
7.236714230543676,2.834245e-01,-3.006678e-02
7.236714230543676,3.967448e-01,-2.856844e-02
7.236714230543676,5.552783e-01,-2.54667e-02
7.236714230543676,7.774819e-01,-2.184367e-02
7.236714230543676,1.088445e+00,-1.842927e-02
7.236714230543676,1.523711e+00,-1.65208e-02
7.236714230543676,2.088426e+00,-1.671925e-02
7.236714230543676,2.685505e+00,-1.632116e-02
7.401448515154549,0.e+00,0.e+00
7.401448515154549,1.570796e-02,-1.072285e-03
7.401448515154549,2.346256e-02,-9.798831e-04
7.401448515154549,3.503514e-02,-2.556275e-03
7.401448515154549,5.263151e-02,-7.670163e-03
7.401448515154549,7.314235e-02,-1.365341e-02
7.401448515154549,1.025928e-01,-2.148355e-02
7.401448515154549,1.448116e-01,-2.646990e-02
7.401448515154549,2.023460e-01,-3.12105e-02
7.401448515154549,2.834245e-01,-3.339073e-02
7.401448515154549,3.967448e-01,-3.231713e-02
7.401448515154549,5.552783e-01,-2.906554e-02
7.401448515154549,7.774819e-01,-2.516136e-02
7.401448515154549,1.088445e+00,-2.117178e-02
7.401448515154549,1.523711e+00,-1.887401e-02
7.401448515154549,2.088426e+00,-1.887020e-02
7.401448515154549,2.685505e+00,-1.832819e-02
7.569477485457639,0.e+00,0.e+00
7.569477485457639,1.570796e-02,-9.603016e-04
7.569477485457639,2.346256e-02,-8.480218e-04
7.569477485457639,3.503514e-02,-2.390681e-03
7.569477485457639,5.263151e-02,-7.200019e-03
7.569477485457639,7.314235e-02,-1.282515e-02
7.569477485457639,1.025928e-01,-2.091692e-02
7.569477485457639,1.448116e-01,-2.657530e-02
7.569477485457639,2.023460e-01,-3.228458e-02
7.569477485457639,2.834245e-01,-3.556571e-02
7.569477485457639,3.967448e-01,-3.519308e-02
7.569477485457639,5.552783e-01,-3.193248e-02
7.569477485457639,7.774819e-01,-2.789928e-02
7.569477485457639,1.088445e+00,-2.348831e-02
7.569477485457639,1.523711e+00,-2.091496e-02
7.569477485457639,2.088426e+00,-2.071751e-02
7.569477485457639,2.685505e+00,-1.99142e-02
7.740867035166792,0.e+00,0.e+00
7.740867035166792,1.570796e-02,-8.896262e-04
7.740867035166792,2.346256e-02,-7.610551e-04
7.740867035166792,3.503514e-02,-2.195616e-03
7.740867035166792,5.263151e-02,-6.698885e-03
7.740867035166792,7.314235e-02,-1.191861e-02
7.740867035166792,1.025928e-01,-1.977104e-02
7.740867035166792,1.448116e-01,-2.583667e-02
7.740867035166792,2.023460e-01,-3.235372e-02
7.740867035166792,2.834245e-01,-3.672803e-02
7.740867035166792,3.967448e-01,-3.709043e-02
7.740867035166792,5.552783e-01,-3.426842e-02
7.740867035166792,7.774819e-01,-3.019449e-02
7.740867035166792,1.088445e+00,-2.544103e-02
7.740867035166792,1.523711e+00,-2.256772e-02
7.740867035166792,2.088426e+00,-2.219847e-02
7.740867035166792,2.685505e+00,-2.117511e-02
7.9156843758701285,0.e+00,0.e+00
7.9156843758701285,1.570796e-02,-8.176162e-04
7.9156843758701285,2.346256e-02,-6.886716e-04
7.9156843758701285,3.503514e-02,-1.984120e-03
7.9156843758701285,5.263151e-02,-6.11762e-03
7.9156843758701285,7.314235e-02,-1.085099e-02
7.9156843758701285,1.025928e-01,-1.840277e-02
7.9156843758701285,1.448116e-01,-2.466059e-02
7.9156843758701285,2.023460e-01,-3.175819e-02
7.9156843758701285,2.834245e-01,-3.698102e-02
7.9156843758701285,3.967448e-01,-3.831666e-02
7.9156843758701285,5.552783e-01,-3.594509e-02
7.9156843758701285,7.774819e-01,-3.197927e-02
7.9156843758701285,1.088445e+00,-2.706750e-02
7.9156843758701285,1.523711e+00,-2.394664e-02
7.9156843758701285,2.088426e+00,-2.342146e-02
7.9156843758701285,2.685505e+00,-2.205233e-02
8.09399806338753,0.e+00,0.e+00
8.09399806338753,1.570796e-02,-7.460718e-04
8.09399806338753,2.346256e-02,-6.189676e-04
8.09399806338753,3.503514e-02,-1.772010e-03
8.09399806338753,5.263151e-02,-5.520725e-03
8.09399806338753,7.314235e-02,-9.769611e-03
8.09399806338753,1.025928e-01,-1.691148e-02
8.09399806338753,1.448116e-01,-2.313599e-02
8.09399806338753,2.023460e-01,-3.057475e-02
8.09399806338753,2.834245e-01,-3.646044e-02
8.09399806338753,3.967448e-01,-3.870772e-02
8.09399806338753,5.552783e-01,-3.697252e-02
8.09399806338753,7.774819e-01,-3.321993e-02
8.09399806338753,1.088445e+00,-2.828277e-02
8.09399806338753,1.523711e+00,-2.50271e-02
8.09399806338753,2.088426e+00,-2.435312e-02
8.09399806338753,2.685505e+00,-2.279883e-02
8.275878024655281,0.e+00,0.e+00
8.275878024655281,1.570796e-02,-6.737665e-04
8.275878024655281,2.346256e-02,-5.559089e-04
8.275878024655281,3.503514e-02,-1.588603e-03
8.275878024655281,5.263151e-02,-4.940990e-03
8.275878024655281,7.314235e-02,-8.721603e-03
8.275878024655281,1.025928e-01,-1.539123e-02
8.275878024655281,1.448116e-01,-2.137892e-02
8.275878024655281,2.023460e-01,-2.893916e-02
8.275878024655281,2.834245e-01,-3.5291e-02
8.275878024655281,3.967448e-01,-3.836358e-02
8.275878024655281,5.552783e-01,-3.733499e-02
8.275878024655281,7.774819e-01,-3.403172e-02
8.275878024655281,1.088445e+00,-2.91988e-02
8.275878024655281,1.523711e+00,-2.581475e-02
8.275878024655281,2.088426e+00,-2.506396e-02
8.275878024655281,2.685505e+00,-2.330389e-02
8.461395585148386,0.e+00,0.e+00
8.461395585148386,1.570796e-02,-6.048238e-04
8.461395585148386,2.346256e-02,-4.952989e-04
8.461395585148386,3.503514e-02,-1.417187e-03
8.461395585148386,5.263151e-02,-4.407291e-03
8.461395585148386,7.314235e-02,-7.773435e-03
8.461395585148386,1.025928e-01,-1.385498e-02
8.461395585148386,1.448116e-01,-1.949819e-02
8.461395585148386,2.023460e-01,-2.701671e-02
8.461395585148386,2.834245e-01,-3.368379e-02
8.461395585148386,3.967448e-01,-3.749211e-02
8.461395585148386,5.552783e-01,-3.7139e-02
8.461395585148386,7.774819e-01,-3.43011e-02
8.461395585148386,1.088445e+00,-2.969425e-02
8.461395585148386,1.523711e+00,-2.629013e-02
8.461395585148386,2.088426e+00,-2.551093e-02
8.461395585148386,2.685505e+00,-2.349320e-02
8.650623496851354,0.e+00,0.e+00
8.650623496851354,1.570796e-02,-5.461526e-04
8.650623496851354,2.346256e-02,-4.325015e-04
8.650623496851354,3.503514e-02,-1.254439e-03
8.650623496851354,5.263151e-02,-3.92499e-03
8.650623496851354,7.314235e-02,-6.942821e-03
8.650623496851354,1.025928e-01,-1.23829e-02
8.650623496851354,1.448116e-01,-1.761612e-02
8.650623496851354,2.023460e-01,-2.493313e-02
8.650623496851354,2.834245e-01,-3.174798e-02
8.650623496851354,3.967448e-01,-3.614374e-02
8.650623496851354,5.552783e-01,-3.640922e-02
8.650623496851354,7.774819e-01,-3.405761e-02
8.650623496851354,1.088445e+00,-2.981145e-02
8.650623496851354,1.523711e+00,-2.650245e-02
8.650623496851354,2.088426e+00,-2.569061e-02
8.650623496851354,2.685505e+00,-2.35129e-02
8.843635966788382,0.e+00,0.e+00
8.843635966788382,1.570796e-02,-4.911423e-04
8.843635966788382,2.346256e-02,-3.772259e-04
8.843635966788382,3.503514e-02,-1.109049e-03
8.843635966788382,5.263151e-02,-3.479922e-03
8.843635966788382,7.314235e-02,-6.194523e-03
8.843635966788382,1.025928e-01,-1.103995e-02
8.843635966788382,1.448116e-01,-1.578652e-02
8.843635966788382,2.023460e-01,-2.27851e-02
8.843635966788382,2.834245e-01,-2.955059e-02
8.843635966788382,3.967448e-01,-3.438950e-02
8.843635966788382,5.552783e-01,-3.525792e-02
8.843635966788382,7.774819e-01,-3.339925e-02
8.843635966788382,1.088445e+00,-2.958967e-02
8.843635966788382,1.523711e+00,-2.64653e-02
8.843635966788382,2.088426e+00,-2.566673e-02
8.843635966788382,2.685505e+00,-2.337749e-02
9.04050868612415,0.e+00,0.e+00
9.04050868612415,1.570796e-02,-4.3766e-04
9.04050868612415,2.346256e-02,-3.283321e-04
9.04050868612415,3.503514e-02,-9.790536e-04
9.04050868612415,5.263151e-02,-3.079412e-03
9.04050868612415,7.314235e-02,-5.510817e-03
9.04050868612415,1.025928e-01,-9.809716e-03
9.04050868612415,1.448116e-01,-1.405783e-02
9.04050868612415,2.023460e-01,-2.063065e-02
9.04050868612415,2.834245e-01,-2.719796e-02
9.04050868612415,3.967448e-01,-3.23263e-02
9.04050868612415,5.552783e-01,-3.374584e-02
9.04050868612415,7.774819e-01,-3.244311e-02
9.04050868612415,1.088445e+00,-2.910454e-02
9.04050868612415,1.523711e+00,-2.620189e-02
9.04050868612415,2.088426e+00,-2.549046e-02
9.04050868612415,2.685505e+00,-2.314990e-02
9.241318859846633,0.e+00,0.e+00
9.241318859846633,1.570796e-02,-3.883885e-04
9.241318859846633,2.346256e-02,-2.870056e-04
9.241318859846633,3.503514e-02,-8.615845e-04
9.241318859846633,5.263151e-02,-2.713674e-03
9.241318859846633,7.314235e-02,-4.887665e-03
9.241318859846633,1.025928e-01,-8.697742e-03
9.241318859846633,1.448116e-01,-1.24826e-02
9.241318859846633,2.023460e-01,-1.854684e-02
9.241318859846633,2.834245e-01,-2.481143e-02
9.241318859846633,3.967448e-01,-3.005937e-02
9.241318859846633,5.552783e-01,-3.197638e-02
9.241318859846633,7.774819e-01,-3.118626e-02
9.241318859846633,1.088445e+00,-2.836223e-02
9.241318859846633,1.523711e+00,-2.574215e-02
9.241318859846633,2.088426e+00,-2.51222e-02
9.241318859846633,2.685505e+00,-2.272233e-02
9.446145237043565,0.e+00,0.e+00
9.446145237043565,1.570796e-02,-3.425966e-04
9.446145237043565,2.346256e-02,-2.494981e-04
9.446145237043565,3.503514e-02,-7.526339e-04
9.446145237043565,5.263151e-02,-2.38869e-03
9.446145237043565,7.314235e-02,-4.309498e-03
9.446145237043565,1.025928e-01,-7.695459e-03
9.446145237043565,1.448116e-01,-1.10535e-02
9.446145237043565,2.023460e-01,-1.657190e-02
9.446145237043565,2.834245e-01,-2.242946e-02
9.446145237043565,3.967448e-01,-2.770637e-02
9.446145237043565,5.552783e-01,-2.999524e-02
9.446145237043565,7.774819e-01,-2.969172e-02
9.446145237043565,1.088445e+00,-2.736927e-02
9.446145237043565,1.523711e+00,-2.509598e-02
9.446145237043565,2.088426e+00,-2.455521e-02
9.446145237043565,2.685505e+00,-2.210747e-02
9.655068141784437,0.e+00,0.e+00
9.655068141784437,1.570796e-02,-3.006539e-04
9.655068141784437,2.346256e-02,-2.166132e-04
9.655068141784437,3.503514e-02,-6.581998e-04
9.655068141784437,5.263151e-02,-2.095273e-03
9.655068141784437,7.314235e-02,-3.793262e-03
9.655068141784437,1.025928e-01,-6.783973e-03
9.655068141784437,1.448116e-01,-9.746474e-03
9.655068141784437,2.023460e-01,-1.472393e-02
9.655068141784437,2.834245e-01,-2.01388e-02
9.655068141784437,3.967448e-01,-2.529254e-02
9.655068141784437,5.552783e-01,-2.786769e-02
9.655068141784437,7.774819e-01,-2.802355e-02
9.655068141784437,1.088445e+00,-2.617861e-02
9.655068141784437,1.523711e+00,-2.428553e-02
9.655068141784437,2.088426e+00,-2.381138e-02
9.655068141784437,2.685505e+00,-2.131242e-02
9.868169504620125,0.e+00,0.e+00
9.868169504620125,1.570796e-02,-2.616237e-04
9.868169504620125,2.346256e-02,-1.903184e-04
9.868169504620125,3.503514e-02,-5.753318e-04
9.868169504620125,5.263151e-02,-1.831313e-03
9.868169504620125,7.314235e-02,-3.32491e-03
9.868169504620125,1.025928e-01,-5.963131e-03
9.868169504620125,1.448116e-01,-8.57906e-03
9.868169504620125,2.023460e-01,-1.302922e-02
9.868169504620125,2.834245e-01,-1.797206e-02
9.868169504620125,3.967448e-01,-2.289989e-02
9.868169504620125,5.552783e-01,-2.566173e-02
9.868169504620125,7.774819e-01,-2.618188e-02
9.868169504620125,1.088445e+00,-2.482887e-02
9.868169504620125,1.523711e+00,-2.332413e-02
9.868169504620125,2.088426e+00,-2.299123e-02
9.868169504620125,2.685505e+00,-2.048545e-02
10.085532894712529,0.e+00,0.e+00
10.085532894712529,1.570796e-02,-2.291545e-04
10.085532894712529,2.346256e-02,-1.668128e-04
10.085532894712529,3.503514e-02,-4.991684e-04
10.085532894712529,5.263151e-02,-1.601707e-03
10.085532894712529,7.314235e-02,-2.904383e-03
10.085532894712529,1.025928e-01,-5.210441e-03
10.085532894712529,1.448116e-01,-7.526217e-03
10.085532894712529,2.023460e-01,-1.149274e-02
10.085532894712529,2.834245e-01,-1.595191e-02
10.085532894712529,3.967448e-01,-2.056355e-02
10.085532894712529,5.552783e-01,-2.342849e-02
10.085532894712529,7.774819e-01,-2.429147e-02
10.085532894712529,1.088445e+00,-2.335231e-02
10.085532894712529,1.523711e+00,-2.225072e-02
10.085532894712529,2.088426e+00,-2.207223e-02
10.085532894712529,2.685505e+00,-1.961108e-02
10.30724355260678,0.e+00,0.e+00
10.30724355260678,1.570796e-02,-2.004219e-04
10.30724355260678,2.346256e-02,-1.436095e-04
10.30724355260678,3.503514e-02,-4.311178e-04
10.30724355260678,5.263151e-02,-1.398503e-03
10.30724355260678,7.314235e-02,-2.530019e-03
10.30724355260678,1.025928e-01,-4.551747e-03
10.30724355260678,1.448116e-01,-6.585845e-03
10.30724355260678,2.023460e-01,-1.008133e-02
10.30724355260678,2.834245e-01,-1.407518e-02
10.30724355260678,3.967448e-01,-1.833401e-02
10.30724355260678,5.552783e-01,-2.121815e-02
10.30724355260678,7.774819e-01,-2.234308e-02
10.30724355260678,1.088445e+00,-2.180927e-02
10.30724355260678,1.523711e+00,-2.108316e-02
10.30724355260678,2.088426e+00,-2.107448e-02
10.30724355260678,2.685505e+00,-1.862502e-02
10.533388423658915,0.e+00,0.e+00
10.533388423658915,1.570796e-02,-1.744693e-04
10.533388423658915,2.346256e-02,-1.24651e-04
10.533388423658915,3.503514e-02,-3.729961e-04
10.533388423658915,5.263151e-02,-1.211998e-03
10.533388423658915,7.314235e-02,-2.190037e-03
10.533388423658915,1.025928e-01,-3.95771e-03
10.533388423658915,1.448116e-01,-5.73671e-03
10.533388423658915,2.023460e-01,-8.803612e-03
10.533388423658915,2.834245e-01,-1.234508e-02
10.533388423658915,3.967448e-01,-1.622278e-02
10.533388423658915,5.552783e-01,-1.906151e-02
10.533388423658915,7.774819e-01,-2.040813e-02
10.533388423658915,1.088445e+00,-2.021462e-02
10.533388423658915,1.523711e+00,-1.983564e-02
10.533388423658915,2.088426e+00,-1.994356e-02
10.533388423658915,2.685505e+00,-1.761241e-02
10.764056192132093,0.e+00,0.e+00
10.764056192132093,1.570796e-02,-1.509954e-04
10.764056192132093,2.346256e-02,-1.087392e-04
10.764056192132093,3.503514e-02,-3.224535e-04
10.764056192132093,5.263151e-02,-1.050006e-03
10.764056192132093,7.314235e-02,-1.894158e-03
10.764056192132093,1.025928e-01,-3.428428e-03
10.764056192132093,1.448116e-01,-4.979609e-03
10.764056192132093,2.023460e-01,-7.645907e-03
10.764056192132093,2.834245e-01,-1.076188e-02
10.764056192132093,3.967448e-01,-1.427345e-02
10.764056192132093,5.552783e-01,-1.698485e-02
10.764056192132093,7.774819e-01,-1.848823e-02
10.764056192132093,1.088445e+00,-1.859820e-02
10.764056192132093,1.523711e+00,-1.849217e-02
10.764056192132093,2.088426e+00,-1.871747e-02
10.764056192132093,2.685505e+00,-1.644574e-02
10.999337315974735,0.e+00,0.e+00
10.999337315974735,1.570796e-02,-1.293121e-04
10.999337315974735,2.346256e-02,-9.314447e-05
10.999337315974735,3.503514e-02,-2.759723e-04
10.999337315974735,5.263151e-02,-9.026843e-04
10.999337315974735,7.314235e-02,-1.629017e-03
10.999337315974735,1.025928e-01,-2.959712e-03
10.999337315974735,1.448116e-01,-4.30113e-03
10.999337315974735,2.023460e-01,-6.600299e-03
10.999337315974735,2.834245e-01,-9.317411e-03
10.999337315974735,3.967448e-01,-1.246299e-02
10.999337315974735,5.552783e-01,-1.502081e-02
10.999337315974735,7.774819e-01,-1.662858e-02
10.999337315974735,1.088445e+00,-1.696069e-02
10.999337315974735,1.523711e+00,-1.714726e-02
10.999337315974735,2.088426e+00,-1.748913e-02
10.999337315974735,2.685505e+00,-1.532884e-02
11.23932406229423,0.e+00,0.e+00
11.23932406229423,1.570796e-02,-1.101053e-04
11.23932406229423,2.346256e-02,-7.995152e-05
11.23932406229423,3.503514e-02,-2.352440e-04
11.23932406229423,5.263151e-02,-7.746651e-04
11.23932406229423,7.314235e-02,-1.395485e-03
11.23932406229423,1.025928e-01,-2.541179e-03
11.23932406229423,1.448116e-01,-3.696039e-03
11.23932406229423,2.023460e-01,-5.672446e-03
11.23932406229423,2.834245e-01,-8.027528e-03
11.23932406229423,3.967448e-01,-1.082993e-02
11.23932406229423,5.552783e-01,-1.318515e-02
11.23932406229423,7.774819e-01,-1.48448e-02
11.23932406229423,1.088445e+00,-1.538587e-02
11.23932406229423,1.523711e+00,-1.578398e-02
11.23932406229423,2.088426e+00,-1.621037e-02
11.23932406229423,2.685505e+00,-1.420363e-02
11.484110543540115,0.e+00,0.e+00
11.484110543540115,1.570796e-02,-9.39252e-05
11.484110543540115,2.346256e-02,-6.886423e-05
11.484110543540115,3.503514e-02,-1.999037e-04
11.484110543540115,5.263151e-02,-6.617648e-04
11.484110543540115,7.314235e-02,-1.192703e-03
11.484110543540115,1.025928e-01,-2.172980e-03
11.484110543540115,1.448116e-01,-3.158226e-03
11.484110543540115,2.023460e-01,-4.856928e-03
11.484110543540115,2.834245e-01,-6.882032e-03
11.484110543540115,3.967448e-01,-9.352345e-03
11.484110543540115,5.552783e-01,-1.149257e-02
11.484110543540115,7.774819e-01,-1.31397e-02
11.484110543540115,1.088445e+00,-1.385356e-02
11.484110543540115,1.523711e+00,-1.443399e-02
11.484110543540115,2.088426e+00,-1.494486e-02
11.484110543540115,2.685505e+00,-1.313722e-02
11.733792754410917,0.e+00,0.e+00
11.733792754410917,1.570796e-02,-7.946135e-05
11.733792754410917,2.346256e-02,-5.936168e-05
11.733792754410917,3.503514e-02,-1.686665e-04
11.733792754410917,5.263151e-02,-5.611096e-04
11.733792754410917,7.314235e-02,-1.014501e-03
11.733792754410917,1.025928e-01,-1.852212e-03
11.733792754410917,1.448116e-01,-2.689286e-03
11.733792754410917,2.023460e-01,-4.141131e-03
11.733792754410917,2.834245e-01,-5.871234e-03
11.733792754410917,3.967448e-01,-8.021559e-03
11.733792754410917,5.552783e-01,-9.952776e-03
11.733792754410917,7.774819e-01,-1.153762e-02
11.733792754410917,1.088445e+00,-1.238063e-02
11.733792754410917,1.523711e+00,-1.311309e-02
11.733792754410917,2.088426e+00,-1.370796e-02
11.733792754410917,2.685505e+00,-1.203056e-02
11.988468609499135,0.e+00,0.e+00
11.988468609499135,1.570796e-02,-6.706247e-05
11.988468609499135,2.346256e-02,-5.042718e-05
11.988468609499135,3.503514e-02,-1.421829e-04
11.988468609499135,5.263151e-02,-4.761594e-04
11.988468609499135,7.314235e-02,-8.5951e-04
11.988468609499135,1.025928e-01,-1.572298e-03
11.988468609499135,1.448116e-01,-2.282186e-03
11.988468609499135,2.023460e-01,-3.518829e-03
11.988468609499135,2.834245e-01,-4.986728e-03
11.988468609499135,3.967448e-01,-6.835068e-03
11.988468609499135,5.552783e-01,-8.567517e-03
11.988468609499135,7.774819e-01,-1.007358e-02
11.988468609499135,1.088445e+00,-1.097934e-02
11.988468609499135,1.523711e+00,-1.185584e-02
11.988468609499135,2.088426e+00,-1.246518e-02
11.988468609499135,2.685505e+00,-1.096958e-02
12.248237981689117,0.e+00,0.e+00
12.248237981689117,1.570796e-02,-5.635055e-05
12.248237981689117,2.346256e-02,-4.298487e-05
12.248237981689117,3.503514e-02,-1.195060e-04
12.248237981689117,5.263151e-02,-4.009810e-04
12.248237981689117,7.314235e-02,-7.229390e-04
12.248237981689117,1.025928e-01,-1.327858e-03
12.248237981689117,1.448116e-01,-1.926793e-03
12.248237981689117,2.023460e-01,-2.970401e-03
12.248237981689117,2.834245e-01,-4.216507e-03
12.248237981689117,3.967448e-01,-5.793142e-03
12.248237981689117,5.552783e-01,-7.322647e-03
12.248237981689117,7.774819e-01,-8.722894e-03
12.248237981689117,1.088445e+00,-9.663429e-03
12.248237981689117,1.523711e+00,-1.061064e-02
12.248237981689117,2.088426e+00,-1.128378e-02
12.248237981689117,2.685505e+00,-9.962308e-03
12.5132027413229,0.e+00,0.e+00
12.5132027413229,1.570796e-02,-4.702776e-05
12.5132027413229,2.346256e-02,-3.647152e-05
12.5132027413229,3.503514e-02,-9.923031e-05
12.5132027413229,5.263151e-02,-3.359020e-04
12.5132027413229,7.314235e-02,-6.056441e-04
12.5132027413229,1.025928e-01,-1.113522e-03
12.5132027413229,1.448116e-01,-1.61872e-03
12.5132027413229,2.023460e-01,-2.498533e-03
12.5132027413229,2.834245e-01,-3.544225e-03
12.5132027413229,3.967448e-01,-4.880719e-03
12.5132027413229,5.552783e-01,-6.222057e-03
12.5132027413229,7.774819e-01,-7.503877e-03
12.5132027413229,1.088445e+00,-8.464797e-03
12.5132027413229,1.523711e+00,-9.436504e-03
12.5132027413229,2.088426e+00,-1.016268e-02
12.5132027413229,2.685505e+00,-9.024265e-03
12.783466796149359,0.e+00,0.e+00
12.783466796149359,1.570796e-02,-3.902422e-05
12.783466796149359,2.346256e-02,-3.063896e-05
12.783466796149359,3.503514e-02,-8.308792e-05
12.783466796149359,5.263151e-02,-2.786926e-04
12.783466796149359,7.314235e-02,-5.055443e-04
12.783466796149359,1.025928e-01,-9.295785e-04
12.783466796149359,1.448116e-01,-1.348442e-03
12.783466796149359,2.023460e-01,-2.087553e-03
12.783466796149359,2.834245e-01,-2.962322e-03
12.783466796149359,3.967448e-01,-4.09813e-03
12.783466796149359,5.552783e-01,-5.253253e-03
12.783466796149359,7.774819e-01,-6.422502e-03
12.783466796149359,1.088445e+00,-7.362751e-03
12.783466796149359,1.523711e+00,-8.348324e-03
12.783466796149359,2.088426e+00,-9.093824e-03
12.783466796149359,2.685505e+00,-8.118312e-03
13.059136132072346,0.e+00,0.e+00
13.059136132072346,1.570796e-02,-3.226899e-05
13.059136132072346,2.346256e-02,-2.596736e-05
13.059136132072346,3.503514e-02,-6.872153e-05
13.059136132072346,5.263151e-02,-2.307371e-04
13.059136132072346,7.314235e-02,-4.179599e-04
13.059136132072346,1.025928e-01,-7.726693e-04
13.059136132072346,1.448116e-01,-1.120258e-03
13.059136132072346,2.023460e-01,-1.738483e-03
13.059136132072346,2.834245e-01,-2.463221e-03
13.059136132072346,3.967448e-01,-3.424143e-03
13.059136132072346,5.552783e-01,-4.410185e-03
13.059136132072346,7.774819e-01,-5.447721e-03
13.059136132072346,1.088445e+00,-6.369236e-03
13.059136132072346,1.523711e+00,-7.339035e-03
13.059136132072346,2.088426e+00,-8.071104e-03
13.059136132072346,2.685505e+00,-7.227688e-03
13.340318854713793,0.e+00,0.e+00
13.340318854713793,1.570796e-02,-2.678888e-05
13.340318854713793,2.346256e-02,-2.149839e-05
13.340318854713793,3.503514e-02,-5.633816e-05
13.340318854713793,5.263151e-02,-1.909906e-04
13.340318854713793,7.314235e-02,-3.455017e-04
13.340318854713793,1.025928e-01,-6.374650e-04
13.340318854713793,1.448116e-01,-9.270331e-04
13.340318854713793,2.023460e-01,-1.439064e-03
13.340318854713793,2.834245e-01,-2.040049e-03
13.340318854713793,3.967448e-01,-2.841022e-03
13.340318854713793,5.552783e-01,-3.682919e-03
13.340318854713793,7.774819e-01,-4.603405e-03
13.340318854713793,1.088445e+00,-5.46467e-03
13.340318854713793,1.523711e+00,-6.389546e-03
13.340318854713793,2.088426e+00,-7.120516e-03
13.340318854713793,2.685505e+00,-6.426734e-03
13.62712523180807,0.e+00,0.e+00
13.62712523180807,1.570796e-02,-2.209487e-05
13.62712523180807,2.346256e-02,-1.773207e-05
13.62712523180807,3.503514e-02,-4.630778e-05
13.62712523180807,5.263151e-02,-1.565874e-04
13.62712523180807,7.314235e-02,-2.82399e-04
13.62712523180807,1.025928e-01,-5.268429e-04
13.62712523180807,1.448116e-01,-7.623370e-04
13.62712523180807,2.023460e-01,-1.180386e-03
13.62712523180807,2.834245e-01,-1.677499e-03
13.62712523180807,3.967448e-01,-2.343828e-03
13.62712523180807,5.552783e-01,-3.055267e-03
13.62712523180807,7.774819e-01,-3.862669e-03
13.62712523180807,1.088445e+00,-4.667272e-03
13.62712523180807,1.523711e+00,-5.544955e-03
13.62712523180807,2.088426e+00,-6.248514e-03
13.62712523180807,2.685505e+00,-5.679871e-03
13.91966773644423,0.e+00,0.e+00
13.91966773644423,1.570796e-02,-1.771505e-05
13.91966773644423,2.346256e-02,-1.437463e-05
13.91966773644423,3.503514e-02,-3.720592e-05
13.91966773644423,5.263151e-02,-1.281976e-04
13.91966773644423,7.314235e-02,-2.304028e-04
13.91966773644423,1.025928e-01,-4.306299e-04
13.91966773644423,1.448116e-01,-6.236301e-04
13.91966773644423,2.023460e-01,-9.666817e-04
13.91966773644423,2.834245e-01,-1.374692e-03
13.91966773644423,3.967448e-01,-1.927833e-03
13.91966773644423,5.552783e-01,-2.523621e-03
13.91966773644423,7.774819e-01,-3.230127e-03
13.91966773644423,1.088445e+00,-3.964869e-03
13.91966773644423,1.523711e+00,-4.785197e-03
13.91966773644423,2.088426e+00,-5.462742e-03
13.91966773644423,2.685505e+00,-4.994251e-03
14.218061091173116,0.e+00,0.e+00
14.218061091173116,1.570796e-02,-1.436672e-05
14.218061091173116,2.346256e-02,-1.177234e-05
14.218061091173116,3.503514e-02,-3.002312e-05
14.218061091173116,5.263151e-02,-1.032846e-04
14.218061091173116,7.314235e-02,-1.870713e-04
14.218061091173116,1.025928e-01,-3.519597e-04
14.218061091173116,1.448116e-01,-5.069533e-04
14.218061091173116,2.023460e-01,-7.867171e-04
14.218061091173116,2.834245e-01,-1.122253e-03
14.218061091173116,3.967448e-01,-1.573754e-03
14.218061091173116,5.552783e-01,-2.074674e-03
14.218061091173116,7.774819e-01,-2.686660e-03
14.218061091173116,1.088445e+00,-3.351966e-03
14.218061091173116,1.523711e+00,-4.104647e-03
14.218061091173116,2.088426e+00,-4.736518e-03
14.218061091173116,2.685505e+00,-4.342269e-03
14.522422312996579,0.e+00,0.e+00
14.522422312996579,1.570796e-02,-1.154793e-05
14.522422312996579,2.346256e-02,-9.576261e-06
14.522422312996579,3.503514e-02,-2.381695e-05
14.522422312996579,5.263151e-02,-8.359342e-05
14.522422312996579,7.314235e-02,-1.513458e-04
14.522422312996579,1.025928e-01,-2.837384e-04
14.522422312996579,1.448116e-01,-4.087795e-04
14.522422312996579,2.023460e-01,-6.325362e-04
14.522422312996579,2.834245e-01,-9.058731e-04
14.522422312996579,3.967448e-01,-1.273727e-03
14.522422312996579,5.552783e-01,-1.688826e-03
14.522422312996579,7.774819e-01,-2.213272e-03
14.522422312996579,1.088445e+00,-2.803927e-03
14.522422312996579,1.523711e+00,-3.482803e-03
14.522422312996579,2.088426e+00,-4.066376e-03
14.522422312996579,2.685505e+00,-3.762919e-03
14.83287075925651,0.e+00,0.e+00
14.83287075925651,1.570796e-02,-9.246071e-06
14.83287075925651,2.346256e-02,-7.804032e-06
14.83287075925651,3.503514e-02,-1.890013e-05
14.83287075925651,5.263151e-02,-6.681866e-05
14.83287075925651,7.314235e-02,-1.224388e-04
14.83287075925651,1.025928e-01,-2.273552e-04
14.83287075925651,1.448116e-01,-3.285623e-04
14.83287075925651,2.023460e-01,-5.079089e-04
14.83287075925651,2.834245e-01,-7.292520e-04
14.83287075925651,3.967448e-01,-1.028316e-03
14.83287075925651,5.552783e-01,-1.368893e-03
14.83287075925651,7.774819e-01,-1.814758e-03
14.83287075925651,1.088445e+00,-2.332460e-03
14.83287075925651,1.523711e+00,-2.947935e-03
14.83287075925651,2.088426e+00,-3.470463e-03
14.83287075925651,2.685505e+00,-3.216226e-03
15.149528174441642,0.e+00,0.e+00
15.149528174441642,1.570796e-02,-7.362202e-06
15.149528174441642,2.346256e-02,-6.121365e-06
15.149528174441642,3.503514e-02,-1.519134e-05
15.149528174441642,5.263151e-02,-5.280763e-05
15.149528174441642,7.314235e-02,-9.720124e-05
15.149528174441642,1.025928e-01,-1.8038e-04
15.149528174441642,1.448116e-01,-2.612603e-04
15.149528174441642,2.023460e-01,-4.054164e-04
15.149528174441642,2.834245e-01,-5.809188e-04
15.149528174441642,3.967448e-01,-8.210363e-04
15.149528174441642,5.552783e-01,-1.102529e-03
15.149528174441642,7.774819e-01,-1.477983e-03
15.149528174441642,1.088445e+00,-1.919775e-03
15.149528174441642,1.523711e+00,-2.465528e-03
15.149528174441642,2.088426e+00,-2.939570e-03
15.149528174441642,2.685505e+00,-2.745495e-03
15.472518737930475,0.e+00,0.e+00
15.472518737930475,1.570796e-02,-5.903053e-06
15.472518737930475,2.346256e-02,-4.812598e-06
15.472518737930475,3.503514e-02,-1.204826e-05
15.472518737930475,5.263151e-02,-4.220706e-05
15.472518737930475,7.314235e-02,-7.691503e-05
15.472518737930475,1.025928e-01,-1.434871e-04
15.472518737930475,1.448116e-01,-2.077287e-04
15.472518737930475,2.023460e-01,-3.218561e-04
15.472518737930475,2.834245e-01,-4.625908e-04
15.472518737930475,3.967448e-01,-6.543725e-04
15.472518737930475,5.552783e-01,-8.856524e-04
15.472518737930475,7.774819e-01,-1.198211e-03
15.472518737930475,1.088445e+00,-1.580046e-03
15.472518737930475,1.523711e+00,-2.056632e-03
15.472518737930475,2.088426e+00,-2.483881e-03
15.472518737930475,2.685505e+00,-2.340031e-03
15.801969112689086,0.e+00,0.e+00
15.801969112689086,1.570796e-02,-4.63024e-06
15.801969112689086,2.346256e-02,-3.724638e-06
15.801969112689086,3.503514e-02,-9.341535e-06
15.801969112689086,5.263151e-02,-3.355016e-05
15.801969112689086,7.314235e-02,-6.115349e-05
15.801969112689086,1.025928e-01,-1.132562e-04
15.801969112689086,1.448116e-01,-1.638322e-04
15.801969112689086,2.023460e-01,-2.54717e-04
15.801969112689086,2.834245e-01,-3.662216e-04
15.801969112689086,3.967448e-01,-5.194923e-04
15.801969112689086,5.552783e-01,-7.075208e-04
15.801969112689086,7.774819e-01,-9.672905e-04
15.801969112689086,1.088445e+00,-1.287282e-03
15.801969112689086,1.523711e+00,-1.696743e-03
15.801969112689086,2.088426e+00,-2.069792e-03
15.801969112689086,2.685505e+00,-1.973602e-03
16.13800849494287,0.e+00,0.e+00
16.13800849494287,1.570796e-02,-3.521236e-06
16.13800849494287,2.346256e-02,-2.949037e-06
16.13800849494287,3.503514e-02,-7.423258e-06
16.13800849494287,5.263151e-02,-2.610118e-05
16.13800849494287,7.314235e-02,-4.811566e-05
16.13800849494287,1.025928e-01,-8.794023e-05
16.13800849494287,1.448116e-01,-1.280814e-04
16.13800849494287,2.023460e-01,-1.993092e-04
16.13800849494287,2.834245e-01,-2.857538e-04
16.13800849494287,3.967448e-01,-4.065689e-04
16.13800849494287,5.552783e-01,-5.6035e-04
16.13800849494287,7.774819e-01,-7.713917e-04
16.13800849494287,1.088445e+00,-1.03586e-03
16.13800849494287,1.523711e+00,-1.383187e-03
16.13800849494287,2.088426e+00,-1.701508e-03
16.13800849494287,2.685505e+00,-1.632994e-03
16.480768664841726,0.e+00,0.e+00
16.480768664841726,1.570796e-02,-2.813469e-06
16.480768664841726,2.346256e-02,-2.264627e-06
16.480768664841726,3.503514e-02,-5.961636e-06
16.480768664841726,5.263151e-02,-2.004571e-05
16.480768664841726,7.314235e-02,-3.751778e-05
16.480768664841726,1.025928e-01,-6.814296e-05
16.480768664841726,1.448116e-01,-9.901473e-05
16.480768664841726,2.023460e-01,-1.554811e-04
16.480768664841726,2.834245e-01,-2.216264e-04
16.480768664841726,3.967448e-01,-3.166401e-04
16.480768664841726,5.552783e-01,-4.396717e-04
16.480768664841726,7.774819e-01,-6.112973e-04
16.480768664841726,1.088445e+00,-8.299597e-04
16.480768664841726,1.523711e+00,-1.120854e-03
16.480768664841726,2.088426e+00,-1.391279e-03
16.480768664841726,2.685505e+00,-1.332197e-03
16.83038403813856,0.e+00,0.e+00
16.83038403813856,1.570796e-02,-2.149577e-06
16.83038403813856,2.346256e-02,-1.732155e-06
16.83038403813856,3.503514e-02,-4.498855e-06
16.83038403813856,5.263151e-02,-1.561807e-05
16.83038403813856,7.314235e-02,-2.842727e-05
16.83038403813856,1.025928e-01,-5.245688e-05
16.83038403813856,1.448116e-01,-7.605450e-05
16.83038403813856,2.023460e-01,-1.197106e-04
16.83038403813856,2.834245e-01,-1.704133e-04
16.83038403813856,3.967448e-01,-2.444318e-04
16.83038403813856,5.552783e-01,-3.434784e-04
16.83038403813856,7.774819e-01,-4.781452e-04
16.83038403813856,1.088445e+00,-6.567470e-04
16.83038403813856,1.523711e+00,-8.972178e-04
16.83038403813856,2.088426e+00,-1.121796e-03
16.83038403813856,2.685505e+00,-1.073775e-03
17.186991718901332,0.e+00,0.e+00
17.186991718901332,1.570796e-02,-1.631013e-06
17.186991718901332,2.346256e-02,-1.319409e-06
17.186991718901332,3.503514e-02,-3.410594e-06
17.186991718901332,5.263151e-02,-1.193630e-05
17.186991718901332,7.314235e-02,-2.149754e-05
17.186991718901332,1.025928e-01,-4.026567e-05
17.186991718901332,1.448116e-01,-5.743961e-05
17.186991718901332,2.023460e-01,-9.164007e-05
17.186991718901332,2.834245e-01,-1.309606e-04
17.186991718901332,3.967448e-01,-1.868905e-04
17.186991718901332,5.552783e-01,-2.653221e-04
17.186991718901332,7.774819e-01,-3.750771e-04
17.186991718901332,1.088445e+00,-5.172071e-04
17.186991718901332,1.523711e+00,-7.123450e-04
17.186991718901332,2.088426e+00,-8.947e-04
17.186991718901332,2.685505e+00,-8.4398e-04
17.55073155327936,0.e+00,0.e+00
17.55073155327936,1.570796e-02,-1.250555e-06
17.55073155327936,2.346256e-02,-1.040612e-06
17.55073155327936,3.503514e-02,-2.56913e-06
17.55073155327936,5.263151e-02,-9.026786e-06
17.55073155327936,7.314235e-02,-1.615739e-05
17.55073155327936,1.025928e-01,-3.030745e-05
17.55073155327936,1.448116e-01,-4.306467e-05
17.55073155327936,2.023460e-01,-6.94809e-05
17.55073155327936,2.834245e-01,-9.935620e-05
17.55073155327936,3.967448e-01,-1.413793e-04
17.55073155327936,5.552783e-01,-2.033667e-04
17.55073155327936,7.774819e-01,-2.884511e-04
17.55073155327936,1.088445e+00,-4.017184e-04
17.55073155327936,1.523711e+00,-5.59041e-04
17.55073155327936,2.088426e+00,-7.020125e-04
17.55073155327936,2.685505e+00,-6.654960e-04
17.921746184344947,0.e+00,0.e+00
17.921746184344947,1.570796e-02,-9.225264e-07
17.921746184344947,2.346256e-02,-7.590698e-07
17.921746184344947,3.503514e-02,-1.892710e-06
17.921746184344947,5.263151e-02,-6.757768e-06
17.921746184344947,7.314235e-02,-1.211945e-05
17.921746184344947,1.025928e-01,-2.265223e-05
17.921746184344947,1.448116e-01,-3.208138e-05
17.921746184344947,2.023460e-01,-5.132553e-05
17.921746184344947,2.834245e-01,-7.383096e-05
17.921746184344947,3.967448e-01,-1.058458e-04
17.921746184344947,5.552783e-01,-1.529451e-04
17.921746184344947,7.774819e-01,-2.186711e-04
17.921746184344947,1.088445e+00,-3.063584e-04
17.921746184344947,1.523711e+00,-4.266584e-04
17.921746184344947,2.088426e+00,-5.380898e-04
17.921746184344947,2.685505e+00,-5.046541e-04
18.300181108031847,0.e+00,0.e+00
18.300181108031847,1.570796e-02,-6.594998e-07
18.300181108031847,2.346256e-02,-5.455530e-07
18.300181108031847,3.503514e-02,-1.401802e-06
18.300181108031847,5.263151e-02,-4.989776e-06
18.300181108031847,7.314235e-02,-8.750261e-06
18.300181108031847,1.025928e-01,-1.658018e-05
18.300181108031847,1.448116e-01,-2.360991e-05
18.300181108031847,2.023460e-01,-3.775382e-05
18.300181108031847,2.834245e-01,-5.391998e-05
18.300181108031847,3.967448e-01,-7.813046e-05
18.300181108031847,5.552783e-01,-1.139809e-04
18.300181108031847,7.774819e-01,-1.633248e-04
18.300181108031847,1.088445e+00,-2.282782e-04
18.300181108031847,1.523711e+00,-3.206386e-04
18.300181108031847,2.088426e+00,-4.071289e-04
18.300181108031847,2.685505e+00,-3.813616e-04
18.686184730192483,0.e+00,0.e+00
18.686184730192483,1.570796e-02,-4.745114e-07
18.686184730192483,2.346256e-02,-3.917755e-07
18.686184730192483,3.503514e-02,-1.000823e-06
18.686184730192483,5.263151e-02,-3.655711e-06
18.686184730192483,7.314235e-02,-6.343865e-06
18.686184730192483,1.025928e-01,-1.191100e-05
18.686184730192483,1.448116e-01,-1.714198e-05
18.686184730192483,2.023460e-01,-2.706128e-05
18.686184730192483,2.834245e-01,-3.904042e-05
18.686184730192483,3.967448e-01,-5.653322e-05
18.686184730192483,5.552783e-01,-8.211339e-05
18.686184730192483,7.774819e-01,-1.18791e-04
18.686184730192483,1.088445e+00,-1.670416e-04
18.686184730192483,1.523711e+00,-2.369657e-04
18.686184730192483,2.088426e+00,-3.034859e-04
18.686184730192483,2.685505e+00,-2.835789e-04
19.079908424796333,0.e+00,0.e+00
19.079908424796333,1.570796e-02,-3.592792e-07
19.079908424796333,2.346256e-02,-3.054564e-07
19.079908424796333,3.503514e-02,-7.401792e-07
19.079908424796333,5.263151e-02,-2.567932e-06
19.079908424796333,7.314235e-02,-4.652317e-06
19.079908424796333,1.025928e-01,-8.479897e-06
19.079908424796333,1.448116e-01,-1.201098e-05
19.079908424796333,2.023460e-01,-1.931218e-05
19.079908424796333,2.834245e-01,-2.787402e-05
19.079908424796333,3.967448e-01,-4.052522e-05
19.079908424796333,5.552783e-01,-5.928427e-05
19.079908424796333,7.774819e-01,-8.599422e-05
19.079908424796333,1.088445e+00,-1.202862e-04
19.079908424796333,1.523711e+00,-1.727164e-04
19.079908424796333,2.088426e+00,-2.213647e-04
19.079908424796333,2.685505e+00,-2.110165e-04
19.48150659329226,0.e+00,0.e+00
19.48150659329226,1.570796e-02,-2.499427e-07
19.48150659329226,2.346256e-02,-1.991507e-07
19.48150659329226,3.503514e-02,-5.23209e-07
19.48150659329226,5.263151e-02,-1.779088e-06
19.48150659329226,7.314235e-02,-3.317646e-06
19.48150659329226,1.025928e-01,-5.874757e-06
19.48150659329226,1.448116e-01,-8.352132e-06
19.48150659329226,2.023460e-01,-1.359064e-05
19.48150659329226,2.834245e-01,-1.960449e-05
19.48150659329226,3.967448e-01,-2.842286e-05
19.48150659329226,5.552783e-01,-4.191343e-05
19.48150659329226,7.774819e-01,-6.097691e-05
19.48150659329226,1.088445e+00,-8.546301e-05
19.48150659329226,1.523711e+00,-1.238579e-04
19.48150659329226,2.088426e+00,-1.604250e-04
19.48150659329226,2.685505e+00,-1.549919e-04
19.891136725158105,0.e+00,0.e+00
19.891136725158105,1.570796e-02,-1.765303e-07
19.891136725158105,2.346256e-02,-1.300572e-07
19.891136725158105,3.503514e-02,-3.615038e-07
19.891136725158105,5.263151e-02,-1.248628e-06
19.891136725158105,7.314235e-02,-2.315470e-06
19.891136725158105,1.025928e-01,-4.033007e-06
19.891136725158105,1.448116e-01,-5.741816e-06
19.891136725158105,2.023460e-01,-9.221979e-06
19.891136725158105,2.834245e-01,-1.340246e-05
19.891136725158105,3.967448e-01,-1.963342e-05
19.891136725158105,5.552783e-01,-2.910104e-05
19.891136725158105,7.774819e-01,-4.257577e-05
19.891136725158105,1.088445e+00,-5.981365e-05
19.891136725158105,1.523711e+00,-8.684662e-05
19.891136725158105,2.088426e+00,-1.128826e-04
19.891136725158105,2.685505e+00,-1.106059e-04
20.308959459661267,0.e+00,0.e+00
20.308959459661267,1.570796e-02,-1.326853e-07
20.308959459661267,2.346256e-02,-8.931937e-08
20.308959459661267,3.503514e-02,-2.358303e-07
20.308959459661267,5.263151e-02,-8.681931e-07
20.308959459661267,7.314235e-02,-1.586008e-06
20.308959459661267,1.025928e-01,-2.787505e-06
20.308959459661267,1.448116e-01,-3.915495e-06
20.308959459661267,2.023460e-01,-6.267252e-06
20.308959459661267,2.834245e-01,-9.139116e-06
20.308959459661267,3.967448e-01,-1.352499e-05
20.308959459661267,5.552783e-01,-2.004292e-05
20.308959459661267,7.774819e-01,-2.948666e-05
20.308959459661267,1.088445e+00,-4.170502e-05
20.308959459661267,1.523711e+00,-6.054340e-05
20.308959459661267,2.088426e+00,-7.840677e-05
20.308959459661267,2.685505e+00,-7.519964e-05
20.73513864885449,0.e+00,0.e+00
20.73513864885449,1.570796e-02,-8.917703e-08
20.73513864885449,2.346256e-02,-5.913362e-08
20.73513864885449,3.503514e-02,-1.417939e-07
20.73513864885449,5.263151e-02,-5.680859e-07
20.73513864885449,7.314235e-02,-1.022672e-06
20.73513864885449,1.025928e-01,-1.832964e-06
20.73513864885449,1.448116e-01,-2.568162e-06
20.73513864885449,2.023460e-01,-4.081289e-06
20.73513864885449,2.834245e-01,-6.072979e-06
20.73513864885449,3.967448e-01,-8.920409e-06
20.73513864885449,5.552783e-01,-1.331488e-05
20.73513864885449,7.774819e-01,-1.942211e-05
20.73513864885449,1.088445e+00,-2.79684e-05
20.73513864885449,1.523711e+00,-4.090603e-05
20.73513864885449,2.088426e+00,-5.341854e-05
20.73513864885449,2.685505e+00,-5.136949e-05
21.16984142183158,0.e+00,0.e+00
21.16984142183158,1.570796e-02,-5.692003e-08
21.16984142183158,2.346256e-02,-4.112826e-08
21.16984142183158,3.503514e-02,-9.251214e-08
21.16984142183158,5.263151e-02,-3.778208e-07
21.16984142183158,7.314235e-02,-6.630501e-07
21.16984142183158,1.025928e-01,-1.15428e-06
21.16984142183158,1.448116e-01,-1.628499e-06
21.16984142183158,2.023460e-01,-2.598721e-06
21.16984142183158,2.834245e-01,-3.834859e-06
21.16984142183158,3.967448e-01,-5.730293e-06
21.16984142183158,5.552783e-01,-8.496266e-06
21.16984142183158,7.774819e-01,-1.264930e-05
21.16984142183158,1.088445e+00,-1.821115e-05
21.16984142183158,1.523711e+00,-2.688405e-05
21.16984142183158,2.088426e+00,-3.505682e-05
21.16984142183158,2.685505e+00,-3.348027e-05
21.613238250268214,0.e+00,0.e+00
21.613238250268214,1.570796e-02,-3.806694e-08
21.613238250268214,2.346256e-02,-2.392037e-08
21.613238250268214,3.503514e-02,-4.656322e-08
21.613238250268214,5.263151e-02,-2.293978e-07
21.613238250268214,7.314235e-02,-4.134185e-07
21.613238250268214,1.025928e-01,-6.917648e-07
21.613238250268214,1.448116e-01,-1.020869e-06
21.613238250268214,2.023460e-01,-1.636946e-06
21.613238250268214,2.834245e-01,-2.427485e-06
21.613238250268214,3.967448e-01,-3.616827e-06
21.613238250268214,5.552783e-01,-5.323093e-06
21.613238250268214,7.774819e-01,-8.130333e-06
21.613238250268214,1.088445e+00,-1.174861e-05
21.613238250268214,1.523711e+00,-1.747787e-05
21.613238250268214,2.088426e+00,-2.28773e-05
21.613238250268214,2.685505e+00,-2.167259e-05
22.065503015273578,0.e+00,0.e+00
22.065503015273578,1.570796e-02,-2.592343e-08
22.065503015273578,2.346256e-02,-1.816342e-08
22.065503015273578,3.503514e-02,-3.637620e-08
22.065503015273578,5.263151e-02,-1.399632e-07
22.065503015273578,7.314235e-02,-2.667668e-07
22.065503015273578,1.025928e-01,-4.350975e-07
22.065503015273578,1.448116e-01,-6.136612e-07
22.065503015273578,2.023460e-01,-1.007716e-06
22.065503015273578,2.834245e-01,-1.505271e-06
22.065503015273578,3.967448e-01,-2.176858e-06
22.065503015273578,5.552783e-01,-3.338197e-06
22.065503015273578,7.774819e-01,-5.147056e-06
22.065503015273578,1.088445e+00,-7.393162e-06
22.065503015273578,1.523711e+00,-1.106748e-05
22.065503015273578,2.088426e+00,-1.456494e-05
22.065503015273578,2.685505e+00,-1.380932e-05
22.52681307557905,0.e+00,0.e+00
22.52681307557905,1.570796e-02,7.108656e-10
22.52681307557905,2.346256e-02,5.821875e-10
22.52681307557905,3.503514e-02,1.682696e-09
22.52681307557905,5.263151e-02,4.998917e-09
22.52681307557905,7.314235e-02,9.370440e-09
22.52681307557905,1.025928e-01,1.667939e-08
22.52681307557905,1.448116e-01,2.465609e-08
22.52681307557905,2.023460e-01,3.708033e-08
22.52681307557905,2.834245e-01,5.466025e-08
22.52681307557905,3.967448e-01,7.911840e-08
22.52681307557905,5.552783e-01,1.101839e-07
22.52681307557905,7.774819e-01,1.416871e-07
22.52681307557905,1.088445e+00,1.563405e-07
22.52681307557905,1.523711e+00,1.349658e-07
22.52681307557905,2.088426e+00,8.859504e-08
22.52681307557905,2.685505e+00,4.240901e-08
22.997349337090633,0.e+00,0.e+00
22.997349337090633,1.570796e-02,6.686959e-10
22.997349337090633,2.346256e-02,5.461114e-10
22.997349337090633,3.503514e-02,1.583916e-09
22.997349337090633,5.263151e-02,4.699604e-09
22.997349337090633,7.314235e-02,8.811342e-09
22.997349337090633,1.025928e-01,1.568643e-08
22.997349337090633,1.448116e-01,2.321150e-08
22.997349337090633,2.023460e-01,3.498047e-08
22.997349337090633,2.834245e-01,5.182832e-08
22.997349337090633,3.967448e-01,7.549142e-08
22.997349337090633,5.552783e-01,1.058589e-07
22.997349337090633,7.774819e-01,1.368709e-07
22.997349337090633,1.088445e+00,1.520523e-07
22.997349337090633,1.523711e+00,1.326365e-07
22.997349337090633,2.088426e+00,8.830465e-08
22.997349337090633,2.685505e+00,4.252026e-08
23.477296323832444,0.e+00,0.e+00
23.477296323832444,1.570796e-02,6.265945e-10
23.477296323832444,2.346256e-02,5.107945e-10
23.477296323832444,3.503514e-02,1.486949e-09
23.477296323832444,5.263151e-02,4.404220e-09
23.477296323832444,7.314235e-02,8.259585e-09
23.477296323832444,1.025928e-01,1.471273e-08
23.477296323832444,1.448116e-01,2.179750e-08
23.477296323832444,2.023460e-01,3.292282e-08
23.477296323832444,2.834245e-01,4.905102e-08
23.477296323832444,3.967448e-01,7.188955e-08
23.477296323832444,5.552783e-01,1.014976e-07
23.477296323832444,7.774819e-01,1.319385e-07
23.477296323832444,1.088445e+00,1.475393e-07
23.477296323832444,1.523711e+00,1.303078e-07
23.477296323832444,2.088426e+00,8.803294e-08
23.477296323832444,2.685505e+00,4.265577e-08
23.966842250309092,0.e+00,0.e+00
23.966842250309092,1.570796e-02,5.854484e-10
23.966842250309092,2.346256e-02,4.757631e-10
23.966842250309092,3.503514e-02,1.391281e-09
23.966842250309092,5.263151e-02,4.114035e-09
23.966842250309092,7.314235e-02,7.721689e-09
23.966842250309092,1.025928e-01,1.376094e-08
23.966842250309092,1.448116e-01,2.041486e-08
23.966842250309092,2.023460e-01,3.091253e-08
23.966842250309092,2.834245e-01,4.631296e-08
23.966842250309092,3.967448e-01,6.830697e-08
23.966842250309092,5.552783e-01,9.706533e-08
23.966842250309092,7.774819e-01,1.268042e-07
23.966842250309092,1.088445e+00,1.428290e-07
23.966842250309092,1.523711e+00,1.278206e-07
23.966842250309092,2.088426e+00,8.778939e-08
23.966842250309092,2.685505e+00,4.287699e-08
24.466179095315276,0.e+00,0.e+00
24.466179095315276,1.570796e-02,5.449996e-10
24.466179095315276,2.346256e-02,4.417067e-10
24.466179095315276,3.503514e-02,1.297838e-09
24.466179095315276,5.263151e-02,3.831758e-09
24.466179095315276,7.314235e-02,7.197596e-09
24.466179095315276,1.025928e-01,1.283356e-08
24.466179095315276,1.448116e-01,1.907091e-08
24.466179095315276,2.023460e-01,2.894048e-08
24.466179095315276,2.834245e-01,4.363523e-08
24.466179095315276,3.967448e-01,6.47329e-08
24.466179095315276,5.552783e-01,9.251215e-08
24.466179095315276,7.774819e-01,1.214847e-07
24.466179095315276,1.088445e+00,1.379337e-07
24.466179095315276,1.523711e+00,1.252394e-07
24.466179095315276,2.088426e+00,8.769869e-08
24.466179095315276,2.685505e+00,4.296298e-08
24.97550267722158,0.e+00,0.e+00
24.97550267722158,1.570796e-02,5.055031e-10
24.97550267722158,2.346256e-02,4.083891e-10
24.97550267722158,3.503514e-02,1.206149e-09
24.97550267722158,5.263151e-02,3.556894e-09
24.97550267722158,7.314235e-02,6.687569e-09
24.97550267722158,1.025928e-01,1.192851e-08
24.97550267722158,1.448116e-01,1.775486e-08
24.97550267722158,2.023460e-01,2.702093e-08
24.97550267722158,2.834245e-01,4.099189e-08
24.97550267722158,3.967448e-01,6.11609e-08
24.97550267722158,5.552783e-01,8.789854e-08
24.97550267722158,7.774819e-01,1.160014e-07
24.97550267722158,1.088445e+00,1.328102e-07
24.97550267722158,1.523711e+00,1.225904e-07
24.97550267722158,2.088426e+00,8.761816e-08
24.97550267722158,2.685505e+00,4.341487e-08
25.495012730766014,0.e+00,0.e+00
25.495012730766014,1.570796e-02,4.672060e-10
25.495012730766014,2.346256e-02,3.762175e-10
25.495012730766014,3.503514e-02,1.116542e-09
25.495012730766014,5.263151e-02,3.288812e-09
25.495012730766014,7.314235e-02,6.191501e-09
25.495012730766014,1.025928e-01,1.104886e-08
25.495012730766014,1.448116e-01,1.647458e-08
25.495012730766014,2.023460e-01,2.514773e-08
25.495012730766014,2.834245e-01,3.837962e-08
25.495012730766014,3.967448e-01,5.760205e-08
25.495012730766014,5.552783e-01,8.319164e-08
25.495012730766014,7.774819e-01,1.103964e-07
25.495012730766014,1.088445e+00,1.275237e-07
25.495012730766014,1.523711e+00,1.198109e-07
25.495012730766014,2.088426e+00,8.746929e-08
25.495012730766014,2.685505e+00,4.397568e-08
26.024912985381334,0.e+00,0.e+00
26.024912985381334,1.570796e-02,4.299676e-10
26.024912985381334,2.346256e-02,3.446083e-10
26.024912985381334,3.503514e-02,1.029509e-09
26.024912985381334,5.263151e-02,3.028427e-09
26.024912985381334,7.314235e-02,5.707217e-09
26.024912985381334,1.025928e-01,1.019353e-08
26.024912985381334,1.448116e-01,1.522703e-08
26.024912985381334,2.023460e-01,2.330956e-08
26.024912985381334,2.834245e-01,3.580126e-08
26.024912985381334,3.967448e-01,5.402977e-08
26.024912985381334,5.552783e-01,7.840738e-08
26.024912985381334,7.774819e-01,1.045558e-07
26.024912985381334,1.088445e+00,1.219466e-07
26.024912985381334,1.523711e+00,1.167357e-07
26.024912985381334,2.088426e+00,8.737001e-08
26.024912985381334,2.685505e+00,4.510741e-08
26.56541124508896,0.e+00,0.e+00
26.56541124508896,1.570796e-02,3.938599e-10
26.56541124508896,2.346256e-02,3.138820e-10
26.56541124508896,3.503514e-02,9.447652e-10
26.56541124508896,5.263151e-02,2.775663e-09
26.56541124508896,7.314235e-02,5.240083e-09
26.56541124508896,1.025928e-01,9.361643e-09
26.56541124508896,1.448116e-01,1.40089e-08
26.56541124508896,2.023460e-01,2.15155e-08
26.56541124508896,2.834245e-01,3.325266e-08
26.56541124508896,3.967448e-01,5.043673e-08
26.56541124508896,5.552783e-01,7.351486e-08
26.56541124508896,7.774819e-01,9.851623e-08
26.56541124508896,1.088445e+00,1.161029e-07
26.56541124508896,1.523711e+00,1.134172e-07
26.56541124508896,2.088426e+00,8.722354e-08
26.56541124508896,2.685505e+00,4.622e-08
27.11671946999074,0.e+00,0.e+00
27.11671946999074,1.570796e-02,3.586777e-10
27.11671946999074,2.346256e-02,2.844664e-10
27.11671946999074,3.503514e-02,8.62081e-10
27.11671946999074,5.263151e-02,2.529313e-09
27.11671946999074,7.314235e-02,4.784678e-09
27.11671946999074,1.025928e-01,8.551648e-09
27.11671946999074,1.448116e-01,1.282265e-08
27.11671946999074,2.023460e-01,1.975248e-08
27.11671946999074,2.834245e-01,3.072174e-08
27.11671946999074,3.967448e-01,4.682347e-08
27.11671946999074,5.552783e-01,6.849274e-08
27.11671946999074,7.774819e-01,9.235105e-08
27.11671946999074,1.088445e+00,1.100279e-07
27.11671946999074,1.523711e+00,1.097449e-07
27.11671946999074,2.088426e+00,8.700114e-08
27.11671946999074,2.685505e+00,4.780309e-08
27.679053859390557,0.e+00,0.e+00
27.679053859390557,1.570796e-02,3.246440e-10
27.679053859390557,2.346256e-02,2.558530e-10
27.679053859390557,3.503514e-02,7.815233e-10
27.679053859390557,5.263151e-02,2.290853e-09
27.679053859390557,7.314235e-02,4.34054e-09
27.679053859390557,1.025928e-01,7.763218e-09
27.679053859390557,1.448116e-01,1.16643e-08
27.679053859390557,2.023460e-01,1.802513e-08
27.679053859390557,2.834245e-01,2.820784e-08
27.679053859390557,3.967448e-01,4.317935e-08
27.679053859390557,5.552783e-01,6.340289e-08
27.679053859390557,7.774819e-01,8.598192e-08
27.679053859390557,1.088445e+00,1.035874e-07
27.679053859390557,1.523711e+00,1.056325e-07
27.679053859390557,2.088426e+00,8.653353e-08
27.679053859390557,2.685505e+00,4.968091e-08
28.252634936578367,0.e+00,0.e+00
28.252634936578367,1.570796e-02,2.915178e-10
28.252634936578367,2.346256e-02,2.282321e-10
28.252634936578367,3.503514e-02,7.029741e-10
28.252634936578367,5.263151e-02,2.058041e-09
28.252634936578367,7.314235e-02,3.909082e-09
28.252634936578367,1.025928e-01,6.996197e-09
28.252634936578367,1.448116e-01,1.053291e-08
28.252634936578367,2.023460e-01,1.633375e-08
28.252634936578367,2.834245e-01,2.570583e-08
28.252634936578367,3.967448e-01,3.951630e-08
28.252634936578367,5.552783e-01,5.82205e-08
28.252634936578367,7.774819e-01,7.940794e-08
28.252634936578367,1.088445e+00,9.680943e-08
28.252634936578367,1.523711e+00,1.009771e-07
28.252634936578367,2.088426e+00,8.570881e-08
28.252634936578367,2.685505e+00,5.183858e-08
28.837687635309937,0.e+00,0.e+00
28.837687635309937,1.570796e-02,2.594013e-10
28.837687635309937,2.346256e-02,2.015503e-10
28.837687635309937,3.503514e-02,6.267074e-10
28.837687635309937,5.263151e-02,1.832150e-09
28.837687635309937,7.314235e-02,3.487828e-09
28.837687635309937,1.025928e-01,6.248727e-09
28.837687635309937,1.448116e-01,9.424786e-09
28.837687635309937,2.023460e-01,1.466546e-08
28.837687635309937,2.834245e-01,2.321059e-08
28.837687635309937,3.967448e-01,3.581216e-08
28.837687635309937,5.552783e-01,5.294266e-08
28.837687635309937,7.774819e-01,7.267410e-08
28.837687635309937,1.088445e+00,8.966938e-08
28.837687635309937,1.523711e+00,9.577138e-08
28.837687635309937,2.088426e+00,8.440335e-08
28.837687635309937,2.685505e+00,5.441504e-08
29.434441388016136,0.e+00,0.e+00
29.434441388016136,1.570796e-02,2.282526e-10
29.434441388016136,2.346256e-02,1.759351e-10
29.434441388016136,3.503514e-02,5.524141e-10
29.434441388016136,5.263151e-02,1.612915e-09
29.434441388016136,7.314235e-02,3.078943e-09
29.434441388016136,1.025928e-01,5.518122e-09
29.434441388016136,1.448116e-01,8.341058e-09
29.434441388016136,2.023460e-01,1.302074e-08
29.434441388016136,2.834245e-01,2.072361e-08
29.434441388016136,3.967448e-01,3.209157e-08
29.434441388016136,5.552783e-01,4.757604e-08
29.434441388016136,7.774819e-01,6.569464e-08
29.434441388016136,1.088445e+00,8.211503e-08
29.434441388016136,1.523711e+00,8.98566e-08
29.434441388016136,2.088426e+00,8.249401e-08
29.434441388016136,2.685505e+00,5.69847e-08
30.043130215776458,0.e+00,0.e+00
30.043130215776458,1.570796e-02,1.980599e-10
30.043130215776458,2.346256e-02,1.513628e-10
30.043130215776458,3.503514e-02,4.801994e-10
30.043130215776458,5.263151e-02,1.399873e-09
30.043130215776458,7.314235e-02,2.678834e-09
30.043130215776458,1.025928e-01,4.804581e-09
30.043130215776458,1.448116e-01,7.279911e-09
30.043130215776458,2.023460e-01,1.139915e-08
30.043130215776458,2.834245e-01,1.823818e-08
30.043130215776458,3.967448e-01,2.834319e-08
30.043130215776458,5.552783e-01,4.213723e-08
30.043130215776458,7.774819e-01,5.855398e-08
30.043130215776458,1.088445e+00,7.409817e-08
30.043130215776458,1.523711e+00,8.318782e-08
30.043130215776458,2.088426e+00,7.972801e-08
30.043130215776458,2.685505e+00,5.929286e-08
30.663992820091988,0.e+00,0.e+00
30.663992820091988,1.570796e-02,1.687022e-10
30.663992820091988,2.346256e-02,1.278108e-10
30.663992820091988,3.503514e-02,4.099247e-10
30.663992820091988,5.263151e-02,1.193084e-09
30.663992820091988,7.314235e-02,2.288952e-09
30.663992820091988,1.025928e-01,4.108578e-09
30.663992820091988,1.448116e-01,6.239552e-09
30.663992820091988,2.023460e-01,9.802705e-09
30.663992820091988,2.834245e-01,1.576148e-08
30.663992820091988,3.967448e-01,2.455569e-08
30.663992820091988,5.552783e-01,3.661221e-08
30.663992820091988,7.774819e-01,5.118964e-08
30.663992820091988,1.088445e+00,6.560328e-08
30.663992820091988,1.523711e+00,7.56242e-08
30.663992820091988,2.088426e+00,7.591356e-08
30.663992820091988,2.685505e+00,6.109266e-08
31.297272676493826,0.e+00,0.e+00
31.297272676493826,1.570796e-02,1.402842e-10
31.297272676493826,2.346256e-02,1.052661e-10
31.297272676493826,3.503514e-02,3.414185e-10
31.297272676493826,5.263151e-02,9.921171e-10
31.297272676493826,7.314235e-02,1.908861e-09
31.297272676493826,1.025928e-01,3.428387e-09
31.297272676493826,1.448116e-01,5.218576e-09
31.297272676493826,2.023460e-01,8.22773e-09
31.297272676493826,2.834245e-01,1.328893e-08
31.297272676493826,3.967448e-01,2.075823e-08
31.297272676493826,5.552783e-01,3.102709e-08
31.297272676493826,7.774819e-01,4.362703e-08
31.297272676493826,1.088445e+00,5.663208e-08
31.297272676493826,1.523711e+00,6.705582e-08
31.297272676493826,2.088426e+00,7.069124e-08
31.297272676493826,2.685505e+00,6.18701e-08
31.943218130023702,0.e+00,0.e+00
31.943218130023702,1.570796e-02,1.128064e-10
31.943218130023702,2.346256e-02,8.36921e-11
31.943218130023702,3.503514e-02,2.746243e-10
31.943218130023702,5.263151e-02,7.970011e-10
31.943218130023702,7.314235e-02,1.537958e-09
31.943218130023702,1.025928e-01,2.765172e-09
31.943218130023702,1.448116e-01,4.21909e-09
31.943218130023702,2.023460e-01,6.672288e-09
31.943218130023702,2.834245e-01,1.0827e-08
31.943218130023702,3.967448e-01,1.694354e-08
31.943218130023702,5.552783e-01,2.538777e-08
31.943218130023702,7.774819e-01,3.590535e-08
31.943218130023702,1.088445e+00,4.721017e-08
31.943218130023702,1.523711e+00,5.746219e-08
31.943218130023702,2.088426e+00,6.378145e-08
31.943218130023702,2.685505e+00,6.074535e-08
32.60208249262418,0.e+00,0.e+00
32.60208249262418,1.570796e-02,8.613951e-11
32.60208249262418,2.346256e-02,6.310733e-11
32.60208249262418,3.503514e-02,2.097615e-10
32.60208249262418,5.263151e-02,6.083982e-10
32.60208249262418,7.314235e-02,1.176772e-09
32.60208249262418,1.025928e-01,2.117358e-09
32.60208249262418,1.448116e-01,3.239988e-09
32.60208249262418,2.023460e-01,5.140862e-09
32.60208249262418,2.834245e-01,8.373187e-09
32.60208249262418,3.967448e-01,1.312483e-08
32.60208249262418,5.552783e-01,1.971213e-08
32.60208249262418,7.774819e-01,2.803210e-08
32.60208249262418,1.088445e+00,3.731952e-08
32.60208249262418,1.523711e+00,4.670338e-08
32.60208249262418,2.088426e+00,5.480304e-08
32.60208249262418,2.685505e+00,5.696007e-08
33.27412414247666,0.e+00,0.e+00
33.27412414247666,1.570796e-02,6.027274e-11
33.27412414247666,2.346256e-02,4.346944e-11
33.27412414247666,3.503514e-02,1.46738e-10
33.27412414247666,5.263151e-02,4.248476e-10
33.27412414247666,7.314235e-02,8.246680e-10
33.27412414247666,1.025928e-01,1.486274e-09
33.27412414247666,1.448116e-01,2.279074e-09
33.27412414247666,2.023460e-01,3.628207e-09
33.27412414247666,2.834245e-01,5.931937e-09
33.27412414247666,3.967448e-01,9.313309e-09
33.27412414247666,5.552783e-01,1.402047e-08
33.27412414247666,7.774819e-01,2.005998e-08
33.27412414247666,1.088445e+00,2.703151e-08
33.27412414247666,1.523711e+00,3.478399e-08
33.27412414247666,2.088426e+00,4.321551e-08
33.27412414247666,2.685505e+00,4.879748e-08
33.959606625326195,0.e+00,0.e+00
33.959606625326195,1.570796e-02,3.63089e-11
33.959606625326195,2.346256e-02,2.628505e-11
33.959606625326195,3.503514e-02,8.901161e-11
33.959606625326195,5.263151e-02,2.571538e-10
33.959606625326195,7.314235e-02,4.993114e-10
33.959606625326195,1.025928e-01,8.998194e-10
33.959606625326195,1.448116e-01,1.380922e-09
33.959606625326195,2.023460e-01,2.195946e-09
33.959606625326195,2.834245e-01,3.586578e-09
33.959606625326195,3.967448e-01,5.606584e-09
33.959606625326195,5.552783e-01,8.410318e-09
33.959606625326195,7.774819e-01,1.204175e-08
33.959606625326195,1.088445e+00,1.637144e-08
33.959606625326195,1.523711e+00,2.160296e-08
33.959606625326195,2.088426e+00,2.825740e-08
33.959606625326195,2.685505e+00,3.419407e-08
34.65879875783272,0.e+00,0.e+00
34.65879875783272,1.570796e-02,1.098092e-11
34.65879875783272,2.346256e-02,8.599327e-12
34.65879875783272,3.503514e-02,2.761512e-11
34.65879875783272,5.263151e-02,7.788493e-11
34.65879875783272,7.314235e-02,1.540290e-10
34.65879875783272,1.025928e-01,2.809766e-10
34.65879875783272,1.448116e-01,4.362862e-10
34.65879875783272,2.023460e-01,6.95564e-10
34.65879875783272,2.834245e-01,1.153375e-09
34.65879875783272,3.967448e-01,1.811463e-09
34.65879875783272,5.552783e-01,2.734949e-09
34.65879875783272,7.774819e-01,3.948690e-09
34.65879875783272,1.088445e+00,5.434078e-09
34.65879875783272,1.523711e+00,7.341412e-09
34.65879875783272,2.088426e+00,1.008824e-08
34.65879875783272,2.685505e+00,1.312908e-08
35.37197473298937,0.e+00,0.e+00
35.37197473298937,1.570796e-02,0.e+00
35.37197473298937,2.346256e-02,0.e+00
35.37197473298937,3.503514e-02,0.e+00
35.37197473298937,5.263151e-02,0.e+00
35.37197473298937,7.314235e-02,0.e+00
35.37197473298937,1.025928e-01,0.e+00
35.37197473298937,1.448116e-01,0.e+00
35.37197473298937,2.023460e-01,0.e+00
35.37197473298937,2.834245e-01,0.e+00
35.37197473298937,3.967448e-01,0.e+00
35.37197473298937,5.552783e-01,0.e+00
35.37197473298937,7.774819e-01,0.e+00
35.37197473298937,1.088445e+00,0.e+00
35.37197473298937,1.523711e+00,0.e+00
35.37197473298937,2.088426e+00,0.e+00
35.37197473298937,2.685505e+00,0.e+00
