5.e+00 1.570796e-02 0.e+00
5.e+00 2.346256e-02 0.e+00
5.e+00 3.503514e-02 0.e+00
5.e+00 5.263151e-02 0.e+00
5.e+00 7.314235e-02 0.e+00
5.e+00 1.025928e-01 0.e+00
5.e+00 1.448116e-01 0.e+00
5.e+00 2.023460e-01 0.e+00
5.e+00 2.834245e-01 0.e+00
5.e+00 3.967448e-01 0.e+00
5.e+00 5.552783e-01 0.e+00
5.e+00 7.774819e-01 0.e+00
5.e+00 1.088445e+00 0.e+00
5.e+00 1.523711e+00 0.e+00
5.e+00 2.088426e+00 0.e+00
5.e+00 2.685505e+00 0.e+00
5.12e+00 1.570796e-02 0.e+00
5.12e+00 2.346256e-02 0.e+00
5.12e+00 3.503514e-02 0.e+00
5.12e+00 5.263151e-02 0.e+00
5.12e+00 7.314235e-02 0.e+00
5.12e+00 1.025928e-01 0.e+00
5.12e+00 1.448116e-01 0.e+00
5.12e+00 2.023460e-01 0.e+00
5.12e+00 2.834245e-01 0.e+00
5.12e+00 3.967448e-01 0.e+00
5.12e+00 5.552783e-01 0.e+00
5.12e+00 7.774819e-01 0.e+00
5.12e+00 1.088445e+00 0.e+00
5.12e+00 1.523711e+00 0.e+00
5.12e+00 2.088426e+00 0.e+00
5.12e+00 2.685505e+00 0.e+00
5.2424e+00 1.570796e-02 0.e+00
5.2424e+00 2.346256e-02 0.e+00
5.2424e+00 3.503514e-02 0.e+00
5.2424e+00 5.263151e-02 0.e+00
5.2424e+00 7.314235e-02 0.e+00
5.2424e+00 1.025928e-01 0.e+00
5.2424e+00 1.448116e-01 0.e+00
5.2424e+00 2.023460e-01 0.e+00
5.2424e+00 2.834245e-01 0.e+00
5.2424e+00 3.967448e-01 0.e+00
5.2424e+00 5.552783e-01 0.e+00
5.2424e+00 7.774819e-01 0.e+00
5.2424e+00 1.088445e+00 0.e+00
5.2424e+00 1.523711e+00 0.e+00
5.2424e+00 2.088426e+00 0.e+00
5.2424e+00 2.685505e+00 0.e+00
5.367248e+00 1.570796e-02 0.e+00
5.367248e+00 2.346256e-02 0.e+00
5.367248e+00 3.503514e-02 0.e+00
5.367248e+00 5.263151e-02 0.e+00
5.367248e+00 7.314235e-02 0.e+00
5.367248e+00 1.025928e-01 0.e+00
5.367248e+00 1.448116e-01 0.e+00
5.367248e+00 2.023460e-01 0.e+00
5.367248e+00 2.834245e-01 0.e+00
5.367248e+00 3.967448e-01 0.e+00
5.367248e+00 5.552783e-01 0.e+00
5.367248e+00 7.774819e-01 0.e+00
5.367248e+00 1.088445e+00 0.e+00
5.367248e+00 1.523711e+00 0.e+00
5.367248e+00 2.088426e+00 0.e+00
5.367248e+00 2.685505e+00 0.e+00
5.494593e+00 1.570796e-02 0.e+00
5.494593e+00 2.346256e-02 0.e+00
5.494593e+00 3.503514e-02 0.e+00
5.494593e+00 5.263151e-02 0.e+00
5.494593e+00 7.314235e-02 0.e+00
5.494593e+00 1.025928e-01 0.e+00
5.494593e+00 1.448116e-01 0.e+00
5.494593e+00 2.023460e-01 0.e+00
5.494593e+00 2.834245e-01 0.e+00
5.494593e+00 3.967448e-01 0.e+00
5.494593e+00 5.552783e-01 0.e+00
5.494593e+00 7.774819e-01 0.e+00
5.494593e+00 1.088445e+00 0.e+00
5.494593e+00 1.523711e+00 0.e+00
5.494593e+00 2.088426e+00 0.e+00
5.494593e+00 2.685505e+00 0.e+00
5.624485e+00 1.570796e-02 0.e+00
5.624485e+00 2.346256e-02 0.e+00
5.624485e+00 3.503514e-02 0.e+00
5.624485e+00 5.263151e-02 0.e+00
5.624485e+00 7.314235e-02 0.e+00
5.624485e+00 1.025928e-01 0.e+00
5.624485e+00 1.448116e-01 0.e+00
5.624485e+00 2.023460e-01 0.e+00
5.624485e+00 2.834245e-01 0.e+00
5.624485e+00 3.967448e-01 0.e+00
5.624485e+00 5.552783e-01 0.e+00
5.624485e+00 7.774819e-01 0.e+00
5.624485e+00 1.088445e+00 0.e+00
5.624485e+00 1.523711e+00 0.e+00
5.624485e+00 2.088426e+00 0.e+00
5.624485e+00 2.685505e+00 0.e+00
5.756975e+00 1.570796e-02 0.e+00
5.756975e+00 2.346256e-02 0.e+00
5.756975e+00 3.503514e-02 0.e+00
5.756975e+00 5.263151e-02 0.e+00
5.756975e+00 7.314235e-02 0.e+00
5.756975e+00 1.025928e-01 0.e+00
5.756975e+00 1.448116e-01 0.e+00
5.756975e+00 2.023460e-01 0.e+00
5.756975e+00 2.834245e-01 0.e+00
5.756975e+00 3.967448e-01 0.e+00
5.756975e+00 5.552783e-01 0.e+00
5.756975e+00 7.774819e-01 0.e+00
5.756975e+00 1.088445e+00 0.e+00
5.756975e+00 1.523711e+00 0.e+00
5.756975e+00 2.088426e+00 0.e+00
5.756975e+00 2.685505e+00 0.e+00
5.892114e+00 1.570796e-02 0.e+00
5.892114e+00 2.346256e-02 0.e+00
5.892114e+00 3.503514e-02 0.e+00
5.892114e+00 5.263151e-02 0.e+00
5.892114e+00 7.314235e-02 0.e+00
5.892114e+00 1.025928e-01 0.e+00
5.892114e+00 1.448116e-01 0.e+00
5.892114e+00 2.023460e-01 0.e+00
5.892114e+00 2.834245e-01 0.e+00
5.892114e+00 3.967448e-01 0.e+00
5.892114e+00 5.552783e-01 0.e+00
5.892114e+00 7.774819e-01 0.e+00
5.892114e+00 1.088445e+00 0.e+00
5.892114e+00 1.523711e+00 0.e+00
5.892114e+00 2.088426e+00 0.e+00
5.892114e+00 2.685505e+00 0.e+00
6.029956e+00 1.570796e-02 0.e+00
6.029956e+00 2.346256e-02 0.e+00
6.029956e+00 3.503514e-02 0.e+00
6.029956e+00 5.263151e-02 0.e+00
6.029956e+00 7.314235e-02 0.e+00
6.029956e+00 1.025928e-01 0.e+00
6.029956e+00 1.448116e-01 0.e+00
6.029956e+00 2.023460e-01 0.e+00
6.029956e+00 2.834245e-01 0.e+00
6.029956e+00 3.967448e-01 0.e+00
6.029956e+00 5.552783e-01 0.e+00
6.029956e+00 7.774819e-01 0.e+00
6.029956e+00 1.088445e+00 0.e+00
6.029956e+00 1.523711e+00 0.e+00
6.029956e+00 2.088426e+00 0.e+00
6.029956e+00 2.685505e+00 0.e+00
6.170555e+00 1.570796e-02 0.e+00
6.170555e+00 2.346256e-02 0.e+00
6.170555e+00 3.503514e-02 0.e+00
6.170555e+00 5.263151e-02 0.e+00
6.170555e+00 7.314235e-02 0.e+00
6.170555e+00 1.025928e-01 0.e+00
6.170555e+00 1.448116e-01 0.e+00
6.170555e+00 2.023460e-01 0.e+00
6.170555e+00 2.834245e-01 0.e+00
6.170555e+00 3.967448e-01 0.e+00
6.170555e+00 5.552783e-01 0.e+00
6.170555e+00 7.774819e-01 0.e+00
6.170555e+00 1.088445e+00 0.e+00
6.170555e+00 1.523711e+00 0.e+00
6.170555e+00 2.088426e+00 0.e+00
6.170555e+00 2.685505e+00 0.e+00
6.313967e+00 1.570796e-02 -9.224784e-06
6.313967e+00 2.346256e-02 1.715288e-07
6.313967e+00 3.503514e-02 -5.257868e-07
6.313967e+00 5.263151e-02 -4.033761e-05
6.313967e+00 7.314235e-02 -8.154115e-06
6.313967e+00 1.025928e-01 9.203913e-06
6.313967e+00 1.448116e-01 2.280366e-06
6.313967e+00 2.023460e-01 -2.185634e-05
6.313967e+00 2.834245e-01 -2.742226e-05
6.313967e+00 3.967448e-01 -8.916076e-06
6.313967e+00 5.552783e-01 -6.691392e-06
6.313967e+00 7.774819e-01 -7.035873e-06
6.313967e+00 1.088445e+00 -6.383775e-06
6.313967e+00 1.523711e+00 -7.729166e-06
6.313967e+00 2.088426e+00 -8.770110e-06
6.313967e+00 2.685505e+00 -8.742357e-06
6.460246e+00 1.570796e-02 -9.458579e-05
6.460246e+00 2.346256e-02 -1.632252e-05
6.460246e+00 3.503514e-02 -1.90028e-05
6.460246e+00 5.263151e-02 -2.932270e-04
6.460246e+00 7.314235e-02 -2.555165e-04
6.460246e+00 1.025928e-01 -1.402547e-04
6.460246e+00 1.448116e-01 -9.43792e-05
6.460246e+00 2.023460e-01 -1.494794e-04
6.460246e+00 2.834245e-01 -1.247391e-04
6.460246e+00 3.967448e-01 -8.478035e-05
6.460246e+00 5.552783e-01 -9.788054e-05
6.460246e+00 7.774819e-01 -9.926944e-05
6.460246e+00 1.088445e+00 -8.318384e-05
6.460246e+00 1.523711e+00 -7.695573e-05
6.460246e+00 2.088426e+00 -8.800754e-05
6.460246e+00 2.685505e+00 -9.61425e-05
6.609451e+00 1.570796e-02 -3.629282e-04
6.609451e+00 2.346256e-02 -8.895377e-05
6.609451e+00 3.503514e-02 -3.022344e-04
6.609451e+00 5.263151e-02 -7.552618e-04
6.609451e+00 7.314235e-02 -1.164601e-03
6.609451e+00 1.025928e-01 -8.900271e-04
6.609451e+00 1.448116e-01 -7.563889e-04
6.609451e+00 2.023460e-01 -7.229297e-04
6.609451e+00 2.834245e-01 -6.400353e-04
6.609451e+00 3.967448e-01 -5.996665e-04
6.609451e+00 5.552783e-01 -5.481778e-04
6.609451e+00 7.774819e-01 -4.698968e-04
6.609451e+00 1.088445e+00 -4.225858e-04
6.609451e+00 1.523711e+00 -4.042942e-04
6.609451e+00 2.088426e+00 -4.474306e-04
6.609451e+00 2.685505e+00 -4.614777e-04
6.76164e+00 1.570796e-02 -8.240951e-04
6.76164e+00 2.346256e-02 -3.330317e-04
6.76164e+00 3.503514e-02 -1.047392e-03
6.76164e+00 5.263151e-02 -1.839318e-03
6.76164e+00 7.314235e-02 -2.829168e-03
6.76164e+00 1.025928e-01 -2.691106e-03
6.76164e+00 1.448116e-01 -2.695518e-03
6.76164e+00 2.023460e-01 -2.319538e-03
6.76164e+00 2.834245e-01 -2.388017e-03
6.76164e+00 3.967448e-01 -2.17843e-03
6.76164e+00 5.552783e-01 -1.888760e-03
6.76164e+00 7.774819e-01 -1.596728e-03
6.76164e+00 1.088445e+00 -1.414001e-03
6.76164e+00 1.523711e+00 -1.352587e-03
6.76164e+00 2.088426e+00 -1.475513e-03
6.76164e+00 2.685505e+00 -1.517501e-03
6.916873e+00 1.570796e-02 -1.191127e-03
6.916873e+00 2.346256e-02 -8.015151e-04
6.916873e+00 3.503514e-02 -1.832857e-03
6.916873e+00 5.263151e-02 -3.653411e-03
6.916873e+00 7.314235e-02 -5.389716e-03
6.916873e+00 1.025928e-01 -5.745795e-03
6.916873e+00 1.448116e-01 -6.009556e-03
6.916873e+00 2.023460e-01 -5.324468e-03
6.916873e+00 2.834245e-01 -5.618141e-03
6.916873e+00 3.967448e-01 -4.913197e-03
6.916873e+00 5.552783e-01 -4.276174e-03
6.916873e+00 7.774819e-01 -3.624775e-03
6.916873e+00 1.088445e+00 -3.146164e-03
6.916873e+00 1.523711e+00 -2.975592e-03
6.916873e+00 2.088426e+00 -3.195008e-03
6.916873e+00 2.685505e+00 -3.297262e-03
7.075210e+00 1.570796e-02 -1.438383e-03
7.075210e+00 2.346256e-02 -1.202929e-03
7.075210e+00 3.503514e-02 -2.511902e-03
7.075210e+00 5.263151e-02 -5.625115e-03
7.075210e+00 7.314235e-02 -8.538162e-03
7.075210e+00 1.025928e-01 -9.859251e-03
7.075210e+00 1.448116e-01 -1.052506e-02
7.075210e+00 2.023460e-01 -9.992878e-03
7.075210e+00 2.834245e-01 -1.037926e-02
7.075210e+00 3.967448e-01 -9.246274e-03
7.075210e+00 5.552783e-01 -8.014189e-03
7.075210e+00 7.774819e-01 -6.778356e-03
7.075210e+00 1.088445e+00 -5.766540e-03
7.075210e+00 1.523711e+00 -5.413388e-03
7.075210e+00 2.088426e+00 -5.739051e-03
7.075210e+00 2.685505e+00 -5.864192e-03
7.236714e+00 1.570796e-02 -1.420381e-03
7.236714e+00 2.346256e-02 -1.368304e-03
7.236714e+00 3.503514e-02 -2.819374e-03
7.236714e+00 5.263151e-02 -7.141838e-03
7.236714e+00 7.314235e-02 -1.112631e-02
7.236714e+00 1.025928e-01 -1.437206e-02
7.236714e+00 1.448116e-01 -1.564829e-02
7.236714e+00 2.023460e-01 -1.570107e-02
7.236714e+00 2.834245e-01 -1.586173e-02
7.236714e+00 3.967448e-01 -1.451726e-02
7.236714e+00 5.552783e-01 -1.249909e-02
7.236714e+00 7.774819e-01 -1.063593e-02
7.236714e+00 1.088445e+00 -9.048691e-03
7.236714e+00 1.523711e+00 -8.368732e-03
7.236714e+00 2.088426e+00 -8.794999e-03
7.236714e+00 2.685505e+00 -8.87536e-03
7.401449e+00 1.570796e-02 -1.350204e-03
7.401449e+00 2.346256e-02 -1.358568e-03
7.401449e+00 3.503514e-02 -2.883281e-03
7.401449e+00 5.263151e-02 -7.980372e-03
7.401449e+00 7.314235e-02 -1.331854e-02
7.401449e+00 1.025928e-01 -1.800421e-02
7.401449e+00 1.448116e-01 -2.007310e-02
7.401449e+00 2.023460e-01 -2.126037e-02
7.401449e+00 2.834245e-01 -2.135055e-02
7.401449e+00 3.967448e-01 -2.003394e-02
7.401449e+00 5.552783e-01 -1.732232e-02
7.401449e+00 7.774819e-01 -1.479274e-02
7.401449e+00 1.088445e+00 -1.249478e-02
7.401449e+00 1.523711e+00 -1.145933e-02
7.401449e+00 2.088426e+00 -1.187891e-02
7.401449e+00 2.685505e+00 -1.192147e-02
7.569477e+00 1.570796e-02 -1.272357e-03
7.569477e+00 2.346256e-02 -1.273232e-03
7.569477e+00 3.503514e-02 -2.830629e-03
7.569477e+00 5.263151e-02 -8.248709e-03
7.569477e+00 7.314235e-02 -1.423132e-02
7.569477e+00 1.025928e-01 -2.021371e-02
7.569477e+00 1.448116e-01 -2.350092e-02
7.569477e+00 2.023460e-01 -2.577159e-02
7.569477e+00 2.834245e-01 -2.636817e-02
7.569477e+00 3.967448e-01 -2.486651e-02
7.569477e+00 5.552783e-01 -2.183641e-02
7.569477e+00 7.774819e-01 -1.880545e-02
7.569477e+00 1.088445e+00 -1.579426e-02
7.569477e+00 1.523711e+00 -1.429816e-02
7.569477e+00 2.088426e+00 -1.464513e-02
7.569477e+00 2.685505e+00 -1.452097e-02
7.740867e+00 1.570796e-02 -1.168888e-03
7.740867e+00 2.346256e-02 -1.118089e-03
7.740867e+00 3.503514e-02 -2.686177e-03
7.740867e+00 5.263151e-02 -8.082352e-03
7.740867e+00 7.314235e-02 -1.41562e-02
7.740867e+00 1.025928e-01 -2.134803e-02
7.740867e+00 1.448116e-01 -2.554413e-02
7.740867e+00 2.023460e-01 -2.925174e-02
7.740867e+00 2.834245e-01 -3.058636e-02
7.740867e+00 3.967448e-01 -2.91518e-02
7.740867e+00 5.552783e-01 -2.60499e-02
7.740867e+00 7.774819e-01 -2.238986e-02
7.740867e+00 1.088445e+00 -1.889280e-02
7.740867e+00 1.523711e+00 -1.692140e-02
7.740867e+00 2.088426e+00 -1.708916e-02
7.740867e+00 2.685505e+00 -1.666038e-02
7.915684e+00 1.570796e-02 -1.056352e-03
7.915684e+00 2.346256e-02 -9.608274e-04
7.915684e+00 3.503514e-02 -2.531821e-03
7.915684e+00 5.263151e-02 -7.594702e-03
7.915684e+00 7.314235e-02 -1.354055e-02
7.915684e+00 1.025928e-01 -2.141373e-02
7.915684e+00 1.448116e-01 -2.652170e-02
7.915684e+00 2.023460e-01 -3.140876e-02
7.915684e+00 2.834245e-01 -3.376318e-02
7.915684e+00 3.967448e-01 -3.280971e-02
7.915684e+00 5.552783e-01 -2.958172e-02
7.915684e+00 7.774819e-01 -2.566215e-02
7.915684e+00 1.088445e+00 -2.158717e-02
7.915684e+00 1.523711e+00 -1.924067e-02
7.915684e+00 2.088426e+00 -1.922055e-02
7.915684e+00 2.685505e+00 -1.863359e-02
8.093998e+00 1.570796e-02 -9.501224e-04
8.093998e+00 2.346256e-02 -8.360035e-04
8.093998e+00 3.503514e-02 -2.369442e-03
8.093998e+00 5.263151e-02 -7.133092e-03
8.093998e+00 7.314235e-02 -1.270916e-02
8.093998e+00 1.025928e-01 -2.078973e-02
8.093998e+00 1.448116e-01 -2.652336e-02
8.093998e+00 2.023460e-01 -3.235481e-02
8.093998e+00 2.834245e-01 -3.58125e-02
8.093998e+00 3.967448e-01 -3.556579e-02
8.093998e+00 5.552783e-01 -3.238437e-02
8.093998e+00 7.774819e-01 -2.835447e-02
8.093998e+00 1.088445e+00 -2.389026e-02
8.093998e+00 1.523711e+00 -2.125263e-02
8.093998e+00 2.088426e+00 -2.101260e-02
8.093998e+00 2.685505e+00 -2.021157e-02
8.275878e+00 1.570796e-02 -8.814766e-04
8.275878e+00 2.346256e-02 -7.528438e-04
8.275878e+00 3.503514e-02 -2.170185e-03
8.275878e+00 5.263151e-02 -6.632054e-03
8.275878e+00 7.314235e-02 -1.180408e-02
8.275878e+00 1.025928e-01 -1.962747e-02
8.275878e+00 1.448116e-01 -2.573096e-02
8.275878e+00 2.023460e-01 -3.234254e-02
8.275878e+00 2.834245e-01 -3.68699e-02
8.275878e+00 3.967448e-01 -3.739158e-02
8.275878e+00 5.552783e-01 -3.465570e-02
8.275878e+00 7.774819e-01 -3.059795e-02
8.275878e+00 1.088445e+00 -2.580909e-02
8.275878e+00 1.523711e+00 -2.287329e-02
8.275878e+00 2.088426e+00 -2.247362e-02
8.275878e+00 2.685505e+00 -2.14118e-02
8.461396e+00 1.570796e-02 -8.096593e-04
8.461396e+00 2.346256e-02 -6.818408e-04
8.461396e+00 3.503514e-02 -1.961026e-03
8.461396e+00 5.263151e-02 -6.054330e-03
8.461396e+00 7.314235e-02 -1.073436e-02
8.461396e+00 1.025928e-01 -1.825364e-02
8.461396e+00 1.448116e-01 -2.452954e-02
8.461396e+00 2.023460e-01 -3.170261e-02
8.461396e+00 2.834245e-01 -3.704168e-02
8.461396e+00 3.967448e-01 -3.853129e-02
8.461396e+00 5.552783e-01 -3.626389e-02
8.461396e+00 7.774819e-01 -3.234770e-02
8.461396e+00 1.088445e+00 -2.740167e-02
8.461396e+00 1.523711e+00 -2.424443e-02
8.461396e+00 2.088426e+00 -2.369157e-02
8.461396e+00 2.685505e+00 -2.225804e-02
8.650623e+00 1.570796e-02 -7.390721e-04
8.650623e+00 2.346256e-02 -6.120632e-04
8.650623e+00 3.503514e-02 -1.752578e-03
8.650623e+00 5.263151e-02 -5.458543e-03
8.650623e+00 7.314235e-02 -9.667554e-03
8.650623e+00 1.025928e-01 -1.676886e-02
8.650623e+00 1.448116e-01 -2.29894e-02
8.650623e+00 2.023460e-01 -3.047727e-02
8.650623e+00 2.834245e-01 -3.646089e-02
8.650623e+00 3.967448e-01 -3.884765e-02
8.650623e+00 5.552783e-01 -3.722113e-02
8.650623e+00 7.774819e-01 -3.352769e-02
8.650623e+00 1.088445e+00 -2.859866e-02
8.650623e+00 1.523711e+00 -2.529792e-02
8.650623e+00 2.088426e+00 -2.459490e-02
8.650623e+00 2.685505e+00 -2.299021e-02
8.843636e+00 1.570796e-02 -6.672996e-04
8.843636e+00 2.346256e-02 -5.505740e-04
8.843636e+00 3.503514e-02 -1.572357e-03
8.843636e+00 5.263151e-02 -4.888509e-03
8.843636e+00 7.314235e-02 -8.635628e-03
8.843636e+00 1.025928e-01 -1.526712e-02
8.843636e+00 1.448116e-01 -2.123269e-02
8.843636e+00 2.023460e-01 -2.882282e-02
8.843636e+00 2.834245e-01 -3.524156e-02
8.843636e+00 3.967448e-01 -3.845516e-02
8.843636e+00 5.552783e-01 -3.753748e-02
8.843636e+00 7.774819e-01 -3.429916e-02
8.843636e+00 1.088445e+00 -2.948294e-02
8.843636e+00 1.523711e+00 -2.605942e-02
8.843636e+00 2.088426e+00 -2.527174e-02
8.843636e+00 2.685505e+00 -2.344298e-02
9.040509e+00 1.570796e-02 -5.993735e-04
9.040509e+00 2.346256e-02 -4.903613e-04
9.040509e+00 3.503514e-02 -1.404377e-03
9.040509e+00 5.263151e-02 -4.367172e-03
9.040509e+00 7.314235e-02 -7.701814e-03
9.040509e+00 1.025928e-01 -1.373546e-02
9.040509e+00 1.448116e-01 -1.936295e-02
9.040509e+00 2.023460e-01 -2.688952e-02
9.040509e+00 2.834245e-01 -3.361091e-02
9.040509e+00 3.967448e-01 -3.754498e-02
9.040509e+00 5.552783e-01 -3.728857e-02
9.040509e+00 7.774819e-01 -3.452725e-02
9.040509e+00 1.088445e+00 -2.992880e-02
9.040509e+00 1.523711e+00 -2.653109e-02
9.040509e+00 2.088426e+00 -2.569698e-02
9.040509e+00 2.685505e+00 -2.360338e-02
9.241319e+00 1.570796e-02 -5.421272e-04
9.241319e+00 2.346256e-02 -4.279856e-04
9.241319e+00 3.503514e-02 -1.242919e-03
9.241319e+00 5.263151e-02 -3.891186e-03
9.241319e+00 7.314235e-02 -6.883388e-03
9.241319e+00 1.025928e-01 -1.228270e-02
9.241319e+00 1.448116e-01 -1.749058e-02
9.241319e+00 2.023460e-01 -2.481337e-02
9.241319e+00 2.834245e-01 -3.166833e-02
9.241319e+00 3.967448e-01 -3.614865e-02
9.241319e+00 5.552783e-01 -3.652704e-02
9.241319e+00 7.774819e-01 -3.425346e-02
9.241319e+00 1.088445e+00 -3.002651e-02
9.241319e+00 1.523711e+00 -2.66925e-02
9.241319e+00 2.088426e+00 -2.586919e-02
9.241319e+00 2.685505e+00 -2.36562e-02
9.446145e+00 1.570796e-02 -4.874544e-04
9.446145e+00 2.346256e-02 -3.734124e-04
9.446145e+00 3.503514e-02 -1.101922e-03
9.446145e+00 5.263151e-02 -3.452927e-03
9.446145e+00 7.314235e-02 -6.151478e-03
9.446145e+00 1.025928e-01 -1.096081e-02
9.446145e+00 1.448116e-01 -1.567791e-02
9.446145e+00 2.023460e-01 -2.266509e-02
9.446145e+00 2.834245e-01 -2.946247e-02
9.446145e+00 3.967448e-01 -3.437290e-02
9.446145e+00 5.552783e-01 -3.532738e-02
9.446145e+00 7.774819e-01 -3.355556e-02
9.446145e+00 1.088445e+00 -2.977968e-02
9.446145e+00 1.523711e+00 -2.663455e-02
9.446145e+00 2.088426e+00 -2.581197e-02
9.446145e+00 2.685505e+00 -2.351132e-02
9.655068e+00 1.570796e-02 -4.345703e-04
9.655068e+00 2.346256e-02 -3.264825e-04
9.655068e+00 3.503514e-02 -9.727068e-04
9.655068e+00 5.263151e-02 -3.055371e-03
9.655068e+00 7.314235e-02 -5.473966e-03
9.655068e+00 1.025928e-01 -9.744738e-03
9.655068e+00 1.448116e-01 -1.397127e-02
9.655068e+00 2.023460e-01 -2.053088e-02
9.655068e+00 2.834245e-01 -2.710546e-02
9.655068e+00 3.967448e-01 -3.229367e-02
9.655068e+00 5.552783e-01 -3.379983e-02
9.655068e+00 7.774819e-01 -3.256095e-02
9.655068e+00 1.088445e+00 -2.926943e-02
9.655068e+00 1.523711e+00 -2.636686e-02
9.655068e+00 2.088426e+00 -2.564738e-02
9.655068e+00 2.685505e+00 -2.324986e-02
9.86817e+00 1.570796e-02 -3.856239e-04
9.86817e+00 2.346256e-02 -2.847998e-04
9.86817e+00 3.503514e-02 -8.557213e-04
9.86817e+00 5.263151e-02 -2.696832e-03
9.86817e+00 7.314235e-02 -4.859531e-03
9.86817e+00 1.025928e-01 -8.646337e-03
9.86817e+00 1.448116e-01 -1.241380e-02
9.86817e+00 2.023460e-01 -1.8458e-02
9.86817e+00 2.834245e-01 -2.4735e-02
9.86817e+00 3.967448e-01 -3.002819e-02
9.86817e+00 5.552783e-01 -3.201749e-02
9.86817e+00 7.774819e-01 -3.128502e-02
9.86817e+00 1.088445e+00 -2.850976e-02
9.86817e+00 1.523711e+00 -2.589438e-02
9.86817e+00 2.088426e+00 -2.52424e-02
9.86817e+00 2.685505e+00 -2.278116e-02
1.008553e+01 1.570796e-02 -3.40499e-04
1.008553e+01 2.346256e-02 -2.482334e-04
1.008553e+01 3.503514e-02 -7.481538e-04
1.008553e+01 5.263151e-02 -2.375205e-03
1.008553e+01 7.314235e-02 -4.289540e-03
1.008553e+01 1.025928e-01 -7.652339e-03
1.008553e+01 1.448116e-01 -1.099952e-02
1.008553e+01 2.023460e-01 -1.649691e-02
1.008553e+01 2.834245e-01 -2.235691e-02
1.008553e+01 3.967448e-01 -2.766527e-02
1.008553e+01 5.552783e-01 -3.001463e-02
1.008553e+01 7.774819e-01 -2.977764e-02
1.008553e+01 1.088445e+00 -2.74994e-02
1.008553e+01 1.523711e+00 -2.522823e-02
1.008553e+01 2.088426e+00 -2.467722e-02
1.008553e+01 2.685505e+00 -2.217174e-02
1.030724e+01 1.570796e-02 -2.988828e-04
1.030724e+01 2.346256e-02 -2.153712e-04
1.030724e+01 3.503514e-02 -6.550493e-04
1.030724e+01 5.263151e-02 -2.083835e-03
1.030724e+01 7.314235e-02 -3.775168e-03
1.030724e+01 1.025928e-01 -6.752023e-03
1.030724e+01 1.448116e-01 -9.701047e-03
1.030724e+01 2.023460e-01 -1.466136e-02
1.030724e+01 2.834245e-01 -2.008073e-02
1.030724e+01 3.967448e-01 -2.525234e-02
1.030724e+01 5.552783e-01 -2.788389e-02
1.030724e+01 7.774819e-01 -2.808749e-02
1.030724e+01 1.088445e+00 -2.628966e-02
1.030724e+01 1.523711e+00 -2.441209e-02
1.030724e+01 2.088426e+00 -2.391959e-02
1.030724e+01 2.685505e+00 -2.139959e-02
1.053339e+01 1.570796e-02 -2.605754e-04
1.053339e+01 2.346256e-02 -1.89824e-04
1.053339e+01 3.503514e-02 -5.729858e-04
1.053339e+01 5.263151e-02 -1.822983e-03
1.053339e+01 7.314235e-02 -3.312142e-03
1.053339e+01 1.025928e-01 -5.93603e-03
1.053339e+01 1.448116e-01 -8.543644e-03
1.053339e+01 2.023460e-01 -1.298263e-02
1.053339e+01 2.834245e-01 -1.792141e-02
1.053339e+01 3.967448e-01 -2.286683e-02
1.053339e+01 5.552783e-01 -2.567037e-02
1.053339e+01 7.774819e-01 -2.623600e-02
1.053339e+01 1.088445e+00 -2.491547e-02
1.053339e+01 1.523711e+00 -2.342949e-02
1.053339e+01 2.088426e+00 -2.309920e-02
1.053339e+01 2.685505e+00 -2.055288e-02
1.076406e+01 1.570796e-02 -2.284027e-04
1.076406e+01 2.346256e-02 -1.660177e-04
1.076406e+01 3.503514e-02 -4.974554e-04
1.076406e+01 5.263151e-02 -1.595792e-03
1.076406e+01 7.314235e-02 -2.892563e-03
1.076406e+01 1.025928e-01 -5.190703e-03
1.076406e+01 1.448116e-01 -7.501673e-03
1.076406e+01 2.023460e-01 -1.145722e-02
1.076406e+01 2.834245e-01 -1.591064e-02
1.076406e+01 3.967448e-01 -2.053554e-02
1.076406e+01 5.552783e-01 -2.342881e-02
1.076406e+01 7.774819e-01 -2.434172e-02
1.076406e+01 1.088445e+00 -2.343316e-02
1.076406e+01 1.523711e+00 -2.234940e-02
1.076406e+01 2.088426e+00 -2.215539e-02
1.076406e+01 2.685505e+00 -1.966339e-02
1.099934e+01 1.570796e-02 -1.998554e-04
1.099934e+01 2.346256e-02 -1.427689e-04
1.099934e+01 3.503514e-02 -4.303492e-04
1.099934e+01 5.263151e-02 -1.394033e-03
1.099934e+01 7.314235e-02 -2.521743e-03
1.099934e+01 1.025928e-01 -4.539173e-03
1.099934e+01 1.448116e-01 -6.56798e-03
1.099934e+01 2.023460e-01 -1.005624e-02
1.099934e+01 2.834245e-01 -1.404671e-02
1.099934e+01 3.967448e-01 -1.830975e-02
1.099934e+01 5.552783e-01 -2.122162e-02
1.099934e+01 7.774819e-01 -2.238139e-02
1.099934e+01 1.088445e+00 -2.188165e-02
1.099934e+01 1.523711e+00 -2.117043e-02
1.099934e+01 2.088426e+00 -2.114692e-02
1.099934e+01 2.685505e+00 -1.866969e-02
1.123932e+01 1.570796e-02 -1.738804e-04
1.123932e+01 2.346256e-02 -1.241747e-04
1.123932e+01 3.503514e-02 -3.724721e-04
1.123932e+01 5.263151e-02 -1.207993e-03
1.123932e+01 7.314235e-02 -2.185220e-03
1.123932e+01 1.025928e-01 -3.948543e-03
1.123932e+01 1.448116e-01 -5.723382e-03
1.123932e+01 2.023460e-01 -8.782779e-03
1.123932e+01 2.834245e-01 -1.232026e-02
1.123932e+01 3.967448e-01 -1.621156e-02
1.123932e+01 5.552783e-01 -1.906318e-02
1.123932e+01 7.774819e-01 -2.044293e-02
1.123932e+01 1.088445e+00 -2.028155e-02
1.123932e+01 1.523711e+00 -1.991408e-02
1.123932e+01 2.088426e+00 -2.002345e-02
1.123932e+01 2.685505e+00 -1.767484e-02
1.148411e+01 1.570796e-02 -1.505995e-04
1.148411e+01 2.346256e-02 -1.081305e-04
1.148411e+01 3.503514e-02 -3.220764e-04
1.148411e+01 5.263151e-02 -1.047928e-03
1.148411e+01 7.314235e-02 -1.889399e-03
1.148411e+01 1.025928e-01 -3.421202e-03
1.148411e+01 1.448116e-01 -4.970195e-03
1.148411e+01 2.023460e-01 -7.631037e-03
1.148411e+01 2.834245e-01 -1.074577e-02
1.148411e+01 3.967448e-01 -1.425879e-02
1.148411e+01 5.552783e-01 -1.698880e-02
1.148411e+01 7.774819e-01 -1.85187e-02
1.148411e+01 1.088445e+00 -1.865648e-02
1.148411e+01 1.523711e+00 -1.856841e-02
1.148411e+01 2.088426e+00 -1.879817e-02
1.148411e+01 2.685505e+00 -1.649271e-02
1.173379e+01 1.570796e-02 -1.290675e-04
1.173379e+01 2.346256e-02 -9.297333e-05
1.173379e+01 3.503514e-02 -2.752466e-04
1.173379e+01 5.263151e-02 -9.024739e-04
1.173379e+01 7.314235e-02 -1.627467e-03
1.173379e+01 1.025928e-01 -2.954748e-03
1.173379e+01 1.448116e-01 -4.297624e-03
1.173379e+01 2.023460e-01 -6.590642e-03
1.173379e+01 2.834245e-01 -9.308405e-03
1.173379e+01 3.967448e-01 -1.245852e-02
1.173379e+01 5.552783e-01 -1.502675e-02
1.173379e+01 7.774819e-01 -1.66594e-02
1.173379e+01 1.088445e+00 -1.700958e-02
1.173379e+01 1.523711e+00 -1.721379e-02
1.173379e+01 2.088426e+00 -1.755618e-02
1.173379e+01 2.685505e+00 -1.537453e-02
1.198847e+01 1.570796e-02 -1.098838e-04
1.198847e+01 2.346256e-02 -8.029482e-05
1.198847e+01 3.503514e-02 -2.350508e-04
1.198847e+01 5.263151e-02 -7.734755e-04
1.198847e+01 7.314235e-02 -1.393534e-03
1.198847e+01 1.025928e-01 -2.537104e-03
1.198847e+01 1.448116e-01 -3.693062e-03
1.198847e+01 2.023460e-01 -5.666932e-03
1.198847e+01 2.834245e-01 -8.023808e-03
1.198847e+01 3.967448e-01 -1.082463e-02
1.198847e+01 5.552783e-01 -1.319193e-02
1.198847e+01 7.774819e-01 -1.48754e-02
1.198847e+01 1.088445e+00 -1.54306e-02
1.198847e+01 1.523711e+00 -1.584389e-02
1.198847e+01 2.088426e+00 -1.627157e-02
1.198847e+01 2.685505e+00 -1.422202e-02
1.224824e+01 1.570796e-02 -9.396838e-05
1.224824e+01 2.346256e-02 -6.89264e-05
1.224824e+01 3.503514e-02 -1.997286e-04
1.224824e+01 5.263151e-02 -6.604495e-04
1.224824e+01 7.314235e-02 -1.191744e-03
1.224824e+01 1.025928e-01 -2.171369e-03
1.224824e+01 1.448116e-01 -3.156370e-03
1.224824e+01 2.023460e-01 -4.854087e-03
1.224824e+01 2.834245e-01 -6.877415e-03
1.224824e+01 3.967448e-01 -9.350029e-03
1.224824e+01 5.552783e-01 -1.150105e-02
1.224824e+01 7.774819e-01 -1.316176e-02
1.224824e+01 1.088445e+00 -1.389298e-02
1.224824e+01 1.523711e+00 -1.448935e-02
1.224824e+01 2.088426e+00 -1.500746e-02
1.224824e+01 2.685505e+00 -1.317946e-02
1.251320e+01 1.570796e-02 -7.940011e-05
1.251320e+01 2.346256e-02 -5.918343e-05
1.251320e+01 3.503514e-02 -1.684867e-04
1.251320e+01 5.263151e-02 -5.608985e-04
1.251320e+01 7.314235e-02 -1.014303e-03
1.251320e+01 1.025928e-01 -1.851272e-03
1.251320e+01 1.448116e-01 -2.688709e-03
1.251320e+01 2.023460e-01 -4.142684e-03
1.251320e+01 2.834245e-01 -5.872856e-03
1.251320e+01 3.967448e-01 -8.024976e-03
1.251320e+01 5.552783e-01 -9.959158e-03
1.251320e+01 7.774819e-01 -1.156116e-02
1.251320e+01 1.088445e+00 -1.241797e-02
1.251320e+01 1.523711e+00 -1.316267e-02
1.251320e+01 2.088426e+00 -1.375729e-02
1.251320e+01 2.685505e+00 -1.208350e-02
1.278347e+01 1.570796e-02 -6.717810e-05
1.278347e+01 2.346256e-02 -5.049074e-05
1.278347e+01 3.503514e-02 -1.423388e-04
1.278347e+01 5.263151e-02 -4.761411e-04
1.278347e+01 7.314235e-02 -8.595406e-04
1.278347e+01 1.025928e-01 -1.573446e-03
1.278347e+01 1.448116e-01 -2.283649e-03
1.278347e+01 2.023460e-01 -3.518317e-03
1.278347e+01 2.834245e-01 -4.990343e-03
1.278347e+01 3.967448e-01 -6.838722e-03
1.278347e+01 5.552783e-01 -8.573617e-03
1.278347e+01 7.774819e-01 -1.009214e-02
1.278347e+01 1.088445e+00 -1.101563e-02
1.278347e+01 1.523711e+00 -1.189997e-02
1.278347e+01 2.088426e+00 -1.251196e-02
1.278347e+01 2.685505e+00 -1.100131e-02
1.305914e+01 1.570796e-02 -5.646755e-05
1.305914e+01 2.346256e-02 -4.293449e-05
1.305914e+01 3.503514e-02 -1.19474e-04
1.305914e+01 5.263151e-02 -4.012435e-04
1.305914e+01 7.314235e-02 -7.226837e-04
1.305914e+01 1.025928e-01 -1.327729e-03
1.305914e+01 1.448116e-01 -1.929516e-03
1.305914e+01 2.023460e-01 -2.9732e-03
1.305914e+01 2.834245e-01 -4.217231e-03
1.305914e+01 3.967448e-01 -5.79807e-03
1.305914e+01 5.552783e-01 -7.328133e-03
1.305914e+01 7.774819e-01 -8.742036e-03
1.305914e+01 1.088445e+00 -9.695933e-03
1.305914e+01 1.523711e+00 -1.065155e-02
1.305914e+01 2.088426e+00 -1.132537e-02
1.305914e+01 2.685505e+00 -9.988411e-03
1.334032e+01 1.570796e-02 -4.699498e-05
1.334032e+01 2.346256e-02 -3.665623e-05
1.334032e+01 3.503514e-02 -9.95665e-05
1.334032e+01 5.263151e-02 -3.357598e-04
1.334032e+01 7.314235e-02 -6.054049e-04
1.334032e+01 1.025928e-01 -1.114842e-03
1.334032e+01 1.448116e-01 -1.620883e-03
1.334032e+01 2.023460e-01 -2.502892e-03
1.334032e+01 2.834245e-01 -3.547774e-03
1.334032e+01 3.967448e-01 -4.889179e-03
1.334032e+01 5.552783e-01 -6.233865e-03
1.334032e+01 7.774819e-01 -7.527984e-03
1.334032e+01 1.088445e+00 -8.494879e-03
1.334032e+01 1.523711e+00 -9.471585e-03
1.334032e+01 2.088426e+00 -1.019737e-02
1.334032e+01 2.685505e+00 -9.045582e-03
1.362713e+01 1.570796e-02 -3.915172e-05
1.362713e+01 2.346256e-02 -3.079027e-05
1.362713e+01 3.503514e-02 -8.307478e-05
1.362713e+01 5.263151e-02 -2.790639e-04
1.362713e+01 7.314235e-02 -5.054111e-04
1.362713e+01 1.025928e-01 -9.303932e-04
1.362713e+01 1.448116e-01 -1.348908e-03
1.362713e+01 2.023460e-01 -2.090471e-03
1.362713e+01 2.834245e-01 -2.964324e-03
1.362713e+01 3.967448e-01 -4.104348e-03
1.362713e+01 5.552783e-01 -5.262777e-03
1.362713e+01 7.774819e-01 -6.434689e-03
1.362713e+01 1.088445e+00 -7.388067e-03
1.362713e+01 1.523711e+00 -8.379346e-03
1.362713e+01 2.088426e+00 -9.120621e-03
1.362713e+01 2.685505e+00 -8.127928e-03
1.391967e+01 1.570796e-02 -3.218399e-05
1.391967e+01 2.346256e-02 -2.599503e-05
1.391967e+01 3.503514e-02 -6.870305e-05
1.391967e+01 5.263151e-02 -2.312678e-04
1.391967e+01 7.314235e-02 -4.185522e-04
1.391967e+01 1.025928e-01 -7.734099e-04
1.391967e+01 1.448116e-01 -1.122018e-03
1.391967e+01 2.023460e-01 -1.741571e-03
1.391967e+01 2.834245e-01 -2.46659e-03
1.391967e+01 3.967448e-01 -3.429962e-03
1.391967e+01 5.552783e-01 -4.41672e-03
1.391967e+01 7.774819e-01 -5.463193e-03
1.391967e+01 1.088445e+00 -6.394329e-03
1.391967e+01 1.523711e+00 -7.367771e-03
1.391967e+01 2.088426e+00 -8.101548e-03
1.391967e+01 2.685505e+00 -7.250490e-03
1.421806e+01 1.570796e-02 -2.683466e-05
1.421806e+01 2.346256e-02 -2.149126e-05
1.421806e+01 3.503514e-02 -5.643876e-05
1.421806e+01 5.263151e-02 -1.916449e-04
1.421806e+01 7.314235e-02 -3.464088e-04
1.421806e+01 1.025928e-01 -6.378460e-04
1.421806e+01 1.448116e-01 -9.285698e-04
1.421806e+01 2.023460e-01 -1.440904e-03
1.421806e+01 2.834245e-01 -2.043591e-03
1.421806e+01 3.967448e-01 -2.844829e-03
1.421806e+01 5.552783e-01 -3.690410e-03
1.421806e+01 7.774819e-01 -4.614048e-03
1.421806e+01 1.088445e+00 -5.483512e-03
1.421806e+01 1.523711e+00 -6.411181e-03
1.421806e+01 2.088426e+00 -7.145506e-03
1.421806e+01 2.685505e+00 -6.447396e-03
1.452242e+01 1.570796e-02 -2.204279e-05
1.452242e+01 2.346256e-02 -1.780865e-05
1.452242e+01 3.503514e-02 -4.634855e-05
1.452242e+01 5.263151e-02 -1.570826e-04
1.452242e+01 7.314235e-02 -2.821756e-04
1.452242e+01 1.025928e-01 -5.280431e-04
1.452242e+01 1.448116e-01 -7.634787e-04
1.452242e+01 2.023460e-01 -1.183106e-03
1.452242e+01 2.834245e-01 -1.681048e-03
1.452242e+01 3.967448e-01 -2.349593e-03
1.452242e+01 5.552783e-01 -3.060261e-03
1.452242e+01 7.774819e-01 -3.876174e-03
1.452242e+01 1.088445e+00 -4.684684e-03
1.452242e+01 1.523711e+00 -5.57111e-03
1.452242e+01 2.088426e+00 -6.275564e-03
1.452242e+01 2.685505e+00 -5.699506e-03
1.483287e+01 1.570796e-02 -1.777384e-05
1.483287e+01 2.346256e-02 -1.452537e-05
1.483287e+01 3.503514e-02 -3.727665e-05
1.483287e+01 5.263151e-02 -1.284159e-04
1.483287e+01 7.314235e-02 -2.308818e-04
1.483287e+01 1.025928e-01 -4.316351e-04
1.483287e+01 1.448116e-01 -6.24812e-04
1.483287e+01 2.023460e-01 -9.67249e-04
1.483287e+01 2.834245e-01 -1.377662e-03
1.483287e+01 3.967448e-01 -1.932992e-03
1.483287e+01 5.552783e-01 -2.529999e-03
1.483287e+01 7.774819e-01 -3.239730e-03
1.483287e+01 1.088445e+00 -3.980763e-03
1.483287e+01 1.523711e+00 -4.802878e-03
1.483287e+01 2.088426e+00 -5.482143e-03
1.483287e+01 2.685505e+00 -5.003055e-03
1.514953e+01 1.570796e-02 -1.440809e-05
1.514953e+01 2.346256e-02 -1.181115e-05
1.514953e+01 3.503514e-02 -3.005822e-05
1.514953e+01 5.263151e-02 -1.036029e-04
1.514953e+01 7.314235e-02 -1.876027e-04
1.514953e+01 1.025928e-01 -3.521407e-04
1.514953e+01 1.448116e-01 -5.07849e-04
1.514953e+01 2.023460e-01 -7.889314e-04
1.514953e+01 2.834245e-01 -1.12503e-03
1.514953e+01 3.967448e-01 -1.578450e-03
1.514953e+01 5.552783e-01 -2.079515e-03
1.514953e+01 7.774819e-01 -2.696392e-03
1.514953e+01 1.088445e+00 -3.364818e-03
1.514953e+01 1.523711e+00 -4.119245e-03
1.514953e+01 2.088426e+00 -4.756091e-03
1.514953e+01 2.685505e+00 -4.364544e-03
1.547252e+01 1.570796e-02 -1.153550e-05
1.547252e+01 2.346256e-02 -9.640327e-06
1.547252e+01 3.503514e-02 -2.392808e-05
1.547252e+01 5.263151e-02 -8.378253e-05
1.547252e+01 7.314235e-02 -1.522999e-04
1.547252e+01 1.025928e-01 -2.841949e-04
1.547252e+01 1.448116e-01 -4.101521e-04
1.547252e+01 2.023460e-01 -6.345336e-04
1.547252e+01 2.834245e-01 -9.092676e-04
1.547252e+01 3.967448e-01 -1.278335e-03
1.547252e+01 5.552783e-01 -1.695822e-03
1.547252e+01 7.774819e-01 -2.222013e-03
1.547252e+01 1.088445e+00 -2.816770e-03
1.547252e+01 1.523711e+00 -3.497390e-03
1.547252e+01 2.088426e+00 -4.083537e-03
1.547252e+01 2.685505e+00 -3.772858e-03
1.580197e+01 1.570796e-02 -9.219062e-06
1.580197e+01 2.346256e-02 -7.83513e-06
1.580197e+01 3.503514e-02 -1.907697e-05
1.580197e+01 5.263151e-02 -6.700268e-05
1.580197e+01 7.314235e-02 -1.227578e-04
1.580197e+01 1.025928e-01 -2.275784e-04
1.580197e+01 1.448116e-01 -3.292856e-04
1.580197e+01 2.023460e-01 -5.090827e-04
1.580197e+01 2.834245e-01 -7.303756e-04
1.580197e+01 3.967448e-01 -1.029183e-03
1.580197e+01 5.552783e-01 -1.370267e-03
1.580197e+01 7.774819e-01 -1.819904e-03
1.580197e+01 1.088445e+00 -2.339616e-03
1.580197e+01 1.523711e+00 -2.956902e-03
1.580197e+01 2.088426e+00 -3.483359e-03
1.580197e+01 2.685505e+00 -3.234467e-03
1.613801e+01 1.570796e-02 -7.410449e-06
1.613801e+01 2.346256e-02 -6.077373e-06
1.613801e+01 3.503514e-02 -1.508646e-05
1.613801e+01 5.263151e-02 -5.307300e-05
1.613801e+01 7.314235e-02 -9.776986e-05
1.613801e+01 1.025928e-01 -1.813963e-04
1.613801e+01 1.448116e-01 -2.620663e-04
1.613801e+01 2.023460e-01 -4.064315e-04
1.613801e+01 2.834245e-01 -5.824001e-04
1.613801e+01 3.967448e-01 -8.235808e-04
1.613801e+01 5.552783e-01 -1.106626e-03
1.613801e+01 7.774819e-01 -1.485715e-03
1.613801e+01 1.088445e+00 -1.92914e-03
1.613801e+01 1.523711e+00 -2.47494e-03
1.613801e+01 2.088426e+00 -2.952902e-03
1.613801e+01 2.685505e+00 -2.767443e-03
1.648077e+01 1.570796e-02 -5.920252e-06
1.648077e+01 2.346256e-02 -4.814710e-06
1.648077e+01 3.503514e-02 -1.205888e-05
1.648077e+01 5.263151e-02 -4.239971e-05
1.648077e+01 7.314235e-02 -7.715362e-05
1.648077e+01 1.025928e-01 -1.440011e-04
1.648077e+01 1.448116e-01 -2.084360e-04
1.648077e+01 2.023460e-01 -3.231538e-04
1.648077e+01 2.834245e-01 -4.647868e-04
1.648077e+01 3.967448e-01 -6.571603e-04
1.648077e+01 5.552783e-01 -8.908538e-04
1.648077e+01 7.774819e-01 -1.205003e-03
1.648077e+01 1.088445e+00 -1.587992e-03
1.648077e+01 1.523711e+00 -2.067051e-03
1.648077e+01 2.088426e+00 -2.493627e-03
1.648077e+01 2.685505e+00 -2.354529e-03
1.683038e+01 1.570796e-02 -4.674282e-06
1.683038e+01 2.346256e-02 -3.761748e-06
1.683038e+01 3.503514e-02 -9.381984e-06
1.683038e+01 5.263151e-02 -3.357181e-05
1.683038e+01 7.314235e-02 -6.132202e-05
1.683038e+01 1.025928e-01 -1.136142e-04
1.683038e+01 1.448116e-01 -1.644391e-04
1.683038e+01 2.023460e-01 -2.554095e-04
1.683038e+01 2.834245e-01 -3.674001e-04
1.683038e+01 3.967448e-01 -5.206654e-04
1.683038e+01 5.552783e-01 -7.101787e-04
1.683038e+01 7.774819e-01 -9.710944e-04
1.683038e+01 1.088445e+00 -1.292688e-03
1.683038e+01 1.523711e+00 -1.703452e-03
1.683038e+01 2.088426e+00 -2.080982e-03
1.683038e+01 2.685505e+00 -1.985511e-03
1.718699e+01 1.570796e-02 -3.543442e-06
1.718699e+01 2.346256e-02 -2.955694e-06
1.718699e+01 3.503514e-02 -7.539739e-06
1.718699e+01 5.263151e-02 -2.627366e-05
1.718699e+01 7.314235e-02 -4.845879e-05
1.718699e+01 1.025928e-01 -8.853344e-05
1.718699e+01 1.448116e-01 -1.288889e-04
1.718699e+01 2.023460e-01 -2.003447e-04
1.718699e+01 2.834245e-01 -2.869843e-04
1.718699e+01 3.967448e-01 -4.092626e-04
1.718699e+01 5.552783e-01 -5.636965e-04
1.718699e+01 7.774819e-01 -7.753448e-04
1.718699e+01 1.088445e+00 -1.042760e-03
1.718699e+01 1.523711e+00 -1.391746e-03
1.718699e+01 2.088426e+00 -1.713167e-03
1.718699e+01 2.685505e+00 -1.645869e-03
1.755073e+01 1.570796e-02 -2.866362e-06
1.755073e+01 2.346256e-02 -2.33265e-06
1.755073e+01 3.503514e-02 -5.992848e-06
1.755073e+01 5.263151e-02 -2.014800e-05
1.755073e+01 7.314235e-02 -3.765403e-05
1.755073e+01 1.025928e-01 -6.836735e-05
1.755073e+01 1.448116e-01 -9.956003e-05
1.755073e+01 2.023460e-01 -1.564174e-04
1.755073e+01 2.834245e-01 -2.226305e-04
1.755073e+01 3.967448e-01 -3.186009e-04
1.755073e+01 5.552783e-01 -4.428929e-04
1.755073e+01 7.774819e-01 -6.155077e-04
1.755073e+01 1.088445e+00 -8.367511e-04
1.755073e+01 1.523711e+00 -1.128052e-03
1.755073e+01 2.088426e+00 -1.399708e-03
1.755073e+01 2.685505e+00 -1.338209e-03
1.792175e+01 1.570796e-02 -2.188606e-06
1.792175e+01 2.346256e-02 -1.728576e-06
1.792175e+01 3.503514e-02 -4.479040e-06
1.792175e+01 5.263151e-02 -1.569042e-05
1.792175e+01 7.314235e-02 -2.867559e-05
1.792175e+01 1.025928e-01 -5.263088e-05
1.792175e+01 1.448116e-01 -7.620894e-05
1.792175e+01 2.023460e-01 -1.204753e-04
1.792175e+01 2.834245e-01 -1.714865e-04
1.792175e+01 3.967448e-01 -2.460064e-04
1.792175e+01 5.552783e-01 -3.458529e-04
1.792175e+01 7.774819e-01 -4.827739e-04
1.792175e+01 1.088445e+00 -6.616065e-04
1.792175e+01 1.523711e+00 -9.045789e-04
1.792175e+01 2.088426e+00 -1.128243e-03
1.792175e+01 2.685505e+00 -1.080947e-03
1.830018e+01 1.570796e-02 -1.637636e-06
1.830018e+01 2.346256e-02 -1.323563e-06
1.830018e+01 3.503514e-02 -3.449266e-06
1.830018e+01 5.263151e-02 -1.189602e-05
1.830018e+01 7.314235e-02 -2.157421e-05
1.830018e+01 1.025928e-01 -4.042187e-05
1.830018e+01 1.448116e-01 -5.773215e-05
1.830018e+01 2.023460e-01 -9.228228e-05
1.830018e+01 2.834245e-01 -1.316591e-04
1.830018e+01 3.967448e-01 -1.879093e-04
1.830018e+01 5.552783e-01 -2.667192e-04
1.830018e+01 7.774819e-01 -3.771954e-04
1.830018e+01 1.088445e+00 -5.199527e-04
1.830018e+01 1.523711e+00 -7.169035e-04
1.830018e+01 2.088426e+00 -8.987484e-04
1.830018e+01 2.685505e+00 -8.471883e-04
1.868618e+01 1.570796e-02 -1.267115e-06
1.868618e+01 2.346256e-02 -1.014606e-06
1.868618e+01 3.503514e-02 -2.591989e-06
1.868618e+01 5.263151e-02 -9.096188e-06
1.868618e+01 7.314235e-02 -1.622959e-05
1.868618e+01 1.025928e-01 -3.046293e-05
1.868618e+01 1.448116e-01 -4.335944e-05
1.868618e+01 2.023460e-01 -6.98461e-05
1.868618e+01 2.834245e-01 -9.994207e-05
1.868618e+01 3.967448e-01 -1.425599e-04
1.868618e+01 5.552783e-01 -2.047683e-04
1.868618e+01 7.774819e-01 -2.901717e-04
1.868618e+01 1.088445e+00 -4.048172e-04
1.868618e+01 1.523711e+00 -5.626883e-04
1.868618e+01 2.088426e+00 -7.063904e-04
1.868618e+01 2.685505e+00 -6.685319e-04
1.907991e+01 1.570796e-02 -9.19295e-07
1.907991e+01 2.346256e-02 -7.542059e-07
1.907991e+01 3.503514e-02 -1.912265e-06
1.907991e+01 5.263151e-02 -6.838749e-06
1.907991e+01 7.314235e-02 -1.226601e-05
1.907991e+01 1.025928e-01 -2.269745e-05
1.907991e+01 1.448116e-01 -3.233348e-05
1.907991e+01 2.023460e-01 -5.147045e-05
1.907991e+01 2.834245e-01 -7.444065e-05
1.907991e+01 3.967448e-01 -1.066416e-04
1.907991e+01 5.552783e-01 -1.543736e-04
1.907991e+01 7.774819e-01 -2.206664e-04
1.907991e+01 1.088445e+00 -3.084555e-04
1.907991e+01 1.523711e+00 -4.295516e-04
1.907991e+01 2.088426e+00 -5.42499e-04
1.907991e+01 2.685505e+00 -5.114731e-04
1.948151e+01 1.570796e-02 -6.656763e-07
1.948151e+01 2.346256e-02 -5.666417e-07
1.948151e+01 3.503514e-02 -1.431652e-06
1.948151e+01 5.263151e-02 -5.056793e-06
1.948151e+01 7.314235e-02 -8.837042e-06
1.948151e+01 1.025928e-01 -1.681883e-05
1.948151e+01 1.448116e-01 -2.39663e-05
1.948151e+01 2.023460e-01 -3.804308e-05
1.948151e+01 2.834245e-01 -5.449743e-05
1.948151e+01 3.967448e-01 -7.897615e-05
1.948151e+01 5.552783e-01 -1.150761e-04
1.948151e+01 7.774819e-01 -1.650562e-04
1.948151e+01 1.088445e+00 -2.307569e-04
1.948151e+01 1.523711e+00 -3.241939e-04
1.948151e+01 2.088426e+00 -4.104877e-04
1.948151e+01 2.685505e+00 -3.850862e-04
1.989114e+01 1.570796e-02 -4.873084e-07
1.989114e+01 2.346256e-02 -4.083273e-07
1.989114e+01 3.503514e-02 -1.00803e-06
1.989114e+01 5.263151e-02 -3.712024e-06
1.989114e+01 7.314235e-02 -6.420486e-06
1.989114e+01 1.025928e-01 -1.203681e-05
1.989114e+01 1.448116e-01 -1.731976e-05
1.989114e+01 2.023460e-01 -2.736826e-05
1.989114e+01 2.834245e-01 -3.951875e-05
1.989114e+01 3.967448e-01 -5.726702e-05
1.989114e+01 5.552783e-01 -8.321015e-05
1.989114e+01 7.774819e-01 -1.200608e-04
1.989114e+01 1.088445e+00 -1.687928e-04
1.989114e+01 1.523711e+00 -2.397379e-04
1.989114e+01 2.088426e+00 -3.055948e-04
1.989114e+01 2.685505e+00 -2.863261e-04
2.030896e+01 1.570796e-02 -3.697296e-07
2.030896e+01 2.346256e-02 -2.994590e-07
2.030896e+01 3.503514e-02 -7.678641e-07
2.030896e+01 5.263151e-02 -2.60189e-06
2.030896e+01 7.314235e-02 -4.716403e-06
2.030896e+01 1.025928e-01 -8.512902e-06
2.030896e+01 1.448116e-01 -1.211603e-05
2.030896e+01 2.023460e-01 -1.944672e-05
2.030896e+01 2.834245e-01 -2.825220e-05
2.030896e+01 3.967448e-01 -4.094812e-05
2.030896e+01 5.552783e-01 -5.989018e-05
2.030896e+01 7.774819e-01 -8.690593e-05
2.030896e+01 1.088445e+00 -1.216128e-04
2.030896e+01 1.523711e+00 -1.747295e-04
2.030896e+01 2.088426e+00 -2.232673e-04
2.030896e+01 2.685505e+00 -2.139475e-04
2.073514e+01 1.570796e-02 -2.508341e-07
2.073514e+01 2.346256e-02 -2.053509e-07
2.073514e+01 3.503514e-02 -5.244931e-07
2.073514e+01 5.263151e-02 -1.787115e-06
2.073514e+01 7.314235e-02 -3.368022e-06
2.073514e+01 1.025928e-01 -5.937545e-06
2.073514e+01 1.448116e-01 -8.393012e-06
2.073514e+01 2.023460e-01 -1.370155e-05
2.073514e+01 2.834245e-01 -1.979553e-05
2.073514e+01 3.967448e-01 -2.869845e-05
2.073514e+01 5.552783e-01 -4.236945e-05
2.073514e+01 7.774819e-01 -6.171242e-05
2.073514e+01 1.088445e+00 -8.626284e-05
2.073514e+01 1.523711e+00 -1.247367e-04
2.073514e+01 2.088426e+00 -1.616029e-04
2.073514e+01 2.685505e+00 -1.564333e-04
2.116984e+01 1.570796e-02 -1.758906e-07
2.116984e+01 2.346256e-02 -1.321005e-07
2.116984e+01 3.503514e-02 -3.515105e-07
2.116984e+01 5.263151e-02 -1.247549e-06
2.116984e+01 7.314235e-02 -2.328275e-06
2.116984e+01 1.025928e-01 -4.089685e-06
2.116984e+01 1.448116e-01 -5.822220e-06
2.116984e+01 2.023460e-01 -9.299709e-06
2.116984e+01 2.834245e-01 -1.357040e-05
2.116984e+01 3.967448e-01 -1.988092e-05
2.116984e+01 5.552783e-01 -2.932678e-05
2.116984e+01 7.774819e-01 -4.298449e-05
2.116984e+01 1.088445e+00 -6.059787e-05
2.116984e+01 1.523711e+00 -8.767967e-05
2.116984e+01 2.088426e+00 -1.132765e-04
2.116984e+01 2.685505e+00 -1.117256e-04
2.161324e+01 1.570796e-02 -1.387144e-07
2.161324e+01 2.346256e-02 -8.052333e-08
2.161324e+01 3.503514e-02 -2.333332e-07
2.161324e+01 5.263151e-02 -8.755539e-07
2.161324e+01 7.314235e-02 -1.583997e-06
2.161324e+01 1.025928e-01 -2.774414e-06
2.161324e+01 1.448116e-01 -3.930612e-06
2.161324e+01 2.023460e-01 -6.260854e-06
2.161324e+01 2.834245e-01 -9.188080e-06
2.161324e+01 3.967448e-01 -1.356559e-05
2.161324e+01 5.552783e-01 -2.015623e-05
2.161324e+01 7.774819e-01 -2.956215e-05
2.161324e+01 1.088445e+00 -4.206802e-05
2.161324e+01 1.523711e+00 -6.115547e-05
2.161324e+01 2.088426e+00 -7.905278e-05
2.161324e+01 2.685505e+00 -7.583825e-05
2.206550e+01 1.570796e-02 -9.008513e-08
2.206550e+01 2.346256e-02 -5.879202e-08
2.206550e+01 3.503514e-02 -1.468439e-07
2.206550e+01 5.263151e-02 -5.699699e-07
2.206550e+01 7.314235e-02 -1.040173e-06
2.206550e+01 1.025928e-01 -1.846240e-06
2.206550e+01 1.448116e-01 -2.592538e-06
2.206550e+01 2.023460e-01 -4.109768e-06
2.206550e+01 2.834245e-01 -6.110465e-06
2.206550e+01 3.967448e-01 -8.95147e-06
2.206550e+01 5.552783e-01 -1.339837e-05
2.206550e+01 7.774819e-01 -1.967735e-05
2.206550e+01 1.088445e+00 -2.8277e-05
2.206550e+01 1.523711e+00 -4.110184e-05
2.206550e+01 2.088426e+00 -5.378062e-05
2.206550e+01 2.685505e+00 -5.172686e-05
2.252681e+01 1.570796e-02 -5.783959e-08
2.252681e+01 2.346256e-02 -4.079952e-08
2.252681e+01 3.503514e-02 -9.020731e-08
2.252681e+01 5.263151e-02 -3.781979e-07
2.252681e+01 7.314235e-02 -6.716008e-07
2.252681e+01 1.025928e-01 -1.188958e-06
2.252681e+01 1.448116e-01 -1.658948e-06
2.252681e+01 2.023460e-01 -2.642897e-06
2.252681e+01 2.834245e-01 -3.906670e-06
2.252681e+01 3.967448e-01 -5.804482e-06
2.252681e+01 5.552783e-01 -8.635688e-06
2.252681e+01 7.774819e-01 -1.284084e-05
2.252681e+01 1.088445e+00 -1.859434e-05
2.252681e+01 1.523711e+00 -2.729624e-05
2.252681e+01 2.088426e+00 -3.54441e-05
2.252681e+01 2.685505e+00 -3.363980e-05
2.299735e+01 1.570796e-02 -3.809346e-08
2.299735e+01 2.346256e-02 -2.444493e-08
2.299735e+01 3.503514e-02 -4.910083e-08
2.299735e+01 5.263151e-02 -2.294402e-07
2.299735e+01 7.314235e-02 -4.205891e-07
2.299735e+01 1.025928e-01 -6.913879e-07
2.299735e+01 1.448116e-01 -1.024107e-06
2.299735e+01 2.023460e-01 -1.646678e-06
2.299735e+01 2.834245e-01 -2.448296e-06
2.299735e+01 3.967448e-01 -3.624402e-06
2.299735e+01 5.552783e-01 -5.378868e-06
2.299735e+01 7.774819e-01 -8.236274e-06
2.299735e+01 1.088445e+00 -1.184836e-05
2.299735e+01 1.523711e+00 -1.755299e-05
2.299735e+01 2.088426e+00 -2.304252e-05
2.299735e+01 2.685505e+00 -2.184270e-05
2.34773e+01 1.570796e-02 -2.513852e-08
2.34773e+01 2.346256e-02 -1.894936e-08
2.34773e+01 3.503514e-02 -3.757061e-08
2.34773e+01 5.263151e-02 -1.406475e-07
2.34773e+01 7.314235e-02 -2.690649e-07
2.34773e+01 1.025928e-01 -4.411710e-07
2.34773e+01 1.448116e-01 -6.189197e-07
2.34773e+01 2.023460e-01 -1.011988e-06
2.34773e+01 2.834245e-01 -1.526194e-06
2.34773e+01 3.967448e-01 -2.202119e-06
2.34773e+01 5.552783e-01 -3.356106e-06
2.34773e+01 7.774819e-01 -5.217346e-06
2.34773e+01 1.088445e+00 -7.471569e-06
2.34773e+01 1.523711e+00 -1.113013e-05
2.34773e+01 2.088426e+00 -1.469435e-05
2.34773e+01 2.685505e+00 -1.388094e-05
2.396684e+01 1.570796e-02 6.56959e-10
2.396684e+01 2.346256e-02 5.415914e-10
2.396684e+01 3.503514e-02 1.555942e-09
2.396684e+01 5.263151e-02 4.626349e-09
2.396684e+01 7.314235e-02 8.660807e-09
2.396684e+01 1.025928e-01 1.542594e-08
2.396684e+01 1.448116e-01 2.282918e-08
2.396684e+01 2.023460e-01 3.439278e-08
2.396684e+01 2.834245e-01 5.084527e-08
2.396684e+01 3.967448e-01 7.416244e-08
2.396684e+01 5.552783e-01 1.046457e-07
2.396684e+01 7.774819e-01 1.370963e-07
2.396684e+01 1.088445e+00 1.553903e-07
2.396684e+01 1.523711e+00 1.401325e-07
2.396684e+01 2.088426e+00 9.650139e-08
2.396684e+01 2.685505e+00 4.528935e-08
2.446618e+01 1.570796e-02 6.135605e-10
2.446618e+01 2.346256e-02 5.047899e-10
2.446618e+01 3.503514e-02 1.453876e-09
2.446618e+01 5.263151e-02 4.317854e-09
2.446618e+01 7.314235e-02 8.084724e-09
2.446618e+01 1.025928e-01 1.440287e-08
2.446618e+01 1.448116e-01 2.13366e-08
2.446618e+01 2.023460e-01 3.22105e-08
2.446618e+01 2.834245e-01 4.786992e-08
2.446618e+01 3.967448e-01 7.026282e-08
2.446618e+01 5.552783e-01 9.981175e-08
2.446618e+01 7.774819e-01 1.314663e-07
2.446618e+01 1.088445e+00 1.501382e-07
2.446618e+01 1.523711e+00 1.373436e-07
2.446618e+01 2.088426e+00 9.651957e-08
2.446618e+01 2.685505e+00 4.596932e-08
2.497550e+01 1.570796e-02 5.704274e-10
2.497550e+01 2.346256e-02 4.680394e-10
2.497550e+01 3.503514e-02 1.35387e-09
2.497550e+01 5.263151e-02 4.012872e-09
2.497550e+01 7.314235e-02 7.516631e-09
2.497550e+01 1.025928e-01 1.339905e-08
2.497550e+01 1.448116e-01 1.987102e-08
2.497550e+01 2.023460e-01 3.006501e-08
2.497550e+01 2.834245e-01 4.492768e-08
2.497550e+01 3.967448e-01 6.635182e-08
2.497550e+01 5.552783e-01 9.488937e-08
2.497550e+01 7.774819e-01 1.256712e-07
2.497550e+01 1.088445e+00 1.445877e-07
2.497550e+01 1.523711e+00 1.343078e-07
2.497550e+01 2.088426e+00 9.643675e-08
2.497550e+01 2.685505e+00 4.683054e-08
2.549501e+01 1.570796e-02 5.279433e-10
2.549501e+01 2.346256e-02 4.319408e-10
2.549501e+01 3.503514e-02 1.255087e-09
2.549501e+01 5.263151e-02 3.714092e-09
2.549501e+01 7.314235e-02 6.963025e-09
2.549501e+01 1.025928e-01 1.241594e-08
2.549501e+01 1.448116e-01 1.843680e-08
2.549501e+01 2.023460e-01 2.796012e-08
2.549501e+01 2.834245e-01 4.202531e-08
2.549501e+01 3.967448e-01 6.244988e-08
2.549501e+01 5.552783e-01 8.987094e-08
2.549501e+01 7.774819e-01 1.195857e-07
2.549501e+01 1.088445e+00 1.387843e-07
2.549501e+01 1.523711e+00 1.310197e-07
2.549501e+01 2.088426e+00 9.627395e-08
2.549501e+01 2.685505e+00 4.784289e-08
2.602491e+01 1.570796e-02 4.863402e-10
2.602491e+01 2.346256e-02 3.96769e-10
2.602491e+01 3.503514e-02 1.158084e-09
2.602491e+01 5.263151e-02 3.422439e-09
2.602491e+01 7.314235e-02 6.421581e-09
2.602491e+01 1.025928e-01 1.145473e-08
2.602491e+01 1.448116e-01 1.703780e-08
2.602491e+01 2.023460e-01 2.589968e-08
2.602491e+01 2.834245e-01 3.91688e-08
2.602491e+01 3.967448e-01 5.852607e-08
2.602491e+01 5.552783e-01 8.470587e-08
2.602491e+01 7.774819e-01 1.133112e-07
2.602491e+01 1.088445e+00 1.326406e-07
2.602491e+01 1.523711e+00 1.274499e-07
2.602491e+01 2.088426e+00 9.609878e-08
2.602491e+01 2.685505e+00 4.897077e-08
2.656541e+01 1.570796e-02 4.457248e-10
2.656541e+01 2.346256e-02 3.625016e-10
2.656541e+01 3.503514e-02 1.063317e-09
2.656541e+01 5.263151e-02 3.138777e-09
2.656541e+01 7.314235e-02 5.893605e-09
2.656541e+01 1.025928e-01 1.051832e-08
2.656541e+01 1.448116e-01 1.567095e-08
2.656541e+01 2.023460e-01 2.388730e-08
2.656541e+01 2.834245e-01 3.634035e-08
2.656541e+01 3.967448e-01 5.461702e-08
2.656541e+01 5.552783e-01 7.945632e-08
2.656541e+01 7.774819e-01 1.068218e-07
2.656541e+01 1.088445e+00 1.262146e-07
2.656541e+01 1.523711e+00 1.236376e-07
2.656541e+01 2.088426e+00 9.583974e-08
2.656541e+01 2.685505e+00 5.046199e-08
2.711672e+01 1.570796e-02 4.062562e-10
2.711672e+01 2.346256e-02 3.293095e-10
2.711672e+01 3.503514e-02 9.707423e-10
2.711672e+01 5.263151e-02 2.862163e-09
2.711672e+01 7.314235e-02 5.380821e-09
2.711672e+01 1.025928e-01 9.607024e-09
2.711672e+01 1.448116e-01 1.433603e-08
2.711672e+01 2.023460e-01 2.191830e-08
2.711672e+01 2.834245e-01 3.353307e-08
2.711672e+01 3.967448e-01 5.068333e-08
2.711672e+01 5.552783e-01 7.410527e-08
2.711672e+01 7.774819e-01 1.001432e-07
2.711672e+01 1.088445e+00 1.194684e-07
2.711672e+01 1.523711e+00 1.194487e-07
2.711672e+01 2.088426e+00 9.528682e-08
2.711672e+01 2.685505e+00 5.229441e-08
2.767905e+01 1.570796e-02 3.678045e-10
2.767905e+01 2.346256e-02 2.966237e-10
2.767905e+01 3.503514e-02 8.808281e-10
2.767905e+01 5.263151e-02 2.592877e-09
2.767905e+01 7.314235e-02 4.880799e-09
2.767905e+01 1.025928e-01 8.719363e-09
2.767905e+01 1.448116e-01 1.303574e-08
2.767905e+01 2.023460e-01 1.998088e-08
2.767905e+01 2.834245e-01 3.076380e-08
2.767905e+01 3.967448e-01 4.674183e-08
2.767905e+01 5.552783e-01 6.862678e-08
2.767905e+01 7.774819e-01 9.318205e-08
2.767905e+01 1.088445e+00 1.123614e-07
2.767905e+01 1.523711e+00 1.147946e-07
2.767905e+01 2.088426e+00 9.45324e-08
2.767905e+01 2.685505e+00 5.442356e-08
2.825263e+01 1.570796e-02 3.305263e-10
2.825263e+01 2.346256e-02 2.653382e-10
2.825263e+01 3.503514e-02 7.926512e-10
2.825263e+01 5.263151e-02 2.331637e-09
2.825263e+01 7.314235e-02 4.395879e-09
2.825263e+01 1.025928e-01 7.856104e-09
2.825263e+01 1.448116e-01 1.176430e-08
2.825263e+01 2.023460e-01 1.808823e-08
2.825263e+01 2.834245e-01 2.801675e-08
2.825263e+01 3.967448e-01 4.276865e-08
2.825263e+01 5.552783e-01 6.303781e-08
2.825263e+01 7.774819e-01 8.604199e-08
2.825263e+01 1.088445e+00 1.048531e-07
2.825263e+01 1.523711e+00 1.09561e-07
2.825263e+01 2.088426e+00 9.338455e-08
2.825263e+01 2.685505e+00 5.66594e-08
2.883769e+01 1.570796e-02 2.942939e-10
2.883769e+01 2.346256e-02 2.348884e-10
2.883769e+01 3.503514e-02 7.070328e-10
2.883769e+01 5.263151e-02 2.076963e-09
2.883769e+01 7.314235e-02 3.923542e-09
2.883769e+01 1.025928e-01 7.014473e-09
2.883769e+01 1.448116e-01 1.052292e-08
2.883769e+01 2.023460e-01 1.622650e-08
2.883769e+01 2.834245e-01 2.52867e-08
2.883769e+01 3.967448e-01 3.876397e-08
2.883769e+01 5.552783e-01 5.732807e-08
2.883769e+01 7.774819e-01 7.867937e-08
2.883769e+01 1.088445e+00 9.700049e-08
2.883769e+01 1.523711e+00 1.036960e-07
2.883769e+01 2.088426e+00 9.172321e-08
2.883769e+01 2.685505e+00 5.916035e-08
2.943444e+01 1.570796e-02 2.591528e-10
2.943444e+01 2.346256e-02 2.055485e-10
2.943444e+01 3.503514e-02 6.234325e-10
2.943444e+01 5.263151e-02 1.829771e-09
2.943444e+01 7.314235e-02 3.463000e-09
2.943444e+01 1.025928e-01 6.194998e-09
2.943444e+01 1.448116e-01 9.311087e-09
2.943444e+01 2.023460e-01 1.440057e-08
2.943444e+01 2.834245e-01 2.256926e-08
2.943444e+01 3.967448e-01 3.473629e-08
2.943444e+01 5.552783e-01 5.154404e-08
2.943444e+01 7.774819e-01 7.113517e-08
2.943444e+01 1.088445e+00 8.870304e-08
2.943444e+01 1.523711e+00 9.712504e-08
2.943444e+01 2.088426e+00 8.938232e-08
2.943444e+01 2.685505e+00 6.163606e-08
3.004313e+01 1.570796e-02 2.249758e-10
3.004313e+01 2.346256e-02 1.772517e-10
3.004313e+01 3.503514e-02 5.421328e-10
3.004313e+01 5.263151e-02 1.589462e-09
3.004313e+01 7.314235e-02 3.014861e-09
3.004313e+01 1.025928e-01 5.396289e-09
3.004313e+01 1.448116e-01 8.124414e-09
3.004313e+01 2.023460e-01 1.260522e-08
3.004313e+01 2.834245e-01 1.986257e-08
3.004313e+01 3.967448e-01 3.068934e-08
3.004313e+01 5.552783e-01 4.565986e-08
3.004313e+01 7.774819e-01 6.336836e-08
3.004313e+01 1.088445e+00 7.997255e-08
3.004313e+01 1.523711e+00 8.972357e-08
3.004313e+01 2.088426e+00 8.609899e-08
3.004313e+01 2.685505e+00 6.379474e-08
3.066399e+01 1.570796e-02 1.918062e-10
3.066399e+01 2.346256e-02 1.499229e-10
3.066399e+01 3.503514e-02 4.631959e-10
3.066399e+01 5.263151e-02 1.355653e-09
3.066399e+01 7.314235e-02 2.577215e-09
3.066399e+01 1.025928e-01 4.617029e-09
3.066399e+01 1.448116e-01 6.962964e-09
3.066399e+01 2.023460e-01 1.083861e-08
3.066399e+01 2.834245e-01 1.716619e-08
3.066399e+01 3.967448e-01 2.660656e-08
3.066399e+01 5.552783e-01 3.969215e-08
3.066399e+01 7.774819e-01 5.539429e-08
3.066399e+01 1.088445e+00 7.076869e-08
3.066399e+01 1.523711e+00 8.140113e-08
3.066399e+01 2.088426e+00 8.164143e-08
3.066399e+01 2.685505e+00 6.544695e-08
3.129727e+01 1.570796e-02 1.596183e-10
3.129727e+01 2.346256e-02 1.238465e-10
3.129727e+01 3.503514e-02 3.861684e-10
3.129727e+01 5.263151e-02 1.128765e-09
3.129727e+01 7.314235e-02 2.151731e-09
3.129727e+01 1.025928e-01 3.855357e-09
3.129727e+01 1.448116e-01 5.827240e-09
3.129727e+01 2.023460e-01 9.096152e-09
3.129727e+01 2.834245e-01 1.447929e-08
3.129727e+01 3.967448e-01 2.251328e-08
3.129727e+01 5.552783e-01 3.365592e-08
3.129727e+01 7.774819e-01 4.722251e-08
3.129727e+01 1.088445e+00 6.107019e-08
3.129727e+01 1.523711e+00 7.207956e-08
3.129727e+01 2.088426e+00 7.574482e-08
3.129727e+01 2.685505e+00 6.576687e-08
3.194322e+01 1.570796e-02 1.283733e-10
3.194322e+01 2.346256e-02 9.879409e-11
3.194322e+01 3.503514e-02 3.111011e-10
3.194322e+01 5.263151e-02 9.080151e-10
3.194322e+01 7.314235e-02 1.735849e-09
3.194322e+01 1.025928e-01 3.112012e-09
3.194322e+01 1.448116e-01 4.712865e-09
3.194322e+01 2.023460e-01 7.377099e-09
3.194322e+01 2.834245e-01 1.180002e-08
3.194322e+01 3.967448e-01 1.839445e-08
3.194322e+01 5.552783e-01 2.755746e-08
3.194322e+01 7.774819e-01 3.886932e-08
3.194322e+01 1.088445e+00 5.087430e-08
3.194322e+01 1.523711e+00 6.167876e-08
3.194322e+01 2.088426e+00 6.808061e-08
3.194322e+01 2.685505e+00 6.408577e-08
3.260208e+01 1.570796e-02 9.819354e-11
3.260208e+01 2.346256e-02 7.486967e-11
3.260208e+01 3.503514e-02 2.381017e-10
3.260208e+01 5.263151e-02 6.943606e-10
3.260208e+01 7.314235e-02 1.330241e-09
3.260208e+01 1.025928e-01 2.385721e-09
3.260208e+01 1.448116e-01 3.620797e-09
3.260208e+01 2.023460e-01 5.686132e-09
3.260208e+01 2.834245e-01 9.136419e-09
3.260208e+01 3.967448e-01 1.427022e-08
3.260208e+01 5.552783e-01 2.141104e-08
3.260208e+01 7.774819e-01 3.035092e-08
3.260208e+01 1.088445e+00 4.018917e-08
3.260208e+01 1.523711e+00 5.007207e-08
3.260208e+01 2.088426e+00 5.817960e-08
3.260208e+01 2.685505e+00 5.938291e-08
3.327412e+01 1.570796e-02 6.878205e-11
3.327412e+01 2.346256e-02 5.180019e-11
3.327412e+01 3.503514e-02 1.669541e-10
3.327412e+01 5.263151e-02 4.860990e-10
3.327412e+01 7.314235e-02 9.343535e-10
3.327412e+01 1.025928e-01 1.677060e-09
3.327412e+01 1.448116e-01 2.550017e-09
3.327412e+01 2.023460e-01 4.016441e-09
3.327412e+01 2.834245e-01 6.482776e-09
3.327412e+01 3.967448e-01 1.014497e-08
3.327412e+01 5.552783e-01 1.524959e-08
3.327412e+01 7.774819e-01 2.171152e-08
3.327412e+01 1.088445e+00 2.908048e-08
3.327412e+01 1.523711e+00 3.722903e-08
3.327412e+01 2.088426e+00 4.560561e-08
3.327412e+01 2.685505e+00 5.044798e-08
3.395961e+01 1.570796e-02 4.13025e-11
3.395961e+01 2.346256e-02 3.103251e-11
3.395961e+01 3.503514e-02 1.006051e-10
3.395961e+01 5.263151e-02 2.927380e-10
3.395961e+01 7.314235e-02 5.629279e-10
3.395961e+01 1.025928e-01 1.010545e-09
3.395961e+01 1.448116e-01 1.538420e-09
3.395961e+01 2.023460e-01 2.423615e-09
3.395961e+01 2.834245e-01 3.911517e-09
3.395961e+01 3.967448e-01 6.102380e-09
3.395961e+01 5.552783e-01 9.142531e-09
3.395961e+01 7.774819e-01 1.302449e-08
3.395961e+01 1.088445e+00 1.759423e-08
3.395961e+01 1.523711e+00 2.309643e-08
3.395961e+01 2.088426e+00 2.974484e-08
3.395961e+01 2.685505e+00 3.525045e-08
3.46588e+01 1.570796e-02 1.265501e-11
3.46588e+01 2.346256e-02 1.021772e-11
3.46588e+01 3.503514e-02 3.174694e-11
3.46588e+01 5.263151e-02 9.045104e-11
3.46588e+01 7.314235e-02 1.764668e-10
3.46588e+01 1.025928e-01 3.193331e-10
3.46588e+01 1.448116e-01 4.910134e-10
3.46588e+01 2.023460e-01 7.747022e-10
3.46588e+01 2.834245e-01 1.26709e-09
3.46588e+01 3.967448e-01 1.982664e-09
3.46588e+01 5.552783e-01 2.9854e-09
3.46588e+01 7.774819e-01 4.275587e-09
3.46588e+01 1.088445e+00 5.833097e-09
3.46588e+01 1.523711e+00 7.812475e-09
3.46588e+01 2.088426e+00 1.05371e-08
3.46588e+01 2.685505e+00 1.336485e-08
3.537197e+01 1.570796e-02 0.e+00
3.537197e+01 2.346256e-02 0.e+00
3.537197e+01 3.503514e-02 0.e+00
3.537197e+01 5.263151e-02 0.e+00
3.537197e+01 7.314235e-02 0.e+00
3.537197e+01 1.025928e-01 0.e+00
3.537197e+01 1.448116e-01 0.e+00
3.537197e+01 2.023460e-01 0.e+00
3.537197e+01 2.834245e-01 0.e+00
3.537197e+01 3.967448e-01 0.e+00
3.537197e+01 5.552783e-01 0.e+00
3.537197e+01 7.774819e-01 0.e+00
3.537197e+01 1.088445e+00 0.e+00
3.537197e+01 1.523711e+00 0.e+00
3.537197e+01 2.088426e+00 0.e+00
3.537197e+01 2.685505e+00 0.e+00
