5.e+00 1.570796e-02 0.e+00
5.e+00 2.346256e-02 0.e+00
5.e+00 3.503514e-02 0.e+00
5.e+00 5.263151e-02 0.e+00
5.e+00 7.314235e-02 0.e+00
5.e+00 1.025928e-01 0.e+00
5.e+00 1.448116e-01 0.e+00
5.e+00 2.023460e-01 0.e+00
5.e+00 2.834245e-01 0.e+00
5.e+00 3.967448e-01 0.e+00
5.e+00 5.552783e-01 0.e+00
5.e+00 7.774819e-01 0.e+00
5.e+00 1.088445e+00 0.e+00
5.e+00 1.523711e+00 0.e+00
5.e+00 2.088426e+00 0.e+00
5.e+00 2.685505e+00 0.e+00
5.12e+00 1.570796e-02 0.e+00
5.12e+00 2.346256e-02 0.e+00
5.12e+00 3.503514e-02 0.e+00
5.12e+00 5.263151e-02 0.e+00
5.12e+00 7.314235e-02 0.e+00
5.12e+00 1.025928e-01 0.e+00
5.12e+00 1.448116e-01 0.e+00
5.12e+00 2.023460e-01 0.e+00
5.12e+00 2.834245e-01 0.e+00
5.12e+00 3.967448e-01 0.e+00
5.12e+00 5.552783e-01 0.e+00
5.12e+00 7.774819e-01 0.e+00
5.12e+00 1.088445e+00 0.e+00
5.12e+00 1.523711e+00 0.e+00
5.12e+00 2.088426e+00 0.e+00
5.12e+00 2.685505e+00 0.e+00
5.2424e+00 1.570796e-02 0.e+00
5.2424e+00 2.346256e-02 0.e+00
5.2424e+00 3.503514e-02 0.e+00
5.2424e+00 5.263151e-02 0.e+00
5.2424e+00 7.314235e-02 0.e+00
5.2424e+00 1.025928e-01 0.e+00
5.2424e+00 1.448116e-01 0.e+00
5.2424e+00 2.023460e-01 0.e+00
5.2424e+00 2.834245e-01 0.e+00
5.2424e+00 3.967448e-01 0.e+00
5.2424e+00 5.552783e-01 0.e+00
5.2424e+00 7.774819e-01 0.e+00
5.2424e+00 1.088445e+00 0.e+00
5.2424e+00 1.523711e+00 0.e+00
5.2424e+00 2.088426e+00 0.e+00
5.2424e+00 2.685505e+00 0.e+00
5.367248e+00 1.570796e-02 0.e+00
5.367248e+00 2.346256e-02 0.e+00
5.367248e+00 3.503514e-02 0.e+00
5.367248e+00 5.263151e-02 0.e+00
5.367248e+00 7.314235e-02 0.e+00
5.367248e+00 1.025928e-01 0.e+00
5.367248e+00 1.448116e-01 0.e+00
5.367248e+00 2.023460e-01 0.e+00
5.367248e+00 2.834245e-01 0.e+00
5.367248e+00 3.967448e-01 0.e+00
5.367248e+00 5.552783e-01 0.e+00
5.367248e+00 7.774819e-01 0.e+00
5.367248e+00 1.088445e+00 0.e+00
5.367248e+00 1.523711e+00 0.e+00
5.367248e+00 2.088426e+00 0.e+00
5.367248e+00 2.685505e+00 0.e+00
5.494593e+00 1.570796e-02 0.e+00
5.494593e+00 2.346256e-02 0.e+00
5.494593e+00 3.503514e-02 0.e+00
5.494593e+00 5.263151e-02 0.e+00
5.494593e+00 7.314235e-02 0.e+00
5.494593e+00 1.025928e-01 0.e+00
5.494593e+00 1.448116e-01 0.e+00
5.494593e+00 2.023460e-01 0.e+00
5.494593e+00 2.834245e-01 0.e+00
5.494593e+00 3.967448e-01 0.e+00
5.494593e+00 5.552783e-01 0.e+00
5.494593e+00 7.774819e-01 0.e+00
5.494593e+00 1.088445e+00 0.e+00
5.494593e+00 1.523711e+00 0.e+00
5.494593e+00 2.088426e+00 0.e+00
5.494593e+00 2.685505e+00 0.e+00
5.624485e+00 1.570796e-02 0.e+00
5.624485e+00 2.346256e-02 0.e+00
5.624485e+00 3.503514e-02 0.e+00
5.624485e+00 5.263151e-02 0.e+00
5.624485e+00 7.314235e-02 0.e+00
5.624485e+00 1.025928e-01 0.e+00
5.624485e+00 1.448116e-01 0.e+00
5.624485e+00 2.023460e-01 0.e+00
5.624485e+00 2.834245e-01 0.e+00
5.624485e+00 3.967448e-01 0.e+00
5.624485e+00 5.552783e-01 0.e+00
5.624485e+00 7.774819e-01 0.e+00
5.624485e+00 1.088445e+00 0.e+00
5.624485e+00 1.523711e+00 0.e+00
5.624485e+00 2.088426e+00 0.e+00
5.624485e+00 2.685505e+00 0.e+00
5.756975e+00 1.570796e-02 0.e+00
5.756975e+00 2.346256e-02 0.e+00
5.756975e+00 3.503514e-02 0.e+00
5.756975e+00 5.263151e-02 0.e+00
5.756975e+00 7.314235e-02 0.e+00
5.756975e+00 1.025928e-01 0.e+00
5.756975e+00 1.448116e-01 0.e+00
5.756975e+00 2.023460e-01 0.e+00
5.756975e+00 2.834245e-01 0.e+00
5.756975e+00 3.967448e-01 0.e+00
5.756975e+00 5.552783e-01 0.e+00
5.756975e+00 7.774819e-01 0.e+00
5.756975e+00 1.088445e+00 0.e+00
5.756975e+00 1.523711e+00 0.e+00
5.756975e+00 2.088426e+00 0.e+00
5.756975e+00 2.685505e+00 0.e+00
5.892114e+00 1.570796e-02 0.e+00
5.892114e+00 2.346256e-02 0.e+00
5.892114e+00 3.503514e-02 0.e+00
5.892114e+00 5.263151e-02 0.e+00
5.892114e+00 7.314235e-02 0.e+00
5.892114e+00 1.025928e-01 0.e+00
5.892114e+00 1.448116e-01 0.e+00
5.892114e+00 2.023460e-01 0.e+00
5.892114e+00 2.834245e-01 0.e+00
5.892114e+00 3.967448e-01 0.e+00
5.892114e+00 5.552783e-01 0.e+00
5.892114e+00 7.774819e-01 0.e+00
5.892114e+00 1.088445e+00 0.e+00
5.892114e+00 1.523711e+00 0.e+00
5.892114e+00 2.088426e+00 0.e+00
5.892114e+00 2.685505e+00 0.e+00
6.029956e+00 1.570796e-02 -3.013255e-05
6.029956e+00 2.346256e-02 -2.097094e-05
6.029956e+00 3.503514e-02 -4.490964e-05
6.029956e+00 5.263151e-02 -1.633424e-05
6.029956e+00 7.314235e-02 -7.085213e-05
6.029956e+00 1.025928e-01 -3.445401e-06
6.029956e+00 1.448116e-01 -1.011362e-04
6.029956e+00 2.023460e-01 -3.113420e-05
6.029956e+00 2.834245e-01 -2.516973e-05
6.029956e+00 3.967448e-01 -1.565905e-05
6.029956e+00 5.552783e-01 -1.618238e-05
6.029956e+00 7.774819e-01 -1.539420e-05
6.029956e+00 1.088445e+00 -1.571439e-05
6.029956e+00 1.523711e+00 -1.642586e-05
6.029956e+00 2.088426e+00 -1.816803e-05
6.029956e+00 2.685505e+00 -1.857161e-05
6.170555e+00 1.570796e-02 -1.511353e-04
6.170555e+00 2.346256e-02 -1.141139e-04
6.170555e+00 3.503514e-02 -1.892842e-04
6.170555e+00 5.263151e-02 -2.83177e-04
6.170555e+00 7.314235e-02 -3.599859e-04
6.170555e+00 1.025928e-01 -1.304096e-04
6.170555e+00 1.448116e-01 -2.409121e-04
6.170555e+00 2.023460e-01 -2.27006e-04
6.170555e+00 2.834245e-01 -2.859984e-04
6.170555e+00 3.967448e-01 -1.794517e-04
6.170555e+00 5.552783e-01 -1.540873e-04
6.170555e+00 7.774819e-01 -1.468854e-04
6.170555e+00 1.088445e+00 -1.366498e-04
6.170555e+00 1.523711e+00 -1.254358e-04
6.170555e+00 2.088426e+00 -1.41207e-04
6.170555e+00 2.685505e+00 -1.442355e-04
6.313967e+00 1.570796e-02 -3.282737e-04
6.313967e+00 2.346256e-02 -3.428393e-04
6.313967e+00 3.503514e-02 -4.030730e-04
6.313967e+00 5.263151e-02 -7.748396e-04
6.313967e+00 7.314235e-02 -9.825383e-04
6.313967e+00 1.025928e-01 -7.444796e-04
6.313967e+00 1.448116e-01 -9.750210e-04
6.313967e+00 2.023460e-01 -8.771111e-04
6.313967e+00 2.834245e-01 -9.724255e-04
6.313967e+00 3.967448e-01 -7.288701e-04
6.313967e+00 5.552783e-01 -6.062917e-04
6.313967e+00 7.774819e-01 -5.625914e-04
6.313967e+00 1.088445e+00 -4.783244e-04
6.313967e+00 1.523711e+00 -4.54149e-04
6.313967e+00 2.088426e+00 -4.936936e-04
6.313967e+00 2.685505e+00 -5.146513e-04
6.460246e+00 1.570796e-02 -6.498207e-04
6.460246e+00 2.346256e-02 -8.661946e-04
6.460246e+00 3.503514e-02 -1.318122e-03
6.460246e+00 5.263151e-02 -2.256150e-03
6.460246e+00 7.314235e-02 -3.348241e-03
6.460246e+00 1.025928e-01 -2.469780e-03
6.460246e+00 1.448116e-01 -3.152897e-03
6.460246e+00 2.023460e-01 -2.881072e-03
6.460246e+00 2.834245e-01 -2.920972e-03
6.460246e+00 3.967448e-01 -2.269814e-03
6.460246e+00 5.552783e-01 -1.991021e-03
6.460246e+00 7.774819e-01 -1.77807e-03
6.460246e+00 1.088445e+00 -1.503093e-03
6.460246e+00 1.523711e+00 -1.421134e-03
6.460246e+00 2.088426e+00 -1.529038e-03
6.460246e+00 2.685505e+00 -1.623236e-03
6.609451e+00 1.570796e-02 -8.102730e-04
6.609451e+00 2.346256e-02 -1.573716e-03
6.609451e+00 3.503514e-02 -2.598440e-03
6.609451e+00 5.263151e-02 -3.857008e-03
6.609451e+00 7.314235e-02 -6.356172e-03
6.609451e+00 1.025928e-01 -4.860965e-03
6.609451e+00 1.448116e-01 -5.707581e-03
6.609451e+00 2.023460e-01 -5.942569e-03
6.609451e+00 2.834245e-01 -5.650506e-03
6.609451e+00 3.967448e-01 -4.661052e-03
6.609451e+00 5.552783e-01 -4.248457e-03
6.609451e+00 7.774819e-01 -3.601595e-03
6.609451e+00 1.088445e+00 -3.054407e-03
6.609451e+00 1.523711e+00 -2.854350e-03
6.609451e+00 2.088426e+00 -3.029990e-03
6.609451e+00 2.685505e+00 -3.161672e-03
6.76164e+00 1.570796e-02 -8.662676e-04
6.76164e+00 2.346256e-02 -2.084956e-03
6.76164e+00 3.503514e-02 -3.858667e-03
6.76164e+00 5.263151e-02 -5.769960e-03
6.76164e+00 7.314235e-02 -9.614357e-03
6.76164e+00 1.025928e-01 -8.465699e-03
6.76164e+00 1.448116e-01 -9.760166e-03
6.76164e+00 2.023460e-01 -1.008489e-02
6.76164e+00 2.834245e-01 -9.682593e-03
6.76164e+00 3.967448e-01 -8.301419e-03
6.76164e+00 5.552783e-01 -7.352280e-03
6.76164e+00 7.774819e-01 -6.316304e-03
6.76164e+00 1.088445e+00 -5.268059e-03
6.76164e+00 1.523711e+00 -4.838044e-03
6.76164e+00 2.088426e+00 -5.098341e-03
6.76164e+00 2.685505e+00 -5.283038e-03
6.916873e+00 1.570796e-02 -9.102404e-04
6.916873e+00 2.346256e-02 -2.372825e-03
6.916873e+00 3.503514e-02 -4.685851e-03
6.916873e+00 5.263151e-02 -7.374472e-03
6.916873e+00 7.314235e-02 -1.253804e-02
6.916873e+00 1.025928e-01 -1.243105e-02
6.916873e+00 1.448116e-01 -1.485972e-02
6.916873e+00 2.023460e-01 -1.52115e-02
6.916873e+00 2.834245e-01 -1.480650e-02
6.916873e+00 3.967448e-01 -1.266999e-02
6.916873e+00 5.552783e-01 -1.137431e-02
6.916873e+00 7.774819e-01 -9.650505e-03
6.916873e+00 1.088445e+00 -8.116657e-03
6.916873e+00 1.523711e+00 -7.331451e-03
6.916873e+00 2.088426e+00 -7.630190e-03
6.916873e+00 2.685505e+00 -7.833008e-03
7.075210e+00 1.570796e-02 -9.304678e-04
7.075210e+00 2.346256e-02 -2.332895e-03
7.075210e+00 3.503514e-02 -5.045312e-03
7.075210e+00 5.263151e-02 -8.592127e-03
7.075210e+00 7.314235e-02 -1.471036e-02
7.075210e+00 1.025928e-01 -1.619016e-02
7.075210e+00 1.448116e-01 -1.959377e-02
7.075210e+00 2.023460e-01 -2.024165e-02
7.075210e+00 2.834245e-01 -1.991159e-02
7.075210e+00 3.967448e-01 -1.751019e-02
7.075210e+00 5.552783e-01 -1.581709e-02
7.075210e+00 7.774819e-01 -1.335611e-02
7.075210e+00 1.088445e+00 -1.121895e-02
7.075210e+00 1.523711e+00 -9.976092e-03
7.075210e+00 2.088426e+00 -1.025037e-02
7.075210e+00 2.685505e+00 -1.03613e-02
7.236714e+00 1.570796e-02 -9.408547e-04
7.236714e+00 2.346256e-02 -2.216946e-03
7.236714e+00 3.503514e-02 -5.034329e-03
7.236714e+00 5.263151e-02 -8.958716e-03
7.236714e+00 7.314235e-02 -1.599239e-02
7.236714e+00 1.025928e-01 -1.893500e-02
7.236714e+00 1.448116e-01 -2.423787e-02
7.236714e+00 2.023460e-01 -2.511319e-02
7.236714e+00 2.834245e-01 -2.496572e-02
7.236714e+00 3.967448e-01 -2.250893e-02
7.236714e+00 5.552783e-01 -2.029610e-02
7.236714e+00 7.774819e-01 -1.728586e-02
7.236714e+00 1.088445e+00 -1.436686e-02
7.236714e+00 1.523711e+00 -1.272746e-02
7.236714e+00 2.088426e+00 -1.288702e-02
7.236714e+00 2.685505e+00 -1.28661e-02
7.401449e+00 1.570796e-02 -8.797412e-04
7.401449e+00 2.346256e-02 -2.107209e-03
7.401449e+00 3.503514e-02 -4.750152e-03
7.401449e+00 5.263151e-02 -8.802051e-03
7.401449e+00 7.314235e-02 -1.632574e-02
7.401449e+00 1.025928e-01 -2.061255e-02
7.401449e+00 1.448116e-01 -2.748438e-02
7.401449e+00 2.023460e-01 -2.921961e-02
7.401449e+00 2.834245e-01 -2.938406e-02
7.401449e+00 3.967448e-01 -2.711337e-02
7.401449e+00 5.552783e-01 -2.453180e-02
7.401449e+00 7.774819e-01 -2.094282e-02
7.401449e+00 1.088445e+00 -1.746399e-02
7.401449e+00 1.523711e+00 -1.529612e-02
7.401449e+00 2.088426e+00 -1.527375e-02
7.401449e+00 2.685505e+00 -1.510795e-02
7.569477e+00 1.570796e-02 -8.034146e-04
7.569477e+00 2.346256e-02 -1.941632e-03
7.569477e+00 3.503514e-02 -4.47164e-03
7.569477e+00 5.263151e-02 -8.488652e-03
7.569477e+00 7.314235e-02 -1.602873e-02
7.569477e+00 1.025928e-01 -2.138939e-02
7.569477e+00 1.448116e-01 -2.930944e-02
7.569477e+00 2.023460e-01 -3.223491e-02
7.569477e+00 2.834245e-01 -3.290273e-02
7.569477e+00 3.967448e-01 -3.092137e-02
7.569477e+00 5.552783e-01 -2.832816e-02
7.569477e+00 7.774819e-01 -2.427257e-02
7.569477e+00 1.088445e+00 -2.021302e-02
7.569477e+00 1.523711e+00 -1.761542e-02
7.569477e+00 2.088426e+00 -1.743637e-02
7.569477e+00 2.685505e+00 -1.699470e-02
7.740867e+00 1.570796e-02 -7.177211e-04
7.740867e+00 2.346256e-02 -1.765288e-03
7.740867e+00 3.503514e-02 -4.092947e-03
7.740867e+00 5.263151e-02 -7.921215e-03
7.740867e+00 7.314235e-02 -1.521123e-02
7.740867e+00 1.025928e-01 -2.121952e-02
7.740867e+00 1.448116e-01 -2.99974e-02
7.740867e+00 2.023460e-01 -3.397812e-02
7.740867e+00 2.834245e-01 -3.538898e-02
7.740867e+00 3.967448e-01 -3.402022e-02
7.740867e+00 5.552783e-01 -3.142624e-02
7.740867e+00 7.774819e-01 -2.709495e-02
7.740867e+00 1.088445e+00 -2.257707e-02
7.740867e+00 1.523711e+00 -1.954626e-02
7.740867e+00 2.088426e+00 -1.918185e-02
7.740867e+00 2.685505e+00 -1.852834e-02
7.915684e+00 1.570796e-02 -6.544070e-04
7.915684e+00 2.346256e-02 -1.638635e-03
7.915684e+00 3.503514e-02 -3.663048e-03
7.915684e+00 5.263151e-02 -7.239707e-03
7.915684e+00 7.314235e-02 -1.413188e-02
7.915684e+00 1.025928e-01 -2.033578e-02
7.915684e+00 1.448116e-01 -2.973922e-02
7.915684e+00 2.023460e-01 -3.461488e-02
7.915684e+00 2.834245e-01 -3.698084e-02
7.915684e+00 3.967448e-01 -3.627697e-02
7.915684e+00 5.552783e-01 -3.387688e-02
7.915684e+00 7.774819e-01 -2.9467e-02
7.915684e+00 1.088445e+00 -2.455766e-02
7.915684e+00 1.523711e+00 -2.119634e-02
7.915684e+00 2.088426e+00 -2.063675e-02
7.915684e+00 2.685505e+00 -1.969967e-02
8.093998e+00 1.570796e-02 -5.948768e-04
8.093998e+00 2.346256e-02 -1.49093e-03
8.093998e+00 3.503514e-02 -3.216660e-03
8.093998e+00 5.263151e-02 -6.566322e-03
8.093998e+00 7.314235e-02 -1.297565e-02
8.093998e+00 1.025928e-01 -1.906338e-02
8.093998e+00 1.448116e-01 -2.876751e-02
8.093998e+00 2.023460e-01 -3.440047e-02
8.093998e+00 2.834245e-01 -3.775125e-02
8.093998e+00 3.967448e-01 -3.771911e-02
8.093998e+00 5.552783e-01 -3.561698e-02
8.093998e+00 7.774819e-01 -3.134107e-02
8.093998e+00 1.088445e+00 -2.615151e-02
8.093998e+00 1.523711e+00 -2.255625e-02
8.093998e+00 2.088426e+00 -2.181741e-02
8.093998e+00 2.685505e+00 -2.068543e-02
8.275878e+00 1.570796e-02 -5.377259e-04
8.275878e+00 2.346256e-02 -1.347998e-03
8.275878e+00 3.503514e-02 -2.832209e-03
8.275878e+00 5.263151e-02 -5.910326e-03
8.275878e+00 7.314235e-02 -1.177145e-02
8.275878e+00 1.025928e-01 -1.765933e-02
8.275878e+00 1.448116e-01 -2.721074e-02
8.275878e+00 2.023460e-01 -3.348112e-02
8.275878e+00 2.834245e-01 -3.765762e-02
8.275878e+00 3.967448e-01 -3.837488e-02
8.275878e+00 5.552783e-01 -3.677790e-02
8.275878e+00 7.774819e-01 -3.261849e-02
8.275878e+00 1.088445e+00 -2.736659e-02
8.275878e+00 1.523711e+00 -2.362707e-02
8.275878e+00 2.088426e+00 -2.279610e-02
8.275878e+00 2.685505e+00 -2.141136e-02
8.461396e+00 1.570796e-02 -4.82842e-04
8.461396e+00 2.346256e-02 -1.230491e-03
8.461396e+00 3.503514e-02 -2.524919e-03
8.461396e+00 5.263151e-02 -5.300607e-03
8.461396e+00 7.314235e-02 -1.060341e-02
8.461396e+00 1.025928e-01 -1.606492e-02
8.461396e+00 1.448116e-01 -2.521116e-02
8.461396e+00 2.023460e-01 -3.188357e-02
8.461396e+00 2.834245e-01 -3.685896e-02
8.461396e+00 3.967448e-01 -3.836756e-02
8.461396e+00 5.552783e-01 -3.730619e-02
8.461396e+00 7.774819e-01 -3.344312e-02
8.461396e+00 1.088445e+00 -2.82353e-02
8.461396e+00 1.523711e+00 -2.433978e-02
8.461396e+00 2.088426e+00 -2.349957e-02
8.461396e+00 2.685505e+00 -2.191946e-02
8.650623e+00 1.570796e-02 -4.270150e-04
8.650623e+00 2.346256e-02 -1.106190e-03
8.650623e+00 3.503514e-02 -2.257783e-03
8.650623e+00 5.263151e-02 -4.745914e-03
8.650623e+00 7.314235e-02 -9.487995e-03
8.650623e+00 1.025928e-01 -1.445596e-02
8.650623e+00 1.448116e-01 -2.307234e-02
8.650623e+00 2.023460e-01 -2.997354e-02
8.650623e+00 2.834245e-01 -3.559560e-02
8.650623e+00 3.967448e-01 -3.784168e-02
8.650623e+00 5.552783e-01 -3.732647e-02
8.650623e+00 7.774819e-01 -3.38329e-02
8.650623e+00 1.088445e+00 -2.873092e-02
8.650623e+00 1.523711e+00 -2.487784e-02
8.650623e+00 2.088426e+00 -2.389661e-02
8.650623e+00 2.685505e+00 -2.212462e-02
8.843636e+00 1.570796e-02 -3.733911e-04
8.843636e+00 2.346256e-02 -1.000552e-03
8.843636e+00 3.503514e-02 -2.005912e-03
8.843636e+00 5.263151e-02 -4.231979e-03
8.843636e+00 7.314235e-02 -8.452323e-03
8.843636e+00 1.025928e-01 -1.289705e-02
8.843636e+00 1.448116e-01 -2.090348e-02
8.843636e+00 2.023460e-01 -2.776429e-02
8.843636e+00 2.834245e-01 -3.385115e-02
8.843636e+00 3.967448e-01 -3.678459e-02
8.843636e+00 5.552783e-01 -3.681467e-02
8.843636e+00 7.774819e-01 -3.373858e-02
8.843636e+00 1.088445e+00 -2.893904e-02
8.843636e+00 1.523711e+00 -2.515766e-02
8.843636e+00 2.088426e+00 -2.417182e-02
8.843636e+00 2.685505e+00 -2.232242e-02
9.040509e+00 1.570796e-02 -3.254377e-04
9.040509e+00 2.346256e-02 -9.033578e-04
9.040509e+00 3.503514e-02 -1.780256e-03
9.040509e+00 5.263151e-02 -3.752256e-03
9.040509e+00 7.314235e-02 -7.503590e-03
9.040509e+00 1.025928e-01 -1.144841e-02
9.040509e+00 1.448116e-01 -1.877205e-02
9.040509e+00 2.023460e-01 -2.544204e-02
9.040509e+00 2.834245e-01 -3.177748e-02
9.040509e+00 3.967448e-01 -3.528077e-02
9.040509e+00 5.552783e-01 -3.580824e-02
9.040509e+00 7.774819e-01 -3.324283e-02
9.040509e+00 1.088445e+00 -2.879294e-02
9.040509e+00 1.523711e+00 -2.514856e-02
9.040509e+00 2.088426e+00 -2.417333e-02
9.040509e+00 2.685505e+00 -2.228113e-02
9.241319e+00 1.570796e-02 -2.826145e-04
9.241319e+00 2.346256e-02 -8.090509e-04
9.241319e+00 3.503514e-02 -1.579641e-03
9.241319e+00 5.263151e-02 -3.317521e-03
9.241319e+00 7.314235e-02 -6.641209e-03
9.241319e+00 1.025928e-01 -1.012623e-02
9.241319e+00 1.448116e-01 -1.675796e-02
9.241319e+00 2.023460e-01 -2.312830e-02
9.241319e+00 2.834245e-01 -2.948226e-02
9.241319e+00 3.967448e-01 -3.340804e-02
9.241319e+00 5.552783e-01 -3.445576e-02
9.241319e+00 7.774819e-01 -3.239966e-02
9.241319e+00 1.088445e+00 -2.833267e-02
9.241319e+00 1.523711e+00 -2.493298e-02
9.241319e+00 2.088426e+00 -2.397433e-02
9.241319e+00 2.685505e+00 -2.197768e-02
9.446145e+00 1.570796e-02 -2.483586e-04
9.446145e+00 2.346256e-02 -7.225343e-04
9.446145e+00 3.503514e-02 -1.400652e-03
9.446145e+00 5.263151e-02 -2.927545e-03
9.446145e+00 7.314235e-02 -5.856069e-03
9.446145e+00 1.025928e-01 -8.944190e-03
9.446145e+00 1.448116e-01 -1.488345e-02
9.446145e+00 2.023460e-01 -2.084376e-02
9.446145e+00 2.834245e-01 -2.705423e-02
9.446145e+00 3.967448e-01 -3.125607e-02
9.446145e+00 5.552783e-01 -3.27734e-02
9.446145e+00 7.774819e-01 -3.127836e-02
9.446145e+00 1.088445e+00 -2.760779e-02
9.446145e+00 1.523711e+00 -2.454246e-02
9.446145e+00 2.088426e+00 -2.363916e-02
9.446145e+00 2.685505e+00 -2.156337e-02
9.655068e+00 1.570796e-02 -2.180710e-04
9.655068e+00 2.346256e-02 -6.381417e-04
9.655068e+00 3.503514e-02 -1.241010e-03
9.655068e+00 5.263151e-02 -2.575926e-03
9.655068e+00 7.314235e-02 -5.15635e-03
9.655068e+00 1.025928e-01 -7.901608e-03
9.655068e+00 1.448116e-01 -1.316660e-02
9.655068e+00 2.023460e-01 -1.863946e-02
9.655068e+00 2.834245e-01 -2.458955e-02
9.655068e+00 3.967448e-01 -2.894335e-02
9.655068e+00 5.552783e-01 -3.085408e-02
9.655068e+00 7.774819e-01 -2.983584e-02
9.655068e+00 1.088445e+00 -2.666883e-02
9.655068e+00 1.523711e+00 -2.395050e-02
9.655068e+00 2.088426e+00 -2.311987e-02
9.655068e+00 2.685505e+00 -2.097732e-02
9.86817e+00 1.570796e-02 -1.92745e-04
9.86817e+00 2.346256e-02 -5.632012e-04
9.86817e+00 3.503514e-02 -1.099592e-03
9.86817e+00 5.263151e-02 -2.265852e-03
9.86817e+00 7.314235e-02 -4.537536e-03
9.86817e+00 1.025928e-01 -6.960109e-03
9.86817e+00 1.448116e-01 -1.160446e-02
9.86817e+00 2.023460e-01 -1.65459e-02
9.86817e+00 2.834245e-01 -2.213852e-02
9.86817e+00 3.967448e-01 -2.650534e-02
9.86817e+00 5.552783e-01 -2.878614e-02
9.86817e+00 7.774819e-01 -2.822493e-02
9.86817e+00 1.088445e+00 -2.556458e-02
9.86817e+00 1.523711e+00 -2.317567e-02
9.86817e+00 2.088426e+00 -2.243325e-02
9.86817e+00 2.685505e+00 -2.022193e-02
1.008553e+01 1.570796e-02 -1.687073e-04
1.008553e+01 2.346256e-02 -4.957959e-04
1.008553e+01 3.503514e-02 -9.694397e-04
1.008553e+01 5.263151e-02 -1.987042e-03
1.008553e+01 7.314235e-02 -3.980092e-03
1.008553e+01 1.025928e-01 -6.128192e-03
1.008553e+01 1.448116e-01 -1.019859e-02
1.008553e+01 2.023460e-01 -1.461801e-02
1.008553e+01 2.834245e-01 -1.979281e-02
1.008553e+01 3.967448e-01 -2.407057e-02
1.008553e+01 5.552783e-01 -2.66135e-02
1.008553e+01 7.774819e-01 -2.646187e-02
1.008553e+01 1.088445e+00 -2.432066e-02
1.008553e+01 1.523711e+00 -2.230356e-02
1.008553e+01 2.088426e+00 -2.166323e-02
1.008553e+01 2.685505e+00 -1.938902e-02
1.030724e+01 1.570796e-02 -1.488361e-04
1.030724e+01 2.346256e-02 -4.311917e-04
1.030724e+01 3.503514e-02 -8.542062e-04
1.030724e+01 5.263151e-02 -1.731999e-03
1.030724e+01 7.314235e-02 -3.474384e-03
1.030724e+01 1.025928e-01 -5.348442e-03
1.030724e+01 1.448116e-01 -8.916351e-03
1.030724e+01 2.023460e-01 -1.282427e-02
1.030724e+01 2.834245e-01 -1.756189e-02
1.030724e+01 3.967448e-01 -2.16874e-02
1.030724e+01 5.552783e-01 -2.437306e-02
1.030724e+01 7.774819e-01 -2.46324e-02
1.030724e+01 1.088445e+00 -2.296491e-02
1.030724e+01 1.523711e+00 -2.132637e-02
1.030724e+01 2.088426e+00 -2.085408e-02
1.030724e+01 2.685505e+00 -1.859715e-02
1.053339e+01 1.570796e-02 -1.300047e-04
1.053339e+01 2.346256e-02 -3.726642e-04
1.053339e+01 3.503514e-02 -7.487733e-04
1.053339e+01 5.263151e-02 -1.507552e-03
1.053339e+01 7.314235e-02 -3.026286e-03
1.053339e+01 1.025928e-01 -4.658367e-03
1.053339e+01 1.448116e-01 -7.765503e-03
1.053339e+01 2.023460e-01 -1.120897e-02
1.053339e+01 2.834245e-01 -1.550520e-02
1.053339e+01 3.967448e-01 -1.940703e-02
1.053339e+01 5.552783e-01 -2.213602e-02
1.053339e+01 7.774819e-01 -2.272351e-02
1.053339e+01 1.088445e+00 -2.150291e-02
1.053339e+01 1.523711e+00 -2.022477e-02
1.053339e+01 2.088426e+00 -1.985836e-02
1.053339e+01 2.685505e+00 -1.756962e-02
1.076406e+01 1.570796e-02 -1.140879e-04
1.076406e+01 2.346256e-02 -3.219528e-04
1.076406e+01 3.503514e-02 -6.4964e-04
1.076406e+01 5.263151e-02 -1.308533e-03
1.076406e+01 7.314235e-02 -2.633568e-03
1.076406e+01 1.025928e-01 -4.039634e-03
1.076406e+01 1.448116e-01 -6.741076e-03
1.076406e+01 2.023460e-01 -9.754046e-03
1.076406e+01 2.834245e-01 -1.361569e-02
1.076406e+01 3.967448e-01 -1.726101e-02
1.076406e+01 5.552783e-01 -1.998541e-02
1.076406e+01 7.774819e-01 -2.079557e-02
1.076406e+01 1.088445e+00 -1.997123e-02
1.076406e+01 1.523711e+00 -1.898393e-02
1.076406e+01 2.088426e+00 -1.866435e-02
1.076406e+01 2.685505e+00 -1.642482e-02
1.099934e+01 1.570796e-02 -9.858407e-05
1.099934e+01 2.346256e-02 -2.754331e-04
1.099934e+01 3.503514e-02 -5.591540e-04
1.099934e+01 5.263151e-02 -1.128047e-03
1.099934e+01 7.314235e-02 -2.267572e-03
1.099934e+01 1.025928e-01 -3.490244e-03
1.099934e+01 1.448116e-01 -5.816940e-03
1.099934e+01 2.023460e-01 -8.434654e-03
1.099934e+01 2.834245e-01 -1.184056e-02
1.099934e+01 3.967448e-01 -1.520477e-02
1.099934e+01 5.552783e-01 -1.784562e-02
1.099934e+01 7.774819e-01 -1.885847e-02
1.099934e+01 1.088445e+00 -1.837813e-02
1.099934e+01 1.523711e+00 -1.775821e-02
1.099934e+01 2.088426e+00 -1.761907e-02
1.099934e+01 2.685505e+00 -1.547720e-02
1.123932e+01 1.570796e-02 -8.56083e-05
1.123932e+01 2.346256e-02 -2.341422e-04
1.123932e+01 3.503514e-02 -4.804082e-04
1.123932e+01 5.263151e-02 -9.712541e-04
1.123932e+01 7.314235e-02 -1.948154e-03
1.123932e+01 1.025928e-01 -2.999520e-03
1.123932e+01 1.448116e-01 -4.985260e-03
1.123932e+01 2.023460e-01 -7.268454e-03
1.123932e+01 2.834245e-01 -1.025159e-02
1.123932e+01 3.967448e-01 -1.33116e-02
1.123932e+01 5.552783e-01 -1.58219e-02
1.123932e+01 7.774819e-01 -1.697926e-02
1.123932e+01 1.088445e+00 -1.679844e-02
1.123932e+01 1.523711e+00 -1.64951e-02
1.123932e+01 2.088426e+00 -1.649791e-02
1.123932e+01 2.685505e+00 -1.446370e-02
1.148411e+01 1.570796e-02 -7.349047e-05
1.148411e+01 2.346256e-02 -1.994177e-04
1.148411e+01 3.503514e-02 -4.108815e-04
1.148411e+01 5.263151e-02 -8.338552e-04
1.148411e+01 7.314235e-02 -1.666932e-03
1.148411e+01 1.025928e-01 -2.569193e-03
1.148411e+01 1.448116e-01 -4.263363e-03
1.148411e+01 2.023460e-01 -6.238308e-03
1.148411e+01 2.834245e-01 -8.837012e-03
1.148411e+01 3.967448e-01 -1.157105e-02
1.148411e+01 5.552783e-01 -1.392541e-02
1.148411e+01 7.774819e-01 -1.51605e-02
1.148411e+01 1.088445e+00 -1.523412e-02
1.148411e+01 1.523711e+00 -1.518444e-02
1.148411e+01 2.088426e+00 -1.529802e-02
1.148411e+01 2.685505e+00 -1.340133e-02
1.173379e+01 1.570796e-02 -6.289729e-05
1.173379e+01 2.346256e-02 -1.687286e-04
1.173379e+01 3.503514e-02 -3.513428e-04
1.173379e+01 5.263151e-02 -7.125607e-04
1.173379e+01 7.314235e-02 -1.420878e-03
1.173379e+01 1.025928e-01 -2.189774e-03
1.173379e+01 1.448116e-01 -3.628686e-03
1.173379e+01 2.023460e-01 -5.327651e-03
1.173379e+01 2.834245e-01 -7.574138e-03
1.173379e+01 3.967448e-01 -9.992554e-03
1.173379e+01 5.552783e-01 -1.216278e-02
1.173379e+01 7.774819e-01 -1.344792e-02
1.173379e+01 1.088445e+00 -1.372934e-02
1.173379e+01 1.523711e+00 -1.384704e-02
1.173379e+01 2.088426e+00 -1.410595e-02
1.173379e+01 2.685505e+00 -1.237619e-02
1.198847e+01 1.570796e-02 -5.344091e-05
1.198847e+01 2.346256e-02 -1.421781e-04
1.198847e+01 3.503514e-02 -2.990643e-04
1.198847e+01 5.263151e-02 -6.041151e-04
1.198847e+01 7.314235e-02 -1.204192e-03
1.198847e+01 1.025928e-01 -1.863038e-03
1.198847e+01 1.448116e-01 -3.077477e-03
1.198847e+01 2.023460e-01 -4.536073e-03
1.198847e+01 2.834245e-01 -6.463515e-03
1.198847e+01 3.967448e-01 -8.577701e-03
1.198847e+01 5.552783e-01 -1.054320e-02
1.198847e+01 7.774819e-01 -1.182422e-02
1.198847e+01 1.088445e+00 -1.228199e-02
1.198847e+01 1.523711e+00 -1.260730e-02
1.198847e+01 2.088426e+00 -1.296161e-02
1.198847e+01 2.685505e+00 -1.132177e-02
1.224824e+01 1.570796e-02 -4.579075e-05
1.224824e+01 2.346256e-02 -1.167583e-04
1.224824e+01 3.503514e-02 -2.523636e-04
1.224824e+01 5.263151e-02 -5.117936e-04
1.224824e+01 7.314235e-02 -1.016035e-03
1.224824e+01 1.025928e-01 -1.574990e-03
1.224824e+01 1.448116e-01 -2.602955e-03
1.224824e+01 2.023460e-01 -3.845188e-03
1.224824e+01 2.834245e-01 -5.485118e-03
1.224824e+01 3.967448e-01 -7.323558e-03
1.224824e+01 5.552783e-01 -9.080745e-03
1.224824e+01 7.774819e-01 -1.032234e-02
1.224824e+01 1.088445e+00 -1.090361e-02
1.224824e+01 1.523711e+00 -1.137336e-02
1.224824e+01 2.088426e+00 -1.183079e-02
1.224824e+01 2.685505e+00 -1.032041e-02
1.251320e+01 1.570796e-02 -3.860363e-05
1.251320e+01 2.346256e-02 -9.803765e-05
1.251320e+01 3.503514e-02 -2.115335e-04
1.251320e+01 5.263151e-02 -4.291210e-04
1.251320e+01 7.314235e-02 -8.523273e-04
1.251320e+01 1.025928e-01 -1.328332e-03
1.251320e+01 1.448116e-01 -2.184675e-03
1.251320e+01 2.023460e-01 -3.234717e-03
1.251320e+01 2.834245e-01 -4.616339e-03
1.251320e+01 3.967448e-01 -6.209444e-03
1.251320e+01 5.552783e-01 -7.756909e-03
1.251320e+01 7.774819e-01 -8.952257e-03
1.251320e+01 1.088445e+00 -9.613305e-03
1.251320e+01 1.523711e+00 -1.019826e-02
1.251320e+01 2.088426e+00 -1.070518e-02
1.251320e+01 2.685505e+00 -9.363757e-03
1.278347e+01 1.570796e-02 -3.247161e-05
1.278347e+01 2.346256e-02 -8.045877e-05
1.278347e+01 3.503514e-02 -1.766941e-04
1.278347e+01 5.263151e-02 -3.576920e-04
1.278347e+01 7.314235e-02 -7.109101e-04
1.278347e+01 1.025928e-01 -1.111968e-03
1.278347e+01 1.448116e-01 -1.821272e-03
1.278347e+01 2.023460e-01 -2.704576e-03
1.278347e+01 2.834245e-01 -3.873641e-03
1.278347e+01 3.967448e-01 -5.219511e-03
1.278347e+01 5.552783e-01 -6.577171e-03
1.278347e+01 7.774819e-01 -7.710774e-03
1.278347e+01 1.088445e+00 -8.411023e-03
1.278347e+01 1.523711e+00 -9.093670e-03
1.278347e+01 2.088426e+00 -9.648907e-03
1.278347e+01 2.685505e+00 -8.501830e-03
1.305914e+01 1.570796e-02 -2.723602e-05
1.305914e+01 2.346256e-02 -6.547543e-05
1.305914e+01 3.503514e-02 -1.463660e-04
1.305914e+01 5.263151e-02 -2.977442e-04
1.305914e+01 7.314235e-02 -5.917258e-04
1.305914e+01 1.025928e-01 -9.248678e-04
1.305914e+01 1.448116e-01 -1.51193e-03
1.305914e+01 2.023460e-01 -2.256655e-03
1.305914e+01 2.834245e-01 -3.227785e-03
1.305914e+01 3.967448e-01 -4.363561e-03
1.305914e+01 5.552783e-01 -5.549050e-03
1.305914e+01 7.774819e-01 -6.594889e-03
1.305914e+01 1.088445e+00 -7.322752e-03
1.305914e+01 1.523711e+00 -8.035170e-03
1.305914e+01 2.088426e+00 -8.640488e-03
1.305914e+01 2.685505e+00 -7.628263e-03
1.334032e+01 1.570796e-02 -2.249545e-05
1.334032e+01 2.346256e-02 -5.378614e-05
1.334032e+01 3.503514e-02 -1.213066e-04
1.334032e+01 5.263151e-02 -2.463268e-04
1.334032e+01 7.314235e-02 -4.895635e-04
1.334032e+01 1.025928e-01 -7.632803e-04
1.334032e+01 1.448116e-01 -1.248312e-03
1.334032e+01 2.023460e-01 -1.867287e-03
1.334032e+01 2.834245e-01 -2.684504e-03
1.334032e+01 3.967448e-01 -3.630222e-03
1.334032e+01 5.552783e-01 -4.648518e-03
1.334032e+01 7.774819e-01 -5.610007e-03
1.334032e+01 1.088445e+00 -6.319484e-03
1.334032e+01 1.523711e+00 -7.053347e-03
1.334032e+01 2.088426e+00 -7.654887e-03
1.334032e+01 2.685505e+00 -6.809664e-03
1.362713e+01 1.570796e-02 -1.863434e-05
1.362713e+01 2.346256e-02 -4.385098e-05
1.362713e+01 3.503514e-02 -9.966330e-05
1.362713e+01 5.263151e-02 -2.014450e-04
1.362713e+01 7.314235e-02 -4.020515e-04
1.362713e+01 1.025928e-01 -6.268331e-04
1.362713e+01 1.448116e-01 -1.024643e-03
1.362713e+01 2.023460e-01 -1.536884e-03
1.362713e+01 2.834245e-01 -2.207436e-03
1.362713e+01 3.967448e-01 -2.994184e-03
1.362713e+01 5.552783e-01 -3.863173e-03
1.362713e+01 7.774819e-01 -4.725425e-03
1.362713e+01 1.088445e+00 -5.410770e-03
1.362713e+01 1.523711e+00 -6.137728e-03
1.362713e+01 2.088426e+00 -6.747693e-03
1.362713e+01 2.685505e+00 -6.051759e-03
1.391967e+01 1.570796e-02 -1.530674e-05
1.391967e+01 2.346256e-02 -3.526089e-05
1.391967e+01 3.503514e-02 -8.05822e-05
1.391967e+01 5.263151e-02 -1.637477e-04
1.391967e+01 7.314235e-02 -3.266989e-04
1.391967e+01 1.025928e-01 -5.094419e-04
1.391967e+01 1.448116e-01 -8.351560e-04
1.391967e+01 2.023460e-01 -1.255650e-03
1.391967e+01 2.834245e-01 -1.803744e-03
1.391967e+01 3.967448e-01 -2.457969e-03
1.391967e+01 5.552783e-01 -3.194524e-03
1.391967e+01 7.774819e-01 -3.956605e-03
1.391967e+01 1.088445e+00 -4.620193e-03
1.391967e+01 1.523711e+00 -5.319686e-03
1.391967e+01 2.088426e+00 -5.941762e-03
1.391967e+01 2.685505e+00 -5.350526e-03
1.421806e+01 1.570796e-02 -1.252402e-05
1.421806e+01 2.346256e-02 -2.877812e-05
1.421806e+01 3.503514e-02 -6.552753e-05
1.421806e+01 5.263151e-02 -1.338605e-04
1.421806e+01 7.314235e-02 -2.658266e-04
1.421806e+01 1.025928e-01 -4.142548e-04
1.421806e+01 1.448116e-01 -6.805818e-04
1.421806e+01 2.023460e-01 -1.023943e-03
1.421806e+01 2.834245e-01 -1.470678e-03
1.421806e+01 3.967448e-01 -2.009636e-03
1.421806e+01 5.552783e-01 -2.634689e-03
1.421806e+01 7.774819e-01 -3.300612e-03
1.421806e+01 1.088445e+00 -3.914954e-03
1.421806e+01 1.523711e+00 -4.607706e-03
1.421806e+01 2.088426e+00 -5.182751e-03
1.421806e+01 2.685505e+00 -4.694908e-03
1.452242e+01 1.570796e-02 -1.015333e-05
1.452242e+01 2.346256e-02 -2.347272e-05
1.452242e+01 3.503514e-02 -5.292784e-05
1.452242e+01 5.263151e-02 -1.083176e-04
1.452242e+01 7.314235e-02 -2.133520e-04
1.452242e+01 1.025928e-01 -3.329421e-04
1.452242e+01 1.448116e-01 -5.47071e-04
1.452242e+01 2.023460e-01 -8.268673e-04
1.452242e+01 2.834245e-01 -1.188114e-03
1.452242e+01 3.967448e-01 -1.628490e-03
1.452242e+01 5.552783e-01 -2.14617e-03
1.452242e+01 7.774819e-01 -2.724931e-03
1.452242e+01 1.088445e+00 -3.283216e-03
1.452242e+01 1.523711e+00 -3.939798e-03
1.452242e+01 2.088426e+00 -4.487676e-03
1.452242e+01 2.685505e+00 -4.106057e-03
1.483287e+01 1.570796e-02 -8.219986e-06
1.483287e+01 2.346256e-02 -1.837260e-05
1.483287e+01 3.503514e-02 -4.227061e-05
1.483287e+01 5.263151e-02 -8.749725e-05
1.483287e+01 7.314235e-02 -1.709708e-04
1.483287e+01 1.025928e-01 -2.677412e-04
1.483287e+01 1.448116e-01 -4.395989e-04
1.483287e+01 2.023460e-01 -6.655912e-04
1.483287e+01 2.834245e-01 -9.546150e-04
1.483287e+01 3.967448e-01 -1.313028e-03
1.483287e+01 5.552783e-01 -1.743948e-03
1.483287e+01 7.774819e-01 -2.238583e-03
1.483287e+01 1.088445e+00 -2.742418e-03
1.483287e+01 1.523711e+00 -3.348542e-03
1.483287e+01 2.088426e+00 -3.852751e-03
1.483287e+01 2.685505e+00 -3.531484e-03
1.514953e+01 1.570796e-02 -6.523463e-06
1.514953e+01 2.346256e-02 -1.428012e-05
1.514953e+01 3.503514e-02 -3.361113e-05
1.514953e+01 5.263151e-02 -6.952333e-05
1.514953e+01 7.314235e-02 -1.364430e-04
1.514953e+01 1.025928e-01 -2.128483e-04
1.514953e+01 1.448116e-01 -3.504170e-04
1.514953e+01 2.023460e-01 -5.320524e-04
1.514953e+01 2.834245e-01 -7.616391e-04
1.514953e+01 3.967448e-01 -1.054688e-03
1.514953e+01 5.552783e-01 -1.407695e-03
1.514953e+01 7.774819e-01 -1.827855e-03
1.514953e+01 1.088445e+00 -2.283137e-03
1.514953e+01 1.523711e+00 -2.824191e-03
1.514953e+01 2.088426e+00 -3.291973e-03
1.514953e+01 2.685505e+00 -3.051386e-03
1.547252e+01 1.570796e-02 -5.371579e-06
1.547252e+01 2.346256e-02 -1.119620e-05
1.547252e+01 3.503514e-02 -2.676247e-05
1.547252e+01 5.263151e-02 -5.488411e-05
1.547252e+01 7.314235e-02 -1.076568e-04
1.547252e+01 1.025928e-01 -1.687847e-04
1.547252e+01 1.448116e-01 -2.781239e-04
1.547252e+01 2.023460e-01 -4.235938e-04
1.547252e+01 2.834245e-01 -6.048721e-04
1.547252e+01 3.967448e-01 -8.413558e-04
1.547252e+01 5.552783e-01 -1.129509e-03
1.547252e+01 7.774819e-01 -1.478054e-03
1.547252e+01 1.088445e+00 -1.880527e-03
1.547252e+01 1.523711e+00 -2.359768e-03
1.547252e+01 2.088426e+00 -2.784811e-03
1.547252e+01 2.685505e+00 -2.595825e-03
1.580197e+01 1.570796e-02 -4.258754e-06
1.580197e+01 2.346256e-02 -8.674271e-06
1.580197e+01 3.503514e-02 -2.092907e-05
1.580197e+01 5.263151e-02 -4.246582e-05
1.580197e+01 7.314235e-02 -8.458337e-05
1.580197e+01 1.025928e-01 -1.330723e-04
1.580197e+01 1.448116e-01 -2.192747e-04
1.580197e+01 2.023460e-01 -3.340527e-04
1.580197e+01 2.834245e-01 -4.76171e-04
1.580197e+01 3.967448e-01 -6.660217e-04
1.580197e+01 5.552783e-01 -8.980703e-04
1.580197e+01 7.774819e-01 -1.184221e-03
1.580197e+01 1.088445e+00 -1.529895e-03
1.580197e+01 1.523711e+00 -1.957272e-03
1.580197e+01 2.088426e+00 -2.325137e-03
1.580197e+01 2.685505e+00 -2.187217e-03
1.613801e+01 1.570796e-02 -3.437012e-06
1.613801e+01 2.346256e-02 -6.698839e-06
1.613801e+01 3.503514e-02 -1.654346e-05
1.613801e+01 5.263151e-02 -3.305968e-05
1.613801e+01 7.314235e-02 -6.621293e-05
1.613801e+01 1.025928e-01 -1.040335e-04
1.613801e+01 1.448116e-01 -1.719484e-04
1.613801e+01 2.023460e-01 -2.607599e-04
1.613801e+01 2.834245e-01 -3.731336e-04
1.613801e+01 3.967448e-01 -5.208945e-04
1.613801e+01 5.552783e-01 -7.088063e-04
1.613801e+01 7.774819e-01 -9.417212e-04
1.613801e+01 1.088445e+00 -1.236589e-03
1.613801e+01 1.523711e+00 -1.606408e-03
1.613801e+01 2.088426e+00 -1.92798e-03
1.613801e+01 2.685505e+00 -1.813696e-03
1.648077e+01 1.570796e-02 -2.778003e-06
1.648077e+01 2.346256e-02 -5.196100e-06
1.648077e+01 3.503514e-02 -1.293000e-05
1.648077e+01 5.263151e-02 -2.53186e-05
1.648077e+01 7.314235e-02 -5.110889e-05
1.648077e+01 1.025928e-01 -8.024581e-05
1.648077e+01 1.448116e-01 -1.326534e-04
1.648077e+01 2.023460e-01 -2.031538e-04
1.648077e+01 2.834245e-01 -2.896247e-04
1.648077e+01 3.967448e-01 -4.047468e-04
1.648077e+01 5.552783e-01 -5.555044e-04
1.648077e+01 7.774819e-01 -7.432672e-04
1.648077e+01 1.088445e+00 -9.890090e-04
1.648077e+01 1.523711e+00 -1.304908e-03
1.648077e+01 2.088426e+00 -1.579356e-03
1.648077e+01 2.685505e+00 -1.461706e-03
1.683038e+01 1.570796e-02 -2.106423e-06
1.683038e+01 2.346256e-02 -3.941060e-06
1.683038e+01 3.503514e-02 -1.003422e-05
1.683038e+01 5.263151e-02 -1.953649e-05
1.683038e+01 7.314235e-02 -3.931888e-05
1.683038e+01 1.025928e-01 -6.149030e-05
1.683038e+01 1.448116e-01 -1.026403e-04
1.683038e+01 2.023460e-01 -1.566479e-04
1.683038e+01 2.834245e-01 -2.235561e-04
1.683038e+01 3.967448e-01 -3.125854e-04
1.683038e+01 5.552783e-01 -4.322655e-04
1.683038e+01 7.774819e-01 -5.829489e-04
1.683038e+01 1.088445e+00 -7.847555e-04
1.683038e+01 1.523711e+00 -1.050816e-03
1.683038e+01 2.088426e+00 -1.280306e-03
1.683038e+01 2.685505e+00 -1.184247e-03
1.718699e+01 1.570796e-02 -1.640840e-06
1.718699e+01 2.346256e-02 -3.005208e-06
1.718699e+01 3.503514e-02 -7.75999e-06
1.718699e+01 5.263151e-02 -1.485005e-05
1.718699e+01 7.314235e-02 -2.963713e-05
1.718699e+01 1.025928e-01 -4.618799e-05
1.718699e+01 1.448116e-01 -7.772881e-05
1.718699e+01 2.023460e-01 -1.201799e-04
1.718699e+01 2.834245e-01 -1.700606e-04
1.718699e+01 3.967448e-01 -2.403511e-04
1.718699e+01 5.552783e-01 -3.312518e-04
1.718699e+01 7.774819e-01 -4.515967e-04
1.718699e+01 1.088445e+00 -6.123417e-04
1.718699e+01 1.523711e+00 -8.320205e-04
1.718699e+01 2.088426e+00 -1.026137e-03
1.718699e+01 2.685505e+00 -9.493991e-04
1.755073e+01 1.570796e-02 -1.272157e-06
1.755073e+01 2.346256e-02 -2.222978e-06
1.755073e+01 3.503514e-02 -5.92881e-06
1.755073e+01 5.263151e-02 -1.131205e-05
1.755073e+01 7.314235e-02 -2.210537e-05
1.755073e+01 1.025928e-01 -3.424733e-05
1.755073e+01 1.448116e-01 -5.849044e-05
1.755073e+01 2.023460e-01 -9.000692e-05
1.755073e+01 2.834245e-01 -1.282501e-04
1.755073e+01 3.967448e-01 -1.809745e-04
1.755073e+01 5.552783e-01 -2.509397e-04
1.755073e+01 7.774819e-01 -3.456418e-04
1.755073e+01 1.088445e+00 -4.730420e-04
1.755073e+01 1.523711e+00 -6.497904e-04
1.755073e+01 2.088426e+00 -8.07387e-04
1.755073e+01 2.685505e+00 -7.549283e-04
1.792175e+01 1.570796e-02 -9.719526e-07
1.792175e+01 2.346256e-02 -1.559097e-06
1.792175e+01 3.503514e-02 -4.449638e-06
1.792175e+01 5.263151e-02 -8.251521e-06
1.792175e+01 7.314235e-02 -1.633842e-05
1.792175e+01 1.025928e-01 -2.513492e-05
1.792175e+01 1.448116e-01 -4.331029e-05
1.792175e+01 2.023460e-01 -6.693934e-05
1.792175e+01 2.834245e-01 -9.491575e-05
1.792175e+01 3.967448e-01 -1.349350e-04
1.792175e+01 5.552783e-01 -1.867533e-04
1.792175e+01 7.774819e-01 -2.600327e-04
1.792175e+01 1.088445e+00 -3.589798e-04
1.792175e+01 1.523711e+00 -4.974267e-04
1.792175e+01 2.088426e+00 -6.212393e-04
1.792175e+01 2.685505e+00 -5.818110e-04
1.830018e+01 1.570796e-02 -7.670118e-07
1.830018e+01 2.346256e-02 -1.049592e-06
1.830018e+01 3.503514e-02 -3.341151e-06
1.830018e+01 5.263151e-02 -5.967553e-06
1.830018e+01 7.314235e-02 -1.181000e-05
1.830018e+01 1.025928e-01 -1.842218e-05
1.830018e+01 1.448116e-01 -3.167239e-05
1.830018e+01 2.023460e-01 -4.863042e-05
1.830018e+01 2.834245e-01 -6.953028e-05
1.830018e+01 3.967448e-01 -9.873986e-05
1.830018e+01 5.552783e-01 -1.377413e-04
1.830018e+01 7.774819e-01 -1.937924e-04
1.830018e+01 1.088445e+00 -2.672220e-04
1.830018e+01 1.523711e+00 -3.717728e-04
1.830018e+01 2.088426e+00 -4.685025e-04
1.830018e+01 2.685505e+00 -4.452191e-04
1.868618e+01 1.570796e-02 -5.394955e-07
1.868618e+01 2.346256e-02 -6.594944e-07
1.868618e+01 3.503514e-02 -2.323161e-06
1.868618e+01 5.263151e-02 -4.420831e-06
1.868618e+01 7.314235e-02 -8.400741e-06
1.868618e+01 1.025928e-01 -1.31073e-05
1.868618e+01 1.448116e-01 -2.244702e-05
1.868618e+01 2.023460e-01 -3.442835e-05
1.868618e+01 2.834245e-01 -4.936895e-05
1.868618e+01 3.967448e-01 -7.061363e-05
1.868618e+01 5.552783e-01 -9.917134e-05
1.868618e+01 7.774819e-01 -1.407298e-04
1.868618e+01 1.088445e+00 -1.956315e-04
1.868618e+01 1.523711e+00 -2.740078e-04
1.868618e+01 2.088426e+00 -3.461779e-04
1.868618e+01 2.685505e+00 -3.319723e-04
1.907991e+01 1.570796e-02 -4.017760e-07
1.907991e+01 2.346256e-02 -4.895260e-07
1.907991e+01 3.503514e-02 -1.610979e-06
1.907991e+01 5.263151e-02 -3.21343e-06
1.907991e+01 7.314235e-02 -6.031253e-06
1.907991e+01 1.025928e-01 -9.110820e-06
1.907991e+01 1.448116e-01 -1.589964e-05
1.907991e+01 2.023460e-01 -2.461305e-05
1.907991e+01 2.834245e-01 -3.494583e-05
1.907991e+01 3.967448e-01 -5.012869e-05
1.907991e+01 5.552783e-01 -7.0942e-05
1.907991e+01 7.774819e-01 -1.026095e-04
1.907991e+01 1.088445e+00 -1.423122e-04
1.907991e+01 1.523711e+00 -2.006934e-04
1.907991e+01 2.088426e+00 -2.550658e-04
1.907991e+01 2.685505e+00 -2.45262e-04
1.948151e+01 1.570796e-02 -2.878186e-07
1.948151e+01 2.346256e-02 -3.191172e-07
1.948151e+01 3.503514e-02 -1.104822e-06
1.948151e+01 5.263151e-02 -2.257728e-06
1.948151e+01 7.314235e-02 -4.129362e-06
1.948151e+01 1.025928e-01 -6.225534e-06
1.948151e+01 1.448116e-01 -1.110285e-05
1.948151e+01 2.023460e-01 -1.736891e-05
1.948151e+01 2.834245e-01 -2.436812e-05
1.948151e+01 3.967448e-01 -3.539224e-05
1.948151e+01 5.552783e-01 -5.009438e-05
1.948151e+01 7.774819e-01 -7.343079e-05
1.948151e+01 1.088445e+00 -1.021602e-04
1.948151e+01 1.523711e+00 -1.441300e-04
1.948151e+01 2.088426e+00 -1.841734e-04
1.948151e+01 2.685505e+00 -1.777794e-04
1.989114e+01 1.570796e-02 -2.079450e-07
1.989114e+01 2.346256e-02 -1.968070e-07
1.989114e+01 3.503514e-02 -7.817457e-07
1.989114e+01 5.263151e-02 -1.562270e-06
1.989114e+01 7.314235e-02 -2.840514e-06
1.989114e+01 1.025928e-01 -4.113728e-06
1.989114e+01 1.448116e-01 -7.691252e-06
1.989114e+01 2.023460e-01 -1.209425e-05
1.989114e+01 2.834245e-01 -1.675284e-05
1.989114e+01 3.967448e-01 -2.45061e-05
1.989114e+01 5.552783e-01 -3.503106e-05
1.989114e+01 7.774819e-01 -5.13602e-05
1.989114e+01 1.088445e+00 -7.123274e-05
1.989114e+01 1.523711e+00 -1.00941e-04
1.989114e+01 2.088426e+00 -1.307349e-04
1.989114e+01 2.685505e+00 -1.273157e-04
2.030896e+01 1.570796e-02 -1.496539e-07
2.030896e+01 2.346256e-02 -1.280698e-07
2.030896e+01 3.503514e-02 -5.340905e-07
2.030896e+01 5.263151e-02 -1.015444e-06
2.030896e+01 7.314235e-02 -1.851091e-06
2.030896e+01 1.025928e-01 -2.67395e-06
2.030896e+01 1.448116e-01 -5.207923e-06
2.030896e+01 2.023460e-01 -8.331196e-06
2.030896e+01 2.834245e-01 -1.127478e-05
2.030896e+01 3.967448e-01 -1.653865e-05
2.030896e+01 5.552783e-01 -2.397580e-05
2.030896e+01 7.774819e-01 -3.526077e-05
2.030896e+01 1.088445e+00 -4.84542e-05
2.030896e+01 1.523711e+00 -6.871608e-05
2.030896e+01 2.088426e+00 -9.017046e-05
2.030896e+01 2.685505e+00 -8.865754e-05
2.073514e+01 1.570796e-02 -9.216458e-08
2.073514e+01 2.346256e-02 -7.932451e-08
2.073514e+01 3.503514e-02 -3.446580e-07
2.073514e+01 5.263151e-02 -6.517721e-07
2.073514e+01 7.314235e-02 -1.151808e-06
2.073514e+01 1.025928e-01 -1.710529e-06
2.073514e+01 1.448116e-01 -3.383693e-06
2.073514e+01 2.023460e-01 -5.423202e-06
2.073514e+01 2.834245e-01 -7.278855e-06
2.073514e+01 3.967448e-01 -1.083023e-05
2.073514e+01 5.552783e-01 -1.581519e-05
2.073514e+01 7.774819e-01 -2.349533e-05
2.073514e+01 1.088445e+00 -3.212820e-05
2.073514e+01 1.523711e+00 -4.558224e-05
2.073514e+01 2.088426e+00 -6.007670e-05
2.073514e+01 2.685505e+00 -5.899784e-05
2.116984e+01 1.570796e-02 -6.424271e-08
2.116984e+01 2.346256e-02 -5.044640e-08
2.116984e+01 3.503514e-02 -2.196106e-07
2.116984e+01 5.263151e-02 -4.050293e-07
2.116984e+01 7.314235e-02 -7.298512e-07
2.116984e+01 1.025928e-01 -1.104699e-06
2.116984e+01 1.448116e-01 -2.198840e-06
2.116984e+01 2.023460e-01 -3.469565e-06
2.116984e+01 2.834245e-01 -4.704489e-06
2.116984e+01 3.967448e-01 -6.977246e-06
2.116984e+01 5.552783e-01 -1.034598e-05
2.116984e+01 7.774819e-01 -1.537314e-05
2.116984e+01 1.088445e+00 -2.105612e-05
2.116984e+01 1.523711e+00 -2.995779e-05
2.116984e+01 2.088426e+00 -3.942922e-05
2.116984e+01 2.685505e+00 -3.792758e-05
2.161324e+01 1.570796e-02 -3.888250e-08
2.161324e+01 2.346256e-02 -3.008409e-08
2.161324e+01 3.503514e-02 -1.385906e-07
2.161324e+01 5.263151e-02 -2.355358e-07
2.161324e+01 7.314235e-02 -4.257768e-07
2.161324e+01 1.025928e-01 -6.996174e-07
2.161324e+01 1.448116e-01 -1.372863e-06
2.161324e+01 2.023460e-01 -2.159881e-06
2.161324e+01 2.834245e-01 -2.888556e-06
2.161324e+01 3.967448e-01 -4.464683e-06
2.161324e+01 5.552783e-01 -6.564208e-06
2.161324e+01 7.774819e-01 -9.863148e-06
2.161324e+01 1.088445e+00 -1.343058e-05
2.161324e+01 1.523711e+00 -1.914794e-05
2.161324e+01 2.088426e+00 -2.534743e-05
2.161324e+01 2.685505e+00 -2.502637e-05
2.206550e+01 1.570796e-02 -2.282671e-08
2.206550e+01 2.346256e-02 -1.089392e-08
2.206550e+01 3.503514e-02 -8.827235e-08
2.206550e+01 5.263151e-02 -1.434436e-07
2.206550e+01 7.314235e-02 -2.537643e-07
2.206550e+01 1.025928e-01 -4.175012e-07
2.206550e+01 1.448116e-01 -8.014717e-07
2.206550e+01 2.023460e-01 -1.262747e-06
2.206550e+01 2.834245e-01 -1.722295e-06
2.206550e+01 3.967448e-01 -2.641556e-06
2.206550e+01 5.552783e-01 -3.977019e-06
2.206550e+01 7.774819e-01 -5.962855e-06
2.206550e+01 1.088445e+00 -8.191057e-06
2.206550e+01 1.523711e+00 -1.174015e-05
2.206550e+01 2.088426e+00 -1.571229e-05
2.206550e+01 2.685505e+00 -1.561796e-05
2.252681e+01 1.570796e-02 5.249842e-10
2.252681e+01 2.346256e-02 1.337389e-09
2.252681e+01 3.503514e-02 2.708630e-09
2.252681e+01 5.263151e-02 5.564388e-09
2.252681e+01 7.314235e-02 1.160198e-08
2.252681e+01 1.025928e-01 1.731225e-08
2.252681e+01 1.448116e-01 2.931551e-08
2.252681e+01 2.023460e-01 4.253894e-08
2.252681e+01 2.834245e-01 6.113207e-08
2.252681e+01 3.967448e-01 8.492032e-08
2.252681e+01 5.552783e-01 1.162909e-07
2.252681e+01 7.774819e-01 1.49443e-07
2.252681e+01 1.088445e+00 1.643587e-07
2.252681e+01 1.523711e+00 1.410803e-07
2.252681e+01 2.088426e+00 9.076788e-08
2.252681e+01 2.685505e+00 3.996273e-08
2.299735e+01 1.570796e-02 4.951886e-10
2.299735e+01 2.346256e-02 1.258818e-09
2.299735e+01 3.503514e-02 2.551758e-09
2.299735e+01 5.263151e-02 5.236356e-09
2.299735e+01 7.314235e-02 1.092244e-08
2.299735e+01 1.025928e-01 1.629471e-08
2.299735e+01 1.448116e-01 2.760553e-08
2.299735e+01 2.023460e-01 4.013775e-08
2.299735e+01 2.834245e-01 5.789741e-08
2.299735e+01 3.967448e-01 8.096761e-08
2.299735e+01 5.552783e-01 1.117497e-07
2.299735e+01 7.774819e-01 1.445319e-07
2.299735e+01 1.088445e+00 1.600146e-07
2.299735e+01 1.523711e+00 1.388592e-07
2.299735e+01 2.088426e+00 9.063667e-08
2.299735e+01 2.685505e+00 4.02026e-08
2.34773e+01 1.570796e-02 4.650262e-10
2.34773e+01 2.346256e-02 1.180795e-09
2.34773e+01 3.503514e-02 2.396176e-09
2.34773e+01 5.263151e-02 4.911381e-09
2.34773e+01 7.314235e-02 1.025132e-08
2.34773e+01 1.025928e-01 1.528900e-08
2.34773e+01 1.448116e-01 2.592353e-08
2.34773e+01 2.023460e-01 3.776697e-08
2.34773e+01 2.834245e-01 5.472367e-08
2.34773e+01 3.967448e-01 7.704489e-08
2.34773e+01 5.552783e-01 1.071453e-07
2.34773e+01 7.774819e-01 1.39429e-07
2.34773e+01 1.088445e+00 1.554909e-07
2.34773e+01 1.523711e+00 1.365138e-07
2.34773e+01 2.088426e+00 9.051263e-08
2.34773e+01 2.685505e+00 4.039141e-08
2.396684e+01 1.570796e-02 4.353769e-10
2.396684e+01 2.346256e-02 1.104481e-09
2.396684e+01 3.503514e-02 2.242287e-09
2.396684e+01 5.263151e-02 4.591946e-09
2.396684e+01 7.314235e-02 9.591377e-09
2.396684e+01 1.025928e-01 1.430264e-08
2.396684e+01 1.448116e-01 2.427514e-08
2.396684e+01 2.023460e-01 3.54457e-08
2.396684e+01 2.834245e-01 5.160833e-08
2.396684e+01 3.967448e-01 7.313581e-08
2.396684e+01 5.552783e-01 1.024931e-07
2.396684e+01 7.774819e-01 1.341720e-07
2.396684e+01 1.088445e+00 1.50744e-07
2.396684e+01 1.523711e+00 1.339953e-07
2.396684e+01 2.088426e+00 9.037516e-08
2.396684e+01 2.685505e+00 4.075036e-08
2.446618e+01 1.570796e-02 4.060312e-10
2.446618e+01 2.346256e-02 1.029331e-09
2.446618e+01 3.503514e-02 2.091896e-09
2.446618e+01 5.263151e-02 4.279545e-09
2.446618e+01 7.314235e-02 8.946698e-09
2.446618e+01 1.025928e-01 1.333656e-08
2.446618e+01 1.448116e-01 2.266373e-08
2.446618e+01 2.023460e-01 3.317937e-08
2.446618e+01 2.834245e-01 4.855705e-08
2.446618e+01 3.967448e-01 6.929741e-08
2.446618e+01 5.552783e-01 9.779591e-08
2.446618e+01 7.774819e-01 1.287737e-07
2.446618e+01 1.088445e+00 1.457355e-07
2.446618e+01 1.523711e+00 1.313955e-07
2.446618e+01 2.088426e+00 9.021854e-08
2.446618e+01 2.685505e+00 4.116872e-08
2.497550e+01 1.570796e-02 3.774553e-10
2.497550e+01 2.346256e-02 9.563564e-10
2.497550e+01 3.503514e-02 1.944649e-09
2.497550e+01 5.263151e-02 3.975234e-09
2.497550e+01 7.314235e-02 8.317191e-09
2.497550e+01 1.025928e-01 1.239623e-08
2.497550e+01 1.448116e-01 2.109352e-08
2.497550e+01 2.023460e-01 3.097033e-08
2.497550e+01 2.834245e-01 4.556669e-08
2.497550e+01 3.967448e-01 6.548131e-08
2.497550e+01 5.552783e-01 9.304252e-08
2.497550e+01 7.774819e-01 1.231589e-07
2.497550e+01 1.088445e+00 1.404814e-07
2.497550e+01 1.523711e+00 1.285083e-07
2.497550e+01 2.088426e+00 9.019923e-08
2.497550e+01 2.685505e+00 4.177033e-08
2.549501e+01 1.570796e-02 3.495068e-10
2.549501e+01 2.346256e-02 8.852299e-10
2.549501e+01 3.503514e-02 1.801994e-09
2.549501e+01 5.263151e-02 3.678720e-09
2.549501e+01 7.314235e-02 7.705451e-09
2.549501e+01 1.025928e-01 1.148182e-08
2.549501e+01 1.448116e-01 1.956667e-08
2.549501e+01 2.023460e-01 2.880923e-08
2.549501e+01 2.834245e-01 4.263116e-08
2.549501e+01 3.967448e-01 6.168860e-08
2.549501e+01 5.552783e-01 8.820664e-08
2.549501e+01 7.774819e-01 1.173997e-07
2.549501e+01 1.088445e+00 1.349369e-07
2.549501e+01 1.523711e+00 1.25506e-07
2.549501e+01 2.088426e+00 9.012954e-08
2.549501e+01 2.685505e+00 4.250747e-08
2.602491e+01 1.570796e-02 3.222523e-10
2.602491e+01 2.346256e-02 8.161873e-10
2.602491e+01 3.503514e-02 1.662356e-09
2.602491e+01 5.263151e-02 3.390714e-09
2.602491e+01 7.314235e-02 7.108940e-09
2.602491e+01 1.025928e-01 1.058838e-08
2.602491e+01 1.448116e-01 1.807589e-08
2.602491e+01 2.023460e-01 2.669993e-08
2.602491e+01 2.834245e-01 3.973836e-08
2.602491e+01 3.967448e-01 5.789586e-08
2.602491e+01 5.552783e-01 8.326464e-08
2.602491e+01 7.774819e-01 1.113964e-07
2.602491e+01 1.088445e+00 1.291348e-07
2.602491e+01 1.523711e+00 1.222471e-07
2.602491e+01 2.088426e+00 9.003114e-08
2.602491e+01 2.685505e+00 4.350504e-08
2.656541e+01 1.570796e-02 2.957392e-10
2.656541e+01 2.346256e-02 7.497708e-10
2.656541e+01 3.503514e-02 1.526051e-09
2.656541e+01 5.263151e-02 3.110745e-09
2.656541e+01 7.314235e-02 6.527767e-09
2.656541e+01 1.025928e-01 9.719891e-09
2.656541e+01 1.448116e-01 1.662351e-08
2.656541e+01 2.023460e-01 2.464462e-08
2.656541e+01 2.834245e-01 3.688219e-08
2.656541e+01 3.967448e-01 5.410353e-08
2.656541e+01 5.552783e-01 7.823455e-08
2.656541e+01 7.774819e-01 1.051903e-07
2.656541e+01 1.088445e+00 1.230395e-07
2.656541e+01 1.523711e+00 1.186807e-07
2.656541e+01 2.088426e+00 8.981631e-08
2.656541e+01 2.685505e+00 4.477248e-08
2.711672e+01 1.570796e-02 2.700785e-10
2.711672e+01 2.346256e-02 6.850919e-10
2.711672e+01 3.503514e-02 1.393443e-09
2.711672e+01 5.263151e-02 2.839482e-09
2.711672e+01 7.314235e-02 5.961815e-09
2.711672e+01 1.025928e-01 8.87806e-09
2.711672e+01 1.448116e-01 1.520669e-08
2.711672e+01 2.023460e-01 2.263454e-08
2.711672e+01 2.834245e-01 3.407315e-08
2.711672e+01 3.967448e-01 5.028153e-08
2.711672e+01 5.552783e-01 7.30909e-08
2.711672e+01 7.774819e-01 9.876149e-08
2.711672e+01 1.088445e+00 1.166335e-07
2.711672e+01 1.523711e+00 1.147998e-07
2.711672e+01 2.088426e+00 8.932693e-08
2.711672e+01 2.685505e+00 4.645921e-08
2.767905e+01 1.570796e-02 2.449748e-10
2.767905e+01 2.346256e-02 6.216450e-10
2.767905e+01 3.503514e-02 1.264367e-09
2.767905e+01 5.263151e-02 2.575765e-09
2.767905e+01 7.314235e-02 5.412905e-09
2.767905e+01 1.025928e-01 8.058267e-09
2.767905e+01 1.448116e-01 1.382888e-08
2.767905e+01 2.023460e-01 2.066985e-08
2.767905e+01 2.834245e-01 3.129444e-08
2.767905e+01 3.967448e-01 4.644299e-08
2.767905e+01 5.552783e-01 6.783013e-08
2.767905e+01 7.774819e-01 9.210735e-08
2.767905e+01 1.088445e+00 1.098909e-07
2.767905e+01 1.523711e+00 1.104621e-07
2.767905e+01 2.088426e+00 8.872678e-08
2.767905e+01 2.685505e+00 4.837005e-08
2.825263e+01 1.570796e-02 2.206383e-10
2.825263e+01 2.346256e-02 5.605926e-10
2.825263e+01 3.503514e-02 1.138621e-09
2.825263e+01 5.263151e-02 2.318752e-09
2.825263e+01 7.314235e-02 4.877746e-09
2.825263e+01 1.025928e-01 7.263819e-09
2.825263e+01 1.448116e-01 1.248069e-08
2.825263e+01 2.023460e-01 1.874371e-08
2.825263e+01 2.834245e-01 2.853049e-08
2.825263e+01 3.967448e-01 4.25653e-08
2.825263e+01 5.552783e-01 6.243924e-08
2.825263e+01 7.774819e-01 8.526235e-08
2.825263e+01 1.088445e+00 1.028050e-07
2.825263e+01 1.523711e+00 1.057102e-07
2.825263e+01 2.088426e+00 8.773519e-08
2.825263e+01 2.685505e+00 5.057830e-08
2.883769e+01 1.570796e-02 1.968845e-10
2.883769e+01 2.346256e-02 5.009172e-10
2.883769e+01 3.503514e-02 1.016229e-09
2.883769e+01 5.263151e-02 2.069217e-09
2.883769e+01 7.314235e-02 4.355720e-09
2.883769e+01 1.025928e-01 6.488997e-09
2.883769e+01 1.448116e-01 1.116595e-08
2.883769e+01 2.023460e-01 1.684745e-08
2.883769e+01 2.834245e-01 2.578213e-08
2.883769e+01 3.967448e-01 3.864808e-08
2.883769e+01 5.552783e-01 5.694412e-08
2.883769e+01 7.774819e-01 7.81991e-08
2.883769e+01 1.088445e+00 9.530448e-08
2.883769e+01 1.523711e+00 1.002539e-07
2.883769e+01 2.088426e+00 8.629797e-08
2.883769e+01 2.685505e+00 5.288004e-08
2.943444e+01 1.570796e-02 1.738422e-10
2.943444e+01 2.346256e-02 4.426949e-10
2.943444e+01 3.503514e-02 8.966005e-10
2.943444e+01 5.263151e-02 1.826165e-09
2.943444e+01 7.314235e-02 3.846739e-09
2.943444e+01 1.025928e-01 5.733887e-09
2.943444e+01 1.448116e-01 9.880086e-09
2.943444e+01 2.023460e-01 1.498028e-08
2.943444e+01 2.834245e-01 2.304224e-08
2.943444e+01 3.967448e-01 3.469225e-08
2.943444e+01 5.552783e-01 5.132312e-08
2.943444e+01 7.774819e-01 7.087916e-08
2.943444e+01 1.088445e+00 8.738141e-08
2.943444e+01 1.523711e+00 9.418339e-08
2.943444e+01 2.088426e+00 8.423754e-08
2.943444e+01 2.685505e+00 5.522867e-08
3.004313e+01 1.570796e-02 1.513023e-10
3.004313e+01 2.346256e-02 3.857722e-10
3.004313e+01 3.503514e-02 7.804098e-10
3.004313e+01 5.263151e-02 1.589936e-09
3.004313e+01 7.314235e-02 3.351157e-09
3.004313e+01 1.025928e-01 4.997805e-09
3.004313e+01 1.448116e-01 8.624164e-09
3.004313e+01 2.023460e-01 1.313660e-08
3.004313e+01 2.834245e-01 2.030085e-08
3.004313e+01 3.967448e-01 3.069959e-08
3.004313e+01 5.552783e-01 4.558349e-08
3.004313e+01 7.774819e-01 6.330771e-08
3.004313e+01 1.088445e+00 7.902684e-08
3.004313e+01 1.523711e+00 8.730027e-08
3.004313e+01 2.088426e+00 8.138667e-08
3.004313e+01 2.685505e+00 5.731752e-08
3.066399e+01 1.570796e-02 1.292902e-10
3.066399e+01 2.346256e-02 3.305562e-10
3.066399e+01 3.503514e-02 6.669262e-10
3.066399e+01 5.263151e-02 1.359192e-09
3.066399e+01 7.314235e-02 2.868069e-09
3.066399e+01 1.025928e-01 4.279443e-09
3.066399e+01 1.448116e-01 7.392423e-09
3.066399e+01 2.023460e-01 1.132002e-08
3.066399e+01 2.834245e-01 1.757449e-08
3.066399e+01 3.967448e-01 2.666362e-08
3.066399e+01 5.552783e-01 3.974387e-08
3.066399e+01 7.774819e-01 5.54887e-08
3.066399e+01 1.088445e+00 7.014207e-08
3.066399e+01 1.523711e+00 7.948415e-08
3.066399e+01 2.088426e+00 7.7388e-08
3.066399e+01 2.685505e+00 5.879438e-08
3.129727e+01 1.570796e-02 1.079448e-10
3.129727e+01 2.346256e-02 2.762912e-10
3.129727e+01 3.503514e-02 5.563315e-10
3.129727e+01 5.263151e-02 1.134620e-09
3.129727e+01 7.314235e-02 2.395869e-09
3.129727e+01 1.025928e-01 3.578918e-09
3.129727e+01 1.448116e-01 6.188395e-09
3.129727e+01 2.023460e-01 9.519392e-09
3.129727e+01 2.834245e-01 1.484498e-08
3.129727e+01 3.967448e-01 2.259225e-08
3.129727e+01 5.552783e-01 3.378937e-08
3.129727e+01 7.774819e-01 4.743328e-08
3.129727e+01 1.088445e+00 6.070764e-08
3.129727e+01 1.523711e+00 7.063620e-08
3.129727e+01 2.088426e+00 7.205716e-08
3.129727e+01 2.685505e+00 5.930228e-08
3.194322e+01 1.570796e-02 8.705369e-11
3.194322e+01 2.346256e-02 2.233893e-10
3.194322e+01 3.503514e-02 4.486794e-10
3.194322e+01 5.263151e-02 9.156698e-10
3.194322e+01 7.314235e-02 1.935346e-09
3.194322e+01 1.025928e-01 2.893799e-09
3.194322e+01 1.448116e-01 5.009370e-09
3.194322e+01 2.023460e-01 7.740478e-09
3.194322e+01 2.834245e-01 1.211800e-08
3.194322e+01 3.967448e-01 1.849456e-08
3.194322e+01 5.552783e-01 2.773653e-08
3.194322e+01 7.774819e-01 3.914782e-08
3.194322e+01 1.088445e+00 5.075457e-08
3.194322e+01 1.523711e+00 6.067623e-08
3.194322e+01 2.088426e+00 6.499895e-08
3.194322e+01 2.685505e+00 5.803881e-08
3.260208e+01 1.570796e-02 6.667502e-11
3.260208e+01 2.346256e-02 1.71366e-10
3.260208e+01 3.503514e-02 3.434161e-10
3.260208e+01 5.263151e-02 7.022609e-10
3.260208e+01 7.314235e-02 1.485622e-09
3.260208e+01 1.025928e-01 2.223505e-09
3.260208e+01 1.448116e-01 3.853998e-09
3.260208e+01 2.023460e-01 5.979659e-09
3.260208e+01 2.834245e-01 9.395039e-09
3.260208e+01 3.967448e-01 1.436740e-08
3.260208e+01 5.552783e-01 2.161389e-08
3.260208e+01 7.774819e-01 3.065987e-08
3.260208e+01 1.088445e+00 4.024479e-08
3.260208e+01 1.523711e+00 4.945161e-08
3.260208e+01 2.088426e+00 5.578338e-08
3.260208e+01 2.685505e+00 5.411192e-08
3.327412e+01 1.570796e-02 4.682784e-11
3.327412e+01 2.346256e-02 1.207735e-10
3.327412e+01 3.503514e-02 2.411512e-10
3.327412e+01 5.263151e-02 4.937061e-10
3.327412e+01 7.314235e-02 1.045034e-09
3.327412e+01 1.025928e-01 1.566628e-09
3.327412e+01 1.448116e-01 2.717707e-09
3.327412e+01 2.023460e-01 4.235151e-09
3.327412e+01 2.834245e-01 6.677123e-09
3.327412e+01 3.967448e-01 1.022915e-08
3.327412e+01 5.552783e-01 1.543022e-08
3.327412e+01 7.774819e-01 2.197998e-08
3.327412e+01 1.088445e+00 2.922684e-08
3.327412e+01 1.523711e+00 3.690288e-08
3.327412e+01 2.088426e+00 4.395535e-08
3.327412e+01 2.685505e+00 4.630258e-08
3.395961e+01 1.570796e-02 2.814668e-11
3.395961e+01 2.346256e-02 7.303716e-11
3.395961e+01 3.503514e-02 1.448537e-10
3.395961e+01 5.263151e-02 2.97765e-10
3.395961e+01 7.314235e-02 6.307784e-10
3.395961e+01 1.025928e-01 9.465996e-10
3.395961e+01 1.448116e-01 1.641242e-09
3.395961e+01 2.023460e-01 2.56022e-09
3.395961e+01 2.834245e-01 4.033467e-09
3.395961e+01 3.967448e-01 6.157323e-09
3.395961e+01 5.552783e-01 9.272139e-09
3.395961e+01 7.774819e-01 1.320676e-08
3.395961e+01 1.088445e+00 1.772362e-08
3.395961e+01 1.523711e+00 2.295727e-08
3.395961e+01 2.088426e+00 2.878901e-08
3.395961e+01 2.685505e+00 3.258092e-08
3.46588e+01 1.570796e-02 9.003941e-12
3.46588e+01 2.346256e-02 2.236457e-11
3.46588e+01 3.503514e-02 4.776633e-11
3.46588e+01 5.263151e-02 9.230545e-11
3.46588e+01 7.314235e-02 2.012057e-10
3.46588e+01 1.025928e-01 2.995530e-10
3.46588e+01 1.448116e-01 5.188842e-10
3.46588e+01 2.023460e-01 8.207522e-10
3.46588e+01 2.834245e-01 1.304737e-09
3.46588e+01 3.967448e-01 2.003584e-09
3.46588e+01 5.552783e-01 3.027273e-09
3.46588e+01 7.774819e-01 4.334996e-09
3.46588e+01 1.088445e+00 5.876406e-09
3.46588e+01 1.523711e+00 7.781834e-09
3.46588e+01 2.088426e+00 1.021689e-08
3.46588e+01 2.685505e+00 1.234914e-08
3.537197e+01 1.570796e-02 0.e+00
3.537197e+01 2.346256e-02 0.e+00
3.537197e+01 3.503514e-02 0.e+00
3.537197e+01 5.263151e-02 0.e+00
3.537197e+01 7.314235e-02 0.e+00
3.537197e+01 1.025928e-01 0.e+00
3.537197e+01 1.448116e-01 0.e+00
3.537197e+01 2.023460e-01 0.e+00
3.537197e+01 2.834245e-01 0.e+00
3.537197e+01 3.967448e-01 0.e+00
3.537197e+01 5.552783e-01 0.e+00
3.537197e+01 7.774819e-01 0.e+00
3.537197e+01 1.088445e+00 0.e+00
3.537197e+01 1.523711e+00 0.e+00
3.537197e+01 2.088426e+00 0.e+00
3.537197e+01 2.685505e+00 0.e+00
