5.0,0.01570796326794897,0.0
5.0,0.023462558633972192,0.0
5.0,0.03503514218779029,0.0
5.0,0.05263150808357201,0.0
5.0,0.0731423493547288,0.0
5.0,0.1025927647713422,0.0
5.0,0.14481159820038791,0.0
5.0,0.20234603287313824,0.0
5.0,0.2834245013168247,0.0
5.0,0.3967448265966417,0.0
5.0,0.5552782518837672,0.0
5.0,0.7774818770639701,0.0
5.0,1.0884445474248694,0.0
5.0,1.5237112672761537,0.0
5.0,2.088426337077478,0.0
5.0,2.685504776398588,0.0
5.12,0.01570796326794897,0.0
5.12,0.023462558633972192,0.0
5.12,0.03503514218779029,0.0
5.12,0.05263150808357201,0.0
5.12,0.0731423493547288,0.0
5.12,0.1025927647713422,0.0
5.12,0.14481159820038791,0.0
5.12,0.20234603287313824,0.0
5.12,0.2834245013168247,0.0
5.12,0.3967448265966417,0.0
5.12,0.5552782518837672,0.0
5.12,0.7774818770639701,0.0
5.12,1.0884445474248694,0.0
5.12,1.5237112672761537,0.0
5.12,2.088426337077478,0.0
5.12,2.685504776398588,0.0
5.2424,0.01570796326794897,0.0
5.2424,0.023462558633972192,0.0
5.2424,0.03503514218779029,0.0
5.2424,0.05263150808357201,0.0
5.2424,0.0731423493547288,0.0
5.2424,0.1025927647713422,0.0
5.2424,0.14481159820038791,0.0
5.2424,0.20234603287313824,0.0
5.2424,0.2834245013168247,0.0
5.2424,0.3967448265966417,0.0
5.2424,0.5552782518837672,0.0
5.2424,0.7774818770639701,0.0
5.2424,1.0884445474248694,0.0
5.2424,1.5237112672761537,0.0
5.2424,2.088426337077478,0.0
5.2424,2.685504776398588,0.0
5.367248,0.01570796326794897,0.0
5.367248,0.023462558633972192,0.0
5.367248,0.03503514218779029,0.0
5.367248,0.05263150808357201,0.0
5.367248,0.0731423493547288,0.0
5.367248,0.1025927647713422,0.0
5.367248,0.14481159820038791,0.0
5.367248,0.20234603287313824,0.0
5.367248,0.2834245013168247,0.0
5.367248,0.3967448265966417,0.0
5.367248,0.5552782518837672,0.0
5.367248,0.7774818770639701,0.0
5.367248,1.0884445474248694,0.0
5.367248,1.5237112672761537,0.0
5.367248,2.088426337077478,0.0
5.367248,2.685504776398588,0.0
5.49459296,0.01570796326794897,0.0
5.49459296,0.023462558633972192,0.0
5.49459296,0.03503514218779029,0.0
5.49459296,0.05263150808357201,0.0
5.49459296,0.0731423493547288,0.0
5.49459296,0.1025927647713422,0.0
5.49459296,0.14481159820038791,0.0
5.49459296,0.20234603287313824,0.0
5.49459296,0.2834245013168247,0.0
5.49459296,0.3967448265966417,0.0
5.49459296,0.5552782518837672,0.0
5.49459296,0.7774818770639701,0.0
5.49459296,1.0884445474248694,0.0
5.49459296,1.5237112672761537,0.0
5.49459296,2.088426337077478,0.0
5.49459296,2.685504776398588,0.0
5.624484819199999,0.01570796326794897,0.0
5.624484819199999,0.023462558633972192,0.0
5.624484819199999,0.03503514218779029,0.0
5.624484819199999,0.05263150808357201,0.0
5.624484819199999,0.0731423493547288,0.0
5.624484819199999,0.1025927647713422,0.0
5.624484819199999,0.14481159820038791,0.0
5.624484819199999,0.20234603287313824,0.0
5.624484819199999,0.2834245013168247,0.0
5.624484819199999,0.3967448265966417,0.0
5.624484819199999,0.5552782518837672,0.0
5.624484819199999,0.7774818770639701,0.0
5.624484819199999,1.0884445474248694,0.0
5.624484819199999,1.5237112672761537,0.0
5.624484819199999,2.088426337077478,0.0
5.624484819199999,2.685504776398588,0.0
5.756974515584,0.01570796326794897,0.0
5.756974515584,0.023462558633972192,0.0
5.756974515584,0.03503514218779029,0.0
5.756974515584,0.05263150808357201,0.0
5.756974515584,0.0731423493547288,0.0
5.756974515584,0.1025927647713422,0.0
5.756974515584,0.14481159820038791,0.0
5.756974515584,0.20234603287313824,0.0
5.756974515584,0.2834245013168247,0.0
5.756974515584,0.3967448265966417,0.0
5.756974515584,0.5552782518837672,0.0
5.756974515584,0.7774818770639701,0.0
5.756974515584,1.0884445474248694,0.0
5.756974515584,1.5237112672761537,0.0
5.756974515584,2.088426337077478,0.0
5.756974515584,2.685504776398588,0.0
5.89211400589568,0.01570796326794897,0.0
5.89211400589568,0.023462558633972192,0.0
5.89211400589568,0.03503514218779029,0.0
5.89211400589568,0.05263150808357201,0.0
5.89211400589568,0.0731423493547288,0.0
5.89211400589568,0.1025927647713422,0.0
5.89211400589568,0.14481159820038791,0.0
5.89211400589568,0.20234603287313824,0.0
5.89211400589568,0.2834245013168247,0.0
5.89211400589568,0.3967448265966417,0.0
5.89211400589568,0.5552782518837672,0.0
5.89211400589568,0.7774818770639701,0.0
5.89211400589568,1.0884445474248694,0.0
5.89211400589568,1.5237112672761537,0.0
5.89211400589568,2.088426337077478,0.0
5.89211400589568,2.685504776398588,0.0
6.029956286013594,0.01570796326794897,-3.4877583290609794e-06
6.029956286013594,0.023462558633972192,-8.001851187511744e-06
6.029956286013594,0.03503514218779029,2.8940469974049945e-08
6.029956286013594,0.05263150808357201,-1.4621789620966485e-05
6.029956286013594,0.0731423493547288,-5.227400049684615e-06
6.029956286013594,0.1025927647713422,2.8592776806249475e-06
6.029956286013594,0.14481159820038791,-1.809498253612475e-05
6.029956286013594,0.20234603287313824,-1.2499789289405935e-05
6.029956286013594,0.2834245013168247,-1.6462077660320404e-05
6.029956286013594,0.3967448265966417,-5.8583007771663065e-06
6.029956286013594,0.5552782518837672,-9.894291083378152e-06
6.029956286013594,0.7774818770639701,-8.07617860538239e-06
6.029956286013594,1.0884445474248694,-5.245506173856577e-06
6.029956286013594,1.5237112672761537,-8.582282321546283e-06
6.029956286013594,2.088426337077478,-9.54321743215978e-06
6.029956286013594,2.685504776398588,-9.76255617213029e-06
6.170555411733866,0.01570796326794897,-6.276584874958228e-05
6.170555411733866,0.023462558633972192,-9.526508060853442e-05
6.170555411733866,0.03503514218779029,-0.0005333503153839562
6.170555411733866,0.05263150808357201,-0.0002969847736451446
6.170555411733866,0.0731423493547288,-0.0003404971201170024
6.170555411733866,0.1025927647713422,-0.00039069950838019904
6.170555411733866,0.14481159820038791,-0.0004687828956959755
6.170555411733866,0.20234603287313824,-0.0003897314177332305
6.170555411733866,0.2834245013168247,-0.00040351653662065804
6.170555411733866,0.3967448265966417,-0.0003435669617958195
6.170555411733866,0.5552782518837672,-0.0002925951421397453
6.170555411733866,0.7774818770639701,-0.000246577371765605
6.170555411733866,1.0884445474248694,-0.00023049430038826933
6.170555411733866,1.5237112672761537,-0.0002308342410871229
6.170555411733866,2.088426337077478,-0.0002547623757008441
6.170555411733866,2.685504776398588,-0.000265248350591561
6.313966519968544,0.01570796326794897,-0.00013454640280969931
6.313966519968544,0.023462558633972192,-0.00025934859597153987
6.313966519968544,0.03503514218779029,-0.0015899692378125627
6.313966519968544,0.05263150808357201,-0.0014913321578754182
6.313966519968544,0.0731423493547288,-0.0010860097156389556
6.313966519968544,0.1025927647713422,-0.0015261875901843873
6.313966519968544,0.14481159820038791,-0.00146665267556554
6.313966519968544,0.20234603287313824,-0.001604600443807459
6.313966519968544,0.2834245013168247,-0.0013722279251098322
6.313966519968544,0.3967448265966417,-0.0013492240749026368
6.313966519968544,0.5552782518837672,-0.0011371154183968547
6.313966519968544,0.7774818770639701,-0.0010110098818828257
6.313966519968544,1.0884445474248694,-0.0008613686461403945
6.313966519968544,1.5237112672761537,-0.0008591640032846236
6.313966519968544,2.088426337077478,-0.0009339459444937533
6.313966519968544,2.685504776398588,-0.0009701464845655936
6.460245850367914,0.01570796326794897,-0.0002326894214406766
6.460245850367914,0.023462558633972192,-0.0006374999213005001
6.460245850367914,0.03503514218779029,-0.002864367932274253
6.460245850367914,0.05263150808357201,-0.003846213654354825
6.460245850367914,0.0731423493547288,-0.003186022402557077
6.460245850367914,0.1025927647713422,-0.003924634301915511
6.460245850367914,0.14481159820038791,-0.004361892667155345
6.460245850367914,0.20234603287313824,-0.004216427039853101
6.460245850367914,0.2834245013168247,-0.003969911415025029
6.460245850367914,0.3967448265966417,-0.003522674397772058
6.460245850367914,0.5552782518837672,-0.003080268890103429
6.460245850367914,0.7774818770639701,-0.0026358373288297827
6.460245850367914,1.0884445474248694,-0.0023743203192729237
6.460245850367914,1.5237112672761537,-0.0022480318934019407
6.460245850367914,2.088426337077478,-0.00244402495025167
6.460245850367914,2.685504776398588,-0.002501759166339364
6.6094507673752725,0.01570796326794897,-0.0002916607211246146
6.6094507673752725,0.023462558633972192,-0.0009004887284077217
6.6094507673752725,0.03503514218779029,-0.004156223825095047
6.6094507673752725,0.05263150808357201,-0.006219448849673757
6.6094507673752725,0.0731423493547288,-0.005986835679009011
6.6094507673752725,0.1025927647713422,-0.007726099654608333
6.6094507673752725,0.14481159820038791,-0.008619472505361037
6.6094507673752725,0.20234603287313824,-0.008055888147339192
6.6094507673752725,0.2834245013168247,-0.0076941199037396674
6.6094507673752725,0.3967448265966417,-0.0071443950368141875
6.6094507673752725,0.5552782518837672,-0.00625233248086393
6.6094507673752725,0.7774818770639701,-0.005344561123917676
6.6094507673752725,1.0884445474248694,-0.0046355044005654406
6.6094507673752725,1.5237112672761537,-0.004357985327018087
6.6094507673752725,2.088426337077478,-0.00469514223591042
6.6094507673752725,2.685504776398588,-0.0047799487459928465
6.761639782722777,0.01570796326794897,-0.0003045988766435352
6.761639782722777,0.023462558633972192,-0.0010536726726642486
6.761639782722777,0.03503514218779029,-0.005068053215446842
6.761639782722777,0.05263150808357201,-0.008018222714221927
6.761639782722777,0.0731423493547288,-0.009017099598620229
6.761639782722777,0.1025927647713422,-0.012620912839839987
6.761639782722777,0.14481159820038791,-0.0132849100574626
6.761639782722777,0.20234603287313824,-0.012873369379521564
6.761639782722777,0.2834245013168247,-0.012707390940837136
6.761639782722777,0.3967448265966417,-0.01175378157428524
6.761639782722777,0.5552782518837672,-0.010205303266034927
6.761639782722777,0.7774818770639701,-0.008717221521037263
6.761639782722777,1.0884445474248694,-0.007551619748903831
6.761639782722777,1.5237112672761537,-0.0070263139173644676
6.761639782722777,2.088426337077478,-0.007443872968432008
6.761639782722777,2.685504776398588,-0.007558824247560596
6.916872578377234,0.01570796326794897,-0.0002912489675300735
6.916872578377234,0.023462558633972192,-0.001029761771151507
6.916872578377234,0.03503514218779029,-0.0053930715062250785
6.916872578377234,0.05263150808357201,-0.009442917017731242
6.916872578377234,0.0731423493547288,-0.011476396496081313
6.916872578377234,0.1025927647713422,-0.017054656688616412
6.916872578377234,0.14481159820038791,-0.0178854945838242
6.916872578377234,0.20234603287313824,-0.017886566337426017
6.916872578377234,0.2834245013168247,-0.017791909524383902
6.916872578377234,0.3967448265966417,-0.01677143174751593
6.916872578377234,0.5552782518837672,-0.01457642669911378
6.916872578377234,0.7774818770639701,-0.0125350467173482
6.916872578377234,1.0884445474248694,-0.010740405704744695
6.916872578377234,1.5237112672761537,-0.009953879431568127
6.916872578377234,2.088426337077478,-0.010431294599559486
6.916872578377234,2.685504776398588,-0.010435850367421168
7.075210029944778,0.01570796326794897,-0.0002364096049529317
7.075210029944778,0.023462558633972192,-0.0010040587307217602
7.075210029944778,0.03503514218779029,-0.0052059100272227495
7.075210029944778,0.05263150808357201,-0.010106765709072072
7.075210029944778,0.0731423493547288,-0.01320943033994576
7.075210029944778,0.1025927647713422,-0.020160618055176643
7.075210029944778,0.14481159820038791,-0.02184516156278721
7.075210029944778,0.20234603287313824,-0.022326163580702198
7.075210029944778,0.2834245013168247,-0.022840565548465492
7.075210029944778,0.3967448265966417,-0.022013468040810256
7.075210029944778,0.5552782518837672,-0.01921626706657178
7.075210029944778,0.7774818770639701,-0.01647852291892695
7.075210029944778,1.0884445474248694,-0.0140350600789441
7.075210029944778,1.5237112672761537,-0.012842317746730355
7.075210029944778,2.088426337077478,-0.013347286758915135
7.075210029944778,2.685504776398588,-0.013242240679563876
7.236714230543676,0.01570796326794897,-0.00019783958444111128
7.236714230543676,0.023462558633972192,-0.0008930153778113508
7.236714230543676,0.03503514218779029,-0.004750275649321109
7.236714230543676,0.05263150808357201,-0.01018500442897651
7.236714230543676,0.0731423493547288,-0.014054699450648734
7.236714230543676,0.1025927647713422,-0.02226566153031781
7.236714230543676,0.14481159820038791,-0.024758809081637717
7.236714230543676,0.20234603287313824,-0.026173754117613662
7.236714230543676,0.2834245013168247,-0.027258557059835414
7.236714230543676,0.3967448265966417,-0.026703109802972847
7.236714230543676,0.5552782518837672,-0.02362658400915304
7.236714230543676,0.7774818770639701,-0.020433978645804908
7.236714230543676,1.0884445474248694,-0.01724351658064599
7.236714230543676,1.5237112672761537,-0.015629596823534337
7.236714230543676,2.088426337077478,-0.016018421270198854
7.236714230543676,2.685504776398588,-0.01571076498234622
7.401448515154549,0.01570796326794897,-0.0001880327493564535
7.401448515154549,0.023462558633972192,-0.0008410103620510241
7.401448515154549,0.03503514218779029,-0.00435621937418077
7.401448515154549,0.05263150808357201,-0.009751502007815846
7.401448515154549,0.0731423493547288,-0.013933767898171976
7.401448515154549,0.1025927647713422,-0.022847792213084
7.401448515154549,0.14481159820038791,-0.026525205429168176
7.401448515154549,0.20234603287313824,-0.028840739955722276
7.401448515154549,0.2834245013168247,-0.030743096764361905
7.401448515154549,0.3967448265966417,-0.03054519262907644
7.401448515154549,0.5552782518837672,-0.0275157461500816
7.401448515154549,0.7774818770639701,-0.02389535219881411
7.401448515154549,1.0884445474248694,-0.020137615509938527
7.401448515154549,1.5237112672761537,-0.0181395458026707
7.401448515154549,2.088426337077478,-0.01833978985047057
7.401448515154549,2.685504776398588,-0.017830789710105516
7.5694774854576385,0.01570796326794897,-0.00017508280480685214
7.5694774854576385,0.023462558633972192,-0.0007851658387035018
7.5694774854576385,0.03503514218779029,-0.004040042837216866
7.5694774854576385,0.05263150808357201,-0.009088440240791274
7.5694774854576385,0.0731423493547288,-0.013194593903065172
7.5694774854576385,0.1025927647713422,-0.022508385578242425
7.5694774854576385,0.14481159820038791,-0.027179572875705053
7.5694774854576385,0.20234603287313824,-0.030496802575584937
7.5694774854576385,0.2834245013168247,-0.033289532318593086
7.5694774854576385,0.3967448265966417,-0.033664256177039
7.5694774854576385,0.5552782518837672,-0.0307888981674414
7.5694774854576385,0.7774818770639701,-0.026880842921861457
7.5694774854576385,1.0884445474248694,-0.022653619410442145
7.5694774854576385,1.5237112672761537,-0.020350091202181918
7.5694774854576385,2.088426337077478,-0.020318107220878262
7.5694774854576385,2.685504776398588,-0.01953336723721512
7.740867035166793,0.01570796326794897,-0.00015421339043548694
7.740867035166793,0.023462558633972192,-0.0007134540695413995
7.740867035166793,0.03503514218779029,-0.0037274637034344564
7.740867035166793,0.05263150808357201,-0.008432011181175817
7.740867035166793,0.0731423493547288,-0.012256491542356708
7.740867035166793,0.1025927647713422,-0.021431179262793944
7.740867035166793,0.14481159820038791,-0.02694245410998189
7.740867035166793,0.20234603287313824,-0.03121069930031996
7.740867035166793,0.2834245013168247,-0.03493732899392335
7.740867035166793,0.3967448265966417,-0.035784510791861505
7.740867035166793,0.5552782518837672,-0.03335468249320675
7.740867035166793,0.7774818770639701,-0.0293859849254708
7.740867035166793,1.0884445474248694,-0.024812575282158883
7.740867035166793,1.5237112672761537,-0.022156880681880767
7.740867035166793,2.088426337077478,-0.021950274579383075
7.740867035166793,2.685504776398588,-0.020879283897150845
7.915684375870128,0.01570796326794897,-0.00013094146862099932
7.915684375870128,0.023462558633972192,-0.0006386803506302153
7.915684375870128,0.03503514218779029,-0.0033680643178314656
7.915684375870128,0.05263150808357201,-0.007679129061917532
7.915684375870128,0.0731423493547288,-0.011224730935320941
7.915684375870128,0.1025927647713422,-0.020001531026846417
7.915684375870128,0.14481159820038791,-0.026028447836297267
7.915684375870128,0.20234603287313824,-0.03108071316736709
7.915684375870128,0.2834245013168247,-0.03580451291808698
7.915684375870128,0.3967448265966417,-0.03721102707939203
7.915684375870128,0.5552782518837672,-0.035269261667386975
7.915684375870128,0.7774818770639701,-0.03136873954051563
7.915684375870128,1.0884445474248694,-0.026645878565523032
7.915684375870128,1.5237112672761537,-0.02370908858699966
7.915684375870128,2.088426337077478,-0.02333154869117212
7.915684375870128,2.685504776398588,-0.022032434231882787
8.093998063387529,0.01570796326794897,-0.00011748567583123416
8.093998063387529,0.023462558633972192,-0.0005750357329675259
8.093998063387529,0.03503514218779029,-0.0030393014866567218
8.093998063387529,0.05263150808357201,-0.006896224630889531
8.093998063387529,0.0731423493547288,-0.010186605374158622
8.093998063387529,0.1025927647713422,-0.01843566408328675
8.093998063387529,0.14481159820038791,-0.024645339227155817
8.093998063387529,0.20234603287313824,-0.030177223228945862
8.093998063387529,0.2834245013168247,-0.03582775560946843
8.093998063387529,0.3967448265966417,-0.03786223939462687
8.093998063387529,0.5552782518837672,-0.036486692638389794
8.093998063387529,0.7774818770639701,-0.03277394038644103
8.093998063387529,1.0884445474248694,-0.028035111849015176
8.093998063387529,1.5237112672761537,-0.024901092695789
8.093998063387529,2.088426337077478,-0.024387480723896543
8.093998063387529,2.685504776398588,-0.022866145266658585
8.275878024655281,0.01570796326794897,-0.0001033126206996437
8.275878024655281,0.023462558633972192,-0.0005126755748916737
8.275878024655281,0.03503514218779029,-0.002719641340354109
8.275878024655281,0.05263150808357201,-0.00615940190227366
8.275878024655281,0.0731423493547288,-0.009135964944503736
8.275878024655281,0.1025927647713422,-0.016784917718071998
8.275878024655281,0.14481159820038791,-0.022887352810587826
8.275878024655281,0.20234603287313824,-0.02878423581308692
8.275878024655281,0.2834245013168247,-0.035164423212070924
8.275878024655281,0.3967448265966417,-0.037828976144429136
8.275878024655281,0.5552782518837672,-0.03715637869391475
8.275878024655281,0.7774818770639701,-0.0337058912020282
8.275878024655281,1.0884445474248694,-0.0290405552945978
8.275878024655281,1.5237112672761537,-0.0258185057432821
8.275878024655281,2.088426337077478,-0.025194981844239333
8.275878024655281,2.685504776398588,-0.023422147908698968
8.461395585148386,0.01570796326794897,-8.852753005639503e-05
8.461395585148386,0.023462558633972192,-0.00045556947440956053
8.461395585148386,0.03503514218779029,-0.0024187902446205466
8.461395585148386,0.05263150808357201,-0.0054868956086798
8.461395585148386,0.0731423493547288,-0.008127492886561465
8.461395585148386,0.1025927647713422,-0.01514624055803296
8.461395585148386,0.14481159820038791,-0.020990558867525384
8.461395585148386,0.20234603287313824,-0.027051212682275002
8.461395585148386,0.2834245013168247,-0.033900860535335885
8.461395585148386,0.3967448265966417,-0.0371719270387898
8.461395585148386,0.5552782518837672,-0.03721717487761781
8.461395585148386,0.7774818770639701,-0.034153916520140826
8.461395585148386,1.0884445474248694,-0.029656989108457495
8.461395585148386,1.5237112672761537,-0.0264875913702884
8.461395585148386,2.088426337077478,-0.025767617511395974
8.461395585148386,2.685504776398588,-0.023810710134344416
8.650623496851354,0.01570796326794897,-7.776971309885815e-05
8.650623496851354,0.023462558633972192,-0.0004053211907190324
8.650623496851354,0.03503514218779029,-0.002171503867186855
8.650623496851354,0.05263150808357201,-0.004909893711520421
8.650623496851354,0.0731423493547288,-0.007230953840924664
8.650623496851354,0.1025927647713422,-0.01359127059584614
8.650623496851354,0.14481159820038791,-0.019036299541534137
8.650623496851354,0.20234603287313824,-0.025037645685629318
8.650623496851354,0.2834245013168247,-0.03217073286381941
8.650623496851354,0.3967448265966417,-0.03596558370552369
8.650623496851354,0.5552782518837672,-0.036719883491910486
8.650623496851354,0.7774818770639701,-0.03417849235800631
8.650623496851354,1.0884445474248694,-0.02989665842499444
8.650623496851354,1.5237112672761537,-0.02679165274080973
8.650623496851354,2.088426337077478,-0.02603638161185626
8.650623496851354,2.685504776398588,-0.023870810444430787
8.843635966788382,0.01570796326794897,-6.753695012206423e-05
8.843635966788382,0.023462558633972192,-0.00036330615702979626
8.843635966788382,0.03503514218779029,-0.0019451660400238388
8.843635966788382,0.05263150808357201,-0.004385532276286571
8.843635966788382,0.0731423493547288,-0.0064294692327212365
8.843635966788382,0.1025927647713422,-0.01214075291131118
8.843635966788382,0.14481159820038791,-0.01713549374026514
8.843635966788382,0.20234603287313824,-0.022903804645155512
8.843635966788382,0.2834245013168247,-0.030075697717478776
8.843635966788382,0.3967448265966417,-0.0344177607025546
8.843635966788382,0.5552782518837672,-0.035776421019741
8.843635966788382,0.7774818770639701,-0.03376910909664908
8.843635966788382,1.0884445474248694,-0.02980203196038117
8.843635966788382,1.5237112672761537,-0.02684350213090633
8.843635966788382,2.088426337077478,-0.026095008707626738
8.843635966788382,2.685504776398588,-0.023757088534736
9.04050868612415,0.01570796326794897,-5.963100762735784e-05
9.04050868612415,0.023462558633972192,-0.00032540750220533846
9.04050868612415,0.03503514218779029,-0.0017338346901142859
9.04050868612415,0.05263150808357201,-0.00390333744631767
9.04050868612415,0.0731423493547288,-0.005710595188601907
9.04050868612415,0.1025927647713422,-0.010815039259017936
9.04050868612415,0.14481159820038791,-0.0153233912951085
9.04050868612415,0.20234603287313824,-0.020781614097122675
9.04050868612415,0.2834245013168247,-0.027807525158136063
9.04050868612415,0.3967448265966417,-0.03254992482602576
9.04050868612415,0.5552782518837672,-0.0344024468663929
9.04050868612415,0.7774818770639701,-0.032935622374791584
9.04050868612415,1.0884445474248694,-0.029406825900687494
9.04050868612415,1.5237112672761537,-0.0266890722790375
9.04050868612415,2.088426337077478,-0.025941008042191224
9.04050868612415,2.685504776398588,-0.02350507179255347
9.241318859846633,0.01570796326794897,-5.2242261678953116e-05
9.241318859846633,0.023462558633972192,-0.000291107265730712
9.241318859846633,0.03503514218779029,-0.0015385985714421267
9.241318859846633,0.05263150808357201,-0.0034781361504909263
9.241318859846633,0.0731423493547288,-0.005078546965580313
9.241318859846633,0.1025927647713422,-0.009590600673054835
9.241318859846633,0.14481159820038791,-0.013636149780258712
9.241318859846633,0.20234603287313824,-0.018706819517974555
9.241318859846633,0.2834245013168247,-0.02544310621695301
9.241318859846633,0.3967448265966417,-0.030405754320009276
9.241318859846633,0.5552782518837672,-0.03270859131436706
9.241318859846633,0.7774818770639701,-0.031806636557257614
9.241318859846633,1.0884445474248694,-0.02873459731694888
9.241318859846633,1.5237112672761537,-0.026321609146169975
9.241318859846633,2.088426337077478,-0.025659844219250445
9.241318859846633,2.685504776398588,-0.0232176892007024
9.446145237043565,0.01570796326794897,-4.504130768716794e-05
9.446145237043565,0.023462558633972192,-0.00025701541107346295
9.446145237043565,0.03503514218779029,-0.0013544681767614609
9.446145237043565,0.05263150808357201,-0.003092478789926705
9.446145237043565,0.0731423493547288,-0.004514234389267307
9.446145237043565,0.1025927647713422,-0.008495761302652605
9.446145237043565,0.14481159820038791,-0.012088154097007595
9.446145237043565,0.20234603287313824,-0.016760510551076243
9.446145237043565,0.2834245013168247,-0.02308284895114992
9.446145237043565,0.3967448265966417,-0.028124833677616482
9.446145237043565,0.5552782518837672,-0.03080856550882559
9.446145237043565,0.7774818770639701,-0.03038613873776583
9.446145237043565,1.0884445474248694,-0.02781280264960146
9.446145237043565,1.5237112672761537,-0.02570045915993529
9.446145237043565,2.088426337077478,-0.02520209245762592
9.446145237043565,2.685504776398588,-0.022635898067049395
9.655068141784435,0.01570796326794897,-3.846276667920324e-05
9.655068141784435,0.023462558633972192,-0.00022709650715988
9.655068141784435,0.03503514218779029,-0.0011938192501213768
9.655068141784435,0.05263150808357201,-0.002742702468558862
9.655068141784435,0.0731423493547288,-0.0039990796177205735
9.655068141784435,0.1025927647713422,-0.00749964045658918
9.655068141784435,0.14481159820038791,-0.01068514278318986
9.655068141784435,0.20234603287313824,-0.014944580889499131
9.655068141784435,0.2834245013168247,-0.020790712105108
9.655068141784435,0.3967448265966417,-0.025735078690808304
9.655068141784435,0.5552782518837672,-0.0287152670317448
9.655068141784435,0.7774818770639701,-0.028738980144490764
9.655068141784435,1.0884445474248694,-0.026695192447621228
9.655068141784435,1.5237112672761537,-0.02492127899791314
9.655068141784435,2.088426337077478,-0.02454563211012524
9.655068141784435,2.685504776398588,-0.021915551910026674
9.868169504620123,0.01570796326794897,-3.3491045589175516e-05
9.868169504620123,0.023462558633972192,-0.00019810166323402006
9.868169504620123,0.03503514218779029,-0.001049583488131911
9.868169504620123,0.05263150808357201,-0.002420576682470281
9.868169504620123,0.0731423493547288,-0.0035218396814919225
9.868169504620123,0.1025927647713422,-0.0065928191756532434
9.868169504620123,0.14481159820038791,-0.009421772059359528
9.868169504620123,0.20234603287313824,-0.013240426595156566
9.868169504620123,0.2834245013168247,-0.018608073279494108
9.868169504620123,0.3967448265966417,-0.02337555090095712
9.868169504620123,0.5552782518837672,-0.026548660916995315
9.868169504620123,0.7774818770639701,-0.026954060901217325
9.868169504620123,1.0884445474248694,-0.025398449166624863
9.868169504620123,1.5237112672761537,-0.024011403418002616
9.868169504620123,2.088426337077478,-0.023737029066761048
9.868169504620123,2.685504776398588,-0.021180486750030925
10.085532894712527,0.01570796326794897,-2.8857281289380516e-05
10.085532894712527,0.023462558633972192,-0.00017217522318614963
10.085532894712527,0.03503514218779029,-0.0009193192056404695
10.085532894712527,0.05263150808357201,-0.0021228653704065247
10.085532894712527,0.0731423493547288,-0.0030885481789503827
10.085532894712527,0.1025927647713422,-0.005773207314076636
10.085532894712527,0.14481159820038791,-0.0082736574357913
10.085532894712527,0.20234603287313824,-0.011673508781277231
10.085532894712527,0.2834245013168247,-0.01655097268082452
10.085532894712527,0.3967448265966417,-0.021045748293085902
10.085532894712527,0.5552782518837672,-0.024300236703318632
10.085532894712527,0.7774818770639701,-0.02509222574375114
10.085532894712527,1.0884445474248694,-0.0239628160477153
10.085532894712527,1.5237112672761537,-0.02297640351748504
10.085532894712527,2.088426337077478,-0.022803197828859884
10.085532894712527,2.685504776398588,-0.020311562814406558
10.30724355260678,0.01570796326794897,-2.4478254224695056e-05
10.30724355260678,0.023462558633972192,-0.00014860789169392988
10.30724355260678,0.03503514218779029,-0.0008014316485221804
10.30724355260678,0.05263150808357201,-0.0018594956973011863
10.30724355260678,0.0731423493547288,-0.0026991510808238145
10.30724355260678,0.1025927647713422,-0.005040428771854631
10.30724355260678,0.14481159820038791,-0.007247661218148968
10.30724355260678,0.20234603287313824,-0.010243156550260743
10.30724355260678,0.2834245013168247,-0.0146407573850406
10.30724355260678,0.3967448265966417,-0.018814777593705426
10.30724355260678,0.5552782518837672,-0.02205383102197189
10.30724355260678,0.7774818770639701,-0.023166454886913147
10.30724355260678,1.0884445474248694,-0.022445057866205362
10.30724355260678,1.5237112672761537,-0.02182453894927747
10.30724355260678,2.088426337077478,-0.02181572822820656
10.30724355260678,2.685504776398588,-0.019372751618687012
10.533388423658916,0.01570796326794897,-2.13919549779064e-05
10.533388423658916,0.023462558633972192,-0.00012813802762213388
10.533388423658916,0.03503514218779029,-0.0006996371483194928
10.533388423658916,0.05263150808357201,-0.0016276427336839449
10.533388423658916,0.0731423493547288,-0.002358153840358881
10.533388423658916,0.1025927647713422,-0.0043973128565459405
10.533388423658916,0.14481159820038791,-0.00632885333367979
10.533388423658916,0.20234603287313824,-0.008957241598631302
10.533388423658916,0.2834245013168247,-0.012897789856742385
10.533388423658916,0.3967448265966417,-0.016707641251196708
10.533388423658916,0.5552782518837672,-0.019859487247079186
10.533388423658916,0.7774818770639701,-0.021211844986382667
10.533388423658916,1.0884445474248694,-0.02087898013980698
10.533388423658916,1.5237112672761537,-0.02061763112210676
10.533388423658916,2.088426337077478,-0.02071346123104353
10.533388423658916,2.685504776398588,-0.018384306142697426
10.764056192132092,0.01570796326794897,-1.834690752696237e-05
10.764056192132092,0.023462558633972192,-0.00011009836921970825
10.764056192132092,0.03503514218779029,-0.0006079753213865736
10.764056192132092,0.05263150808357201,-0.0014152475903523038
10.764056192132092,0.0731423493547288,-0.002055186400447701
10.764056192132092,0.1025927647713422,-0.003816873634022593
10.764056192132092,0.14481159820038791,-0.00550724140794122
10.764056192132092,0.20234603287313824,-0.007810029422199919
10.764056192132092,0.2834245013168247,-0.011291069165098208
10.764056192132092,0.3967448265966417,-0.014753187493343038
10.764056192132092,0.5552782518837672,-0.0177529105993898
10.764056192132092,0.7774818770639701,-0.01926501599816189
10.764056192132092,1.0884445474248694,-0.019282699996835653
10.764056192132092,1.5237112672761537,-0.019303060352512655
10.764056192132092,2.088426337077478,-0.019522346738340225
10.764056192132092,2.685504776398588,-0.017255811765494948
10.999337315974737,0.01570796326794897,-1.572153404527411e-05
10.999337315974737,0.023462558633972192,-9.389795333028742e-05
10.999337315974737,0.03503514218779029,-0.0005289201044541108
10.999337315974737,0.05263150808357201,-0.0012257342584411114
10.999337315974737,0.0731423493547288,-0.0017831784420952953
10.999337315974737,0.1025927647713422,-0.003298682450577383
10.999337315974737,0.14481159820038791,-0.004771923116711773
10.999337315974737,0.20234603287313824,-0.006780358933512646
10.999337315974737,0.2834245013168247,-0.00984263867087546
10.999337315974737,0.3967448265966417,-0.012926258116925476
10.999337315974737,0.5552782518837672,-0.015742282029082892
10.999337315974737,0.7774818770639701,-0.017345944598970525
10.999337315974737,1.0884445474248694,-0.017651897998289458
10.999337315974737,1.5237112672761537,-0.017923115378918858
10.999337315974737,2.088426337077478,-0.01826292158874268
10.999337315974737,2.685504776398588,-0.016102229982342516
11.23932406229423,0.01570796326794897,-1.3119704980840927e-05
11.23932406229423,0.023462558633972192,-8.027914725814818e-05
11.23932406229423,0.03503514218779029,-0.0004560336267218422
11.23932406229423,0.05263150808357201,-0.0010611211338471802
11.23932406229423,0.0731423493547288,-0.001539218809969509
11.23932406229423,0.1025927647713422,-0.0028386133673569854
11.23932406229423,0.14481159820038791,-0.004119217181599575
11.23932406229423,0.20234603287313824,-0.005859145522042872
11.23932406229423,0.2834245013168247,-0.008531611096152095
11.23932406229423,0.3967448265966417,-0.011259609374130931
11.23932406229423,0.5552782518837672,-0.01386371565659662
11.23932406229423,0.7774818770639701,-0.015504495932956457
11.23932406229423,1.0884445474248694,-0.016038775696529606
11.23932406229423,1.5237112672761537,-0.01654727607614449
11.23932406229423,2.088426337077478,-0.016973195355341694
11.23932406229423,2.685504776398588,-0.01492887246957831
11.484110543540115,0.01570796326794897,-1.1156185460916846e-05
11.484110543540115,0.023462558633972192,-6.804397565703442e-05
11.484110543540115,0.03503514218779029,-0.0003905335974813247
11.484110543540115,0.05263150808357201,-0.0009127118161156668
11.484110543540115,0.0731423493547288,-0.001323689593895053
11.484110543540115,0.1025927647713422,-0.002433307380161916
11.484110543540115,0.14481159820038791,-0.003540066007355325
11.484110543540115,0.20234603287313824,-0.005041586846276144
11.484110543540115,0.2834245013168247,-0.007369603228817752
11.484110543540115,0.3967448265966417,-0.009771335786485588
11.484110543540115,0.5552782518837672,-0.01212775110041563
11.484110543540115,0.7774818770639701,-0.013756924928393009
11.484110543540115,1.0884445474248694,-0.014466388027745197
11.484110543540115,1.5237112672761537,-0.015161854479038415
11.484110543540115,2.088426337077478,-0.015660591770436456
11.484110543540115,2.685504776398588,-0.013725725859588587
11.733792754410914,0.01570796326794897,-9.386326611313966e-06
11.733792754410914,0.023462558633972192,-5.720387554013222e-05
11.733792754410914,0.03503514218779029,-0.0003333807438414578
11.733792754410914,0.05263150808357201,-0.0007804118761724392
11.733792754410914,0.0731423493547288,-0.001130516411998324
11.733792754410914,0.1025927647713422,-0.0020729887683386024
11.733792754410914,0.14481159820038791,-0.003025839727617803
11.733792754410914,0.20234603287313824,-0.0043162804884399174
11.733792754410914,0.2834245013168247,-0.006324845267578794
11.733792754410914,0.3967448265966417,-0.008412917896000583
11.733792754410914,0.5552782518837672,-0.010547962524959063
11.733792754410914,0.7774818770639701,-0.0121312341597532
11.733792754410914,1.0884445474248694,-0.012977274252218802
11.733792754410914,1.5237112672761537,-0.013814450800723644
11.733792754410914,2.088426337077478,-0.014386494450225131
11.733792754410914,2.685504776398588,-0.0126074985427176
11.988468609499135,0.01570796326794897,-7.93646910975501e-06
11.988468609499135,0.023462558633972192,-4.788328359652141e-05
11.988468609499135,0.03503514218779029,-0.0002828156502896814
11.988468609499135,0.05263150808357201,-0.000667191050649474
11.988468609499135,0.0731423493547288,-0.0009609504544468793
11.988468609499135,0.1025927647713422,-0.0017579878957141495
11.988468609499135,0.14481159820038791,-0.0025736754288321105
11.988468609499135,0.20234603287313824,-0.0036681072547141845
11.988468609499135,0.2834245013168247,-0.005399390063475754
11.988468609499135,0.3967448265966417,-0.0072135021078565545
11.988468609499135,0.5552782518837672,-0.009108406478707951
11.988468609499135,0.7774818770639701,-0.010616581121035695
11.988468609499135,1.0884445474248694,-0.011561093177704807
11.988468609499135,1.5237112672761537,-0.01248437869286853
11.988468609499135,2.088426337077478,-0.013129843667297492
11.988468609499135,2.685504776398588,-0.011538386799031722
12.248237981689115,0.01570796326794897,-6.525121479045632e-06
12.248237981689115,0.023462558633972192,-4.023558934066671e-05
12.248237981689115,0.03503514218779029,-0.00023849930743257496
12.248237981689115,0.05263150808357201,-0.0005661899664236983
12.248237981689115,0.0731423493547288,-0.0008150798312058026
12.248237981689115,0.1025927647713422,-0.0014851098384057002
12.248237981689115,0.14481159820038791,-0.0021808524427592967
12.248237981689115,0.20234603287313824,-0.0031066622146001034
12.248237981689115,0.2834245013168247,-0.004583226603625202
12.248237981689115,0.3967448265966417,-0.00614341305363101
12.248237981689115,0.5552782518837672,-0.007812745953485582
12.248237981689115,0.7774818770639701,-0.009244722426724077
12.248237981689115,1.0884445474248694,-0.010229730658162843
12.248237981689115,1.5237112672761537,-0.011223670199136645
12.248237981689115,2.088426337077478,-0.011929544195360091
12.248237981689115,2.685504776398588,-0.010507457189090404
12.513202741322901,0.01570796326794897,-5.484493254929766e-06
12.513202741322901,0.023462558633972192,-3.3225340241853444e-05
12.513202741322901,0.03503514218779029,-0.0001996137430590154
12.513202741322901,0.05263150808357201,-0.00047531762464824275
12.513202741322901,0.0731423493547288,-0.0006865717729416574
12.513202741322901,0.1025927647713422,-0.0012517768018507195
12.513202741322901,0.14481159820038791,-0.001835876685908457
12.513202741322901,0.20234603287313824,-0.0026174271749065106
12.513202741322901,0.2834245013168247,-0.003871736778693651
12.513202741322901,0.3967448265966417,-0.005201550295746955
12.513202741322901,0.5552782518837672,-0.006667991277987771
12.513202741322901,0.7774818770639701,-0.007994421269754406
12.513202741322901,1.0884445474248694,-0.008983753295378056
12.513202741322901,1.5237112672761537,-0.01002620727728065
12.513202741322901,2.088426337077478,-0.01075147885255178
12.513202741322901,2.685504776398588,-0.00953745430839788
12.783466796149359,0.01570796326794897,-4.7340905838880916e-06
12.783466796149359,0.023462558633972192,-2.756735162655168e-05
12.783466796149359,0.03503514218779029,-0.00016637938730567733
12.783466796149359,0.05263150808357201,-0.0003990383837692339
12.783466796149359,0.0731423493547288,-0.0005750341881329146
12.783466796149359,0.1025927647713422,-0.0010447204253003694
12.783466796149359,0.14481159820038791,-0.0015379232826743055
12.783466796149359,0.20234603287313824,-0.0021905195005738746
12.783466796149359,0.2834245013168247,-0.003252774929023545
12.783466796149359,0.3967448265966417,-0.004380348059186402
12.783466796149359,0.5552782518837672,-0.005657949999210024
12.783466796149359,0.7774818770639701,-0.006871588736086016
12.783466796149359,1.0884445474248694,-0.007845243367444377
12.783466796149359,1.5237112672761537,-0.008891268248336063
12.783466796149359,2.088426337077478,-0.009635241578457495
12.783466796149359,2.685504776398588,-0.008593456662439138
13.059136132072346,0.01570796326794897,-3.814291459174133e-06
13.059136132072346,0.023462558633972192,-2.3159755633089042e-05
13.059136132072346,0.03503514218779029,-0.00013806369907513178
13.059136132072346,0.05263150808357201,-0.0003327684955566098
13.059136132072346,0.0731423493547288,-0.0004793004455652908
13.059136132072346,0.1025927647713422,-0.0008721848797240791
13.059136132072346,0.14481159820038791,-0.0012820762192003745
13.059136132072346,0.20234603287313824,-0.0018247131062347711
13.059136132072346,0.2834245013168247,-0.002719068638263747
13.059136132072346,0.3967448265966417,-0.003669292255148401
13.059136132072346,0.5552782518837672,-0.00477374371667985
13.059136132072346,0.7774818770639701,-0.005865205739935096
13.059136132072346,1.0884445474248694,-0.006801864779485634
13.059136132072346,1.5237112672761537,-0.007834044411624365
13.059136132072346,2.088426337077478,-0.008602519151877853
13.059136132072346,2.685504776398588,-0.007735011900740376
13.340318854713793,0.01570796326794897,-3.3232999551194507e-06
13.340318854713793,0.023462558633972192,-1.9018153164993854e-05
13.340318854713793,0.03503514218779029,-0.00011411276230427063
13.340318854713793,0.05263150808357201,-0.0002758104454459125
13.340318854713793,0.0731423493547288,-0.0003983095214650365
13.340318854713793,0.1025927647713422,-0.0007222527526320888
13.340318854713793,0.14481159820038791,-0.001067084907711305
13.340318854713793,0.20234603287313824,-0.0015104713753491359
13.340318854713793,0.2834245013168247,-0.0022580053513119717
13.340318854713793,0.3967448265966417,-0.0030551895645962433
13.340318854713793,0.5552782518837672,-0.003999547965254495
13.340318854713793,0.7774818770639701,-0.004969447346607929
13.340318854713793,1.0884445474248694,-0.00585543750137479
13.340318854713793,1.5237112672761537,-0.0068597161862652785
13.340318854713793,2.088426337077478,-0.007602246782555259
13.340318854713793,2.685504776398588,-0.006890637897786361
13.627125231808071,0.01570796326794897,-2.850130452689229e-06
13.627125231808071,0.023462558633972192,-1.5633572060103502e-05
13.627125231808071,0.03503514218779029,-9.35204514360499e-05
13.627125231808071,0.05263150808357201,-0.00022799104070988198
13.627125231808071,0.0731423493547288,-0.00032886536783322234
13.627125231808071,0.1025927647713422,-0.0005941559266173133
13.627125231808071,0.14481159820038791,-0.000881404595154434
13.627125231808071,0.20234603287313824,-0.001243936218524255
13.627125231808071,0.2834245013168247,-0.001861957583631182
13.627125231808071,0.3967448265966417,-0.002533048802512961
13.627125231808071,0.5552782518837672,-0.003335217781331083
13.627125231808071,0.7774818770639701,-0.004195180381853432
13.627125231808071,1.0884445474248694,-0.0050161585344373405
13.627125231808071,1.5237112672761537,-0.0059620226372933075
13.627125231808071,2.088426337077478,-0.006687267275132775
13.627125231808071,2.685504776398588,-0.006089611363834408
13.91966773644423,0.01570796326794897,-2.40908166913444e-06
13.91966773644423,0.023462558633972192,-1.2903087429279233e-05
13.91966773644423,0.03503514218779029,-7.648227756762044e-05
13.91966773644423,0.05263150808357201,-0.00018681943871991973
13.91966773644423,0.0731423493547288,-0.0002686575024217046
13.91966773644423,0.1025927647713422,-0.0004858154367327716
13.91966773644423,0.14481159820038791,-0.0007198326823129342
13.91966773644423,0.20234603287313824,-0.0010170383516790644
13.91966773644423,0.2834245013168247,-0.0015248353677397859
13.91966773644423,0.3967448265966417,-0.002087231145016948
13.91966773644423,0.5552782518837672,-0.002754462113425692
13.91966773644423,0.7774818770639701,-0.003508010487360231
13.91966773644423,1.0884445474248694,-0.004267744791455611
13.91966773644423,1.5237112672761537,-0.00514530023995363
13.91966773644423,2.088426337077478,-0.00584588956755851
13.91966773644423,2.685504776398588,-0.005347518344575208
14.218061091173114,0.01570796326794897,-1.932909839008898e-06
14.218061091173114,0.023462558633972192,-1.0351139530580383e-05
14.218061091173114,0.03503514218779029,-6.268387373087839e-05
14.218061091173114,0.05263150808357201,-0.00015196715561297542
14.218061091173114,0.0731423493547288,-0.0002191587921868129
14.218061091173114,0.1025927647713422,-0.00039585006783144673
14.218061091173114,0.14481159820038791,-0.0005862617085137399
14.218061091173114,0.20234603287313824,-0.0008309198096104594
14.218061091173114,0.2834245013168247,-0.00124650452440697
14.218061091173114,0.3967448265966417,-0.0017123270430267955
14.218061091173114,0.5552782518837672,-0.0022698829942435945
14.218061091173114,0.7774818770639701,-0.0029196108436103136
14.218061091173114,1.0884445474248694,-0.0036152876912917
14.218061091173114,1.5237112672761537,-0.004427954926858768
14.218061091173114,2.088426337077478,-0.005095706967892553
14.218061091173114,2.685504776398588,-0.004696017556650317
14.52242231299658,0.01570796326794897,-1.5615966665613425e-06
14.52242231299658,0.023462558633972192,-8.509100478742032e-06
14.52242231299658,0.03503514218779029,-5.04868833556597e-05
14.52242231299658,0.05263150808357201,-0.00012302620781484436
14.52242231299658,0.0731423493547288,-0.00017744335800826724
14.52242231299658,0.1025927647713422,-0.0003202742685795426
14.52242231299658,0.14481159820038791,-0.00047485349829276915
14.52242231299658,0.20234603287313824,-0.0006749885832921387
14.52242231299658,0.2834245013168247,-0.0010121346360959813
14.52242231299658,0.3967448265966417,-0.0013950900960691774
14.52242231299658,0.5552782518837672,-0.001863919136289
14.52242231299658,0.7774818770639701,-0.0024239037035794016
14.52242231299658,1.0884445474248694,-0.0030447394892898962
14.52242231299658,1.5237112672761537,-0.003779700745260278
14.52242231299658,2.088426337077478,-0.004408163985717214
14.52242231299658,2.685504776398588,-0.004122638683462927
14.83287075925651,0.01570796326794897,-1.2611153837430375e-06
14.83287075925651,0.023462558633972192,-6.735942546324252e-06
14.83287075925651,0.03503514218779029,-4.0817617156113004e-05
14.83287075925651,0.05263150808357201,-9.981707754011288e-05
14.83287075925651,0.0731423493547288,-0.00014282759694482074
14.83287075925651,0.1025927647713422,-0.0002570793312182807
14.83287075925651,0.14481159820038791,-0.0003813858869186865
14.83287075925651,0.20234603287313824,-0.0005451908942270364
14.83287075925651,0.2834245013168247,-0.0008175018638231273
14.83287075925651,0.3967448265966417,-0.0011259868511866902
14.83287075925651,0.5552782518837672,-0.0015147508681780462
14.83287075925651,0.7774818770639701,-0.0019892234779854204
14.83287075925651,1.0884445474248694,-0.0025423678567982797
14.83287075925651,1.5237112672761537,-0.0031958749201479557
14.83287075925651,2.088426337077478,-0.0037717908158416726
14.83287075925651,2.685504776398588,-0.0035523636747917756
15.149528174441643,0.01570796326794897,-1.0132255815515256e-06
15.149528174441643,0.023462558633972192,-5.4714217927560515e-06
15.149528174441643,0.03503514218779029,-3.241615620446193e-05
15.149528174441643,0.05263150808357201,-7.986277058654671e-05
15.149528174441643,0.0731423493547288,-0.0001146599478272973
15.149528174441643,0.1025927647713422,-0.00020613144457312045
15.149528174441643,0.14481159820038791,-0.00030508486680431133
15.149528174441643,0.20234603287313824,-0.0004381818670453311
15.149528174441643,0.2834245013168247,-0.000655173289678778
15.149528174441643,0.3967448265966417,-0.0009041934001246914
15.149528174441643,0.5552782518837672,-0.0012263771080543405
15.149528174441643,0.7774818770639701,-0.0016245238588573024
15.149528174441643,1.0884445474248694,-0.002108050319083426
15.149528174441643,1.5237112672761537,-0.002691483818957019
15.149528174441643,2.088426337077478,-0.0032060892109312205
15.149528174441643,2.685504776398588,-0.0030407785775526603
15.472518737930475,0.01570796326794897,-8.145574964534294e-07
15.472518737930475,0.023462558633972192,-4.360330179286356e-06
15.472518737930475,0.03503514218779029,-2.549774893376729e-05
15.472518737930475,0.05263150808357201,-6.386804178480586e-05
15.472518737930475,0.0731423493547288,-9.075892895534536e-05
15.472518737930475,0.1025927647713422,-0.00016536609586256782
15.472518737930475,0.14481159820038791,-0.0002449289700437998
15.472518737930475,0.20234603287313824,-0.00034941893425255763
15.472518737930475,0.2834245013168247,-0.0005249997602438099
15.472518737930475,0.3967448265966417,-0.0007256087497044133
15.472518737930475,0.5552782518837672,-0.0009854877155725775
15.472518737930475,0.7774818770639701,-0.0013232064144779127
15.472518737930475,1.0884445474248694,-0.0017404623311897804
15.472518737930475,1.5237112672761537,-0.0022545372890873817
15.472518737930475,2.088426337077478,-0.002713319464698488
15.472518737930475,2.685504776398588,-0.002575558782235957
15.801969112689084,0.01570796326794897,-6.408040409507615e-07
15.801969112689084,0.023462558633972192,-3.4305775563399843e-06
15.801969112689084,0.03503514218779029,-1.9628544743159e-05
15.801969112689084,0.05263150808357201,-5.084130391692566e-05
15.801969112689084,0.0731423493547288,-7.19595744835561e-05
15.801969112689084,0.1025927647713422,-0.00013142270364254442
15.801969112689084,0.14481159820038791,-0.0001941342130522133
15.801969112689084,0.20234603287313824,-0.00027779075373295955
15.801969112689084,0.2834245013168247,-0.0004180959448399741
15.801969112689084,0.3967448265966417,-0.0005782957841878589
15.801969112689084,0.5552782518837672,-0.0007905336722359769
15.801969112689084,0.7774818770639701,-0.0010713995400904682
15.801969112689084,1.0884445474248694,-0.001425928895182332
15.801969112689084,1.5237112672761537,-0.0018781004165691199
15.801969112689084,2.088426337077478,-0.002279043350081305
15.801969112689084,2.685504776398588,-0.002174711833382693
16.13800849494287,0.01570796326794897,-5.475004906961779e-07
16.13800849494287,0.023462558633972192,-2.7709051500815268e-06
16.13800849494287,0.03503514218779029,-1.490797387314844e-05
16.13800849494287,0.05263150808357201,-3.994572448863736e-05
16.13800849494287,0.0731423493547288,-5.7666763590144165e-05
16.13800849494287,0.1025927647713422,-0.000104276850234374
16.13800849494287,0.14481159820038791,-0.0001539296687166925
16.13800849494287,0.20234603287313824,-0.00021931418041494296
16.13800849494287,0.2834245013168247,-0.0003307921702822611
16.13800849494287,0.3967448265966417,-0.00045845643728592393
16.13800849494287,0.5552782518837672,-0.0006319311323188448
16.13800849494287,0.7774818770639701,-0.0008648820187056822
16.13800849494287,1.0884445474248694,-0.0011643119431884654
16.13800849494287,1.5237112672761537,-0.001548438191472493
16.13800849494287,2.088426337077478,-0.0018965814668002992
16.13800849494287,2.685504776398588,-0.0018138322470781442
16.480768664841722,0.01570796326794897,-4.2034225849437496e-07
16.480768664841722,0.023462558633972192,-2.176361385521878e-06
16.480768664841722,0.03503514218779029,-1.1431146066124107e-05
16.480768664841722,0.05263150808357201,-3.119590388610015e-05
16.480768664841722,0.0731423493547288,-4.467497373459653e-05
16.480768664841722,0.1025927647713422,-8.16701432977477e-05
16.480768664841722,0.14481159820038791,-0.00012031071716365967
16.480768664841722,0.20234603287313824,-0.0001707658412930992
16.480768664841722,0.2834245013168247,-0.00025861128044331555
16.480768664841722,0.3967448265966417,-0.00036018921586447914
16.480768664841722,0.5552782518837672,-0.0004992718672357918
16.480768664841722,0.7774818770639701,-0.0006897607853027758
16.480768664841722,1.0884445474248694,-0.0009365649525342383
16.480768664841722,1.5237112672761537,-0.0012641834200262931
16.480768664841722,2.088426337077478,-0.001560473552323846
16.480768664841722,2.685504776398588,-0.0014811766626017149
16.83038403813856,0.01570796326794897,-3.297722453370425e-07
16.83038403813856,0.023462558633972192,-1.61001288434271e-06
16.83038403813856,0.03503514218779029,-8.584743040882889e-06
16.83038403813856,0.05263150808357201,-2.4242086198967332e-05
16.83038403813856,0.0731423493547288,-3.453343550633868e-05
16.83038403813856,0.1025927647713422,-6.375919404640241e-05
16.83038403813856,0.14481159820038791,-9.323888440074176e-05
16.83038403813856,0.20234603287313824,-0.00013248307744801374
16.83038403813856,0.2834245013168247,-0.00020048507871929316
16.83038403813856,0.3967448265966417,-0.0002795080271906565
16.83038403813856,0.5552782518837672,-0.0003915407341961776
16.83038403813856,0.7774818770639701,-0.0005454080370677558
16.83038403813856,1.0884445474248694,-0.0007482508413201568
16.83038403813856,1.5237112672761537,-0.0010212191908657716
16.83038403813856,2.088426337077478,-0.0012668744250464875
16.83038403813856,2.685504776398588,-0.0012122616255310875
17.186991718901332,0.01570796326794897,-2.4233717132394144e-07
17.186991718901332,0.023462558633972192,-1.305610702156438e-06
17.186991718901332,0.03503514218779029,-6.7415002728050285e-06
17.186991718901332,0.05263150808357201,-1.8671413047429997e-05
17.186991718901332,0.0731423493547288,-2.7193216602368385e-05
17.186991718901332,0.1025927647713422,-4.881923382523581e-05
17.186991718901332,0.14481159820038791,-7.175290689049917e-05
17.186991718901332,0.20234603287313824,-0.00010242200775149693
17.186991718901332,0.2834245013168247,-0.00015477864685137346
17.186991718901332,0.3967448265966417,-0.00021615175975126584
17.186991718901332,0.5552782518837672,-0.00030478033461080764
17.186991718901332,0.7774818770639701,-0.0004293639997355629
17.186991718901332,1.0884445474248694,-0.0005928761619279299
17.186991718901332,1.5237112672761537,-0.0008149544734562366
17.186991718901332,2.088426337077478,-0.0010193425203052656
17.186991718901332,2.685504776398588,-0.0009786983611050828
17.55073155327936,0.01570796326794897,-1.9796872791198664e-07
17.55073155327936,0.023462558633972192,-1.0264097350235643e-06
17.55073155327936,0.03503514218779029,-5.289998607181007e-06
17.55073155327936,0.05263150808357201,-1.4378525296950305e-05
17.55073155327936,0.0731423493547288,-2.0708840963807694e-05
17.55073155327936,0.1025927647713422,-3.748455899064636e-05
17.55073155327936,0.14481159820038791,-5.4761789818819816e-05
17.55073155327936,0.20234603287313824,-7.828247739981934e-05
17.55073155327936,0.2834245013168247,-0.00011811002177474275
17.55073155327936,0.3967448265966417,-0.00016551691456881076
17.55073155327936,0.5552782518837672,-0.0002352954083299251
17.55073155327936,0.7774818770639701,-0.00033446971177828914
17.55073155327936,1.0884445474248694,-0.0004656174670256688
17.55073155327936,1.5237112672761537,-0.0006470992116250839
17.55073155327936,2.088426337077478,-0.0008099564027354202
17.55073155327936,2.685504776398588,-0.0007777551596235485
17.92174618434495,0.01570796326794897,-1.6307927540444795e-07
17.92174618434495,0.023462558633972192,-7.423288004844656e-07
17.92174618434495,0.03503514218779029,-3.983881007492505e-06
17.92174618434495,0.05263150808357201,-1.0755909999079364e-05
17.92174618434495,0.0731423493547288,-1.5631108535709733e-05
17.92174618434495,0.1025927647713422,-2.821578794968937e-05
17.92174618434495,0.14481159820038791,-4.152732321572962e-05
17.92174618434495,0.20234603287313824,-5.956019619200448e-05
17.92174618434495,0.2834245013168247,-8.921929153128685e-05
17.92174618434495,0.3967448265966417,-0.00012520808203568892
17.92174618434495,0.5552782518837672,-0.00017935677016317624
17.92174618434495,0.7774818770639701,-0.0002559676291109205
17.92174618434495,1.0884445474248694,-0.00035929352219880726
17.92174618434495,1.5237112672761537,-0.0005004689450895177
17.92174618434495,2.088426337077478,-0.0006310401586992296
17.92174618434495,2.685504776398588,-0.0006077376897097219
18.300181108031847,0.01570796326794897,-1.2334779276972858e-07
18.300181108031847,0.023462558633972192,-5.329795389261025e-07
18.300181108031847,0.03503514218779029,-2.961632985230817e-06
18.300181108031847,0.05263150808357201,-7.904204177878715e-06
18.300181108031847,0.0731423493547288,-1.1599493641488287e-05
18.300181108031847,0.1025927647713422,-2.078958655287721e-05
18.300181108031847,0.14481159820038791,-3.0760497361027536e-05
18.300181108031847,0.20234603287313824,-4.4030819091286825e-05
18.300181108031847,0.2834245013168247,-6.579126205245194e-05
18.300181108031847,0.3967448265966417,-9.317368337532372e-05
18.300181108031847,0.5552782518837672,-0.00013395997036657852
18.300181108031847,0.7774818770639701,-0.00019233811028886903
18.300181108031847,1.0884445474248694,-0.00027171365595385377
18.300181108031847,1.5237112672761537,-0.00038194810405581237
18.300181108031847,2.088426337077478,-0.00048220237229273623
18.300181108031847,2.685504776398588,-0.0004571680636467259
18.686184730192483,0.01570796326794897,-9.235174156134797e-08
18.686184730192483,0.023462558633972192,-4.020737050838419e-07
18.686184730192483,0.03503514218779029,-2.115772864739632e-06
18.686184730192483,0.05263150808357201,-5.609451812519784e-06
18.686184730192483,0.0731423493547288,-8.385139346938033e-06
18.686184730192483,0.1025927647713422,-1.4937234777020822e-05
18.686184730192483,0.14481159820038791,-2.252506511900497e-05
18.686184730192483,0.20234603287313824,-3.2113740259219566e-05
18.686184730192483,0.2834245013168247,-4.815647718073431e-05
18.686184730192483,0.3967448265966417,-6.793344620708706e-05
18.686184730192483,0.5552782518837672,-9.859418634259928e-05
18.686184730192483,0.7774818770639701,-0.00014177438647665458
18.686184730192483,1.0884445474248694,-0.00020161078639661828
18.686184730192483,1.5237112672761537,-0.00028653618037268933
18.686184730192483,2.088426337077478,-0.0003636070654868218
18.686184730192483,2.685504776398588,-0.0003476421187060477
19.07990842479633,0.01570796326794897,-5.8956310877405545e-08
19.07990842479633,0.023462558633972192,-2.891367113297257e-07
19.07990842479633,0.03503514218779029,-1.5628110003964072e-06
19.07990842479633,0.05263150808357201,-4.012985662015314e-06
19.07990842479633,0.0731423493547288,-6.0057286709525326e-06
19.07990842479633,0.1025927647713422,-1.070566137385403e-05
19.07990842479633,0.14481159820038791,-1.6121479332097743e-05
19.07990842479633,0.20234603287313824,-2.326517459175437e-05
19.07990842479633,0.2834245013168247,-3.4821745431237676e-05
19.07990842479633,0.3967448265966417,-4.8983595660802037e-05
19.07990842479633,0.5552782518837672,-7.178463756543586e-05
19.07990842479633,0.7774818770639701,-0.0001033726411790877
19.07990842479633,1.0884445474248694,-0.00014751150649267394
19.07990842479633,1.5237112672761537,-0.00021153918729220603
19.07990842479633,2.088426337077478,-0.0002693910707646369
19.07990842479633,2.685504776398588,-0.0002550227605746629
19.481506593292263,0.01570796326794897,-4.013999444652528e-08
19.481506593292263,0.023462558633972192,-1.8825606005225767e-07
19.481506593292263,0.03503514218779029,-1.111973664233927e-06
19.481506593292263,0.05263150808357201,-2.7783603504772903e-06
19.481506593292263,0.0731423493547288,-4.175430845133052e-06
19.481506593292263,0.1025927647713422,-7.547287764453029e-06
19.481506593292263,0.14481159820038791,-1.1405917041860412e-05
19.481506593292263,0.20234603287313824,-1.638877202472355e-05
19.481506593292263,0.2834245013168247,-2.4672685177144423e-05
19.481506593292263,0.3967448265966417,-3.481319136412125e-05
19.481506593292263,0.5552782518837672,-5.120673014103566e-05
19.481506593292263,0.7774818770639701,-7.423126041041498e-05
19.481506593292263,1.0884445474248694,-0.00010601521556502484
19.481506593292263,1.5237112672761537,-0.00015376911449593609
19.481506593292263,2.088426337077478,-0.0001947526100766846
19.481506593292263,2.685504776398588,-0.00018565092774748283
19.891136725158105,0.01570796326794897,-2.3925626534243792e-08
19.891136725158105,0.023462558633972192,-1.2769605965154056e-07
19.891136725158105,0.03503514218779029,-7.712378954732634e-07
19.891136725158105,0.05263150808357201,-1.9022092937602435e-06
19.891136725158105,0.0731423493547288,-2.8560647378257232e-06
19.891136725158105,0.1025927647713422,-5.219907130270968e-06
19.891136725158105,0.14481159820038791,-7.849609252840537e-06
19.891136725158105,0.20234603287313824,-1.132112227918111e-05
19.891136725158105,0.2834245013168247,-1.7008949287781053e-05
19.891136725158105,0.3967448265966417,-2.4249027413133786e-05
19.891136725158105,0.5552782518837672,-3.5946328478665144e-05
19.891136725158105,0.7774818770639701,-5.225062973777585e-05
19.891136725158105,1.0884445474248694,-7.474106509142621e-05
19.891136725158105,1.5237112672761537,-0.00010907935170593477
19.891136725158105,2.088426337077478,-0.00013979550606458218
19.891136725158105,2.685504776398588,-0.00013334582650153994
20.308959459661267,0.01570796326794897,-1.4592157379401419e-08
20.308959459661267,0.023462558633972192,-7.260153107189912e-08
20.308959459661267,0.03503514218779029,-5.111323634047686e-07
20.308959459661267,0.05263150808357201,-1.2625914799146187e-06
20.308959459661267,0.0731423493547288,-1.950228519453025e-06
20.308959459661267,0.1025927647713422,-3.5200233960857218e-06
20.308959459661267,0.14481159820038791,-5.376361346502144e-06
20.308959459661267,0.20234603287313824,-7.889827139675986e-06
20.308959459661267,0.2834245013168247,-1.1718419533240974e-05
20.308959459661267,0.3967448265966417,-1.682367159429926e-05
20.308959459661267,0.5552782518837672,-2.4736047111683544e-05
20.308959459661267,0.7774818770639701,-3.624035670440005e-05
20.308959459661267,1.0884445474248694,-5.271441625682732e-05
20.308959459661267,1.5237112672761537,-7.656074401524123e-05
20.308959459661267,2.088426337077478,-9.856672477748779e-05
20.308959459661267,2.685504776398588,-9.401590422207901e-05
20.73513864885449,0.01570796326794897,-1.2091014525384062e-08
20.73513864885449,0.023462558633972192,-5.295292948354038e-08
20.73513864885449,0.03503514218779029,-3.4091375092777165e-07
20.73513864885449,0.05263150808357201,-8.38505438556051e-07
20.73513864885449,0.0731423493547288,-1.3000324710458507e-06
20.73513864885449,0.1025927647713422,-2.2910174938084074e-06
20.73513864885449,0.14481159820038791,-3.646249577576384e-06
20.73513864885449,0.20234603287313824,-5.296063039112242e-06
20.73513864885449,0.2834245013168247,-7.848037623348097e-06
20.73513864885449,0.3967448265966417,-1.1296132586212025e-05
20.73513864885449,0.5552782518837672,-1.673472750398036e-05
20.73513864885449,0.7774818770639701,-2.4567572919136774e-05
20.73513864885449,1.0884445474248694,-3.630674993524341e-05
20.73513864885449,1.5237112672761537,-5.2947982879206375e-05
20.73513864885449,2.088426337077478,-6.827561278907497e-05
20.73513864885449,2.685504776398588,-6.483870780149262e-05
21.169841421831578,0.01570796326794897,-9.684196331305328e-09
21.169841421831578,0.023462558633972192,-3.320793887062577e-08
21.169841421831578,0.03503514218779029,-2.463823678653293e-07
21.169841421831578,0.05263150808357201,-5.424151987611464e-07
21.169841421831578,0.0731423493547288,-8.46577396188797e-07
21.169841421831578,0.1025927647713422,-1.5548395404784766e-06
21.169841421831578,0.14481159820038791,-2.420082072879509e-06
21.169841421831578,0.20234603287313824,-3.5002452223436407e-06
21.169841421831578,0.2834245013168247,-5.2718587002722965e-06
21.169841421831578,0.3967448265966417,-7.56918439291299e-06
21.169841421831578,0.5552782518837672,-1.123561205952147e-05
21.169841421831578,0.7774818770639701,-1.6669468189521622e-05
21.169841421831578,1.0884445474248694,-2.4511328507702726e-05
21.169841421831578,1.5237112672761537,-3.607974877374579e-05
21.169841421831578,2.088426337077478,-4.641793871464682e-05
21.169841421831578,2.685504776398588,-4.309354427471413e-05
21.61323825026821,0.01570796326794897,-7.534416510230625e-09
21.61323825026821,0.023462558633972192,-1.7456646764595782e-08
21.61323825026821,0.03503514218779029,-1.7110902172245536e-07
21.61323825026821,0.05263150808357201,-3.362473511802488e-07
21.61323825026821,0.0731423493547288,-5.431842713275418e-07
21.61323825026821,0.1025927647713422,-9.952893236637506e-07
21.61323825026821,0.14481159820038791,-1.55549124095918e-06
21.61323825026821,0.20234603287313824,-2.236911958891242e-06
21.61323825026821,0.2834245013168247,-3.4408630349993514e-06
21.61323825026821,0.3967448265966417,-4.928296205596664e-06
21.61323825026821,0.5552782518837672,-7.333415918526094e-06
21.61323825026821,0.7774818770639701,-1.0911156081198289e-05
21.61323825026821,1.0884445474248694,-1.6134696477710057e-05
21.61323825026821,1.5237112672761537,-2.3723112368287906e-05
21.61323825026821,2.088426337077478,-3.083553960279487e-05
21.61323825026821,2.685504776398588,-2.8451346927673854e-05
22.065503015273574,0.01570796326794897,-5.365079249186066e-09
22.065503015273574,0.023462558633972192,-7.577844279051256e-09
22.065503015273574,0.03503514218779029,-1.1373697368757377e-07
22.065503015273574,0.05263150808357201,-2.153946245504467e-07
22.065503015273574,0.0731423493547288,-3.240556008537391e-07
22.065503015273574,0.1025927647713422,-5.921924196023525e-07
22.065503015273574,0.14481159820038791,-9.640944650671013e-07
22.065503015273574,0.20234603287313824,-1.3342114761031328e-06
22.065503015273574,0.2834245013168247,-2.1375158982719244e-06
22.065503015273574,0.3967448265966417,-3.0568954840476884e-06
22.065503015273574,0.5552782518837672,-4.595626055094466e-06
22.065503015273574,0.7774818770639701,-6.899464812821434e-06
22.065503015273574,1.0884445474248694,-1.0306066069813102e-05
22.065503015273574,1.5237112672761537,-1.5215163129990054e-05
22.065503015273574,2.088426337077478,-1.9723540058391847e-05
22.065503015273574,2.685504776398588,-1.8714784612758042e-05
22.526813075579053,0.01570796326794897,-3.668399708321196e-09
22.526813075579053,0.023462558633972192,-2.2565499961643433e-09
22.526813075579053,0.03503514218779029,-6.770877248819801e-08
22.526813075579053,0.05263150808357201,-1.3501940949342462e-07
22.526813075579053,0.0731423493547288,-1.7838528266753376e-07
22.526813075579053,0.1025927647713422,-3.567788490610601e-07
22.526813075579053,0.14481159820038791,-5.859078730767909e-07
22.526813075579053,0.20234603287313824,-7.790523118026997e-07
22.526813075579053,0.2834245013168247,-1.282343363195641e-06
22.526813075579053,0.3967448265966417,-1.881985208890284e-06
22.526813075579053,0.5552782518837672,-2.8443519220848343e-06
22.526813075579053,0.7774818770639701,-4.405375401276358e-06
22.526813075579053,1.0884445474248694,-6.54506595247057e-06
22.526813075579053,1.5237112672761537,-9.687467472140596e-06
22.526813075579053,2.088426337077478,-1.2620199684828952e-05
22.526813075579053,2.685504776398588,-1.2089342024464867e-05
22.997349337090636,0.01570796326794897,1.1901849826009802e-10
22.997349337090636,0.023462558633972192,4.896246392934008e-10
22.997349337090636,0.03503514218779029,2.6593973825978584e-09
22.997349337090636,0.05263150808357201,5.945062454087609e-09
22.997349337090636,0.0731423493547288,8.767706085909008e-09
22.997349337090636,0.1025927647713422,1.69151137831678e-08
22.997349337090636,0.14481159820038791,2.4244347741605195e-08
22.997349337090636,0.20234603287313824,3.4404636966802684e-08
22.997349337090636,0.2834245013168247,5.157989157366619e-08
22.997349337090636,0.3967448265966417,7.484364268237983e-08
22.997349337090636,0.5552782518837672,1.0508879023395085e-07
22.997349337090636,0.7774818770639701,1.3623351238657872e-07
22.997349337090636,1.0884445474248694,1.4990915584192733e-07
22.997349337090636,1.5237112672761537,1.3024260551844645e-07
22.997349337090636,2.088426337077478,8.596062250549496e-08
22.997349337090636,2.685504776398588,4.060998151832044e-08
23.477296323832444,0.01570796326794897,1.1155235266597892e-10
23.477296323832444,0.023462558633972192,4.595754575240531e-10
23.477296323832444,0.03503514218779029,2.4939546488720308e-09
23.477296323832444,0.05263150808357201,5.575830550827979e-09
23.477296323832444,0.0731423493547288,8.223673452856264e-09
23.477296323832444,0.1025927647713422,1.588247148607696e-08
23.477296323832444,0.14481159820038791,2.276591440791807e-08
23.477296323832444,0.20234603287313824,3.2398189320250817e-08
23.477296323832444,0.2834245013168247,4.882455920998425e-08
23.477296323832444,0.3967448265966417,7.131075407551127e-08
23.477296323832444,0.5552782518837672,1.0076940959863897e-07
23.477296323832444,0.7774818770639701,1.3138075585319552e-07
23.477296323832444,1.0884445474248694,1.4559729926577822e-07
23.477296323832444,1.5237112672761537,1.2803294492660322e-07
23.477296323832444,2.088426337077478,8.582509563602418e-08
23.477296323832444,2.685504776398588,4.0738191406383904e-08
23.966842250309092,0.01570796326794897,1.0418321827555415e-10
23.966842250309092,0.023462558633972192,4.2986103959311155e-10
23.966842250309092,0.03503514218779029,2.331192043695702e-09
23.966842250309092,0.05263150808357201,5.213543909746463e-09
23.966842250309092,0.0731423493547288,7.689255331906636e-09
23.966842250309092,0.1025927647713422,1.4872297323199555e-08
23.966842250309092,0.14481159820038791,2.1320217662627616e-08
23.966842250309092,0.20234603287313824,3.0416032361760085e-08
23.966842250309092,0.2834245013168247,4.610914828010554e-08
23.966842250309092,0.3967448265966417,6.777344593927929e-08
23.966842250309092,0.5552782518837672,9.639002374218686e-08
23.966842250309092,0.7774818770639701,1.2636805812253074e-07
23.966842250309092,1.0884445474248694,1.4100120058844402e-07
23.966842250309092,1.5237112672761537,1.256626898600406e-07
23.966842250309092,2.088426337077478,8.565044075334648e-08
23.966842250309092,2.685504776398588,4.0876647511949406e-08
24.46617909531528,0.01570796326794897,9.700515676297158e-11
24.46617909531528,0.023462558633972192,4.0071225328522364e-10
24.46617909531528,0.03503514218779029,2.1720439103421315e-09
24.46617909531528,0.05263150808357201,4.8586417222386645e-09
24.46617909531528,0.0731423493547288,7.1672323940892505e-09
24.46617909531528,0.1025927647713422,1.3883397483103192e-08
24.46617909531528,0.14481159820038791,1.990153283790021e-08
24.46617909531528,0.20234603287313824,2.8483151495576732e-08
24.46617909531528,0.2834245013168247,4.3435210411971824e-08
24.46617909531528,0.3967448265966417,6.424444213335405e-08
24.46617909531528,0.5552782518837672,9.192711862317207e-08
24.46617909531528,0.7774818770639701,1.211583833298235e-07
24.46617909531528,1.0884445474248694,1.3618788308214062e-07
24.46617909531528,1.5237112672761537,1.2320040239013953e-07
24.46617909531528,2.088426337077478,8.552796674883895e-08
24.46617909531528,2.685504776398588,4.117148708970719e-08
24.97550267722158,0.01570796326794897,8.991608666537567e-11
24.97550267722158,0.023462558633972192,3.7236398812763665e-10
24.97550267722158,0.03503514218779029,2.016459430181946e-09
24.97550267722158,0.05263150808357201,4.5132539397835505e-09
24.97550267722158,0.0731423493547288,6.657997269289089e-09
24.97550267722158,0.1025927647713422,1.2917801157142919e-08
24.97550267722158,0.14481159820038791,1.852398292425215e-08
24.97550267722158,0.20234603287313824,2.6592845202004082e-08
24.97550267722158,0.2834245013168247,4.0799017024237546e-08
24.97550267722158,0.3967448265966417,6.071848099734043e-08
24.97550267722158,0.5552782518837672,8.740081737633835e-08
24.97550267722158,0.7774818770639701,1.157819180081219e-07
24.97550267722158,1.0884445474248694,1.3118462303560082e-07
24.97550267722158,1.5237112672761537,1.2054737090020382e-07
24.97550267722158,2.088426337077478,8.544229777991657e-08
24.97550267722158,2.685504776398588,4.157960781837538e-08
25.49501273076601,0.01570796326794897,8.305666818002053e-11
25.49501273076601,0.023462558633972192,3.448189674291926e-10
25.49501273076601,0.03503514218779029,1.864957355616901e-09
25.49501273076601,0.05263150808357201,4.1764498056424065e-09
25.49501273076601,0.0731423493547288,6.161796963907455e-09
25.49501273076601,0.1025927647713422,1.1980932839767825e-08
25.49501273076601,0.14481159820038791,1.718445320460473e-08
25.49501273076601,0.20234603287313824,2.47437143334684e-08
25.49501273076601,0.2834245013168247,3.8211591335502237e-08
25.49501273076601,0.3967448265966417,5.7174103665309754e-08
25.49501273076601,0.5552782518837672,8.277529026575256e-08
25.49501273076601,0.7774818770639701,1.1026019807936638e-07
25.49501273076601,1.0884445474248694,1.2605163871446052e-07
25.49501273076601,1.5237112672761537,1.1772830239447332e-07
25.49501273076601,2.088426337077478,8.530029577863668e-08
25.49501273076601,2.685504776398588,4.2192136474769844e-08
26.024912985381327,0.01570796326794897,7.637571250303577e-11
26.024912985381327,0.023462558633972192,3.177861945800516e-10
26.024912985381327,0.03503514218779029,1.7174143650820758e-09
26.024912985381327,0.05263150808357201,3.848376522392899e-09
26.024912985381327,0.0731423493547288,5.678408152114237e-09
26.024912985381327,0.1025927647713422,1.106307638278506e-08
26.024912985381327,0.14481159820038791,1.5874691577258432e-08
26.024912985381327,0.20234603287313824,2.2935702382926366e-08
26.024912985381327,0.2834245013168247,3.5646943932490736e-08
26.024912985381327,0.3967448265966417,5.3626844167530614e-08
26.024912985381327,0.5552782518837672,7.804482753985142e-08
26.024912985381327,0.7774818770639701,1.0457471161821931e-07
26.024912985381327,1.0884445474248694,1.2063192353821678e-07
26.024912985381327,1.5237112672761537,1.1472438295860806e-07
26.024912985381327,2.088426337077478,8.532489510487478e-08
26.024912985381327,2.685504776398588,4.303495068858459e-08
26.56541124508896,0.01570796326794897,6.984684454379763e-11
26.56541124508896,0.023462558633972192,2.9146813309422187e-10
26.56541124508896,0.03503514218779029,1.5740903794413774e-09
26.56541124508896,0.05263150808357201,3.5292804846587934e-09
26.56541124508896,0.0731423493547288,5.209847955585325e-09
26.56541124508896,0.1025927647713422,1.0171307318420448e-08
26.56541124508896,0.14481159820038791,1.4601992005276373e-08
26.56541124508896,0.20234603287313824,2.116747781880052e-08
26.56541124508896,0.2834245013168247,3.3108971955174566e-08
26.56541124508896,0.3967448265966417,5.0058025840993326e-08
26.56541124508896,0.5552782518837672,7.325817804760228e-08
26.56541124508896,0.7774818770639701,9.866315139982977e-08
26.56541124508896,1.0884445474248694,1.1489283320686994e-07
26.56541124508896,1.5237112672761537,1.1144330790842626e-07
26.56541124508896,2.088426337077478,8.517655786059734e-08
26.56541124508896,2.685504776398588,4.412416349910781e-08
27.11671946999074,0.01570796326794897,6.355571803137185e-11
27.11671946999074,0.023462558633972192,2.65650525902052e-10
27.11671946999074,0.03503514218779029,1.4346651211821254e-09
27.11671946999074,0.05263150808357201,3.219436574933333e-09
27.11671946999074,0.0731423493547288,4.752407110365237e-09
27.11671946999074,0.1025927647713422,9.302068627396012e-09
27.11671946999074,0.14481159820038791,1.3358102252284309e-08
27.11671946999074,0.20234603287313824,1.943547427671669e-08
27.11671946999074,0.2834245013168247,3.0589785608930615e-08
27.11671946999074,0.3967448265966417,4.646529980010738e-08
27.11671946999074,0.5552782518837672,6.837256278991377e-08
27.11671946999074,0.7774818770639701,9.2583362453201e-08
27.11671946999074,1.0884445474248694,1.0889138346591058e-07
27.11671946999074,1.5237112672761537,1.0781417520590818e-07
27.11671946999074,2.088426337077478,8.495072834799442e-08
27.11671946999074,2.685504776398588,4.5826093999207184e-08
27.67905385939056,0.01570796326794897,5.743361294102288e-11
27.67905385939056,0.023462558633972192,2.40812936719612e-10
27.67905385939056,0.03503514218779029,1.2994416380663926e-09
27.67905385939056,0.05263150808357201,2.918781425279545e-09
27.67905385939056,0.0731423493547288,4.3078365512805356e-09
27.67905385939056,0.1025927647713422,8.453033705916666e-09
27.67905385939056,0.14481159820038791,1.2147031334473319e-08
27.67905385939056,0.20234603287313824,1.7738293016710134e-08
27.67905385939056,0.2834245013168247,2.808731408796425e-08
27.67905385939056,0.3967448265966417,4.283508481804698e-08
27.67905385939056,0.5552782518837672,6.334756690229129e-08
27.67905385939056,0.7774818770639701,8.628574919092874e-08
27.67905385939056,1.0884445474248694,1.0264687736861123e-07
27.67905385939056,1.5237112672761537,1.0381591451441608e-07
27.67905385939056,2.088426337077478,8.452391581156776e-08
27.67905385939056,2.685504776398588,4.775902738207044e-08
28.25263493657837,0.01570796326794897,5.1482550218519706e-11
28.25263493657837,0.023462558633972192,2.1658177977608214e-10
28.25263493657837,0.03503514218779029,1.167762178951726e-09
28.25263493657837,0.05263150808357201,2.626263420214003e-09
28.25263493657837,0.0731423493547288,3.8758537450646235e-09
28.25263493657837,0.1025927647713422,7.624655026292602e-09
28.25263493657837,0.14481159820038791,1.0965133120940662e-08
28.25263493657837,0.20234603287313824,1.6070274375058194e-08
28.25263493657837,0.2834245013168247,2.5602499567469568e-08
28.25263493657837,0.3967448265966417,3.91740510350666e-08
28.25263493657837,0.5552782518837672,5.820583343514794e-08
28.25263493657837,0.7774818770639701,7.976212079277303e-08
28.25263493657837,1.0884445474248694,9.599433797390146e-08
28.25263493657837,1.5237112672761537,9.936645777896462e-08
28.25263493657837,2.088426337077478,8.379592375132638e-08
28.25263493657837,2.685504776398588,4.9971894772204315e-08
28.837687635309933,0.01570796326794897,4.571577301078589e-11
28.837687635309933,0.023462558633972192,1.9291054222438117e-10
28.837687635309933,0.03503514218779029,1.039877693613287e-09
28.837687635309933,0.05263150808357201,2.3422091828383416e-09
28.837687635309933,0.0731423493547288,3.4562293135249415e-09
28.837687635309933,0.1025927647713422,6.8144774797233165e-09
28.837687635309933,0.14481159820038791,9.811728174938077e-09
28.837687635309933,0.20234603287313824,1.443262574917321e-08
28.837687635309933,0.2834245013168247,2.3125982475618286e-08
28.837687635309933,0.3967448265966417,3.549324945475743e-08
28.837687635309933,0.5552782518837672,5.299242647449925e-08
28.837687635309933,0.7774818770639701,7.303816970252308e-08
28.837687635309933,1.0884445474248694,8.895521990845797e-08
28.837687635309933,1.5237112672761537,9.422685556753985e-08
28.837687635309933,2.088426337077478,8.256293223713705e-08
28.837687635309933,2.685504776398588,5.2346415061233376e-08
29.43444138801614,0.01570796326794897,4.012983176449655e-11
29.43444138801614,0.023462558633972192,1.6982706290224689e-10
29.43444138801614,0.03503514218779029,9.154623425678527e-10
29.43444138801614,0.05263150808357201,2.0652558300755454e-09
29.43444138801614,0.0731423493547288,3.048125152308712e-09
29.43444138801614,0.1025927647713422,6.023305527920975e-09
29.43444138801614,0.14481159820038791,8.683480554499883e-09
29.43444138801614,0.20234603287313824,1.2818997931550478e-08
29.43444138801614,0.2834245013168247,2.0662058540061324e-08
29.43444138801614,0.3967448265966417,3.1794087761130854e-08
29.43444138801614,0.5552782518837672,4.765532409854984e-08
29.43444138801614,0.7774818770639701,6.606315913678674e-08
29.43444138801614,1.0884445474248694,8.149598845243324e-08
29.43444138801614,1.5237112672761537,8.850138694816678e-08
29.43444138801614,2.088426337077478,8.083678895308425e-08
29.43444138801614,2.685504776398588,5.474342353253323e-08
30.043130215776454,0.01570796326794897,3.470138127133867e-11
30.043130215776454,0.023462558633972192,1.474330525290067e-10
30.043130215776454,0.03503514218779029,7.947831179547098e-10
30.043130215776454,0.05263150808357201,1.7959631831052161e-09
30.043130215776454,0.0731423493547288,2.649769728017914e-09
30.043130215776454,0.1025927647713422,5.249312783282917e-09
30.043130215776454,0.14481159820038791,7.580596632926873e-09
30.043130215776454,0.20234603287313824,1.122938853864988e-08
30.043130215776454,0.2834245013168247,1.8198743172229006e-08
30.043130215776454,0.3967448265966417,2.8074016279534365e-08
30.043130215776454,0.5552782518837672,4.2223039950219986e-08
30.043130215776454,0.7774818770639701,5.889339446624553e-08
30.043130215776454,1.0884445474248694,7.358042208126818e-08
30.043130215776454,1.5237112672761537,8.208790276379648e-08
30.043130215776454,2.088426337077478,7.82358464127817e-08
30.043130215776454,2.685504776398588,5.710636077486644e-08
30.663992820091988,0.01570796326794897,2.9530106986520605e-11
30.663992820091988,0.023462558633972192,1.2554065214095008e-10
30.663992820091988,0.03503514218779029,6.776710792471308e-10
30.663992820091988,0.05263150808357201,1.5344812729061884e-09
30.663992820091988,0.0731423493547288,2.2629976534777533e-09
30.663992820091988,0.1025927647713422,4.4939508452397315e-09
30.663992820091988,0.14481159820038791,6.5014520925330174e-09
30.663992820091988,0.20234603287313824,9.660712092256553e-09
30.663992820091988,0.2834245013168247,1.574044470342166e-08
30.663992820091988,0.3967448265966417,2.432548555482338e-08
30.663992820091988,0.5552782518837672,3.6708406317671856e-08
30.663992820091988,0.7774818770639701,5.151296030811076e-08
30.663992820091988,1.0884445474248694,6.521696733651353e-08
30.663992820091988,1.5237112672761537,7.472775771504957e-08
30.663992820091988,2.088426337077478,7.456880650754027e-08
30.663992820091988,2.685504776398588,5.900622127926788e-08
31.297272676493826,0.01570796326794897,2.4455642632961762e-11
31.297272676493826,0.023462558633972192,1.0434726751465114e-10
31.297272676493826,0.03503514218779029,5.640692900886096e-10
31.297272676493826,0.05263150808357201,1.2792726589520285e-09
31.297272676493826,0.0731423493547288,1.886289848855584e-09
31.297272676493826,0.1025927647713422,3.7547100442506255e-09
31.297272676493826,0.14481159820038791,5.4427093220459965e-09
31.297272676493826,0.20234603287313824,8.113636131189577e-09
31.297272676493826,0.2834245013168247,1.3287398358504651e-08
31.297272676493826,0.3967448265966417,2.0560364625630013e-08
31.297272676493826,0.5552782518837672,3.1118405963882546e-08
31.297272676493826,0.7774818770639701,4.393632140262663e-08
31.297272676493826,1.0884445474248694,5.635525853217361e-08
31.297272676493826,1.5237112672761537,6.639531239730635e-08
31.297272676493826,2.088426337077478,6.953671407035284e-08
31.297272676493826,2.685504776398588,5.980638323330525e-08
31.943218130023702,0.01570796326794897,1.961192365096112e-11
31.943218130023702,0.023462558633972192,8.377955297696713e-11
31.943218130023702,0.03503514218779029,4.5357868593329515e-10
31.943218130023702,0.05263150808357201,1.0310371600953912e-09
31.943218130023702,0.0731423493547288,1.5196662466583248e-09
31.943218130023702,0.1025927647713422,3.031966708043971e-09
31.943218130023702,0.14481159820038791,4.404480764466804e-09
31.943218130023702,0.20234603287313824,6.586751287627145e-09
31.943218130023702,0.2834245013168247,1.0837844608273453e-08
31.943218130023702,0.3967448265966417,1.6778451973857342e-08
31.943218130023702,0.5552782518837672,2.546558743973905e-08
31.943218130023702,0.7774818770639701,3.6159755720586174e-08
31.943218130023702,1.0884445474248694,4.7037347204990795e-08
31.943218130023702,1.5237112672761537,5.699559877392918e-08
31.943218130023702,2.088426337077478,6.280513582736112e-08
31.943218130023702,2.685504776398588,5.8817522619211926e-08
32.60208249262418,0.01570796326794897,1.49448963404331e-11
32.60208249262418,0.023462558633972192,6.387878678153896e-11
32.60208249262418,0.03503514218779029,3.466052676861545e-10
32.60208249262418,0.05263150808357201,7.896483054789359e-10
32.60208249262418,0.0731423493547288,1.1628879542243227e-09
32.60208249262418,0.1025927647713422,2.326413028422522e-09
32.60208249262418,0.14481159820038791,3.387099561400145e-09
32.60208249262418,0.20234603287313824,5.0803414809370135e-09
32.60208249262418,0.2834245013168247,8.391500360290319e-09
32.60208249262418,0.3967448265966417,1.300127375315117e-08
32.60208249262418,0.5552782518837672,1.977802415466761e-08
32.60208249262418,0.7774818770639701,2.82187649305068e-08
32.60208249262418,1.0884445474248694,3.7233799307670166e-08
32.60208249262418,1.5237112672761537,4.643717332936557e-08
32.60208249262418,2.088426337077478,5.399601440051812e-08
32.60208249262418,2.685504776398588,5.507974994948262e-08
33.27412414247666,0.01570796326794897,1.0384049849121202e-11
33.27412414247666,0.023462558633972192,4.461354912325615e-11
33.27412414247666,0.03503514218779029,2.425177756716409e-10
33.27412414247666,0.05263150808357201,5.536041573934983e-10
33.27412414247666,0.0731423493547288,8.154806118570873e-10
33.27412414247666,0.1025927647713422,1.634994039418949e-09
33.27412414247666,0.14481159820038791,2.386147444197864e-09
33.27412414247666,0.20234603287313824,3.589584599368919e-09
33.27412414247666,0.2834245013168247,5.952851473604033e-09
33.27412414247666,0.3967448265966417,9.228480365462967e-09
33.27412414247666,0.5552782518837672,1.4069639581473577e-08
33.27412414247666,0.7774818770639701,2.0171578618515904e-08
33.27412414247666,1.0884445474248694,2.6970849653123523e-08
33.27412414247666,1.5237112672761537,3.46226002266117e-08
33.27412414247666,2.088426337077478,4.2621128981185664e-08
33.27412414247666,2.685504776398588,4.71930893578366e-08
33.959606625326195,0.01570796326794897,6.260417420527477e-12
33.959606625326195,0.023462558633972192,2.6884643361843157e-11
33.959606625326195,0.03503514218779029,1.469173456843636e-10
33.959606625326195,0.05263150808357201,3.357349801285981e-10
33.959606625326195,0.0731423493547288,4.942955289806416e-10
33.959606625326195,0.1025927647713422,9.915037836759357e-10
33.959606625326195,0.14481159820038791,1.449949660284411e-09
33.959606625326195,0.20234603287313824,2.1776056134572448e-09
33.959606625326195,0.2834245013168247,3.604588373775103e-09
33.959606625326195,0.3967448265966417,5.554882003372645e-09
33.959606625326195,0.5552782518837672,8.443888537876935e-09
33.959606625326195,0.7774818770639701,1.2101731027493498e-08
33.959606625326195,1.0884445474248694,1.633409698500897e-08
33.959606625326195,1.5237112672761537,2.1530332188492288e-08
33.959606625326195,2.088426337077478,2.7881460880560875e-08
33.959606625326195,2.685504776398588,3.3179762765900916e-08
34.65879875783272,0.01570796326794897,2.1034270572462544e-12
34.65879875783272,0.023462558633972192,7.477256664674368e-12
34.65879875783272,0.03503514218779029,4.4891162480018116e-11
34.65879875783272,0.05263150808357201,1.0657222859912528e-10
34.65879875783272,0.0731423493547288,1.5653758835974404e-10
34.65879875783272,0.1025927647713422,3.091764741863423e-10
34.65879875783272,0.14481159820038791,4.560192445317153e-10
34.65879875783272,0.20234603287313824,6.918485635151938e-10
34.65879875783272,0.2834245013168247,1.1599592625321016e-09
34.65879875783272,0.3967448265966417,1.7962877806960862e-09
34.65879875783272,0.5552782518837672,2.749642294190844e-09
34.65879875783272,0.7774818770639701,3.964501060910523e-09
34.65879875783272,1.0884445474248694,5.4249504010051945e-09
34.65879875783272,1.5237112672761537,7.318308162132236e-09
34.65879875783272,2.088426337077478,9.953482382752272e-09
34.65879875783272,2.685504776398588,1.2730531369725014e-08
35.371974732989365,0.01570796326794897,0.0
35.371974732989365,0.023462558633972192,0.0
35.371974732989365,0.03503514218779029,0.0
35.371974732989365,0.05263150808357201,0.0
35.371974732989365,0.0731423493547288,0.0
35.371974732989365,0.1025927647713422,0.0
35.371974732989365,0.14481159820038791,0.0
35.371974732989365,0.20234603287313824,0.0
35.371974732989365,0.2834245013168247,0.0
35.371974732989365,0.3967448265966417,0.0
35.371974732989365,0.5552782518837672,0.0
35.371974732989365,0.7774818770639701,0.0
35.371974732989365,1.0884445474248694,0.0
35.371974732989365,1.5237112672761537,0.0
35.371974732989365,2.088426337077478,0.0
35.371974732989365,2.685504776398588,0.0
