5.e+00 1.570796e-02 0.e+00
5.e+00 2.346256e-02 0.e+00
5.e+00 3.503514e-02 0.e+00
5.e+00 5.263151e-02 0.e+00
5.e+00 7.314235e-02 0.e+00
5.e+00 1.025928e-01 0.e+00
5.e+00 1.448116e-01 0.e+00
5.e+00 2.023460e-01 0.e+00
5.e+00 2.834245e-01 0.e+00
5.e+00 3.967448e-01 0.e+00
5.e+00 5.552783e-01 0.e+00
5.e+00 7.774819e-01 0.e+00
5.e+00 1.088445e+00 0.e+00
5.e+00 1.523711e+00 0.e+00
5.e+00 2.088426e+00 0.e+00
5.e+00 2.685505e+00 0.e+00
5.12e+00 1.570796e-02 0.e+00
5.12e+00 2.346256e-02 0.e+00
5.12e+00 3.503514e-02 0.e+00
5.12e+00 5.263151e-02 0.e+00
5.12e+00 7.314235e-02 0.e+00
5.12e+00 1.025928e-01 0.e+00
5.12e+00 1.448116e-01 0.e+00
5.12e+00 2.023460e-01 0.e+00
5.12e+00 2.834245e-01 0.e+00
5.12e+00 3.967448e-01 0.e+00
5.12e+00 5.552783e-01 0.e+00
5.12e+00 7.774819e-01 0.e+00
5.12e+00 1.088445e+00 0.e+00
5.12e+00 1.523711e+00 0.e+00
5.12e+00 2.088426e+00 0.e+00
5.12e+00 2.685505e+00 0.e+00
5.2424e+00 1.570796e-02 0.e+00
5.2424e+00 2.346256e-02 0.e+00
5.2424e+00 3.503514e-02 0.e+00
5.2424e+00 5.263151e-02 0.e+00
5.2424e+00 7.314235e-02 0.e+00
5.2424e+00 1.025928e-01 0.e+00
5.2424e+00 1.448116e-01 0.e+00
5.2424e+00 2.023460e-01 0.e+00
5.2424e+00 2.834245e-01 0.e+00
5.2424e+00 3.967448e-01 0.e+00
5.2424e+00 5.552783e-01 0.e+00
5.2424e+00 7.774819e-01 0.e+00
5.2424e+00 1.088445e+00 0.e+00
5.2424e+00 1.523711e+00 0.e+00
5.2424e+00 2.088426e+00 0.e+00
5.2424e+00 2.685505e+00 0.e+00
5.367248e+00 1.570796e-02 0.e+00
5.367248e+00 2.346256e-02 0.e+00
5.367248e+00 3.503514e-02 0.e+00
5.367248e+00 5.263151e-02 0.e+00
5.367248e+00 7.314235e-02 0.e+00
5.367248e+00 1.025928e-01 0.e+00
5.367248e+00 1.448116e-01 0.e+00
5.367248e+00 2.023460e-01 0.e+00
5.367248e+00 2.834245e-01 0.e+00
5.367248e+00 3.967448e-01 0.e+00
5.367248e+00 5.552783e-01 0.e+00
5.367248e+00 7.774819e-01 0.e+00
5.367248e+00 1.088445e+00 0.e+00
5.367248e+00 1.523711e+00 0.e+00
5.367248e+00 2.088426e+00 0.e+00
5.367248e+00 2.685505e+00 0.e+00
5.494593e+00 1.570796e-02 0.e+00
5.494593e+00 2.346256e-02 0.e+00
5.494593e+00 3.503514e-02 0.e+00
5.494593e+00 5.263151e-02 0.e+00
5.494593e+00 7.314235e-02 0.e+00
5.494593e+00 1.025928e-01 0.e+00
5.494593e+00 1.448116e-01 0.e+00
5.494593e+00 2.023460e-01 0.e+00
5.494593e+00 2.834245e-01 0.e+00
5.494593e+00 3.967448e-01 0.e+00
5.494593e+00 5.552783e-01 0.e+00
5.494593e+00 7.774819e-01 0.e+00
5.494593e+00 1.088445e+00 0.e+00
5.494593e+00 1.523711e+00 0.e+00
5.494593e+00 2.088426e+00 0.e+00
5.494593e+00 2.685505e+00 0.e+00
5.624485e+00 1.570796e-02 0.e+00
5.624485e+00 2.346256e-02 0.e+00
5.624485e+00 3.503514e-02 0.e+00
5.624485e+00 5.263151e-02 0.e+00
5.624485e+00 7.314235e-02 0.e+00
5.624485e+00 1.025928e-01 0.e+00
5.624485e+00 1.448116e-01 0.e+00
5.624485e+00 2.023460e-01 0.e+00
5.624485e+00 2.834245e-01 0.e+00
5.624485e+00 3.967448e-01 0.e+00
5.624485e+00 5.552783e-01 0.e+00
5.624485e+00 7.774819e-01 0.e+00
5.624485e+00 1.088445e+00 0.e+00
5.624485e+00 1.523711e+00 0.e+00
5.624485e+00 2.088426e+00 0.e+00
5.624485e+00 2.685505e+00 0.e+00
5.756975e+00 1.570796e-02 0.e+00
5.756975e+00 2.346256e-02 0.e+00
5.756975e+00 3.503514e-02 0.e+00
5.756975e+00 5.263151e-02 0.e+00
5.756975e+00 7.314235e-02 0.e+00
5.756975e+00 1.025928e-01 0.e+00
5.756975e+00 1.448116e-01 0.e+00
5.756975e+00 2.023460e-01 0.e+00
5.756975e+00 2.834245e-01 0.e+00
5.756975e+00 3.967448e-01 0.e+00
5.756975e+00 5.552783e-01 0.e+00
5.756975e+00 7.774819e-01 0.e+00
5.756975e+00 1.088445e+00 0.e+00
5.756975e+00 1.523711e+00 0.e+00
5.756975e+00 2.088426e+00 0.e+00
5.756975e+00 2.685505e+00 0.e+00
5.892114e+00 1.570796e-02 -2.843789e-05
5.892114e+00 2.346256e-02 -1.991240e-05
5.892114e+00 3.503514e-02 -4.227848e-05
5.892114e+00 5.263151e-02 -1.607227e-05
5.892114e+00 7.314235e-02 -6.650787e-05
5.892114e+00 1.025928e-01 -4.448847e-06
5.892114e+00 1.448116e-01 -9.644206e-05
5.892114e+00 2.023460e-01 -2.952254e-05
5.892114e+00 2.834245e-01 -2.587366e-05
5.892114e+00 3.967448e-01 -1.554928e-05
5.892114e+00 5.552783e-01 -1.614012e-05
5.892114e+00 7.774819e-01 -1.695354e-05
5.892114e+00 1.088445e+00 -1.711745e-05
5.892114e+00 1.523711e+00 -1.731465e-05
5.892114e+00 2.088426e+00 -2.094534e-05
5.892114e+00 2.685505e+00 -1.888289e-05
6.029956e+00 1.570796e-02 -1.421469e-04
6.029956e+00 2.346256e-02 -1.087435e-04
6.029956e+00 3.503514e-02 -1.776689e-04
6.029956e+00 5.263151e-02 -2.647917e-04
6.029956e+00 7.314235e-02 -3.423192e-04
6.029956e+00 1.025928e-01 -1.354957e-04
6.029956e+00 1.448116e-01 -2.321705e-04
6.029956e+00 2.023460e-01 -2.314430e-04
6.029956e+00 2.834245e-01 -2.787886e-04
6.029956e+00 3.967448e-01 -1.852110e-04
6.029956e+00 5.552783e-01 -1.597258e-04
6.029956e+00 7.774819e-01 -1.537560e-04
6.029956e+00 1.088445e+00 -1.421565e-04
6.029956e+00 1.523711e+00 -1.319113e-04
6.029956e+00 2.088426e+00 -1.484000e-04
6.029956e+00 2.685505e+00 -1.516086e-04
6.170555e+00 1.570796e-02 -3.184065e-04
6.170555e+00 2.346256e-02 -3.270858e-04
6.170555e+00 3.503514e-02 -4.169269e-04
6.170555e+00 5.263151e-02 -8.069009e-04
6.170555e+00 7.314235e-02 -1.002151e-03
6.170555e+00 1.025928e-01 -7.843568e-04
6.170555e+00 1.448116e-01 -1.034288e-03
6.170555e+00 2.023460e-01 -9.634641e-04
6.170555e+00 2.834245e-01 -1.024634e-03
6.170555e+00 3.967448e-01 -7.695281e-04
6.170555e+00 5.552783e-01 -6.606815e-04
6.170555e+00 7.774819e-01 -6.158845e-04
6.170555e+00 1.088445e+00 -5.343691e-04
6.170555e+00 1.523711e+00 -5.112622e-04
6.170555e+00 2.088426e+00 -5.632402e-04
6.170555e+00 2.685505e+00 -5.808835e-04
6.313967e+00 1.570796e-02 -6.150718e-04
6.313967e+00 2.346256e-02 -8.710023e-04
6.313967e+00 3.503514e-02 -1.324319e-03
6.313967e+00 5.263151e-02 -2.233054e-03
6.313967e+00 7.314235e-02 -3.416641e-03
6.313967e+00 1.025928e-01 -2.501851e-03
6.313967e+00 1.448116e-01 -3.200284e-03
6.313967e+00 2.023460e-01 -3.010847e-03
6.313967e+00 2.834245e-01 -3.061536e-03
6.313967e+00 3.967448e-01 -2.437772e-03
6.313967e+00 5.552783e-01 -2.150067e-03
6.313967e+00 7.774819e-01 -1.910506e-03
6.313967e+00 1.088445e+00 -1.645696e-03
6.313967e+00 1.523711e+00 -1.596111e-03
6.313967e+00 2.088426e+00 -1.730270e-03
6.313967e+00 2.685505e+00 -1.810906e-03
6.460246e+00 1.570796e-02 -7.393665e-04
6.460246e+00 2.346256e-02 -1.533343e-03
6.460246e+00 3.503514e-02 -2.586728e-03
6.460246e+00 5.263151e-02 -3.808850e-03
6.460246e+00 7.314235e-02 -6.335890e-03
6.460246e+00 1.025928e-01 -5.017164e-03
6.460246e+00 1.448116e-01 -5.853551e-03
6.460246e+00 2.023460e-01 -6.154846e-03
6.460246e+00 2.834245e-01 -5.905507e-03
6.460246e+00 3.967448e-01 -4.947039e-03
6.460246e+00 5.552783e-01 -4.523093e-03
6.460246e+00 7.774819e-01 -3.882354e-03
6.460246e+00 1.088445e+00 -3.340526e-03
6.460246e+00 1.523711e+00 -3.184680e-03
6.460246e+00 2.088426e+00 -3.430213e-03
6.460246e+00 2.685505e+00 -3.511169e-03
6.609451e+00 1.570796e-02 -7.973737e-04
6.609451e+00 2.346256e-02 -1.986096e-03
6.609451e+00 3.503514e-02 -3.69877e-03
6.609451e+00 5.263151e-02 -5.590806e-03
6.609451e+00 7.314235e-02 -9.378711e-03
6.609451e+00 1.025928e-01 -8.541717e-03
6.609451e+00 1.448116e-01 -1.002575e-02
6.609451e+00 2.023460e-01 -1.03701e-02
6.609451e+00 2.834245e-01 -1.013278e-02
6.609451e+00 3.967448e-01 -8.676131e-03
6.609451e+00 5.552783e-01 -7.75039e-03
6.609451e+00 7.774819e-01 -6.743993e-03
6.609451e+00 1.088445e+00 -5.693088e-03
6.609451e+00 1.523711e+00 -5.356102e-03
6.609451e+00 2.088426e+00 -5.707981e-03
6.609451e+00 2.685505e+00 -5.837147e-03
6.76164e+00 1.570796e-02 -8.274486e-04
6.76164e+00 2.346256e-02 -2.181928e-03
6.76164e+00 3.503514e-02 -4.393008e-03
6.76164e+00 5.263151e-02 -7.052446e-03
6.76164e+00 7.314235e-02 -1.214134e-02
6.76164e+00 1.025928e-01 -1.24372e-02
6.76164e+00 1.448116e-01 -1.496299e-02
6.76164e+00 2.023460e-01 -1.539487e-02
6.76164e+00 2.834245e-01 -1.517524e-02
6.76164e+00 3.967448e-01 -1.320372e-02
6.76164e+00 5.552783e-01 -1.196913e-02
6.76164e+00 7.774819e-01 -1.026664e-02
6.76164e+00 1.088445e+00 -8.717065e-03
6.76164e+00 1.523711e+00 -8.050966e-03
6.76164e+00 2.088426e+00 -8.482253e-03
6.76164e+00 2.685505e+00 -8.585358e-03
6.916873e+00 1.570796e-02 -8.610696e-04
6.916873e+00 2.346256e-02 -2.121213e-03
6.916873e+00 3.503514e-02 -4.647848e-03
6.916873e+00 5.263151e-02 -8.046282e-03
6.916873e+00 7.314235e-02 -1.395725e-02
6.916873e+00 1.025928e-01 -1.573958e-02
6.916873e+00 1.448116e-01 -1.94716e-02
6.916873e+00 2.023460e-01 -2.033557e-02
6.916873e+00 2.834245e-01 -2.018862e-02
6.916873e+00 3.967448e-01 -1.803560e-02
6.916873e+00 5.552783e-01 -1.643499e-02
6.916873e+00 7.774819e-01 -1.40807e-02
6.916873e+00 1.088445e+00 -1.194566e-02
6.916873e+00 1.523711e+00 -1.089139e-02
6.916873e+00 2.088426e+00 -1.136749e-02
6.916873e+00 2.685505e+00 -1.138119e-02
7.075210e+00 1.570796e-02 -8.510537e-04
7.075210e+00 2.346256e-02 -2.006861e-03
7.075210e+00 3.503514e-02 -4.564765e-03
7.075210e+00 5.263151e-02 -8.225111e-03
7.075210e+00 7.314235e-02 -1.494671e-02
7.075210e+00 1.025928e-01 -1.818494e-02
7.075210e+00 1.448116e-01 -2.377071e-02
7.075210e+00 2.023460e-01 -2.492740e-02
7.075210e+00 2.834245e-01 -2.498134e-02
7.075210e+00 3.967448e-01 -2.292432e-02
7.075210e+00 5.552783e-01 -2.092528e-02
7.075210e+00 7.774819e-01 -1.805930e-02
7.075210e+00 1.088445e+00 -1.520181e-02
7.075210e+00 1.523711e+00 -1.383953e-02
7.075210e+00 2.088426e+00 -1.414328e-02
7.075210e+00 2.685505e+00 -1.406559e-02
7.236714e+00 1.570796e-02 -7.880676e-04
7.236714e+00 2.346256e-02 -1.903633e-03
7.236714e+00 3.503514e-02 -4.27909e-03
7.236714e+00 5.263151e-02 -8.040494e-03
7.236714e+00 7.314235e-02 -1.512315e-02
7.236714e+00 1.025928e-01 -1.956458e-02
7.236714e+00 1.448116e-01 -2.640960e-02
7.236714e+00 2.023460e-01 -2.864468e-02
7.236714e+00 2.834245e-01 -2.92194e-02
7.236714e+00 3.967448e-01 -2.736054e-02
7.236714e+00 5.552783e-01 -2.5057e-02
7.236714e+00 7.774819e-01 -2.167851e-02
7.236714e+00 1.088445e+00 -1.833388e-02
7.236714e+00 1.523711e+00 -1.644868e-02
7.236714e+00 2.088426e+00 -1.665603e-02
7.236714e+00 2.685505e+00 -1.632719e-02
7.401449e+00 1.570796e-02 -7.152144e-04
7.401449e+00 2.346256e-02 -1.73365e-03
7.401449e+00 3.503514e-02 -4.019796e-03
7.401449e+00 5.263151e-02 -7.696295e-03
7.401449e+00 7.314235e-02 -1.468872e-02
7.401449e+00 1.025928e-01 -1.999688e-02
7.401449e+00 1.448116e-01 -2.787116e-02
7.401449e+00 2.023460e-01 -3.120962e-02
7.401449e+00 2.834245e-01 -3.242208e-02
7.401449e+00 3.967448e-01 -3.089912e-02
7.401449e+00 5.552783e-01 -2.865338e-02
7.401449e+00 7.774819e-01 -2.490834e-02
7.401449e+00 1.088445e+00 -2.105080e-02
7.401449e+00 1.523711e+00 -1.878097e-02
7.401449e+00 2.088426e+00 -1.878409e-02
7.401449e+00 2.685505e+00 -1.817354e-02
7.569477e+00 1.570796e-02 -6.443155e-04
7.569477e+00 2.346256e-02 -1.596559e-03
7.569477e+00 3.503514e-02 -3.642832e-03
7.569477e+00 5.263151e-02 -7.132932e-03
7.569477e+00 7.314235e-02 -1.381612e-02
7.569477e+00 1.025928e-01 -1.96173e-02
7.569477e+00 1.448116e-01 -2.825178e-02
7.569477e+00 2.023460e-01 -3.256973e-02
7.569477e+00 2.834245e-01 -3.459226e-02
7.569477e+00 3.967448e-01 -3.376838e-02
7.569477e+00 5.552783e-01 -3.161403e-02
7.569477e+00 7.774819e-01 -2.769097e-02
7.569477e+00 1.088445e+00 -2.339715e-02
7.569477e+00 1.523711e+00 -2.076085e-02
7.569477e+00 2.088426e+00 -2.060275e-02
7.569477e+00 2.685505e+00 -1.982001e-02
7.740867e+00 1.570796e-02 -5.892803e-04
7.740867e+00 2.346256e-02 -1.477682e-03
7.740867e+00 3.503514e-02 -3.237131e-03
7.740867e+00 5.263151e-02 -6.499848e-03
7.740867e+00 7.314235e-02 -1.282362e-02
7.740867e+00 1.025928e-01 -1.863027e-02
7.740867e+00 1.448116e-01 -2.781369e-02
7.740867e+00 2.023460e-01 -3.294075e-02
7.740867e+00 2.834245e-01 -3.589473e-02
7.740867e+00 3.967448e-01 -3.580576e-02
7.740867e+00 5.552783e-01 -3.391890e-02
7.740867e+00 7.774819e-01 -2.997025e-02
7.740867e+00 1.088445e+00 -2.533934e-02
7.740867e+00 1.523711e+00 -2.244525e-02
7.740867e+00 2.088426e+00 -2.21028e-02
7.740867e+00 2.685505e+00 -2.104164e-02
7.915684e+00 1.570796e-02 -5.362484e-04
7.915684e+00 2.346256e-02 -1.340267e-03
7.915684e+00 3.503514e-02 -2.848948e-03
7.915684e+00 5.263151e-02 -5.883412e-03
7.915684e+00 7.314235e-02 -1.17188e-02
7.915684e+00 1.025928e-01 -1.740803e-02
7.915684e+00 1.448116e-01 -2.666993e-02
7.915684e+00 2.023460e-01 -3.251437e-02
7.915684e+00 2.834245e-01 -3.639226e-02
7.915684e+00 3.967448e-01 -3.698003e-02
7.915684e+00 5.552783e-01 -3.549892e-02
7.915684e+00 7.774819e-01 -3.174043e-02
7.915684e+00 1.088445e+00 -2.692340e-02
7.915684e+00 1.523711e+00 -2.377903e-02
7.915684e+00 2.088426e+00 -2.332538e-02
7.915684e+00 2.685505e+00 -2.195306e-02
8.093998e+00 1.570796e-02 -4.84282e-04
8.093998e+00 2.346256e-02 -1.222903e-03
8.093998e+00 3.503514e-02 -2.531161e-03
8.093998e+00 5.263151e-02 -5.300314e-03
8.093998e+00 7.314235e-02 -1.06183e-02
8.093998e+00 1.025928e-01 -1.601827e-02
8.093998e+00 1.448116e-01 -2.501239e-02
8.093998e+00 2.023460e-01 -3.138692e-02
8.093998e+00 2.834245e-01 -3.606729e-02
8.093998e+00 3.967448e-01 -3.745663e-02
8.093998e+00 5.552783e-01 -3.650513e-02
8.093998e+00 7.774819e-01 -3.290282e-02
8.093998e+00 1.088445e+00 -2.809433e-02
8.093998e+00 1.523711e+00 -2.482664e-02
8.093998e+00 2.088426e+00 -2.425547e-02
8.093998e+00 2.685505e+00 -2.266618e-02
8.275878e+00 1.570796e-02 -4.315085e-04
8.275878e+00 2.346256e-02 -1.111639e-03
8.275878e+00 3.503514e-02 -2.26428e-03
8.275878e+00 5.263151e-02 -4.767994e-03
8.275878e+00 7.314235e-02 -9.538682e-03
8.275878e+00 1.025928e-01 -1.451161e-02
8.275878e+00 1.448116e-01 -2.305024e-02
8.275878e+00 2.023460e-01 -2.971588e-02
8.275878e+00 2.834245e-01 -3.512711e-02
8.275878e+00 3.967448e-01 -3.729865e-02
8.275878e+00 5.552783e-01 -3.691692e-02
8.275878e+00 7.774819e-01 -3.358784e-02
8.275878e+00 1.088445e+00 -2.894798e-02
8.275878e+00 1.523711e+00 -2.559069e-02
8.275878e+00 2.088426e+00 -2.497154e-02
8.275878e+00 2.685505e+00 -2.308254e-02
8.461396e+00 1.570796e-02 -3.809857e-04
8.461396e+00 2.346256e-02 -1.002349e-03
8.461396e+00 3.503514e-02 -2.025507e-03
8.461396e+00 5.263151e-02 -4.26597e-03
8.461396e+00 7.314235e-02 -8.534195e-03
8.461396e+00 1.025928e-01 -1.299602e-02
8.461396e+00 1.448116e-01 -2.09932e-02
8.461396e+00 2.023460e-01 -2.776152e-02
8.461396e+00 2.834245e-01 -3.369945e-02
8.461396e+00 3.967448e-01 -3.660973e-02
8.461396e+00 5.552783e-01 -3.674922e-02
8.461396e+00 7.774819e-01 -3.388783e-02
8.461396e+00 1.088445e+00 -2.943187e-02
8.461396e+00 1.523711e+00 -2.605969e-02
8.461396e+00 2.088426e+00 -2.535957e-02
8.461396e+00 2.685505e+00 -2.345093e-02
8.650623e+00 1.570796e-02 -3.330408e-04
8.650623e+00 2.346256e-02 -9.085786e-04
8.650623e+00 3.503514e-02 -1.799427e-03
8.650623e+00 5.263151e-02 -3.801702e-03
8.650623e+00 7.314235e-02 -7.606707e-03
8.650623e+00 1.025928e-01 -1.160277e-02
8.650623e+00 1.448116e-01 -1.899145e-02
8.650623e+00 2.023460e-01 -2.562182e-02
8.650623e+00 2.834245e-01 -3.188619e-02
8.650623e+00 3.967448e-01 -3.539891e-02
8.650623e+00 5.552783e-01 -3.606569e-02
8.650623e+00 7.774819e-01 -3.369607e-02
8.650623e+00 1.088445e+00 -2.953995e-02
8.650623e+00 1.523711e+00 -2.628806e-02
8.650623e+00 2.088426e+00 -2.548488e-02
8.650623e+00 2.685505e+00 -2.339387e-02
8.843636e+00 1.570796e-02 -2.909015e-04
8.843636e+00 2.346256e-02 -8.192218e-04
8.843636e+00 3.503514e-02 -1.602521e-03
8.843636e+00 5.263151e-02 -3.373208e-03
8.843636e+00 7.314235e-02 -6.760949e-03
8.843636e+00 1.025928e-01 -1.030775e-02
8.843636e+00 1.448116e-01 -1.703798e-02
8.843636e+00 2.023460e-01 -2.342068e-02
8.843636e+00 2.834245e-01 -2.979446e-02
8.843636e+00 3.967448e-01 -3.377246e-02
8.843636e+00 5.552783e-01 -3.495153e-02
8.843636e+00 7.774819e-01 -3.313022e-02
8.843636e+00 1.088445e+00 -2.928004e-02
8.843636e+00 1.523711e+00 -2.625969e-02
8.843636e+00 2.088426e+00 -2.549641e-02
8.843636e+00 2.685505e+00 -2.314916e-02
9.040509e+00 1.570796e-02 -2.550645e-04
9.040509e+00 2.346256e-02 -7.353692e-04
9.040509e+00 3.503514e-02 -1.429339e-03
9.040509e+00 5.263151e-02 -2.988121e-03
9.040509e+00 7.314235e-02 -5.992480e-03
9.040509e+00 1.025928e-01 -9.134328e-03
9.040509e+00 1.448116e-01 -1.519776e-02
9.040509e+00 2.023460e-01 -2.123547e-02
9.040509e+00 2.834245e-01 -2.751653e-02
9.040509e+00 3.967448e-01 -3.181574e-02
9.040509e+00 5.552783e-01 -3.354565e-02
9.040509e+00 7.774819e-01 -3.222426e-02
9.040509e+00 1.088445e+00 -2.877068e-02
9.040509e+00 1.523711e+00 -2.603368e-02
9.040509e+00 2.088426e+00 -2.52872e-02
9.040509e+00 2.685505e+00 -2.294231e-02
9.241319e+00 1.570796e-02 -2.256284e-04
9.241319e+00 2.346256e-02 -6.510858e-04
9.241319e+00 3.503514e-02 -1.270685e-03
9.241319e+00 5.263151e-02 -2.644135e-03
9.241319e+00 7.314235e-02 -5.301916e-03
9.241319e+00 1.025928e-01 -8.097472e-03
9.241319e+00 1.448116e-01 -1.350680e-02
9.241319e+00 2.023460e-01 -1.908175e-02
9.241319e+00 2.834245e-01 -2.51498e-02
9.241319e+00 3.967448e-01 -2.964357e-02
9.241319e+00 5.552783e-01 -3.179117e-02
9.241319e+00 7.774819e-01 -3.097141e-02
9.241319e+00 1.088445e+00 -2.801182e-02
9.241319e+00 1.523711e+00 -2.558992e-02
9.241319e+00 2.088426e+00 -2.489748e-02
9.241319e+00 2.685505e+00 -2.248904e-02
9.446145e+00 1.570796e-02 -1.985275e-04
9.446145e+00 2.346256e-02 -5.772049e-04
9.446145e+00 3.503514e-02 -1.127959e-03
9.446145e+00 5.263151e-02 -2.335743e-03
9.446145e+00 7.314235e-02 -4.686102e-03
9.446145e+00 1.025928e-01 -7.173884e-03
9.446145e+00 1.448116e-01 -1.197189e-02
9.446145e+00 2.023460e-01 -1.704088e-02
9.446145e+00 2.834245e-01 -2.277691e-02
9.446145e+00 3.967448e-01 -2.731606e-02
9.446145e+00 5.552783e-01 -2.982850e-02
9.446145e+00 7.774819e-01 -2.947235e-02
9.446145e+00 1.088445e+00 -2.704439e-02
9.446145e+00 1.523711e+00 -2.494268e-02
9.446145e+00 2.088426e+00 -2.433971e-02
9.446145e+00 2.685505e+00 -2.189837e-02
9.655068e+00 1.570796e-02 -1.749383e-04
9.655068e+00 2.346256e-02 -5.103564e-04
9.655068e+00 3.503514e-02 -1.002592e-03
9.655068e+00 5.263151e-02 -2.056395e-03
9.655068e+00 7.314235e-02 -4.124541e-03
9.655068e+00 1.025928e-01 -6.333808e-03
9.655068e+00 1.448116e-01 -1.056872e-02
9.655068e+00 2.023460e-01 -1.511133e-02
9.655068e+00 2.834245e-01 -2.046265e-02
9.655068e+00 3.967448e-01 -2.495333e-02
9.655068e+00 5.552783e-01 -2.772734e-02
9.655068e+00 7.774819e-01 -2.783497e-02
9.655068e+00 1.088445e+00 -2.587803e-02
9.655068e+00 1.523711e+00 -2.414822e-02
9.655068e+00 2.088426e+00 -2.365991e-02
9.655068e+00 2.685505e+00 -2.116556e-02
9.86817e+00 1.570796e-02 -1.546893e-04
9.86817e+00 2.346256e-02 -4.474739e-04
9.86817e+00 3.503514e-02 -8.863513e-04
9.86817e+00 5.263151e-02 -1.803757e-03
9.86817e+00 7.314235e-02 -3.619415e-03
9.86817e+00 1.025928e-01 -5.569438e-03
9.86817e+00 1.448116e-01 -9.291332e-03
9.86817e+00 2.023460e-01 -1.334918e-02
9.86817e+00 2.834245e-01 -1.826560e-02
9.86817e+00 3.967448e-01 -2.259420e-02
9.86817e+00 5.552783e-01 -2.552710e-02
9.86817e+00 7.774819e-01 -2.603474e-02
9.86817e+00 1.088445e+00 -2.459399e-02
9.86817e+00 1.523711e+00 -2.320844e-02
9.86817e+00 2.088426e+00 -2.283628e-02
9.86817e+00 2.685505e+00 -2.029641e-02
1.008553e+01 1.570796e-02 -1.357965e-04
1.008553e+01 2.346256e-02 -3.899109e-04
1.008553e+01 3.503514e-02 -7.793661e-04
1.008553e+01 5.263151e-02 -1.574912e-03
1.008553e+01 7.314235e-02 -3.169715e-03
1.008553e+01 1.025928e-01 -4.874419e-03
1.008553e+01 1.448116e-01 -8.136857e-03
1.008553e+01 2.023460e-01 -1.171286e-02
1.008553e+01 2.834245e-01 -1.620428e-02
1.008553e+01 3.967448e-01 -2.031859e-02
1.008553e+01 5.552783e-01 -2.332158e-02
1.008553e+01 7.774819e-01 -2.415710e-02
1.008553e+01 1.088445e+00 -2.317888e-02
1.008553e+01 1.523711e+00 -2.216884e-02
1.008553e+01 2.088426e+00 -2.193589e-02
1.008553e+01 2.685505e+00 -1.943167e-02
1.030724e+01 1.570796e-02 -1.196758e-04
1.030724e+01 2.346256e-02 -3.382917e-04
1.030724e+01 3.503514e-02 -6.799156e-04
1.030724e+01 5.263151e-02 -1.375519e-03
1.030724e+01 7.314235e-02 -2.767173e-03
1.030724e+01 1.025928e-01 -4.251033e-03
1.030724e+01 1.448116e-01 -7.095794e-03
1.030724e+01 2.023460e-01 -1.023926e-02
1.030724e+01 2.834245e-01 -1.428242e-02
1.030724e+01 3.967448e-01 -1.814975e-02
1.030724e+01 5.552783e-01 -2.113562e-02
1.030724e+01 7.774819e-01 -2.223250e-02
1.030724e+01 1.088445e+00 -2.168482e-02
1.030724e+01 1.523711e+00 -2.103853e-02
1.030724e+01 2.088426e+00 -2.092707e-02
1.030724e+01 2.685505e+00 -1.854639e-02
1.053339e+01 1.570796e-02 -1.053997e-04
1.053339e+01 2.346256e-02 -2.896689e-04
1.053339e+01 3.503514e-02 -5.895288e-04
1.053339e+01 5.263151e-02 -1.196047e-03
1.053339e+01 7.314235e-02 -2.408159e-03
1.053339e+01 1.025928e-01 -3.693999e-03
1.053339e+01 1.448116e-01 -6.167827e-03
1.053339e+01 2.023460e-01 -8.919205e-03
1.053339e+01 2.834245e-01 -1.252297e-02
1.053339e+01 3.967448e-01 -1.610355e-02
1.053339e+01 5.552783e-01 -1.901739e-02
1.053339e+01 7.774819e-01 -2.032579e-02
1.053339e+01 1.088445e+00 -2.013849e-02
1.053339e+01 1.523711e+00 -1.981464e-02
1.053339e+01 2.088426e+00 -1.984382e-02
1.053339e+01 2.685505e+00 -1.747268e-02
1.076406e+01 1.570796e-02 -9.156339e-05
1.076406e+01 2.346256e-02 -2.488041e-04
1.076406e+01 3.503514e-02 -5.110124e-04
1.076406e+01 5.263151e-02 -1.035466e-03
1.076406e+01 7.314235e-02 -2.082871e-03
1.076406e+01 1.025928e-01 -3.196430e-03
1.076406e+01 1.448116e-01 -5.325185e-03
1.076406e+01 2.023460e-01 -7.7341e-03
1.076406e+01 2.834245e-01 -1.090815e-02
1.076406e+01 3.967448e-01 -1.417311e-02
1.076406e+01 5.552783e-01 -1.695775e-02
1.076406e+01 7.774819e-01 -1.840263e-02
1.076406e+01 1.088445e+00 -1.851664e-02
1.076406e+01 1.523711e+00 -1.848215e-02
1.076406e+01 2.088426e+00 -1.862564e-02
1.076406e+01 2.685505e+00 -1.632309e-02
1.099934e+01 1.570796e-02 -7.932907e-05
1.099934e+01 2.346256e-02 -2.143415e-04
1.099934e+01 3.503514e-02 -4.399634e-04
1.099934e+01 5.263151e-02 -8.946413e-04
1.099934e+01 7.314235e-02 -1.794104e-03
1.099934e+01 1.025928e-01 -2.756695e-03
1.099934e+01 1.448116e-01 -4.580793e-03
1.099934e+01 2.023460e-01 -6.684261e-03
1.099934e+01 2.834245e-01 -9.459224e-03
1.099934e+01 3.967448e-01 -1.239328e-02
1.099934e+01 5.552783e-01 -1.500522e-02
1.099934e+01 7.774819e-01 -1.655588e-02
1.099934e+01 1.088445e+00 -1.690772e-02
1.099934e+01 1.523711e+00 -1.70915e-02
1.099934e+01 2.088426e+00 -1.737630e-02
1.099934e+01 2.685505e+00 -1.522201e-02
1.123932e+01 1.570796e-02 -6.806679e-05
1.123932e+01 2.346256e-02 -1.821773e-04
1.123932e+01 3.503514e-02 -3.799754e-04
1.123932e+01 5.263151e-02 -7.687783e-04
1.123932e+01 7.314235e-02 -1.538883e-03
1.123932e+01 1.025928e-01 -2.368131e-03
1.123932e+01 1.448116e-01 -3.927948e-03
1.123932e+01 2.023460e-01 -5.747232e-03
1.123932e+01 2.834245e-01 -8.166686e-03
1.123932e+01 3.967448e-01 -1.076902e-02
1.123932e+01 5.552783e-01 -1.318047e-02
1.123932e+01 7.774819e-01 -1.474617e-02
1.123932e+01 1.088445e+00 -1.533020e-02
1.123932e+01 1.523711e+00 -1.574354e-02
1.123932e+01 2.088426e+00 -1.612364e-02
1.123932e+01 2.685505e+00 -1.404565e-02
1.148411e+01 1.570796e-02 -5.818855e-05
1.148411e+01 2.346256e-02 -1.544972e-04
1.148411e+01 3.503514e-02 -3.254388e-04
1.148411e+01 5.263151e-02 -6.579139e-04
1.148411e+01 7.314235e-02 -1.311412e-03
1.148411e+01 1.025928e-01 -2.026707e-03
1.148411e+01 1.448116e-01 -3.358983e-03
1.148411e+01 2.023460e-01 -4.932195e-03
1.148411e+01 2.834245e-01 -7.018631e-03
1.148411e+01 3.967448e-01 -9.308253e-03
1.148411e+01 5.552783e-01 -1.15139e-02
1.148411e+01 7.774819e-01 -1.306173e-02
1.148411e+01 1.088445e+00 -1.381073e-02
1.148411e+01 1.523711e+00 -1.440615e-02
1.148411e+01 2.088426e+00 -1.488155e-02
1.148411e+01 2.685505e+00 -1.292982e-02
1.173379e+01 1.570796e-02 -5.005175e-05
1.173379e+01 2.346256e-02 -1.297918e-04
1.173379e+01 3.503514e-02 -2.764050e-04
1.173379e+01 5.263151e-02 -5.598758e-04
1.173379e+01 7.314235e-02 -1.116458e-03
1.173379e+01 1.025928e-01 -1.729535e-03
1.173379e+01 1.448116e-01 -2.860139e-03
1.173379e+01 2.023460e-01 -4.208453e-03
1.173379e+01 2.834245e-01 -5.994043e-03
1.173379e+01 3.967448e-01 -8.000396e-03
1.173379e+01 5.552783e-01 -9.974088e-03
1.173379e+01 7.774819e-01 -1.147534e-02
1.173379e+01 1.088445e+00 -1.232517e-02
1.173379e+01 1.523711e+00 -1.308120e-02
1.173379e+01 2.088426e+00 -1.364270e-02
1.173379e+01 2.685505e+00 -1.185831e-02
1.198847e+01 1.570796e-02 -4.248126e-05
1.198847e+01 2.346256e-02 -1.081645e-04
1.198847e+01 3.503514e-02 -2.337334e-04
1.198847e+01 5.263151e-02 -4.740404e-04
1.198847e+01 7.314235e-02 -9.439437e-04
1.198847e+01 1.025928e-01 -1.468675e-03
1.198847e+01 1.448116e-01 -2.420380e-03
1.198847e+01 2.023460e-01 -3.572337e-03
1.198847e+01 2.834245e-01 -5.09323e-03
1.198847e+01 3.967448e-01 -6.826341e-03
1.198847e+01 5.552783e-01 -8.577209e-03
1.198847e+01 7.774819e-01 -1.00298e-02
1.198847e+01 1.088445e+00 -1.094934e-02
1.198847e+01 1.523711e+00 -1.180973e-02
1.198847e+01 2.088426e+00 -1.242206e-02
1.198847e+01 2.685505e+00 -1.082842e-02
1.224824e+01 1.570796e-02 -3.569125e-05
1.224824e+01 2.346256e-02 -8.890786e-05
1.224824e+01 3.503514e-02 -1.960893e-04
1.224824e+01 5.263151e-02 -3.999656e-04
1.224824e+01 7.314235e-02 -7.96623e-04
1.224824e+01 1.025928e-01 -1.238077e-03
1.224824e+01 1.448116e-01 -2.034798e-03
1.224824e+01 2.023460e-01 -3.013697e-03
1.224824e+01 2.834245e-01 -4.306368e-03
1.224824e+01 3.967448e-01 -5.782236e-03
1.224824e+01 5.552783e-01 -7.330317e-03
1.224824e+01 7.774819e-01 -8.699085e-03
1.224824e+01 1.088445e+00 -9.653029e-03
1.224824e+01 1.523711e+00 -1.057215e-02
1.224824e+01 2.088426e+00 -1.122973e-02
1.224824e+01 2.685505e+00 -9.801695e-03
1.251320e+01 1.570796e-02 -3.023758e-05
1.251320e+01 2.346256e-02 -7.451302e-05
1.251320e+01 3.503514e-02 -1.650736e-04
1.251320e+01 5.263151e-02 -3.350747e-04
1.251320e+01 7.314235e-02 -6.682521e-04
1.251320e+01 1.025928e-01 -1.038101e-03
1.251320e+01 1.448116e-01 -1.70772e-03
1.251320e+01 2.023460e-01 -2.528014e-03
1.251320e+01 2.834245e-01 -3.620671e-03
1.251320e+01 3.967448e-01 -4.875808e-03
1.251320e+01 5.552783e-01 -6.221676e-03
1.251320e+01 7.774819e-01 -7.494063e-03
1.251320e+01 1.088445e+00 -8.458802e-03
1.251320e+01 1.523711e+00 -9.402694e-03
1.251320e+01 2.088426e+00 -1.010648e-02
1.251320e+01 2.685505e+00 -8.901001e-03
1.278347e+01 1.570796e-02 -2.528738e-05
1.278347e+01 2.346256e-02 -6.186997e-05
1.278347e+01 3.503514e-02 -1.380997e-04
1.278347e+01 5.263151e-02 -2.781602e-04
1.278347e+01 7.314235e-02 -5.559959e-04
1.278347e+01 1.025928e-01 -8.642328e-04
1.278347e+01 1.448116e-01 -1.422129e-03
1.278347e+01 2.023460e-01 -2.112945e-03
1.278347e+01 2.834245e-01 -3.025137e-03
1.278347e+01 3.967448e-01 -4.085396e-03
1.278347e+01 5.552783e-01 -5.251195e-03
1.278347e+01 7.774819e-01 -6.411600e-03
1.278347e+01 1.088445e+00 -7.352289e-03
1.278347e+01 1.523711e+00 -8.314521e-03
1.278347e+01 2.088426e+00 -9.036250e-03
1.278347e+01 2.685505e+00 -8.020925e-03
1.305914e+01 1.570796e-02 -2.101785e-05
1.305914e+01 2.346256e-02 -5.054172e-05
1.305914e+01 3.503514e-02 -1.133229e-04
1.305914e+01 5.263151e-02 -2.300099e-04
1.305914e+01 7.314235e-02 -4.606325e-04
1.305914e+01 1.025928e-01 -7.15049e-04
1.305914e+01 1.448116e-01 -1.177558e-03
1.305914e+01 2.023460e-01 -1.755143e-03
1.305914e+01 2.834245e-01 -2.513848e-03
1.305914e+01 3.967448e-01 -3.405521e-03
1.305914e+01 5.552783e-01 -4.406576e-03
1.305914e+01 7.774819e-01 -5.447708e-03
1.305914e+01 1.088445e+00 -6.360154e-03
1.305914e+01 1.523711e+00 -7.293956e-03
1.305914e+01 2.088426e+00 -8.025056e-03
1.305914e+01 2.685505e+00 -7.156382e-03
1.334032e+01 1.570796e-02 -1.727935e-05
1.334032e+01 2.346256e-02 -4.163641e-05
1.334032e+01 3.503514e-02 -9.368355e-05
1.334032e+01 5.263151e-02 -1.901648e-04
1.334032e+01 7.314235e-02 -3.781976e-04
1.334032e+01 1.025928e-01 -5.885316e-04
1.334032e+01 1.448116e-01 -9.702410e-04
1.334032e+01 2.023460e-01 -1.446685e-03
1.334032e+01 2.834245e-01 -2.074280e-03
1.334032e+01 3.967448e-01 -2.818366e-03
1.334032e+01 5.552783e-01 -3.672405e-03
1.334032e+01 7.774819e-01 -4.600935e-03
1.334032e+01 1.088445e+00 -5.464986e-03
1.334032e+01 1.523711e+00 -6.382686e-03
1.334032e+01 2.088426e+00 -7.094433e-03
1.334032e+01 2.685505e+00 -6.338907e-03
1.362713e+01 1.570796e-02 -1.427966e-05
1.362713e+01 2.346256e-02 -3.422421e-05
1.362713e+01 3.503514e-02 -7.664628e-05
1.362713e+01 5.263151e-02 -1.563552e-04
1.362713e+01 7.314235e-02 -3.097058e-04
1.362713e+01 1.025928e-01 -4.809668e-04
1.362713e+01 1.448116e-01 -7.940402e-04
1.362713e+01 2.023460e-01 -1.187483e-03
1.362713e+01 2.834245e-01 -1.702770e-03
1.362713e+01 3.967448e-01 -2.320441e-03
1.362713e+01 5.552783e-01 -3.047061e-03
1.362713e+01 7.774819e-01 -3.865027e-03
1.362713e+01 1.088445e+00 -4.656172e-03
1.362713e+01 1.523711e+00 -5.540226e-03
1.362713e+01 2.088426e+00 -6.220428e-03
1.362713e+01 2.685505e+00 -5.618041e-03
1.391967e+01 1.570796e-02 -1.181774e-05
1.391967e+01 2.346256e-02 -2.790669e-05
1.391967e+01 3.503514e-02 -6.290529e-05
1.391967e+01 5.263151e-02 -1.281820e-04
1.391967e+01 7.314235e-02 -2.526367e-04
1.391967e+01 1.025928e-01 -3.928076e-04
1.391967e+01 1.448116e-01 -6.485022e-04
1.391967e+01 2.023460e-01 -9.707675e-04
1.391967e+01 2.834245e-01 -1.393723e-03
1.391967e+01 3.967448e-01 -1.904115e-03
1.391967e+01 5.552783e-01 -2.520441e-03
1.391967e+01 7.774819e-01 -3.228149e-03
1.391967e+01 1.088445e+00 -3.950723e-03
1.391967e+01 1.523711e+00 -4.785084e-03
1.391967e+01 2.088426e+00 -5.439469e-03
1.391967e+01 2.685505e+00 -4.941877e-03
1.421806e+01 1.570796e-02 -9.607944e-06
1.421806e+01 2.346256e-02 -2.215181e-05
1.421806e+01 3.503514e-02 -5.06431e-05
1.421806e+01 5.263151e-02 -1.039294e-04
1.421806e+01 7.314235e-02 -2.046857e-04
1.421806e+01 1.025928e-01 -3.177643e-04
1.421806e+01 1.448116e-01 -5.255798e-04
1.421806e+01 2.023460e-01 -7.904244e-04
1.421806e+01 2.834245e-01 -1.130407e-03
1.421806e+01 3.967448e-01 -1.553754e-03
1.421806e+01 5.552783e-01 -2.066685e-03
1.421806e+01 7.774819e-01 -2.676247e-03
1.421806e+01 1.088445e+00 -3.339724e-03
1.421806e+01 1.523711e+00 -4.109026e-03
1.421806e+01 2.088426e+00 -4.728074e-03
1.421806e+01 2.685505e+00 -4.343476e-03
1.452242e+01 1.570796e-02 -7.791316e-06
1.452242e+01 2.346256e-02 -1.747704e-05
1.452242e+01 3.503514e-02 -4.080144e-05
1.452242e+01 5.263151e-02 -8.312405e-05
1.452242e+01 7.314235e-02 -1.639758e-04
1.452242e+01 1.025928e-01 -2.55403e-04
1.452242e+01 1.448116e-01 -4.235153e-04
1.452242e+01 2.023460e-01 -6.377383e-04
1.452242e+01 2.834245e-01 -9.127770e-04
1.452242e+01 3.967448e-01 -1.257354e-03
1.452242e+01 5.552783e-01 -1.682401e-03
1.452242e+01 7.774819e-01 -2.199994e-03
1.452242e+01 1.088445e+00 -2.797569e-03
1.452242e+01 1.523711e+00 -3.486901e-03
1.452242e+01 2.088426e+00 -4.064835e-03
1.452242e+01 2.685505e+00 -3.770886e-03
1.483287e+01 1.570796e-02 -6.343162e-06
1.483287e+01 2.346256e-02 -1.397618e-05
1.483287e+01 3.503514e-02 -3.265219e-05
1.483287e+01 5.263151e-02 -6.638708e-05
1.483287e+01 7.314235e-02 -1.31653e-04
1.483287e+01 1.025928e-01 -2.069749e-04
1.483287e+01 1.448116e-01 -3.402001e-04
1.483287e+01 2.023460e-01 -5.129875e-04
1.483287e+01 2.834245e-01 -7.325008e-04
1.483287e+01 3.967448e-01 -1.014185e-03
1.483287e+01 5.552783e-01 -1.366018e-03
1.483287e+01 7.774819e-01 -1.800477e-03
1.483287e+01 1.088445e+00 -2.322004e-03
1.483287e+01 1.523711e+00 -2.940119e-03
1.483287e+01 2.088426e+00 -3.450750e-03
1.483287e+01 2.685505e+00 -3.240781e-03
1.514953e+01 1.570796e-02 -5.194940e-06
1.514953e+01 2.346256e-02 -1.091901e-05
1.514953e+01 3.503514e-02 -2.589062e-05
1.514953e+01 5.263151e-02 -5.269746e-05
1.514953e+01 7.314235e-02 -1.049964e-04
1.514953e+01 1.025928e-01 -1.643835e-04
1.514953e+01 1.448116e-01 -2.722159e-04
1.514953e+01 2.023460e-01 -4.089425e-04
1.514953e+01 2.834245e-01 -5.841017e-04
1.514953e+01 3.967448e-01 -8.11038e-04
1.514953e+01 5.552783e-01 -1.099977e-03
1.514953e+01 7.774819e-01 -1.460654e-03
1.514953e+01 1.088445e+00 -1.913041e-03
1.514953e+01 1.523711e+00 -2.460581e-03
1.514953e+01 2.088426e+00 -2.929224e-03
1.514953e+01 2.685505e+00 -2.754405e-03
1.547252e+01 1.570796e-02 -4.187366e-06
1.547252e+01 2.346256e-02 -8.905117e-06
1.547252e+01 3.503514e-02 -2.100833e-05
1.547252e+01 5.263151e-02 -4.113997e-05
1.547252e+01 7.314235e-02 -8.354135e-05
1.547252e+01 1.025928e-01 -1.297303e-04
1.547252e+01 1.448116e-01 -2.152617e-04
1.547252e+01 2.023460e-01 -3.249939e-04
1.547252e+01 2.834245e-01 -4.641139e-04
1.547252e+01 3.967448e-01 -6.459312e-04
1.547252e+01 5.552783e-01 -8.803983e-04
1.547252e+01 7.774819e-01 -1.181608e-03
1.547252e+01 1.088445e+00 -1.569594e-03
1.547252e+01 1.523711e+00 -2.051596e-03
1.547252e+01 2.088426e+00 -2.466865e-03
1.547252e+01 2.685505e+00 -2.313608e-03
1.580197e+01 1.570796e-02 -3.269537e-06
1.580197e+01 2.346256e-02 -6.909313e-06
1.580197e+01 3.503514e-02 -1.672177e-05
1.580197e+01 5.263151e-02 -3.204005e-05
1.580197e+01 7.314235e-02 -6.605828e-05
1.580197e+01 1.025928e-01 -1.022354e-04
1.580197e+01 1.448116e-01 -1.690344e-04
1.580197e+01 2.023460e-01 -2.562006e-04
1.580197e+01 2.834245e-01 -3.660726e-04
1.580197e+01 3.967448e-01 -5.111979e-04
1.580197e+01 5.552783e-01 -7.010179e-04
1.580197e+01 7.774819e-01 -9.486206e-04
1.580197e+01 1.088445e+00 -1.280227e-03
1.580197e+01 1.523711e+00 -1.698524e-03
1.580197e+01 2.088426e+00 -2.066170e-03
1.580197e+01 2.685505e+00 -1.943491e-03
1.613801e+01 1.570796e-02 -2.594711e-06
1.613801e+01 2.346256e-02 -5.388592e-06
1.613801e+01 3.503514e-02 -1.318088e-05
1.613801e+01 5.263151e-02 -2.539474e-05
1.613801e+01 7.314235e-02 -5.110121e-05
1.613801e+01 1.025928e-01 -7.913397e-05
1.613801e+01 1.448116e-01 -1.328676e-04
1.613801e+01 2.023460e-01 -2.007125e-04
1.613801e+01 2.834245e-01 -2.87082e-04
1.613801e+01 3.967448e-01 -4.022114e-04
1.613801e+01 5.552783e-01 -5.540414e-04
1.613801e+01 7.774819e-01 -7.56493e-04
1.613801e+01 1.088445e+00 -1.032277e-03
1.613801e+01 1.523711e+00 -1.388652e-03
1.613801e+01 2.088426e+00 -1.702089e-03
1.613801e+01 2.685505e+00 -1.608134e-03
1.648077e+01 1.570796e-02 -2.038167e-06
1.648077e+01 2.346256e-02 -4.174221e-06
1.648077e+01 3.503514e-02 -1.032728e-05
1.648077e+01 5.263151e-02 -1.970591e-05
1.648077e+01 7.314235e-02 -3.933657e-05
1.648077e+01 1.025928e-01 -6.145842e-05
1.648077e+01 1.448116e-01 -1.035345e-04
1.648077e+01 2.023460e-01 -1.564963e-04
1.648077e+01 2.834245e-01 -2.238781e-04
1.648077e+01 3.967448e-01 -3.141070e-04
1.648077e+01 5.552783e-01 -4.352898e-04
1.648077e+01 7.774819e-01 -5.984461e-04
1.648077e+01 1.088445e+00 -8.248772e-04
1.648077e+01 1.523711e+00 -1.123264e-03
1.648077e+01 2.088426e+00 -1.389092e-03
1.648077e+01 2.685505e+00 -1.312439e-03
1.683038e+01 1.570796e-02 -1.618516e-06
1.683038e+01 2.346256e-02 -3.145835e-06
1.683038e+01 3.503514e-02 -7.969528e-06
1.683038e+01 5.263151e-02 -1.509748e-05
1.683038e+01 7.314235e-02 -3.031964e-05
1.683038e+01 1.025928e-01 -4.673749e-05
1.683038e+01 1.448116e-01 -7.927785e-05
1.683038e+01 2.023460e-01 -1.197985e-04
1.683038e+01 2.834245e-01 -1.717428e-04
1.683038e+01 3.967448e-01 -2.415699e-04
1.683038e+01 5.552783e-01 -3.364387e-04
1.683038e+01 7.774819e-01 -4.681363e-04
1.683038e+01 1.088445e+00 -6.515626e-04
1.683038e+01 1.523711e+00 -8.975378e-04
1.683038e+01 2.088426e+00 -1.121156e-03
1.683038e+01 2.685505e+00 -1.076627e-03
1.718699e+01 1.570796e-02 -1.297401e-06
1.718699e+01 2.346256e-02 -2.269807e-06
1.718699e+01 3.503514e-02 -6.116208e-06
1.718699e+01 5.263151e-02 -1.143704e-05
1.718699e+01 7.314235e-02 -2.279838e-05
1.718699e+01 1.025928e-01 -3.558774e-05
1.718699e+01 1.448116e-01 -6.029456e-05
1.718699e+01 2.023460e-01 -9.169621e-05
1.718699e+01 2.834245e-01 -1.310185e-04
1.718699e+01 3.967448e-01 -1.861596e-04
1.718699e+01 5.552783e-01 -2.592633e-04
1.718699e+01 7.774819e-01 -3.65001e-04
1.718699e+01 1.088445e+00 -5.109565e-04
1.718699e+01 1.523711e+00 -7.094495e-04
1.718699e+01 2.088426e+00 -8.930007e-04
1.718699e+01 2.685505e+00 -8.60322e-04
1.755073e+01 1.570796e-02 -9.934793e-07
1.755073e+01 2.346256e-02 -1.634295e-06
1.755073e+01 3.503514e-02 -4.629376e-06
1.755073e+01 5.263151e-02 -8.863368e-06
1.755073e+01 7.314235e-02 -1.7389e-05
1.755073e+01 1.025928e-01 -2.669901e-05
1.755073e+01 1.448116e-01 -4.533911e-05
1.755073e+01 2.023460e-01 -6.878430e-05
1.755073e+01 2.834245e-01 -9.934331e-05
1.755073e+01 3.967448e-01 -1.407663e-04
1.755073e+01 5.552783e-01 -1.986648e-04
1.755073e+01 7.774819e-01 -2.829062e-04
1.755073e+01 1.088445e+00 -3.965333e-04
1.755073e+01 1.523711e+00 -5.567836e-04
1.755073e+01 2.088426e+00 -7.024873e-04
1.755073e+01 2.685505e+00 -6.719768e-04
1.792175e+01 1.570796e-02 -7.610653e-07
1.792175e+01 2.346256e-02 -1.119896e-06
1.792175e+01 3.503514e-02 -3.49649e-06
1.792175e+01 5.263151e-02 -6.727914e-06
1.792175e+01 7.314235e-02 -1.280788e-05
1.792175e+01 1.025928e-01 -1.978309e-05
1.792175e+01 1.448116e-01 -3.383020e-05
1.792175e+01 2.023460e-01 -5.157927e-05
1.792175e+01 2.834245e-01 -7.376450e-05
1.792175e+01 3.967448e-01 -1.04877e-04
1.792175e+01 5.552783e-01 -1.486306e-04
1.792175e+01 7.774819e-01 -2.149423e-04
1.792175e+01 1.088445e+00 -3.028085e-04
1.792175e+01 1.523711e+00 -4.273606e-04
1.792175e+01 2.088426e+00 -5.425984e-04
1.792175e+01 2.685505e+00 -5.184249e-04
1.830018e+01 1.570796e-02 -5.536320e-07
1.830018e+01 2.346256e-02 -8.432448e-07
1.830018e+01 3.503514e-02 -2.476747e-06
1.830018e+01 5.263151e-02 -4.885409e-06
1.830018e+01 7.314235e-02 -9.350440e-06
1.830018e+01 1.025928e-01 -1.433812e-05
1.830018e+01 1.448116e-01 -2.449482e-05
1.830018e+01 2.023460e-01 -3.744439e-05
1.830018e+01 2.834245e-01 -5.388343e-05
1.830018e+01 3.967448e-01 -7.642055e-05
1.830018e+01 5.552783e-01 -1.095375e-04
1.830018e+01 7.774819e-01 -1.602846e-04
1.830018e+01 1.088445e+00 -2.257934e-04
1.830018e+01 1.523711e+00 -3.197890e-04
1.830018e+01 2.088426e+00 -4.06677e-04
1.830018e+01 2.685505e+00 -3.878404e-04
1.868618e+01 1.570796e-02 -4.125369e-07
1.868618e+01 2.346256e-02 -5.602685e-07
1.868618e+01 3.503514e-02 -1.737329e-06
1.868618e+01 5.263151e-02 -3.615417e-06
1.868618e+01 7.314235e-02 -6.742584e-06
1.868618e+01 1.025928e-01 -1.021908e-05
1.868618e+01 1.448116e-01 -1.775181e-05
1.868618e+01 2.023460e-01 -2.720564e-05
1.868618e+01 2.834245e-01 -3.880295e-05
1.868618e+01 3.967448e-01 -5.588136e-05
1.868618e+01 5.552783e-01 -7.974845e-05
1.868618e+01 7.774819e-01 -1.178212e-04
1.868618e+01 1.088445e+00 -1.665773e-04
1.868618e+01 1.523711e+00 -2.361718e-04
1.868618e+01 2.088426e+00 -3.023277e-04
1.868618e+01 2.685505e+00 -2.913308e-04
1.907991e+01 1.570796e-02 -3.146113e-07
1.907991e+01 2.346256e-02 -4.144217e-07
1.907991e+01 3.503514e-02 -1.259356e-06
1.907991e+01 5.263151e-02 -2.545902e-06
1.907991e+01 7.314235e-02 -4.78678e-06
1.907991e+01 1.025928e-01 -7.116974e-06
1.907991e+01 1.448116e-01 -1.268622e-05
1.907991e+01 2.023460e-01 -1.964219e-05
1.907991e+01 2.834245e-01 -2.762598e-05
1.907991e+01 3.967448e-01 -3.992569e-05
1.907991e+01 5.552783e-01 -5.760733e-05
1.907991e+01 7.774819e-01 -8.567299e-05
1.907991e+01 1.088445e+00 -1.211299e-04
1.907991e+01 1.523711e+00 -1.723255e-04
1.907991e+01 2.088426e+00 -2.217117e-04
1.907991e+01 2.685505e+00 -2.14228e-04
1.948151e+01 1.570796e-02 -2.197898e-07
1.948151e+01 2.346256e-02 -2.785915e-07
1.948151e+01 3.503514e-02 -8.714492e-07
1.948151e+01 5.263151e-02 -1.759676e-06
1.948151e+01 7.314235e-02 -3.278083e-06
1.948151e+01 1.025928e-01 -4.893697e-06
1.948151e+01 1.448116e-01 -8.87264e-06
1.948151e+01 2.023460e-01 -1.374062e-05
1.948151e+01 2.834245e-01 -1.919324e-05
1.948151e+01 3.967448e-01 -2.804763e-05
1.948151e+01 5.552783e-01 -4.08155e-05
1.948151e+01 7.774819e-01 -6.073157e-05
1.948151e+01 1.088445e+00 -8.598324e-05
1.948151e+01 1.523711e+00 -1.221308e-04
1.948151e+01 2.088426e+00 -1.577132e-04
1.948151e+01 2.685505e+00 -1.541594e-04
1.989114e+01 1.570796e-02 -1.518295e-07
1.989114e+01 2.346256e-02 -1.871719e-07
1.989114e+01 3.503514e-02 -5.836933e-07
1.989114e+01 5.263151e-02 -1.168309e-06
1.989114e+01 7.314235e-02 -2.1899e-06
1.989114e+01 1.025928e-01 -3.266421e-06
1.989114e+01 1.448116e-01 -5.990694e-06
1.989114e+01 2.023460e-01 -9.327906e-06
1.989114e+01 2.834245e-01 -1.304829e-05
1.989114e+01 3.967448e-01 -1.908308e-05
1.989114e+01 5.552783e-01 -2.819121e-05
1.989114e+01 7.774819e-01 -4.224189e-05
1.989114e+01 1.088445e+00 -5.969365e-05
1.989114e+01 1.523711e+00 -8.517615e-05
1.989114e+01 2.088426e+00 -1.113873e-04
1.989114e+01 2.685505e+00 -1.0827e-04
2.030896e+01 1.570796e-02 -1.080590e-07
2.030896e+01 2.346256e-02 -1.132694e-07
2.030896e+01 3.503514e-02 -4.099119e-07
2.030896e+01 5.263151e-02 -7.619446e-07
2.030896e+01 7.314235e-02 -1.458248e-06
2.030896e+01 1.025928e-01 -2.198435e-06
2.030896e+01 1.448116e-01 -4.024704e-06
2.030896e+01 2.023460e-01 -6.266834e-06
2.030896e+01 2.834245e-01 -8.800443e-06
2.030896e+01 3.967448e-01 -1.312016e-05
2.030896e+01 5.552783e-01 -1.918681e-05
2.030896e+01 7.774819e-01 -2.900136e-05
2.030896e+01 1.088445e+00 -4.080585e-05
2.030896e+01 1.523711e+00 -5.862730e-05
2.030896e+01 2.088426e+00 -7.750158e-05
2.030896e+01 2.685505e+00 -7.59949e-05
2.073514e+01 1.570796e-02 -6.506209e-08
2.073514e+01 2.346256e-02 -6.249647e-08
2.073514e+01 3.503514e-02 -2.823996e-07
2.073514e+01 5.263151e-02 -4.904382e-07
2.073514e+01 7.314235e-02 -9.257052e-07
2.073514e+01 1.025928e-01 -1.468224e-06
2.073514e+01 1.448116e-01 -2.633161e-06
2.073514e+01 2.023460e-01 -4.078556e-06
2.073514e+01 2.834245e-01 -5.775184e-06
2.073514e+01 3.967448e-01 -8.619078e-06
2.073514e+01 5.552783e-01 -1.287359e-05
2.073514e+01 7.774819e-01 -1.939556e-05
2.073514e+01 1.088445e+00 -2.744240e-05
2.073514e+01 1.523711e+00 -3.904803e-05
2.073514e+01 2.088426e+00 -5.218217e-05
2.073514e+01 2.685505e+00 -5.170117e-05
2.116984e+01 1.570796e-02 -4.162166e-08
2.116984e+01 2.346256e-02 -3.770589e-08
2.116984e+01 3.503514e-02 -1.696924e-07
2.116984e+01 5.263151e-02 -2.987323e-07
2.116984e+01 7.314235e-02 -5.900116e-07
2.116984e+01 1.025928e-01 -9.215681e-07
2.116984e+01 1.448116e-01 -1.638742e-06
2.116984e+01 2.023460e-01 -2.580587e-06
2.116984e+01 2.834245e-01 -3.635691e-06
2.116984e+01 3.967448e-01 -5.483070e-06
2.116984e+01 5.552783e-01 -8.315664e-06
2.116984e+01 7.774819e-01 -1.255418e-05
2.116984e+01 1.088445e+00 -1.805162e-05
2.116984e+01 1.523711e+00 -2.568478e-05
2.116984e+01 2.088426e+00 -3.451943e-05
2.116984e+01 2.685505e+00 -3.439842e-05
2.161324e+01 1.570796e-02 -2.43511e-08
2.161324e+01 2.346256e-02 -2.653573e-08
2.161324e+01 3.503514e-02 -1.075935e-07
2.161324e+01 5.263151e-02 -1.874199e-07
2.161324e+01 7.314235e-02 -3.483427e-07
2.161324e+01 1.025928e-01 -5.791756e-07
2.161324e+01 1.448116e-01 -1.035698e-06
2.161324e+01 2.023460e-01 -1.649211e-06
2.161324e+01 2.834245e-01 -2.289371e-06
2.161324e+01 3.967448e-01 -3.496272e-06
2.161324e+01 5.552783e-01 -5.372788e-06
2.161324e+01 7.774819e-01 -8.209302e-06
2.161324e+01 1.088445e+00 -1.16767e-05
2.161324e+01 1.523711e+00 -1.682496e-05
2.161324e+01 2.088426e+00 -2.248266e-05
2.161324e+01 2.685505e+00 -2.213937e-05
2.206550e+01 1.570796e-02 -1.559674e-08
2.206550e+01 2.346256e-02 -1.104330e-08
2.206550e+01 3.503514e-02 -6.238505e-08
2.206550e+01 5.263151e-02 -1.143007e-07
2.206550e+01 7.314235e-02 -2.269729e-07
2.206550e+01 1.025928e-01 -3.514134e-07
2.206550e+01 1.448116e-01 -6.224899e-07
2.206550e+01 2.023460e-01 -1.004385e-06
2.206550e+01 2.834245e-01 -1.389758e-06
2.206550e+01 3.967448e-01 -2.136237e-06
2.206550e+01 5.552783e-01 -3.276662e-06
2.206550e+01 7.774819e-01 -5.079053e-06
2.206550e+01 1.088445e+00 -7.315473e-06
2.206550e+01 1.523711e+00 -1.087358e-05
2.206550e+01 2.088426e+00 -1.459232e-05
2.206550e+01 2.685505e+00 -1.396209e-05
2.252681e+01 1.570796e-02 4.689206e-10
2.252681e+01 2.346256e-02 1.193428e-09
2.252681e+01 3.503514e-02 2.414789e-09
2.252681e+01 5.263151e-02 4.950971e-09
2.252681e+01 7.314235e-02 1.034678e-08
2.252681e+01 1.025928e-01 1.542403e-08
2.252681e+01 1.448116e-01 2.61516e-08
2.252681e+01 2.023460e-01 3.814186e-08
2.252681e+01 2.834245e-01 5.538097e-08
2.252681e+01 3.967448e-01 7.786677e-08
2.252681e+01 5.552783e-01 1.076931e-07
2.252681e+01 7.774819e-01 1.384072e-07
2.252681e+01 1.088445e+00 1.515277e-07
2.252681e+01 1.523711e+00 1.288420e-07
2.252681e+01 2.088426e+00 8.267421e-08
2.252681e+01 2.685505e+00 3.797199e-08
2.299735e+01 1.570796e-02 4.414279e-10
2.299735e+01 2.346256e-02 1.122124e-09
2.299735e+01 3.503514e-02 2.272971e-09
2.299735e+01 5.263151e-02 4.654300e-09
2.299735e+01 7.314235e-02 9.734654e-09
2.299735e+01 1.025928e-01 1.450570e-08
2.299735e+01 1.448116e-01 2.462302e-08
2.299735e+01 2.023460e-01 3.60049e-08
2.299735e+01 2.834245e-01 5.252625e-08
2.299735e+01 3.967448e-01 7.43442e-08
2.299735e+01 5.552783e-01 1.035495e-07
2.299735e+01 7.774819e-01 1.338736e-07
2.299735e+01 1.088445e+00 1.474802e-07
2.299735e+01 1.523711e+00 1.267878e-07
2.299735e+01 2.088426e+00 8.240420e-08
2.299735e+01 2.685505e+00 3.804102e-08
2.34773e+01 1.570796e-02 4.142864e-10
2.34773e+01 2.346256e-02 1.051581e-09
2.34773e+01 3.503514e-02 2.132993e-09
2.34773e+01 5.263151e-02 4.363408e-09
2.34773e+01 7.314235e-02 9.134761e-09
2.34773e+01 1.025928e-01 1.360807e-08
2.34773e+01 1.448116e-01 2.312235e-08
2.34773e+01 2.023460e-01 3.391239e-08
2.34773e+01 2.834245e-01 4.97281e-08
2.34773e+01 3.967448e-01 7.085276e-08
2.34773e+01 5.552783e-01 9.936374e-08
2.34773e+01 7.774819e-01 1.291542e-07
2.34773e+01 1.088445e+00 1.432909e-07
2.34773e+01 1.523711e+00 1.245862e-07
2.34773e+01 2.088426e+00 8.228320e-08
2.34773e+01 2.685505e+00 3.809249e-08
2.396684e+01 1.570796e-02 3.875065e-10
2.396684e+01 2.346256e-02 9.83463e-10
2.396684e+01 3.503514e-02 1.996587e-09
2.396684e+01 5.263151e-02 4.079475e-09
2.396684e+01 7.314235e-02 8.546218e-09
2.396684e+01 1.025928e-01 1.273008e-08
2.396684e+01 1.448116e-01 2.166167e-08
2.396684e+01 2.023460e-01 3.185941e-08
2.396684e+01 2.834245e-01 4.696836e-08
2.396684e+01 3.967448e-01 6.739964e-08
2.396684e+01 5.552783e-01 9.51338e-08
2.396684e+01 7.774819e-01 1.243157e-07
2.396684e+01 1.088445e+00 1.388772e-07
2.396684e+01 1.523711e+00 1.224508e-07
2.396684e+01 2.088426e+00 8.221671e-08
2.396684e+01 2.685505e+00 3.820755e-08
2.446618e+01 1.570796e-02 3.613554e-10
2.446618e+01 2.346256e-02 9.167537e-10
2.446618e+01 3.503514e-02 1.862140e-09
2.446618e+01 5.263151e-02 3.801411e-09
2.446618e+01 7.314235e-02 7.972686e-09
2.446618e+01 1.025928e-01 1.187127e-08
2.446618e+01 1.448116e-01 2.023365e-08
2.446618e+01 2.023460e-01 2.985247e-08
2.446618e+01 2.834245e-01 4.426899e-08
2.446618e+01 3.967448e-01 6.395362e-08
2.446618e+01 5.552783e-01 9.080502e-08
2.446618e+01 7.774819e-01 1.193005e-07
2.446618e+01 1.088445e+00 1.342607e-07
2.446618e+01 1.523711e+00 1.201671e-07
2.446618e+01 2.088426e+00 8.221902e-08
2.446618e+01 2.685505e+00 3.839997e-08
2.497550e+01 1.570796e-02 3.358138e-10
2.497550e+01 2.346256e-02 8.523794e-10
2.497550e+01 3.503514e-02 1.7313e-09
2.497550e+01 5.263151e-02 3.531781e-09
2.497550e+01 7.314235e-02 7.413225e-09
2.497550e+01 1.025928e-01 1.103506e-08
2.497550e+01 1.448116e-01 1.884182e-08
2.497550e+01 2.023460e-01 2.789784e-08
2.497550e+01 2.834245e-01 4.160865e-08
2.497550e+01 3.967448e-01 6.051469e-08
2.497550e+01 5.552783e-01 8.641587e-08
2.497550e+01 7.774819e-01 1.140945e-07
2.497550e+01 1.088445e+00 1.294849e-07
2.497550e+01 1.523711e+00 1.177152e-07
2.497550e+01 2.088426e+00 8.224182e-08
2.497550e+01 2.685505e+00 3.865795e-08
2.549501e+01 1.570796e-02 3.109502e-10
2.549501e+01 2.346256e-02 7.901278e-10
2.549501e+01 3.503514e-02 1.603526e-09
2.549501e+01 5.263151e-02 3.269507e-09
2.549501e+01 7.314235e-02 6.867938e-09
2.549501e+01 1.025928e-01 1.022296e-08
2.549501e+01 1.448116e-01 1.748267e-08
2.549501e+01 2.023460e-01 2.599276e-08
2.549501e+01 2.834245e-01 3.899125e-08
2.549501e+01 3.967448e-01 5.706744e-08
2.549501e+01 5.552783e-01 8.194574e-08
2.549501e+01 7.774819e-01 1.087447e-07
2.549501e+01 1.088445e+00 1.244458e-07
2.549501e+01 1.523711e+00 1.151920e-07
2.549501e+01 2.088426e+00 8.220531e-08
2.549501e+01 2.685505e+00 3.928442e-08
2.602491e+01 1.570796e-02 2.868371e-10
2.602491e+01 2.346256e-02 7.290083e-10
2.602491e+01 3.503514e-02 1.479029e-09
2.602491e+01 5.263151e-02 3.014732e-09
2.602491e+01 7.314235e-02 6.338844e-09
2.602491e+01 1.025928e-01 9.434100e-09
2.602491e+01 1.448116e-01 1.616208e-08
2.602491e+01 2.023460e-01 2.413127e-08
2.602491e+01 2.834245e-01 3.641541e-08
2.602491e+01 3.967448e-01 5.361233e-08
2.602491e+01 5.552783e-01 7.737238e-08
2.602491e+01 7.774819e-01 1.03197e-07
2.602491e+01 1.088445e+00 1.192153e-07
2.602491e+01 1.523711e+00 1.123954e-07
2.602491e+01 2.088426e+00 8.225743e-08
2.602491e+01 2.685505e+00 4.008465e-08
2.656541e+01 1.570796e-02 2.633512e-10
2.656541e+01 2.346256e-02 6.698453e-10
2.656541e+01 3.503514e-02 1.357911e-09
2.656541e+01 5.263151e-02 2.766859e-09
2.656541e+01 7.314235e-02 5.822173e-09
2.656541e+01 1.025928e-01 8.667256e-09
2.656541e+01 1.448116e-01 1.487359e-08
2.656541e+01 2.023460e-01 2.231360e-08
2.656541e+01 2.834245e-01 3.386078e-08
2.656541e+01 3.967448e-01 5.01292e-08
2.656541e+01 5.552783e-01 7.270081e-08
2.656541e+01 7.774819e-01 9.747136e-08
2.656541e+01 1.088445e+00 1.137229e-07
2.656541e+01 1.523711e+00 1.094089e-07
2.656541e+01 2.088426e+00 8.217991e-08
2.656541e+01 2.685505e+00 4.133285e-08
2.711672e+01 1.570796e-02 2.403941e-10
2.711672e+01 2.346256e-02 6.125533e-10
2.711672e+01 3.503514e-02 1.240129e-09
2.711672e+01 5.263151e-02 2.526103e-09
2.711672e+01 7.314235e-02 5.320235e-09
2.711672e+01 1.025928e-01 7.923594e-09
2.711672e+01 1.448116e-01 1.361638e-08
2.711672e+01 2.023460e-01 2.052727e-08
2.711672e+01 2.834245e-01 3.132315e-08
2.711672e+01 3.967448e-01 4.661173e-08
2.711672e+01 5.552783e-01 6.791972e-08
2.711672e+01 7.774819e-01 9.158706e-08
2.711672e+01 1.088445e+00 1.079709e-07
2.711672e+01 1.523711e+00 1.060704e-07
2.711672e+01 2.088426e+00 8.201489e-08
2.711672e+01 2.685505e+00 4.2839e-08
2.767905e+01 1.570796e-02 2.181928e-10
2.767905e+01 2.346256e-02 5.564188e-10
2.767905e+01 3.503514e-02 1.124809e-09
2.767905e+01 5.263151e-02 2.292118e-09
2.767905e+01 7.314235e-02 4.830053e-09
2.767905e+01 1.025928e-01 7.198189e-09
2.767905e+01 1.448116e-01 1.238902e-08
2.767905e+01 2.023460e-01 1.876951e-08
2.767905e+01 2.834245e-01 2.879741e-08
2.767905e+01 3.967448e-01 4.306373e-08
2.767905e+01 5.552783e-01 6.303996e-08
2.767905e+01 7.774819e-01 8.548992e-08
2.767905e+01 1.088445e+00 1.018968e-07
2.767905e+01 1.523711e+00 1.023601e-07
2.767905e+01 2.088426e+00 8.171514e-08
2.767905e+01 2.685505e+00 4.465822e-08
2.825263e+01 1.570796e-02 1.964070e-10
2.825263e+01 2.346256e-02 5.018197e-10
2.825263e+01 3.503514e-02 1.012502e-09
2.825263e+01 5.263151e-02 2.064083e-09
2.825263e+01 7.314235e-02 4.353712e-09
2.825263e+01 1.025928e-01 6.491236e-09
2.825263e+01 1.448116e-01 1.118895e-08
2.825263e+01 2.023460e-01 1.703756e-08
2.825263e+01 2.834245e-01 2.62734e-08
2.825263e+01 3.967448e-01 3.947764e-08
2.825263e+01 5.552783e-01 5.80397e-08
2.825263e+01 7.774819e-01 7.917084e-08
2.825263e+01 1.088445e+00 9.550855e-08
2.825263e+01 1.523711e+00 9.815093e-08
2.825263e+01 2.088426e+00 8.117509e-08
2.825263e+01 2.685505e+00 4.676932e-08
2.883769e+01 1.570796e-02 1.752095e-10
2.883769e+01 2.346256e-02 4.487107e-10
2.883769e+01 3.503514e-02 9.034345e-10
2.883769e+01 5.263151e-02 1.842105e-09
2.883769e+01 7.314235e-02 3.889039e-09
2.883769e+01 1.025928e-01 5.802310e-09
2.883769e+01 1.448116e-01 1.001516e-08
2.883769e+01 2.023460e-01 1.533298e-08
2.883769e+01 2.834245e-01 2.376041e-08
2.883769e+01 3.967448e-01 3.584782e-08
2.883769e+01 5.552783e-01 5.293365e-08
2.883769e+01 7.774819e-01 7.26375e-08
2.883769e+01 1.088445e+00 8.868686e-08
2.883769e+01 1.523711e+00 9.337596e-08
2.883769e+01 2.088426e+00 8.009074e-08
2.883769e+01 2.685505e+00 4.913033e-08
2.943444e+01 1.570796e-02 1.545938e-10
2.943444e+01 2.346256e-02 3.964555e-10
2.943444e+01 3.503514e-02 7.969361e-10
2.943444e+01 5.263151e-02 1.626250e-09
2.943444e+01 7.314235e-02 3.436563e-09
2.943444e+01 1.025928e-01 5.132246e-09
2.943444e+01 1.448116e-01 8.867517e-09
2.943444e+01 2.023460e-01 1.364582e-08
2.943444e+01 2.834245e-01 2.124688e-08
2.943444e+01 3.967448e-01 3.217539e-08
2.943444e+01 5.552783e-01 4.771825e-08
2.943444e+01 7.774819e-01 6.584865e-08
2.943444e+01 1.088445e+00 8.144606e-08
2.943444e+01 1.523711e+00 8.787825e-08
2.943444e+01 2.088426e+00 7.853280e-08
2.943444e+01 2.685505e+00 5.144989e-08
3.004313e+01 1.570796e-02 1.344788e-10
3.004313e+01 2.346256e-02 3.458087e-10
3.004313e+01 3.503514e-02 6.929928e-10
3.004313e+01 5.263151e-02 1.415558e-09
3.004313e+01 7.314235e-02 2.993944e-09
3.004313e+01 1.025928e-01 4.476964e-09
3.004313e+01 1.448116e-01 7.746744e-09
3.004313e+01 2.023460e-01 1.197646e-08
3.004313e+01 2.834245e-01 1.873395e-08
3.004313e+01 3.967448e-01 2.847033e-08
3.004313e+01 5.552783e-01 4.237399e-08
3.004313e+01 7.774819e-01 5.885174e-08
3.004313e+01 1.088445e+00 7.371154e-08
3.004313e+01 1.523711e+00 8.161915e-08
3.004313e+01 2.088426e+00 7.612816e-08
3.004313e+01 2.685505e+00 5.379862e-08
3.066399e+01 1.570796e-02 1.149013e-10
3.066399e+01 2.346256e-02 2.961504e-10
3.066399e+01 3.503514e-02 5.916502e-10
3.066399e+01 5.263151e-02 1.210283e-09
3.066399e+01 7.314235e-02 2.562373e-09
3.066399e+01 1.025928e-01 3.836620e-09
3.066399e+01 1.448116e-01 6.646477e-09
3.066399e+01 2.023460e-01 1.032554e-08
3.066399e+01 2.834245e-01 1.621682e-08
3.066399e+01 3.967448e-01 2.471787e-08
3.066399e+01 5.552783e-01 3.693823e-08
3.066399e+01 7.774819e-01 5.159796e-08
3.066399e+01 1.088445e+00 6.55011e-08
3.066399e+01 1.523711e+00 7.442076e-08
3.066399e+01 2.088426e+00 7.267999e-08
3.066399e+01 2.685505e+00 5.565845e-08
3.129727e+01 1.570796e-02 9.58098e-11
3.129727e+01 2.346256e-02 2.477106e-10
3.129727e+01 3.503514e-02 4.932282e-10
3.129727e+01 5.263151e-02 1.009707e-09
3.129727e+01 7.314235e-02 2.141390e-09
3.129727e+01 1.025928e-01 3.210205e-09
3.129727e+01 1.448116e-01 5.568119e-09
3.129727e+01 2.023460e-01 8.689409e-09
3.129727e+01 2.834245e-01 1.369819e-08
3.129727e+01 3.967448e-01 2.092956e-08
3.129727e+01 5.552783e-01 3.139641e-08
3.129727e+01 7.774819e-01 4.411264e-08
3.129727e+01 1.088445e+00 5.677266e-08
3.129727e+01 1.523711e+00 6.627192e-08
3.129727e+01 2.088426e+00 6.794842e-08
3.129727e+01 2.685505e+00 5.660394e-08
3.194322e+01 1.570796e-02 7.719489e-11
3.194322e+01 2.346256e-02 1.999769e-10
3.194322e+01 3.503514e-02 3.972968e-10
3.194322e+01 5.263151e-02 8.146111e-10
3.194322e+01 7.314235e-02 1.729529e-09
3.194322e+01 1.025928e-01 2.59647e-09
3.194322e+01 1.448116e-01 4.508274e-09
3.194322e+01 2.023460e-01 7.067248e-09
3.194322e+01 2.834245e-01 1.118229e-08
3.194322e+01 3.967448e-01 1.711724e-08
3.194322e+01 5.552783e-01 2.577014e-08
3.194322e+01 7.774819e-01 3.63955e-08
3.194322e+01 1.088445e+00 4.748112e-08
3.194322e+01 1.523711e+00 5.696166e-08
3.194322e+01 2.088426e+00 6.155312e-08
3.194322e+01 2.685505e+00 5.586698e-08
3.260208e+01 1.570796e-02 5.912834e-11
3.260208e+01 2.346256e-02 1.535388e-10
3.260208e+01 3.503514e-02 3.036794e-10
3.260208e+01 5.263151e-02 6.244199e-10
3.260208e+01 7.314235e-02 1.327673e-09
3.260208e+01 1.025928e-01 1.995206e-09
3.260208e+01 1.448116e-01 3.468933e-09
3.260208e+01 2.023460e-01 5.461976e-09
3.260208e+01 2.834245e-01 8.670073e-09
3.260208e+01 3.967448e-01 1.328856e-08
3.260208e+01 5.552783e-01 2.00708e-08
3.260208e+01 7.774819e-01 2.848488e-08
3.260208e+01 1.088445e+00 3.766859e-08
3.260208e+01 1.523711e+00 4.651236e-08
3.260208e+01 2.088426e+00 5.307594e-08
3.260208e+01 2.685505e+00 5.241587e-08
3.327412e+01 1.570796e-02 4.140101e-11
3.327412e+01 2.346256e-02 1.081042e-10
3.327412e+01 3.503514e-02 2.129623e-10
3.327412e+01 5.263151e-02 4.382481e-10
3.327412e+01 7.314235e-02 9.331752e-10
3.327412e+01 1.025928e-01 1.405171e-09
3.327412e+01 1.448116e-01 2.446113e-09
3.327412e+01 2.023460e-01 3.867158e-09
3.327412e+01 2.834245e-01 6.157623e-09
3.327412e+01 3.967448e-01 9.455066e-09
3.327412e+01 5.552783e-01 1.432623e-08
3.327412e+01 7.774819e-01 2.042033e-08
3.327412e+01 1.088445e+00 2.736514e-08
3.327412e+01 1.523711e+00 3.481356e-08
3.327412e+01 2.088426e+00 4.199376e-08
3.327412e+01 2.685505e+00 4.506178e-08
3.395961e+01 1.570796e-02 2.507675e-11
3.395961e+01 2.346256e-02 6.582612e-11
3.395961e+01 3.503514e-02 1.287434e-10
3.395961e+01 5.263151e-02 2.658647e-10
3.395961e+01 7.314235e-02 5.666228e-10
3.395961e+01 1.025928e-01 8.539396e-10
3.395961e+01 1.448116e-01 1.48498e-09
3.395961e+01 2.023460e-01 2.346951e-09
3.395961e+01 2.834245e-01 3.729159e-09
3.395961e+01 3.967448e-01 5.69936e-09
3.395961e+01 5.552783e-01 8.614398e-09
3.395961e+01 7.774819e-01 1.228611e-08
3.395961e+01 1.088445e+00 1.660634e-08
3.395961e+01 1.523711e+00 2.170373e-08
3.395961e+01 2.088426e+00 2.755893e-08
3.395961e+01 2.685505e+00 3.185284e-08
3.46588e+01 1.570796e-02 8.028444e-12
3.46588e+01 2.346256e-02 1.938245e-11
3.46588e+01 3.503514e-02 4.248229e-11
3.46588e+01 5.263151e-02 8.160721e-11
3.46588e+01 7.314235e-02 1.784123e-10
3.46588e+01 1.025928e-01 2.673907e-10
3.46588e+01 1.448116e-01 4.655884e-10
3.46588e+01 2.023460e-01 7.465428e-10
3.46588e+01 2.834245e-01 1.199733e-09
3.46588e+01 3.967448e-01 1.846875e-09
3.46588e+01 5.552783e-01 2.804907e-09
3.46588e+01 7.774819e-01 4.034258e-09
3.46588e+01 1.088445e+00 5.517927e-09
3.46588e+01 1.523711e+00 7.381692e-09
3.46588e+01 2.088426e+00 9.850890e-09
3.46588e+01 2.685505e+00 1.224555e-08
3.537197e+01 1.570796e-02 0.e+00
3.537197e+01 2.346256e-02 0.e+00
3.537197e+01 3.503514e-02 0.e+00
3.537197e+01 5.263151e-02 0.e+00
3.537197e+01 7.314235e-02 0.e+00
3.537197e+01 1.025928e-01 0.e+00
3.537197e+01 1.448116e-01 0.e+00
3.537197e+01 2.023460e-01 0.e+00
3.537197e+01 2.834245e-01 0.e+00
3.537197e+01 3.967448e-01 0.e+00
3.537197e+01 5.552783e-01 0.e+00
3.537197e+01 7.774819e-01 0.e+00
3.537197e+01 1.088445e+00 0.e+00
3.537197e+01 1.523711e+00 0.e+00
3.537197e+01 2.088426e+00 0.e+00
3.537197e+01 2.685505e+00 0.e+00
