5.000000e+00 1.570796e-02 0.000000e+00
5.000000e+00 2.346256e-02 0.000000e+00
5.000000e+00 3.503514e-02 0.000000e+00
5.000000e+00 5.263151e-02 0.000000e+00
5.000000e+00 7.314235e-02 0.000000e+00
5.000000e+00 1.025928e-01 0.000000e+00
5.000000e+00 1.448116e-01 0.000000e+00
5.000000e+00 2.023460e-01 0.000000e+00
5.000000e+00 2.834245e-01 0.000000e+00
5.000000e+00 3.967448e-01 0.000000e+00
5.000000e+00 5.552783e-01 0.000000e+00
5.000000e+00 7.774819e-01 0.000000e+00
5.000000e+00 1.088445e+00 0.000000e+00
5.000000e+00 1.523711e+00 0.000000e+00
5.000000e+00 2.088426e+00 0.000000e+00
5.000000e+00 2.685505e+00 0.000000e+00
5.120000e+00 1.570796e-02 0.000000e+00
5.120000e+00 2.346256e-02 0.000000e+00
5.120000e+00 3.503514e-02 0.000000e+00
5.120000e+00 5.263151e-02 0.000000e+00
5.120000e+00 7.314235e-02 0.000000e+00
5.120000e+00 1.025928e-01 0.000000e+00
5.120000e+00 1.448116e-01 0.000000e+00
5.120000e+00 2.023460e-01 0.000000e+00
5.120000e+00 2.834245e-01 0.000000e+00
5.120000e+00 3.967448e-01 0.000000e+00
5.120000e+00 5.552783e-01 0.000000e+00
5.120000e+00 7.774819e-01 0.000000e+00
5.120000e+00 1.088445e+00 0.000000e+00
5.120000e+00 1.523711e+00 0.000000e+00
5.120000e+00 2.088426e+00 0.000000e+00
5.120000e+00 2.685505e+00 0.000000e+00
5.242400e+00 1.570796e-02 0.000000e+00
5.242400e+00 2.346256e-02 0.000000e+00
5.242400e+00 3.503514e-02 0.000000e+00
5.242400e+00 5.263151e-02 0.000000e+00
5.242400e+00 7.314235e-02 0.000000e+00
5.242400e+00 1.025928e-01 0.000000e+00
5.242400e+00 1.448116e-01 0.000000e+00
5.242400e+00 2.023460e-01 0.000000e+00
5.242400e+00 2.834245e-01 0.000000e+00
5.242400e+00 3.967448e-01 0.000000e+00
5.242400e+00 5.552783e-01 0.000000e+00
5.242400e+00 7.774819e-01 0.000000e+00
5.242400e+00 1.088445e+00 0.000000e+00
5.242400e+00 1.523711e+00 0.000000e+00
5.242400e+00 2.088426e+00 0.000000e+00
5.242400e+00 2.685505e+00 0.000000e+00
5.367248e+00 1.570796e-02 0.000000e+00
5.367248e+00 2.346256e-02 0.000000e+00
5.367248e+00 3.503514e-02 0.000000e+00
5.367248e+00 5.263151e-02 0.000000e+00
5.367248e+00 7.314235e-02 0.000000e+00
5.367248e+00 1.025928e-01 0.000000e+00
5.367248e+00 1.448116e-01 0.000000e+00
5.367248e+00 2.023460e-01 0.000000e+00
5.367248e+00 2.834245e-01 0.000000e+00
5.367248e+00 3.967448e-01 0.000000e+00
5.367248e+00 5.552783e-01 0.000000e+00
5.367248e+00 7.774819e-01 0.000000e+00
5.367248e+00 1.088445e+00 0.000000e+00
5.367248e+00 1.523711e+00 0.000000e+00
5.367248e+00 2.088426e+00 0.000000e+00
5.367248e+00 2.685505e+00 0.000000e+00
5.494593e+00 1.570796e-02 0.000000e+00
5.494593e+00 2.346256e-02 0.000000e+00
5.494593e+00 3.503514e-02 0.000000e+00
5.494593e+00 5.263151e-02 0.000000e+00
5.494593e+00 7.314235e-02 0.000000e+00
5.494593e+00 1.025928e-01 0.000000e+00
5.494593e+00 1.448116e-01 0.000000e+00
5.494593e+00 2.023460e-01 0.000000e+00
5.494593e+00 2.834245e-01 0.000000e+00
5.494593e+00 3.967448e-01 0.000000e+00
5.494593e+00 5.552783e-01 0.000000e+00
5.494593e+00 7.774819e-01 0.000000e+00
5.494593e+00 1.088445e+00 0.000000e+00
5.494593e+00 1.523711e+00 0.000000e+00
5.494593e+00 2.088426e+00 0.000000e+00
5.494593e+00 2.685505e+00 0.000000e+00
5.624485e+00 1.570796e-02 0.000000e+00
5.624485e+00 2.346256e-02 0.000000e+00
5.624485e+00 3.503514e-02 0.000000e+00
5.624485e+00 5.263151e-02 0.000000e+00
5.624485e+00 7.314235e-02 0.000000e+00
5.624485e+00 1.025928e-01 0.000000e+00
5.624485e+00 1.448116e-01 0.000000e+00
5.624485e+00 2.023460e-01 0.000000e+00
5.624485e+00 2.834245e-01 0.000000e+00
5.624485e+00 3.967448e-01 0.000000e+00
5.624485e+00 5.552783e-01 0.000000e+00
5.624485e+00 7.774819e-01 0.000000e+00
5.624485e+00 1.088445e+00 0.000000e+00
5.624485e+00 1.523711e+00 0.000000e+00
5.624485e+00 2.088426e+00 0.000000e+00
5.624485e+00 2.685505e+00 0.000000e+00
5.756975e+00 1.570796e-02 0.000000e+00
5.756975e+00 2.346256e-02 0.000000e+00
5.756975e+00 3.503514e-02 0.000000e+00
5.756975e+00 5.263151e-02 0.000000e+00
5.756975e+00 7.314235e-02 0.000000e+00
5.756975e+00 1.025928e-01 0.000000e+00
5.756975e+00 1.448116e-01 0.000000e+00
5.756975e+00 2.023460e-01 0.000000e+00
5.756975e+00 2.834245e-01 0.000000e+00
5.756975e+00 3.967448e-01 0.000000e+00
5.756975e+00 5.552783e-01 0.000000e+00
5.756975e+00 7.774819e-01 0.000000e+00
5.756975e+00 1.088445e+00 0.000000e+00
5.756975e+00 1.523711e+00 0.000000e+00
5.756975e+00 2.088426e+00 0.000000e+00
5.756975e+00 2.685505e+00 0.000000e+00
5.892114e+00 1.570796e-02 0.000000e+00
5.892114e+00 2.346256e-02 0.000000e+00
5.892114e+00 3.503514e-02 0.000000e+00
5.892114e+00 5.263151e-02 0.000000e+00
5.892114e+00 7.314235e-02 0.000000e+00
5.892114e+00 1.025928e-01 0.000000e+00
5.892114e+00 1.448116e-01 0.000000e+00
5.892114e+00 2.023460e-01 0.000000e+00
5.892114e+00 2.834245e-01 0.000000e+00
5.892114e+00 3.967448e-01 0.000000e+00
5.892114e+00 5.552783e-01 0.000000e+00
5.892114e+00 7.774819e-01 0.000000e+00
5.892114e+00 1.088445e+00 0.000000e+00
5.892114e+00 1.523711e+00 0.000000e+00
5.892114e+00 2.088426e+00 0.000000e+00
5.892114e+00 2.685505e+00 0.000000e+00
6.029956e+00 1.570796e-02 0.000000e+00
6.029956e+00 2.346256e-02 0.000000e+00
6.029956e+00 3.503514e-02 0.000000e+00
6.029956e+00 5.263151e-02 0.000000e+00
6.029956e+00 7.314235e-02 0.000000e+00
6.029956e+00 1.025928e-01 0.000000e+00
6.029956e+00 1.448116e-01 0.000000e+00
6.029956e+00 2.023460e-01 0.000000e+00
6.029956e+00 2.834245e-01 0.000000e+00
6.029956e+00 3.967448e-01 0.000000e+00
6.029956e+00 5.552783e-01 0.000000e+00
6.029956e+00 7.774819e-01 0.000000e+00
6.029956e+00 1.088445e+00 0.000000e+00
6.029956e+00 1.523711e+00 0.000000e+00
6.029956e+00 2.088426e+00 0.000000e+00
6.029956e+00 2.685505e+00 0.000000e+00
6.170555e+00 1.570796e-02 -5.524688e-06
6.170555e+00 2.346256e-02 -3.758439e-06
6.170555e+00 3.503514e-02 -8.070214e-06
6.170555e+00 5.263151e-02 -3.636656e-06
6.170555e+00 7.314235e-02 -1.271982e-05
6.170555e+00 1.025928e-01 -1.204671e-06
6.170555e+00 1.448116e-01 -1.691111e-05
6.170555e+00 2.023460e-01 -6.421212e-06
6.170555e+00 2.834245e-01 -2.480482e-06
6.170555e+00 3.967448e-01 -2.983350e-06
6.170555e+00 5.552783e-01 -3.258308e-06
6.170555e+00 7.774819e-01 -2.397799e-06
6.170555e+00 1.088445e+00 -2.873319e-06
6.170555e+00 1.523711e+00 -3.219474e-06
6.170555e+00 2.088426e+00 -3.805956e-06
6.170555e+00 2.685505e+00 -3.592428e-06
6.313967e+00 1.570796e-02 -5.581041e-05
6.313967e+00 2.346256e-02 -5.221243e-05
6.313967e+00 3.503514e-02 -6.707812e-05
6.313967e+00 5.263151e-02 -1.311377e-04
6.313967e+00 7.314235e-02 -1.384729e-04
6.313967e+00 1.025928e-01 -4.287806e-05
6.313967e+00 1.448116e-01 -9.933648e-05
6.313967e+00 2.023460e-01 -9.928146e-05
6.313967e+00 2.834245e-01 -1.174277e-04
6.313967e+00 3.967448e-01 -7.418919e-05
6.313967e+00 5.552783e-01 -6.576963e-05
6.313967e+00 7.774819e-01 -5.909506e-05
6.313967e+00 1.088445e+00 -5.636748e-05
6.313967e+00 1.523711e+00 -5.421462e-05
6.313967e+00 2.088426e+00 -6.106831e-05
6.313967e+00 2.685505e+00 -6.234342e-05
6.460246e+00 1.570796e-02 -1.857125e-04
6.460246e+00 2.346256e-02 -2.580639e-04
6.460246e+00 3.503514e-02 -4.135851e-04
6.460246e+00 5.263151e-02 -5.173798e-04
6.460246e+00 7.314235e-02 -6.708886e-04
6.460246e+00 1.025928e-01 -6.026538e-04
6.460246e+00 1.448116e-01 -5.732413e-04
6.460246e+00 2.023460e-01 -5.892920e-04
6.460246e+00 2.834245e-01 -5.824420e-04
6.460246e+00 3.967448e-01 -4.873979e-04
6.460246e+00 5.552783e-01 -4.173541e-04
6.460246e+00 7.774819e-01 -3.621171e-04
6.460246e+00 1.088445e+00 -3.197289e-04
6.460246e+00 1.523711e+00 -3.090955e-04
6.460246e+00 2.088426e+00 -3.389350e-04
6.460246e+00 2.685505e+00 -3.590760e-04
6.609451e+00 1.570796e-02 -4.119809e-04
6.609451e+00 2.346256e-02 -6.304095e-04
6.609451e+00 3.503514e-02 -1.213527e-03
6.609451e+00 5.263151e-02 -1.732301e-03
6.609451e+00 7.314235e-02 -2.202480e-03
6.609451e+00 1.025928e-01 -2.095497e-03
6.609451e+00 1.448116e-01 -2.238640e-03
6.609451e+00 2.023460e-01 -2.075276e-03
6.609451e+00 2.834245e-01 -2.013064e-03
6.609451e+00 3.967448e-01 -1.767889e-03
6.609451e+00 5.552783e-01 -1.531408e-03
6.609451e+00 7.774819e-01 -1.323416e-03
6.609451e+00 1.088445e+00 -1.136188e-03
6.609451e+00 1.523711e+00 -1.089525e-03
6.609451e+00 2.088426e+00 -1.185282e-03
6.609451e+00 2.685505e+00 -1.238581e-03
6.761640e+00 1.570796e-02 -5.925035e-04
6.761640e+00 2.346256e-02 -1.172407e-03
6.761640e+00 3.503514e-02 -2.169905e-03
6.761640e+00 5.263151e-02 -3.565974e-03
6.761640e+00 7.314235e-02 -4.712090e-03
6.761640e+00 1.025928e-01 -4.664980e-03
6.761640e+00 1.448116e-01 -5.077468e-03
6.761640e+00 2.023460e-01 -4.856753e-03
6.761640e+00 2.834245e-01 -4.774466e-03
6.761640e+00 3.967448e-01 -4.119313e-03
6.761640e+00 5.552783e-01 -3.631741e-03
6.761640e+00 7.774819e-01 -3.069149e-03
6.761640e+00 1.088445e+00 -2.655086e-03
6.761640e+00 1.523711e+00 -2.494316e-03
6.761640e+00 2.088426e+00 -2.683268e-03
6.761640e+00 2.685505e+00 -2.769595e-03
6.916873e+00 1.570796e-02 -7.043975e-04
6.916873e+00 2.346256e-02 -1.591556e-03
6.916873e+00 3.503514e-02 -3.122531e-03
6.916873e+00 5.263151e-02 -5.601673e-03
6.916873e+00 7.314235e-02 -7.989639e-03
6.916873e+00 1.025928e-01 -8.492236e-03
6.916873e+00 1.448116e-01 -9.332395e-03
6.916873e+00 2.023460e-01 -9.054365e-03
6.916873e+00 2.834245e-01 -8.887588e-03
6.916873e+00 3.967448e-01 -7.875290e-03
6.916873e+00 5.552783e-01 -6.859573e-03
6.916873e+00 7.774819e-01 -5.834976e-03
6.916873e+00 1.088445e+00 -4.963675e-03
6.916873e+00 1.523711e+00 -4.602091e-03
6.916873e+00 2.088426e+00 -4.891693e-03
6.916873e+00 2.685505e+00 -5.027280e-03
7.075210e+00 1.570796e-02 -7.404743e-04
7.075210e+00 2.346256e-02 -1.846511e-03
7.075210e+00 3.503514e-02 -3.748561e-03
7.075210e+00 5.263151e-02 -7.320124e-03
7.075210e+00 7.314235e-02 -1.115383e-02
7.075210e+00 1.025928e-01 -1.303648e-02
7.075210e+00 1.448116e-01 -1.441895e-02
7.075210e+00 2.023460e-01 -1.436791e-02
7.075210e+00 2.834245e-01 -1.413627e-02
7.075210e+00 3.967448e-01 -1.269107e-02
7.075210e+00 5.552783e-01 -1.104134e-02
7.075210e+00 7.774819e-01 -9.393257e-03
7.075210e+00 1.088445e+00 -7.981069e-03
7.075210e+00 1.523711e+00 -7.318782e-03
7.075210e+00 2.088426e+00 -7.682473e-03
7.075210e+00 2.685505e+00 -7.823050e-03
7.236714e+00 1.570796e-02 -7.279332e-04
7.236714e+00 2.346256e-02 -1.792282e-03
7.236714e+00 3.503514e-02 -4.026733e-03
7.236714e+00 5.263151e-02 -8.554216e-03
7.236714e+00 7.314235e-02 -1.367317e-02
7.236714e+00 1.025928e-01 -1.700380e-02
7.236714e+00 1.448116e-01 -1.914535e-02
7.236714e+00 2.023460e-01 -1.975342e-02
7.236714e+00 2.834245e-01 -1.945439e-02
7.236714e+00 3.967448e-01 -1.789196e-02
7.236714e+00 5.552783e-01 -1.570725e-02
7.236714e+00 7.774819e-01 -1.330472e-02
7.236714e+00 1.088445e+00 -1.124273e-02
7.236714e+00 1.523711e+00 -1.019889e-02
7.236714e+00 2.088426e+00 -1.059511e-02
7.236714e+00 2.685505e+00 -1.067349e-02
7.401449e+00 1.570796e-02 -7.002695e-04
7.401449e+00 2.346256e-02 -1.703495e-03
7.401449e+00 3.503514e-02 -3.992283e-03
7.401449e+00 5.263151e-02 -8.968272e-03
7.401449e+00 7.314235e-02 -1.526547e-02
7.401449e+00 1.025928e-01 -1.988902e-02
7.401449e+00 1.448116e-01 -2.315471e-02
7.401449e+00 2.023460e-01 -2.455500e-02
7.401449e+00 2.834245e-01 -2.459924e-02
7.401449e+00 3.967448e-01 -2.298140e-02
7.401449e+00 5.552783e-01 -2.029355e-02
7.401449e+00 7.774819e-01 -1.732196e-02
7.401449e+00 1.088445e+00 -1.452474e-02
7.401449e+00 1.523711e+00 -1.303336e-02
7.401449e+00 2.088426e+00 -1.336517e-02
7.401449e+00 2.685505e+00 -1.332234e-02
7.569477e+00 1.570796e-02 -6.528033e-04
7.569477e+00 2.346256e-02 -1.566670e-03
7.569477e+00 3.503514e-02 -3.763996e-03
7.569477e+00 5.263151e-02 -8.885571e-03
7.569477e+00 7.314235e-02 -1.576445e-02
7.569477e+00 1.025928e-01 -2.159623e-02
7.569477e+00 1.448116e-01 -2.596738e-02
7.569477e+00 2.023460e-01 -2.846062e-02
7.569477e+00 2.834245e-01 -2.899145e-02
7.569477e+00 3.967448e-01 -2.756884e-02
7.569477e+00 5.552783e-01 -2.460398e-02
7.569477e+00 7.774819e-01 -2.109534e-02
7.569477e+00 1.088445e+00 -1.764105e-02
7.569477e+00 1.523711e+00 -1.568849e-02
7.569477e+00 2.088426e+00 -1.585606e-02
7.569477e+00 2.685505e+00 -1.560627e-02
7.740867e+00 1.570796e-02 -5.967881e-04
7.740867e+00 2.346256e-02 -1.417729e-03
7.740867e+00 3.503514e-02 -3.501072e-03
7.740867e+00 5.263151e-02 -8.446540e-03
7.740867e+00 7.314235e-02 -1.541505e-02
7.740867e+00 1.025928e-01 -2.218155e-02
7.740867e+00 1.448116e-01 -2.759380e-02
7.740867e+00 2.023460e-01 -3.118915e-02
7.740867e+00 2.834245e-01 -3.248926e-02
7.740867e+00 3.967448e-01 -3.142282e-02
7.740867e+00 5.552783e-01 -2.839557e-02
7.740867e+00 7.774819e-01 -2.447293e-02
7.740867e+00 1.088445e+00 -2.046059e-02
7.740867e+00 1.523711e+00 -1.806666e-02
7.740867e+00 2.088426e+00 -1.804595e-02
7.740867e+00 2.685505e+00 -1.754972e-02
7.915684e+00 1.570796e-02 -5.374839e-04
7.915684e+00 2.346256e-02 -1.289770e-03
7.915684e+00 3.503514e-02 -3.224587e-03
7.915684e+00 5.263151e-02 -7.847130e-03
7.915684e+00 7.314235e-02 -1.454193e-02
7.915684e+00 1.025928e-01 -2.184042e-02
7.915684e+00 1.448116e-01 -2.810672e-02
7.915684e+00 2.023460e-01 -3.275527e-02
7.915684e+00 2.834245e-01 -3.495465e-02
7.915684e+00 3.967448e-01 -3.449028e-02
7.915684e+00 5.552783e-01 -3.154328e-02
7.915684e+00 7.774819e-01 -2.735933e-02
7.915684e+00 1.088445e+00 -2.288653e-02
7.915684e+00 1.523711e+00 -2.013943e-02
7.915684e+00 2.088426e+00 -1.989132e-02
7.915684e+00 2.685505e+00 -1.919258e-02
8.093998e+00 1.570796e-02 -4.887427e-04
8.093998e+00 2.346256e-02 -1.183581e-03
8.093998e+00 3.503514e-02 -2.938435e-03
8.093998e+00 5.263151e-02 -7.235875e-03
8.093998e+00 7.314235e-02 -1.348724e-02
8.093998e+00 1.025928e-01 -2.080104e-02
8.093998e+00 1.448116e-01 -2.772781e-02
8.093998e+00 2.023460e-01 -3.333062e-02
8.093998e+00 2.834245e-01 -3.648752e-02
8.093998e+00 3.967448e-01 -3.664556e-02
8.093998e+00 5.552783e-01 -3.403033e-02
8.093998e+00 7.774819e-01 -2.974888e-02
8.093998e+00 1.088445e+00 -2.491126e-02
8.093998e+00 1.523711e+00 -2.186415e-02
8.093998e+00 2.088426e+00 -2.141346e-02
8.093998e+00 2.685505e+00 -2.048629e-02
8.275878e+00 1.570796e-02 -4.450262e-04
8.275878e+00 2.346256e-02 -1.072658e-03
8.275878e+00 3.503514e-02 -2.637534e-03
8.275878e+00 5.263151e-02 -6.595866e-03
8.275878e+00 7.314235e-02 -1.234250e-02
8.275878e+00 1.025928e-01 -1.942222e-02
8.275878e+00 1.448116e-01 -2.669113e-02
8.275878e+00 2.023460e-01 -3.304063e-02
8.275878e+00 2.834245e-01 -3.714824e-02
8.275878e+00 3.967448e-01 -3.800639e-02
8.275878e+00 5.552783e-01 -3.582228e-02
8.275878e+00 7.774819e-01 -3.164667e-02
8.275878e+00 1.088445e+00 -2.660677e-02
8.275878e+00 1.523711e+00 -2.328225e-02
8.275878e+00 2.088426e+00 -2.267938e-02
8.275878e+00 2.685505e+00 -2.144649e-02
8.461396e+00 1.570796e-02 -4.046923e-04
8.461396e+00 2.346256e-02 -9.677117e-04
8.461396e+00 3.503514e-02 -2.362214e-03
8.461396e+00 5.263151e-02 -5.953171e-03
8.461396e+00 7.314235e-02 -1.117113e-02
8.461396e+00 1.025928e-01 -1.790720e-02
8.461396e+00 1.448116e-01 -2.517831e-02
8.461396e+00 2.023460e-01 -3.205317e-02
8.461396e+00 2.834245e-01 -3.699787e-02
8.461396e+00 3.967448e-01 -3.861450e-02
8.461396e+00 5.552783e-01 -3.695788e-02
8.461396e+00 7.774819e-01 -3.299033e-02
8.461396e+00 1.088445e+00 -2.787750e-02
8.461396e+00 1.523711e+00 -2.438941e-02
8.461396e+00 2.088426e+00 -2.368852e-02
8.461396e+00 2.685505e+00 -2.218818e-02
8.650623e+00 1.570796e-02 -3.644686e-04
8.650623e+00 2.346256e-02 -8.688154e-04
8.650623e+00 3.503514e-02 -2.116012e-03
8.650623e+00 5.263151e-02 -5.334033e-03
8.650623e+00 7.314235e-02 -1.002820e-02
8.650623e+00 1.025928e-01 -1.630219e-02
8.650623e+00 1.448116e-01 -2.337555e-02
8.650623e+00 2.023460e-01 -3.050693e-02
8.650623e+00 2.834245e-01 -3.617087e-02
8.650623e+00 3.967448e-01 -3.854032e-02
8.650623e+00 5.552783e-01 -3.751504e-02
8.650623e+00 7.774819e-01 -3.386746e-02
8.650623e+00 1.088445e+00 -2.879789e-02
8.650623e+00 1.523711e+00 -2.523417e-02
8.650623e+00 2.088426e+00 -2.442590e-02
8.650623e+00 2.685505e+00 -2.274409e-02
8.843636e+00 1.570796e-02 -3.247109e-04
8.843636e+00 2.346256e-02 -7.788793e-04
8.843636e+00 3.503514e-02 -1.890196e-03
8.843636e+00 5.263151e-02 -4.764472e-03
8.843636e+00 7.314235e-02 -8.941881e-03
8.843636e+00 1.025928e-01 -1.470334e-02
8.843636e+00 1.448116e-01 -2.140397e-02
8.843636e+00 2.023460e-01 -2.862240e-02
8.843636e+00 2.834245e-01 -3.477813e-02
8.843636e+00 3.967448e-01 -3.786104e-02
8.843636e+00 5.552783e-01 -3.749941e-02
8.843636e+00 7.774819e-01 -3.424861e-02
8.843636e+00 1.088445e+00 -2.937673e-02
8.843636e+00 1.523711e+00 -2.580572e-02
8.843636e+00 2.088426e+00 -2.491737e-02
8.843636e+00 2.685505e+00 -2.304056e-02
9.040509e+00 1.570796e-02 -2.885158e-04
9.040509e+00 2.346256e-02 -6.965619e-04
9.040509e+00 3.503514e-02 -1.688755e-03
9.040509e+00 5.263151e-02 -4.254546e-03
9.040509e+00 7.314235e-02 -7.967525e-03
9.040509e+00 1.025928e-01 -1.316672e-02
9.040509e+00 1.448116e-01 -1.940632e-02
9.040509e+00 2.023460e-01 -2.649403e-02
9.040509e+00 2.834245e-01 -3.297659e-02
9.040509e+00 3.967448e-01 -3.665683e-02
9.040509e+00 5.552783e-01 -3.693555e-02
9.040509e+00 7.774819e-01 -3.414661e-02
9.040509e+00 1.088445e+00 -2.954818e-02
9.040509e+00 1.523711e+00 -2.606423e-02
9.040509e+00 2.088426e+00 -2.513058e-02
9.040509e+00 2.685505e+00 -2.312767e-02
9.241319e+00 1.570796e-02 -2.563208e-04
9.241319e+00 2.346256e-02 -6.220208e-04
9.241319e+00 3.503514e-02 -1.506304e-03
9.241319e+00 5.263151e-02 -3.787227e-03
9.241319e+00 7.314235e-02 -7.080595e-03
9.241319e+00 1.025928e-01 -1.174429e-02
9.241319e+00 1.448116e-01 -1.745911e-02
9.241319e+00 2.023460e-01 -2.427370e-02
9.241319e+00 2.834245e-01 -3.086236e-02
9.241319e+00 3.967448e-01 -3.504315e-02
9.241319e+00 5.552783e-01 -3.590975e-02
9.241319e+00 7.774819e-01 -3.364273e-02
9.241319e+00 1.088445e+00 -2.940581e-02
9.241319e+00 1.523711e+00 -2.609135e-02
9.241319e+00 2.088426e+00 -2.515752e-02
9.241319e+00 2.685505e+00 -2.299753e-02
9.446145e+00 1.570796e-02 -2.275352e-04
9.446145e+00 2.346256e-02 -5.540109e-04
9.446145e+00 3.503514e-02 -1.341118e-03
9.446145e+00 5.263151e-02 -3.361544e-03
9.446145e+00 7.314235e-02 -6.288838e-03
9.446145e+00 1.025928e-01 -1.044340e-02
9.446145e+00 1.448116e-01 -1.560472e-02
9.446145e+00 2.023460e-01 -2.203641e-02
9.446145e+00 2.834245e-01 -2.854571e-02
9.446145e+00 3.967448e-01 -3.310062e-02
9.446145e+00 5.552783e-01 -3.451030e-02
9.446145e+00 7.774819e-01 -3.277498e-02
9.446145e+00 1.088445e+00 -2.897959e-02
9.446145e+00 1.523711e+00 -2.589516e-02
9.446145e+00 2.088426e+00 -2.501709e-02
9.446145e+00 2.685505e+00 -2.274649e-02
9.655068e+00 1.570796e-02 -2.014222e-04
9.655068e+00 2.346256e-02 -4.923688e-04
9.655068e+00 3.503514e-02 -1.191091e-03
9.655068e+00 5.263151e-02 -2.975773e-03
9.655068e+00 7.314235e-02 -5.573558e-03
9.655068e+00 1.025928e-01 -9.262389e-03
9.655068e+00 1.448116e-01 -1.388878e-02
9.655068e+00 2.023460e-01 -1.985735e-02
9.655068e+00 2.834245e-01 -2.614258e-02
9.655068e+00 3.967448e-01 -3.091626e-02
9.655068e+00 5.552783e-01 -3.280230e-02
9.655068e+00 7.774819e-01 -3.160220e-02
9.655068e+00 1.088445e+00 -2.828130e-02
9.655068e+00 1.523711e+00 -2.548733e-02
9.655068e+00 2.088426e+00 -2.469367e-02
9.655068e+00 2.685505e+00 -2.234679e-02
9.868170e+00 1.570796e-02 -1.777766e-04
9.868170e+00 2.346256e-02 -4.343662e-04
9.868170e+00 3.503514e-02 -1.053183e-03
9.868170e+00 5.263151e-02 -2.632585e-03
9.868170e+00 7.314235e-02 -4.931632e-03
9.868170e+00 1.025928e-01 -8.196470e-03
9.868170e+00 1.448116e-01 -1.230551e-02
9.868170e+00 2.023460e-01 -1.777729e-02
9.868170e+00 2.834245e-01 -2.372513e-02
9.868170e+00 3.967448e-01 -2.858985e-02
9.868170e+00 5.552783e-01 -3.085395e-02
9.868170e+00 7.774819e-01 -3.016052e-02
9.868170e+00 1.088445e+00 -2.735526e-02
9.868170e+00 1.523711e+00 -2.487342e-02
9.868170e+00 2.088426e+00 -2.414891e-02
9.868170e+00 2.685505e+00 -2.175683e-02
1.008553e+01 1.570796e-02 -1.561798e-04
1.008553e+01 2.346256e-02 -3.830444e-04
1.008553e+01 3.503514e-02 -9.269276e-04
1.008553e+01 5.263151e-02 -2.318084e-03
1.008553e+01 7.314235e-02 -4.350599e-03
1.008553e+01 1.025928e-01 -7.235560e-03
1.008553e+01 1.448116e-01 -1.087237e-02
1.008553e+01 2.023460e-01 -1.582869e-02
1.008553e+01 2.834245e-01 -2.137362e-02
1.008553e+01 3.967448e-01 -2.618875e-02
1.008553e+01 5.552783e-01 -2.876920e-02
1.008553e+01 7.774819e-01 -2.853604e-02
1.008553e+01 1.088445e+00 -2.623609e-02
1.008553e+01 1.523711e+00 -2.411577e-02
1.008553e+01 2.088426e+00 -2.351327e-02
1.008553e+01 2.685505e+00 -2.106047e-02
1.030724e+01 1.570796e-02 -1.367429e-04
1.030724e+01 2.346256e-02 -3.373149e-04
1.030724e+01 3.503514e-02 -8.145662e-04
1.030724e+01 5.263151e-02 -2.035404e-03
1.030724e+01 7.314235e-02 -3.819314e-03
1.030724e+01 1.025928e-01 -6.359135e-03
1.030724e+01 1.448116e-01 -9.569694e-03
1.030724e+01 2.023460e-01 -1.400420e-02
1.030724e+01 2.834245e-01 -1.911714e-02
1.030724e+01 3.967448e-01 -2.378277e-02
1.030724e+01 5.552783e-01 -2.656478e-02
1.030724e+01 7.774819e-01 -2.675603e-02
1.030724e+01 1.088445e+00 -2.493999e-02
1.030724e+01 1.523711e+00 -2.320563e-02
1.030724e+01 2.088426e+00 -2.272884e-02
1.030724e+01 2.685505e+00 -2.026771e-02
1.053339e+01 1.570796e-02 -1.197835e-04
1.053339e+01 2.346256e-02 -2.950310e-04
1.053339e+01 3.503514e-02 -7.135105e-04
1.053339e+01 5.263151e-02 -1.780190e-03
1.053339e+01 7.314235e-02 -3.338808e-03
1.053339e+01 1.025928e-01 -5.568150e-03
1.053339e+01 1.448116e-01 -8.387525e-03
1.053339e+01 2.023460e-01 -1.233742e-02
1.053339e+01 2.834245e-01 -1.700021e-02
1.053339e+01 3.967448e-01 -2.142605e-02
1.053339e+01 5.552783e-01 -2.432219e-02
1.053339e+01 7.774819e-01 -2.487081e-02
1.053339e+01 1.088445e+00 -2.351427e-02
1.053339e+01 1.523711e+00 -2.215890e-02
1.053339e+01 2.088426e+00 -2.185303e-02
1.053339e+01 2.685505e+00 -1.942856e-02
1.076406e+01 1.570796e-02 -1.047844e-04
1.076406e+01 2.346256e-02 -2.561721e-04
1.076406e+01 3.503514e-02 -6.229966e-04
1.076406e+01 5.263151e-02 -1.553034e-03
1.076406e+01 7.314235e-02 -2.912690e-03
1.076406e+01 1.025928e-01 -4.856123e-03
1.076406e+01 1.448116e-01 -7.335656e-03
1.076406e+01 2.023460e-01 -1.082177e-02
1.076406e+01 2.834245e-01 -1.503124e-02
1.076406e+01 3.967448e-01 -1.916401e-02
1.076406e+01 5.552783e-01 -2.208860e-02
1.076406e+01 7.774819e-01 -2.295088e-02
1.076406e+01 1.088445e+00 -2.202485e-02
1.076406e+01 1.523711e+00 -2.104613e-02
1.076406e+01 2.088426e+00 -2.087276e-02
1.076406e+01 2.685505e+00 -1.851227e-02
1.099934e+01 1.570796e-02 -9.147274e-05
1.099934e+01 2.346256e-02 -2.215752e-04
1.099934e+01 3.503514e-02 -5.403992e-04
1.099934e+01 5.263151e-02 -1.353220e-03
1.099934e+01 7.314235e-02 -2.533500e-03
1.099934e+01 1.025928e-01 -4.225467e-03
1.099934e+01 1.448116e-01 -6.387419e-03
1.099934e+01 2.023460e-01 -9.439931e-03
1.099934e+01 2.834245e-01 -1.320842e-02
1.099934e+01 3.967448e-01 -1.701138e-02
1.099934e+01 5.552783e-01 -1.989492e-02
1.099934e+01 7.774819e-01 -2.099960e-02
1.099934e+01 1.088445e+00 -2.045558e-02
1.099934e+01 1.523711e+00 -1.982582e-02
1.099934e+01 2.088426e+00 -1.978873e-02
1.099934e+01 2.685505e+00 -1.747594e-02
1.123932e+01 1.570796e-02 -7.965652e-05
1.123932e+01 2.346256e-02 -1.900881e-04
1.123932e+01 3.503514e-02 -4.668714e-04
1.123932e+01 5.263151e-02 -1.172324e-03
1.123932e+01 7.314235e-02 -2.195742e-03
1.123932e+01 1.025928e-01 -3.660745e-03
1.123932e+01 1.448116e-01 -5.538688e-03
1.123932e+01 2.023460e-01 -8.197948e-03
1.123932e+01 2.834245e-01 -1.153526e-02
1.123932e+01 3.967448e-01 -1.499794e-02
1.123932e+01 5.552783e-01 -1.777003e-02
1.123932e+01 7.774819e-01 -1.905094e-02
1.123932e+01 1.088445e+00 -1.884146e-02
1.123932e+01 1.523711e+00 -1.852748e-02
1.123932e+01 2.088426e+00 -1.858518e-02
1.123932e+01 2.685505e+00 -1.634435e-02
1.148411e+01 1.570796e-02 -6.857130e-05
1.148411e+01 2.346256e-02 -1.634483e-04
1.148411e+01 3.503514e-02 -4.038327e-04
1.148411e+01 5.263151e-02 -1.011825e-03
1.148411e+01 7.314235e-02 -1.894376e-03
1.148411e+01 1.025928e-01 -3.156732e-03
1.148411e+01 1.448116e-01 -4.780617e-03
1.148411e+01 2.023460e-01 -7.098319e-03
1.148411e+01 2.834245e-01 -1.001772e-02
1.148411e+01 3.967448e-01 -1.313859e-02
1.148411e+01 5.552783e-01 -1.575380e-02
1.148411e+01 7.774819e-01 -1.715887e-02
1.148411e+01 1.088445e+00 -1.722791e-02
1.148411e+01 1.523711e+00 -1.717986e-02
1.148411e+01 2.088426e+00 -1.734922e-02
1.148411e+01 2.685505e+00 -1.518691e-02
1.173379e+01 1.570796e-02 -5.854505e-05
1.173379e+01 2.346256e-02 -1.400892e-04
1.173379e+01 3.503514e-02 -3.473877e-04
1.173379e+01 5.263151e-02 -8.700909e-04
1.173379e+01 7.314235e-02 -1.627980e-03
1.173379e+01 1.025928e-01 -2.711873e-03
1.173379e+01 1.448116e-01 -4.112026e-03
1.173379e+01 2.023460e-01 -6.110435e-03
1.173379e+01 2.834245e-01 -8.657475e-03
1.173379e+01 3.967448e-01 -1.143500e-02
1.173379e+01 5.552783e-01 -1.387305e-02
1.173379e+01 7.774819e-01 -1.533337e-02
1.173379e+01 1.088445e+00 -1.564088e-02
1.173379e+01 1.523711e+00 -1.583545e-02
1.173379e+01 2.088426e+00 -1.611764e-02
1.173379e+01 2.685505e+00 -1.410757e-02
1.198847e+01 1.570796e-02 -4.998135e-05
1.198847e+01 2.346256e-02 -1.195503e-04
1.198847e+01 3.503514e-02 -2.971947e-04
1.198847e+01 5.263151e-02 -7.447930e-04
1.198847e+01 7.314235e-02 -1.392493e-03
1.198847e+01 1.025928e-01 -2.319782e-03
1.198847e+01 1.448116e-01 -3.520247e-03
1.198847e+01 2.023460e-01 -5.235964e-03
1.198847e+01 2.834245e-01 -7.441183e-03
1.198847e+01 3.967448e-01 -9.893737e-03
1.198847e+01 5.552783e-01 -1.211777e-02
1.198847e+01 7.774819e-01 -1.360344e-02
1.198847e+01 1.088445e+00 -1.410395e-02
1.198847e+01 1.523711e+00 -1.450174e-02
1.198847e+01 2.088426e+00 -1.487134e-02
1.198847e+01 2.685505e+00 -1.299438e-02
1.224824e+01 1.570796e-02 -4.266268e-05
1.224824e+01 2.346256e-02 -1.012925e-04
1.224824e+01 3.503514e-02 -2.526084e-04
1.224824e+01 5.263151e-02 -6.355218e-04
1.224824e+01 7.314235e-02 -1.186643e-03
1.224824e+01 1.025928e-01 -1.976993e-03
1.224824e+01 1.448116e-01 -3.000718e-03
1.224824e+01 2.023460e-01 -4.474600e-03
1.224824e+01 2.834245e-01 -6.368924e-03
1.224824e+01 3.967448e-01 -8.519533e-03
1.224824e+01 5.552783e-01 -1.053077e-02
1.224824e+01 7.774819e-01 -1.198489e-02
1.224824e+01 1.088445e+00 -1.262645e-02
1.224824e+01 1.523711e+00 -1.317210e-02
1.224824e+01 2.088426e+00 -1.361483e-02
1.224824e+01 2.685505e+00 -1.188557e-02
1.251320e+01 1.570796e-02 -3.603020e-05
1.251320e+01 2.346256e-02 -8.506649e-05
1.251320e+01 3.503514e-02 -2.130415e-04
1.251320e+01 5.263151e-02 -5.379361e-04
1.251320e+01 7.314235e-02 -1.003859e-03
1.251320e+01 1.025928e-01 -1.674269e-03
1.251320e+01 1.448116e-01 -2.544154e-03
1.251320e+01 2.023460e-01 -3.796700e-03
1.251320e+01 2.834245e-01 -5.413908e-03
1.251320e+01 3.967448e-01 -7.277117e-03
1.251320e+01 5.552783e-01 -9.073541e-03
1.251320e+01 7.774819e-01 -1.047204e-02
1.251320e+01 1.088445e+00 -1.122111e-02
1.251320e+01 1.523711e+00 -1.191050e-02
1.251320e+01 2.088426e+00 -1.244570e-02
1.251320e+01 2.685505e+00 -1.087955e-02
1.278347e+01 1.570796e-02 -3.022042e-05
1.278347e+01 2.346256e-02 -7.126565e-05
1.278347e+01 3.503514e-02 -1.795295e-04
1.278347e+01 5.263151e-02 -4.540239e-04
1.278347e+01 7.314235e-02 -8.459371e-04
1.278347e+01 1.025928e-01 -1.412362e-03
1.278347e+01 1.448116e-01 -2.146565e-03
1.278347e+01 2.023460e-01 -3.204902e-03
1.278347e+01 2.834245e-01 -4.578733e-03
1.278347e+01 3.967448e-01 -6.176998e-03
1.278347e+01 5.552783e-01 -7.765519e-03
1.278347e+01 7.774819e-01 -9.094463e-03
1.278347e+01 1.088445e+00 -9.903416e-03
1.278347e+01 1.523711e+00 -1.069762e-02
1.278347e+01 2.088426e+00 -1.128490e-02
1.278347e+01 2.685505e+00 -9.910691e-03
1.305914e+01 1.570796e-02 -2.536269e-05
1.305914e+01 2.346256e-02 -5.926933e-05
1.305914e+01 3.503514e-02 -1.502198e-04
1.305914e+01 5.263151e-02 -3.815742e-04
1.305914e+01 7.314235e-02 -7.099499e-04
1.305914e+01 1.025928e-01 -1.183854e-03
1.305914e+01 1.448116e-01 -1.802668e-03
1.305914e+01 2.023460e-01 -2.691767e-03
1.305914e+01 2.834245e-01 -3.854318e-03
1.305914e+01 3.967448e-01 -5.214058e-03
1.305914e+01 5.552783e-01 -6.602966e-03
1.305914e+01 7.774819e-01 -7.842770e-03
1.305914e+01 1.088445e+00 -8.682434e-03
1.305914e+01 1.523711e+00 -9.530313e-03
1.305914e+01 2.088426e+00 -1.017223e-02
1.305914e+01 2.685505e+00 -8.974545e-03
1.334032e+01 1.570796e-02 -2.103651e-05
1.334032e+01 2.346256e-02 -4.958665e-05
1.334032e+01 3.503514e-02 -1.250303e-04
1.334032e+01 5.263151e-02 -3.181971e-04
1.334032e+01 7.314235e-02 -5.922854e-04
1.334032e+01 1.025928e-01 -9.870889e-04
1.334032e+01 1.448116e-01 -1.505139e-03
1.334032e+01 2.023460e-01 -2.247837e-03
1.334032e+01 2.834245e-01 -3.226318e-03
1.334032e+01 3.967448e-01 -4.372424e-03
1.334032e+01 5.552783e-01 -5.582011e-03
1.334032e+01 7.774819e-01 -6.724267e-03
1.334032e+01 1.088445e+00 -7.565892e-03
1.334032e+01 1.523711e+00 -8.440255e-03
1.334032e+01 2.088426e+00 -9.116852e-03
1.334032e+01 2.685505e+00 -8.108789e-03
1.362713e+01 1.570796e-02 -1.743276e-05
1.362713e+01 2.346256e-02 -4.098179e-05
1.362713e+01 3.503514e-02 -1.036324e-04
1.362713e+01 5.263151e-02 -2.639311e-04
1.362713e+01 7.314235e-02 -4.912755e-04
1.362713e+01 1.025928e-01 -8.182254e-04
1.362713e+01 1.448116e-01 -1.248557e-03
1.362713e+01 2.023460e-01 -1.867661e-03
1.362713e+01 2.834245e-01 -2.682461e-03
1.362713e+01 3.967448e-01 -3.648078e-03
1.362713e+01 5.552783e-01 -4.687353e-03
1.362713e+01 7.774819e-01 -5.718261e-03
1.362713e+01 1.088445e+00 -6.545339e-03
1.362713e+01 1.523711e+00 -7.425448e-03
1.362713e+01 2.088426e+00 -8.118714e-03
1.362713e+01 2.685505e+00 -7.271126e-03
1.391967e+01 1.570796e-02 -1.438177e-05
1.391967e+01 2.346256e-02 -3.396616e-05
1.391967e+01 3.503514e-02 -8.515638e-05
1.391967e+01 5.263151e-02 -2.178074e-04
1.391967e+01 7.314235e-02 -4.048261e-04
1.391967e+01 1.025928e-01 -6.758115e-04
1.391967e+01 1.448116e-01 -1.032223e-03
1.391967e+01 2.023460e-01 -1.543315e-03
1.391967e+01 2.834245e-01 -2.220174e-03
1.391967e+01 3.967448e-01 -3.028936e-03
1.391967e+01 5.552783e-01 -3.914529e-03
1.391967e+01 7.774819e-01 -4.833655e-03
1.391967e+01 1.088445e+00 -5.631480e-03
1.391967e+01 1.523711e+00 -6.486758e-03
1.391967e+01 2.088426e+00 -7.174726e-03
1.391967e+01 2.685505e+00 -6.453490e-03
1.421806e+01 1.570796e-02 -1.186559e-05
1.421806e+01 2.346256e-02 -2.767284e-05
1.421806e+01 3.503514e-02 -6.965414e-05
1.421806e+01 5.263151e-02 -1.788474e-04
1.421806e+01 7.314235e-02 -3.321888e-04
1.421806e+01 1.025928e-01 -5.537498e-04
1.421806e+01 1.448116e-01 -8.485178e-04
1.421806e+01 2.023460e-01 -1.265473e-03
1.421806e+01 2.834245e-01 -1.826025e-03
1.421806e+01 3.967448e-01 -2.496451e-03
1.421806e+01 5.552783e-01 -3.248163e-03
1.421806e+01 7.774819e-01 -4.062173e-03
1.421806e+01 1.088445e+00 -4.809548e-03
1.421806e+01 1.523711e+00 -5.635621e-03
1.421806e+01 2.088426e+00 -6.298178e-03
1.421806e+01 2.685505e+00 -5.690435e-03
1.452242e+01 1.570796e-02 -9.733864e-06
1.452242e+01 2.346256e-02 -2.273450e-05
1.452242e+01 3.503514e-02 -5.681106e-05
1.452242e+01 5.263151e-02 -1.464145e-04
1.452242e+01 7.314235e-02 -2.709280e-04
1.452242e+01 1.025928e-01 -4.531576e-04
1.452242e+01 1.448116e-01 -6.928416e-04
1.452242e+01 2.023460e-01 -1.033796e-03
1.452242e+01 2.834245e-01 -1.493250e-03
1.452242e+01 3.967448e-01 -2.047781e-03
1.452242e+01 5.552783e-01 -2.679504e-03
1.452242e+01 7.774819e-01 -3.392494e-03
1.452242e+01 1.088445e+00 -4.082538e-03
1.452242e+01 1.523711e+00 -4.867281e-03
1.452242e+01 2.088426e+00 -5.505048e-03
1.452242e+01 2.685505e+00 -5.012945e-03
1.483287e+01 1.570796e-02 -7.899657e-06
1.483287e+01 2.346256e-02 -1.851725e-05
1.483287e+01 3.503514e-02 -4.608805e-05
1.483287e+01 5.263151e-02 -1.189113e-04
1.483287e+01 7.314235e-02 -2.198018e-04
1.483287e+01 1.025928e-01 -3.682867e-04
1.483287e+01 1.448116e-01 -5.622164e-04
1.483287e+01 2.023460e-01 -8.406482e-04
1.483287e+01 2.834245e-01 -1.214657e-03
1.483287e+01 3.967448e-01 -1.672181e-03
1.483287e+01 5.552783e-01 -2.200340e-03
1.483287e+01 7.774819e-01 -2.815333e-03
1.483287e+01 1.088445e+00 -3.446036e-03
1.483287e+01 1.523711e+00 -4.176267e-03
1.483287e+01 2.088426e+00 -4.779364e-03
1.483287e+01 2.685505e+00 -4.369206e-03
1.514953e+01 1.570796e-02 -6.380794e-06
1.514953e+01 2.346256e-02 -1.472885e-05
1.514953e+01 3.503514e-02 -3.719972e-05
1.514953e+01 5.263151e-02 -9.556598e-05
1.514953e+01 7.314235e-02 -1.776788e-04
1.514953e+01 1.025928e-01 -2.972431e-04
1.514953e+01 1.448116e-01 -4.542192e-04
1.514953e+01 2.023460e-01 -6.804362e-04
1.514953e+01 2.834245e-01 -9.840633e-04
1.514953e+01 3.967448e-01 -1.357425e-03
1.514953e+01 5.552783e-01 -1.795375e-03
1.514953e+01 7.774819e-01 -2.324918e-03
1.514953e+01 1.088445e+00 -2.890000e-03
1.514953e+01 1.523711e+00 -3.550813e-03
1.514953e+01 2.088426e+00 -4.107922e-03
1.514953e+01 2.685505e+00 -3.779152e-03
1.547252e+01 1.570796e-02 -5.116336e-06
1.547252e+01 2.346256e-02 -1.172918e-05
1.547252e+01 3.503514e-02 -2.959489e-05
1.547252e+01 5.263151e-02 -7.639277e-05
1.547252e+01 7.314235e-02 -1.417406e-04
1.547252e+01 1.025928e-01 -2.375080e-04
1.547252e+01 1.448116e-01 -3.630592e-04
1.547252e+01 2.023460e-01 -5.450530e-04
1.547252e+01 2.834245e-01 -7.874007e-04
1.547252e+01 3.967448e-01 -1.089972e-03
1.547252e+01 5.552783e-01 -1.450566e-03
1.547252e+01 7.774819e-01 -1.897647e-03
1.547252e+01 1.088445e+00 -2.398178e-03
1.547252e+01 1.523711e+00 -2.990807e-03
1.547252e+01 2.088426e+00 -3.503566e-03
1.547252e+01 2.685505e+00 -3.245058e-03
1.580197e+01 1.570796e-02 -4.096418e-06
1.580197e+01 2.346256e-02 -9.302961e-06
1.580197e+01 3.503514e-02 -2.354916e-05
1.580197e+01 5.263151e-02 -6.081388e-05
1.580197e+01 7.314235e-02 -1.131044e-04
1.580197e+01 1.025928e-01 -1.894903e-04
1.580197e+01 1.448116e-01 -2.894734e-04
1.580197e+01 2.023460e-01 -4.343721e-04
1.580197e+01 2.834245e-01 -6.299300e-04
1.580197e+01 3.967448e-01 -8.727547e-04
1.580197e+01 5.552783e-01 -1.168342e-03
1.580197e+01 7.774819e-01 -1.543948e-03
1.580197e+01 1.088445e+00 -1.980929e-03
1.580197e+01 1.523711e+00 -2.512088e-03
1.580197e+01 2.088426e+00 -2.975012e-03
1.580197e+01 2.685505e+00 -2.773971e-03
1.613801e+01 1.570796e-02 -3.281439e-06
1.613801e+01 2.346256e-02 -7.371091e-06
1.613801e+01 3.503514e-02 -1.859457e-05
1.613801e+01 5.263151e-02 -4.807657e-05
1.613801e+01 7.314235e-02 -8.940929e-05
1.613801e+01 1.025928e-01 -1.502623e-04
1.613801e+01 1.448116e-01 -2.301964e-04
1.613801e+01 2.023460e-01 -3.448409e-04
1.613801e+01 2.834245e-01 -5.003842e-04
1.613801e+01 3.967448e-01 -6.942668e-04
1.613801e+01 5.552783e-01 -9.359952e-04
1.613801e+01 7.774819e-01 -1.249118e-03
1.613801e+01 1.088445e+00 -1.625855e-03
1.613801e+01 1.523711e+00 -2.095181e-03
1.613801e+01 2.088426e+00 -2.509975e-03
1.613801e+01 2.685505e+00 -2.355118e-03
1.648077e+01 1.570796e-02 -2.604939e-06
1.648077e+01 2.346256e-02 -5.748934e-06
1.648077e+01 3.503514e-02 -1.467163e-05
1.648077e+01 5.263151e-02 -3.783466e-05
1.648077e+01 7.314235e-02 -7.038073e-05
1.648077e+01 1.025928e-01 -1.186924e-04
1.648077e+01 1.448116e-01 -1.814474e-04
1.648077e+01 2.023460e-01 -2.724731e-04
1.648077e+01 2.834245e-01 -3.959781e-04
1.648077e+01 3.967448e-01 -5.508576e-04
1.648077e+01 5.552783e-01 -7.465341e-04
1.648077e+01 7.774819e-01 -1.005671e-03
1.648077e+01 1.088445e+00 -1.327514e-03
1.648077e+01 1.523711e+00 -1.733737e-03
1.648077e+01 2.088426e+00 -2.096917e-03
1.648077e+01 2.685505e+00 -1.972080e-03
1.683038e+01 1.570796e-02 -2.047048e-06
1.683038e+01 2.346256e-02 -4.423771e-06
1.683038e+01 3.503514e-02 -1.125206e-05
1.683038e+01 5.263151e-02 -2.958788e-05
1.683038e+01 7.314235e-02 -5.516503e-05
1.683038e+01 1.025928e-01 -9.243348e-05
1.683038e+01 1.448116e-01 -1.418338e-04
1.683038e+01 2.023460e-01 -2.129462e-04
1.683038e+01 2.834245e-01 -3.099178e-04
1.683038e+01 3.967448e-01 -4.316642e-04
1.683038e+01 5.552783e-01 -5.891373e-04
1.683038e+01 7.774819e-01 -8.017461e-04
1.683038e+01 1.088445e+00 -1.070009e-03
1.683038e+01 1.523711e+00 -1.415038e-03
1.683038e+01 2.088426e+00 -1.727862e-03
1.683038e+01 2.685505e+00 -1.629538e-03
1.718699e+01 1.570796e-02 -1.574927e-06
1.718699e+01 2.346256e-02 -3.449239e-06
1.718699e+01 3.503514e-02 -8.695681e-06
1.718699e+01 5.263151e-02 -2.293101e-05
1.718699e+01 7.314235e-02 -4.282185e-05
1.718699e+01 1.025928e-01 -7.137232e-05
1.718699e+01 1.448116e-01 -1.104115e-04
1.718699e+01 2.023460e-01 -1.655517e-04
1.718699e+01 2.834245e-01 -2.406914e-04
1.718699e+01 3.967448e-01 -3.359823e-04
1.718699e+01 5.552783e-01 -4.614755e-04
1.718699e+01 7.774819e-01 -6.344669e-04
1.718699e+01 1.088445e+00 -8.545164e-04
1.718699e+01 1.523711e+00 -1.145728e-03
1.718699e+01 2.088426e+00 -1.412869e-03
1.718699e+01 2.685505e+00 -1.335174e-03
1.755073e+01 1.570796e-02 -1.239824e-06
1.755073e+01 2.346256e-02 -2.591884e-06
1.755073e+01 3.503514e-02 -6.732311e-06
1.755073e+01 5.263151e-02 -1.764611e-05
1.755073e+01 7.314235e-02 -3.271926e-05
1.755073e+01 1.025928e-01 -5.478089e-05
1.755073e+01 1.448116e-01 -8.485346e-05
1.755073e+01 2.023460e-01 -1.273805e-04
1.755073e+01 2.834245e-01 -1.854636e-04
1.755073e+01 3.967448e-01 -2.592593e-04
1.755073e+01 5.552783e-01 -3.585894e-04
1.755073e+01 7.774819e-01 -4.974133e-04
1.755073e+01 1.088445e+00 -6.765348e-04
1.755073e+01 1.523711e+00 -9.167714e-04
1.755073e+01 2.088426e+00 -1.138416e-03
1.755073e+01 2.685505e+00 -1.075130e-03
1.792175e+01 1.570796e-02 -9.484515e-07
1.792175e+01 2.346256e-02 -1.928227e-06
1.792175e+01 3.503514e-02 -5.094193e-06
1.792175e+01 5.263151e-02 -1.347335e-05
1.792175e+01 7.314235e-02 -2.479257e-05
1.792175e+01 1.025928e-01 -4.171955e-05
1.792175e+01 1.448116e-01 -6.453988e-05
1.792175e+01 2.023460e-01 -9.701027e-05
1.792175e+01 2.834245e-01 -1.412927e-04
1.792175e+01 3.967448e-01 -1.982078e-04
1.792175e+01 5.552783e-01 -2.757197e-04
1.792175e+01 7.774819e-01 -3.859999e-04
1.792175e+01 1.088445e+00 -5.295163e-04
1.792175e+01 1.523711e+00 -7.258617e-04
1.792175e+01 2.088426e+00 -9.072930e-04
1.792175e+01 2.685505e+00 -8.601768e-04
1.830018e+01 1.570796e-02 -7.249561e-07
1.830018e+01 2.346256e-02 -1.451748e-06
1.830018e+01 3.503514e-02 -3.890462e-06
1.830018e+01 5.263151e-02 -1.012418e-05
1.830018e+01 7.314235e-02 -1.869305e-05
1.830018e+01 1.025928e-01 -3.129725e-05
1.830018e+01 1.448116e-01 -4.838570e-05
1.830018e+01 2.023460e-01 -7.313895e-05
1.830018e+01 2.834245e-01 -1.065882e-04
1.830018e+01 3.967448e-01 -1.497624e-04
1.830018e+01 5.552783e-01 -2.095777e-04
1.830018e+01 7.774819e-01 -2.967816e-04
1.830018e+01 1.088445e+00 -4.088894e-04
1.830018e+01 1.523711e+00 -5.646172e-04
1.830018e+01 2.088426e+00 -7.106104e-04
1.830018e+01 2.685505e+00 -6.708736e-04
1.868618e+01 1.570796e-02 -5.483207e-07
1.868618e+01 2.346256e-02 -1.062442e-06
1.868618e+01 3.503514e-02 -2.873938e-06
1.868618e+01 5.263151e-02 -7.642304e-06
1.868618e+01 7.314235e-02 -1.380009e-05
1.868618e+01 1.025928e-01 -2.329657e-05
1.868618e+01 1.448116e-01 -3.565039e-05
1.868618e+01 2.023460e-01 -5.420008e-05
1.868618e+01 2.834245e-01 -7.916342e-05
1.868618e+01 3.967448e-01 -1.111413e-04
1.868618e+01 5.552783e-01 -1.570225e-04
1.868618e+01 7.774819e-01 -2.237459e-04
1.868618e+01 1.088445e+00 -3.102930e-04
1.868618e+01 1.523711e+00 -4.315052e-04
1.868618e+01 2.088426e+00 -5.426068e-04
1.868618e+01 2.685505e+00 -5.130653e-04
1.907991e+01 1.570796e-02 -4.025749e-07
1.907991e+01 2.346256e-02 -7.617595e-07
1.907991e+01 3.503514e-02 -2.098701e-06
1.907991e+01 5.263151e-02 -5.567842e-06
1.907991e+01 7.314235e-02 -1.008969e-05
1.907991e+01 1.025928e-01 -1.677534e-05
1.907991e+01 1.448116e-01 -2.604667e-05
1.907991e+01 2.023460e-01 -3.956842e-05
1.907991e+01 2.834245e-01 -5.760424e-05
1.907991e+01 3.967448e-01 -8.114500e-05
1.907991e+01 5.552783e-01 -1.155116e-04
1.907991e+01 7.774819e-01 -1.659340e-04
1.907991e+01 1.088445e+00 -2.310176e-04
1.907991e+01 1.523711e+00 -3.222067e-04
1.907991e+01 2.088426e+00 -4.075203e-04
1.907991e+01 2.685505e+00 -3.866792e-04
1.948151e+01 1.570796e-02 -2.933746e-07
1.948151e+01 2.346256e-02 -5.331682e-07
1.948151e+01 3.503514e-02 -1.490512e-06
1.948151e+01 5.263151e-02 -3.972541e-06
1.948151e+01 7.314235e-02 -7.198183e-06
1.948151e+01 1.025928e-01 -1.196453e-05
1.948151e+01 1.448116e-01 -1.867510e-05
1.948151e+01 2.023460e-01 -2.832630e-05
1.948151e+01 2.834245e-01 -4.131730e-05
1.948151e+01 3.967448e-01 -5.838569e-05
1.948151e+01 5.552783e-01 -8.371923e-05
1.948151e+01 7.774819e-01 -1.210599e-04
1.948151e+01 1.088445e+00 -1.690371e-04
1.948151e+01 1.523711e+00 -2.376655e-04
1.948151e+01 2.088426e+00 -3.024800e-04
1.948151e+01 2.685505e+00 -2.860078e-04
1.989114e+01 1.570796e-02 -2.119405e-07
1.989114e+01 2.346256e-02 -3.786090e-07
1.989114e+01 3.503514e-02 -1.042048e-06
1.989114e+01 5.263151e-02 -2.822705e-06
1.989114e+01 7.314235e-02 -5.110687e-06
1.989114e+01 1.025928e-01 -8.395396e-06
1.989114e+01 1.448116e-01 -1.325203e-05
1.989114e+01 2.023460e-01 -2.004843e-05
1.989114e+01 2.834245e-01 -2.935052e-05
1.989114e+01 3.967448e-01 -4.151076e-05
1.989114e+01 5.552783e-01 -5.967354e-05
1.989114e+01 7.774819e-01 -8.707331e-05
1.989114e+01 1.088445e+00 -1.218285e-04
1.989114e+01 1.523711e+00 -1.725195e-04
1.989114e+01 2.088426e+00 -2.209887e-04
1.989114e+01 2.685505e+00 -2.103080e-04
2.030896e+01 1.570796e-02 -1.540242e-07
2.030896e+01 2.346256e-02 -2.607432e-07
2.030896e+01 3.503514e-02 -7.379704e-07
2.030896e+01 5.263151e-02 -1.952535e-06
2.030896e+01 7.314235e-02 -3.538500e-06
2.030896e+01 1.025928e-01 -5.812705e-06
2.030896e+01 1.448116e-01 -9.181457e-06
2.030896e+01 2.023460e-01 -1.400343e-05
2.030896e+01 2.834245e-01 -2.051039e-05
2.030896e+01 3.967448e-01 -2.908604e-05
2.030896e+01 5.552783e-01 -4.195827e-05
2.030896e+01 7.774819e-01 -6.131721e-05
2.030896e+01 1.088445e+00 -8.582583e-05
2.030896e+01 1.523711e+00 -1.222406e-04
2.030896e+01 2.088426e+00 -1.573818e-04
2.030896e+01 2.685505e+00 -1.505368e-04
2.073514e+01 1.570796e-02 -1.024526e-07
2.073514e+01 2.346256e-02 -1.706276e-07
2.073514e+01 3.503514e-02 -5.023579e-07
2.073514e+01 5.263151e-02 -1.315684e-06
2.073514e+01 7.314235e-02 -2.400417e-06
2.073514e+01 1.025928e-01 -3.939585e-06
2.073514e+01 1.448116e-01 -6.242958e-06
2.073514e+01 2.023460e-01 -9.506751e-06
2.073514e+01 2.834245e-01 -1.393863e-05
2.073514e+01 3.967448e-01 -1.983885e-05
2.073514e+01 5.552783e-01 -2.891289e-05
2.073514e+01 7.774819e-01 -4.251910e-05
2.073514e+01 1.088445e+00 -5.944883e-05
2.073514e+01 1.523711e+00 -8.527592e-05
2.073514e+01 2.088426e+00 -1.108869e-04
2.073514e+01 2.685505e+00 -1.070101e-04
2.116984e+01 1.570796e-02 -7.552072e-08
2.116984e+01 2.346256e-02 -1.068694e-07
2.116984e+01 3.503514e-02 -3.364409e-07
2.116984e+01 5.263151e-02 -8.604222e-07
2.116984e+01 7.314235e-02 -1.594230e-06
2.116984e+01 1.025928e-01 -2.614411e-06
2.116984e+01 1.448116e-01 -4.159833e-06
2.116984e+01 2.023460e-01 -6.280769e-06
2.116984e+01 2.834245e-01 -9.309980e-06
2.116984e+01 3.967448e-01 -1.333286e-05
2.116984e+01 5.552783e-01 -1.957792e-05
2.116984e+01 7.774819e-01 -2.883015e-05
2.116984e+01 1.088445e+00 -4.070815e-05
2.116984e+01 1.523711e+00 -5.873601e-05
2.116984e+01 2.088426e+00 -7.666794e-05
2.116984e+01 2.685505e+00 -7.374085e-05
2.161324e+01 1.570796e-02 -4.940290e-08
2.161324e+01 2.346256e-02 -6.263145e-08
2.161324e+01 3.503514e-02 -2.131138e-07
2.161324e+01 5.263151e-02 -5.552768e-07
2.161324e+01 7.314235e-02 -1.033957e-06
2.161324e+01 1.025928e-01 -1.701921e-06
2.161324e+01 1.448116e-01 -2.716414e-06
2.161324e+01 2.023460e-01 -4.118529e-06
2.161324e+01 2.834245e-01 -6.095660e-06
2.161324e+01 3.967448e-01 -8.851164e-06
2.161324e+01 5.552783e-01 -1.300465e-05
2.161324e+01 7.774819e-01 -1.920170e-05
2.161324e+01 1.088445e+00 -2.738500e-05
2.161324e+01 1.523711e+00 -3.949312e-05
2.161324e+01 2.088426e+00 -5.141726e-05
2.161324e+01 2.685505e+00 -4.932666e-05
2.206550e+01 1.570796e-02 -3.189123e-08
2.206550e+01 2.346256e-02 -3.873577e-08
2.206550e+01 3.503514e-02 -1.414546e-07
2.206550e+01 5.263151e-02 -3.558377e-07
2.206550e+01 7.314235e-02 -6.606304e-07
2.206550e+01 1.025928e-01 -1.086958e-06
2.206550e+01 1.448116e-01 -1.738361e-06
2.206550e+01 2.023460e-01 -2.626045e-06
2.206550e+01 2.834245e-01 -3.910223e-06
2.206550e+01 3.967448e-01 -5.698799e-06
2.206550e+01 5.552783e-01 -8.406262e-06
2.206550e+01 7.774819e-01 -1.249383e-05
2.206550e+01 1.088445e+00 -1.801027e-05
2.206550e+01 1.523711e+00 -2.599298e-05
2.206550e+01 2.088426e+00 -3.397958e-05
2.206550e+01 2.685505e+00 -3.279079e-05
2.252681e+01 1.570796e-02 -1.956422e-08
2.252681e+01 2.346256e-02 -2.295984e-08
2.252681e+01 3.503514e-02 -8.975112e-08
2.252681e+01 5.263151e-02 -2.117015e-07
2.252681e+01 7.314235e-02 -4.053027e-07
2.252681e+01 1.025928e-01 -6.642911e-07
2.252681e+01 1.448116e-01 -1.088346e-06
2.252681e+01 2.023460e-01 -1.640782e-06
2.252681e+01 2.834245e-01 -2.433972e-06
2.252681e+01 3.967448e-01 -3.625634e-06
2.252681e+01 5.552783e-01 -5.340007e-06
2.252681e+01 7.774819e-01 -7.959820e-06
2.252681e+01 1.088445e+00 -1.163144e-05
2.252681e+01 1.523711e+00 -1.691505e-05
2.252681e+01 2.088426e+00 -2.198884e-05
2.252681e+01 2.685505e+00 -2.087784e-05
2.299735e+01 1.570796e-02 -1.247259e-08
2.299735e+01 2.346256e-02 -1.593004e-08
2.299735e+01 3.503514e-02 -5.338739e-08
2.299735e+01 5.263151e-02 -1.282352e-07
2.299735e+01 7.314235e-02 -2.461494e-07
2.299735e+01 1.025928e-01 -3.959031e-07
2.299735e+01 1.448116e-01 -6.362698e-07
2.299735e+01 2.023460e-01 -9.582364e-07
2.299735e+01 2.834245e-01 -1.451562e-06
2.299735e+01 3.967448e-01 -2.140974e-06
2.299735e+01 5.552783e-01 -3.229850e-06
2.299735e+01 7.774819e-01 -4.868330e-06
2.299735e+01 1.088445e+00 -7.129584e-06
2.299735e+01 1.523711e+00 -1.043423e-05
2.299735e+01 2.088426e+00 -1.375739e-05
2.299735e+01 2.685505e+00 -1.303428e-05
2.347730e+01 1.570796e-02 3.653947e-10
2.347730e+01 2.346256e-02 8.791916e-10
2.347730e+01 3.503514e-02 2.094252e-09
2.347730e+01 5.263151e-02 5.171631e-09
2.347730e+01 7.314235e-02 9.929774e-09
2.347730e+01 1.025928e-01 1.650105e-08
2.347730e+01 1.448116e-01 2.525951e-08
2.347730e+01 2.023460e-01 3.724757e-08
2.347730e+01 2.834245e-01 5.428189e-08
2.347730e+01 3.967448e-01 7.769228e-08
2.347730e+01 5.552783e-01 1.087054e-07
2.347730e+01 7.774819e-01 1.419206e-07
2.347730e+01 1.088445e+00 1.585470e-07
2.347730e+01 1.523711e+00 1.404577e-07
2.347730e+01 2.088426e+00 9.410099e-08
2.347730e+01 2.685505e+00 4.292683e-08
2.396684e+01 1.570796e-02 3.423580e-10
2.396684e+01 2.346256e-02 8.227929e-10
2.396684e+01 3.503514e-02 1.961244e-09
2.396684e+01 5.263151e-02 4.841242e-09
2.396684e+01 7.314235e-02 9.297219e-09
2.396684e+01 1.025928e-01 1.545282e-08
2.396684e+01 1.448116e-01 2.367160e-08
2.396684e+01 2.023460e-01 3.497872e-08
2.396684e+01 2.834245e-01 5.121592e-08
2.396684e+01 3.967448e-01 7.379199e-08
2.396684e+01 5.552783e-01 1.039929e-07
2.396684e+01 7.774819e-01 1.365400e-07
2.396684e+01 1.088445e+00 1.536923e-07
2.396684e+01 1.523711e+00 1.379167e-07
2.396684e+01 2.088426e+00 9.403047e-08
2.396684e+01 2.685505e+00 4.332602e-08
2.446618e+01 1.570796e-02 3.193951e-10
2.446618e+01 2.346256e-02 7.672129e-10
2.446618e+01 3.503514e-02 1.830096e-09
2.446618e+01 5.263151e-02 4.515226e-09
2.446618e+01 7.314235e-02 8.674238e-09
2.446618e+01 1.025928e-01 1.442142e-08
2.446618e+01 1.448116e-01 2.211031e-08
2.446618e+01 2.023460e-01 3.274926e-08
2.446618e+01 2.834245e-01 4.819525e-08
2.446618e+01 3.967448e-01 6.991947e-08
2.446618e+01 5.552783e-01 9.921081e-08
2.446618e+01 7.774819e-01 1.310054e-07
2.446618e+01 1.088445e+00 1.485324e-07
2.446618e+01 1.523711e+00 1.352158e-07
2.446618e+01 2.088426e+00 9.398785e-08
2.446618e+01 2.685505e+00 4.386480e-08
2.497550e+01 1.570796e-02 2.968554e-10
2.497550e+01 2.346256e-02 7.128593e-10
2.497550e+01 3.503514e-02 1.701492e-09
2.497550e+01 5.263151e-02 4.195810e-09
2.497550e+01 7.314235e-02 8.063913e-09
2.497550e+01 1.025928e-01 1.341182e-08
2.497550e+01 1.448116e-01 2.058158e-08
2.497550e+01 2.023460e-01 3.056751e-08
2.497550e+01 2.834245e-01 4.522558e-08
2.497550e+01 3.967448e-01 6.605414e-08
2.497550e+01 5.552783e-01 9.434348e-08
2.497550e+01 7.774819e-01 1.252588e-07
2.497550e+01 1.088445e+00 1.431244e-07
2.497550e+01 1.523711e+00 1.322817e-07
2.497550e+01 2.088426e+00 9.392656e-08
2.497550e+01 2.685505e+00 4.456355e-08
2.549501e+01 1.570796e-02 2.747727e-10
2.549501e+01 2.346256e-02 6.596371e-10
2.549501e+01 3.503514e-02 1.575516e-09
2.549501e+01 5.263151e-02 3.883578e-09
2.549501e+01 7.314235e-02 7.468859e-09
2.549501e+01 1.025928e-01 1.242632e-08
2.549501e+01 1.448116e-01 1.908952e-08
2.549501e+01 2.023460e-01 2.842872e-08
2.549501e+01 2.834245e-01 4.229992e-08
2.549501e+01 3.967448e-01 6.219243e-08
2.549501e+01 5.552783e-01 8.938560e-08
2.549501e+01 7.774819e-01 1.193002e-07
2.549501e+01 1.088445e+00 1.374162e-07
2.549501e+01 1.523711e+00 1.291163e-07
2.549501e+01 2.088426e+00 9.382538e-08
2.549501e+01 2.685505e+00 4.545521e-08
2.602491e+01 1.570796e-02 2.531559e-10
2.602491e+01 2.346256e-02 6.077007e-10
2.602491e+01 3.503514e-02 1.452560e-09
2.602491e+01 5.263151e-02 3.579409e-09
2.602491e+01 7.314235e-02 6.887955e-09
2.602491e+01 1.025928e-01 1.146431e-08
2.602491e+01 1.448116e-01 1.763309e-08
2.602491e+01 2.023460e-01 2.634034e-08
2.602491e+01 2.834245e-01 3.941811e-08
2.602491e+01 3.967448e-01 5.832723e-08
2.602491e+01 5.552783e-01 8.431815e-08
2.602491e+01 7.774819e-01 1.131235e-07
2.602491e+01 1.088445e+00 1.314313e-07
2.602491e+01 1.523711e+00 1.256935e-07
2.602491e+01 2.088426e+00 9.371558e-08
2.602491e+01 2.685505e+00 4.658970e-08
2.656541e+01 1.570796e-02 2.321315e-10
2.656541e+01 2.346256e-02 5.574216e-10
2.656541e+01 3.503514e-02 1.332596e-09
2.656541e+01 5.263151e-02 3.283676e-09
2.656541e+01 7.314235e-02 6.321856e-09
2.656541e+01 1.025928e-01 1.052816e-08
2.656541e+01 1.448116e-01 1.621393e-08
2.656541e+01 2.023460e-01 2.429977e-08
2.656541e+01 2.834245e-01 3.657230e-08
2.656541e+01 3.967448e-01 5.446539e-08
2.656541e+01 5.552783e-01 7.916461e-08
2.656541e+01 7.774819e-01 1.067355e-07
2.656541e+01 1.088445e+00 1.251630e-07
2.656541e+01 1.523711e+00 1.219565e-07
2.656541e+01 2.088426e+00 9.345535e-08
2.656541e+01 2.685505e+00 4.803554e-08
2.711672e+01 1.570796e-02 2.117140e-10
2.711672e+01 2.346256e-02 5.084275e-10
2.711672e+01 3.503514e-02 1.215980e-09
2.711672e+01 5.263151e-02 2.995628e-09
2.711672e+01 7.314235e-02 5.771298e-09
2.711672e+01 1.025928e-01 9.618347e-09
2.711672e+01 1.448116e-01 1.482926e-08
2.711672e+01 2.023460e-01 2.230451e-08
2.711672e+01 2.834245e-01 3.376407e-08
2.711672e+01 3.967448e-01 5.058663e-08
2.711672e+01 5.552783e-01 7.390143e-08
2.711672e+01 7.774819e-01 1.001361e-07
2.711672e+01 1.088445e+00 1.185724e-07
2.711672e+01 1.523711e+00 1.178406e-07
2.711672e+01 2.088426e+00 9.296059e-08
2.711672e+01 2.685505e+00 4.975883e-08
2.767905e+01 1.570796e-02 1.917661e-10
2.767905e+01 2.346256e-02 4.604911e-10
2.767905e+01 3.503514e-02 1.102474e-09
2.767905e+01 5.263151e-02 2.715698e-09
2.767905e+01 7.314235e-02 5.235734e-09
2.767905e+01 1.025928e-01 8.731606e-09
2.767905e+01 1.448116e-01 1.348177e-08
2.767905e+01 2.023460e-01 2.035007e-08
2.767905e+01 2.834245e-01 3.098580e-08
2.767905e+01 3.967448e-01 4.668574e-08
2.767905e+01 5.552783e-01 6.851010e-08
2.767905e+01 7.774819e-01 9.330913e-08
2.767905e+01 1.088445e+00 1.116442e-07
2.767905e+01 1.523711e+00 1.132826e-07
2.767905e+01 2.088426e+00 9.228003e-08
2.767905e+01 2.685505e+00 5.178322e-08
2.825263e+01 1.570796e-02 1.724478e-10
2.825263e+01 2.346256e-02 4.141964e-10
2.825263e+01 3.503514e-02 9.918341e-10
2.825263e+01 5.263151e-02 2.443469e-09
2.825263e+01 7.314235e-02 4.714743e-09
2.825263e+01 1.025928e-01 7.869554e-09
2.825263e+01 1.448116e-01 1.216517e-08
2.825263e+01 2.023460e-01 1.843235e-08
2.825263e+01 2.834245e-01 2.823128e-08
2.825263e+01 3.967448e-01 4.275248e-08
2.825263e+01 5.552783e-01 6.301799e-08
2.825263e+01 7.774819e-01 8.626842e-08
2.825263e+01 1.088445e+00 1.043077e-07
2.825263e+01 1.523711e+00 1.082345e-07
2.825263e+01 2.088426e+00 9.120135e-08
2.825263e+01 2.685505e+00 5.410237e-08
2.883769e+01 1.570796e-02 1.536403e-10
2.883769e+01 2.346256e-02 3.689803e-10
2.883769e+01 3.503514e-02 8.843126e-10
2.883769e+01 5.263151e-02 2.178755e-09
2.883769e+01 7.314235e-02 4.207014e-09
2.883769e+01 1.025928e-01 7.028990e-09
2.883769e+01 1.448116e-01 1.088101e-08
2.883769e+01 2.023460e-01 1.655008e-08
2.883769e+01 2.834245e-01 2.549105e-08
2.883769e+01 3.967448e-01 3.878399e-08
2.883769e+01 5.552783e-01 5.740845e-08
2.883769e+01 7.774819e-01 7.900717e-08
2.883769e+01 1.088445e+00 9.659980e-08
2.883769e+01 1.523711e+00 1.025279e-07
2.883769e+01 2.088426e+00 8.965526e-08
2.883769e+01 2.685505e+00 5.657937e-08
2.943444e+01 1.570796e-02 1.354109e-10
2.943444e+01 2.346256e-02 3.251137e-10
2.943444e+01 3.503514e-02 7.796085e-10
2.943444e+01 5.263151e-02 1.921132e-09
2.943444e+01 7.314235e-02 3.712627e-09
2.943444e+01 1.025928e-01 6.209730e-09
2.943444e+01 1.448116e-01 9.626055e-09
2.943444e+01 2.023460e-01 1.469885e-08
2.943444e+01 2.834245e-01 2.276450e-08
2.943444e+01 3.967448e-01 3.478659e-08
2.943444e+01 5.552783e-01 5.168618e-08
2.943444e+01 7.774819e-01 7.152263e-08
2.943444e+01 1.088445e+00 8.845235e-08
2.943444e+01 1.523711e+00 9.613074e-08
2.943444e+01 2.088426e+00 8.743760e-08
2.943444e+01 2.685505e+00 5.904496e-08
3.004313e+01 1.570796e-02 1.176230e-10
3.004313e+01 2.346256e-02 2.823863e-10
3.004313e+01 3.503514e-02 6.778171e-10
3.004313e+01 5.263151e-02 1.670805e-09
3.004313e+01 7.314235e-02 3.231589e-09
3.004313e+01 1.025928e-01 5.410550e-09
3.004313e+01 1.448116e-01 8.400241e-09
3.004313e+01 2.023460e-01 1.287637e-08
3.004313e+01 2.834245e-01 2.004653e-08
3.004313e+01 3.967448e-01 3.075653e-08
3.004313e+01 5.552783e-01 4.585138e-08
3.004313e+01 7.774819e-01 6.378817e-08
3.004313e+01 1.088445e+00 7.985571e-08
3.004313e+01 1.523711e+00 8.891006e-08
3.004313e+01 2.088426e+00 8.433168e-08
3.004313e+01 2.685505e+00 6.117917e-08
3.066399e+01 1.570796e-02 1.003477e-10
3.066399e+01 2.346256e-02 2.407555e-10
3.066399e+01 3.503514e-02 5.787837e-10
3.066399e+01 5.263151e-02 1.426956e-09
3.066399e+01 7.314235e-02 2.762804e-09
3.066399e+01 1.025928e-01 4.630578e-09
3.066399e+01 1.448116e-01 7.199572e-09
3.066399e+01 2.023460e-01 1.108229e-08
3.066399e+01 2.834245e-01 1.734056e-08
3.066399e+01 3.967448e-01 2.669062e-08
3.066399e+01 5.552783e-01 3.992374e-08
3.066399e+01 7.774819e-01 5.582937e-08
3.066399e+01 1.088445e+00 7.075723e-08
3.066399e+01 1.523711e+00 8.076864e-08
3.066399e+01 2.088426e+00 8.009323e-08
3.066399e+01 2.685505e+00 6.277957e-08
3.129727e+01 1.570796e-02 8.356944e-11
3.129727e+01 2.346256e-02 2.004734e-10
3.129727e+01 3.503514e-02 4.824008e-10
3.129727e+01 5.263151e-02 1.189758e-09
3.129727e+01 7.314235e-02 2.306102e-09
3.129727e+01 1.025928e-01 3.868955e-09
3.129727e+01 1.448116e-01 6.025526e-09
3.129727e+01 2.023460e-01 9.309560e-09
3.129727e+01 2.834245e-01 1.463835e-08
3.129727e+01 3.967448e-01 2.260276e-08
3.129727e+01 5.552783e-01 3.389353e-08
3.129727e+01 7.774819e-01 4.765000e-08
3.129727e+01 1.088445e+00 6.114042e-08
3.129727e+01 1.523711e+00 7.164305e-08
3.129727e+01 2.088426e+00 7.446028e-08
3.129727e+01 2.685505e+00 6.316463e-08
3.194322e+01 1.570796e-02 6.726374e-11
3.194322e+01 2.346256e-02 1.612864e-10
3.194322e+01 3.503514e-02 3.885560e-10
3.194322e+01 5.263151e-02 9.587767e-10
3.194322e+01 7.314235e-02 1.860587e-09
3.194322e+01 1.025928e-01 3.125028e-09
3.194322e+01 1.448116e-01 4.875280e-09
3.194322e+01 2.023460e-01 7.559721e-09
3.194322e+01 2.834245e-01 1.194252e-08
3.194322e+01 3.967448e-01 1.848675e-08
3.194322e+01 5.552783e-01 2.778957e-08
3.194322e+01 7.774819e-01 3.926417e-08
3.194322e+01 1.088445e+00 5.100909e-08
3.194322e+01 1.523711e+00 6.141528e-08
3.194322e+01 2.088426e+00 6.703091e-08
3.194322e+01 2.685505e+00 6.171449e-08
3.260208e+01 1.570796e-02 5.144387e-11
3.260208e+01 2.346256e-02 1.232109e-10
3.260208e+01 3.503514e-02 2.972705e-10
3.260208e+01 5.263151e-02 7.341406e-10
3.260208e+01 7.314235e-02 1.426101e-09
3.260208e+01 1.025928e-01 2.398228e-09
3.260208e+01 1.448116e-01 3.747896e-09
3.260208e+01 2.023460e-01 5.832251e-09
3.260208e+01 2.834245e-01 9.254004e-09
3.260208e+01 3.967448e-01 1.435424e-08
3.260208e+01 5.552783e-01 2.162174e-08
3.260208e+01 7.774819e-01 3.069918e-08
3.260208e+01 1.088445e+00 4.036418e-08
3.260208e+01 1.523711e+00 4.994979e-08
3.260208e+01 2.088426e+00 5.738727e-08
3.260208e+01 2.685505e+00 5.736210e-08
3.327412e+01 1.570796e-02 3.605774e-11
3.327412e+01 2.346256e-02 8.625348e-11
3.327412e+01 3.503514e-02 2.084891e-10
3.327412e+01 5.263151e-02 5.151605e-10
3.327412e+01 7.314235e-02 1.001851e-09
3.327412e+01 1.025928e-01 1.687111e-09
3.327412e+01 1.448116e-01 2.641186e-09
3.327412e+01 2.023460e-01 4.125105e-09
3.327412e+01 2.834245e-01 6.573525e-09
3.327412e+01 3.967448e-01 1.021303e-08
3.327412e+01 5.552783e-01 1.541542e-08
3.327412e+01 7.774819e-01 2.198264e-08
3.327412e+01 1.088445e+00 2.925856e-08
3.327412e+01 1.523711e+00 3.721407e-08
3.327412e+01 2.088426e+00 4.509374e-08
3.327412e+01 2.685505e+00 4.886322e-08
3.395961e+01 1.570796e-02 2.165335e-11
3.395961e+01 2.346256e-02 5.192566e-11
3.395961e+01 3.503514e-02 1.255178e-10
3.395961e+01 5.263151e-02 3.104450e-10
3.395961e+01 7.314235e-02 6.040328e-10
3.395961e+01 1.025928e-01 1.017793e-09
3.395961e+01 1.448116e-01 1.594439e-09
3.395961e+01 2.023460e-01 2.491168e-09
3.395961e+01 2.834245e-01 3.969415e-09
3.395961e+01 3.967448e-01 6.146235e-09
3.395961e+01 5.552783e-01 9.252658e-09
3.395961e+01 7.774819e-01 1.319666e-08
3.395961e+01 1.088445e+00 1.772007e-08
3.395961e+01 1.523711e+00 2.312308e-08
3.395961e+01 2.088426e+00 2.946604e-08
3.395961e+01 2.685505e+00 3.423064e-08
3.465880e+01 1.570796e-02 6.891491e-12
3.465880e+01 2.346256e-02 1.656443e-11
3.465880e+01 3.503514e-02 3.954911e-11
3.465880e+01 5.263151e-02 9.790194e-11
3.465880e+01 7.314235e-02 1.917599e-10
3.465880e+01 1.025928e-01 3.210284e-10
3.465880e+01 1.448116e-01 5.073113e-10
3.465880e+01 2.023460e-01 7.977347e-10
3.465880e+01 2.834245e-01 1.286152e-09
3.465880e+01 3.967448e-01 1.999368e-09
3.465880e+01 5.552783e-01 3.022337e-09
3.465880e+01 7.774819e-01 4.329926e-09
3.465880e+01 1.088445e+00 5.875402e-09
3.465880e+01 1.523711e+00 7.828668e-09
3.465880e+01 2.088426e+00 1.044402e-08
3.465880e+01 2.685505e+00 1.298433e-08
3.537197e+01 1.570796e-02 0.000000e+00
3.537197e+01 2.346256e-02 0.000000e+00
3.537197e+01 3.503514e-02 0.000000e+00
3.537197e+01 5.263151e-02 0.000000e+00
3.537197e+01 7.314235e-02 0.000000e+00
3.537197e+01 1.025928e-01 0.000000e+00
3.537197e+01 1.448116e-01 0.000000e+00
3.537197e+01 2.023460e-01 0.000000e+00
3.537197e+01 2.834245e-01 0.000000e+00
3.537197e+01 3.967448e-01 0.000000e+00
3.537197e+01 5.552783e-01 0.000000e+00
3.537197e+01 7.774819e-01 0.000000e+00
3.537197e+01 1.088445e+00 0.000000e+00
3.537197e+01 1.523711e+00 0.000000e+00
3.537197e+01 2.088426e+00 0.000000e+00
3.537197e+01 2.685505e+00 0.000000e+00
