5.0,0.e+00,0.e+00
5.0,1.570796e-02,0.e+00
5.0,2.346256e-02,0.e+00
5.0,3.503514e-02,0.e+00
5.0,5.263151e-02,0.e+00
5.0,7.314235e-02,0.e+00
5.0,1.025928e-01,0.e+00
5.0,1.448116e-01,0.e+00
5.0,2.023460e-01,0.e+00
5.0,2.834245e-01,0.e+00
5.0,3.967448e-01,0.e+00
5.0,5.552783e-01,0.e+00
5.0,7.774819e-01,0.e+00
5.0,1.088445e+00,0.e+00
5.0,1.523711e+00,0.e+00
5.0,2.088426e+00,0.e+00
5.0,2.685505e+00,0.e+00
5.12,0.e+00,0.e+00
5.12,1.570796e-02,0.e+00
5.12,2.346256e-02,0.e+00
5.12,3.503514e-02,0.e+00
5.12,5.263151e-02,0.e+00
5.12,7.314235e-02,0.e+00
5.12,1.025928e-01,0.e+00
5.12,1.448116e-01,0.e+00
5.12,2.023460e-01,0.e+00
5.12,2.834245e-01,0.e+00
5.12,3.967448e-01,0.e+00
5.12,5.552783e-01,0.e+00
5.12,7.774819e-01,0.e+00
5.12,1.088445e+00,0.e+00
5.12,1.523711e+00,0.e+00
5.12,2.088426e+00,0.e+00
5.12,2.685505e+00,0.e+00
5.2424,0.e+00,0.e+00
5.2424,1.570796e-02,0.e+00
5.2424,2.346256e-02,0.e+00
5.2424,3.503514e-02,0.e+00
5.2424,5.263151e-02,0.e+00
5.2424,7.314235e-02,0.e+00
5.2424,1.025928e-01,0.e+00
5.2424,1.448116e-01,0.e+00
5.2424,2.023460e-01,0.e+00
5.2424,2.834245e-01,0.e+00
5.2424,3.967448e-01,0.e+00
5.2424,5.552783e-01,0.e+00
5.2424,7.774819e-01,0.e+00
5.2424,1.088445e+00,0.e+00
5.2424,1.523711e+00,0.e+00
5.2424,2.088426e+00,0.e+00
5.2424,2.685505e+00,0.e+00
5.367248,0.e+00,0.e+00
5.367248,1.570796e-02,0.e+00
5.367248,2.346256e-02,0.e+00
5.367248,3.503514e-02,0.e+00
5.367248,5.263151e-02,0.e+00
5.367248,7.314235e-02,0.e+00
5.367248,1.025928e-01,0.e+00
5.367248,1.448116e-01,0.e+00
5.367248,2.023460e-01,0.e+00
5.367248,2.834245e-01,0.e+00
5.367248,3.967448e-01,0.e+00
5.367248,5.552783e-01,0.e+00
5.367248,7.774819e-01,0.e+00
5.367248,1.088445e+00,0.e+00
5.367248,1.523711e+00,0.e+00
5.367248,2.088426e+00,0.e+00
5.367248,2.685505e+00,0.e+00
5.49459296,0.e+00,0.e+00
5.49459296,1.570796e-02,0.e+00
5.49459296,2.346256e-02,0.e+00
5.49459296,3.503514e-02,0.e+00
5.49459296,5.263151e-02,0.e+00
5.49459296,7.314235e-02,0.e+00
5.49459296,1.025928e-01,0.e+00
5.49459296,1.448116e-01,0.e+00
5.49459296,2.023460e-01,0.e+00
5.49459296,2.834245e-01,0.e+00
5.49459296,3.967448e-01,0.e+00
5.49459296,5.552783e-01,0.e+00
5.49459296,7.774819e-01,0.e+00
5.49459296,1.088445e+00,0.e+00
5.49459296,1.523711e+00,0.e+00
5.49459296,2.088426e+00,0.e+00
5.49459296,2.685505e+00,0.e+00
5.6244848192,0.e+00,0.e+00
5.6244848192,1.570796e-02,0.e+00
5.6244848192,2.346256e-02,0.e+00
5.6244848192,3.503514e-02,0.e+00
5.6244848192,5.263151e-02,0.e+00
5.6244848192,7.314235e-02,0.e+00
5.6244848192,1.025928e-01,0.e+00
5.6244848192,1.448116e-01,0.e+00
5.6244848192,2.023460e-01,0.e+00
5.6244848192,2.834245e-01,0.e+00
5.6244848192,3.967448e-01,0.e+00
5.6244848192,5.552783e-01,0.e+00
5.6244848192,7.774819e-01,0.e+00
5.6244848192,1.088445e+00,0.e+00
5.6244848192,1.523711e+00,0.e+00
5.6244848192,2.088426e+00,0.e+00
5.6244848192,2.685505e+00,0.e+00
5.756974515584,0.e+00,0.e+00
5.756974515584,1.570796e-02,0.e+00
5.756974515584,2.346256e-02,0.e+00
5.756974515584,3.503514e-02,0.e+00
5.756974515584,5.263151e-02,0.e+00
5.756974515584,7.314235e-02,0.e+00
5.756974515584,1.025928e-01,0.e+00
5.756974515584,1.448116e-01,0.e+00
5.756974515584,2.023460e-01,0.e+00
5.756974515584,2.834245e-01,0.e+00
5.756974515584,3.967448e-01,0.e+00
5.756974515584,5.552783e-01,0.e+00
5.756974515584,7.774819e-01,0.e+00
5.756974515584,1.088445e+00,0.e+00
5.756974515584,1.523711e+00,0.e+00
5.756974515584,2.088426e+00,0.e+00
5.756974515584,2.685505e+00,0.e+00
5.89211400589568,0.e+00,0.e+00
5.89211400589568,1.570796e-02,-9.402153e-06
5.89211400589568,2.346256e-02,-4.095869e-05
5.89211400589568,3.503514e-02,-2.461506e-05
5.89211400589568,5.263151e-02,1.008781e-07
5.89211400589568,7.314235e-02,-3.891168e-05
5.89211400589568,1.025928e-01,2.88656e-06
5.89211400589568,1.448116e-01,-1.521134e-05
5.89211400589568,2.023460e-01,-1.979254e-05
5.89211400589568,2.834245e-01,-3.354453e-05
5.89211400589568,3.967448e-01,-1.668419e-05
5.89211400589568,5.552783e-01,-1.830191e-05
5.89211400589568,7.774819e-01,-1.048134e-05
5.89211400589568,1.088445e+00,-1.203187e-05
5.89211400589568,1.523711e+00,-9.509376e-06
5.89211400589568,2.088426e+00,-1.100072e-05
5.89211400589568,2.685505e+00,-1.367888e-05
6.029956286013594,0.e+00,0.e+00
6.029956286013594,1.570796e-02,-9.432235e-05
6.029956286013594,2.346256e-02,-4.369865e-04
6.029956286013594,3.503514e-02,-2.821598e-04
6.029956286013594,5.263151e-02,-2.052336e-04
6.029956286013594,7.314235e-02,-3.892233e-04
6.029956286013594,1.025928e-01,-4.187345e-04
6.029956286013594,1.448116e-01,-2.661294e-04
6.029956286013594,2.023460e-01,-3.853289e-04
6.029956286013594,2.834245e-01,-3.832657e-04
6.029956286013594,3.967448e-01,-3.007698e-04
6.029956286013594,5.552783e-01,-2.701247e-04
6.029956286013594,7.774819e-01,-2.044562e-04
6.029956286013594,1.088445e+00,-1.920843e-04
6.029956286013594,1.523711e+00,-1.870096e-04
6.029956286013594,2.088426e+00,-2.041226e-04
6.029956286013594,2.685505e+00,-2.081791e-04
6.170555411733866,0.e+00,0.e+00
6.170555411733866,1.570796e-02,-1.878778e-04
6.170555411733866,2.346256e-02,-1.056480e-03
6.170555411733866,3.503514e-02,-7.625236e-04
6.170555411733866,5.263151e-02,-1.192205e-03
6.170555411733866,7.314235e-02,-1.602670e-03
6.170555411733866,1.025928e-01,-1.848416e-03
6.170555411733866,1.448116e-01,-1.621960e-03
6.170555411733866,2.023460e-01,-1.683059e-03
6.170555411733866,2.834245e-01,-1.485266e-03
6.170555411733866,3.967448e-01,-1.409944e-03
6.170555411733866,5.552783e-01,-1.196070e-03
6.170555411733866,7.774819e-01,-9.880445e-04
6.170555411733866,1.088445e+00,-8.490872e-04
6.170555411733866,1.523711e+00,-8.194508e-04
6.170555411733866,2.088426e+00,-8.910813e-04
6.170555411733866,2.685505e+00,-9.435978e-04
6.3139665199685435,0.e+00,0.e+00
6.3139665199685435,1.570796e-02,-2.223705e-04
6.3139665199685435,2.346256e-02,-1.767739e-03
6.3139665199685435,3.503514e-02,-1.292949e-03
6.3139665199685435,5.263151e-02,-2.695533e-03
6.3139665199685435,7.314235e-02,-4.002680e-03
6.3139665199685435,1.025928e-01,-4.169948e-03
6.3139665199685435,1.448116e-01,-4.200586e-03
6.3139665199685435,2.023460e-01,-3.997273e-03
6.3139665199685435,2.834245e-01,-3.988236e-03
6.3139665199685435,3.967448e-01,-3.484555e-03
6.3139665199685435,5.552783e-01,-2.998821e-03
6.3139665199685435,7.774819e-01,-2.481509e-03
6.3139665199685435,1.088445e+00,-2.14631e-03
6.3139665199685435,1.523711e+00,-2.023331e-03
6.3139665199685435,2.088426e+00,-2.173470e-03
6.3139665199685435,2.685505e+00,-2.260833e-03
6.460245850367914,0.e+00,0.e+00
6.460245850367914,1.570796e-02,-2.454253e-04
6.460245850367914,2.346256e-02,-2.249137e-03
6.460245850367914,3.503514e-02,-1.787399e-03
6.460245850367914,5.263151e-02,-4.706360e-03
6.460245850367914,7.314235e-02,-7.769866e-03
6.460245850367914,1.025928e-01,-7.87737e-03
6.460245850367914,1.448116e-01,-8.427007e-03
6.460245850367914,2.023460e-01,-8.258892e-03
6.460245850367914,2.834245e-01,-7.938424e-03
6.460245850367914,3.967448e-01,-7.092304e-03
6.460245850367914,5.552783e-01,-6.040788e-03
6.460245850367914,7.774819e-01,-5.089871e-03
6.460245850367914,1.088445e+00,-4.335975e-03
6.460245850367914,1.523711e+00,-4.030483e-03
6.460245850367914,2.088426e+00,-4.274473e-03
6.460245850367914,2.685505e+00,-4.419979e-03
6.6094507673752725,0.e+00,0.e+00
6.6094507673752725,1.570796e-02,-2.770380e-04
6.6094507673752725,2.346256e-02,-2.629456e-03
6.6094507673752725,3.503514e-02,-2.249181e-03
6.6094507673752725,5.263151e-02,-6.439768e-03
6.6094507673752725,7.314235e-02,-1.172941e-02
6.6094507673752725,1.025928e-01,-1.237654e-02
6.6094507673752725,1.448116e-01,-1.388826e-02
6.6094507673752725,2.023460e-01,-1.394222e-02
6.6094507673752725,2.834245e-01,-1.330218e-02
6.6094507673752725,3.967448e-01,-1.188271e-02
6.6094507673752725,5.552783e-01,-1.030214e-02
6.6094507673752725,7.774819e-01,-8.676428e-03
6.6094507673752725,1.088445e+00,-7.389147e-03
6.6094507673752725,1.523711e+00,-6.783397e-03
6.6094507673752725,2.088426e+00,-7.125835e-03
6.6094507673752725,2.685505e+00,-7.292024e-03
6.761639782722778,0.e+00,0.e+00
6.761639782722778,1.570796e-02,-3.066524e-04
6.761639782722778,2.346256e-02,-2.493424e-03
6.761639782722778,3.503514e-02,-2.62392e-03
6.761639782722778,5.263151e-02,-7.880159e-03
6.761639782722778,7.314235e-02,-1.495511e-02
6.761639782722778,1.025928e-01,-1.645247e-02
6.761639782722778,1.448116e-01,-1.889403e-02
6.761639782722778,2.023460e-01,-1.966903e-02
6.761639782722778,2.834245e-01,-1.875825e-02
6.761639782722778,3.967448e-01,-1.733073e-02
6.761639782722778,5.552783e-01,-1.519591e-02
6.761639782722778,7.774819e-01,-1.272607e-02
6.761639782722778,1.088445e+00,-1.075468e-02
6.761639782722778,1.523711e+00,-9.751204e-03
6.761639782722778,2.088426e+00,-1.014854e-02
6.761639782722778,2.685505e+00,-1.027383e-02
6.916872578377234,0.e+00,0.e+00
6.916872578377234,1.570796e-02,-3.095382e-04
6.916872578377234,2.346256e-02,-2.331101e-03
6.916872578377234,3.503514e-02,-2.791565e-03
6.916872578377234,5.263151e-02,-8.267673e-03
6.916872578377234,7.314235e-02,-1.714856e-02
6.916872578377234,1.025928e-01,-1.960522e-02
6.916872578377234,1.448116e-01,-2.26953e-02
6.916872578377234,2.023460e-01,-2.476828e-02
6.916872578377234,2.834245e-01,-2.416089e-02
6.916872578377234,3.967448e-01,-2.243261e-02
6.916872578377234,5.552783e-01,-1.992015e-02
6.916872578377234,7.774819e-01,-1.68143e-02
6.916872578377234,1.088445e+00,-1.410202e-02
6.916872578377234,1.523711e+00,-1.260173e-02
6.916872578377234,2.088426e+00,-1.299695e-02
6.916872578377234,2.685505e+00,-1.294352e-02
7.075210029944779,0.e+00,0.e+00
7.075210029944779,1.570796e-02,-3.166489e-04
7.075210029944779,2.346256e-02,-2.150023e-03
7.075210029944779,3.503514e-02,-2.77674e-03
7.075210029944779,5.263151e-02,-8.093478e-03
7.075210029944779,7.314235e-02,-1.800059e-02
7.075210029944779,1.025928e-01,-2.140724e-02
7.075210029944779,1.448116e-01,-2.551971e-02
7.075210029944779,2.023460e-01,-2.885927e-02
7.075210029944779,2.834245e-01,-2.852580e-02
7.075210029944779,3.967448e-01,-2.715314e-02
7.075210029944779,5.552783e-01,-2.418729e-02
7.075210029944779,7.774819e-01,-2.066656e-02
7.075210029944779,1.088445e+00,-1.71665e-02
7.075210029944779,1.523711e+00,-1.526609e-02
7.075210029944779,2.088426e+00,-1.54842e-02
7.075210029944779,2.685505e+00,-1.523656e-02
7.236714230543676,0.e+00,0.e+00
7.236714230543676,1.570796e-02,-2.998337e-04
7.236714230543676,2.346256e-02,-1.930564e-03
7.236714230543676,3.503514e-02,-2.575867e-03
7.236714230543676,5.263151e-02,-7.578084e-03
7.236714230543676,7.314235e-02,-1.770311e-02
7.236714230543676,1.025928e-01,-2.226724e-02
7.236714230543676,1.448116e-01,-2.740878e-02
7.236714230543676,2.023460e-01,-3.173919e-02
7.236714230543676,2.834245e-01,-3.214498e-02
7.236714230543676,3.967448e-01,-3.119313e-02
7.236714230543676,5.552783e-01,-2.807482e-02
7.236714230543676,7.774819e-01,-2.412460e-02
7.236714230543676,1.088445e+00,-2.002839e-02
7.236714230543676,1.523711e+00,-1.770254e-02
7.236714230543676,2.088426e+00,-1.773313e-02
7.236714230543676,2.685505e+00,-1.728127e-02
7.401448515154549,0.e+00,0.e+00
7.401448515154549,1.570796e-02,-2.731646e-04
7.401448515154549,2.346256e-02,-1.782872e-03
7.401448515154549,3.503514e-02,-2.342907e-03
7.401448515154549,5.263151e-02,-6.947010e-03
7.401448515154549,7.314235e-02,-1.665022e-02
7.401448515154549,1.025928e-01,-2.201016e-02
7.401448515154549,1.448116e-01,-2.797448e-02
7.401448515154549,2.023460e-01,-3.342475e-02
7.401448515154549,2.834245e-01,-3.471237e-02
7.401448515154549,3.967448e-01,-3.429866e-02
7.401448515154549,5.552783e-01,-3.135154e-02
7.401448515154549,7.774819e-01,-2.703780e-02
7.401448515154549,1.088445e+00,-2.254573e-02
7.401448515154549,1.523711e+00,-1.981923e-02
7.401448515154549,2.088426e+00,-1.958141e-02
7.401448515154549,2.685505e+00,-1.899036e-02
7.569477485457639,0.e+00,0.e+00
7.569477485457639,1.570796e-02,-2.440608e-04
7.569477485457639,2.346256e-02,-1.650339e-03
7.569477485457639,3.503514e-02,-2.122120e-03
7.569477485457639,5.263151e-02,-6.325554e-03
7.569477485457639,7.314235e-02,-1.535939e-02
7.569477485457639,1.025928e-01,-2.097459e-02
7.569477485457639,1.448116e-01,-2.769536e-02
7.569477485457639,2.023460e-01,-3.428692e-02
7.569477485457639,2.834245e-01,-3.636553e-02
7.569477485457639,3.967448e-01,-3.659919e-02
7.569477485457639,5.552783e-01,-3.397251e-02
7.569477485457639,7.774819e-01,-2.948378e-02
7.569477485457639,1.088445e+00,-2.46246e-02
7.569477485457639,1.523711e+00,-2.159461e-02
7.569477485457639,2.088426e+00,-2.11629e-02
7.569477485457639,2.685505e+00,-2.026815e-02
7.740867035166792,0.e+00,0.e+00
7.740867035166792,1.570796e-02,-2.192716e-04
7.740867035166792,2.346256e-02,-1.497049e-03
7.740867035166792,3.503514e-02,-1.921516e-03
7.740867035166792,5.263151e-02,-5.7543e-03
7.740867035166792,7.314235e-02,-1.397335e-02
7.740867035166792,1.025928e-01,-1.954371e-02
7.740867035166792,1.448116e-01,-2.662929e-02
7.740867035166792,2.023460e-01,-3.410389e-02
7.740867035166792,2.834245e-01,-3.710824e-02
7.740867035166792,3.967448e-01,-3.800431e-02
7.740867035166792,5.552783e-01,-3.582776e-02
7.740867035166792,7.774819e-01,-3.143959e-02
7.740867035166792,1.088445e+00,-2.631488e-02
7.740867035166792,1.523711e+00,-2.306289e-02
7.740867035166792,2.088426e+00,-2.243125e-02
7.740867035166792,2.685505e+00,-2.125274e-02
7.9156843758701285,0.e+00,0.e+00
7.9156843758701285,1.570796e-02,-2.000172e-04
7.9156843758701285,2.346256e-02,-1.346354e-03
7.9156843758701285,3.503514e-02,-1.741212e-03
7.9156843758701285,5.263151e-02,-5.212861e-03
7.9156843758701285,7.314235e-02,-1.264563e-02
7.9156843758701285,1.025928e-01,-1.796897e-02
7.9156843758701285,1.448116e-01,-2.508916e-02
7.9156843758701285,2.023460e-01,-3.314035e-02
7.9156843758701285,2.834245e-01,-3.705226e-02
7.9156843758701285,3.967448e-01,-3.864262e-02
7.9156843758701285,5.552783e-01,-3.694981e-02
7.9156843758701285,7.774819e-01,-3.283947e-02
7.9156843758701285,1.088445e+00,-2.761221e-02
7.9156843758701285,1.523711e+00,-2.417261e-02
7.9156843758701285,2.088426e+00,-2.348470e-02
7.9156843758701285,2.685505e+00,-2.194715e-02
8.09399806338753,0.e+00,0.e+00
8.09399806338753,1.570796e-02,-1.813957e-04
8.09399806338753,2.346256e-02,-1.19761e-03
8.09399806338753,3.503514e-02,-1.571391e-03
8.09399806338753,5.263151e-02,-4.681450e-03
8.09399806338753,7.314235e-02,-1.133355e-02
8.09399806338753,1.025928e-01,-1.635198e-02
8.09399806338753,1.448116e-01,-2.332911e-02
8.09399806338753,2.023460e-01,-3.155241e-02
8.09399806338753,2.834245e-01,-3.630566e-02
8.09399806338753,3.967448e-01,-3.863671e-02
8.09399806338753,5.552783e-01,-3.750841e-02
8.09399806338753,7.774819e-01,-3.376413e-02
8.09399806338753,1.088445e+00,-2.851898e-02
8.09399806338753,1.523711e+00,-2.502649e-02
8.09399806338753,2.088426e+00,-2.418351e-02
8.09399806338753,2.685505e+00,-2.255537e-02
8.275878024655281,0.e+00,0.e+00
8.275878024655281,1.570796e-02,-1.61174e-04
8.275878024655281,2.346256e-02,-1.062978e-03
8.275878024655281,3.503514e-02,-1.411536e-03
8.275878024655281,5.263151e-02,-4.188246e-03
8.275878024655281,7.314235e-02,-1.010392e-02
8.275878024655281,1.025928e-01,-1.476282e-02
8.275878024655281,1.448116e-01,-2.138405e-02
8.275878024655281,2.023460e-01,-2.959740e-02
8.275878024655281,2.834245e-01,-3.492034e-02
8.275878024655281,3.967448e-01,-3.796195e-02
8.275878024655281,5.552783e-01,-3.752119e-02
8.275878024655281,7.774819e-01,-3.417176e-02
8.275878024655281,1.088445e+00,-2.909401e-02
8.275878024655281,1.523711e+00,-2.561312e-02
8.275878024655281,2.088426e+00,-2.468726e-02
8.275878024655281,2.685505e+00,-2.289719e-02
8.461395585148386,0.e+00,0.e+00
8.461395585148386,1.570796e-02,-1.424572e-04
8.461395585148386,2.346256e-02,-9.500373e-04
8.461395585148386,3.503514e-02,-1.269774e-03
8.461395585148386,5.263151e-02,-3.745087e-03
8.461395585148386,7.314235e-02,-8.98968e-03
8.461395585148386,1.025928e-01,-1.324512e-02
8.461395585148386,1.448116e-01,-1.941908e-02
8.461395585148386,2.023460e-01,-2.739103e-02
8.461395585148386,2.834245e-01,-3.309977e-02
8.461395585148386,3.967448e-01,-3.673286e-02
8.461395585148386,5.552783e-01,-3.699557e-02
8.461395585148386,7.774819e-01,-3.407394e-02
8.461395585148386,1.088445e+00,-2.92886e-02
8.461395585148386,1.523711e+00,-2.59085e-02
8.461395585148386,2.088426e+00,-2.494634e-02
8.461395585148386,2.685505e+00,-2.296372e-02
8.650623496851354,0.e+00,0.e+00
8.650623496851354,1.570796e-02,-1.267335e-04
8.650623496851354,2.346256e-02,-8.491207e-04
8.650623496851354,3.503514e-02,-1.142949e-03
8.650623496851354,5.263151e-02,-3.341826e-03
8.650623496851354,7.314235e-02,-7.976987e-03
8.650623496851354,1.025928e-01,-1.182805e-02
8.650623496851354,1.448116e-01,-1.748638e-02
8.650623496851354,2.023460e-01,-2.5106e-02
8.650623496851354,2.834245e-01,-3.099312e-02
8.650623496851354,3.967448e-01,-3.508426e-02
8.650623496851354,5.552783e-01,-3.598151e-02
8.650623496851354,7.774819e-01,-3.356370e-02
8.650623496851354,1.088445e+00,-2.915924e-02
8.650623496851354,1.523711e+00,-2.596169e-02
8.650623496851354,2.088426e+00,-2.497995e-02
8.650623496851354,2.685505e+00,-2.277808e-02
8.843635966788382,0.e+00,0.e+00
8.843635966788382,1.570796e-02,-1.139217e-04
8.843635966788382,2.346256e-02,-7.563022e-04
8.843635966788382,3.503514e-02,-1.02659e-03
8.843635966788382,5.263151e-02,-2.972596e-03
8.843635966788382,7.314235e-02,-7.078842e-03
8.843635966788382,1.025928e-01,-1.05524e-02
8.843635966788382,1.448116e-01,-1.568299e-02
8.843635966788382,2.023460e-01,-2.278099e-02
8.843635966788382,2.834245e-01,-2.865815e-02
8.843635966788382,3.967448e-01,-3.308998e-02
8.843635966788382,5.552783e-01,-3.454358e-02
8.843635966788382,7.774819e-01,-3.267079e-02
8.843635966788382,1.088445e+00,-2.877604e-02
8.843635966788382,1.523711e+00,-2.575049e-02
8.843635966788382,2.088426e+00,-2.483717e-02
8.843635966788382,2.685505e+00,-2.256634e-02
9.04050868612415,0.e+00,0.e+00
9.04050868612415,1.570796e-02,-1.013492e-04
9.04050868612415,2.346256e-02,-6.721736e-04
9.04050868612415,3.503514e-02,-9.165778e-04
9.04050868612415,5.263151e-02,-2.633386e-03
9.04050868612415,7.314235e-02,-6.266746e-03
9.04050868612415,1.025928e-01,-9.363830e-03
9.04050868612415,1.448116e-01,-1.398127e-02
9.04050868612415,2.023460e-01,-2.054458e-02
9.04050868612415,2.834245e-01,-2.624212e-02
9.04050868612415,3.967448e-01,-3.088920e-02
9.04050868612415,5.552783e-01,-3.280762e-02
9.04050868612415,7.774819e-01,-3.147266e-02
9.04050868612415,1.088445e+00,-2.81011e-02
9.04050868612415,1.523711e+00,-2.532928e-02
9.04050868612415,2.088426e+00,-2.452165e-02
9.04050868612415,2.685505e+00,-2.215608e-02
9.241318859846633,0.e+00,0.e+00
9.241318859846633,1.570796e-02,-8.980946e-05
9.241318859846633,2.346256e-02,-5.959494e-04
9.241318859846633,3.503514e-02,-8.155006e-04
9.241318859846633,5.263151e-02,-2.322648e-03
9.241318859846633,7.314235e-02,-5.538725e-03
9.241318859846633,1.025928e-01,-8.288284e-03
9.241318859846633,1.448116e-01,-1.239714e-02
9.241318859846633,2.023460e-01,-1.840864e-02
9.241318859846633,2.834245e-01,-2.38413e-02
9.241318859846633,3.967448e-01,-2.854627e-02
9.241318859846633,5.552783e-01,-3.082707e-02
9.241318859846633,7.774819e-01,-3.003812e-02
9.241318859846633,1.088445e+00,-2.717562e-02
9.241318859846633,1.523711e+00,-2.472359e-02
9.241318859846633,2.088426e+00,-2.398471e-02
9.241318859846633,2.685505e+00,-2.158237e-02
9.446145237043565,0.e+00,0.e+00
9.446145237043565,1.570796e-02,-7.924516e-05
9.446145237043565,2.346256e-02,-5.261554e-04
9.446145237043565,3.503514e-02,-7.191125e-04
9.446145237043565,5.263151e-02,-2.041182e-03
9.446145237043565,7.314235e-02,-4.881094e-03
9.446145237043565,1.025928e-01,-7.314980e-03
9.446145237043565,1.448116e-01,-1.095980e-02
9.446145237043565,2.023460e-01,-1.640107e-02
9.446145237043565,2.834245e-01,-2.149779e-02
9.446145237043565,3.967448e-01,-2.618122e-02
9.446145237043565,5.552783e-01,-2.873096e-02
9.446145237043565,7.774819e-01,-2.841874e-02
9.446145237043565,1.088445e+00,-2.606706e-02
9.446145237043565,1.523711e+00,-2.397847e-02
9.446145237043565,2.088426e+00,-2.332358e-02
9.446145237043565,2.685505e+00,-2.086455e-02
9.655068141784437,0.e+00,0.e+00
9.655068141784437,1.570796e-02,-6.947907e-05
9.655068141784437,2.346256e-02,-4.654008e-04
9.655068141784437,3.503514e-02,-6.308380e-04
9.655068141784437,5.263151e-02,-1.787936e-03
9.655068141784437,7.314235e-02,-4.280469e-03
9.655068141784437,1.025928e-01,-6.424259e-03
9.655068141784437,1.448116e-01,-9.643488e-03
9.655068141784437,2.023460e-01,-1.45035e-02
9.655068141784437,2.834245e-01,-1.924571e-02
9.655068141784437,3.967448e-01,-2.37846e-02
9.655068141784437,5.552783e-01,-2.652942e-02
9.655068141784437,7.774819e-01,-2.664674e-02
9.655068141784437,1.088445e+00,-2.476017e-02
9.655068141784437,1.523711e+00,-2.304513e-02
9.655068141784437,2.088426e+00,-2.25491e-02
9.655068141784437,2.685505e+00,-2.004759e-02
9.868169504620125,0.e+00,0.e+00
9.868169504620125,1.570796e-02,-6.135787e-05
9.868169504620125,2.346256e-02,-4.102988e-04
9.868169504620125,3.503514e-02,-5.522659e-04
9.868169504620125,5.263151e-02,-1.561525e-03
9.868169504620125,7.314235e-02,-3.740128e-03
9.868169504620125,1.025928e-01,-5.624564e-03
9.868169504620125,1.448116e-01,-8.440471e-03
9.868169504620125,2.023460e-01,-1.27724e-02
9.868169504620125,2.834245e-01,-1.713338e-02
9.868169504620125,3.967448e-01,-2.144367e-02
9.868169504620125,5.552783e-01,-2.426705e-02
9.868169504620125,7.774819e-01,-2.476466e-02
9.868169504620125,1.088445e+00,-2.334208e-02
9.868169504620125,1.523711e+00,-2.200232e-02
9.868169504620125,2.088426e+00,-2.168192e-02
9.868169504620125,2.685505e+00,-1.923997e-02
10.085532894712529,0.e+00,0.e+00
10.085532894712529,1.570796e-02,-5.429681e-05
10.085532894712529,2.346256e-02,-3.600425e-04
10.085532894712529,3.503514e-02,-4.842342e-04
10.085532894712529,5.263151e-02,-1.364067e-03
10.085532894712529,7.314235e-02,-3.255714e-03
10.085532894712529,1.025928e-01,-4.908664e-03
10.085532894712529,1.448116e-01,-7.384281e-03
10.085532894712529,2.023460e-01,-1.121103e-02
10.085532894712529,2.834245e-01,-1.516710e-02
10.085532894712529,3.967448e-01,-1.918847e-02
10.085532894712529,5.552783e-01,-2.202735e-02
10.085532894712529,7.774819e-01,-2.283675e-02
10.085532894712529,1.088445e+00,-2.186543e-02
10.085532894712529,1.523711e+00,-2.088384e-02
10.085532894712529,2.088426e+00,-2.070389e-02
10.085532894712529,2.685505e+00,-1.832309e-02
10.30724355260678,0.e+00,0.e+00
10.30724355260678,1.570796e-02,-4.745993e-05
10.30724355260678,2.346256e-02,-3.10968e-04
10.30724355260678,3.503514e-02,-4.207743e-04
10.30724355260678,5.263151e-02,-1.186599e-03
10.30724355260678,7.314235e-02,-2.835433e-03
10.30724355260678,1.025928e-01,-4.273342e-03
10.30724355260678,1.448116e-01,-6.433774e-03
10.30724355260678,2.023460e-01,-9.779249e-03
10.30724355260678,2.834245e-01,-1.333651e-02
10.30724355260678,3.967448e-01,-1.704374e-02
10.30724355260678,5.552783e-01,-1.983558e-02
10.30724355260678,7.774819e-01,-2.087355e-02
10.30724355260678,1.088445e+00,-2.030547e-02
10.30724355260678,1.523711e+00,-1.965835e-02
10.30724355260678,2.088426e+00,-1.964724e-02
10.30724355260678,2.685505e+00,-1.724925e-02
10.533388423658915,0.e+00,0.e+00
10.533388423658915,1.570796e-02,-4.160611e-05
10.533388423658915,2.346256e-02,-2.686307e-04
10.533388423658915,3.503514e-02,-3.653207e-04
10.533388423658915,5.263151e-02,-1.028505e-03
10.533388423658915,7.314235e-02,-2.458978e-03
10.533388423658915,1.025928e-01,-3.706913e-03
10.533388423658915,1.448116e-01,-5.583185e-03
10.533388423658915,2.023460e-01,-8.49811e-03
10.533388423658915,2.834245e-01,-1.165885e-02
10.533388423658915,3.967448e-01,-1.503409e-02
10.533388423658915,5.552783e-01,-1.771879e-02
10.533388423658915,7.774819e-01,-1.892239e-02
10.533388423658915,1.088445e+00,-1.870046e-02
10.533388423658915,1.523711e+00,-1.837596e-02
10.533388423658915,2.088426e+00,-1.845316e-02
10.533388423658915,2.685505e+00,-1.611168e-02
10.764056192132093,0.e+00,0.e+00
10.764056192132093,1.570796e-02,-3.621636e-05
10.764056192132093,2.346256e-02,-2.307689e-04
10.764056192132093,3.503514e-02,-3.156240e-04
10.764056192132093,5.263151e-02,-8.850607e-04
10.764056192132093,7.314235e-02,-2.121319e-03
10.764056192132093,1.025928e-01,-3.197382e-03
10.764056192132093,1.448116e-01,-4.823756e-03
10.764056192132093,2.023460e-01,-7.359514e-03
10.764056192132093,2.834245e-01,-1.012898e-02
10.764056192132093,3.967448e-01,-1.317551e-02
10.764056192132093,5.552783e-01,-1.570987e-02
10.764056192132093,7.774819e-01,-1.70595e-02
10.764056192132093,1.088445e+00,-1.710236e-02
10.764056192132093,1.523711e+00,-1.704608e-02
10.764056192132093,2.088426e+00,-1.72149e-02
10.764056192132093,2.685505e+00,-1.499994e-02
10.999337315974735,0.e+00,0.e+00
10.999337315974735,1.570796e-02,-3.078393e-05
10.999337315974735,2.346256e-02,-1.987181e-04
10.999337315974735,3.503514e-02,-2.72732e-04
10.999337315974735,5.263151e-02,-7.618569e-04
10.999337315974735,7.314235e-02,-1.822412e-03
10.999337315974735,1.025928e-01,-2.743032e-03
10.999337315974735,1.448116e-01,-4.153171e-03
10.999337315974735,2.023460e-01,-6.337567e-03
10.999337315974735,2.834245e-01,-8.747759e-03
10.999337315974735,3.967448e-01,-1.146945e-02
10.999337315974735,5.552783e-01,-1.383149e-02
10.999337315974735,7.774819e-01,-1.521312e-02
10.999337315974735,1.088445e+00,-1.552121e-02
10.999337315974735,1.523711e+00,-1.571655e-02
10.999337315974735,2.088426e+00,-1.598478e-02
10.999337315974735,2.685505e+00,-1.391141e-02
11.23932406229423,0.e+00,0.e+00
11.23932406229423,1.570796e-02,-2.655312e-05
11.23932406229423,2.346256e-02,-1.710190e-04
11.23932406229423,3.503514e-02,-2.328682e-04
11.23932406229423,5.263151e-02,-6.498019e-04
11.23932406229423,7.314235e-02,-1.562339e-03
11.23932406229423,1.025928e-01,-2.34656e-03
11.23932406229423,1.448116e-01,-3.560369e-03
11.23932406229423,2.023460e-01,-5.426e-03
11.23932406229423,2.834245e-01,-7.517927e-03
11.23932406229423,3.967448e-01,-9.930368e-03
11.23932406229423,5.552783e-01,-1.20982e-02
11.23932406229423,7.774819e-01,-1.350322e-02
11.23932406229423,1.088445e+00,-1.399685e-02
11.23932406229423,1.523711e+00,-1.439225e-02
11.23932406229423,2.088426e+00,-1.472866e-02
11.23932406229423,2.685505e+00,-1.283196e-02
11.484110543540115,0.e+00,0.e+00
11.484110543540115,1.570796e-02,-2.258027e-05
11.484110543540115,2.346256e-02,-1.458025e-04
11.484110543540115,3.503514e-02,-1.987583e-04
11.484110543540115,5.263151e-02,-5.540435e-04
11.484110543540115,7.314235e-02,-1.330483e-03
11.484110543540115,1.025928e-01,-1.998183e-03
11.484110543540115,1.448116e-01,-3.037170e-03
11.484110543540115,2.023460e-01,-4.632714e-03
11.484110543540115,2.834245e-01,-6.434788e-03
11.484110543540115,3.967448e-01,-8.550564e-03
11.484110543540115,5.552783e-01,-1.050978e-02
11.484110543540115,7.774819e-01,-1.191457e-02
11.484110543540115,1.088445e+00,-1.252692e-02
11.484110543540115,1.523711e+00,-1.306391e-02
11.484110543540115,2.088426e+00,-1.347778e-02
11.484110543540115,2.685505e+00,-1.174833e-02
11.733792754410917,0.e+00,0.e+00
11.733792754410917,1.570796e-02,-1.889947e-05
11.733792754410917,2.346256e-02,-1.228599e-04
11.733792754410917,3.503514e-02,-1.669872e-04
11.733792754410917,5.263151e-02,-4.683372e-04
11.733792754410917,7.314235e-02,-1.125621e-03
11.733792754410917,1.025928e-01,-1.688568e-03
11.733792754410917,1.448116e-01,-2.575135e-03
11.733792754410917,2.023460e-01,-3.927065e-03
11.733792754410917,2.834245e-01,-5.469743e-03
11.733792754410917,3.967448e-01,-7.305641e-03
11.733792754410917,5.552783e-01,-9.055316e-03
11.733792754410917,7.774819e-01,-1.041794e-02
11.733792754410917,1.088445e+00,-1.114716e-02
11.733792754410917,1.523711e+00,-1.181381e-02
11.733792754410917,2.088426e+00,-1.233823e-02
11.733792754410917,2.685505e+00,-1.076126e-02
11.988468609499135,0.e+00,0.e+00
11.988468609499135,1.570796e-02,-1.587271e-05
11.988468609499135,2.346256e-02,-1.03515e-04
11.988468609499135,3.503514e-02,-1.413118e-04
11.988468609499135,5.263151e-02,-3.941926e-04
11.988468609499135,7.314235e-02,-9.456702e-04
11.988468609499135,1.025928e-01,-1.421832e-03
11.988468609499135,1.448116e-01,-2.173975e-03
11.988468609499135,2.023460e-01,-3.311375e-03
11.988468609499135,2.834245e-01,-4.626944e-03
11.988468609499135,3.967448e-01,-6.205269e-03
11.988468609499135,5.552783e-01,-7.746417e-03
11.988468609499135,7.774819e-01,-9.050734e-03
11.988468609499135,1.088445e+00,-9.824459e-03
11.988468609499135,1.523711e+00,-1.059761e-02
11.988468609499135,2.088426e+00,-1.117867e-02
11.988468609499135,2.685505e+00,-9.792164e-03
12.248237981689117,0.e+00,0.e+00
12.248237981689117,1.570796e-02,-1.326246e-05
12.248237981689117,2.346256e-02,-8.570736e-05
12.248237981689117,3.503514e-02,-1.188030e-04
12.248237981689117,5.263151e-02,-3.303663e-04
12.248237981689117,7.314235e-02,-7.936262e-04
12.248237981689117,1.025928e-01,-1.189208e-03
12.248237981689117,1.448116e-01,-1.826633e-03
12.248237981689117,2.023460e-01,-2.777094e-03
12.248237981689117,2.834245e-01,-3.891749e-03
12.248237981689117,3.967448e-01,-5.239927e-03
12.248237981689117,5.552783e-01,-6.583587e-03
12.248237981689117,7.774819e-01,-7.802882e-03
12.248237981689117,1.088445e+00,-8.614596e-03
12.248237981689117,1.523711e+00,-9.446317e-03
12.248237981689117,2.088426e+00,-1.008638e-02
12.248237981689117,2.685505e+00,-8.874341e-03
12.5132027413229,0.e+00,0.e+00
12.5132027413229,1.570796e-02,-1.106618e-05
12.5132027413229,2.346256e-02,-7.222402e-05
12.5132027413229,3.503514e-02,-9.932656e-05
12.5132027413229,5.263151e-02,-2.768398e-04
12.5132027413229,7.314235e-02,-6.621899e-04
12.5132027413229,1.025928e-01,-9.901217e-04
12.5132027413229,1.448116e-01,-1.528303e-03
12.5132027413229,2.023460e-01,-2.314377e-03
12.5132027413229,2.834245e-01,-3.254564e-03
12.5132027413229,3.967448e-01,-4.391988e-03
12.5132027413229,5.552783e-01,-5.558071e-03
12.5132027413229,7.774819e-01,-6.681126e-03
12.5132027413229,1.088445e+00,-7.500050e-03
12.5132027413229,1.523711e+00,-8.359128e-03
12.5132027413229,2.088426e+00,-9.026111e-03
12.5132027413229,2.685505e+00,-8.000521e-03
12.783466796149359,0.e+00,0.e+00
12.783466796149359,1.570796e-02,-8.855785e-06
12.783466796149359,2.346256e-02,-5.956926e-05
12.783466796149359,3.503514e-02,-8.231417e-05
12.783466796149359,5.263151e-02,-2.306881e-04
12.783466796149359,7.314235e-02,-5.501422e-04
12.783466796149359,1.025928e-01,-8.207400e-04
12.783466796149359,1.448116e-01,-1.271504e-03
12.783466796149359,2.023460e-01,-1.926853e-03
12.783466796149359,2.834245e-01,-2.711275e-03
12.783466796149359,3.967448e-01,-3.664871e-03
12.783466796149359,5.552783e-01,-4.661294e-03
12.783466796149359,7.774819e-01,-5.681658e-03
12.783466796149359,1.088445e+00,-6.497725e-03
12.783466796149359,1.523711e+00,-7.361846e-03
12.783466796149359,2.088426e+00,-8.043541e-03
12.783466796149359,2.685505e+00,-7.175700e-03
13.059136132072346,0.e+00,0.e+00
13.059136132072346,1.570796e-02,-7.351868e-06
13.059136132072346,2.346256e-02,-4.924680e-05
13.059136132072346,3.503514e-02,-6.804238e-05
13.059136132072346,5.263151e-02,-1.912746e-04
13.059136132072346,7.314235e-02,-4.546948e-04
13.059136132072346,1.025928e-01,-6.783007e-04
13.059136132072346,1.448116e-01,-1.052552e-03
13.059136132072346,2.023460e-01,-1.591334e-03
13.059136132072346,2.834245e-01,-2.249583e-03
13.059136132072346,3.967448e-01,-3.042944e-03
13.059136132072346,5.552783e-01,-3.895029e-03
13.059136132072346,7.774819e-01,-4.807945e-03
13.059136132072346,1.088445e+00,-5.597561e-03
13.059136132072346,1.523711e+00,-6.433548e-03
13.059136132072346,2.088426e+00,-7.109216e-03
13.059136132072346,2.685505e+00,-6.391496e-03
13.340318854713793,0.e+00,0.e+00
13.340318854713793,1.570796e-02,-6.081923e-06
13.340318854713793,2.346256e-02,-4.035829e-05
13.340318854713793,3.503514e-02,-5.53526e-05
13.340318854713793,5.263151e-02,-1.567544e-04
13.340318854713793,7.314235e-02,-3.7251e-04
13.340318854713793,1.025928e-01,-5.557675e-04
13.340318854713793,1.448116e-01,-8.661975e-04
13.340318854713793,2.023460e-01,-1.302326e-03
13.340318854713793,2.834245e-01,-1.848994e-03
13.340318854713793,3.967448e-01,-2.509175e-03
13.340318854713793,5.552783e-01,-3.231942e-03
13.340318854713793,7.774819e-01,-4.041972e-03
13.340318854713793,1.088445e+00,-4.79265e-03
13.340318854713793,1.523711e+00,-5.596807e-03
13.340318854713793,2.088426e+00,-6.250015e-03
13.340318854713793,2.685505e+00,-5.627481e-03
13.62712523180807,0.e+00,0.e+00
13.62712523180807,1.570796e-02,-5.008514e-06
13.62712523180807,2.346256e-02,-3.310497e-05
13.62712523180807,3.503514e-02,-4.540504e-05
13.62712523180807,5.263151e-02,-1.281461e-04
13.62712523180807,7.314235e-02,-3.043176e-04
13.62712523180807,1.025928e-01,-4.559602e-04
13.62712523180807,1.448116e-01,-7.060848e-04
13.62712523180807,2.023460e-01,-1.064849e-03
13.62712523180807,2.834245e-01,-1.514400e-03
13.62712523180807,3.967448e-01,-2.054586e-03
13.62712523180807,5.552783e-01,-2.661487e-03
13.62712523180807,7.774819e-01,-3.374395e-03
13.62712523180807,1.088445e+00,-4.065120e-03
13.62712523180807,1.523711e+00,-4.834191e-03
13.62712523180807,2.088426e+00,-5.454144e-03
13.62712523180807,2.685505e+00,-4.94461e-03
13.91966773644423,0.e+00,0.e+00
13.91966773644423,1.570796e-02,-4.166232e-06
13.91966773644423,2.346256e-02,-2.727877e-05
13.91966773644423,3.503514e-02,-3.710883e-05
13.91966773644423,5.263151e-02,-1.046916e-04
13.91966773644423,7.314235e-02,-2.465245e-04
13.91966773644423,1.025928e-01,-3.713247e-04
13.91966773644423,1.448116e-01,-5.738465e-04
13.91966773644423,2.023460e-01,-8.671569e-04
13.91966773644423,2.834245e-01,-1.233773e-03
13.91966773644423,3.967448e-01,-1.676116e-03
13.91966773644423,5.552783e-01,-2.185819e-03
13.91966773644423,7.774819e-01,-2.802605e-03
13.91966773644423,1.088445e+00,-3.425944e-03
13.91966773644423,1.523711e+00,-4.153675e-03
13.91966773644423,2.088426e+00,-4.739976e-03
13.91966773644423,2.685505e+00,-4.304053e-03
14.218061091173116,0.e+00,0.e+00
14.218061091173116,1.570796e-02,-3.306452e-06
14.218061091173116,2.346256e-02,-2.185639e-05
14.218061091173116,3.503514e-02,-3.035354e-05
14.218061091173116,5.263151e-02,-8.417637e-05
14.218061091173116,7.314235e-02,-1.991232e-04
14.218061091173116,1.025928e-01,-3.004318e-04
14.218061091173116,1.448116e-01,-4.649486e-04
14.218061091173116,2.023460e-01,-7.032618e-04
14.218061091173116,2.834245e-01,-1.000751e-03
14.218061091173116,3.967448e-01,-1.360947e-03
14.218061091173116,5.552783e-01,-1.782375e-03
14.218061091173116,7.774819e-01,-2.312462e-03
14.218061091173116,1.088445e+00,-2.872421e-03
14.218061091173116,1.523711e+00,-3.530144e-03
14.218061091173116,2.088426e+00,-4.078818e-03
14.218061091173116,2.685505e+00,-3.723235e-03
14.522422312996579,0.e+00,0.e+00
14.522422312996579,1.570796e-02,-2.693087e-06
14.522422312996579,2.346256e-02,-1.757727e-05
14.522422312996579,3.503514e-02,-2.431773e-05
14.522422312996579,5.263151e-02,-6.730528e-05
14.522422312996579,7.314235e-02,-1.586745e-04
14.522422312996579,1.025928e-01,-2.39629e-04
14.522422312996579,1.448116e-01,-3.719545e-04
14.522422312996579,2.023460e-01,-5.640167e-04
14.522422312996579,2.834245e-01,-8.014200e-04
14.522422312996579,3.967448e-01,-1.090645e-03
14.522422312996579,5.552783e-01,-1.436838e-03
14.522422312996579,7.774819e-01,-1.885665e-03
14.522422312996579,1.088445e+00,-2.383822e-03
14.522422312996579,1.523711e+00,-2.979454e-03
14.522422312996579,2.088426e+00,-3.484893e-03
14.522422312996579,2.685505e+00,-3.195419e-03
14.83287075925651,0.e+00,0.e+00
14.83287075925651,1.570796e-02,-2.233813e-06
14.83287075925651,2.346256e-02,-1.387632e-05
14.83287075925651,3.503514e-02,-1.947721e-05
14.83287075925651,5.263151e-02,-5.353407e-05
14.83287075925651,7.314235e-02,-1.272337e-04
14.83287075925651,1.025928e-01,-1.919717e-04
14.83287075925651,1.448116e-01,-2.980871e-04
14.83287075925651,2.023460e-01,-4.497868e-04
14.83287075925651,2.834245e-01,-6.453356e-04
14.83287075925651,3.967448e-01,-8.769060e-04
14.83287075925651,5.552783e-01,-1.164414e-03
14.83287075925651,7.774819e-01,-1.53972e-03
14.83287075925651,1.088445e+00,-1.971039e-03
14.83287075925651,1.523711e+00,-2.508217e-03
14.83287075925651,2.088426e+00,-2.961054e-03
14.83287075925651,2.685505e+00,-2.723576e-03
15.149528174441642,0.e+00,0.e+00
15.149528174441642,1.570796e-02,-1.735311e-06
15.149528174441642,2.346256e-02,-1.109130e-05
15.149528174441642,3.503514e-02,-1.532806e-05
15.149528174441642,5.263151e-02,-4.24761e-05
15.149528174441642,7.314235e-02,-1.000256e-04
15.149528174441642,1.025928e-01,-1.523332e-04
15.149528174441642,1.448116e-01,-2.370982e-04
15.149528174441642,2.023460e-01,-3.569315e-04
15.149528174441642,2.834245e-01,-5.141805e-04
15.149528174441642,3.967448e-01,-7.011334e-04
15.149528174441642,5.552783e-01,-9.332429e-04
15.149528174441642,7.774819e-01,-1.247160e-03
15.149528174441642,1.088445e+00,-1.617120e-03
15.149528174441642,1.523711e+00,-2.088154e-03
15.149528174441642,2.088426e+00,-2.499655e-03
15.149528174441642,2.685505e+00,-2.310681e-03
15.472518737930475,0.e+00,0.e+00
15.472518737930475,1.570796e-02,-1.309833e-06
15.472518737930475,2.346256e-02,-8.560744e-06
15.472518737930475,3.503514e-02,-1.193200e-05
15.472518737930475,5.263151e-02,-3.347431e-05
15.472518737930475,7.314235e-02,-7.910253e-05
15.472518737930475,1.025928e-01,-1.197216e-04
15.472518737930475,1.448116e-01,-1.863079e-04
15.472518737930475,2.023460e-01,-2.823153e-04
15.472518737930475,2.834245e-01,-4.057537e-04
15.472518737930475,3.967448e-01,-5.548945e-04
15.472518737930475,5.552783e-01,-7.438875e-04
15.472518737930475,7.774819e-01,-1.003579e-03
15.472518737930475,1.088445e+00,-1.321898e-03
15.472518737930475,1.523711e+00,-1.725457e-03
15.472518737930475,2.088426e+00,-2.083317e-03
15.472518737930475,2.685505e+00,-1.937853e-03
15.801969112689086,0.e+00,0.e+00
15.801969112689086,1.570796e-02,-1.131868e-06
15.801969112689086,2.346256e-02,-6.497287e-06
15.801969112689086,3.503514e-02,-9.327468e-06
15.801969112689086,5.263151e-02,-2.614508e-05
15.801969112689086,7.314235e-02,-6.189190e-05
15.801969112689086,1.025928e-01,-9.363239e-05
15.801969112689086,1.448116e-01,-1.462541e-04
15.801969112689086,2.023460e-01,-2.203076e-04
15.801969112689086,2.834245e-01,-3.188995e-04
15.801969112689086,3.967448e-01,-4.352526e-04
15.801969112689086,5.552783e-01,-5.864345e-04
15.801969112689086,7.774819e-01,-8.007003e-04
15.801969112689086,1.088445e+00,-1.066525e-03
15.801969112689086,1.523711e+00,-1.405010e-03
15.801969112689086,2.088426e+00,-1.715200e-03
15.801969112689086,2.685505e+00,-1.607940e-03
16.13800849494287,0.e+00,0.e+00
16.13800849494287,1.570796e-02,-8.325091e-07
16.13800849494287,2.346256e-02,-5.041658e-06
16.13800849494287,3.503514e-02,-7.273707e-06
16.13800849494287,5.263151e-02,-2.025883e-05
16.13800849494287,7.314235e-02,-4.759116e-05
16.13800849494287,1.025928e-01,-7.130020e-05
16.13800849494287,1.448116e-01,-1.138566e-04
16.13800849494287,2.023460e-01,-1.706372e-04
16.13800849494287,2.834245e-01,-2.474344e-04
16.13800849494287,3.967448e-01,-3.376818e-04
16.13800849494287,5.552783e-01,-4.577792e-04
16.13800849494287,7.774819e-01,-6.327645e-04
16.13800849494287,1.088445e+00,-8.496465e-04
16.13800849494287,1.523711e+00,-1.136312e-03
16.13800849494287,2.088426e+00,-1.404088e-03
16.13800849494287,2.685505e+00,-1.321239e-03
16.480768664841726,0.e+00,0.e+00
16.480768664841726,1.570796e-02,-6.481133e-07
16.480768664841726,2.346256e-02,-3.746226e-06
16.480768664841726,3.503514e-02,-5.651072e-06
16.480768664841726,5.263151e-02,-1.557678e-05
16.480768664841726,7.314235e-02,-3.615917e-05
16.480768664841726,1.025928e-01,-5.474697e-05
16.480768664841726,1.448116e-01,-8.787488e-05
16.480768664841726,2.023460e-01,-1.311435e-04
16.480768664841726,2.834245e-01,-1.911111e-04
16.480768664841726,3.967448e-01,-2.603492e-04
16.480768664841726,5.552783e-01,-3.550858e-04
16.480768664841726,7.774819e-01,-4.963615e-04
16.480768664841726,1.088445e+00,-6.725768e-04
16.480768664841726,1.523711e+00,-9.069367e-04
16.480768664841726,2.088426e+00,-1.132843e-03
16.480768664841726,2.685505e+00,-1.068021e-03
16.83038403813856,0.e+00,0.e+00
16.83038403813856,1.570796e-02,-5.026371e-07
16.83038403813856,2.346256e-02,-2.829856e-06
16.83038403813856,3.503514e-02,-4.209650e-06
16.83038403813856,5.263151e-02,-1.189580e-05
16.83038403813856,7.314235e-02,-2.753779e-05
16.83038403813856,1.025928e-01,-4.193937e-05
16.83038403813856,1.448116e-01,-6.736011e-05
16.83038403813856,2.023460e-01,-9.963102e-05
16.83038403813856,2.834245e-01,-1.461278e-04
16.83038403813856,3.967448e-01,-2.003994e-04
16.83038403813856,5.552783e-01,-2.737027e-04
16.83038403813856,7.774819e-01,-3.881841e-04
16.83038403813856,1.088445e+00,-5.277767e-04
16.83038403813856,1.523711e+00,-7.193046e-04
16.83038403813856,2.088426e+00,-9.034934e-04
16.83038403813856,2.685505e+00,-8.502734e-04
17.186991718901332,0.e+00,0.e+00
17.186991718901332,1.570796e-02,-3.722261e-07
17.186991718901332,2.346256e-02,-2.124261e-06
17.186991718901332,3.503514e-02,-3.175238e-06
17.186991718901332,5.263151e-02,-8.976710e-06
17.186991718901332,7.314235e-02,-2.068727e-05
17.186991718901332,1.025928e-01,-3.136738e-05
17.186991718901332,1.448116e-01,-5.048674e-05
17.186991718901332,2.023460e-01,-7.527741e-05
17.186991718901332,2.834245e-01,-1.101158e-04
17.186991718901332,3.967448e-01,-1.514475e-04
17.186991718901332,5.552783e-01,-2.073894e-04
17.186991718901332,7.774819e-01,-2.969647e-04
17.186991718901332,1.088445e+00,-4.060525e-04
17.186991718901332,1.523711e+00,-5.572400e-04
17.186991718901332,2.088426e+00,-7.068990e-04
17.186991718901332,2.685505e+00,-6.631717e-04
17.55073155327936,0.e+00,0.e+00
17.55073155327936,1.570796e-02,-2.631015e-07
17.55073155327936,2.346256e-02,-1.551418e-06
17.55073155327936,3.503514e-02,-2.318318e-06
17.55073155327936,5.263151e-02,-6.865136e-06
17.55073155327936,7.314235e-02,-1.521690e-05
17.55073155327936,1.025928e-01,-2.318034e-05
17.55073155327936,1.448116e-01,-3.698535e-05
17.55073155327936,2.023460e-01,-5.583084e-05
17.55073155327936,2.834245e-01,-8.157574e-05
17.55073155327936,3.967448e-01,-1.121191e-04
17.55073155327936,5.552783e-01,-1.545383e-04
17.55073155327936,7.774819e-01,-2.237176e-04
17.55073155327936,1.088445e+00,-3.067385e-04
17.55073155327936,1.523711e+00,-4.232593e-04
17.55073155327936,2.088426e+00,-5.391657e-04
17.55073155327936,2.685505e+00,-5.106023e-04
17.921746184344947,0.e+00,0.e+00
17.921746184344947,1.570796e-02,-2.032611e-07
17.921746184344947,2.346256e-02,-1.134677e-06
17.921746184344947,3.503514e-02,-1.694364e-06
17.921746184344947,5.263151e-02,-4.940710e-06
17.921746184344947,7.314235e-02,-1.111911e-05
17.921746184344947,1.025928e-01,-1.670529e-05
17.921746184344947,1.448116e-01,-2.700011e-05
17.921746184344947,2.023460e-01,-4.075193e-05
17.921746184344947,2.834245e-01,-5.954811e-05
17.921746184344947,3.967448e-01,-8.2006e-05
17.921746184344947,5.552783e-01,-1.140911e-04
17.921746184344947,7.774819e-01,-1.657431e-04
17.921746184344947,1.088445e+00,-2.286070e-04
17.921746184344947,1.523711e+00,-3.17852e-04
17.921746184344947,2.088426e+00,-4.066731e-04
17.921746184344947,2.685505e+00,-3.865748e-04
18.300181108031847,0.e+00,0.e+00
18.300181108031847,1.570796e-02,-1.493997e-07
18.300181108031847,2.346256e-02,-8.040182e-07
18.300181108031847,3.503514e-02,-1.215101e-06
18.300181108031847,5.263151e-02,-3.577312e-06
18.300181108031847,7.314235e-02,-8.009168e-06
18.300181108031847,1.025928e-01,-1.185651e-05
18.300181108031847,1.448116e-01,-1.93143e-05
18.300181108031847,2.023460e-01,-2.894791e-05
18.300181108031847,2.834245e-01,-4.266707e-05
18.300181108031847,3.967448e-01,-5.878442e-05
18.300181108031847,5.552783e-01,-8.270802e-05
18.300181108031847,7.774819e-01,-1.209411e-04
18.300181108031847,1.088445e+00,-1.674388e-04
18.300181108031847,1.523711e+00,-2.342135e-04
18.300181108031847,2.088426e+00,-3.002198e-04
18.300181108031847,2.685505e+00,-2.906444e-04
18.686184730192483,0.e+00,0.e+00
18.686184730192483,1.570796e-02,-1.148088e-07
18.686184730192483,2.346256e-02,-5.530609e-07
18.686184730192483,3.503514e-02,-8.423386e-07
18.686184730192483,5.263151e-02,-2.503984e-06
18.686184730192483,7.314235e-02,-5.721767e-06
18.686184730192483,1.025928e-01,-8.20389e-06
18.686184730192483,1.448116e-01,-1.369932e-05
18.686184730192483,2.023460e-01,-2.042844e-05
18.686184730192483,2.834245e-01,-3.032838e-05
18.686184730192483,3.967448e-01,-4.174252e-05
18.686184730192483,5.552783e-01,-5.891301e-05
18.686184730192483,7.774819e-01,-8.705500e-05
18.686184730192483,1.088445e+00,-1.216259e-04
18.686184730192483,1.523711e+00,-1.698791e-04
18.686184730192483,2.088426e+00,-2.19986e-04
18.686184730192483,2.685505e+00,-2.131756e-04
19.079908424796333,0.e+00,0.e+00
19.079908424796333,1.570796e-02,-8.427201e-08
19.079908424796333,2.346256e-02,-3.685159e-07
19.079908424796333,3.503514e-02,-5.618782e-07
19.079908424796333,5.263151e-02,-1.743951e-06
19.079908424796333,7.314235e-02,-3.952596e-06
19.079908424796333,1.025928e-01,-5.737505e-06
19.079908424796333,1.448116e-01,-9.480626e-06
19.079908424796333,2.023460e-01,-1.394640e-05
19.079908424796333,2.834245e-01,-2.117829e-05
19.079908424796333,3.967448e-01,-2.927637e-05
19.079908424796333,5.552783e-01,-4.122618e-05
19.079908424796333,7.774819e-01,-6.165977e-05
19.079908424796333,1.088445e+00,-8.597605e-05
19.079908424796333,1.523711e+00,-1.205286e-04
19.079908424796333,2.088426e+00,-1.563174e-04
19.079908424796333,2.685505e+00,-1.490387e-04
19.48150659329226,0.e+00,0.e+00
19.48150659329226,1.570796e-02,-5.909129e-08
19.48150659329226,2.346256e-02,-2.719352e-07
19.48150659329226,3.503514e-02,-3.660709e-07
19.48150659329226,5.263151e-02,-1.204790e-06
19.48150659329226,7.314235e-02,-2.730004e-06
19.48150659329226,1.025928e-01,-3.980286e-06
19.48150659329226,1.448116e-01,-6.485294e-06
19.48150659329226,2.023460e-01,-9.512061e-06
19.48150659329226,2.834245e-01,-1.453079e-05
19.48150659329226,3.967448e-01,-1.992821e-05
19.48150659329226,5.552783e-01,-2.869150e-05
19.48150659329226,7.774819e-01,-4.294630e-05
19.48150659329226,1.088445e+00,-5.978559e-05
19.48150659329226,1.523711e+00,-8.456678e-05
19.48150659329226,2.088426e+00,-1.105835e-04
19.48150659329226,2.685505e+00,-1.060563e-04
19.891136725158105,0.e+00,0.e+00
19.891136725158105,1.570796e-02,-4.295091e-08
19.891136725158105,2.346256e-02,-1.705278e-07
19.891136725158105,3.503514e-02,-2.403185e-07
19.891136725158105,5.263151e-02,-7.617991e-07
19.891136725158105,7.314235e-02,-1.761578e-06
19.891136725158105,1.025928e-01,-2.633995e-06
19.891136725158105,1.448116e-01,-4.268161e-06
19.891136725158105,2.023460e-01,-6.137609e-06
19.891136725158105,2.834245e-01,-9.600998e-06
19.891136725158105,3.967448e-01,-1.337456e-05
19.891136725158105,5.552783e-01,-1.919882e-05
19.891136725158105,7.774819e-01,-2.869732e-05
19.891136725158105,1.088445e+00,-4.054226e-05
19.891136725158105,1.523711e+00,-5.838529e-05
19.891136725158105,2.088426e+00,-7.671078e-05
19.891136725158105,2.685505e+00,-7.186618e-05
20.308959459661267,0.e+00,0.e+00
20.308959459661267,1.570796e-02,-2.574083e-08
20.308959459661267,2.346256e-02,-9.837479e-08
20.308959459661267,3.503514e-02,-1.520833e-07
20.308959459661267,5.263151e-02,-4.967216e-07
20.308959459661267,7.314235e-02,-1.181241e-06
20.308959459661267,1.025928e-01,-1.711614e-06
20.308959459661267,1.448116e-01,-2.755652e-06
20.308959459661267,2.023460e-01,-3.942391e-06
20.308959459661267,2.834245e-01,-6.292640e-06
20.308959459661267,3.967448e-01,-8.861451e-06
20.308959459661267,5.552783e-01,-1.280446e-05
20.308959459661267,7.774819e-01,-1.924216e-05
20.308959459661267,1.088445e+00,-2.742599e-05
20.308959459661267,1.523711e+00,-3.928316e-05
20.308959459661267,2.088426e+00,-5.136617e-05
20.308959459661267,2.685505e+00,-4.871125e-05
20.73513864885449,0.e+00,0.e+00
20.73513864885449,1.570796e-02,-1.79487e-08
20.73513864885449,2.346256e-02,-5.574850e-08
20.73513864885449,3.503514e-02,-1.042078e-07
20.73513864885449,5.263151e-02,-3.283785e-07
20.73513864885449,7.314235e-02,-7.418684e-07
20.73513864885449,1.025928e-01,-1.091544e-06
20.73513864885449,1.448116e-01,-1.759564e-06
20.73513864885449,2.023460e-01,-2.501733e-06
20.73513864885449,2.834245e-01,-4.011832e-06
20.73513864885449,3.967448e-01,-5.793250e-06
20.73513864885449,5.552783e-01,-8.363365e-06
20.73513864885449,7.774819e-01,-1.259817e-05
20.73513864885449,1.088445e+00,-1.802256e-05
20.73513864885449,1.523711e+00,-2.603633e-05
20.73513864885449,2.088426e+00,-3.350152e-05
20.73513864885449,2.685505e+00,-3.252487e-05
21.16984142183158,0.e+00,0.e+00
21.16984142183158,1.570796e-02,-1.116529e-08
21.16984142183158,2.346256e-02,-3.890095e-08
21.16984142183158,3.503514e-02,-6.434132e-08
21.16984142183158,5.263151e-02,-1.949617e-07
21.16984142183158,7.314235e-02,-4.452548e-07
21.16984142183158,1.025928e-01,-6.631769e-07
21.16984142183158,1.448116e-01,-1.070882e-06
21.16984142183158,2.023460e-01,-1.532377e-06
21.16984142183158,2.834245e-01,-2.466483e-06
21.16984142183158,3.967448e-01,-3.664278e-06
21.16984142183158,5.552783e-01,-5.245631e-06
21.16984142183158,7.774819e-01,-7.902310e-06
21.16984142183158,1.088445e+00,-1.161554e-05
21.16984142183158,1.523711e+00,-1.691347e-05
21.16984142183158,2.088426e+00,-2.165376e-05
21.16984142183158,2.685505e+00,-2.097370e-05
21.613238250268214,0.e+00,0.e+00
21.613238250268214,1.570796e-02,-6.154262e-09
21.613238250268214,2.346256e-02,-2.704579e-08
21.613238250268214,3.503514e-02,-3.682999e-08
21.613238250268214,5.263151e-02,-1.162935e-07
21.613238250268214,7.314235e-02,-2.834203e-07
21.613238250268214,1.025928e-01,-3.974664e-07
21.613238250268214,1.448116e-01,-6.461738e-07
21.613238250268214,2.023460e-01,-9.004278e-07
21.613238250268214,2.834245e-01,-1.496873e-06
21.613238250268214,3.967448e-01,-2.203976e-06
21.613238250268214,5.552783e-01,-3.249441e-06
21.613238250268214,7.774819e-01,-4.838658e-06
21.613238250268214,1.088445e+00,-7.306182e-06
21.613238250268214,1.523711e+00,-1.055731e-05
21.613238250268214,2.088426e+00,-1.367733e-05
21.613238250268214,2.685505e+00,-1.31666e-05
22.065503015273578,0.e+00,0.e+00
22.065503015273578,1.570796e-02,1.809914e-10
22.065503015273578,2.346256e-02,1.330349e-09
22.065503015273578,3.503514e-02,1.629858e-09
22.065503015273578,5.263151e-02,4.902484e-09
22.065503015273578,7.314235e-02,1.178340e-08
22.065503015273578,1.025928e-01,1.767888e-08
22.065503015273578,1.448116e-01,2.710135e-08
22.065503015273578,2.023460e-01,4.127505e-08
22.065503015273578,2.834245e-01,5.852704e-08
22.065503015273578,3.967448e-01,8.284157e-08
22.065503015273578,5.552783e-01,1.146751e-07
22.065503015273578,7.774819e-01,1.476274e-07
22.065503015273578,1.088445e+00,1.601593e-07
22.065503015273578,1.523711e+00,1.364879e-07
22.065503015273578,2.088426e+00,8.73628e-08
22.065503015273578,2.685505e+00,4.075311e-08
22.52681307557905,0.e+00,0.e+00
22.52681307557905,1.570796e-02,1.707330e-10
22.52681307557905,2.346256e-02,1.253329e-09
22.52681307557905,3.503514e-02,1.535543e-09
22.52681307557905,5.263151e-02,4.621033e-09
22.52681307557905,7.314235e-02,1.110885e-08
22.52681307557905,1.025928e-01,1.665752e-08
22.52681307557905,1.448116e-01,2.556429e-08
22.52681307557905,2.023460e-01,3.901705e-08
22.52681307557905,2.834245e-01,5.558420e-08
22.52681307557905,3.967448e-01,7.919560e-08
22.52681307557905,5.552783e-01,1.104408e-07
22.52681307557905,7.774819e-01,1.429969e-07
22.52681307557905,1.088445e+00,1.561614e-07
22.52681307557905,1.523711e+00,1.345375e-07
22.52681307557905,2.088426e+00,8.700832e-08
22.52681307557905,2.685505e+00,4.065629e-08
22.997349337090633,0.e+00,0.e+00
22.997349337090633,1.570796e-02,1.605755e-10
22.997349337090633,2.346256e-02,1.178031e-09
22.997349337090633,3.503514e-02,1.442355e-09
22.997349337090633,5.263151e-02,4.342819e-09
22.997349337090633,7.314235e-02,1.044578e-08
22.997349337090633,1.025928e-01,1.565917e-08
22.997349337090633,1.448116e-01,2.405921e-08
22.997349337090633,2.023460e-01,3.680528e-08
22.997349337090633,2.834245e-01,5.269237e-08
22.997349337090633,3.967448e-01,7.561554e-08
22.997349337090633,5.552783e-01,1.061818e-07
22.997349337090633,7.774819e-01,1.382864e-07
22.997349337090633,1.088445e+00,1.519954e-07
22.997349337090633,1.523711e+00,1.323998e-07
22.997349337090633,2.088426e+00,8.674275e-08
22.997349337090633,2.685505e+00,4.070742e-08
23.477296323832444,0.e+00,0.e+00
23.477296323832444,1.570796e-02,1.505197e-10
23.477296323832444,2.346256e-02,1.104225e-09
23.477296323832444,3.503514e-02,1.351415e-09
23.477296323832444,5.263151e-02,4.070477e-09
23.477296323832444,7.314235e-02,9.793112e-09
23.477296323832444,1.025928e-01,1.468058e-08
23.477296323832444,1.448116e-01,2.258426e-08
23.477296323832444,2.023460e-01,3.465044e-08
23.477296323832444,2.834245e-01,4.98635e-08
23.477296323832444,3.967448e-01,7.206052e-08
23.477296323832444,5.552783e-01,1.018622e-07
23.477296323832444,7.774819e-01,1.334228e-07
23.477296323832444,1.088445e+00,1.476476e-07
23.477296323832444,1.523711e+00,1.302235e-07
23.477296323832444,2.088426e+00,8.659859e-08
23.477296323832444,2.685505e+00,4.064475e-08
23.966842250309092,0.e+00,0.e+00
23.966842250309092,1.570796e-02,1.407112e-10
23.966842250309092,2.346256e-02,1.031879e-09
23.966842250309092,3.503514e-02,1.262177e-09
23.966842250309092,5.263151e-02,3.805133e-09
23.966842250309092,7.314235e-02,9.157408e-09
23.966842250309092,1.025928e-01,1.372739e-08
23.966842250309092,1.448116e-01,2.114677e-08
23.966842250309092,2.023460e-01,3.254233e-08
23.966842250309092,2.834245e-01,4.707339e-08
23.966842250309092,3.967448e-01,6.853030e-08
23.966842250309092,5.552783e-01,9.748645e-08
23.966842250309092,7.774819e-01,1.283164e-07
23.966842250309092,1.088445e+00,1.430764e-07
23.966842250309092,1.523711e+00,1.27857e-07
23.966842250309092,2.088426e+00,8.649073e-08
23.966842250309092,2.685505e+00,4.082762e-08
24.466179095315276,0.e+00,0.e+00
24.466179095315276,1.570796e-02,1.311679e-10
24.466179095315276,2.346256e-02,9.616230e-10
24.466179095315276,3.503514e-02,1.175215e-09
24.466179095315276,5.263151e-02,3.545485e-09
24.466179095315276,7.314235e-02,8.536776e-09
24.466179095315276,1.025928e-01,1.279691e-08
24.466179095315276,1.448116e-01,1.974257e-08
24.466179095315276,2.023460e-01,3.049388e-08
24.466179095315276,2.834245e-01,4.432847e-08
24.466179095315276,3.967448e-01,6.501580e-08
24.466179095315276,5.552783e-01,9.304408e-08
24.466179095315276,7.774819e-01,1.230703e-07
24.466179095315276,1.088445e+00,1.383372e-07
24.466179095315276,1.523711e+00,1.255035e-07
24.466179095315276,2.088426e+00,8.647144e-08
24.466179095315276,2.685505e+00,4.113294e-08
24.97550267722158,0.e+00,0.e+00
24.97550267722158,1.570796e-02,1.218369e-10
24.97550267722158,2.346256e-02,8.925554e-10
24.97550267722158,3.503514e-02,1.090559e-09
24.97550267722158,5.263151e-02,3.294254e-09
24.97550267722158,7.314235e-02,7.932256e-09
24.97550267722158,1.025928e-01,1.189531e-08
24.97550267722158,1.448116e-01,1.837603e-08
24.97550267722158,2.023460e-01,2.848506e-08
24.97550267722158,2.834245e-01,4.164624e-08
24.97550267722158,3.967448e-01,6.151536e-08
24.97550267722158,5.552783e-01,8.853095e-08
24.97550267722158,7.774819e-01,1.1769e-07
24.97550267722158,1.088445e+00,1.333916e-07
24.97550267722158,1.523711e+00,1.229329e-07
24.97550267722158,2.088426e+00,8.646779e-08
24.97550267722158,2.685505e+00,4.169806e-08
25.495012730766014,0.e+00,0.e+00
25.495012730766014,1.570796e-02,1.127347e-10
25.495012730766014,2.346256e-02,8.254498e-10
25.495012730766014,3.503514e-02,1.008421e-09
25.495012730766014,5.263151e-02,3.048685e-09
25.495012730766014,7.314235e-02,7.344117e-09
25.495012730766014,1.025928e-01,1.10168e-08
25.495012730766014,1.448116e-01,1.704366e-08
25.495012730766014,2.023460e-01,2.652955e-08
25.495012730766014,2.834245e-01,3.900323e-08
25.495012730766014,3.967448e-01,5.803017e-08
25.495012730766014,5.552783e-01,8.394904e-08
25.495012730766014,7.774819e-01,1.120972e-07
25.495012730766014,1.088445e+00,1.282531e-07
25.495012730766014,1.523711e+00,1.201149e-07
25.495012730766014,2.088426e+00,8.65235e-08
25.495012730766014,2.685505e+00,4.236799e-08
26.024912985381334,0.e+00,0.e+00
26.024912985381334,1.570796e-02,1.038626e-10
26.024912985381334,2.346256e-02,7.606063e-10
26.024912985381334,3.503514e-02,9.288471e-10
26.024912985381334,5.263151e-02,2.809847e-09
26.024912985381334,7.314235e-02,6.772828e-09
26.024912985381334,1.025928e-01,1.016204e-08
26.024912985381334,1.448116e-01,1.575157e-08
26.024912985381334,2.023460e-01,2.462524e-08
26.024912985381334,2.834245e-01,3.639629e-08
26.024912985381334,3.967448e-01,5.452255e-08
26.024912985381334,5.552783e-01,7.923274e-08
26.024912985381334,7.774819e-01,1.063047e-07
26.024912985381334,1.088445e+00,1.228871e-07
26.024912985381334,1.523711e+00,1.17121e-07
26.024912985381334,2.088426e+00,8.653709e-08
26.024912985381334,2.685505e+00,4.324356e-08
26.56541124508896,0.e+00,0.e+00
26.56541124508896,1.570796e-02,9.515361e-11
26.56541124508896,2.346256e-02,6.970946e-10
26.56541124508896,3.503514e-02,8.512721e-10
26.56541124508896,5.263151e-02,2.577462e-09
26.56541124508896,7.314235e-02,6.214955e-09
26.56541124508896,1.025928e-01,9.331463e-09
26.56541124508896,1.448116e-01,1.449014e-08
26.56541124508896,2.023460e-01,2.274904e-08
26.56541124508896,2.834245e-01,3.382944e-08
26.56541124508896,3.967448e-01,5.099237e-08
26.56541124508896,5.552783e-01,7.443044e-08
26.56541124508896,7.774819e-01,1.003657e-07
26.56541124508896,1.088445e+00,1.171827e-07
26.56541124508896,1.523711e+00,1.138801e-07
26.56541124508896,2.088426e+00,8.653684e-08
26.56541124508896,2.685505e+00,4.465020e-08
27.11671946999074,0.e+00,0.e+00
27.11671946999074,1.570796e-02,8.675495e-11
27.11671946999074,2.346256e-02,6.351131e-10
27.11671946999074,3.503514e-02,7.761447e-10
27.11671946999074,5.263151e-02,2.351887e-09
27.11671946999074,7.314235e-02,5.673033e-09
27.11671946999074,1.025928e-01,8.522978e-09
27.11671946999074,1.448116e-01,1.326136e-08
27.11671946999074,2.023460e-01,2.091350e-08
27.11671946999074,2.834245e-01,3.128027e-08
27.11671946999074,3.967448e-01,4.743166e-08
27.11671946999074,5.552783e-01,6.952522e-08
27.11671946999074,7.774819e-01,9.422010e-08
27.11671946999074,1.088445e+00,1.112246e-07
27.11671946999074,1.523711e+00,1.103613e-07
27.11671946999074,2.088426e+00,8.643711e-08
27.11671946999074,2.685505e+00,4.631608e-08
27.679053859390557,0.e+00,0.e+00
27.679053859390557,1.570796e-02,7.852157e-11
27.679053859390557,2.346256e-02,5.751138e-10
27.679053859390557,3.503514e-02,7.032341e-10
27.679053859390557,5.263151e-02,2.132490e-09
27.679053859390557,7.314235e-02,5.145548e-09
27.679053859390557,1.025928e-01,7.735938e-09
27.679053859390557,1.448116e-01,1.206250e-08
27.679053859390557,2.023460e-01,1.910874e-08
27.679053859390557,2.834245e-01,2.874543e-08
27.679053859390557,3.967448e-01,4.384203e-08
27.679053859390557,5.552783e-01,6.449547e-08
27.679053859390557,7.774819e-01,8.787468e-08
27.679053859390557,1.088445e+00,1.049005e-07
27.679053859390557,1.523711e+00,1.062926e-07
27.679053859390557,2.088426e+00,8.608632e-08
27.679053859390557,2.685505e+00,4.822307e-08
28.252634936578367,0.e+00,0.e+00
28.252634936578367,1.570796e-02,7.054029e-11
28.252634936578367,2.346256e-02,5.167365e-10
28.252634936578367,3.503514e-02,6.322576e-10
28.252634936578367,5.263151e-02,1.918271e-09
28.252634936578367,7.314235e-02,4.632948e-09
28.252634936578367,1.025928e-01,6.970006e-09
28.252634936578367,1.448116e-01,1.089313e-08
28.252634936578367,2.023460e-01,1.733215e-08
28.252634936578367,2.834245e-01,2.622362e-08
28.252634936578367,3.967448e-01,4.020756e-08
28.252634936578367,5.552783e-01,5.934924e-08
28.252634936578367,7.774819e-01,8.128533e-08
28.252634936578367,1.088445e+00,9.823457e-08
28.252634936578367,1.523711e+00,1.01754e-07
28.252634936578367,2.088426e+00,8.540453e-08
28.252634936578367,2.685505e+00,5.049658e-08
28.837687635309937,0.e+00,0.e+00
28.837687635309937,1.570796e-02,6.280828e-11
28.837687635309937,2.346256e-02,4.595534e-10
28.837687635309937,3.503514e-02,5.631624e-10
28.837687635309937,5.263151e-02,1.709995e-09
28.837687635309937,7.314235e-02,4.133341e-09
28.837687635309937,1.025928e-01,6.222524e-09
28.837687635309937,1.448116e-01,9.750571e-09
28.837687635309937,2.023460e-01,1.558301e-08
28.837687635309937,2.834245e-01,2.371097e-08
28.837687635309937,3.967448e-01,3.652827e-08
28.837687635309937,5.552783e-01,5.410608e-08
28.837687635309937,7.774819e-01,7.445841e-08
28.837687635309937,1.088445e+00,9.114663e-08
28.837687635309937,1.523711e+00,9.658271e-08
28.837687635309937,2.088426e+00,8.430286e-08
28.837687635309937,2.685505e+00,5.302664e-08
29.434441388016136,0.e+00,0.e+00
29.434441388016136,1.570796e-02,5.523902e-11
29.434441388016136,2.346256e-02,4.040636e-10
29.434441388016136,3.503514e-02,4.961428e-10
29.434441388016136,5.263151e-02,1.507271e-09
29.434441388016136,7.314235e-02,3.648256e-09
29.434441388016136,1.025928e-01,5.494505e-09
29.434441388016136,1.448116e-01,8.631664e-09
29.434441388016136,2.023460e-01,1.385887e-08
29.434441388016136,2.834245e-01,2.120021e-08
29.434441388016136,3.967448e-01,3.28052e-08
29.434441388016136,5.552783e-01,4.871438e-08
29.434441388016136,7.774819e-01,6.742620e-08
29.434441388016136,1.088445e+00,8.35847e-08
29.434441388016136,1.523711e+00,9.078971e-08
29.434441388016136,2.088426e+00,8.260254e-08
29.434441388016136,2.685505e+00,5.570293e-08
30.043130215776458,0.e+00,0.e+00
30.043130215776458,1.570796e-02,4.793111e-11
30.043130215776458,2.346256e-02,3.503428e-10
30.043130215776458,3.503514e-02,4.308939e-10
30.043130215776458,5.263151e-02,1.309916e-09
30.043130215776458,7.314235e-02,3.174206e-09
30.043130215776458,1.025928e-01,4.784294e-09
30.043130215776458,1.448116e-01,7.53512e-09
30.043130215776458,2.023460e-01,1.215362e-08
30.043130215776458,2.834245e-01,1.868949e-08
30.043130215776458,3.967448e-01,2.903160e-08
30.043130215776458,5.552783e-01,4.323566e-08
30.043130215776458,7.774819e-01,6.015676e-08
30.043130215776458,1.088445e+00,7.557699e-08
30.043130215776458,1.523711e+00,8.421506e-08
30.043130215776458,2.088426e+00,8.006186e-08
30.043130215776458,2.685505e+00,5.827373e-08
30.663992820091988,0.e+00,0.e+00
30.663992820091988,1.570796e-02,4.082733e-11
30.663992820091988,2.346256e-02,2.981040e-10
30.663992820091988,3.503514e-02,3.67446e-10
30.663992820091988,5.263151e-02,1.117570e-09
30.663992820091988,7.314235e-02,2.712379e-09
30.663992820091988,1.025928e-01,4.092712e-09
30.663992820091988,1.448116e-01,6.460031e-09
30.663992820091988,2.023460e-01,1.046460e-08
30.663992820091988,2.834245e-01,1.617716e-08
30.663992820091988,3.967448e-01,2.521721e-08
30.663992820091988,5.552783e-01,3.764527e-08
30.663992820091988,7.774819e-01,5.268144e-08
30.663992820091988,1.088445e+00,6.70307e-08
30.663992820091988,1.523711e+00,7.673597e-08
30.663992820091988,2.088426e+00,7.643014e-08
30.663992820091988,2.685505e+00,6.028584e-08
31.297272676493826,0.e+00,0.e+00
31.297272676493826,1.570796e-02,3.397510e-11
31.297272676493826,2.346256e-02,2.477486e-10
31.297272676493826,3.503514e-02,3.058053e-10
31.297272676493826,5.263151e-02,9.305324e-10
31.297272676493826,7.314235e-02,2.262114e-09
31.297272676493826,1.025928e-01,3.416349e-09
31.297272676493826,1.448116e-01,5.406018e-09
31.297272676493826,2.023460e-01,8.796271e-09
31.297272676493826,2.834245e-01,1.366357e-08
31.297272676493826,3.967448e-01,2.13646e-08
31.297272676493826,5.552783e-01,3.197408e-08
31.297272676493826,7.774819e-01,4.49731e-08
31.297272676493826,1.088445e+00,5.799813e-08
31.297272676493826,1.523711e+00,6.819596e-08
31.297272676493826,2.088426e+00,7.129156e-08
31.297272676493826,2.685505e+00,6.125926e-08
31.943218130023702,0.e+00,0.e+00
31.943218130023702,1.570796e-02,2.729571e-11
31.943218130023702,2.346256e-02,1.986879e-10
31.943218130023702,3.503514e-02,2.459102e-10
31.943218130023702,5.263151e-02,7.486191e-10
31.943218130023702,7.314235e-02,1.823627e-09
31.943218130023702,1.025928e-01,2.756505e-09
31.943218130023702,1.448116e-01,4.372206e-09
31.943218130023702,2.023460e-01,7.143441e-09
31.943218130023702,2.834245e-01,1.115002e-08
31.943218130023702,3.967448e-01,1.747154e-08
31.943218130023702,5.552783e-01,2.621075e-08
31.943218130023702,7.774819e-01,3.705409e-08
31.943218130023702,1.088445e+00,4.843442e-08
31.943218130023702,1.523711e+00,5.857172e-08
31.943218130023702,2.088426e+00,6.452401e-08
31.943218130023702,2.685505e+00,6.043174e-08
32.60208249262418,0.e+00,0.e+00
32.60208249262418,1.570796e-02,2.076813e-11
32.60208249262418,2.346256e-02,1.514718e-10
32.60208249262418,3.503514e-02,1.878768e-10
32.60208249262418,5.263151e-02,5.719241e-10
32.60208249262418,7.314235e-02,1.396207e-09
32.60208249262418,1.025928e-01,2.112442e-09
32.60208249262418,1.448116e-01,3.359194e-09
32.60208249262418,2.023460e-01,5.509439e-09
32.60208249262418,2.834245e-01,8.642449e-09
32.60208249262418,3.967448e-01,1.356596e-08
32.60208249262418,5.552783e-01,2.039188e-08
32.60208249262418,7.774819e-01,2.895593e-08
32.60208249262418,1.088445e+00,3.833282e-08
32.60208249262418,1.523711e+00,4.769092e-08
32.60208249262418,2.088426e+00,5.553802e-08
32.60208249262418,2.685505e+00,5.678625e-08
33.27412414247666,0.e+00,0.e+00
33.27412414247666,1.570796e-02,1.452638e-11
33.27412414247666,2.346256e-02,1.055701e-10
33.27412414247666,3.503514e-02,1.313586e-10
33.27412414247666,5.263151e-02,4.001251e-10
33.27412414247666,7.314235e-02,9.78819e-10
33.27412414247666,1.025928e-01,1.483306e-09
33.27412414247666,1.448116e-01,2.365081e-09
33.27412414247666,2.023460e-01,3.894487e-09
33.27412414247666,2.834245e-01,6.138178e-09
33.27412414247666,3.967448e-01,9.651844e-09
33.27412414247666,5.552783e-01,1.453973e-08
33.27412414247666,7.774819e-01,2.074963e-08
33.27412414247666,1.088445e+00,2.779457e-08
33.27412414247666,1.523711e+00,3.555872e-08
33.27412414247666,2.088426e+00,4.382492e-08
33.27412414247666,2.685505e+00,4.87255e-08
33.959606625326195,0.e+00,0.e+00
33.959606625326195,1.570796e-02,8.758808e-12
33.959606625326195,2.346256e-02,6.399982e-11
33.959606625326195,3.503514e-02,7.950304e-11
33.959606625326195,5.263151e-02,2.418765e-10
33.959606625326195,7.314235e-02,5.928610e-10
33.959606625326195,1.025928e-01,8.989717e-10
33.959606625326195,1.448116e-01,1.43368e-09
33.959606625326195,2.023460e-01,2.360907e-09
33.959606625326195,2.834245e-01,3.716639e-09
33.959606625326195,3.967448e-01,5.820803e-09
33.959606625326195,5.552783e-01,8.73708e-09
33.959606625326195,7.774819e-01,1.246567e-08
33.959606625326195,1.088445e+00,1.68473e-08
33.959606625326195,1.523711e+00,2.211771e-08
33.959606625326195,2.088426e+00,2.871479e-08
33.959606625326195,2.685505e+00,3.428385e-08
34.65879875783272,0.e+00,0.e+00
34.65879875783272,1.570796e-02,3.078112e-12
34.65879875783272,2.346256e-02,2.161297e-11
34.65879875783272,3.503514e-02,2.320773e-11
34.65879875783272,5.263151e-02,7.675669e-11
34.65879875783272,7.314235e-02,1.858547e-10
34.65879875783272,1.025928e-01,2.784926e-10
34.65879875783272,1.448116e-01,4.543166e-10
34.65879875783272,2.023460e-01,7.504198e-10
34.65879875783272,2.834245e-01,1.199881e-09
34.65879875783272,3.967448e-01,1.88683e-09
34.65879875783272,5.552783e-01,2.847233e-09
34.65879875783272,7.774819e-01,4.088179e-09
34.65879875783272,1.088445e+00,5.6e-09
34.65879875783272,1.523711e+00,7.520106e-09
34.65879875783272,2.088426e+00,1.026062e-08
34.65879875783272,2.685505e+00,1.316856e-08
35.37197473298937,0.e+00,0.e+00
35.37197473298937,1.570796e-02,0.e+00
35.37197473298937,2.346256e-02,0.e+00
35.37197473298937,3.503514e-02,0.e+00
35.37197473298937,5.263151e-02,0.e+00
35.37197473298937,7.314235e-02,0.e+00
35.37197473298937,1.025928e-01,0.e+00
35.37197473298937,1.448116e-01,0.e+00
35.37197473298937,2.023460e-01,0.e+00
35.37197473298937,2.834245e-01,0.e+00
35.37197473298937,3.967448e-01,0.e+00
35.37197473298937,5.552783e-01,0.e+00
35.37197473298937,7.774819e-01,0.e+00
35.37197473298937,1.088445e+00,0.e+00
35.37197473298937,1.523711e+00,0.e+00
35.37197473298937,2.088426e+00,0.e+00
35.37197473298937,2.685505e+00,0.e+00
