5.000000e+00 1.570796e-02 0.000000e+00
5.000000e+00 2.346256e-02 0.000000e+00
5.000000e+00 3.503514e-02 0.000000e+00
5.000000e+00 5.263151e-02 0.000000e+00
5.000000e+00 7.314235e-02 0.000000e+00
5.000000e+00 1.025928e-01 0.000000e+00
5.000000e+00 1.448116e-01 0.000000e+00
5.000000e+00 2.023460e-01 0.000000e+00
5.000000e+00 2.834245e-01 0.000000e+00
5.000000e+00 3.967448e-01 0.000000e+00
5.000000e+00 5.552783e-01 0.000000e+00
5.000000e+00 7.774819e-01 0.000000e+00
5.000000e+00 1.088445e+00 0.000000e+00
5.000000e+00 1.523711e+00 0.000000e+00
5.000000e+00 2.088426e+00 0.000000e+00
5.000000e+00 2.685505e+00 0.000000e+00
5.120000e+00 1.570796e-02 0.000000e+00
5.120000e+00 2.346256e-02 0.000000e+00
5.120000e+00 3.503514e-02 0.000000e+00
5.120000e+00 5.263151e-02 0.000000e+00
5.120000e+00 7.314235e-02 0.000000e+00
5.120000e+00 1.025928e-01 0.000000e+00
5.120000e+00 1.448116e-01 0.000000e+00
5.120000e+00 2.023460e-01 0.000000e+00
5.120000e+00 2.834245e-01 0.000000e+00
5.120000e+00 3.967448e-01 0.000000e+00
5.120000e+00 5.552783e-01 0.000000e+00
5.120000e+00 7.774819e-01 0.000000e+00
5.120000e+00 1.088445e+00 0.000000e+00
5.120000e+00 1.523711e+00 0.000000e+00
5.120000e+00 2.088426e+00 0.000000e+00
5.120000e+00 2.685505e+00 0.000000e+00
5.242400e+00 1.570796e-02 0.000000e+00
5.242400e+00 2.346256e-02 0.000000e+00
5.242400e+00 3.503514e-02 0.000000e+00
5.242400e+00 5.263151e-02 0.000000e+00
5.242400e+00 7.314235e-02 0.000000e+00
5.242400e+00 1.025928e-01 0.000000e+00
5.242400e+00 1.448116e-01 0.000000e+00
5.242400e+00 2.023460e-01 0.000000e+00
5.242400e+00 2.834245e-01 0.000000e+00
5.242400e+00 3.967448e-01 0.000000e+00
5.242400e+00 5.552783e-01 0.000000e+00
5.242400e+00 7.774819e-01 0.000000e+00
5.242400e+00 1.088445e+00 0.000000e+00
5.242400e+00 1.523711e+00 0.000000e+00
5.242400e+00 2.088426e+00 0.000000e+00
5.242400e+00 2.685505e+00 0.000000e+00
5.367248e+00 1.570796e-02 0.000000e+00
5.367248e+00 2.346256e-02 0.000000e+00
5.367248e+00 3.503514e-02 0.000000e+00
5.367248e+00 5.263151e-02 0.000000e+00
5.367248e+00 7.314235e-02 0.000000e+00
5.367248e+00 1.025928e-01 0.000000e+00
5.367248e+00 1.448116e-01 0.000000e+00
5.367248e+00 2.023460e-01 0.000000e+00
5.367248e+00 2.834245e-01 0.000000e+00
5.367248e+00 3.967448e-01 0.000000e+00
5.367248e+00 5.552783e-01 0.000000e+00
5.367248e+00 7.774819e-01 0.000000e+00
5.367248e+00 1.088445e+00 0.000000e+00
5.367248e+00 1.523711e+00 0.000000e+00
5.367248e+00 2.088426e+00 0.000000e+00
5.367248e+00 2.685505e+00 0.000000e+00
5.494593e+00 1.570796e-02 -9.676123e-07
5.494593e+00 2.346256e-02 -7.004760e-07
5.494593e+00 3.503514e-02 -1.368148e-06
5.494593e+00 5.263151e-02 -4.481563e-07
5.494593e+00 7.314235e-02 -2.199887e-06
5.494593e+00 1.025928e-01 -1.586063e-06
5.494593e+00 1.448116e-01 7.432965e-07
5.494593e+00 2.023460e-01 -2.837292e-07
5.494593e+00 2.834245e-01 1.213336e-07
5.494593e+00 3.967448e-01 -1.125431e-06
5.494593e+00 5.552783e-01 -5.347490e-07
5.494593e+00 7.774819e-01 -4.563865e-07
5.494593e+00 1.088445e+00 -5.950453e-07
5.494593e+00 1.523711e+00 -4.441305e-07
5.494593e+00 2.088426e+00 -8.195135e-07
5.494593e+00 2.685505e+00 -8.116333e-07
5.624485e+00 1.570796e-02 -3.563358e-05
5.624485e+00 2.346256e-02 -2.354847e-05
5.624485e+00 3.503514e-02 -3.341983e-05
5.624485e+00 5.263151e-02 -8.931856e-05
5.624485e+00 7.314235e-02 -7.345475e-05
5.624485e+00 1.025928e-01 -1.345767e-05
5.624485e+00 1.448116e-01 -6.696197e-05
5.624485e+00 2.023460e-01 -4.878736e-05
5.624485e+00 2.834245e-01 -6.870730e-05
5.624485e+00 3.967448e-01 -3.864806e-05
5.624485e+00 5.552783e-01 -3.626045e-05
5.624485e+00 7.774819e-01 -3.468968e-05
5.624485e+00 1.088445e+00 -3.204907e-05
5.624485e+00 1.523711e+00 -3.093085e-05
5.624485e+00 2.088426e+00 -3.603072e-05
5.624485e+00 2.685505e+00 -3.685731e-05
5.756975e+00 1.570796e-02 -1.407108e-04
5.756975e+00 2.346256e-02 -1.855002e-04
5.756975e+00 3.503514e-02 -3.043037e-04
5.756975e+00 5.263151e-02 -3.692752e-04
5.756975e+00 7.314235e-02 -4.757566e-04
5.756975e+00 1.025928e-01 -4.006652e-04
5.756975e+00 1.448116e-01 -3.941336e-04
5.756975e+00 2.023460e-01 -4.012903e-04
5.756975e+00 2.834245e-01 -4.156751e-04
5.756975e+00 3.967448e-01 -3.343607e-04
5.756975e+00 5.552783e-01 -2.948621e-04
5.756975e+00 7.774819e-01 -2.547203e-04
5.756975e+00 1.088445e+00 -2.293072e-04
5.756975e+00 1.523711e+00 -2.256567e-04
5.756975e+00 2.088426e+00 -2.482267e-04
5.756975e+00 2.685505e+00 -2.588588e-04
5.892114e+00 1.570796e-02 -3.497182e-04
5.892114e+00 2.346256e-02 -5.069430e-04
5.892114e+00 3.503514e-02 -9.991473e-04
5.892114e+00 5.263151e-02 -1.379098e-03
5.892114e+00 7.314235e-02 -1.721091e-03
5.892114e+00 1.025928e-01 -1.667448e-03
5.892114e+00 1.448116e-01 -1.714460e-03
5.892114e+00 2.023460e-01 -1.659547e-03
5.892114e+00 2.834245e-01 -1.591379e-03
5.892114e+00 3.967448e-01 -1.404088e-03
5.892114e+00 5.552783e-01 -1.223944e-03
5.892114e+00 7.774819e-01 -1.061153e-03
5.892114e+00 1.088445e+00 -9.201236e-04
5.892114e+00 1.523711e+00 -9.040054e-04
5.892114e+00 2.088426e+00 -9.938158e-04
5.892114e+00 2.685505e+00 -1.028983e-03
6.029956e+00 1.570796e-02 -5.405042e-04
6.029956e+00 2.346256e-02 -1.034083e-03
6.029956e+00 3.503514e-02 -1.905721e-03
6.029956e+00 5.263151e-02 -3.076390e-03
6.029956e+00 7.314235e-02 -4.037302e-03
6.029956e+00 1.025928e-01 -3.982170e-03
6.029956e+00 1.448116e-01 -4.322965e-03
6.029956e+00 2.023460e-01 -4.143153e-03
6.029956e+00 2.834245e-01 -4.085353e-03
6.029956e+00 3.967448e-01 -3.541596e-03
6.029956e+00 5.552783e-01 -3.138523e-03
6.029956e+00 7.774819e-01 -2.656297e-03
6.029956e+00 1.088445e+00 -2.334183e-03
6.029956e+00 1.523711e+00 -2.240947e-03
6.029956e+00 2.088426e+00 -2.437412e-03
6.029956e+00 2.685505e+00 -2.492797e-03
6.170555e+00 1.570796e-02 -6.561929e-04
6.170555e+00 2.346256e-02 -1.469058e-03
6.170555e+00 3.503514e-02 -2.866190e-03
6.170555e+00 5.263151e-02 -5.100258e-03
6.170555e+00 7.314235e-02 -7.205399e-03
6.170555e+00 1.025928e-01 -7.605933e-03
6.170555e+00 1.448116e-01 -8.355061e-03
6.170555e+00 2.023460e-01 -8.097397e-03
6.170555e+00 2.834245e-01 -7.968316e-03
6.170555e+00 3.967448e-01 -7.094243e-03
6.170555e+00 5.552783e-01 -6.215553e-03
6.170555e+00 7.774819e-01 -5.304740e-03
6.170555e+00 1.088445e+00 -4.558541e-03
6.170555e+00 1.523711e+00 -4.317298e-03
6.170555e+00 2.088426e+00 -4.631328e-03
6.170555e+00 2.685505e+00 -4.731299e-03
6.313967e+00 1.570796e-02 -7.027226e-04
6.313967e+00 2.346256e-02 -1.749513e-03
6.313967e+00 3.503514e-02 -3.517348e-03
6.313967e+00 5.263151e-02 -6.818664e-03
6.313967e+00 7.314235e-02 -1.034691e-02
6.313967e+00 1.025928e-01 -1.202212e-02
6.313967e+00 1.448116e-01 -1.332092e-02
6.313967e+00 2.023460e-01 -1.326890e-02
6.313967e+00 2.834245e-01 -1.310462e-02
6.313967e+00 3.967448e-01 -1.176208e-02
6.313967e+00 5.552783e-01 -1.029051e-02
6.313967e+00 7.774819e-01 -8.809055e-03
6.313967e+00 1.088445e+00 -7.538467e-03
6.313967e+00 1.523711e+00 -7.049662e-03
6.313967e+00 2.088426e+00 -7.474009e-03
6.313967e+00 2.685505e+00 -7.583075e-03
6.460246e+00 1.570796e-02 -6.933208e-04
6.460246e+00 2.346256e-02 -1.711198e-03
6.460246e+00 3.503514e-02 -3.820391e-03
6.460246e+00 5.263151e-02 -8.087065e-03
6.460246e+00 7.314235e-02 -1.289766e-02
6.460246e+00 1.025928e-01 -1.602346e-02
6.460246e+00 1.448116e-01 -1.804600e-02
6.460246e+00 2.023460e-01 -1.860571e-02
6.460246e+00 2.834245e-01 -1.836929e-02
6.460246e+00 3.967448e-01 -1.692310e-02
6.460246e+00 5.552783e-01 -1.492366e-02
6.460246e+00 7.774819e-01 -1.272280e-02
6.460246e+00 1.088445e+00 -1.084862e-02
6.460246e+00 1.523711e+00 -1.003086e-02
6.460246e+00 2.088426e+00 -1.052877e-02
6.460246e+00 2.685505e+00 -1.055510e-02
6.609451e+00 1.570796e-02 -6.677269e-04
6.609451e+00 2.346256e-02 -1.629431e-03
6.609451e+00 3.503514e-02 -3.805689e-03
6.609451e+00 5.263151e-02 -8.540527e-03
6.609451e+00 7.314235e-02 -1.453284e-02
6.609451e+00 1.025928e-01 -1.893179e-02
6.609451e+00 1.448116e-01 -2.205925e-02
6.609451e+00 2.023460e-01 -2.340629e-02
6.609451e+00 2.834245e-01 -2.350984e-02
6.609451e+00 3.967448e-01 -2.201823e-02
6.609451e+00 5.552783e-01 -1.953683e-02
6.609451e+00 7.774819e-01 -1.676469e-02
6.609451e+00 1.088445e+00 -1.419516e-02
6.609451e+00 1.523711e+00 -1.297597e-02
6.609451e+00 2.088426e+00 -1.345512e-02
6.609451e+00 2.685505e+00 -1.335414e-02
6.761640e+00 1.570796e-02 -6.234603e-04
6.761640e+00 2.346256e-02 -1.500501e-03
6.761640e+00 3.503514e-02 -3.591715e-03
6.761640e+00 5.263151e-02 -8.486929e-03
6.761640e+00 7.314235e-02 -1.506865e-02
6.761640e+00 1.025928e-01 -2.066819e-02
6.761640e+00 1.448116e-01 -2.489811e-02
6.761640e+00 2.023460e-01 -2.732641e-02
6.761640e+00 2.834245e-01 -2.792119e-02
6.761640e+00 3.967448e-01 -2.663649e-02
6.761640e+00 5.552783e-01 -2.387680e-02
6.761640e+00 7.774819e-01 -2.058864e-02
6.761640e+00 1.088445e+00 -1.737708e-02
6.761640e+00 1.523711e+00 -1.574508e-02
6.761640e+00 2.088426e+00 -1.607091e-02
6.761640e+00 2.685505e+00 -1.577637e-02
6.916873e+00 1.570796e-02 -5.704800e-04
6.916873e+00 2.346256e-02 -1.355200e-03
6.916873e+00 3.503514e-02 -3.343452e-03
6.916873e+00 5.263151e-02 -8.070167e-03
6.916873e+00 7.314235e-02 -1.475003e-02
6.916873e+00 1.025928e-01 -2.128072e-02
6.916873e+00 1.448116e-01 -2.654723e-02
6.916873e+00 2.023460e-01 -3.007295e-02
6.916873e+00 2.834245e-01 -3.143469e-02
6.916873e+00 3.967448e-01 -3.050844e-02
6.916873e+00 5.552783e-01 -2.770103e-02
6.916873e+00 7.774819e-01 -2.401077e-02
6.916873e+00 1.088445e+00 -2.026366e-02
6.916873e+00 1.523711e+00 -1.821627e-02
6.916873e+00 2.088426e+00 -1.836930e-02
6.916873e+00 2.685505e+00 -1.784605e-02
7.075210e+00 1.570796e-02 -5.129817e-04
7.075210e+00 2.346256e-02 -1.233850e-03
7.075210e+00 3.503514e-02 -3.079410e-03
7.075210e+00 5.263151e-02 -7.500323e-03
7.075210e+00 7.314235e-02 -1.391315e-02
7.075210e+00 1.025928e-01 -2.095607e-02
7.075210e+00 1.448116e-01 -2.706850e-02
7.075210e+00 2.023460e-01 -3.164313e-02
7.075210e+00 2.834245e-01 -3.392000e-02
7.075210e+00 3.967448e-01 -3.359854e-02
7.075210e+00 5.552783e-01 -3.087732e-02
7.075210e+00 7.774819e-01 -2.693834e-02
7.075210e+00 1.088445e+00 -2.273978e-02
7.075210e+00 1.523711e+00 -2.036484e-02
7.075210e+00 2.088426e+00 -2.031895e-02
7.075210e+00 2.685505e+00 -1.957267e-02
7.236714e+00 1.570796e-02 -4.669728e-04
7.236714e+00 2.346256e-02 -1.133034e-03
7.236714e+00 3.503514e-02 -2.804479e-03
7.236714e+00 5.263151e-02 -6.913204e-03
7.236714e+00 7.314235e-02 -1.289722e-02
7.236714e+00 1.025928e-01 -1.994170e-02
7.236714e+00 1.448116e-01 -2.670383e-02
7.236714e+00 2.023460e-01 -3.223469e-02
7.236714e+00 2.834245e-01 -3.544882e-02
7.236714e+00 3.967448e-01 -3.576982e-02
7.236714e+00 5.552783e-01 -3.340268e-02
7.236714e+00 7.774819e-01 -2.939193e-02
7.236714e+00 1.088445e+00 -2.483093e-02
7.236714e+00 1.523711e+00 -2.215806e-02
7.236714e+00 2.088426e+00 -2.193567e-02
7.236714e+00 2.685505e+00 -2.091471e-02
7.401449e+00 1.570796e-02 -4.250392e-04
7.401449e+00 2.346256e-02 -1.026127e-03
7.401449e+00 3.503514e-02 -2.514696e-03
7.401449e+00 5.263151e-02 -6.294586e-03
7.401449e+00 7.314235e-02 -1.179114e-02
7.401449e+00 1.025928e-01 -1.860447e-02
7.401449e+00 1.448116e-01 -2.568483e-02
7.401449e+00 2.023460e-01 -3.194543e-02
7.401449e+00 2.834245e-01 -3.611347e-02
7.401449e+00 3.967448e-01 -3.714353e-02
7.401449e+00 5.552783e-01 -3.521222e-02
7.401449e+00 7.774819e-01 -3.132267e-02
7.401449e+00 1.088445e+00 -2.657262e-02
7.401449e+00 1.523711e+00 -2.364036e-02
7.401449e+00 2.088426e+00 -2.326808e-02
7.401449e+00 2.685505e+00 -2.193023e-02
7.569477e+00 1.570796e-02 -3.871186e-04
7.569477e+00 2.346256e-02 -9.245227e-04
7.569477e+00 3.503514e-02 -2.253810e-03
7.569477e+00 5.263151e-02 -5.675059e-03
7.569477e+00 7.314235e-02 -1.066312e-02
7.569477e+00 1.025928e-01 -1.713520e-02
7.569477e+00 1.448116e-01 -2.420207e-02
7.569477e+00 2.023460e-01 -3.095669e-02
7.569477e+00 2.834245e-01 -3.596411e-02
7.569477e+00 3.967448e-01 -3.777109e-02
7.569477e+00 5.552783e-01 -3.637732e-02
7.569477e+00 7.774819e-01 -3.268489e-02
7.569477e+00 1.088445e+00 -2.789271e-02
7.569477e+00 1.523711e+00 -2.480171e-02
7.569477e+00 2.088426e+00 -2.428572e-02
7.569477e+00 2.685505e+00 -2.271835e-02
7.740867e+00 1.570796e-02 -3.476933e-04
7.740867e+00 2.346256e-02 -8.309052e-04
7.740867e+00 3.503514e-02 -2.017842e-03
7.740867e+00 5.263151e-02 -5.084168e-03
7.740867e+00 7.314235e-02 -9.556763e-03
7.740867e+00 1.025928e-01 -1.558179e-02
7.740867e+00 1.448116e-01 -2.242212e-02
7.740867e+00 2.023460e-01 -2.942606e-02
7.740867e+00 2.834245e-01 -3.511342e-02
7.740867e+00 3.967448e-01 -3.767986e-02
7.740867e+00 5.552783e-01 -3.693826e-02
7.740867e+00 7.774819e-01 -3.356773e-02
7.740867e+00 1.088445e+00 -2.886690e-02
7.740867e+00 1.523711e+00 -2.567187e-02
7.740867e+00 2.088426e+00 -2.506046e-02
7.740867e+00 2.685505e+00 -2.326035e-02
7.915684e+00 1.570796e-02 -3.095466e-04
7.915684e+00 2.346256e-02 -7.430377e-04
7.915684e+00 3.503514e-02 -1.803248e-03
7.915684e+00 5.263151e-02 -4.542669e-03
7.915684e+00 7.314235e-02 -8.521490e-03
7.915684e+00 1.025928e-01 -1.403293e-02
7.915684e+00 1.448116e-01 -2.050003e-02
7.915684e+00 2.023460e-01 -2.756375e-02
7.915684e+00 2.834245e-01 -3.373445e-02
7.915684e+00 3.967448e-01 -3.699630e-02
7.915684e+00 5.552783e-01 -3.691224e-02
7.915684e+00 7.774819e-01 -3.397475e-02
7.915684e+00 1.088445e+00 -2.944528e-02
7.915684e+00 1.523711e+00 -2.626862e-02
7.915684e+00 2.088426e+00 -2.557997e-02
7.915684e+00 2.685505e+00 -2.362334e-02
8.093998e+00 1.570796e-02 -2.754151e-04
8.093998e+00 2.346256e-02 -6.653046e-04
8.093998e+00 3.503514e-02 -1.610884e-03
8.093998e+00 5.263151e-02 -4.056542e-03
8.093998e+00 7.314235e-02 -7.595002e-03
8.093998e+00 1.025928e-01 -1.256326e-02
8.093998e+00 1.448116e-01 -1.856720e-02
8.093998e+00 2.023460e-01 -2.548247e-02
8.093998e+00 2.834245e-01 -3.194627e-02
8.093998e+00 3.967448e-01 -3.578809e-02
8.093998e+00 5.552783e-01 -3.635119e-02
8.093998e+00 7.774819e-01 -3.390132e-02
8.093998e+00 1.088445e+00 -2.965617e-02
8.093998e+00 1.523711e+00 -2.656158e-02
8.093998e+00 2.088426e+00 -2.582383e-02
8.093998e+00 2.685505e+00 -2.367931e-02
8.275878e+00 1.570796e-02 -2.449202e-04
8.275878e+00 2.346256e-02 -5.941003e-04
8.275878e+00 3.503514e-02 -1.437667e-03
8.275878e+00 5.263151e-02 -3.608424e-03
8.275878e+00 7.314235e-02 -6.753635e-03
8.275878e+00 1.025928e-01 -1.120217e-02
8.275878e+00 1.448116e-01 -1.669036e-02
8.275878e+00 2.023460e-01 -2.331185e-02
8.275878e+00 2.834245e-01 -2.984164e-02
8.275878e+00 3.967448e-01 -3.417548e-02
8.275878e+00 5.552783e-01 -3.532031e-02
8.275878e+00 7.774819e-01 -3.338606e-02
8.275878e+00 1.088445e+00 -2.951820e-02
8.275878e+00 1.523711e+00 -2.659101e-02
8.275878e+00 2.088426e+00 -2.585333e-02
8.275878e+00 2.685505e+00 -2.354404e-02
8.461396e+00 1.570796e-02 -2.170550e-04
8.461396e+00 2.346256e-02 -5.296699e-04
8.461396e+00 3.503514e-02 -1.281212e-03
8.461396e+00 5.263151e-02 -3.203445e-03
8.461396e+00 7.314235e-02 -5.998183e-03
8.461396e+00 1.025928e-01 -9.964642e-03
8.461396e+00 1.448116e-01 -1.491194e-02
8.461396e+00 2.023460e-01 -2.114373e-02
8.461396e+00 2.834245e-01 -2.755352e-02
8.461396e+00 3.967448e-01 -3.222608e-02
8.461396e+00 5.552783e-01 -3.391699e-02
8.461396e+00 7.774819e-01 -3.251951e-02
8.461396e+00 1.088445e+00 -2.909166e-02
8.461396e+00 1.523711e+00 -2.639908e-02
8.461396e+00 2.088426e+00 -2.569924e-02
8.461396e+00 2.685505e+00 -2.327924e-02
8.650623e+00 1.570796e-02 -1.923694e-04
8.650623e+00 2.346256e-02 -4.691174e-04
8.650623e+00 3.503514e-02 -1.136036e-03
8.650623e+00 5.263151e-02 -2.839381e-03
8.650623e+00 7.314235e-02 -5.322583e-03
8.650623e+00 1.025928e-01 -8.836334e-03
8.650623e+00 1.448116e-01 -1.326249e-02
8.650623e+00 2.023460e-01 -1.902984e-02
8.650623e+00 2.834245e-01 -2.520123e-02
8.650623e+00 3.967448e-01 -3.005960e-02
8.650623e+00 5.552783e-01 -3.219742e-02
8.650623e+00 7.774819e-01 -3.133271e-02
8.650623e+00 1.088445e+00 -2.840501e-02
8.650623e+00 1.523711e+00 -2.599291e-02
8.650623e+00 2.088426e+00 -2.537381e-02
8.650623e+00 2.685505e+00 -2.293095e-02
8.843636e+00 1.570796e-02 -1.696894e-04
8.843636e+00 2.346256e-02 -4.144013e-04
8.843636e+00 3.503514e-02 -1.003418e-03
8.843636e+00 5.263151e-02 -2.510267e-03
8.843636e+00 7.314235e-02 -4.707795e-03
8.843636e+00 1.025928e-01 -7.824119e-03
8.843636e+00 1.448116e-01 -1.175659e-02
8.843636e+00 2.023460e-01 -1.702446e-02
8.843636e+00 2.834245e-01 -2.283861e-02
8.843636e+00 3.967448e-01 -2.775425e-02
8.843636e+00 5.552783e-01 -3.026158e-02
8.843636e+00 7.774819e-01 -2.989678e-02
8.843636e+00 1.088445e+00 -2.747603e-02
8.843636e+00 1.523711e+00 -2.537943e-02
8.843636e+00 2.088426e+00 -2.484941e-02
8.843636e+00 2.685505e+00 -2.237777e-02
9.040509e+00 1.570796e-02 -1.489811e-04
9.040509e+00 2.346256e-02 -3.662385e-04
9.040509e+00 3.503514e-02 -8.841207e-04
9.040509e+00 5.263151e-02 -2.212134e-03
9.040509e+00 7.314235e-02 -4.152025e-03
9.040509e+00 1.025928e-01 -6.904800e-03
9.040509e+00 1.448116e-01 -1.038616e-02
9.040509e+00 2.023460e-01 -1.514383e-02
9.040509e+00 2.834245e-01 -2.055254e-02
9.040509e+00 3.967448e-01 -2.538140e-02
9.040509e+00 5.552783e-01 -2.817163e-02
9.040509e+00 7.774819e-01 -2.826323e-02
9.040509e+00 1.088445e+00 -2.633646e-02
9.040509e+00 1.523711e+00 -2.460188e-02
9.040509e+00 2.088426e+00 -2.417383e-02
9.040509e+00 2.685505e+00 -2.159742e-02
9.241319e+00 1.570796e-02 -1.304500e-04
9.241319e+00 2.346256e-02 -3.222951e-04
9.241319e+00 3.503514e-02 -7.780340e-04
9.241319e+00 5.263151e-02 -1.941588e-03
9.241319e+00 7.314235e-02 -3.645963e-03
9.241319e+00 1.025928e-01 -6.071841e-03
9.241319e+00 1.448116e-01 -9.142565e-03
9.241319e+00 2.023460e-01 -1.340070e-02
9.241319e+00 2.834245e-01 -1.837237e-02
9.241319e+00 3.967448e-01 -2.302338e-02
9.241319e+00 5.552783e-01 -2.598165e-02
9.241319e+00 7.774819e-01 -2.647125e-02
9.241319e+00 1.088445e+00 -2.503270e-02
9.241319e+00 1.523711e+00 -2.366696e-02
9.241319e+00 2.088426e+00 -2.337436e-02
9.241319e+00 2.685505e+00 -2.080015e-02
9.446145e+00 1.570796e-02 -1.144915e-04
9.446145e+00 2.346256e-02 -2.821943e-04
9.446145e+00 3.503514e-02 -6.819217e-04
9.446145e+00 5.263151e-02 -1.699344e-03
9.446145e+00 7.314235e-02 -3.189036e-03
9.446145e+00 1.025928e-01 -5.315205e-03
9.446145e+00 1.448116e-01 -8.019683e-03
9.446145e+00 2.023460e-01 -1.180128e-02
9.446145e+00 2.834245e-01 -1.632658e-02
9.446145e+00 3.967448e-01 -2.071261e-02
9.446145e+00 5.552783e-01 -2.375182e-02
9.446145e+00 7.774819e-01 -2.460084e-02
9.446145e+00 1.088445e+00 -2.360743e-02
9.446145e+00 1.523711e+00 -2.261969e-02
9.446145e+00 2.088426e+00 -2.246170e-02
9.446145e+00 2.685505e+00 -1.993776e-02
9.655068e+00 1.570796e-02 -1.004054e-04
9.655068e+00 2.346256e-02 -2.448043e-04
9.655068e+00 3.503514e-02 -5.942951e-04
9.655068e+00 5.263151e-02 -1.486298e-03
9.655068e+00 7.314235e-02 -2.786006e-03
9.655068e+00 1.025928e-01 -4.645221e-03
9.655068e+00 1.448116e-01 -7.015976e-03
9.655068e+00 2.023460e-01 -1.034752e-02
9.655068e+00 2.834245e-01 -1.442780e-02
9.655068e+00 3.967448e-01 -1.850962e-02
9.655068e+00 5.552783e-01 -2.154501e-02
9.655068e+00 7.774819e-01 -2.267410e-02
9.655068e+00 1.088445e+00 -2.210278e-02
9.655068e+00 1.523711e+00 -2.149005e-02
9.655068e+00 2.088426e+00 -2.147024e-02
9.655068e+00 2.685505e+00 -1.898626e-02
9.868170e+00 1.570796e-02 -8.798344e-05
9.868170e+00 2.346256e-02 -2.113745e-04
9.868170e+00 3.503514e-02 -5.161740e-04
9.868170e+00 5.263151e-02 -1.295310e-03
9.868170e+00 7.314235e-02 -2.426721e-03
9.868170e+00 1.025928e-01 -4.045384e-03
9.868170e+00 1.448116e-01 -6.116067e-03
9.868170e+00 2.023460e-01 -9.036108e-03
9.868170e+00 2.834245e-01 -1.267878e-02
9.868170e+00 3.967448e-01 -1.642813e-02
9.868170e+00 5.552783e-01 -1.938778e-02
9.868170e+00 7.774819e-01 -2.074197e-02
9.868170e+00 1.088445e+00 -2.054111e-02
9.868170e+00 1.523711e+00 -2.027089e-02
9.868170e+00 2.088426e+00 -2.038011e-02
9.868170e+00 2.685505e+00 -1.798590e-02
1.008553e+01 1.570796e-02 -7.633798e-05
1.008553e+01 2.346256e-02 -1.823362e-04
1.008553e+01 3.503514e-02 -4.482082e-04
1.008553e+01 5.263151e-02 -1.123885e-03
1.008553e+01 7.314235e-02 -2.104227e-03
1.008553e+01 1.025928e-01 -3.507093e-03
1.008553e+01 1.448116e-01 -5.309276e-03
1.008553e+01 2.023460e-01 -7.862899e-03
1.008553e+01 2.834245e-01 -1.107584e-02
1.008553e+01 3.967448e-01 -1.448044e-02
1.008553e+01 5.552783e-01 -1.731155e-02
1.008553e+01 7.774819e-01 -1.881605e-02
1.008553e+01 1.088445e+00 -1.893929e-02
1.008553e+01 1.523711e+00 -1.894860e-02
1.008553e+01 2.088426e+00 -1.918523e-02
1.008553e+01 2.685505e+00 -1.684075e-02
1.030724e+01 1.570796e-02 -6.572748e-05
1.030724e+01 2.346256e-02 -1.569332e-04
1.030724e+01 3.503514e-02 -3.876123e-04
1.030724e+01 5.263151e-02 -9.708600e-04
1.030724e+01 7.314235e-02 -1.819142e-03
1.030724e+01 1.025928e-01 -3.029517e-03
1.030724e+01 1.448116e-01 -4.589786e-03
1.030724e+01 2.023460e-01 -6.808449e-03
1.030724e+01 2.834245e-01 -9.621671e-03
1.030724e+01 3.967448e-01 -1.267526e-02
1.030724e+01 5.552783e-01 -1.533850e-02
1.030724e+01 7.774819e-01 -1.693755e-02
1.030724e+01 1.088445e+00 -1.731008e-02
1.030724e+01 1.523711e+00 -1.757710e-02
1.030724e+01 2.088426e+00 -1.791870e-02
1.030724e+01 2.685505e+00 -1.569198e-02
1.053339e+01 1.570796e-02 -5.620294e-05
1.053339e+01 2.346256e-02 -1.346380e-04
1.053339e+01 3.503514e-02 -3.333741e-04
1.053339e+01 5.263151e-02 -8.352539e-04
1.053339e+01 7.314235e-02 -1.563779e-03
1.053339e+01 1.025928e-01 -2.604348e-03
1.053339e+01 1.448116e-01 -3.952319e-03
1.053339e+01 2.023460e-01 -5.865670e-03
1.053339e+01 2.834245e-01 -8.316821e-03
1.053339e+01 3.967448e-01 -1.103170e-02
1.053339e+01 5.552783e-01 -1.349130e-02
1.053339e+01 7.774819e-01 -1.512789e-02
1.053339e+01 1.088445e+00 -1.572193e-02
1.053339e+01 1.523711e+00 -1.621323e-02
1.053339e+01 2.088426e+00 -1.663786e-02
1.053339e+01 2.685505e+00 -1.454288e-02
1.076406e+01 1.570796e-02 -4.806359e-05
1.076406e+01 2.346256e-02 -1.148924e-04
1.076406e+01 3.503514e-02 -2.850273e-04
1.076406e+01 5.263151e-02 -7.160502e-04
1.076406e+01 7.314235e-02 -1.338868e-03
1.076406e+01 1.025928e-01 -2.230600e-03
1.076406e+01 1.448116e-01 -3.386227e-03
1.076406e+01 2.023460e-01 -5.034165e-03
1.076406e+01 2.834245e-01 -7.156817e-03
1.076406e+01 3.967448e-01 -9.550290e-03
1.076406e+01 5.552783e-01 -1.178999e-02
1.076406e+01 7.774819e-01 -1.341543e-02
1.076406e+01 1.088445e+00 -1.417780e-02
1.076406e+01 1.523711e+00 -1.485219e-02
1.076406e+01 2.088426e+00 -1.536149e-02
1.076406e+01 2.685505e+00 -1.342856e-02
1.099934e+01 1.570796e-02 -4.097565e-05
1.099934e+01 2.346256e-02 -9.769070e-05
1.099934e+01 3.503514e-02 -2.426920e-04
1.099934e+01 5.263151e-02 -6.108401e-04
1.099934e+01 7.314235e-02 -1.141680e-03
1.099934e+01 1.025928e-01 -1.902072e-03
1.099934e+01 1.448116e-01 -2.890038e-03
1.099934e+01 2.023460e-01 -4.302465e-03
1.099934e+01 2.834245e-01 -6.126337e-03
1.099934e+01 3.967448e-01 -8.215095e-03
1.099934e+01 5.552783e-01 -1.023264e-02
1.099934e+01 7.774819e-01 -1.181018e-02
1.099934e+01 1.088445e+00 -1.269309e-02
1.099934e+01 1.523711e+00 -1.351406e-02
1.099934e+01 2.088426e+00 -1.410715e-02
1.099934e+01 2.685505e+00 -1.232185e-02
1.123932e+01 1.570796e-02 -3.468306e-05
1.123932e+01 2.346256e-02 -8.218969e-05
1.123932e+01 3.503514e-02 -2.054667e-04
1.123932e+01 5.263151e-02 -5.185084e-04
1.123932e+01 7.314235e-02 -9.674784e-04
1.123932e+01 1.025928e-01 -1.614648e-03
1.123932e+01 1.448116e-01 -2.454839e-03
1.123932e+01 2.023460e-01 -3.657106e-03
1.123932e+01 2.834245e-01 -5.218090e-03
1.123932e+01 3.967448e-01 -7.023265e-03
1.123932e+01 5.552783e-01 -8.820723e-03
1.123932e+01 7.774819e-01 -1.032951e-02
1.123932e+01 1.088445e+00 -1.128591e-02
1.123932e+01 1.523711e+00 -1.221598e-02
1.123932e+01 2.088426e+00 -1.285303e-02
1.123932e+01 2.685505e+00 -1.124989e-02
1.148411e+01 1.570796e-02 -2.907718e-05
1.148411e+01 2.346256e-02 -6.879834e-05
1.148411e+01 3.503514e-02 -1.730778e-04
1.148411e+01 5.263151e-02 -4.384447e-04
1.148411e+01 7.314235e-02 -8.174860e-04
1.148411e+01 1.025928e-01 -1.363356e-03
1.148411e+01 1.448116e-01 -2.074276e-03
1.148411e+01 2.023460e-01 -3.090890e-03
1.148411e+01 2.834245e-01 -4.420187e-03
1.148411e+01 3.967448e-01 -5.968419e-03
1.148411e+01 5.552783e-01 -7.550191e-03
1.148411e+01 7.774819e-01 -8.973241e-03
1.148411e+01 1.088445e+00 -9.966572e-03
1.148411e+01 1.523711e+00 -1.095607e-02
1.148411e+01 2.088426e+00 -1.165574e-02
1.148411e+01 2.685505e+00 -1.022917e-02
1.173379e+01 1.570796e-02 -2.437458e-05
1.173379e+01 2.346256e-02 -5.776062e-05
1.173379e+01 3.503514e-02 -1.451131e-04
1.173379e+01 5.263151e-02 -3.683796e-04
1.173379e+01 7.314235e-02 -6.869287e-04
1.173379e+01 1.025928e-01 -1.145360e-03
1.173379e+01 1.448116e-01 -1.745712e-03
1.173379e+01 2.023460e-01 -2.600744e-03
1.173379e+01 2.834245e-01 -3.725087e-03
1.173379e+01 3.967448e-01 -5.040917e-03
1.173379e+01 5.552783e-01 -6.427163e-03
1.173379e+01 7.774819e-01 -7.744603e-03
1.173379e+01 1.088445e+00 -8.743590e-03
1.173379e+01 1.523711e+00 -9.762403e-03
1.173379e+01 2.088426e+00 -1.049612e-02
1.173379e+01 2.685505e+00 -9.271841e-03
1.198847e+01 1.570796e-02 -2.033301e-05
1.198847e+01 2.346256e-02 -4.819562e-05
1.198847e+01 3.503514e-02 -1.212523e-04
1.198847e+01 5.263151e-02 -3.077276e-04
1.198847e+01 7.314235e-02 -5.746427e-04
1.198847e+01 1.025928e-01 -9.566341e-04
1.198847e+01 1.448116e-01 -1.459516e-03
1.198847e+01 2.023460e-01 -2.177474e-03
1.198847e+01 2.834245e-01 -3.121175e-03
1.198847e+01 3.967448e-01 -4.237202e-03
1.198847e+01 5.552783e-01 -5.437406e-03
1.198847e+01 7.774819e-01 -6.638598e-03
1.198847e+01 1.088445e+00 -7.620233e-03
1.198847e+01 1.523711e+00 -8.649876e-03
1.198847e+01 2.088426e+00 -9.404962e-03
1.198847e+01 2.685505e+00 -8.363189e-03
1.224824e+01 1.570796e-02 -1.689522e-05
1.224824e+01 2.346256e-02 -4.020611e-05
1.224824e+01 3.503514e-02 -1.006078e-04
1.224824e+01 5.263151e-02 -2.560017e-04
1.224824e+01 7.314235e-02 -4.771729e-04
1.224824e+01 1.025928e-01 -7.954313e-04
1.224824e+01 1.448116e-01 -1.214097e-03
1.224824e+01 2.023460e-01 -1.811731e-03
1.224824e+01 2.834245e-01 -2.603259e-03
1.224824e+01 3.967448e-01 -3.544324e-03
1.224824e+01 5.552783e-01 -4.575312e-03
1.224824e+01 7.774819e-01 -5.654208e-03
1.224824e+01 1.088445e+00 -6.607937e-03
1.224824e+01 1.523711e+00 -7.614747e-03
1.224824e+01 2.088426e+00 -8.376976e-03
1.224824e+01 2.685505e+00 -7.490770e-03
1.251320e+01 1.570796e-02 -1.399521e-05
1.251320e+01 2.346256e-02 -3.322595e-05
1.251320e+01 3.503514e-02 -8.285019e-05
1.251320e+01 5.263151e-02 -2.118937e-04
1.251320e+01 7.314235e-02 -3.943692e-04
1.251320e+01 1.025928e-01 -6.576471e-04
1.251320e+01 1.448116e-01 -1.006856e-03
1.251320e+01 2.023460e-01 -1.499753e-03
1.251320e+01 2.834245e-01 -2.158126e-03
1.251320e+01 3.967448e-01 -2.944159e-03
1.251320e+01 5.552783e-01 -3.827026e-03
1.251320e+01 7.774819e-01 -4.785736e-03
1.251320e+01 1.088445e+00 -5.685934e-03
1.251320e+01 1.523711e+00 -6.659704e-03
1.251320e+01 2.088426e+00 -7.405331e-03
1.251320e+01 2.685505e+00 -6.658699e-03
1.278347e+01 1.570796e-02 -1.159882e-05
1.278347e+01 2.346256e-02 -2.725375e-05
1.278347e+01 3.503514e-02 -6.801167e-05
1.278347e+01 5.263151e-02 -1.747300e-04
1.278347e+01 7.314235e-02 -3.241665e-04
1.278347e+01 1.025928e-01 -5.420655e-04
1.278347e+01 1.448116e-01 -8.284662e-04
1.278347e+01 2.023460e-01 -1.233898e-03
1.278347e+01 2.834245e-01 -1.778212e-03
1.278347e+01 3.967448e-01 -2.434096e-03
1.278347e+01 5.552783e-01 -3.181474e-03
1.278347e+01 7.774819e-01 -4.028616e-03
1.278347e+01 1.088445e+00 -4.861539e-03
1.278347e+01 1.523711e+00 -5.787645e-03
1.278347e+01 2.088426e+00 -6.500968e-03
1.278347e+01 2.685505e+00 -5.887876e-03
1.305914e+01 1.570796e-02 -9.534172e-06
1.305914e+01 2.346256e-02 -2.239252e-05
1.305914e+01 3.503514e-02 -5.562966e-05
1.305914e+01 5.263151e-02 -1.431411e-04
1.305914e+01 7.314235e-02 -2.650110e-04
1.305914e+01 1.025928e-01 -4.437369e-04
1.305914e+01 1.448116e-01 -6.773834e-04
1.305914e+01 2.023460e-01 -1.010335e-03
1.305914e+01 2.834245e-01 -1.458147e-03
1.305914e+01 3.967448e-01 -2.002187e-03
1.305914e+01 5.552783e-01 -2.631876e-03
1.305914e+01 7.774819e-01 -3.370049e-03
1.305914e+01 1.088445e+00 -4.133449e-03
1.305914e+01 1.523711e+00 -5.004835e-03
1.305914e+01 2.088426e+00 -5.693456e-03
1.305914e+01 2.685505e+00 -5.180086e-03
1.334032e+01 1.570796e-02 -7.745551e-06
1.334032e+01 2.346256e-02 -1.813335e-05
1.334032e+01 3.503514e-02 -4.525345e-05
1.334032e+01 5.263151e-02 -1.160986e-04
1.334032e+01 7.314235e-02 -2.157551e-04
1.334032e+01 1.025928e-01 -3.613869e-04
1.334032e+01 1.448116e-01 -5.518754e-04
1.334032e+01 2.023460e-01 -8.249812e-04
1.334032e+01 2.834245e-01 -1.190833e-03
1.334032e+01 3.967448e-01 -1.639133e-03
1.334032e+01 5.552783e-01 -2.165873e-03
1.334032e+01 7.774819e-01 -2.805564e-03
1.334032e+01 1.088445e+00 -3.500304e-03
1.334032e+01 1.523711e+00 -4.302818e-03
1.334032e+01 2.088426e+00 -4.956306e-03
1.334032e+01 2.685505e+00 -4.552672e-03
1.362713e+01 1.570796e-02 -6.257617e-06
1.362713e+01 2.346256e-02 -1.461304e-05
1.362713e+01 3.503514e-02 -3.648268e-05
1.362713e+01 5.263151e-02 -9.405681e-05
1.362713e+01 7.314235e-02 -1.744053e-04
1.362713e+01 1.025928e-01 -2.919058e-04
1.362713e+01 1.448116e-01 -4.464978e-04
1.362713e+01 2.023460e-01 -6.684134e-04
1.362713e+01 2.834245e-01 -9.652631e-04
1.362713e+01 3.967448e-01 -1.331437e-03
1.362713e+01 5.552783e-01 -1.771277e-03
1.362713e+01 7.774819e-01 -2.319596e-03
1.362713e+01 1.088445e+00 -2.941002e-03
1.362713e+01 1.523711e+00 -3.664688e-03
1.362713e+01 2.088426e+00 -4.273764e-03
1.362713e+01 2.685505e+00 -3.957701e-03
1.391967e+01 1.570796e-02 -5.074641e-06
1.391967e+01 2.346256e-02 -1.177726e-05
1.391967e+01 3.503514e-02 -2.931600e-05
1.391967e+01 5.263151e-02 -7.546341e-05
1.391967e+01 7.314235e-02 -1.406199e-04
1.391967e+01 1.025928e-01 -2.353053e-04
1.391967e+01 1.448116e-01 -3.593618e-04
1.391967e+01 2.023460e-01 -5.382140e-04
1.391967e+01 2.834245e-01 -7.786861e-04
1.391967e+01 3.967448e-01 -1.076035e-03
1.391967e+01 5.552783e-01 -1.440275e-03
1.391967e+01 7.774819e-01 -1.904127e-03
1.391967e+01 1.088445e+00 -2.450375e-03
1.391967e+01 1.523711e+00 -3.103695e-03
1.391967e+01 2.088426e+00 -3.652592e-03
1.391967e+01 2.685505e+00 -3.404472e-03
1.421806e+01 1.570796e-02 -4.102171e-06
1.421806e+01 2.346256e-02 -9.327052e-06
1.421806e+01 3.503514e-02 -2.335383e-05
1.421806e+01 5.263151e-02 -6.030836e-05
1.421806e+01 7.314235e-02 -1.122882e-04
1.421806e+01 1.025928e-01 -1.879602e-04
1.421806e+01 1.448116e-01 -2.879124e-04
1.421806e+01 2.023460e-01 -4.310219e-04
1.421806e+01 2.834245e-01 -6.235661e-04
1.421806e+01 3.967448e-01 -8.638596e-04
1.421806e+01 5.552783e-01 -1.163829e-03
1.421806e+01 7.774819e-01 -1.553791e-03
1.421806e+01 1.088445e+00 -2.026521e-03
1.421806e+01 1.523711e+00 -2.606070e-03
1.421806e+01 2.088426e+00 -3.103825e-03
1.421806e+01 2.685505e+00 -2.911180e-03
1.452242e+01 1.570796e-02 -3.273314e-06
1.452242e+01 2.346256e-02 -7.387352e-06
1.452242e+01 3.503514e-02 -1.850437e-05
1.452242e+01 5.263151e-02 -4.786448e-05
1.452242e+01 7.314235e-02 -8.928783e-05
1.452242e+01 1.025928e-01 -1.496597e-04
1.452242e+01 1.448116e-01 -2.293841e-04
1.452242e+01 2.023460e-01 -3.436031e-04
1.452242e+01 2.834245e-01 -4.984170e-04
1.452242e+01 3.967448e-01 -6.913505e-04
1.452242e+01 5.552783e-01 -9.362152e-04
1.452242e+01 7.774819e-01 -1.262729e-03
1.452242e+01 1.088445e+00 -1.670577e-03
1.452242e+01 1.523711e+00 -2.177564e-03
1.452242e+01 2.088426e+00 -2.621644e-03
1.452242e+01 2.685505e+00 -2.470183e-03
1.483287e+01 1.570796e-02 -2.599860e-06
1.483287e+01 2.346256e-02 -5.763878e-06
1.483287e+01 3.503514e-02 -1.454610e-05
1.483287e+01 5.263151e-02 -3.786803e-05
1.483287e+01 7.314235e-02 -7.082801e-05
1.483287e+01 1.025928e-01 -1.185325e-04
1.483287e+01 1.448116e-01 -1.813710e-04
1.483287e+01 2.023460e-01 -2.718748e-04
1.483287e+01 2.834245e-01 -3.951855e-04
1.483287e+01 3.967448e-01 -5.495413e-04
1.483287e+01 5.552783e-01 -7.490568e-04
1.483287e+01 7.774819e-01 -1.020042e-03
1.483287e+01 1.088445e+00 -1.367163e-03
1.483287e+01 1.523711e+00 -1.805608e-03
1.483287e+01 2.088426e+00 -2.198728e-03
1.483287e+01 2.685505e+00 -2.087607e-03
1.514953e+01 1.570796e-02 -2.026602e-06
1.514953e+01 2.346256e-02 -4.544080e-06
1.514953e+01 3.503514e-02 -1.139863e-05
1.514953e+01 5.263151e-02 -2.987862e-05
1.514953e+01 7.314235e-02 -5.579159e-05
1.514953e+01 1.025928e-01 -9.279796e-05
1.514953e+01 1.448116e-01 -1.434064e-04
1.514953e+01 2.023460e-01 -2.144049e-04
1.514953e+01 2.834245e-01 -3.116514e-04
1.514953e+01 3.967448e-01 -4.344162e-04
1.514953e+01 5.552783e-01 -5.963522e-04
1.514953e+01 7.774819e-01 -8.198355e-04
1.514953e+01 1.088445e+00 -1.109663e-03
1.514953e+01 1.523711e+00 -1.483869e-03
1.514953e+01 2.088426e+00 -1.824866e-03
1.514953e+01 2.685505e+00 -1.742852e-03
1.547252e+01 1.570796e-02 -1.613933e-06
1.547252e+01 2.346256e-02 -3.553768e-06
1.547252e+01 3.503514e-02 -8.928557e-06
1.547252e+01 5.263151e-02 -2.330325e-05
1.547252e+01 7.314235e-02 -4.329450e-05
1.547252e+01 1.025928e-01 -7.223443e-05
1.547252e+01 1.448116e-01 -1.118925e-04
1.547252e+01 2.023460e-01 -1.673197e-04
1.547252e+01 2.834245e-01 -2.433600e-04
1.547252e+01 3.967448e-01 -3.402099e-04
1.547252e+01 5.552783e-01 -4.700133e-04
1.547252e+01 7.774819e-01 -6.520951e-04
1.547252e+01 1.088445e+00 -8.910627e-04
1.547252e+01 1.523711e+00 -1.205567e-03
1.547252e+01 2.088426e+00 -1.495553e-03
1.547252e+01 2.685505e+00 -1.424014e-03
1.580197e+01 1.570796e-02 -1.257191e-06
1.580197e+01 2.346256e-02 -2.677747e-06
1.580197e+01 3.503514e-02 -6.761746e-06
1.580197e+01 5.263151e-02 -1.801983e-05
1.580197e+01 7.314235e-02 -3.333855e-05
1.580197e+01 1.025928e-01 -5.591900e-05
1.580197e+01 1.448116e-01 -8.626488e-05
1.580197e+01 2.023460e-01 -1.290451e-04
1.580197e+01 2.834245e-01 -1.880752e-04
1.580197e+01 3.967448e-01 -2.635415e-04
1.580197e+01 5.552783e-01 -3.669962e-04
1.580197e+01 7.774819e-01 -5.140764e-04
1.580197e+01 1.088445e+00 -7.081857e-04
1.580197e+01 1.523711e+00 -9.697319e-04
1.580197e+01 2.088426e+00 -1.212415e-03
1.580197e+01 2.685505e+00 -1.163244e-03
1.613801e+01 1.570796e-02 -9.723978e-07
1.613801e+01 2.346256e-02 -2.016521e-06
1.613801e+01 3.503514e-02 -5.261349e-06
1.613801e+01 5.263151e-02 -1.377219e-05
1.613801e+01 7.314235e-02 -2.560166e-05
1.613801e+01 1.025928e-01 -4.284935e-05
1.613801e+01 1.448116e-01 -6.616451e-05
1.613801e+01 2.023460e-01 -9.950151e-05
1.613801e+01 2.834245e-01 -1.448947e-04
1.613801e+01 3.967448e-01 -2.036801e-04
1.613801e+01 5.552783e-01 -2.850963e-04
1.613801e+01 7.774819e-01 -4.038545e-04
1.613801e+01 1.088445e+00 -5.598629e-04
1.613801e+01 1.523711e+00 -7.725598e-04
1.613801e+01 2.088426e+00 -9.722953e-04
1.613801e+01 2.685505e+00 -9.293284e-04
1.648077e+01 1.570796e-02 -7.569390e-07
1.648077e+01 2.346256e-02 -1.524027e-06
1.648077e+01 3.503514e-02 -4.036024e-06
1.648077e+01 5.263151e-02 -1.064928e-05
1.648077e+01 7.314235e-02 -1.948860e-05
1.648077e+01 1.025928e-01 -3.266416e-05
1.648077e+01 1.448116e-01 -5.012310e-05
1.648077e+01 2.023460e-01 -7.585660e-05
1.648077e+01 2.834245e-01 -1.105680e-04
1.648077e+01 3.967448e-01 -1.552642e-04
1.648077e+01 5.552783e-01 -2.199281e-04
1.648077e+01 7.774819e-01 -3.141174e-04
1.648077e+01 1.088445e+00 -4.381488e-04
1.648077e+01 1.523711e+00 -6.099143e-04
1.648077e+01 2.088426e+00 -7.698335e-04
1.648077e+01 2.685505e+00 -7.370350e-04
1.683038e+01 1.570796e-02 -5.757823e-07
1.683038e+01 2.346256e-02 -1.129979e-06
1.683038e+01 3.503514e-02 -3.038772e-06
1.683038e+01 5.263151e-02 -8.013755e-06
1.683038e+01 7.314235e-02 -1.465311e-05
1.683038e+01 1.025928e-01 -2.439140e-05
1.683038e+01 1.448116e-01 -3.765519e-05
1.683038e+01 2.023460e-01 -5.708990e-05
1.683038e+01 2.834245e-01 -8.310431e-05
1.683038e+01 3.967448e-01 -1.169603e-04
1.683038e+01 5.552783e-01 -1.664468e-04
1.683038e+01 7.774819e-01 -2.399223e-04
1.683038e+01 1.088445e+00 -3.370907e-04
1.683038e+01 1.523711e+00 -4.716494e-04
1.683038e+01 2.088426e+00 -5.989870e-04
1.683038e+01 2.685505e+00 -5.725379e-04
1.718699e+01 1.570796e-02 -4.204224e-07
1.718699e+01 2.346256e-02 -8.332272e-07
1.718699e+01 3.503514e-02 -2.216922e-06
1.718699e+01 5.263151e-02 -5.910317e-06
1.718699e+01 7.314235e-02 -1.075890e-05
1.718699e+01 1.025928e-01 -1.794914e-05
1.718699e+01 1.448116e-01 -2.778452e-05
1.718699e+01 2.023460e-01 -4.213816e-05
1.718699e+01 2.834245e-01 -6.123511e-05
1.718699e+01 3.967448e-01 -8.665807e-05
1.718699e+01 5.552783e-01 -1.244964e-04
1.718699e+01 7.774819e-01 -1.803727e-04
1.718699e+01 1.088445e+00 -2.541695e-04
1.718699e+01 1.523711e+00 -3.583485e-04
1.718699e+01 2.088426e+00 -4.557552e-04
1.718699e+01 2.685505e+00 -4.341281e-04
1.755073e+01 1.570796e-02 -3.095237e-07
1.755073e+01 2.346256e-02 -5.861440e-07
1.755073e+01 3.503514e-02 -1.575955e-06
1.755073e+01 5.263151e-02 -4.294210e-06
1.755073e+01 7.314235e-02 -7.823880e-06
1.755073e+01 1.025928e-01 -1.290609e-05
1.755073e+01 1.448116e-01 -2.025976e-05
1.755073e+01 2.023460e-01 -3.051684e-05
1.755073e+01 2.834245e-01 -4.461287e-05
1.755073e+01 3.967448e-01 -6.325082e-05
1.755073e+01 5.552783e-01 -9.117414e-05
1.755073e+01 7.774819e-01 -1.330778e-04
1.755073e+01 1.088445e+00 -1.884678e-04
1.755073e+01 1.523711e+00 -2.671612e-04
1.755073e+01 2.088426e+00 -3.417634e-04
1.755073e+01 2.685505e+00 -3.256915e-04
1.792175e+01 1.570796e-02 -2.318632e-07
1.792175e+01 2.346256e-02 -4.350658e-07
1.792175e+01 3.503514e-02 -1.142455e-06
1.792175e+01 5.263151e-02 -3.066090e-06
1.792175e+01 7.314235e-02 -5.626585e-06
1.792175e+01 1.025928e-01 -9.235505e-06
1.792175e+01 1.448116e-01 -1.451013e-05
1.792175e+01 2.023460e-01 -2.198335e-05
1.792175e+01 2.834245e-01 -3.213455e-05
1.792175e+01 3.967448e-01 -4.560162e-05
1.792175e+01 5.552783e-01 -6.615087e-05
1.792175e+01 7.774819e-01 -9.717971e-05
1.792175e+01 1.088445e+00 -1.375154e-04
1.792175e+01 1.523711e+00 -1.964940e-04
1.792175e+01 2.088426e+00 -2.520044e-04
1.792175e+01 2.685505e+00 -2.404132e-04
1.830018e+01 1.570796e-02 -1.637036e-07
1.830018e+01 2.346256e-02 -2.935294e-07
1.830018e+01 3.503514e-02 -8.035900e-07
1.830018e+01 5.263151e-02 -2.151807e-06
1.830018e+01 7.314235e-02 -3.973580e-06
1.830018e+01 1.025928e-01 -6.494410e-06
1.830018e+01 1.448116e-01 -1.023615e-05
1.830018e+01 2.023460e-01 -1.553401e-05
1.830018e+01 2.834245e-01 -2.270346e-05
1.830018e+01 3.967448e-01 -3.235548e-05
1.830018e+01 5.552783e-01 -4.733908e-05
1.830018e+01 7.774819e-01 -6.978389e-05
1.830018e+01 1.088445e+00 -9.882325e-05
1.830018e+01 1.523711e+00 -1.418564e-04
1.830018e+01 2.088426e+00 -1.827520e-04
1.830018e+01 2.685505e+00 -1.758022e-04
1.868618e+01 1.570796e-02 -1.144623e-07
1.868618e+01 2.346256e-02 -1.940235e-07
1.868618e+01 3.503514e-02 -5.564049e-07
1.868618e+01 5.263151e-02 -1.474148e-06
1.868618e+01 7.314235e-02 -2.727402e-06
1.868618e+01 1.025928e-01 -4.473575e-06
1.868618e+01 1.448116e-01 -7.060783e-06
1.868618e+01 2.023460e-01 -1.070325e-05
1.868618e+01 2.834245e-01 -1.569508e-05
1.868618e+01 3.967448e-01 -2.253386e-05
1.868618e+01 5.552783e-01 -3.324260e-05
1.868618e+01 7.774819e-01 -4.924712e-05
1.868618e+01 1.088445e+00 -6.982653e-05
1.868618e+01 1.523711e+00 -1.007585e-04
1.868618e+01 2.088426e+00 -1.306111e-04
1.868618e+01 2.685505e+00 -1.251575e-04
1.907991e+01 1.570796e-02 -8.269835e-08
1.907991e+01 2.346256e-02 -1.278977e-07
1.907991e+01 3.503514e-02 -3.690071e-07
1.907991e+01 5.263151e-02 -9.866541e-07
1.907991e+01 7.314235e-02 -1.843757e-06
1.907991e+01 1.025928e-01 -3.019089e-06
1.907991e+01 1.448116e-01 -4.798940e-06
1.907991e+01 2.023460e-01 -7.290197e-06
1.907991e+01 2.834245e-01 -1.070544e-05
1.907991e+01 3.967448e-01 -1.555571e-05
1.907991e+01 5.552783e-01 -2.290092e-05
1.907991e+01 7.774819e-01 -3.405620e-05
1.907991e+01 1.088445e+00 -4.875280e-05
1.907991e+01 1.523711e+00 -7.048947e-05
1.907991e+01 2.088426e+00 -9.162592e-05
1.907991e+01 2.685505e+00 -8.786078e-05
1.948151e+01 1.570796e-02 -5.480309e-08
1.948151e+01 2.346256e-02 -8.078841e-08
1.948151e+01 3.503514e-02 -2.462756e-07
1.948151e+01 5.263151e-02 -6.587394e-07
1.948151e+01 7.314235e-02 -1.213080e-06
1.948151e+01 1.025928e-01 -2.002912e-06
1.948151e+01 1.448116e-01 -3.195815e-06
1.948151e+01 2.023460e-01 -4.811522e-06
1.948151e+01 2.834245e-01 -7.146620e-06
1.948151e+01 3.967448e-01 -1.043407e-05
1.948151e+01 5.552783e-01 -1.550874e-05
1.948151e+01 7.774819e-01 -2.307149e-05
1.948151e+01 1.088445e+00 -3.330736e-05
1.948151e+01 1.523711e+00 -4.825849e-05
1.948151e+01 2.088426e+00 -6.302474e-05
1.948151e+01 2.685505e+00 -6.103649e-05
1.989114e+01 1.570796e-02 -3.638396e-08
1.989114e+01 2.346256e-02 -5.269756e-08
1.989114e+01 3.503514e-02 -1.675660e-07
1.989114e+01 5.263151e-02 -4.263722e-07
1.989114e+01 7.314235e-02 -7.993109e-07
1.989114e+01 1.025928e-01 -1.323167e-06
1.989114e+01 1.448116e-01 -2.067264e-06
1.989114e+01 2.023460e-01 -3.142343e-06
1.989114e+01 2.834245e-01 -4.678331e-06
1.989114e+01 3.967448e-01 -6.893680e-06
1.989114e+01 5.552783e-01 -1.023106e-05
1.989114e+01 7.774819e-01 -1.536974e-05
1.989114e+01 1.088445e+00 -2.234807e-05
1.989114e+01 1.523711e+00 -3.257582e-05
1.989114e+01 2.088426e+00 -4.250555e-05
1.989114e+01 2.685505e+00 -4.117131e-05
2.030896e+01 1.570796e-02 -2.334004e-08
2.030896e+01 2.346256e-02 -3.244939e-08
2.030896e+01 3.503514e-02 -1.052276e-07
2.030896e+01 5.263151e-02 -2.606345e-07
2.030896e+01 7.314235e-02 -5.028033e-07
2.030896e+01 1.025928e-01 -8.214922e-07
2.030896e+01 1.448116e-01 -1.312296e-06
2.030896e+01 2.023460e-01 -1.963429e-06
2.030896e+01 2.834245e-01 -2.975943e-06
2.030896e+01 3.967448e-01 -4.404602e-06
2.030896e+01 5.552783e-01 -6.562725e-06
2.030896e+01 7.774819e-01 -9.949382e-06
2.030896e+01 1.088445e+00 -1.450527e-05
2.030896e+01 1.523711e+00 -2.122551e-05
2.030896e+01 2.088426e+00 -2.785814e-05
2.030896e+01 2.685505e+00 -2.687621e-05
2.073514e+01 1.570796e-02 -1.583956e-08
2.073514e+01 2.346256e-02 -2.116986e-08
2.073514e+01 3.503514e-02 -6.873704e-08
2.073514e+01 5.263151e-02 -1.673958e-07
2.073514e+01 7.314235e-02 -3.152439e-07
2.073514e+01 1.025928e-01 -5.085853e-07
2.073514e+01 1.448116e-01 -8.195630e-07
2.073514e+01 2.023460e-01 -1.226562e-06
2.073514e+01 2.834245e-01 -1.879165e-06
2.073514e+01 3.967448e-01 -2.769156e-06
2.073514e+01 5.552783e-01 -4.165102e-06
2.073514e+01 7.774819e-01 -6.356757e-06
2.073514e+01 1.088445e+00 -9.358454e-06
2.073514e+01 1.523711e+00 -1.378676e-05
2.073514e+01 2.088426e+00 -1.801486e-05
2.073514e+01 2.685505e+00 -1.736031e-05
2.116984e+01 1.570796e-02 3.882557e-10
2.116984e+01 2.346256e-02 9.315144e-10
2.116984e+01 3.503514e-02 2.223448e-09
2.116984e+01 5.263151e-02 5.490712e-09
2.116984e+01 7.314235e-02 1.055471e-08
2.116984e+01 1.025928e-01 1.754449e-08
2.116984e+01 1.448116e-01 2.682607e-08
2.116984e+01 2.023460e-01 3.954088e-08
2.116984e+01 2.834245e-01 5.757814e-08
2.116984e+01 3.967448e-01 8.169041e-08
2.116984e+01 5.552783e-01 1.121680e-07
2.116984e+01 7.774819e-01 1.418145e-07
2.116984e+01 1.088445e+00 1.516224e-07
2.116984e+01 1.523711e+00 1.258453e-07
2.116984e+01 2.088426e+00 7.956579e-08
2.116984e+01 2.685505e+00 3.915046e-08
2.161324e+01 1.570796e-02 3.673310e-10
2.161324e+01 2.346256e-02 8.803865e-10
2.161324e+01 3.503514e-02 2.103697e-09
2.161324e+01 5.263151e-02 5.192068e-09
2.161324e+01 7.314235e-02 9.984086e-09
2.161324e+01 1.025928e-01 1.659854e-08
2.161324e+01 1.448116e-01 2.539691e-08
2.161324e+01 2.023460e-01 3.751659e-08
2.161324e+01 2.834245e-01 5.489719e-08
2.161324e+01 3.967448e-01 7.839345e-08
2.161324e+01 5.552783e-01 1.083733e-07
2.161324e+01 7.774819e-01 1.377935e-07
2.161324e+01 1.088445e+00 1.481312e-07
2.161324e+01 1.523711e+00 1.238547e-07
2.161324e+01 2.088426e+00 7.891245e-08
2.161324e+01 2.685505e+00 3.894862e-08
2.206550e+01 1.570796e-02 3.465891e-10
2.206550e+01 2.346256e-02 8.302579e-10
2.206550e+01 3.503514e-02 1.985408e-09
2.206550e+01 5.263151e-02 4.897855e-09
2.206550e+01 7.314235e-02 9.421660e-09
2.206550e+01 1.025928e-01 1.566854e-08
2.206550e+01 1.448116e-01 2.399424e-08
2.206550e+01 2.023460e-01 3.554040e-08
2.206550e+01 2.834245e-01 5.227735e-08
2.206550e+01 3.967448e-01 7.513406e-08
2.206550e+01 5.552783e-01 1.045577e-07
2.206550e+01 7.774819e-01 1.336729e-07
2.206550e+01 1.088445e+00 1.445271e-07
2.206550e+01 1.523711e+00 1.218495e-07
2.206550e+01 2.088426e+00 7.834516e-08
2.206550e+01 2.685505e+00 3.870827e-08
2.252681e+01 1.570796e-02 3.261439e-10
2.252681e+01 2.346256e-02 7.812295e-10
2.252681e+01 3.503514e-02 1.869277e-09
2.252681e+01 5.263151e-02 4.609489e-09
2.252681e+01 7.314235e-02 8.872032e-09
2.252681e+01 1.025928e-01 1.475993e-08
2.252681e+01 1.448116e-01 2.262600e-08
2.252681e+01 2.023460e-01 3.360487e-08
2.252681e+01 2.834245e-01 4.969842e-08
2.252681e+01 3.967448e-01 7.190766e-08
2.252681e+01 5.552783e-01 1.007129e-07
2.252681e+01 7.774819e-01 1.294009e-07
2.252681e+01 1.088445e+00 1.407498e-07
2.252681e+01 1.523711e+00 1.198051e-07
2.252681e+01 2.088426e+00 7.783722e-08
2.252681e+01 2.685505e+00 3.849344e-08
2.299735e+01 1.570796e-02 3.061557e-10
2.299735e+01 2.346256e-02 7.331284e-10
2.299735e+01 3.503514e-02 1.755627e-09
2.299735e+01 5.263151e-02 4.327676e-09
2.299735e+01 7.314235e-02 8.335151e-09
2.299735e+01 1.025928e-01 1.387291e-08
2.299735e+01 1.448116e-01 2.129031e-08
2.299735e+01 2.023460e-01 3.171754e-08
2.299735e+01 2.834245e-01 4.717704e-08
2.299735e+01 3.967448e-01 6.870720e-08
2.299735e+01 5.552783e-01 9.680471e-08
2.299735e+01 7.774819e-01 1.250068e-07
2.299735e+01 1.088445e+00 1.368529e-07
2.299735e+01 1.523711e+00 1.177820e-07
2.299735e+01 2.088426e+00 7.746293e-08
2.299735e+01 2.685505e+00 3.827701e-08
2.347730e+01 1.570796e-02 2.865705e-10
2.347730e+01 2.346256e-02 6.864667e-10
2.347730e+01 3.503514e-02 1.644651e-09
2.347730e+01 5.263151e-02 4.053561e-09
2.347730e+01 7.314235e-02 7.811569e-09
2.347730e+01 1.025928e-01 1.300780e-08
2.347730e+01 1.448116e-01 1.998896e-08
2.347730e+01 2.023460e-01 2.987791e-08
2.347730e+01 2.834245e-01 4.470585e-08
2.347730e+01 3.967448e-01 6.552413e-08
2.347730e+01 5.552783e-01 9.285645e-08
2.347730e+01 7.774819e-01 1.205000e-07
2.347730e+01 1.088445e+00 1.328382e-07
2.347730e+01 1.523711e+00 1.157429e-07
2.347730e+01 2.088426e+00 7.717118e-08
2.347730e+01 2.685505e+00 3.810426e-08
2.396684e+01 1.570796e-02 2.675754e-10
2.396684e+01 2.346256e-02 6.411491e-10
2.396684e+01 3.503514e-02 1.536432e-09
2.396684e+01 5.263151e-02 3.786724e-09
2.396684e+01 7.314235e-02 7.301868e-09
2.396684e+01 1.025928e-01 1.216833e-08
2.396684e+01 1.448116e-01 1.872247e-08
2.396684e+01 2.023460e-01 2.808656e-08
2.396684e+01 2.834245e-01 4.227926e-08
2.396684e+01 3.967448e-01 6.235705e-08
2.396684e+01 5.552783e-01 8.884949e-08
2.396684e+01 7.774819e-01 1.158844e-07
2.396684e+01 1.088445e+00 1.287291e-07
2.396684e+01 1.523711e+00 1.136500e-07
2.396684e+01 2.088426e+00 7.692543e-08
2.396684e+01 2.685505e+00 3.801343e-08
2.446618e+01 1.570796e-02 2.490843e-10
2.446618e+01 2.346256e-02 5.967678e-10
2.446618e+01 3.503514e-02 1.431086e-09
2.446618e+01 5.263151e-02 3.526860e-09
2.446618e+01 7.314235e-02 6.806046e-09
2.446618e+01 1.025928e-01 1.135089e-08
2.446618e+01 1.448116e-01 1.749136e-08
2.446618e+01 2.023460e-01 2.633898e-08
2.446618e+01 2.834245e-01 3.989180e-08
2.446618e+01 3.967448e-01 5.919194e-08
2.446618e+01 5.552783e-01 8.476554e-08
2.446618e+01 7.774819e-01 1.111091e-07
2.446618e+01 1.088445e+00 1.244696e-07
2.446618e+01 1.523711e+00 1.115189e-07
2.446618e+01 2.088426e+00 7.683485e-08
2.446618e+01 2.685505e+00 3.802554e-08
2.497550e+01 1.570796e-02 2.311037e-10
2.497550e+01 2.346256e-02 5.536058e-10
2.497550e+01 3.503514e-02 1.328788e-09
2.497550e+01 5.263151e-02 3.274484e-09
2.497550e+01 7.314235e-02 6.324878e-09
2.497550e+01 1.025928e-01 1.055632e-08
2.497550e+01 1.448116e-01 1.629186e-08
2.497550e+01 2.023460e-01 2.463208e-08
2.497550e+01 2.834245e-01 3.753823e-08
2.497550e+01 3.967448e-01 5.601402e-08
2.497550e+01 5.552783e-01 8.061402e-08
2.497550e+01 7.774819e-01 1.061978e-07
2.497550e+01 1.088445e+00 1.200287e-07
2.497550e+01 1.523711e+00 1.093370e-07
2.497550e+01 2.088426e+00 7.680957e-08
2.497550e+01 2.685505e+00 3.821611e-08
2.549501e+01 1.570796e-02 2.136371e-10
2.549501e+01 2.346256e-02 5.117973e-10
2.549501e+01 3.503514e-02 1.229312e-09
2.549501e+01 5.263151e-02 3.029425e-09
2.549501e+01 7.314235e-02 5.856309e-09
2.549501e+01 1.025928e-01 9.784887e-09
2.549501e+01 1.448116e-01 1.512442e-08
2.549501e+01 2.023460e-01 2.296127e-08
2.549501e+01 2.834245e-01 3.520804e-08
2.549501e+01 3.967448e-01 5.281584e-08
2.549501e+01 5.552783e-01 7.637550e-08
2.549501e+01 7.774819e-01 1.011573e-07
2.549501e+01 1.088445e+00 1.154291e-07
2.549501e+01 1.523711e+00 1.070096e-07
2.549501e+01 2.088426e+00 7.685342e-08
2.549501e+01 2.685505e+00 3.868256e-08
2.602491e+01 1.570796e-02 1.966494e-10
2.602491e+01 2.346256e-02 4.710698e-10
2.602491e+01 3.503514e-02 1.132333e-09
2.602491e+01 5.263151e-02 2.791319e-09
2.602491e+01 7.314235e-02 5.400163e-09
2.602491e+01 1.025928e-01 9.033046e-09
2.602491e+01 1.448116e-01 1.398593e-08
2.602491e+01 2.023460e-01 2.132420e-08
2.602491e+01 2.834245e-01 3.289420e-08
2.602491e+01 3.967448e-01 4.959605e-08
2.602491e+01 5.552783e-01 7.204549e-08
2.602491e+01 7.774819e-01 9.595604e-08
2.602491e+01 1.088445e+00 1.106296e-07
2.602491e+01 1.523711e+00 1.045139e-07
2.602491e+01 2.088426e+00 7.693126e-08
2.602491e+01 2.685505e+00 3.937191e-08
2.656541e+01 1.570796e-02 1.801281e-10
2.656541e+01 2.346256e-02 4.314963e-10
2.656541e+01 3.503514e-02 1.038047e-09
2.656541e+01 5.263151e-02 2.559724e-09
2.656541e+01 7.314235e-02 4.957262e-09
2.656541e+01 1.025928e-01 8.301234e-09
2.656541e+01 1.448116e-01 1.287587e-08
2.656541e+01 2.023460e-01 1.971730e-08
2.656541e+01 2.834245e-01 3.059696e-08
2.656541e+01 3.967448e-01 4.634625e-08
2.656541e+01 5.552783e-01 6.761495e-08
2.656541e+01 7.774819e-01 9.057748e-08
2.656541e+01 1.088445e+00 1.056064e-07
2.656541e+01 1.523711e+00 1.017811e-07
2.656541e+01 2.088426e+00 7.699620e-08
2.656541e+01 2.685505e+00 4.032030e-08
2.711672e+01 1.570796e-02 1.641045e-10
2.711672e+01 2.346256e-02 3.929461e-10
2.711672e+01 3.503514e-02 9.463679e-10
2.711672e+01 5.263151e-02 2.334545e-09
2.711672e+01 7.314235e-02 4.525739e-09
2.711672e+01 1.025928e-01 7.587733e-09
2.711672e+01 1.448116e-01 1.179246e-08
2.711672e+01 2.023460e-01 1.813813e-08
2.711672e+01 2.834245e-01 2.831026e-08
2.711672e+01 3.967448e-01 4.306461e-08
2.711672e+01 5.552783e-01 6.310300e-08
2.711672e+01 7.774819e-01 8.503028e-08
2.711672e+01 1.088445e+00 1.003079e-07
2.711672e+01 1.523711e+00 9.872603e-08
2.711672e+01 2.088426e+00 7.694905e-08
2.711672e+01 2.685505e+00 4.163242e-08
2.767905e+01 1.570796e-02 1.485004e-10
2.767905e+01 2.346256e-02 3.555215e-10
2.767905e+01 3.503514e-02 8.572363e-10
2.767905e+01 5.263151e-02 2.115462e-09
2.767905e+01 7.314235e-02 4.106425e-09
2.767905e+01 1.025928e-01 6.892357e-09
2.767905e+01 1.448116e-01 1.073211e-08
2.767905e+01 2.023460e-01 1.658244e-08
2.767905e+01 2.834245e-01 2.602750e-08
2.767905e+01 3.967448e-01 3.975268e-08
2.767905e+01 5.552783e-01 5.847869e-08
2.767905e+01 7.774819e-01 7.927447e-08
2.767905e+01 1.088445e+00 9.469644e-08
2.767905e+01 1.523711e+00 9.532219e-08
2.767905e+01 2.088426e+00 7.682569e-08
2.767905e+01 2.685505e+00 4.324197e-08
2.825263e+01 1.570796e-02 1.333689e-10
2.825263e+01 2.346256e-02 3.191285e-10
2.825263e+01 3.503514e-02 7.704668e-10
2.825263e+01 5.263151e-02 1.902397e-09
2.825263e+01 7.314235e-02 3.697097e-09
2.825263e+01 1.025928e-01 6.213203e-09
2.825263e+01 1.448116e-01 9.696949e-09
2.825263e+01 2.023460e-01 1.504516e-08
2.825263e+01 2.834245e-01 2.374681e-08
2.825263e+01 3.967448e-01 3.640500e-08
2.825263e+01 5.552783e-01 5.375660e-08
2.825263e+01 7.774819e-01 7.334972e-08
2.825263e+01 1.088445e+00 8.873219e-08
2.825263e+01 1.523711e+00 9.151856e-08
2.825263e+01 2.088426e+00 7.643217e-08
2.825263e+01 2.685505e+00 4.526517e-08
2.883769e+01 1.570796e-02 1.186368e-10
2.883769e+01 2.346256e-02 2.837624e-10
2.883769e+01 3.503514e-02 6.861143e-10
2.883769e+01 5.263151e-02 1.695104e-09
2.883769e+01 7.314235e-02 3.298430e-09
2.883769e+01 1.025928e-01 5.551148e-09
2.883769e+01 1.448116e-01 8.682407e-09
2.883769e+01 2.023460e-01 1.352868e-08
2.883769e+01 2.834245e-01 2.146522e-08
2.883769e+01 3.967448e-01 3.301190e-08
2.883769e+01 5.552783e-01 4.893844e-08
2.883769e+01 7.774819e-01 6.720904e-08
2.883769e+01 1.088445e+00 8.238160e-08
2.883769e+01 1.523711e+00 8.711837e-08
2.883769e+01 2.088426e+00 7.565783e-08
2.883769e+01 2.685505e+00 4.759826e-08
2.943444e+01 1.570796e-02 1.043791e-10
2.943444e+01 2.346256e-02 2.494644e-10
2.943444e+01 3.503514e-02 6.040278e-10
2.943444e+01 5.263151e-02 1.493123e-09
2.943444e+01 7.314235e-02 2.909945e-09
2.943444e+01 1.025928e-01 4.904190e-09
2.943444e+01 1.448116e-01 7.687467e-09
2.943444e+01 2.023460e-01 1.202918e-08
2.943444e+01 2.834245e-01 1.918109e-08
2.943444e+01 3.967448e-01 2.958823e-08
2.943444e+01 5.552783e-01 4.402158e-08
2.943444e+01 7.774819e-01 6.085577e-08
2.943444e+01 1.088445e+00 7.562884e-08
2.943444e+01 1.523711e+00 8.208970e-08
2.943444e+01 2.088426e+00 7.430188e-08
2.943444e+01 2.685505e+00 5.011753e-08
3.004313e+01 1.570796e-02 9.052079e-11
3.004313e+01 2.346256e-02 2.161432e-10
3.004313e+01 3.503514e-02 5.241809e-10
3.004313e+01 5.263151e-02 1.296875e-09
3.004313e+01 7.314235e-02 2.531005e-09
3.004313e+01 1.025928e-01 4.271482e-09
3.004313e+01 1.448116e-01 6.712001e-09
3.004313e+01 2.023460e-01 1.054565e-08
3.004313e+01 2.834245e-01 1.689760e-08
3.004313e+01 3.967448e-01 2.612505e-08
3.004313e+01 5.552783e-01 3.901656e-08
3.004313e+01 7.774819e-01 5.428802e-08
3.004313e+01 1.088445e+00 6.842699e-08
3.004313e+01 1.523711e+00 7.627131e-08
3.004313e+01 2.088426e+00 7.225495e-08
3.004313e+01 2.685505e+00 5.263903e-08
3.066399e+01 1.570796e-02 7.709547e-11
3.066399e+01 2.346256e-02 1.838291e-10
3.066399e+01 3.503514e-02 4.466353e-10
3.066399e+01 5.263151e-02 1.105785e-09
3.066399e+01 7.314235e-02 2.161506e-09
3.066399e+01 1.025928e-01 3.653289e-09
3.066399e+01 1.448116e-01 5.755292e-09
3.066399e+01 2.023460e-01 9.078344e-09
3.066399e+01 2.834245e-01 1.461205e-08
3.066399e+01 3.967448e-01 2.263930e-08
3.066399e+01 5.552783e-01 3.392792e-08
3.066399e+01 7.774819e-01 4.751001e-08
3.066399e+01 1.088445e+00 6.074715e-08
3.066399e+01 1.523711e+00 6.960927e-08
3.066399e+01 2.088426e+00 6.924082e-08
3.066399e+01 2.685505e+00 5.483840e-08
3.129727e+01 1.570796e-02 6.402317e-11
3.129727e+01 2.346256e-02 1.526148e-10
3.129727e+01 3.503514e-02 3.713321e-10
3.129727e+01 5.263151e-02 9.200824e-10
3.129727e+01 7.314235e-02 1.801300e-09
3.129727e+01 1.025928e-01 3.049572e-09
3.129727e+01 1.448116e-01 4.816022e-09
3.129727e+01 2.023460e-01 7.625900e-09
3.129727e+01 2.834245e-01 1.232607e-08
3.129727e+01 3.967448e-01 1.913042e-08
3.129727e+01 5.552783e-01 2.876947e-08
3.129727e+01 7.774819e-01 4.054534e-08
3.129727e+01 1.088445e+00 5.257928e-08
3.129727e+01 1.523711e+00 6.197343e-08
3.129727e+01 2.088426e+00 6.497399e-08
3.129727e+01 2.685505e+00 5.610615e-08
3.194322e+01 1.570796e-02 5.140908e-11
3.194322e+01 2.346256e-02 1.223545e-10
3.194322e+01 3.503514e-02 2.981996e-10
3.194322e+01 5.263151e-02 7.395407e-10
3.194322e+01 7.314235e-02 1.450438e-09
3.194322e+01 1.025928e-01 2.459722e-09
3.194322e+01 1.448116e-01 3.894835e-09
3.194322e+01 2.023460e-01 6.189105e-09
3.194322e+01 2.834245e-01 1.004190e-08
3.194322e+01 3.967448e-01 1.560869e-08
3.194322e+01 5.552783e-01 2.354980e-08
3.194322e+01 7.774819e-01 3.339619e-08
3.194322e+01 1.088445e+00 4.392950e-08
3.194322e+01 1.523711e+00 5.332401e-08
3.194322e+01 2.088426e+00 5.901797e-08
3.194322e+01 2.685505e+00 5.575807e-08
3.260208e+01 1.570796e-02 3.917583e-11
3.260208e+01 2.346256e-02 9.321636e-11
3.260208e+01 3.503514e-02 2.275173e-10
3.260208e+01 5.263151e-02 5.647002e-10
3.260208e+01 7.314235e-02 1.109560e-09
3.260208e+01 1.025928e-01 1.884572e-09
3.260208e+01 1.448116e-01 2.992068e-09
3.260208e+01 2.023460e-01 4.770603e-09
3.260208e+01 2.834245e-01 7.768698e-09
3.260208e+01 3.967448e-01 1.208770e-08
3.260208e+01 5.552783e-01 1.828051e-08
3.260208e+01 7.774819e-01 2.608118e-08
3.260208e+01 1.088445e+00 3.478635e-08
3.260208e+01 1.523711e+00 4.351655e-08
3.260208e+01 2.088426e+00 5.098331e-08
3.260208e+01 2.685505e+00 5.273273e-08
3.327412e+01 1.570796e-02 2.734703e-11
3.327412e+01 2.346256e-02 6.488524e-11
3.327412e+01 3.503514e-02 1.587398e-10
3.327412e+01 5.263151e-02 3.943728e-10
3.327412e+01 7.314235e-02 7.764406e-10
3.327412e+01 1.025928e-01 1.321357e-09
3.327412e+01 1.448116e-01 2.104053e-09
3.327412e+01 2.023460e-01 3.366919e-09
3.327412e+01 2.834245e-01 5.503542e-09
3.327412e+01 3.967448e-01 8.572394e-09
3.327412e+01 5.552783e-01 1.300504e-08
3.327412e+01 7.774819e-01 1.865995e-08
3.327412e+01 1.088445e+00 2.522272e-08
3.327412e+01 1.523711e+00 3.252480e-08
3.327412e+01 2.088426e+00 4.040081e-08
3.327412e+01 2.685505e+00 4.563580e-08
3.395961e+01 1.570796e-02 1.660830e-11
3.395961e+01 2.346256e-02 3.958890e-11
3.395961e+01 3.503514e-02 9.681745e-11
3.395961e+01 5.263151e-02 2.403434e-10
3.395961e+01 7.314235e-02 4.738081e-10
3.395961e+01 1.025928e-01 8.061280e-10
3.395961e+01 1.448116e-01 1.283570e-09
3.395961e+01 2.023460e-01 2.049635e-09
3.395961e+01 2.834245e-01 3.338476e-09
3.395961e+01 3.967448e-01 5.170538e-09
3.395961e+01 5.552783e-01 7.811359e-09
3.395961e+01 7.774819e-01 1.121145e-08
3.395961e+01 1.088445e+00 1.528056e-08
3.395961e+01 1.523711e+00 2.023784e-08
3.395961e+01 2.088426e+00 2.652166e-08
3.395961e+01 2.685505e+00 3.224495e-08
3.465880e+01 1.570796e-02 5.237513e-12
3.465880e+01 2.346256e-02 1.197906e-11
3.465880e+01 3.503514e-02 2.959035e-11
3.465880e+01 5.263151e-02 7.360292e-11
3.465880e+01 7.314235e-02 1.461126e-10
3.465880e+01 1.025928e-01 2.472819e-10
3.465880e+01 1.448116e-01 3.994119e-10
3.465880e+01 2.023460e-01 6.446587e-10
3.465880e+01 2.834245e-01 1.065464e-09
3.465880e+01 3.967448e-01 1.663680e-09
3.465880e+01 5.552783e-01 2.534388e-09
3.465880e+01 7.774819e-01 3.673569e-09
3.465880e+01 1.088445e+00 5.080535e-09
3.465880e+01 1.523711e+00 6.909206e-09
3.465880e+01 2.088426e+00 9.559272e-09
3.465880e+01 2.685505e+00 1.255789e-08
3.537197e+01 1.570796e-02 0.000000e+00
3.537197e+01 2.346256e-02 0.000000e+00
3.537197e+01 3.503514e-02 0.000000e+00
3.537197e+01 5.263151e-02 0.000000e+00
3.537197e+01 7.314235e-02 0.000000e+00
3.537197e+01 1.025928e-01 0.000000e+00
3.537197e+01 1.448116e-01 0.000000e+00
3.537197e+01 2.023460e-01 0.000000e+00
3.537197e+01 2.834245e-01 0.000000e+00
3.537197e+01 3.967448e-01 0.000000e+00
3.537197e+01 5.552783e-01 0.000000e+00
3.537197e+01 7.774819e-01 0.000000e+00
3.537197e+01 1.088445e+00 0.000000e+00
3.537197e+01 1.523711e+00 0.000000e+00
3.537197e+01 2.088426e+00 0.000000e+00
3.537197e+01 2.685505e+00 0.000000e+00
