5.e+00,1.570796e-02,0.e+00
5.e+00,2.346256e-02,0.e+00
5.e+00,3.503514e-02,0.e+00
5.e+00,5.263151e-02,0.e+00
5.e+00,7.314235e-02,0.e+00
5.e+00,1.025928e-01,0.e+00
5.e+00,1.448116e-01,0.e+00
5.e+00,2.02346e-01,0.e+00
5.e+00,2.834245e-01,0.e+00
5.e+00,3.967448e-01,0.e+00
5.e+00,5.552783e-01,0.e+00
5.e+00,7.774819e-01,0.e+00
5.e+00,1.088445e+00,0.e+00
5.e+00,1.523711e+00,0.e+00
5.e+00,2.088426e+00,0.e+00
5.e+00,2.685505e+00,0.e+00
5.12e+00,1.570796e-02,0.e+00
5.12e+00,2.346256e-02,0.e+00
5.12e+00,3.503514e-02,0.e+00
5.12e+00,5.263151e-02,0.e+00
5.12e+00,7.314235e-02,0.e+00
5.12e+00,1.025928e-01,0.e+00
5.12e+00,1.448116e-01,0.e+00
5.12e+00,2.02346e-01,0.e+00
5.12e+00,2.834245e-01,0.e+00
5.12e+00,3.967448e-01,0.e+00
5.12e+00,5.552783e-01,0.e+00
5.12e+00,7.774819e-01,0.e+00
5.12e+00,1.088445e+00,0.e+00
5.12e+00,1.523711e+00,0.e+00
5.12e+00,2.088426e+00,0.e+00
5.12e+00,2.685505e+00,0.e+00
5.2424e+00,1.570796e-02,0.e+00
5.2424e+00,2.346256e-02,0.e+00
5.2424e+00,3.503514e-02,0.e+00
5.2424e+00,5.263151e-02,0.e+00
5.2424e+00,7.314235e-02,0.e+00
5.2424e+00,1.025928e-01,0.e+00
5.2424e+00,1.448116e-01,0.e+00
5.2424e+00,2.02346e-01,0.e+00
5.2424e+00,2.834245e-01,0.e+00
5.2424e+00,3.967448e-01,0.e+00
5.2424e+00,5.552783e-01,0.e+00
5.2424e+00,7.774819e-01,0.e+00
5.2424e+00,1.088445e+00,0.e+00
5.2424e+00,1.523711e+00,0.e+00
5.2424e+00,2.088426e+00,0.e+00
5.2424e+00,2.685505e+00,0.e+00
5.367248e+00,1.570796e-02,0.e+00
5.367248e+00,2.346256e-02,0.e+00
5.367248e+00,3.503514e-02,0.e+00
5.367248e+00,5.263151e-02,0.e+00
5.367248e+00,7.314235e-02,0.e+00
5.367248e+00,1.025928e-01,0.e+00
5.367248e+00,1.448116e-01,0.e+00
5.367248e+00,2.02346e-01,0.e+00
5.367248e+00,2.834245e-01,0.e+00
5.367248e+00,3.967448e-01,0.e+00
5.367248e+00,5.552783e-01,0.e+00
5.367248e+00,7.774819e-01,0.e+00
5.367248e+00,1.088445e+00,0.e+00
5.367248e+00,1.523711e+00,0.e+00
5.367248e+00,2.088426e+00,0.e+00
5.367248e+00,2.685505e+00,0.e+00
5.494593e+00,1.570796e-02,0.e+00
5.494593e+00,2.346256e-02,0.e+00
5.494593e+00,3.503514e-02,0.e+00
5.494593e+00,5.263151e-02,0.e+00
5.494593e+00,7.314235e-02,0.e+00
5.494593e+00,1.025928e-01,0.e+00
5.494593e+00,1.448116e-01,0.e+00
5.494593e+00,2.02346e-01,0.e+00
5.494593e+00,2.834245e-01,0.e+00
5.494593e+00,3.967448e-01,0.e+00
5.494593e+00,5.552783e-01,0.e+00
5.494593e+00,7.774819e-01,0.e+00
5.494593e+00,1.088445e+00,0.e+00
5.494593e+00,1.523711e+00,0.e+00
5.494593e+00,2.088426e+00,0.e+00
5.494593e+00,2.685505e+00,0.e+00
5.624485e+00,1.570796e-02,0.e+00
5.624485e+00,2.346256e-02,0.e+00
5.624485e+00,3.503514e-02,0.e+00
5.624485e+00,5.263151e-02,0.e+00
5.624485e+00,7.314235e-02,0.e+00
5.624485e+00,1.025928e-01,0.e+00
5.624485e+00,1.448116e-01,0.e+00
5.624485e+00,2.02346e-01,0.e+00
5.624485e+00,2.834245e-01,0.e+00
5.624485e+00,3.967448e-01,0.e+00
5.624485e+00,5.552783e-01,0.e+00
5.624485e+00,7.774819e-01,0.e+00
5.624485e+00,1.088445e+00,0.e+00
5.624485e+00,1.523711e+00,0.e+00
5.624485e+00,2.088426e+00,0.e+00
5.624485e+00,2.685505e+00,0.e+00
5.756975e+00,1.570796e-02,0.e+00
5.756975e+00,2.346256e-02,0.e+00
5.756975e+00,3.503514e-02,0.e+00
5.756975e+00,5.263151e-02,0.e+00
5.756975e+00,7.314235e-02,0.e+00
5.756975e+00,1.025928e-01,0.e+00
5.756975e+00,1.448116e-01,0.e+00
5.756975e+00,2.02346e-01,0.e+00
5.756975e+00,2.834245e-01,0.e+00
5.756975e+00,3.967448e-01,0.e+00
5.756975e+00,5.552783e-01,0.e+00
5.756975e+00,7.774819e-01,0.e+00
5.756975e+00,1.088445e+00,0.e+00
5.756975e+00,1.523711e+00,0.e+00
5.756975e+00,2.088426e+00,0.e+00
5.756975e+00,2.685505e+00,0.e+00
5.892114e+00,1.570796e-02,0.e+00
5.892114e+00,2.346256e-02,0.e+00
5.892114e+00,3.503514e-02,0.e+00
5.892114e+00,5.263151e-02,0.e+00
5.892114e+00,7.314235e-02,0.e+00
5.892114e+00,1.025928e-01,0.e+00
5.892114e+00,1.448116e-01,0.e+00
5.892114e+00,2.02346e-01,0.e+00
5.892114e+00,2.834245e-01,0.e+00
5.892114e+00,3.967448e-01,0.e+00
5.892114e+00,5.552783e-01,0.e+00
5.892114e+00,7.774819e-01,0.e+00
5.892114e+00,1.088445e+00,0.e+00
5.892114e+00,1.523711e+00,0.e+00
5.892114e+00,2.088426e+00,0.e+00
5.892114e+00,2.685505e+00,0.e+00
6.029956e+00,1.570796e-02,-9.768934e-06
6.029956e+00,2.346256e-02,-4.268677e-05
6.029956e+00,3.503514e-02,-2.577482e-05
6.029956e+00,5.263151e-02,-5.261501e-07
6.029956e+00,7.314235e-02,-3.943247e-05
6.029956e+00,1.025928e-01,1.486947e-06
6.029956e+00,1.448116e-01,-1.749608e-05
6.029956e+00,2.02346e-01,-2.119348e-05
6.029956e+00,2.834245e-01,-3.603744e-05
6.029956e+00,3.967448e-01,-1.670322e-05
6.029956e+00,5.552783e-01,-1.985183e-05
6.029956e+00,7.774819e-01,-1.085416e-05
6.029956e+00,1.088445e+00,-1.385916e-05
6.029956e+00,1.523711e+00,-1.171326e-05
6.029956e+00,2.088426e+00,-1.262539e-05
6.029956e+00,2.685505e+00,-1.398153e-05
6.170555e+00,1.570796e-02,-9.444543e-05
6.170555e+00,2.346256e-02,-4.364619e-04
6.170555e+00,3.503514e-02,-2.793974e-04
6.170555e+00,5.263151e-02,-2.121881e-04
6.170555e+00,7.314235e-02,-4.031939e-04
6.170555e+00,1.025928e-01,-4.372139e-04
6.170555e+00,1.448116e-01,-2.755077e-04
6.170555e+00,2.02346e-01,-3.960819e-04
6.170555e+00,2.834245e-01,-4.035734e-04
6.170555e+00,3.967448e-01,-3.203309e-04
6.170555e+00,5.552783e-01,-2.856846e-04
6.170555e+00,7.774819e-01,-2.21632e-04
6.170555e+00,1.088445e+00,-2.038261e-04
6.170555e+00,1.523711e+00,-2.030804e-04
6.170555e+00,2.088426e+00,-2.212186e-04
6.170555e+00,2.685505e+00,-2.346481e-04
6.313967e+00,1.570796e-02,-1.787859e-04
6.313967e+00,2.346256e-02,-1.034528e-03
6.313967e+00,3.503514e-02,-7.528115e-04
6.313967e+00,5.263151e-02,-1.206308e-03
6.313967e+00,7.314235e-02,-1.648934e-03
6.313967e+00,1.025928e-01,-1.863347e-03
6.313967e+00,1.448116e-01,-1.697599e-03
6.313967e+00,2.02346e-01,-1.700287e-03
6.313967e+00,2.834245e-01,-1.549044e-03
6.313967e+00,3.967448e-01,-1.455439e-03
6.313967e+00,5.552783e-01,-1.248949e-03
6.313967e+00,7.774819e-01,-1.038554e-03
6.313967e+00,1.088445e+00,-8.992982e-04
6.313967e+00,1.523711e+00,-8.825781e-04
6.313967e+00,2.088426e+00,-9.703902e-04
6.313967e+00,2.685505e+00,-1.013296e-03
6.460246e+00,1.570796e-02,-2.118301e-04
6.460246e+00,2.346256e-02,-1.71408e-03
6.460246e+00,3.503514e-02,-1.263186e-03
6.460246e+00,5.263151e-02,-2.688047e-03
6.460246e+00,7.314235e-02,-4.048284e-03
6.460246e+00,1.025928e-01,-4.184434e-03
6.460246e+00,1.448116e-01,-4.290519e-03
6.460246e+00,2.02346e-01,-4.119995e-03
6.460246e+00,2.834245e-01,-4.093064e-03
6.460246e+00,3.967448e-01,-3.618954e-03
6.460246e+00,5.552783e-01,-3.133251e-03
6.460246e+00,7.774819e-01,-2.614294e-03
6.460246e+00,1.088445e+00,-2.268444e-03
6.460246e+00,1.523711e+00,-2.171182e-03
6.460246e+00,2.088426e+00,-2.351611e-03
6.460246e+00,2.685505e+00,-2.407093e-03
6.609451e+00,1.570796e-02,-2.334675e-04
6.609451e+00,2.346256e-02,-2.171876e-03
6.609451e+00,3.503514e-02,-1.71944e-03
6.609451e+00,5.263151e-02,-4.647535e-03
6.609451e+00,7.314235e-02,-7.756354e-03
6.609451e+00,1.025928e-01,-7.918514e-03
6.609451e+00,1.448116e-01,-8.571159e-03
6.609451e+00,2.02346e-01,-8.43277e-03
6.609451e+00,2.834245e-01,-8.14039e-03
6.609451e+00,3.967448e-01,-7.297501e-03
6.609451e+00,5.552783e-01,-6.302877e-03
6.609451e+00,7.774819e-01,-5.308495e-03
6.609451e+00,1.088445e+00,-4.566955e-03
6.609451e+00,1.523711e+00,-4.309062e-03
6.609451e+00,2.088426e+00,-4.616046e-03
6.609451e+00,2.685505e+00,-4.729719e-03
6.76164e+00,1.570796e-02,-2.676098e-04
6.76164e+00,2.346256e-02,-2.49951e-03
6.76164e+00,3.503514e-02,-2.183727e-03
6.76164e+00,5.263151e-02,-6.303337e-03
6.76164e+00,7.314235e-02,-1.155656e-02
6.76164e+00,1.025928e-01,-1.232056e-02
6.76164e+00,1.448116e-01,-1.394966e-02
6.76164e+00,2.02346e-01,-1.404682e-02
6.76164e+00,2.834245e-01,-1.343711e-02
6.76164e+00,3.967448e-01,-1.22e-02
6.76164e+00,5.552783e-01,-1.06153e-02
6.76164e+00,7.774819e-01,-9.002112e-03
6.76164e+00,1.088445e+00,-7.713679e-03
6.76164e+00,1.523711e+00,-7.172887e-03
6.76164e+00,2.088426e+00,-7.576927e-03
6.76164e+00,2.685505e+00,-7.6949e-03
6.916873e+00,1.570796e-02,-2.923648e-04
6.916873e+00,2.346256e-02,-2.342806e-03
6.916873e+00,3.503514e-02,-2.527163e-03
6.916873e+00,5.263151e-02,-7.602254e-03
6.916873e+00,7.314235e-02,-1.459501e-02
6.916873e+00,1.025928e-01,-1.62008e-02
6.916873e+00,1.448116e-01,-1.865702e-02
6.916873e+00,2.02346e-01,-1.964863e-02
6.916873e+00,2.834245e-01,-1.893216e-02
6.916873e+00,3.967448e-01,-1.755473e-02
6.916873e+00,5.552783e-01,-1.553807e-02
6.916873e+00,7.774819e-01,-1.311052e-02
6.916873e+00,1.088445e+00,-1.115451e-02
6.916873e+00,1.523711e+00,-1.021543e-02
6.916873e+00,2.088426e+00,-1.074499e-02
6.916873e+00,2.685505e+00,-1.077415e-02
7.075210e+00,1.570796e-02,-2.954681e-04
7.075210e+00,2.346256e-02,-2.200033e-03
7.075210e+00,3.503514e-02,-2.660565e-03
7.075210e+00,5.263151e-02,-7.861684e-03
7.075210e+00,7.314235e-02,-1.660123e-02
7.075210e+00,1.025928e-01,-1.911172e-02
7.075210e+00,1.448116e-01,-2.227542e-02
7.075210e+00,2.02346e-01,-2.457153e-02
7.075210e+00,2.834245e-01,-2.414027e-02
7.075210e+00,3.967448e-01,-2.2597e-02
7.075210e+00,5.552783e-01,-2.018025e-02
7.075210e+00,7.774819e-01,-1.718374e-02
7.075210e+00,1.088445e+00,-1.453267e-02
7.075210e+00,1.523711e+00,-1.316995e-02
7.075210e+00,2.088426e+00,-1.366396e-02
7.075210e+00,2.685505e+00,-1.354507e-02
7.236714e+00,1.570796e-02,-3.016958e-04
7.236714e+00,2.346256e-02,-2.014898e-03
7.236714e+00,3.503514e-02,-2.634669e-03
7.236714e+00,5.263151e-02,-7.668561e-03
7.236714e+00,7.314235e-02,-1.723838e-02
7.236714e+00,1.025928e-01,-2.079534e-02
7.236714e+00,1.448116e-01,-2.497737e-02
7.236714e+00,2.02346e-01,-2.84388e-02
7.236714e+00,2.834245e-01,-2.839641e-02
7.236714e+00,3.967448e-01,-2.726292e-02
7.236714e+00,5.552783e-01,-2.447686e-02
7.236714e+00,7.774819e-01,-2.106759e-02
7.236714e+00,1.088445e+00,-1.764449e-02
7.236714e+00,1.523711e+00,-1.593517e-02
7.236714e+00,2.088426e+00,-1.622974e-02
7.236714e+00,2.685505e+00,-1.591262e-02
7.401449e+00,1.570796e-02,-2.819565e-04
7.401449e+00,2.346256e-02,-1.822802e-03
7.401449e+00,3.503514e-02,-2.424856e-03
7.401449e+00,5.263151e-02,-7.153846e-03
7.401449e+00,7.314235e-02,-1.682347e-02
7.401449e+00,1.025928e-01,-2.146552e-02
7.401449e+00,1.448116e-01,-2.665e-02
7.401449e+00,2.02346e-01,-3.113629e-02
7.401449e+00,2.834245e-01,-3.184141e-02
7.401449e+00,3.967448e-01,-3.113478e-02
7.401449e+00,5.552783e-01,-2.829597e-02
7.401449e+00,7.774819e-01,-2.448445e-02
7.401449e+00,1.088445e+00,-2.053816e-02
7.401449e+00,1.523711e+00,-1.839994e-02
7.401449e+00,2.088426e+00,-1.852429e-02
7.401449e+00,2.685505e+00,-1.794704e-02
7.569477e+00,1.570796e-02,-2.570778e-04
7.569477e+00,2.346256e-02,-1.686489e-03
7.569477e+00,3.503514e-02,-2.205367e-03
7.569477e+00,5.263151e-02,-6.549705e-03
7.569477e+00,7.314235e-02,-1.578378e-02
7.569477e+00,1.025928e-01,-2.108319e-02
7.569477e+00,1.448116e-01,-2.708873e-02
7.569477e+00,2.02346e-01,-3.268977e-02
7.569477e+00,2.834245e-01,-3.425659e-02
7.569477e+00,3.967448e-01,-3.418571e-02
7.569477e+00,5.552783e-01,-3.150465e-02
7.569477e+00,7.774819e-01,-2.738789e-02
7.569477e+00,1.088445e+00,-2.306615e-02
7.569477e+00,1.523711e+00,-2.052909e-02
7.569477e+00,2.088426e+00,-2.04159e-02
7.569477e+00,2.685505e+00,-1.963351e-02
7.740867e+00,1.570796e-02,-2.293696e-04
7.740867e+00,2.346256e-02,-1.564972e-03
7.740867e+00,3.503514e-02,-2.00316e-03
7.740867e+00,5.263151e-02,-5.966998e-03
7.740867e+00,7.314235e-02,-1.452274e-02
7.740867e+00,1.025928e-01,-2.000546e-02
7.740867e+00,1.448116e-01,-2.670288e-02
7.740867e+00,2.02346e-01,-3.341792e-02
7.740867e+00,2.834245e-01,-3.580658e-02
7.740867e+00,3.967448e-01,-3.633208e-02
7.740867e+00,5.552783e-01,-3.407599e-02
7.740867e+00,7.774819e-01,-2.983758e-02
7.740867e+00,1.088445e+00,-2.514968e-02
7.740867e+00,1.523711e+00,-2.237187e-02
7.740867e+00,2.088426e+00,-2.202437e-02
7.740867e+00,2.685505e+00,-2.099159e-02
7.915684e+00,1.570796e-02,-2.069979e-04
7.915684e+00,2.346256e-02,-1.419709e-03
7.915684e+00,3.503514e-02,-1.818745e-03
7.915684e+00,5.263151e-02,-5.443255e-03
7.915684e+00,7.314235e-02,-1.323280e-02
7.915684e+00,1.025928e-01,-1.860447e-02
7.915684e+00,1.448116e-01,-2.558244e-02
7.915684e+00,2.02346e-01,-3.310882e-02
7.915684e+00,2.834245e-01,-3.640615e-02
7.915684e+00,3.967448e-01,-3.762491e-02
7.915684e+00,5.552783e-01,-3.580602e-02
7.915684e+00,7.774819e-01,-3.173075e-02
7.915684e+00,1.088445e+00,-2.683995e-02
7.915684e+00,1.523711e+00,-2.382027e-02
7.915684e+00,2.088426e+00,-2.336574e-02
7.915684e+00,2.685505e+00,-2.194847e-02
8.093998e+00,1.570796e-02,-1.893695e-04
8.093998e+00,2.346256e-02,-1.273437e-03
8.093998e+00,3.503514e-02,-1.648671e-03
8.093998e+00,5.263151e-02,-4.92921e-03
8.093998e+00,7.314235e-02,-1.196202e-02
8.093998e+00,1.025928e-01,-1.709652e-02
8.093998e+00,1.448116e-01,-2.405935e-02
8.093998e+00,2.02346e-01,-3.206488e-02
8.093998e+00,2.834245e-01,-3.627828e-02
8.093998e+00,3.967448e-01,-3.821439e-02
8.093998e+00,5.552783e-01,-3.687309e-02
8.093998e+00,7.774819e-01,-3.30997e-02
8.093998e+00,1.088445e+00,-2.811869e-02
8.093998e+00,1.523711e+00,-2.493929e-02
8.093998e+00,2.088426e+00,-2.437123e-02
8.093998e+00,2.685505e+00,-2.270848e-02
8.275878e+00,1.570796e-02,-1.706651e-04
8.275878e+00,2.346256e-02,-1.132365e-03
8.275878e+00,3.503514e-02,-1.487819e-03
8.275878e+00,5.263151e-02,-4.427287e-03
8.275878e+00,7.314235e-02,-1.071206e-02
8.275878e+00,1.025928e-01,-1.554324e-02
8.275878e+00,1.448116e-01,-2.231611e-02
8.275878e+00,2.02346e-01,-3.045698e-02
8.275878e+00,2.834245e-01,-3.540737e-02
8.275878e+00,3.967448e-01,-3.810661e-02
8.275878e+00,5.552783e-01,-3.737327e-02
8.275878e+00,7.774819e-01,-3.398147e-02
8.275878e+00,1.088445e+00,-2.902507e-02
8.275878e+00,1.523711e+00,-2.580553e-02
8.275878e+00,2.088426e+00,-2.510954e-02
8.275878e+00,2.685505e+00,-2.325661e-02
8.461396e+00,1.570796e-02,-1.517929e-04
8.461396e+00,2.346256e-02,-1.008938e-03
8.461396e+00,3.503514e-02,-1.337411e-03
8.461396e+00,5.263151e-02,-3.975129e-03
8.461396e+00,7.314235e-02,-9.57261e-03
8.461396e+00,1.025928e-01,-1.403775e-02
8.461396e+00,1.448116e-01,-2.043532e-02
8.461396e+00,2.02346e-01,-2.849683e-02
8.461396e+00,2.834245e-01,-3.398833e-02
8.461396e+00,3.967448e-01,-3.733505e-02
8.461396e+00,5.552783e-01,-3.732997e-02
8.461396e+00,7.774819e-01,-3.434071e-02
8.461396e+00,1.088445e+00,-2.956204e-02
8.461396e+00,1.523711e+00,-2.641237e-02
8.461396e+00,2.088426e+00,-2.560083e-02
8.461396e+00,2.685505e+00,-2.359005e-02
8.650623e+00,1.570796e-02,-1.342054e-04
8.650623e+00,2.346256e-02,-9.06197e-04
8.650623e+00,3.503514e-02,-1.207671e-03
8.650623e+00,5.263151e-02,-3.561286e-03
8.650623e+00,7.314235e-02,-8.532453e-03
8.650623e+00,1.025928e-01,-1.259814e-02
8.650623e+00,1.448116e-01,-1.853439e-02
8.650623e+00,2.02346e-01,-2.636008e-02
8.650623e+00,2.834245e-01,-3.217677e-02
8.650623e+00,3.967448e-01,-3.606211e-02
8.650623e+00,5.552783e-01,-3.675377e-02
8.650623e+00,7.774819e-01,-3.42029e-02
8.650623e+00,1.088445e+00,-2.975416e-02
8.650623e+00,1.523711e+00,-2.667417e-02
8.650623e+00,2.088426e+00,-2.583918e-02
8.650623e+00,2.685505e+00,-2.36404e-02
8.843636e+00,1.570796e-02,-1.208007e-04
8.843636e+00,2.346256e-02,-8.076961e-04
8.843636e+00,3.503514e-02,-1.089504e-03
8.843636e+00,5.263151e-02,-3.178582e-03
8.843636e+00,7.314235e-02,-7.585431e-03
8.843636e+00,1.025928e-01,-1.126651e-02
8.843636e+00,1.448116e-01,-1.670940e-02
8.843636e+00,2.02346e-01,-2.411174e-02
8.843636e+00,2.834245e-01,-3.003807e-02
8.843636e+00,3.967448e-01,-3.43795e-02
8.843636e+00,5.552783e-01,-3.566697e-02
8.843636e+00,7.774819e-01,-3.364903e-02
8.843636e+00,1.088445e+00,-2.962262e-02
8.843636e+00,1.523711e+00,-2.670799e-02
8.843636e+00,2.088426e+00,-2.58443e-02
8.843636e+00,2.685505e+00,-2.350213e-02
9.040509e+00,1.570796e-02,-1.080773e-04
9.040509e+00,2.346256e-02,-7.229463e-04
9.040509e+00,3.503514e-02,-9.786205e-04
9.040509e+00,5.263151e-02,-2.82699e-03
9.040509e+00,7.314235e-02,-6.739963e-03
9.040509e+00,1.025928e-01,-1.005762e-02
9.040509e+00,1.448116e-01,-1.498789e-02
9.040509e+00,2.02346e-01,-2.188418e-02
9.040509e+00,2.834245e-01,-2.773648e-02
9.040509e+00,3.967448e-01,-3.238321e-02
9.040509e+00,5.552783e-01,-3.417697e-02
9.040509e+00,7.774819e-01,-3.270868e-02
9.040509e+00,1.088445e+00,-2.91707e-02
9.040509e+00,1.523711e+00,-2.646152e-02
9.040509e+00,2.088426e+00,-2.569178e-02
9.040509e+00,2.685505e+00,-2.318749e-02
9.241319e+00,1.570796e-02,-9.644785e-05
9.241319e+00,2.346256e-02,-6.431521e-04
9.241319e+00,3.503514e-02,-8.735261e-04
9.241319e+00,5.263151e-02,-2.508028e-03
9.241319e+00,7.314235e-02,-5.980992e-03
9.241319e+00,1.025928e-01,-8.935287e-03
9.241319e+00,1.448116e-01,-1.337151e-02
9.241319e+00,2.02346e-01,-1.972028e-02
9.241319e+00,2.834245e-01,-2.539182e-02
9.241319e+00,3.967448e-01,-3.0186e-02
9.241319e+00,5.552783e-01,-3.241568e-02
9.241319e+00,7.774819e-01,-3.148169e-02
9.241319e+00,1.088445e+00,-2.847234e-02
9.241319e+00,1.523711e+00,-2.605114e-02
9.241319e+00,2.088426e+00,-2.5339e-02
9.241319e+00,2.685505e+00,-2.288502e-02
9.446145e+00,1.570796e-02,-8.569747e-05
9.446145e+00,2.346256e-02,-5.708069e-04
9.446145e+00,3.503514e-02,-7.7729e-04
9.446145e+00,5.263151e-02,-2.214372e-03
9.446145e+00,7.314235e-02,-5.292372e-03
9.446145e+00,1.025928e-01,-7.920685e-03
9.446145e+00,1.448116e-01,-1.186964e-02
9.446145e+00,2.02346e-01,-1.767738e-02
9.446145e+00,2.834245e-01,-2.303326e-02
9.446145e+00,3.967448e-01,-2.788752e-02
9.446145e+00,5.552783e-01,-3.04389e-02
9.446145e+00,7.774819e-01,-3.002782e-02
9.446145e+00,1.088445e+00,-2.754243e-02
9.446145e+00,1.523711e+00,-2.543411e-02
9.446145e+00,2.088426e+00,-2.480394e-02
9.446145e+00,2.685505e+00,-2.228276e-02
9.655068e+00,1.570796e-02,-7.52743e-05
9.655068e+00,2.346256e-02,-5.071629e-04
9.655068e+00,3.503514e-02,-6.846892e-04
9.655068e+00,5.263151e-02,-1.950945e-03
9.655068e+00,7.314235e-02,-4.669575e-03
9.655068e+00,1.025928e-01,-6.993421e-03
9.655068e+00,1.448116e-01,-1.049845e-02
9.655068e+00,2.02346e-01,-1.574011e-02
9.655068e+00,2.834245e-01,-2.077082e-02
9.655068e+00,3.967448e-01,-2.552094e-02
9.655068e+00,5.552783e-01,-2.83329e-02
9.655068e+00,7.774819e-01,-2.836968e-02
9.655068e+00,1.088445e+00,-2.638303e-02
9.655068e+00,1.523711e+00,-2.461823e-02
9.655068e+00,2.088426e+00,-2.409768e-02
9.655068e+00,2.685505e+00,-2.144306e-02
9.86817e+00,1.570796e-02,-6.676839e-05
9.86817e+00,2.346256e-02,-4.502282e-04
9.86817e+00,3.503514e-02,-6.018285e-04
9.86817e+00,5.263151e-02,-1.712403e-03
9.86817e+00,7.314235e-02,-4.096449e-03
9.86817e+00,1.025928e-01,-6.151867e-03
9.86817e+00,1.448116e-01,-9.24176e-03
9.86817e+00,2.02346e-01,-1.392676e-02
9.86817e+00,2.834245e-01,-1.859248e-02
9.86817e+00,3.967448e-01,-2.316466e-02
9.86817e+00,5.552783e-01,-2.612043e-02
9.86817e+00,7.774819e-01,-2.658196e-02
9.86817e+00,1.088445e+00,-2.505106e-02
9.86817e+00,1.523711e+00,-2.366797e-02
9.86817e+00,2.088426e+00,-2.332849e-02
9.86817e+00,2.685505e+00,-2.066069e-02
1.008553e+01,1.570796e-02,-5.917590e-05
1.008553e+01,2.346256e-02,-3.963285e-04
1.008553e+01,3.503514e-02,-5.303564e-04
1.008553e+01,5.263151e-02,-1.49896e-03
1.008553e+01,7.314235e-02,-3.583454e-03
1.008553e+01,1.025928e-01,-5.394178e-03
1.008553e+01,1.448116e-01,-8.11073e-03
1.008553e+01,2.02346e-01,-1.228406e-02
1.008553e+01,2.834245e-01,-1.655039e-02
1.008553e+01,3.967448e-01,-2.086981e-02
1.008553e+01,5.552783e-01,-2.386661e-02
1.008553e+01,7.774819e-01,-2.467765e-02
1.008553e+01,1.088445e+00,-2.362851e-02
1.008553e+01,1.523711e+00,-2.260074e-02
1.008553e+01,2.088426e+00,-2.239499e-02
1.008553e+01,2.685505e+00,-1.979574e-02
1.030724e+01,1.570796e-02,-5.20346e-05
1.030724e+01,2.346256e-02,-3.467781e-04
1.030724e+01,3.503514e-02,-4.644321e-04
1.030724e+01,5.263151e-02,-1.311505e-03
1.030724e+01,7.314235e-02,-3.135155e-03
1.030724e+01,1.025928e-01,-4.719293e-03
1.030724e+01,1.448116e-01,-7.105501e-03
1.030724e+01,2.02346e-01,-1.078115e-02
1.030724e+01,2.834245e-01,-1.465078e-02
1.030724e+01,3.967448e-01,-1.866878e-02
1.030724e+01,5.552783e-01,-2.165738e-02
1.030724e+01,7.774819e-01,-2.274106e-02
1.030724e+01,1.088445e+00,-2.211899e-02
1.030724e+01,1.523711e+00,-2.145756e-02
1.030724e+01,2.088426e+00,-2.142066e-02
1.030724e+01,2.685505e+00,-1.881362e-02
1.053339e+01,1.570796e-02,-4.589245e-05
1.053339e+01,2.346256e-02,-3.004442e-04
1.053339e+01,3.503514e-02,-4.028454e-04
1.053339e+01,5.263151e-02,-1.145647e-03
1.053339e+01,7.314235e-02,-2.732066e-03
1.053339e+01,1.025928e-01,-4.119852e-03
1.053339e+01,1.448116e-01,-6.202903e-03
1.053339e+01,2.02346e-01,-9.426356e-03
1.053339e+01,2.834245e-01,-1.289125e-02
1.053339e+01,3.967448e-01,-1.659018e-02
1.053339e+01,5.552783e-01,-1.950053e-02
1.053339e+01,7.774819e-01,-2.079229e-02
1.053339e+01,1.088445e+00,-2.054512e-02
1.053339e+01,1.523711e+00,-2.024134e-02
1.053339e+01,2.088426e+00,-2.033428e-02
1.053339e+01,2.685505e+00,-1.778842e-02
1.076406e+01,1.570796e-02,-4.015758e-05
1.076406e+01,2.346256e-02,-2.595069e-04
1.076406e+01,3.503514e-02,-3.511701e-04
1.076406e+01,5.263151e-02,-9.936865e-04
1.076406e+01,7.314235e-02,-2.371897e-03
1.076406e+01,1.025928e-01,-3.577149e-03
1.076406e+01,1.448116e-01,-5.393261e-03
1.076406e+01,2.02346e-01,-8.209559e-03
1.076406e+01,2.834245e-01,-1.127816e-02
1.076406e+01,3.967448e-01,-1.463356e-02
1.076406e+01,5.552783e-01,-1.741121e-02
1.076406e+01,7.774819e-01,-1.887516e-02
1.076406e+01,1.088445e+00,-1.89504e-02
1.076406e+01,1.523711e+00,-1.892743e-02
1.076406e+01,2.088426e+00,-1.913457e-02
1.076406e+01,2.685505e+00,-1.667326e-02
1.099934e+01,1.570796e-02,-3.481551e-05
1.099934e+01,2.346256e-02,-2.247067e-04
1.099934e+01,3.503514e-02,-3.050911e-04
1.099934e+01,5.263151e-02,-8.570378e-04
1.099934e+01,7.314235e-02,-2.052533e-03
1.099934e+01,1.025928e-01,-3.088409e-03
1.099934e+01,1.448116e-01,-4.668553e-03
1.099934e+01,2.02346e-01,-7.113803e-03
1.099934e+01,2.834245e-01,-9.802301e-03
1.099934e+01,3.967448e-01,-1.283298e-02
1.099934e+01,5.552783e-01,-1.543946e-02
1.099934e+01,7.774819e-01,-1.697056e-02
1.099934e+01,1.088445e+00,-1.73208e-02
1.099934e+01,1.523711e+00,-1.75599e-02
1.099934e+01,2.088426e+00,-1.786633e-02
1.099934e+01,2.685505e+00,-1.552158e-02
1.123932e+01,1.570796e-02,-3.002799e-05
1.123932e+01,2.346256e-02,-1.938568e-04
1.123932e+01,3.503514e-02,-2.629105e-04
1.123932e+01,5.263151e-02,-7.365315e-04
1.123932e+01,7.314235e-02,-1.769792e-03
1.123932e+01,1.025928e-01,-2.65561e-03
1.123932e+01,1.448116e-01,-4.030069e-03
1.123932e+01,2.02346e-01,-6.135286e-03
1.123932e+01,2.834245e-01,-8.479662e-03
1.123932e+01,3.967448e-01,-1.117831e-02
1.123932e+01,5.552783e-01,-1.359286e-02
1.123932e+01,7.774819e-01,-1.515917e-02
1.123932e+01,1.088445e+00,-1.573012e-02
1.123932e+01,1.523711e+00,-1.619443e-02
1.123932e+01,2.088426e+00,-1.656115e-02
1.123932e+01,2.685505e+00,-1.441771e-02
1.148411e+01,1.570796e-02,-2.565115e-05
1.148411e+01,2.346256e-02,-1.657402e-04
1.148411e+01,3.503514e-02,-2.250122e-04
1.148411e+01,5.263151e-02,-6.313432e-04
1.148411e+01,7.314235e-02,-1.515034e-03
1.148411e+01,1.025928e-01,-2.276024e-03
1.148411e+01,1.448116e-01,-3.457347e-03
1.148411e+01,2.02346e-01,-5.260077e-03
1.148411e+01,2.834245e-01,-7.296408e-03
1.148411e+01,3.967448e-01,-9.680681e-03
1.148411e+01,5.552783e-01,-1.18846e-02
1.148411e+01,7.774819e-01,-1.346086e-02
1.148411e+01,1.088445e+00,-1.418366e-02
1.148411e+01,1.523711e+00,-1.483172e-02
1.148411e+01,2.088426e+00,-1.529437e-02
1.148411e+01,2.685505e+00,-1.332407e-02
1.173379e+01,1.570796e-02,-2.184554e-05
1.173379e+01,2.346256e-02,-1.409631e-04
1.173379e+01,3.503514e-02,-1.917192e-04
1.173379e+01,5.263151e-02,-5.379099e-04
1.173379e+01,7.314235e-02,-1.291779e-03
1.173379e+01,1.025928e-01,-1.93752e-03
1.173379e+01,1.448116e-01,-2.951629e-03
1.173379e+01,2.02346e-01,-4.495019e-03
1.173379e+01,2.834245e-01,-6.250433e-03
1.173379e+01,3.967448e-01,-8.337943e-03
1.173379e+01,5.552783e-01,-1.032742e-02
1.173379e+01,7.774819e-01,-1.187176e-02
1.173379e+01,1.088445e+00,-1.271669e-02
1.173379e+01,1.523711e+00,-1.350506e-02
1.173379e+01,2.088426e+00,-1.406150e-02
1.173379e+01,2.685505e+00,-1.223134e-02
1.198847e+01,1.570796e-02,-1.838701e-05
1.198847e+01,2.346256e-02,-1.201109e-04
1.198847e+01,3.503514e-02,-1.618651e-04
1.198847e+01,5.263151e-02,-4.556106e-04
1.198847e+01,7.314235e-02,-1.095615e-03
1.198847e+01,1.025928e-01,-1.645368e-03
1.198847e+01,1.448116e-01,-2.511067e-03
1.198847e+01,2.02346e-01,-3.823595e-03
1.198847e+01,2.834245e-01,-5.328385e-03
1.198847e+01,3.967448e-01,-7.135159e-03
1.198847e+01,5.552783e-01,-8.905735e-03
1.198847e+01,7.774819e-01,-1.038992e-02
1.198847e+01,1.088445e+00,-1.130228e-02
1.198847e+01,1.523711e+00,-1.21949e-02
1.198847e+01,2.088426e+00,-1.279953e-02
1.198847e+01,2.685505e+00,-1.114195e-02
1.224824e+01,1.570796e-02,-1.539799e-05
1.224824e+01,2.346256e-02,-1.006996e-04
1.224824e+01,3.503514e-02,-1.377415e-04
1.224824e+01,5.263151e-02,-3.841740e-04
1.224824e+01,7.314235e-02,-9.254883e-04
1.224824e+01,1.025928e-01,-1.385803e-03
1.224824e+01,1.448116e-01,-2.123223e-03
1.224824e+01,2.02346e-01,-3.230741e-03
1.224824e+01,2.834245e-01,-4.515348e-03
1.224824e+01,3.967448e-01,-6.076041e-03
1.224824e+01,5.552783e-01,-7.622594e-03
1.224824e+01,7.774819e-01,-9.028948e-03
1.224824e+01,1.088445e+00,-9.980782e-03
1.224824e+01,1.523711e+00,-1.093887e-02
1.224824e+01,2.088426e+00,-1.161671e-02
1.224824e+01,2.685505e+00,-1.015566e-02
1.251320e+01,1.570796e-02,-1.292962e-05
1.251320e+01,2.346256e-02,-8.529219e-05
1.251320e+01,3.503514e-02,-1.15859e-04
1.251320e+01,5.263151e-02,-3.2451e-04
1.251320e+01,7.314235e-02,-7.764555e-04
1.251320e+01,1.025928e-01,-1.162633e-03
1.251320e+01,1.448116e-01,-1.791161e-03
1.251320e+01,2.02346e-01,-2.714311e-03
1.251320e+01,2.834245e-01,-3.804306e-03
1.251320e+01,3.967448e-01,-5.130003e-03
1.251320e+01,5.552783e-01,-6.483751e-03
1.251320e+01,7.774819e-01,-7.787723e-03
1.251320e+01,1.088445e+00,-8.750347e-03
1.251320e+01,1.523711e+00,-9.744359e-03
1.251320e+01,2.088426e+00,-1.045046e-02
1.251320e+01,2.685505e+00,-9.187697e-03
1.278347e+01,1.570796e-02,-1.050264e-05
1.278347e+01,2.346256e-02,-7.087747e-05
1.278347e+01,3.503514e-02,-9.676659e-05
1.278347e+01,5.263151e-02,-2.715295e-04
1.278347e+01,7.314235e-02,-6.510601e-04
1.278347e+01,1.025928e-01,-9.715056e-04
1.278347e+01,1.448116e-01,-1.500068e-03
1.278347e+01,2.02346e-01,-2.27349e-03
1.278347e+01,2.834245e-01,-3.191272e-03
1.278347e+01,3.967448e-01,-4.311871e-03
1.278347e+01,5.552783e-01,-5.479933e-03
1.278347e+01,7.774819e-01,-6.674821e-03
1.278347e+01,1.088445e+00,-7.638161e-03
1.278347e+01,1.523711e+00,-8.636453e-03
1.278347e+01,2.088426e+00,-9.379326e-03
1.278347e+01,2.685505e+00,-8.275051e-03
1.305914e+01,1.570796e-02,-8.726141e-06
1.305914e+01,2.346256e-02,-5.929064e-05
1.305914e+01,3.503514e-02,-8.070472e-05
1.305914e+01,5.263151e-02,-2.276604e-04
1.305914e+01,7.314235e-02,-5.419553e-04
1.305914e+01,1.025928e-01,-8.089753e-04
1.305914e+01,1.448116e-01,-1.251107e-03
1.305914e+01,2.02346e-01,-1.893442e-03
1.305914e+01,2.834245e-01,-2.669042e-03
1.305914e+01,3.967448e-01,-3.608935e-03
1.305914e+01,5.552783e-01,-4.614787e-03
1.305914e+01,7.774819e-01,-5.695217e-03
1.305914e+01,1.088445e+00,-6.636395e-03
1.305914e+01,1.523711e+00,-7.609347e-03
1.305914e+01,2.088426e+00,-8.352219e-03
1.305914e+01,2.685505e+00,-7.439191e-03
1.334032e+01,1.570796e-02,-7.218436e-06
1.334032e+01,2.346256e-02,-4.934882e-05
1.334032e+01,3.503514e-02,-6.634674e-05
1.334032e+01,5.263151e-02,-1.879773e-04
1.334032e+01,7.314235e-02,-4.480031e-04
1.334032e+01,1.025928e-01,-6.699789e-04
1.334032e+01,1.448116e-01,-1.039519e-03
1.334032e+01,2.02346e-01,-1.565734e-03
1.334032e+01,2.834245e-01,-2.213349e-03
1.334032e+01,3.967448e-01,-3.000796e-03
1.334032e+01,5.552783e-01,-3.862998e-03
1.334032e+01,7.774819e-01,-4.822557e-03
1.334032e+01,1.088445e+00,-5.721494e-03
1.334032e+01,1.523711e+00,-6.662594e-03
1.334032e+01,2.088426e+00,-7.39605e-03
1.334032e+01,2.685505e+00,-6.62049e-03
1.362713e+01,1.570796e-02,-5.978346e-06
1.362713e+01,2.346256e-02,-4.014812e-05
1.362713e+01,3.503514e-02,-5.45772e-05
1.362713e+01,5.263151e-02,-1.549189e-04
1.362713e+01,7.314235e-02,-3.680064e-04
1.362713e+01,1.025928e-01,-5.528638e-04
1.362713e+01,1.448116e-01,-8.535912e-04
1.362713e+01,2.02346e-01,-1.288426e-03
1.362713e+01,2.834245e-01,-1.825581e-03
1.362713e+01,3.967448e-01,-2.47806e-03
1.362713e+01,5.552783e-01,-3.207891e-03
1.362713e+01,7.774819e-01,-4.057823e-03
1.362713e+01,1.088445e+00,-4.893034e-03
1.362713e+01,1.523711e+00,-5.796115e-03
1.362713e+01,2.088426e+00,-6.482848e-03
1.362713e+01,2.685505e+00,-5.84526e-03
1.391967e+01,1.570796e-02,-5.023333e-06
1.391967e+01,2.346256e-02,-3.346374e-05
1.391967e+01,3.503514e-02,-4.47888e-05
1.391967e+01,5.263151e-02,-1.272626e-04
1.391967e+01,7.314235e-02,-3.009407e-04
1.391967e+01,1.025928e-01,-4.531538e-04
1.391967e+01,1.448116e-01,-6.987084e-04
1.391967e+01,2.02346e-01,-1.057157e-03
1.391967e+01,2.834245e-01,-1.499058e-03
1.391967e+01,3.967448e-01,-2.037008e-03
1.391967e+01,5.552783e-01,-2.651909e-03
1.391967e+01,7.774819e-01,-3.396231e-03
1.391967e+01,1.088445e+00,-4.157677e-03
1.391967e+01,1.523711e+00,-5.018326e-03
1.391967e+01,2.088426e+00,-5.684786e-03
1.391967e+01,2.685505e+00,-5.138502e-03
1.421806e+01,1.570796e-02,-4.059388e-06
1.421806e+01,2.346256e-02,-2.714217e-05
1.421806e+01,3.503514e-02,-3.703908e-05
1.421806e+01,5.263151e-02,-1.033036e-04
1.421806e+01,7.314235e-02,-2.455054e-04
1.421806e+01,1.025928e-01,-3.701297e-04
1.421806e+01,1.448116e-01,-5.717322e-04
1.421806e+01,2.02346e-01,-8.649351e-04
1.421806e+01,2.834245e-01,-1.226634e-03
1.421806e+01,3.967448e-01,-1.668073e-03
1.421806e+01,5.552783e-01,-2.183139e-03
1.421806e+01,7.774819e-01,-2.830854e-03
1.421806e+01,1.088445e+00,-3.520142e-03
1.421806e+01,1.523711e+00,-4.312008e-03
1.421806e+01,2.088426e+00,-4.953247e-03
1.421806e+01,2.685505e+00,-4.519705e-03
1.452242e+01,1.570796e-02,-3.332961e-06
1.452242e+01,2.346256e-02,-2.210104e-05
1.452242e+01,3.503514e-02,-2.998857e-05
1.452242e+01,5.263151e-02,-8.370696e-05
1.452242e+01,7.314235e-02,-1.987443e-04
1.452242e+01,1.025928e-01,-2.992205e-04
1.452242e+01,1.448116e-01,-4.641518e-04
1.452242e+01,2.02346e-01,-7.03728e-04
1.452242e+01,2.834245e-01,-9.975121e-04
1.452242e+01,3.967448e-01,-1.355789e-03
1.452242e+01,5.552783e-01,-1.78637e-03
1.452242e+01,7.774819e-01,-2.344216e-03
1.452242e+01,1.088445e+00,-2.96163e-03
1.452242e+01,1.523711e+00,-3.682424e-03
1.452242e+01,2.088426e+00,-4.280577e-03
1.452242e+01,2.685505e+00,-3.919031e-03
1.483287e+01,1.570796e-02,-2.801991e-06
1.483287e+01,2.346256e-02,-1.76936e-05
1.483287e+01,3.503514e-02,-2.42585e-05
1.483287e+01,5.263151e-02,-6.731582e-05
1.483287e+01,7.314235e-02,-1.599224e-04
1.483287e+01,1.025928e-01,-2.415656e-04
1.483287e+01,1.448116e-01,-3.739186e-04
1.483287e+01,2.02346e-01,-5.654969e-04
1.483287e+01,2.834245e-01,-8.075179e-04
1.483287e+01,3.967448e-01,-1.096338e-03
1.483287e+01,5.552783e-01,-1.454988e-03
1.483287e+01,7.774819e-01,-1.924643e-03
1.483287e+01,1.088445e+00,-2.466281e-03
1.483287e+01,1.523711e+00,-3.126248e-03
1.483287e+01,2.088426e+00,-3.664833e-03
1.483287e+01,2.685505e+00,-3.368463e-03
1.514953e+01,1.570796e-02,-2.215637e-06
1.514953e+01,2.346256e-02,-1.419089e-05
1.514953e+01,3.503514e-02,-1.92699e-05
1.514953e+01,5.263151e-02,-5.401433e-05
1.514953e+01,7.314235e-02,-1.273184e-04
1.514953e+01,1.025928e-01,-1.936091e-04
1.514953e+01,1.448116e-01,-2.999871e-04
1.514953e+01,2.02346e-01,-4.52532e-04
1.514953e+01,2.834245e-01,-6.490441e-04
1.514953e+01,3.967448e-01,-8.825945e-04
1.514953e+01,5.552783e-01,-1.176536e-03
1.514953e+01,7.774819e-01,-1.573101e-03
1.514953e+01,1.088445e+00,-2.041932e-03
1.514953e+01,1.523711e+00,-2.623566e-03
1.514953e+01,2.088426e+00,-3.114098e-03
1.514953e+01,2.685505e+00,-2.880918e-03
1.547252e+01,1.570796e-02,-1.701519e-06
1.547252e+01,2.346256e-02,-1.111499e-05
1.547252e+01,3.503514e-02,-1.517089e-05
1.547252e+01,5.263151e-02,-4.289513e-05
1.547252e+01,7.314235e-02,-1.014516e-04
1.547252e+01,1.025928e-01,-1.529747e-04
1.547252e+01,1.448116e-01,-2.385743e-04
1.547252e+01,2.02346e-01,-3.609593e-04
1.547252e+01,2.834245e-01,-5.175957e-04
1.547252e+01,3.967448e-01,-7.056604e-04
1.547252e+01,5.552783e-01,-9.46899e-04
1.547252e+01,7.774819e-01,-1.278536e-03
1.547252e+01,1.088445e+00,-1.68289e-03
1.547252e+01,1.523711e+00,-2.188135e-03
1.547252e+01,2.088426e+00,-2.627679e-03
1.547252e+01,2.685505e+00,-2.455194e-03
1.580197e+01,1.570796e-02,-1.427698e-06
1.580197e+01,2.346256e-02,-8.564403e-06
1.580197e+01,3.503514e-02,-1.193949e-05
1.580197e+01,5.263151e-02,-3.410244e-05
1.580197e+01,7.314235e-02,-8.048028e-05
1.580197e+01,1.025928e-01,-1.213977e-04
1.580197e+01,1.448116e-01,-1.892499e-04
1.580197e+01,2.02346e-01,-2.854841e-04
1.580197e+01,2.834245e-01,-4.108358e-04
1.580197e+01,3.967448e-01,-5.621347e-04
1.580197e+01,5.552783e-01,-7.568431e-04
1.580197e+01,7.774819e-01,-1.032744e-03
1.580197e+01,1.088445e+00,-1.380073e-03
1.580197e+01,1.523711e+00,-1.811589e-03
1.580197e+01,2.088426e+00,-2.202416e-03
1.580197e+01,2.685505e+00,-2.082841e-03
1.613801e+01,1.570796e-02,-1.094929e-06
1.613801e+01,2.346256e-02,-6.688799e-06
1.613801e+01,3.503514e-02,-9.509223e-06
1.613801e+01,5.263151e-02,-2.680792e-05
1.613801e+01,7.314235e-02,-6.310274e-05
1.613801e+01,1.025928e-01,-9.47289e-05
1.613801e+01,1.448116e-01,-1.496564e-04
1.613801e+01,2.02346e-01,-2.250552e-04
1.613801e+01,2.834245e-01,-3.237847e-04
1.613801e+01,3.967448e-01,-4.438122e-04
1.613801e+01,5.552783e-01,-6.010130e-04
1.613801e+01,7.774819e-01,-8.304363e-04
1.613801e+01,1.088445e+00,-1.11745e-03
1.613801e+01,1.523711e+00,-1.486533e-03
1.613801e+01,2.088426e+00,-1.83355e-03
1.613801e+01,2.685505e+00,-1.747006e-03
1.648077e+01,1.570796e-02,-8.430796e-07
1.648077e+01,2.346256e-02,-5.171562e-06
1.648077e+01,3.503514e-02,-7.47661e-06
1.648077e+01,5.263151e-02,-2.105382e-05
1.648077e+01,7.314235e-02,-4.863609e-05
1.648077e+01,1.025928e-01,-7.344868e-05
1.648077e+01,1.448116e-01,-1.170185e-04
1.648077e+01,2.02346e-01,-1.753013e-04
1.648077e+01,2.834245e-01,-2.531137e-04
1.648077e+01,3.967448e-01,-3.4664e-04
1.648077e+01,5.552783e-01,-4.723680e-04
1.648077e+01,7.774819e-01,-6.591279e-04
1.648077e+01,1.088445e+00,-8.968484e-04
1.648077e+01,1.523711e+00,-1.206306e-03
1.648077e+01,2.088426e+00,-1.500734e-03
1.648077e+01,2.685505e+00,-1.425722e-03
1.683038e+01,1.570796e-02,-6.66948e-07
1.683038e+01,2.346256e-02,-3.924995e-06
1.683038e+01,3.503514e-02,-5.684045e-06
1.683038e+01,5.263151e-02,-1.615038e-05
1.683038e+01,7.314235e-02,-3.765714e-05
1.683038e+01,1.025928e-01,-5.687135e-05
1.683038e+01,1.448116e-01,-9.092651e-05
1.683038e+01,2.02346e-01,-1.344981e-04
1.683038e+01,2.834245e-01,-1.959718e-04
1.683038e+01,3.967448e-01,-2.697719e-04
1.683038e+01,5.552783e-01,-3.695276e-04
1.683038e+01,7.774819e-01,-5.227011e-04
1.683038e+01,1.088445e+00,-7.136515e-04
1.683038e+01,1.523711e+00,-9.695856e-04
1.683038e+01,2.088426e+00,-1.218784e-03
1.683038e+01,2.685505e+00,-1.164891e-03
1.718699e+01,1.570796e-02,-5.159503e-07
1.718699e+01,2.346256e-02,-2.954958e-06
1.718699e+01,3.503514e-02,-4.360493e-06
1.718699e+01,5.263151e-02,-1.244272e-05
1.718699e+01,7.314235e-02,-2.902799e-05
1.718699e+01,1.025928e-01,-4.376124e-05
1.718699e+01,1.448116e-01,-7.00257e-05
1.718699e+01,2.02346e-01,-1.040381e-04
1.718699e+01,2.834245e-01,-1.515908e-04
1.718699e+01,3.967448e-01,-2.095107e-04
1.718699e+01,5.552783e-01,-2.873282e-04
1.718699e+01,7.774819e-01,-4.104008e-04
1.718699e+01,1.088445e+00,-5.641235e-04
1.718699e+01,1.523711e+00,-7.719855e-04
1.718699e+01,2.088426e+00,-9.774511e-04
1.718699e+01,2.685505e+00,-9.26012e-04
1.755073e+01,1.570796e-02,-3.872812e-07
1.755073e+01,2.346256e-02,-2.231157e-06
1.755073e+01,3.503514e-02,-3.324142e-06
1.755073e+01,5.263151e-02,-9.687029e-06
1.755073e+01,7.314235e-02,-2.190728e-05
1.755073e+01,1.025928e-01,-3.312525e-05
1.755073e+01,1.448116e-01,-5.272498e-05
1.755073e+01,2.02346e-01,-7.957529e-05
1.755073e+01,2.834245e-01,-1.153124e-04
1.755073e+01,3.967448e-01,-1.587271e-04
1.755073e+01,5.552783e-01,-2.2002e-04
1.755073e+01,7.774819e-01,-3.180915e-04
1.755073e+01,1.088445e+00,-4.388003e-04
1.755073e+01,1.523711e+00,-6.052591e-04
1.755073e+01,2.088426e+00,-7.723537e-04
1.755073e+01,2.685505e+00,-7.380169e-04
1.792175e+01,1.570796e-02,-3.109588e-07
1.792175e+01,2.346256e-02,-1.748061e-06
1.792175e+01,3.503514e-02,-2.443398e-06
1.792175e+01,5.263151e-02,-7.175822e-06
1.792175e+01,7.314235e-02,-1.650667e-05
1.792175e+01,1.025928e-01,-2.471592e-05
1.792175e+01,1.448116e-01,-3.93366e-05
1.792175e+01,2.02346e-01,-5.976327e-05
1.792175e+01,2.834245e-01,-8.685253e-05
1.792175e+01,3.967448e-01,-1.192088e-04
1.792175e+01,5.552783e-01,-1.667835e-04
1.792175e+01,7.774819e-01,-2.430395e-04
1.792175e+01,1.088445e+00,-3.377673e-04
1.792175e+01,1.523711e+00,-4.692964e-04
1.792175e+01,2.088426e+00,-6.01772e-04
1.792175e+01,2.685505e+00,-5.771487e-04
1.830018e+01,1.570796e-02,-2.342379e-07
1.830018e+01,2.346256e-02,-1.254462e-06
1.830018e+01,3.503514e-02,-1.797266e-06
1.830018e+01,5.263151e-02,-5.355375e-06
1.830018e+01,7.314235e-02,-1.208766e-05
1.830018e+01,1.025928e-01,-1.812791e-05
1.830018e+01,1.448116e-01,-2.911654e-05
1.830018e+01,2.02346e-01,-4.400836e-05
1.830018e+01,2.834245e-01,-6.415604e-05
1.830018e+01,3.967448e-01,-8.869923e-05
1.830018e+01,5.552783e-01,-1.251266e-04
1.830018e+01,7.774819e-01,-1.823689e-04
1.830018e+01,1.088445e+00,-2.547089e-04
1.830018e+01,1.523711e+00,-3.570813e-04
1.830018e+01,2.088426e+00,-4.583382e-04
1.830018e+01,2.685505e+00,-4.415746e-04
1.868618e+01,1.570796e-02,-1.695863e-07
1.868618e+01,2.346256e-02,-8.906599e-07
1.868618e+01,3.503514e-02,-1.247589e-06
1.868618e+01,5.263151e-02,-3.856431e-06
1.868618e+01,7.314235e-02,-8.856787e-06
1.868618e+01,1.025928e-01,-1.29095e-05
1.868618e+01,1.448116e-01,-2.110663e-05
1.868618e+01,2.02346e-01,-3.168979e-05
1.868618e+01,2.834245e-01,-4.657799e-05
1.868618e+01,3.967448e-01,-6.414303e-05
1.868618e+01,5.552783e-01,-9.12789e-05
1.868618e+01,7.774819e-01,-1.347688e-04
1.868618e+01,1.088445e+00,-1.893378e-04
1.868618e+01,1.523711e+00,-2.656093e-04
1.868618e+01,2.088426e+00,-3.424336e-04
1.868618e+01,2.685505e+00,-3.285868e-04
1.907991e+01,1.570796e-02,-1.330251e-07
1.907991e+01,2.346256e-02,-6.441511e-07
1.907991e+01,3.503514e-02,-8.911483e-07
1.907991e+01,5.263151e-02,-2.825713e-06
1.907991e+01,7.314235e-02,-6.351689e-06
1.907991e+01,1.025928e-01,-9.282962e-06
1.907991e+01,1.448116e-01,-1.520781e-05
1.907991e+01,2.02346e-01,-2.260572e-05
1.907991e+01,2.834245e-01,-3.360669e-05
1.907991e+01,3.967448e-01,-4.659993e-05
1.907991e+01,5.552783e-01,-6.635441e-05
1.907991e+01,7.774819e-01,-9.87498e-05
1.907991e+01,1.088445e+00,-1.384352e-04
1.907991e+01,1.523711e+00,-1.952957e-04
1.907991e+01,2.088426e+00,-2.521242e-04
1.907991e+01,2.685505e+00,-2.398568e-04
1.948151e+01,1.570796e-02,-9.241571e-08
1.948151e+01,2.346256e-02,-4.510111e-07
1.948151e+01,3.503514e-02,-6.091673e-07
1.948151e+01,5.263151e-02,-2.016136e-06
1.948151e+01,7.314235e-02,-4.472751e-06
1.948151e+01,1.025928e-01,-6.657913e-06
1.948151e+01,1.448116e-01,-1.068764e-05
1.948151e+01,2.02346e-01,-1.589460e-05
1.948151e+01,2.834245e-01,-2.382402e-05
1.948151e+01,3.967448e-01,-3.283522e-05
1.948151e+01,5.552783e-01,-4.753989e-05
1.948151e+01,7.774819e-01,-7.105052e-05
1.948151e+01,1.088445e+00,-9.961461e-05
1.948151e+01,1.523711e+00,-1.411568e-04
1.948151e+01,2.088426e+00,-1.835297e-04
1.948151e+01,2.685505e+00,-1.757133e-04
1.989114e+01,1.570796e-02,-6.797957e-08
1.989114e+01,2.346256e-02,-2.943653e-07
1.989114e+01,3.503514e-02,-4.264711e-07
1.989114e+01,5.263151e-02,-1.364921e-06
1.989114e+01,7.314235e-02,-3.035021e-06
1.989114e+01,1.025928e-01,-4.582157e-06
1.989114e+01,1.448116e-01,-7.412246e-06
1.989114e+01,2.02346e-01,-1.08022e-05
1.989114e+01,2.834245e-01,-1.646567e-05
1.989114e+01,3.967448e-01,-2.289117e-05
1.989114e+01,5.552783e-01,-3.3339e-05
1.989114e+01,7.774819e-01,-4.995719e-05
1.989114e+01,1.088445e+00,-7.046452e-05
1.989114e+01,1.523711e+00,-1.006604e-04
1.989114e+01,2.088426e+00,-1.311412e-04
1.989114e+01,2.685505e+00,-1.223670e-04
2.030896e+01,1.570796e-02,-4.511724e-08
2.030896e+01,2.346256e-02,-1.944854e-07
2.030896e+01,3.503514e-02,-2.705808e-07
2.030896e+01,5.263151e-02,-8.873493e-07
2.030896e+01,7.314235e-02,-2.057221e-06
2.030896e+01,1.025928e-01,-3.050778e-06
2.030896e+01,1.448116e-01,-4.961517e-06
2.030896e+01,2.02346e-01,-7.246091e-06
2.030896e+01,2.834245e-01,-1.121218e-05
2.030896e+01,3.967448e-01,-1.577002e-05
2.030896e+01,5.552783e-01,-2.291584e-05
2.030896e+01,7.774819e-01,-3.454362e-05
2.030896e+01,1.088445e+00,-4.920859e-05
2.030896e+01,1.523711e+00,-7.06362e-05
2.030896e+01,2.088426e+00,-9.196427e-05
2.030896e+01,2.685505e+00,-8.699593e-05
2.073514e+01,1.570796e-02,-2.880191e-08
2.073514e+01,2.346256e-02,-1.189625e-07
2.073514e+01,3.503514e-02,-1.736416e-07
2.073514e+01,5.263151e-02,-6.065033e-07
2.073514e+01,7.314235e-02,-1.342673e-06
2.073514e+01,1.025928e-01,-1.992148e-06
2.073514e+01,1.448116e-01,-3.250595e-06
2.073514e+01,2.02346e-01,-4.710876e-06
2.073514e+01,2.834245e-01,-7.358643e-06
2.073514e+01,3.967448e-01,-1.05426e-05
2.073514e+01,5.552783e-01,-1.553694e-05
2.073514e+01,7.774819e-01,-2.331253e-05
2.073514e+01,1.088445e+00,-3.326024e-05
2.073514e+01,1.523711e+00,-4.843858e-05
2.073514e+01,2.088426e+00,-6.25724e-05
2.073514e+01,2.685505e+00,-6.039778e-05
2.116984e+01,1.570796e-02,-1.903548e-08
2.116984e+01,2.346256e-02,-8.099352e-08
2.116984e+01,3.503514e-02,-1.236644e-07
2.116984e+01,5.263151e-02,-3.772767e-07
2.116984e+01,7.314235e-02,-8.671641e-07
2.116984e+01,1.025928e-01,-1.304442e-06
2.116984e+01,1.448116e-01,-2.076523e-06
2.116984e+01,2.02346e-01,-3.042869e-06
2.116984e+01,2.834245e-01,-4.741326e-06
2.116984e+01,3.967448e-01,-6.943267e-06
2.116984e+01,5.552783e-01,-1.008634e-05
2.116984e+01,7.774819e-01,-1.526375e-05
2.116984e+01,1.088445e+00,-2.219865e-05
2.116984e+01,1.523711e+00,-3.235157e-05
2.116984e+01,2.088426e+00,-4.195275e-05
2.116984e+01,2.685505e+00,-4.14065e-05
2.161324e+01,1.570796e-02,-1.314786e-08
2.161324e+01,2.346256e-02,-5.076979e-08
2.161324e+01,3.503514e-02,-7.926908e-08
2.161324e+01,5.263151e-02,-2.33307e-07
2.161324e+01,7.314235e-02,-5.69065e-07
2.161324e+01,1.025928e-01,-8.198045e-07
2.161324e+01,1.448116e-01,-1.342145e-06
2.161324e+01,2.02346e-01,-1.885738e-06
2.161324e+01,2.834245e-01,-3.071945e-06
2.161324e+01,3.967448e-01,-4.494151e-06
2.161324e+01,5.552783e-01,-6.549739e-06
2.161324e+01,7.774819e-01,-9.867598e-06
2.161324e+01,1.088445e+00,-1.461772e-05
2.161324e+01,1.523711e+00,-2.114877e-05
2.161324e+01,2.088426e+00,-2.749761e-05
2.161324e+01,2.685505e+00,-2.712251e-05
2.206550e+01,1.570796e-02,-1.006079e-08
2.206550e+01,2.346256e-02,-3.879948e-08
2.206550e+01,3.503514e-02,-5.061558e-08
2.206550e+01,5.263151e-02,-1.399726e-07
2.206550e+01,7.314235e-02,-3.705005e-07
2.206550e+01,1.025928e-01,-5.140217e-07
2.206550e+01,1.448116e-01,-8.499156e-07
2.206550e+01,2.02346e-01,-1.172061e-06
2.206550e+01,2.834245e-01,-1.949541e-06
2.206550e+01,3.967448e-01,-2.892542e-06
2.206550e+01,5.552783e-01,-4.222847e-06
2.206550e+01,7.774819e-01,-6.264911e-06
2.206550e+01,1.088445e+00,-9.525672e-06
2.206550e+01,1.523711e+00,-1.38028e-05
2.206550e+01,2.088426e+00,-1.779469e-05
2.206550e+01,2.685505e+00,-1.765265e-05
2.252681e+01,1.570796e-02,1.700184e-10
2.252681e+01,2.346256e-02,1.249741e-09
2.252681e+01,3.503514e-02,1.529902e-09
2.252681e+01,5.263151e-02,4.606044e-09
2.252681e+01,7.314235e-02,1.1074e-08
2.252681e+01,1.025928e-01,1.661251e-08
2.252681e+01,1.448116e-01,2.54991e-08
2.252681e+01,2.02346e-01,3.893432e-08
2.252681e+01,2.834245e-01,5.547590e-08
2.252681e+01,3.967448e-01,7.906639e-08
2.252681e+01,5.552783e-01,1.102842e-07
2.252681e+01,7.774819e-01,1.428136e-07
2.252681e+01,1.088445e+00,1.559585e-07
2.252681e+01,1.523711e+00,1.343006e-07
2.252681e+01,2.088426e+00,8.678119e-08
2.252681e+01,2.685505e+00,4.048944e-08
2.299735e+01,1.570796e-02,1.601365e-10
2.299735e+01,2.346256e-02,1.175868e-09
2.299735e+01,3.503514e-02,1.438832e-09
2.299735e+01,5.263151e-02,4.333553e-09
2.299735e+01,7.314235e-02,1.042399e-08
2.299735e+01,1.025928e-01,1.563124e-08
2.299735e+01,1.448116e-01,2.401805e-08
2.299735e+01,2.02346e-01,3.675373e-08
2.299735e+01,2.834245e-01,5.262462e-08
2.299735e+01,3.967448e-01,7.553435e-08
2.299735e+01,5.552783e-01,1.060828e-07
2.299735e+01,7.774819e-01,1.381716e-07
2.299735e+01,1.088445e+00,1.518747e-07
2.299735e+01,1.523711e+00,1.322664e-07
2.299735e+01,2.088426e+00,8.662462e-08
2.299735e+01,2.685505e+00,4.062748e-08
2.34773e+01,1.570796e-02,1.502365e-10
2.34773e+01,2.346256e-02,1.102857e-09
2.34773e+01,3.503514e-02,1.349153e-09
2.34773e+01,5.263151e-02,4.06479e-09
2.34773e+01,7.314235e-02,9.779702e-09
2.34773e+01,1.025928e-01,1.466336e-08
2.34773e+01,1.448116e-01,2.255888e-08
2.34773e+01,2.02346e-01,3.461823e-08
2.34773e+01,2.834245e-01,4.982059e-08
2.34773e+01,3.967448e-01,7.20087e-08
2.34773e+01,5.552783e-01,1.017993e-07
2.34773e+01,7.774819e-01,1.333532e-07
2.34773e+01,1.088445e+00,1.475799e-07
2.34773e+01,1.523711e+00,1.301641e-07
2.34773e+01,2.088426e+00,8.655556e-08
2.34773e+01,2.685505e+00,4.062363e-08
2.396684e+01,1.570796e-02,1.405516e-10
2.396684e+01,2.346256e-02,1.03109e-09
2.396684e+01,3.503514e-02,1.260818e-09
2.396684e+01,5.263151e-02,3.801791e-09
2.396684e+01,7.314235e-02,9.149348e-09
2.396684e+01,1.025928e-01,1.371695e-08
2.396684e+01,1.448116e-01,2.113163e-08
2.396684e+01,2.02346e-01,3.252225e-08
2.396684e+01,2.834245e-01,4.7047e-08
2.396684e+01,3.967448e-01,6.849866e-08
2.396684e+01,5.552783e-01,9.744813e-08
2.396684e+01,7.774819e-01,1.282742e-07
2.396684e+01,1.088445e+00,1.430456e-07
2.396684e+01,1.523711e+00,1.278401e-07
2.396684e+01,2.088426e+00,8.64944e-08
2.396684e+01,2.685505e+00,4.083921e-08
2.446618e+01,1.570796e-02,1.310772e-10
2.446618e+01,2.346256e-02,9.610718e-10
2.446618e+01,3.503514e-02,1.174421e-09
2.446618e+01,5.263151e-02,3.543509e-09
2.446618e+01,7.314235e-02,8.532098e-09
2.446618e+01,1.025928e-01,1.279091e-08
2.446618e+01,1.448116e-01,1.973353e-08
2.446618e+01,2.02346e-01,3.048185e-08
2.446618e+01,2.834245e-01,4.431248e-08
2.446618e+01,3.967448e-01,6.499657e-08
2.446618e+01,5.552783e-01,9.301968e-08
2.446618e+01,7.774819e-01,1.230466e-07
2.446618e+01,1.088445e+00,1.38322e-07
2.446618e+01,1.523711e+00,1.255115e-07
2.446618e+01,2.088426e+00,8.650517e-08
2.446618e+01,2.685505e+00,4.117197e-08
2.497550e+01,1.570796e-02,1.217798e-10
2.497550e+01,2.346256e-02,8.922898e-10
2.497550e+01,3.503514e-02,1.090125e-09
2.497550e+01,5.263151e-02,3.29308e-09
2.497550e+01,7.314235e-02,7.929478e-09
2.497550e+01,1.025928e-01,1.189199e-08
2.497550e+01,1.448116e-01,1.837071e-08
2.497550e+01,2.02346e-01,2.847824e-08
2.497550e+01,2.834245e-01,4.163706e-08
2.497550e+01,3.967448e-01,6.150254e-08
2.497550e+01,5.552783e-01,8.851664e-08
2.497550e+01,7.774819e-01,1.176783e-07
2.497550e+01,1.088445e+00,1.333955e-07
2.497550e+01,1.523711e+00,1.229607e-07
2.497550e+01,2.088426e+00,8.651843e-08
2.497550e+01,2.685505e+00,4.173697e-08
2.549501e+01,1.570796e-02,1.127051e-10
2.549501e+01,2.346256e-02,8.253077e-10
2.549501e+01,3.503514e-02,1.008186e-09
2.549501e+01,5.263151e-02,3.048034e-09
2.549501e+01,7.314235e-02,7.342625e-09
2.549501e+01,1.025928e-01,1.101476e-08
2.549501e+01,1.448116e-01,1.704067e-08
2.549501e+01,2.02346e-01,2.652540e-08
2.549501e+01,2.834245e-01,3.899767e-08
2.549501e+01,3.967448e-01,5.802277e-08
2.549501e+01,5.552783e-01,8.393997e-08
2.549501e+01,7.774819e-01,1.120933e-07
2.549501e+01,1.088445e+00,1.282606e-07
2.549501e+01,1.523711e+00,1.201501e-07
2.549501e+01,2.088426e+00,8.658311e-08
2.549501e+01,2.685505e+00,4.242141e-08
2.602491e+01,1.570796e-02,1.038434e-10
2.602491e+01,2.346256e-02,7.604742e-10
2.602491e+01,3.503514e-02,9.287117e-10
2.602491e+01,5.263151e-02,2.809429e-09
2.602491e+01,7.314235e-02,6.771899e-09
2.602491e+01,1.025928e-01,1.016082e-08
2.602491e+01,1.448116e-01,1.574969e-08
2.602491e+01,2.02346e-01,2.462279e-08
2.602491e+01,2.834245e-01,3.639339e-08
2.602491e+01,3.967448e-01,5.451743e-08
2.602491e+01,5.552783e-01,7.922806e-08
2.602491e+01,7.774819e-01,1.063048e-07
2.602491e+01,1.088445e+00,1.229014e-07
2.602491e+01,1.523711e+00,1.171596e-07
2.602491e+01,2.088426e+00,8.660012e-08
2.602491e+01,2.685505e+00,4.329898e-08
2.656541e+01,1.570796e-02,9.513988e-11
2.656541e+01,2.346256e-02,6.970503e-10
2.656541e+01,3.503514e-02,8.512122e-10
2.656541e+01,5.263151e-02,2.577218e-09
2.656541e+01,7.314235e-02,6.214497e-09
2.656541e+01,1.025928e-01,9.330816e-09
2.656541e+01,1.448116e-01,1.448925e-08
2.656541e+01,2.02346e-01,2.274765e-08
2.656541e+01,2.834245e-01,3.38274e-08
2.656541e+01,3.967448e-01,5.09897e-08
2.656541e+01,5.552783e-01,7.442734e-08
2.656541e+01,7.774819e-01,1.003659e-07
2.656541e+01,1.088445e+00,1.171963e-07
2.656541e+01,1.523711e+00,1.139233e-07
2.656541e+01,2.088426e+00,8.660500e-08
2.656541e+01,2.685505e+00,4.471845e-08
2.711672e+01,1.570796e-02,8.675316e-11
2.711672e+01,2.346256e-02,6.351005e-10
2.711672e+01,3.503514e-02,7.760961e-10
2.711672e+01,5.263151e-02,2.351797e-09
2.711672e+01,7.314235e-02,5.672683e-09
2.711672e+01,1.025928e-01,8.52274e-09
2.711672e+01,1.448116e-01,1.326073e-08
2.711672e+01,2.02346e-01,2.091247e-08
2.711672e+01,2.834245e-01,3.127911e-08
2.711672e+01,3.967448e-01,4.743029e-08
2.711672e+01,5.552783e-01,6.952246e-08
2.711672e+01,7.774819e-01,9.421996e-08
2.711672e+01,1.088445e+00,1.112371e-07
2.711672e+01,1.523711e+00,1.103987e-07
2.711672e+01,2.088426e+00,8.650209e-08
2.711672e+01,2.685505e+00,4.638053e-08
2.767905e+01,1.570796e-02,7.852012e-11
2.767905e+01,2.346256e-02,5.75138e-10
2.767905e+01,3.503514e-02,7.032162e-10
2.767905e+01,5.263151e-02,2.132435e-09
2.767905e+01,7.314235e-02,5.145399e-09
2.767905e+01,1.025928e-01,7.735814e-09
2.767905e+01,1.448116e-01,1.206217e-08
2.767905e+01,2.02346e-01,1.910831e-08
2.767905e+01,2.834245e-01,2.87445e-08
2.767905e+01,3.967448e-01,4.384115e-08
2.767905e+01,5.552783e-01,6.449458e-08
2.767905e+01,7.774819e-01,8.787747e-08
2.767905e+01,1.088445e+00,1.049123e-07
2.767905e+01,1.523711e+00,1.063281e-07
2.767905e+01,2.088426e+00,8.615021e-08
2.767905e+01,2.685505e+00,4.829821e-08
2.825263e+01,1.570796e-02,7.053485e-11
2.825263e+01,2.346256e-02,5.167218e-10
2.825263e+01,3.503514e-02,6.322476e-10
2.825263e+01,5.263151e-02,1.918185e-09
2.825263e+01,7.314235e-02,4.632854e-09
2.825263e+01,1.025928e-01,6.969898e-09
2.825263e+01,1.448116e-01,1.089293e-08
2.825263e+01,2.02346e-01,1.733153e-08
2.825263e+01,2.834245e-01,2.62231e-08
2.825263e+01,3.967448e-01,4.020656e-08
2.825263e+01,5.552783e-01,5.93478e-08
2.825263e+01,7.774819e-01,8.128797e-08
2.825263e+01,1.088445e+00,9.824567e-08
2.825263e+01,1.523711e+00,1.017902e-07
2.825263e+01,2.088426e+00,8.546556e-08
2.825263e+01,2.685505e+00,5.056659e-08
2.883769e+01,1.570796e-02,6.281025e-11
2.883769e+01,2.346256e-02,4.595255e-10
2.883769e+01,3.503514e-02,5.631462e-10
2.883769e+01,5.263151e-02,1.709995e-09
2.883769e+01,7.314235e-02,4.133258e-09
2.883769e+01,1.025928e-01,6.222485e-09
2.883769e+01,1.448116e-01,9.750494e-09
2.883769e+01,2.02346e-01,1.55828e-08
2.883769e+01,2.834245e-01,2.371059e-08
2.883769e+01,3.967448e-01,3.65276e-08
2.883769e+01,5.552783e-01,5.410552e-08
2.883769e+01,7.774819e-01,7.44617e-08
2.883769e+01,1.088445e+00,9.115808e-08
2.883769e+01,1.523711e+00,9.661534e-08
2.883769e+01,2.088426e+00,8.436134e-08
2.883769e+01,2.685505e+00,5.309367e-08
2.943444e+01,1.570796e-02,5.523406e-11
2.943444e+01,2.346256e-02,4.040614e-10
2.943444e+01,3.503514e-02,4.961264e-10
2.943444e+01,5.263151e-02,1.507238e-09
2.943444e+01,7.314235e-02,3.648257e-09
2.943444e+01,1.025928e-01,5.494408e-09
2.943444e+01,1.448116e-01,8.631522e-09
2.943444e+01,2.02346e-01,1.385877e-08
2.943444e+01,2.834245e-01,2.119952e-08
2.943444e+01,3.967448e-01,3.280449e-08
2.943444e+01,5.552783e-01,4.87144e-08
2.943444e+01,7.774819e-01,6.742758e-08
2.943444e+01,1.088445e+00,8.359376e-08
2.943444e+01,1.523711e+00,9.081939e-08
2.943444e+01,2.088426e+00,8.265698e-08
2.943444e+01,2.685505e+00,5.576942e-08
3.004313e+01,1.570796e-02,4.793286e-11
3.004313e+01,2.346256e-02,3.503544e-10
3.004313e+01,3.503514e-02,4.308826e-10
3.004313e+01,5.263151e-02,1.309906e-09
3.004313e+01,7.314235e-02,3.174178e-09
3.004313e+01,1.025928e-01,4.784294e-09
3.004313e+01,1.448116e-01,7.535008e-09
3.004313e+01,2.02346e-01,1.215338e-08
3.004313e+01,2.834245e-01,1.868919e-08
3.004313e+01,3.967448e-01,2.903102e-08
3.004313e+01,5.552783e-01,4.323532e-08
3.004313e+01,7.774819e-01,6.015864e-08
3.004313e+01,1.088445e+00,7.55846e-08
3.004313e+01,1.523711e+00,8.424002e-08
3.004313e+01,2.088426e+00,8.01109e-08
3.004313e+01,2.685505e+00,5.83366e-08
3.066399e+01,1.570796e-02,4.082721e-11
3.066399e+01,2.346256e-02,2.981029e-10
3.066399e+01,3.503514e-02,3.6745e-10
3.066399e+01,5.263151e-02,1.117593e-09
3.066399e+01,7.314235e-02,2.712354e-09
3.066399e+01,1.025928e-01,4.092689e-09
3.066399e+01,1.448116e-01,6.459835e-09
3.066399e+01,2.02346e-01,1.046448e-08
3.066399e+01,2.834245e-01,1.617682e-08
3.066399e+01,3.967448e-01,2.521684e-08
3.066399e+01,5.552783e-01,3.764471e-08
3.066399e+01,7.774819e-01,5.268231e-08
3.066399e+01,1.088445e+00,6.703582e-08
3.066399e+01,1.523711e+00,7.675809e-08
3.066399e+01,2.088426e+00,7.647122e-08
3.066399e+01,2.685505e+00,6.034525e-08
3.129727e+01,1.570796e-02,3.397665e-11
3.129727e+01,2.346256e-02,2.477395e-10
3.129727e+01,3.503514e-02,3.058032e-10
3.129727e+01,5.263151e-02,9.305182e-10
3.129727e+01,7.314235e-02,2.262011e-09
3.129727e+01,1.025928e-01,3.416273e-09
3.129727e+01,1.448116e-01,5.405969e-09
3.129727e+01,2.02346e-01,8.796114e-09
3.129727e+01,2.834245e-01,1.366341e-08
3.129727e+01,3.967448e-01,2.136408e-08
3.129727e+01,5.552783e-01,3.197327e-08
3.129727e+01,7.774819e-01,4.497458e-08
3.129727e+01,1.088445e+00,5.800466e-08
3.129727e+01,1.523711e+00,6.821406e-08
3.129727e+01,2.088426e+00,7.133047e-08
3.129727e+01,2.685505e+00,6.130862e-08
3.194322e+01,1.570796e-02,2.729518e-11
3.194322e+01,2.346256e-02,1.986805e-10
3.194322e+01,3.503514e-02,2.459052e-10
3.194322e+01,5.263151e-02,7.486137e-10
3.194322e+01,7.314235e-02,1.823571e-09
3.194322e+01,1.025928e-01,2.756513e-09
3.194322e+01,1.448116e-01,4.372179e-09
3.194322e+01,2.02346e-01,7.143419e-09
3.194322e+01,2.834245e-01,1.114985e-08
3.194322e+01,3.967448e-01,1.747112e-08
3.194322e+01,5.552783e-01,2.621006e-08
3.194322e+01,7.774819e-01,3.705472e-08
3.194322e+01,1.088445e+00,4.843985e-08
3.194322e+01,1.523711e+00,5.858823e-08
3.194322e+01,2.088426e+00,6.455576e-08
3.194322e+01,2.685505e+00,6.047066e-08
3.260208e+01,1.570796e-02,2.076819e-11
3.260208e+01,2.346256e-02,1.514655e-10
3.260208e+01,3.503514e-02,1.878746e-10
3.260208e+01,5.263151e-02,5.719137e-10
3.260208e+01,7.314235e-02,1.396177e-09
3.260208e+01,1.025928e-01,2.112427e-09
3.260208e+01,1.448116e-01,3.359145e-09
3.260208e+01,2.02346e-01,5.509356e-09
3.260208e+01,2.834245e-01,8.642344e-09
3.260208e+01,3.967448e-01,1.356554e-08
3.260208e+01,5.552783e-01,2.039176e-08
3.260208e+01,7.774819e-01,2.895643e-08
3.260208e+01,1.088445e+00,3.833681e-08
3.260208e+01,1.523711e+00,4.77028e-08
3.260208e+01,2.088426e+00,5.556237e-08
3.260208e+01,2.685505e+00,5.682459e-08
3.327412e+01,1.570796e-02,1.452614e-11
3.327412e+01,2.346256e-02,1.05579e-10
3.327412e+01,3.503514e-02,1.313622e-10
3.327412e+01,5.263151e-02,4.001269e-10
3.327412e+01,7.314235e-02,9.788151e-10
3.327412e+01,1.025928e-01,1.483315e-09
3.327412e+01,1.448116e-01,2.365071e-09
3.327412e+01,2.02346e-01,3.894466e-09
3.327412e+01,2.834245e-01,6.138028e-09
3.327412e+01,3.967448e-01,9.651605e-09
3.327412e+01,5.552783e-01,1.453983e-08
3.327412e+01,7.774819e-01,2.074962e-08
3.327412e+01,1.088445e+00,2.779642e-08
3.327412e+01,1.523711e+00,3.556739e-08
3.327412e+01,2.088426e+00,4.384134e-08
3.327412e+01,2.685505e+00,4.875219e-08
3.395961e+01,1.570796e-02,8.757506e-12
3.395961e+01,2.346256e-02,6.400749e-11
3.395961e+01,3.503514e-02,7.951078e-11
3.395961e+01,5.263151e-02,2.41877e-10
3.395961e+01,7.314235e-02,5.928605e-10
3.395961e+01,1.025928e-01,8.989377e-10
3.395961e+01,1.448116e-01,1.433611e-09
3.395961e+01,2.02346e-01,2.360784e-09
3.395961e+01,2.834245e-01,3.716545e-09
3.395961e+01,3.967448e-01,5.820469e-09
3.395961e+01,5.552783e-01,8.737085e-09
3.395961e+01,7.774819e-01,1.246573e-08
3.395961e+01,1.088445e+00,1.684806e-08
3.395961e+01,1.523711e+00,2.212270e-08
3.395961e+01,2.088426e+00,2.872501e-08
3.395961e+01,2.685505e+00,3.430273e-08
3.46588e+01,1.570796e-02,3.079427e-12
3.46588e+01,2.346256e-02,2.161299e-11
3.46588e+01,3.503514e-02,2.321055e-11
3.46588e+01,5.263151e-02,7.676011e-11
3.46588e+01,7.314235e-02,1.85848e-10
3.46588e+01,1.025928e-01,2.78511e-10
3.46588e+01,1.448116e-01,4.543322e-10
3.46588e+01,2.02346e-01,7.504414e-10
3.46588e+01,2.834245e-01,1.199898e-09
3.46588e+01,3.967448e-01,1.886832e-09
3.46588e+01,5.552783e-01,2.847209e-09
3.46588e+01,7.774819e-01,4.088249e-09
3.46588e+01,1.088445e+00,5.600348e-09
3.46588e+01,1.523711e+00,7.521774e-09
3.46588e+01,2.088426e+00,1.026444e-08
3.46588e+01,2.685505e+00,1.31751e-08
3.537197e+01,1.570796e-02,0.e+00
3.537197e+01,2.346256e-02,0.e+00
3.537197e+01,3.503514e-02,0.e+00
3.537197e+01,5.263151e-02,0.e+00
3.537197e+01,7.314235e-02,0.e+00
3.537197e+01,1.025928e-01,0.e+00
3.537197e+01,1.448116e-01,0.e+00
3.537197e+01,2.02346e-01,0.e+00
3.537197e+01,2.834245e-01,0.e+00
3.537197e+01,3.967448e-01,0.e+00
3.537197e+01,5.552783e-01,0.e+00
3.537197e+01,7.774819e-01,0.e+00
3.537197e+01,1.088445e+00,0.e+00
3.537197e+01,1.523711e+00,0.e+00
3.537197e+01,2.088426e+00,0.e+00
3.537197e+01,2.685505e+00,0.e+00
