5.e+00 1.570796e-02 0.e+00
5.e+00 2.346256e-02 0.e+00
5.e+00 3.503514e-02 0.e+00
5.e+00 5.263151e-02 0.e+00
5.e+00 7.314235e-02 0.e+00
5.e+00 1.025928e-01 0.e+00
5.e+00 1.448116e-01 0.e+00
5.e+00 2.023460e-01 0.e+00
5.e+00 2.834245e-01 0.e+00
5.e+00 3.967448e-01 0.e+00
5.e+00 5.552783e-01 0.e+00
5.e+00 7.774819e-01 0.e+00
5.e+00 1.088445e+00 0.e+00
5.e+00 1.523711e+00 0.e+00
5.e+00 2.088426e+00 0.e+00
5.e+00 2.685505e+00 0.e+00
5.12e+00 1.570796e-02 0.e+00
5.12e+00 2.346256e-02 0.e+00
5.12e+00 3.503514e-02 0.e+00
5.12e+00 5.263151e-02 0.e+00
5.12e+00 7.314235e-02 0.e+00
5.12e+00 1.025928e-01 0.e+00
5.12e+00 1.448116e-01 0.e+00
5.12e+00 2.023460e-01 0.e+00
5.12e+00 2.834245e-01 0.e+00
5.12e+00 3.967448e-01 0.e+00
5.12e+00 5.552783e-01 0.e+00
5.12e+00 7.774819e-01 0.e+00
5.12e+00 1.088445e+00 0.e+00
5.12e+00 1.523711e+00 0.e+00
5.12e+00 2.088426e+00 0.e+00
5.12e+00 2.685505e+00 0.e+00
5.2424e+00 1.570796e-02 0.e+00
5.2424e+00 2.346256e-02 0.e+00
5.2424e+00 3.503514e-02 0.e+00
5.2424e+00 5.263151e-02 0.e+00
5.2424e+00 7.314235e-02 0.e+00
5.2424e+00 1.025928e-01 0.e+00
5.2424e+00 1.448116e-01 0.e+00
5.2424e+00 2.023460e-01 0.e+00
5.2424e+00 2.834245e-01 0.e+00
5.2424e+00 3.967448e-01 0.e+00
5.2424e+00 5.552783e-01 0.e+00
5.2424e+00 7.774819e-01 0.e+00
5.2424e+00 1.088445e+00 0.e+00
5.2424e+00 1.523711e+00 0.e+00
5.2424e+00 2.088426e+00 0.e+00
5.2424e+00 2.685505e+00 0.e+00
5.367248e+00 1.570796e-02 0.e+00
5.367248e+00 2.346256e-02 0.e+00
5.367248e+00 3.503514e-02 0.e+00
5.367248e+00 5.263151e-02 0.e+00
5.367248e+00 7.314235e-02 0.e+00
5.367248e+00 1.025928e-01 0.e+00
5.367248e+00 1.448116e-01 0.e+00
5.367248e+00 2.023460e-01 0.e+00
5.367248e+00 2.834245e-01 0.e+00
5.367248e+00 3.967448e-01 0.e+00
5.367248e+00 5.552783e-01 0.e+00
5.367248e+00 7.774819e-01 0.e+00
5.367248e+00 1.088445e+00 0.e+00
5.367248e+00 1.523711e+00 0.e+00
5.367248e+00 2.088426e+00 0.e+00
5.367248e+00 2.685505e+00 0.e+00
5.494593e+00 1.570796e-02 0.e+00
5.494593e+00 2.346256e-02 0.e+00
5.494593e+00 3.503514e-02 0.e+00
5.494593e+00 5.263151e-02 0.e+00
5.494593e+00 7.314235e-02 0.e+00
5.494593e+00 1.025928e-01 0.e+00
5.494593e+00 1.448116e-01 0.e+00
5.494593e+00 2.023460e-01 0.e+00
5.494593e+00 2.834245e-01 0.e+00
5.494593e+00 3.967448e-01 0.e+00
5.494593e+00 5.552783e-01 0.e+00
5.494593e+00 7.774819e-01 0.e+00
5.494593e+00 1.088445e+00 0.e+00
5.494593e+00 1.523711e+00 0.e+00
5.494593e+00 2.088426e+00 0.e+00
5.494593e+00 2.685505e+00 0.e+00
5.624485e+00 1.570796e-02 0.e+00
5.624485e+00 2.346256e-02 0.e+00
5.624485e+00 3.503514e-02 0.e+00
5.624485e+00 5.263151e-02 0.e+00
5.624485e+00 7.314235e-02 0.e+00
5.624485e+00 1.025928e-01 0.e+00
5.624485e+00 1.448116e-01 0.e+00
5.624485e+00 2.023460e-01 0.e+00
5.624485e+00 2.834245e-01 0.e+00
5.624485e+00 3.967448e-01 0.e+00
5.624485e+00 5.552783e-01 0.e+00
5.624485e+00 7.774819e-01 0.e+00
5.624485e+00 1.088445e+00 0.e+00
5.624485e+00 1.523711e+00 0.e+00
5.624485e+00 2.088426e+00 0.e+00
5.624485e+00 2.685505e+00 0.e+00
5.756975e+00 1.570796e-02 0.e+00
5.756975e+00 2.346256e-02 0.e+00
5.756975e+00 3.503514e-02 0.e+00
5.756975e+00 5.263151e-02 0.e+00
5.756975e+00 7.314235e-02 0.e+00
5.756975e+00 1.025928e-01 0.e+00
5.756975e+00 1.448116e-01 0.e+00
5.756975e+00 2.023460e-01 0.e+00
5.756975e+00 2.834245e-01 0.e+00
5.756975e+00 3.967448e-01 0.e+00
5.756975e+00 5.552783e-01 0.e+00
5.756975e+00 7.774819e-01 0.e+00
5.756975e+00 1.088445e+00 0.e+00
5.756975e+00 1.523711e+00 0.e+00
5.756975e+00 2.088426e+00 0.e+00
5.756975e+00 2.685505e+00 0.e+00
5.892114e+00 1.570796e-02 0.e+00
5.892114e+00 2.346256e-02 0.e+00
5.892114e+00 3.503514e-02 0.e+00
5.892114e+00 5.263151e-02 0.e+00
5.892114e+00 7.314235e-02 0.e+00
5.892114e+00 1.025928e-01 0.e+00
5.892114e+00 1.448116e-01 0.e+00
5.892114e+00 2.023460e-01 0.e+00
5.892114e+00 2.834245e-01 0.e+00
5.892114e+00 3.967448e-01 0.e+00
5.892114e+00 5.552783e-01 0.e+00
5.892114e+00 7.774819e-01 0.e+00
5.892114e+00 1.088445e+00 0.e+00
5.892114e+00 1.523711e+00 0.e+00
5.892114e+00 2.088426e+00 0.e+00
5.892114e+00 2.685505e+00 0.e+00
6.029956e+00 1.570796e-02 0.e+00
6.029956e+00 2.346256e-02 0.e+00
6.029956e+00 3.503514e-02 0.e+00
6.029956e+00 5.263151e-02 0.e+00
6.029956e+00 7.314235e-02 0.e+00
6.029956e+00 1.025928e-01 0.e+00
6.029956e+00 1.448116e-01 0.e+00
6.029956e+00 2.023460e-01 0.e+00
6.029956e+00 2.834245e-01 0.e+00
6.029956e+00 3.967448e-01 0.e+00
6.029956e+00 5.552783e-01 0.e+00
6.029956e+00 7.774819e-01 0.e+00
6.029956e+00 1.088445e+00 0.e+00
6.029956e+00 1.523711e+00 0.e+00
6.029956e+00 2.088426e+00 0.e+00
6.029956e+00 2.685505e+00 0.e+00
6.170555e+00 1.570796e-02 -2.154433e-05
6.170555e+00 2.346256e-02 -1.505761e-05
6.170555e+00 3.503514e-02 -3.241867e-05
6.170555e+00 5.263151e-02 -1.170549e-05
6.170555e+00 7.314235e-02 -5.068715e-05
6.170555e+00 1.025928e-01 -5.618690e-06
6.170555e+00 1.448116e-01 -6.880102e-05
6.170555e+00 2.023460e-01 -2.468748e-05
6.170555e+00 2.834245e-01 -8.188345e-06
6.170555e+00 3.967448e-01 -1.139783e-05
6.170555e+00 5.552783e-01 -1.120417e-05
6.170555e+00 7.774819e-01 -8.749467e-06
6.170555e+00 1.088445e+00 -1.109333e-05
6.170555e+00 1.523711e+00 -1.255592e-05
6.170555e+00 2.088426e+00 -1.466768e-05
6.170555e+00 2.685505e+00 -1.399083e-05
6.313967e+00 1.570796e-02 -1.309345e-04
6.313967e+00 2.346256e-02 -9.733352e-05
6.313967e+00 3.503514e-02 -1.655463e-04
6.313967e+00 5.263151e-02 -2.458357e-04
6.313967e+00 7.314235e-02 -3.095836e-04
6.313967e+00 1.025928e-01 -1.025735e-04
6.313967e+00 1.448116e-01 -2.211321e-04
6.313967e+00 2.023460e-01 -1.831069e-04
6.313967e+00 2.834245e-01 -2.608247e-04
6.313967e+00 3.967448e-01 -1.54799e-04
6.313967e+00 5.552783e-01 -1.311677e-04
6.313967e+00 7.774819e-01 -1.295545e-04
6.313967e+00 1.088445e+00 -1.229927e-04
6.313967e+00 1.523711e+00 -1.116400e-04
6.313967e+00 2.088426e+00 -1.277014e-04
6.313967e+00 2.685505e+00 -1.266373e-04
6.460246e+00 1.570796e-02 -2.913116e-04
6.460246e+00 2.346256e-02 -3.015509e-04
6.460246e+00 3.503514e-02 -3.452129e-04
6.460246e+00 5.263151e-02 -6.556268e-04
6.460246e+00 7.314235e-02 -8.517335e-04
6.460246e+00 1.025928e-01 -6.371686e-04
6.460246e+00 1.448116e-01 -8.284826e-04
6.460246e+00 2.023460e-01 -7.502245e-04
6.460246e+00 2.834245e-01 -8.650506e-04
6.460246e+00 3.967448e-01 -6.377436e-04
6.460246e+00 5.552783e-01 -5.404843e-04
6.460246e+00 7.774819e-01 -4.950283e-04
6.460246e+00 1.088445e+00 -4.294527e-04
6.460246e+00 1.523711e+00 -4.127515e-04
6.460246e+00 2.088426e+00 -4.505833e-04
6.460246e+00 2.685505e+00 -4.729508e-04
6.609451e+00 1.570796e-02 -5.959169e-04
6.609451e+00 2.346256e-02 -7.778809e-04
6.609451e+00 3.503514e-02 -1.185477e-03
6.609451e+00 5.263151e-02 -2.038061e-03
6.609451e+00 7.314235e-02 -3.017767e-03
6.609451e+00 1.025928e-01 -2.246634e-03
6.609451e+00 1.448116e-01 -2.875881e-03
6.609451e+00 2.023460e-01 -2.632915e-03
6.609451e+00 2.834245e-01 -2.684873e-03
6.609451e+00 3.967448e-01 -2.092498e-03
6.609451e+00 5.552783e-01 -1.854064e-03
6.609451e+00 7.774819e-01 -1.667733e-03
6.609451e+00 1.088445e+00 -1.425868e-03
6.609451e+00 1.523711e+00 -1.350911e-03
6.609451e+00 2.088426e+00 -1.476576e-03
6.609451e+00 2.685505e+00 -1.544608e-03
6.76164e+00 1.570796e-02 -7.569290e-04
6.76164e+00 2.346256e-02 -1.459368e-03
6.76164e+00 3.503514e-02 -2.399848e-03
6.76164e+00 5.263151e-02 -3.569194e-03
6.76164e+00 7.314235e-02 -5.906733e-03
6.76164e+00 1.025928e-01 -4.518604e-03
6.76164e+00 1.448116e-01 -5.345815e-03
6.76164e+00 2.023460e-01 -5.586306e-03
6.76164e+00 2.834245e-01 -5.335067e-03
6.76164e+00 3.967448e-01 -4.447242e-03
6.76164e+00 5.552783e-01 -4.067808e-03
6.76164e+00 7.774819e-01 -3.469386e-03
6.76164e+00 1.088445e+00 -2.973252e-03
6.76164e+00 1.523711e+00 -2.805961e-03
6.76164e+00 2.088426e+00 -3.011549e-03
6.76164e+00 2.685505e+00 -3.103452e-03
6.916873e+00 1.570796e-02 -8.138515e-04
6.916873e+00 2.346256e-02 -1.959334e-03
6.916873e+00 3.503514e-02 -3.619753e-03
6.916873e+00 5.263151e-02 -5.413271e-03
6.916873e+00 7.314235e-02 -9.064057e-03
6.916873e+00 1.025928e-01 -8.000758e-03
6.916873e+00 1.448116e-01 -9.272679e-03
6.916873e+00 2.023460e-01 -9.634971e-03
6.916873e+00 2.834245e-01 -9.293751e-03
6.916873e+00 3.967448e-01 -8.006767e-03
6.916873e+00 5.552783e-01 -7.130276e-03
6.916873e+00 7.774819e-01 -6.165411e-03
6.916873e+00 1.088445e+00 -5.187238e-03
6.916873e+00 1.523711e+00 -4.832896e-03
6.916873e+00 2.088426e+00 -5.136437e-03
6.916873e+00 2.685505e+00 -5.283748e-03
7.075210e+00 1.570796e-02 -8.587558e-04
7.075210e+00 2.346256e-02 -2.242368e-03
7.075210e+00 3.503514e-02 -4.424195e-03
7.075210e+00 5.263151e-02 -6.971590e-03
7.075210e+00 7.314235e-02 -1.191577e-02
7.075210e+00 1.025928e-01 -1.186353e-02
7.075210e+00 1.448116e-01 -1.424333e-02
7.075210e+00 2.023460e-01 -1.465264e-02
7.075210e+00 2.834245e-01 -1.434705e-02
7.075210e+00 3.967448e-01 -1.234728e-02
7.075210e+00 5.552783e-01 -1.114947e-02
7.075210e+00 7.774819e-01 -9.539254e-03
7.075210e+00 1.088445e+00 -8.067353e-03
7.075210e+00 1.523711e+00 -7.404331e-03
7.075210e+00 2.088426e+00 -7.769509e-03
7.075210e+00 2.685505e+00 -7.915731e-03
7.236714e+00 1.570796e-02 -8.800397e-04
7.236714e+00 2.346256e-02 -2.207172e-03
7.236714e+00 3.503514e-02 -4.772409e-03
7.236714e+00 5.263151e-02 -8.146974e-03
7.236714e+00 7.314235e-02 -1.401284e-02
7.236714e+00 1.025928e-01 -1.549748e-02
7.236714e+00 1.448116e-01 -1.887161e-02
7.236714e+00 2.023460e-01 -1.960142e-02
7.236714e+00 2.834245e-01 -1.940502e-02
7.236714e+00 3.967448e-01 -1.718509e-02
7.236714e+00 5.552783e-01 -1.560315e-02
7.236714e+00 7.774819e-01 -1.328481e-02
7.236714e+00 1.088445e+00 -1.122774e-02
7.236714e+00 1.523711e+00 -1.016859e-02
7.236714e+00 2.088426e+00 -1.054933e-02
7.236714e+00 2.685505e+00 -1.063197e-02
7.401449e+00 1.570796e-02 -8.905081e-04
7.401449e+00 2.346256e-02 -2.098439e-03
7.401449e+00 3.503514e-02 -4.764567e-03
7.401449e+00 5.263151e-02 -8.496523e-03
7.401449e+00 7.314235e-02 -1.524662e-02
7.401449e+00 1.025928e-01 -1.816539e-02
7.401449e+00 1.448116e-01 -2.341354e-02
7.401449e+00 2.023460e-01 -2.439872e-02
7.401449e+00 2.834245e-01 -2.440062e-02
7.401449e+00 3.967448e-01 -2.213559e-02
7.401449e+00 5.552783e-01 -2.012206e-02
7.401449e+00 7.774819e-01 -1.724947e-02
7.401449e+00 1.088445e+00 -1.446861e-02
7.401449e+00 1.523711e+00 -1.303357e-02
7.401449e+00 2.088426e+00 -1.330795e-02
7.401449e+00 2.685505e+00 -1.33211e-02
7.569477e+00 1.570796e-02 -8.316709e-04
7.569477e+00 2.346256e-02 -1.99751e-03
7.569477e+00 3.503514e-02 -4.490389e-03
7.569477e+00 5.263151e-02 -8.355936e-03
7.569477e+00 7.314235e-02 -1.557523e-02
7.569477e+00 1.025928e-01 -1.978714e-02
7.569477e+00 1.448116e-01 -2.652589e-02
7.569477e+00 2.023460e-01 -2.840917e-02
7.569477e+00 2.834245e-01 -2.876741e-02
7.569477e+00 3.967448e-01 -2.672110e-02
7.569477e+00 5.552783e-01 -2.435483e-02
7.569477e+00 7.774819e-01 -2.095802e-02
7.569477e+00 1.088445e+00 -1.761828e-02
7.569477e+00 1.523711e+00 -1.569318e-02
7.569477e+00 2.088426e+00 -1.583133e-02
7.569477e+00 2.685505e+00 -1.554936e-02
7.740867e+00 1.570796e-02 -7.592039e-04
7.740867e+00 2.346256e-02 -1.834062e-03
7.740867e+00 3.503514e-02 -4.236211e-03
7.740867e+00 5.263151e-02 -8.057255e-03
7.740867e+00 7.314235e-02 -1.529242e-02
7.740867e+00 1.025928e-01 -2.050928e-02
7.740867e+00 1.448116e-01 -2.827461e-02
7.740867e+00 2.023460e-01 -3.130405e-02
7.740867e+00 2.834245e-01 -3.222009e-02
7.740867e+00 3.967448e-01 -3.048487e-02
7.740867e+00 5.552783e-01 -2.812019e-02
7.740867e+00 7.774819e-01 -2.429616e-02
7.740867e+00 1.088445e+00 -2.042420e-02
7.740867e+00 1.523711e+00 -1.800766e-02
7.740867e+00 2.088426e+00 -1.798318e-02
7.740867e+00 2.685505e+00 -1.750122e-02
7.915684e+00 1.570796e-02 -6.808198e-04
7.915684e+00 2.346256e-02 -1.674496e-03
7.915684e+00 3.503514e-02 -3.869933e-03
7.915684e+00 5.263151e-02 -7.518922e-03
7.915684e+00 7.314235e-02 -1.449203e-02
7.915684e+00 1.025928e-01 -2.032851e-02
7.915684e+00 1.448116e-01 -2.891562e-02
7.915684e+00 2.023460e-01 -3.299515e-02
7.915684e+00 2.834245e-01 -3.466347e-02
7.915684e+00 3.967448e-01 -3.356174e-02
7.915684e+00 5.552783e-01 -3.123034e-02
7.915684e+00 7.774819e-01 -2.717196e-02
7.915684e+00 1.088445e+00 -2.284595e-02
7.915684e+00 1.523711e+00 -2.007667e-02
7.915684e+00 2.088426e+00 -1.984348e-02
7.915684e+00 2.685505e+00 -1.909054e-02
8.093998e+00 1.570796e-02 -6.227156e-04
8.093998e+00 2.346256e-02 -1.556027e-03
8.093998e+00 3.503514e-02 -3.460007e-03
8.093998e+00 5.263151e-02 -6.874562e-03
8.093998e+00 7.314235e-02 -1.346758e-02
8.093998e+00 1.025928e-01 -1.944920e-02
8.093998e+00 1.448116e-01 -2.866095e-02
8.093998e+00 2.023460e-01 -3.361615e-02
8.093998e+00 2.834245e-01 -3.623233e-02
8.093998e+00 3.967448e-01 -3.581082e-02
8.093998e+00 5.552783e-01 -3.371184e-02
8.093998e+00 7.774819e-01 -2.956176e-02
8.093998e+00 1.088445e+00 -2.484291e-02
8.093998e+00 1.523711e+00 -2.17573e-02
8.093998e+00 2.088426e+00 -2.133861e-02
8.093998e+00 2.685505e+00 -2.039593e-02
8.275878e+00 1.570796e-02 -5.652822e-04
8.275878e+00 2.346256e-02 -1.417685e-03
8.275878e+00 3.503514e-02 -3.041763e-03
8.275878e+00 5.263151e-02 -6.235402e-03
8.275878e+00 7.314235e-02 -1.237331e-02
8.275878e+00 1.025928e-01 -1.823937e-02
8.275878e+00 1.448116e-01 -2.770140e-02
8.275878e+00 2.023460e-01 -3.338674e-02
8.275878e+00 2.834245e-01 -3.695453e-02
8.275878e+00 3.967448e-01 -3.722393e-02
8.275878e+00 5.552783e-01 -3.544105e-02
8.275878e+00 7.774819e-01 -3.145631e-02
8.275878e+00 1.088445e+00 -2.64952e-02
8.275878e+00 1.523711e+00 -2.31934e-02
8.275878e+00 2.088426e+00 -2.259576e-02
8.275878e+00 2.685505e+00 -2.133951e-02
8.461396e+00 1.570796e-02 -5.136824e-04
8.461396e+00 2.346256e-02 -1.287883e-03
8.461396e+00 3.503514e-02 -2.689335e-03
8.461396e+00 5.263151e-02 -5.62034e-03
8.461396e+00 7.314235e-02 -1.123006e-02
8.461396e+00 1.025928e-01 -1.688567e-02
8.461396e+00 1.448116e-01 -2.615749e-02
8.461396e+00 2.023460e-01 -3.245019e-02
8.461396e+00 2.834245e-01 -3.683457e-02
8.461396e+00 3.967448e-01 -3.784637e-02
8.461396e+00 5.552783e-01 -3.660919e-02
8.461396e+00 7.774819e-01 -3.276144e-02
8.461396e+00 1.088445e+00 -2.776693e-02
8.461396e+00 1.523711e+00 -2.424932e-02
8.461396e+00 2.088426e+00 -2.362066e-02
8.461396e+00 2.685505e+00 -2.211560e-02
8.650623e+00 1.570796e-02 -4.608538e-04
8.650623e+00 2.346256e-02 -1.173597e-03
8.650623e+00 3.503514e-02 -2.405707e-03
8.650623e+00 5.263151e-02 -5.052369e-03
8.650623e+00 7.314235e-02 -1.012472e-02
8.650623e+00 1.025928e-01 -1.535452e-02
8.650623e+00 1.448116e-01 -2.423295e-02
8.650623e+00 2.023460e-01 -3.089584e-02
8.650623e+00 2.834245e-01 -3.605812e-02
8.650623e+00 3.967448e-01 -3.785983e-02
8.650623e+00 5.552783e-01 -3.713696e-02
8.650623e+00 7.774819e-01 -3.360589e-02
8.650623e+00 1.088445e+00 -2.865826e-02
8.650623e+00 1.523711e+00 -2.508667e-02
8.650623e+00 2.088426e+00 -2.435799e-02
8.650623e+00 2.685505e+00 -2.266103e-02
8.843636e+00 1.570796e-02 -4.059522e-04
8.843636e+00 2.346256e-02 -1.059889e-03
8.843636e+00 3.503514e-02 -2.154381e-03
8.843636e+00 5.263151e-02 -4.532645e-03
8.843636e+00 7.314235e-02 -9.062333e-03
8.843636e+00 1.025928e-01 -1.380016e-02
8.843636e+00 1.448116e-01 -2.214635e-02
8.843636e+00 2.023460e-01 -2.898124e-02
8.843636e+00 2.834245e-01 -3.475236e-02
8.843636e+00 3.967448e-01 -3.732407e-02
8.843636e+00 5.552783e-01 -3.715637e-02
8.843636e+00 7.774819e-01 -3.396059e-02
8.843636e+00 1.088445e+00 -2.922253e-02
8.843636e+00 1.523711e+00 -2.564536e-02
8.843636e+00 2.088426e+00 -2.485613e-02
8.843636e+00 2.685505e+00 -2.290705e-02
9.040509e+00 1.570796e-02 -3.569042e-04
9.040509e+00 2.346256e-02 -9.586277e-04
9.040509e+00 3.503514e-02 -1.914197e-03
9.040509e+00 5.263151e-02 -4.04554e-03
9.040509e+00 7.314235e-02 -8.089752e-03
9.040509e+00 1.025928e-01 -1.232942e-02
9.040509e+00 1.448116e-01 -2.006454e-02
9.040509e+00 2.023460e-01 -2.684738e-02
9.040509e+00 2.834245e-01 -3.303241e-02
9.040509e+00 3.967448e-01 -3.62577e-02
9.040509e+00 5.552783e-01 -3.661726e-02
9.040509e+00 7.774819e-01 -3.387751e-02
9.040509e+00 1.088445e+00 -2.942156e-02
9.040509e+00 1.523711e+00 -2.58808e-02
9.040509e+00 2.088426e+00 -2.500081e-02
9.040509e+00 2.685505e+00 -2.307333e-02
9.241319e+00 1.570796e-02 -3.103296e-04
9.241319e+00 2.346256e-02 -8.678555e-04
9.241319e+00 3.503514e-02 -1.703403e-03
9.241319e+00 5.263151e-02 -3.587819e-03
9.241319e+00 7.314235e-02 -7.188221e-03
9.241319e+00 1.025928e-01 -1.096857e-02
9.241319e+00 1.448116e-01 -1.805339e-02
9.241319e+00 2.023460e-01 -2.46081e-02
9.241319e+00 2.834245e-01 -3.098326e-02
9.241319e+00 3.967448e-01 -3.474673e-02
9.241319e+00 5.552783e-01 -3.560676e-02
9.241319e+00 7.774819e-01 -3.339505e-02
9.241319e+00 1.088445e+00 -2.926494e-02
9.241319e+00 1.523711e+00 -2.594987e-02
9.241319e+00 2.088426e+00 -2.503804e-02
9.241319e+00 2.685505e+00 -2.292537e-02
9.446145e+00 1.570796e-02 -2.716667e-04
9.446145e+00 2.346256e-02 -7.773950e-04
9.446145e+00 3.503514e-02 -1.514982e-03
9.446145e+00 5.263151e-02 -3.181531e-03
9.446145e+00 7.314235e-02 -6.376952e-03
9.446145e+00 1.025928e-01 -9.715134e-03
9.446145e+00 1.448116e-01 -1.612499e-02
9.446145e+00 2.023460e-01 -2.237841e-02
9.446145e+00 2.834245e-01 -2.873297e-02
9.446145e+00 3.967448e-01 -3.287096e-02
9.446145e+00 5.552783e-01 -3.426134e-02
9.446145e+00 7.774819e-01 -3.25928e-02
9.446145e+00 1.088445e+00 -2.88125e-02
9.446145e+00 1.523711e+00 -2.575503e-02
9.446145e+00 2.088426e+00 -2.490572e-02
9.446145e+00 2.685505e+00 -2.266266e-02
9.655068e+00 1.570796e-02 -2.394461e-04
9.655068e+00 2.346256e-02 -6.95193e-04
9.655068e+00 3.503514e-02 -1.351339e-03
9.655068e+00 5.263151e-02 -2.811971e-03
9.655068e+00 7.314235e-02 -5.636838e-03
9.655068e+00 1.025928e-01 -8.608084e-03
9.655068e+00 1.448116e-01 -1.434902e-02
9.655068e+00 2.023460e-01 -2.017046e-02
9.655068e+00 2.834245e-01 -2.636383e-02
9.655068e+00 3.967448e-01 -3.074984e-02
9.655068e+00 5.552783e-01 -3.261393e-02
9.655068e+00 7.774819e-01 -3.145970e-02
9.655068e+00 1.088445e+00 -2.810331e-02
9.655068e+00 1.523711e+00 -2.536930e-02
9.655068e+00 2.088426e+00 -2.458179e-02
9.655068e+00 2.685505e+00 -2.227753e-02
9.86817e+00 1.570796e-02 -2.113465e-04
9.86817e+00 2.346256e-02 -6.126546e-04
9.86817e+00 3.503514e-02 -1.199118e-03
9.86817e+00 5.263151e-02 -2.486017e-03
9.86817e+00 7.314235e-02 -4.980442e-03
9.86817e+00 1.025928e-01 -7.618731e-03
9.86817e+00 1.448116e-01 -1.271466e-02
9.86817e+00 2.023460e-01 -1.804686e-02
9.86817e+00 2.834245e-01 -2.394516e-02
9.86817e+00 3.967448e-01 -2.844757e-02
9.86817e+00 5.552783e-01 -3.069047e-02
9.86817e+00 7.774819e-01 -3.001597e-02
9.86817e+00 1.088445e+00 -2.719373e-02
9.86817e+00 1.523711e+00 -2.477717e-02
9.86817e+00 2.088426e+00 -2.402362e-02
9.86817e+00 2.685505e+00 -2.167727e-02
1.008553e+01 1.570796e-02 -1.857695e-04
1.008553e+01 2.346256e-02 -5.430169e-04
1.008553e+01 3.503514e-02 -1.063183e-03
1.008553e+01 5.263151e-02 -2.189092e-03
1.008553e+01 7.314235e-02 -4.39063e-03
1.008553e+01 1.025928e-01 -6.737609e-03
1.008553e+01 1.448116e-01 -1.124013e-02
1.008553e+01 2.023460e-01 -1.604668e-02
1.008553e+01 2.834245e-01 -2.157668e-02
1.008553e+01 3.967448e-01 -2.60598e-02
1.008553e+01 5.552783e-01 -2.863832e-02
1.008553e+01 7.774819e-01 -2.839369e-02
1.008553e+01 1.088445e+00 -2.609496e-02
1.008553e+01 1.523711e+00 -2.403656e-02
1.008553e+01 2.088426e+00 -2.342070e-02
1.008553e+01 2.685505e+00 -2.100706e-02
1.030724e+01 1.570796e-02 -1.636254e-04
1.030724e+01 2.346256e-02 -4.794905e-04
1.030724e+01 3.503514e-02 -9.404143e-04
1.030724e+01 5.263151e-02 -1.923623e-03
1.030724e+01 7.314235e-02 -3.855024e-03
1.030724e+01 1.025928e-01 -5.929621e-03
1.030724e+01 1.448116e-01 -9.89186e-03
1.030724e+01 2.023460e-01 -1.417322e-02
1.030724e+01 2.834245e-01 -1.929224e-02
1.030724e+01 3.967448e-01 -2.366765e-02
1.030724e+01 5.552783e-01 -2.645136e-02
1.030724e+01 7.774819e-01 -2.666006e-02
1.030724e+01 1.088445e+00 -2.484368e-02
1.030724e+01 1.523711e+00 -2.31553e-02
1.030724e+01 2.088426e+00 -2.2648e-02
1.030724e+01 2.685505e+00 -2.0217e-02
1.053339e+01 1.570796e-02 -1.4449e-04
1.053339e+01 2.346256e-02 -4.163826e-04
1.053339e+01 3.503514e-02 -8.300109e-04
1.053339e+01 5.263151e-02 -1.680921e-03
1.053339e+01 7.314235e-02 -3.37427e-03
1.053339e+01 1.025928e-01 -5.193384e-03
1.053339e+01 1.448116e-01 -8.665673e-03
1.053339e+01 2.023460e-01 -1.247069e-02
1.053339e+01 2.834245e-01 -1.714744e-02
1.053339e+01 3.967448e-01 -2.133189e-02
1.053339e+01 5.552783e-01 -2.422339e-02
1.053339e+01 7.774819e-01 -2.479188e-02
1.053339e+01 1.088445e+00 -2.346695e-02
1.053339e+01 1.523711e+00 -2.212535e-02
1.053339e+01 2.088426e+00 -2.178814e-02
1.053339e+01 2.685505e+00 -1.935622e-02
1.076406e+01 1.570796e-02 -1.268586e-04
1.076406e+01 2.346256e-02 -3.614694e-04
1.076406e+01 3.503514e-02 -7.261940e-04
1.076406e+01 5.263151e-02 -1.464233e-03
1.076406e+01 7.314235e-02 -2.947733e-03
1.076406e+01 1.025928e-01 -4.530464e-03
1.076406e+01 1.448116e-01 -7.560123e-03
1.076406e+01 2.023460e-01 -1.090955e-02
1.076406e+01 2.834245e-01 -1.515232e-02
1.076406e+01 3.967448e-01 -1.909352e-02
1.076406e+01 5.552783e-01 -2.202010e-02
1.076406e+01 7.774819e-01 -2.288195e-02
1.076406e+01 1.088445e+00 -2.200119e-02
1.076406e+01 1.523711e+00 -2.10405e-02
1.076406e+01 2.088426e+00 -2.082677e-02
1.076406e+01 2.685505e+00 -1.845529e-02
1.099934e+01 1.570796e-02 -1.112176e-04
1.099934e+01 2.346256e-02 -3.129032e-04
1.099934e+01 3.503514e-02 -6.300748e-04
1.099934e+01 5.263151e-02 -1.274699e-03
1.099934e+01 7.314235e-02 -2.562854e-03
1.099934e+01 1.025928e-01 -3.943381e-03
1.099934e+01 1.448116e-01 -6.574705e-03
1.099934e+01 2.023460e-01 -9.503181e-03
1.099934e+01 2.834245e-01 -1.330006e-02
1.099934e+01 3.967448e-01 -1.697888e-02
1.099934e+01 5.552783e-01 -1.985996e-02
1.099934e+01 7.774819e-01 -2.095126e-02
1.099934e+01 1.088445e+00 -2.046289e-02
1.099934e+01 1.523711e+00 -1.983999e-02
1.099934e+01 2.088426e+00 -1.973248e-02
1.099934e+01 2.685505e+00 -1.744869e-02
1.123932e+01 1.570796e-02 -9.731173e-05
1.123932e+01 2.346256e-02 -2.668327e-04
1.123932e+01 3.503514e-02 -5.442668e-04
1.123932e+01 5.263151e-02 -1.103307e-03
1.123932e+01 7.314235e-02 -2.218266e-03
1.123932e+01 1.025928e-01 -3.410629e-03
1.123932e+01 1.448116e-01 -5.684953e-03
1.123932e+01 2.023460e-01 -8.239315e-03
1.123932e+01 2.834245e-01 -1.159664e-02
1.123932e+01 3.967448e-01 -1.497869e-02
1.123932e+01 5.552783e-01 -1.774977e-02
1.123932e+01 7.774819e-01 -1.903013e-02
1.123932e+01 1.088445e+00 -1.886672e-02
1.123932e+01 1.523711e+00 -1.854749e-02
1.123932e+01 2.088426e+00 -1.856571e-02
1.123932e+01 2.685505e+00 -1.631084e-02
1.148411e+01 1.570796e-02 -8.403156e-05
1.148411e+01 2.346256e-02 -2.287357e-04
1.148411e+01 3.503514e-02 -4.701823e-04
1.148411e+01 5.263151e-02 -9.520674e-04
1.148411e+01 7.314235e-02 -1.913593e-03
1.148411e+01 1.025928e-01 -2.938261e-03
1.148411e+01 1.448116e-01 -4.886584e-03
1.148411e+01 2.023460e-01 -7.121226e-03
1.148411e+01 2.834245e-01 -1.006028e-02
1.148411e+01 3.967448e-01 -1.311994e-02
1.148411e+01 5.552783e-01 -1.574999e-02
1.148411e+01 7.774819e-01 -1.712696e-02
1.148411e+01 1.088445e+00 -1.724505e-02
1.148411e+01 1.523711e+00 -1.721395e-02
1.148411e+01 2.088426e+00 -1.733527e-02
1.148411e+01 2.685505e+00 -1.516182e-02
1.173379e+01 1.570796e-02 -7.245181e-05
1.173379e+01 2.346256e-02 -1.959524e-04
1.173379e+01 3.503514e-02 -4.040803e-04
1.173379e+01 5.263151e-02 -8.210756e-04
1.173379e+01 7.314235e-02 -1.641947e-03
1.173379e+01 1.025928e-01 -2.523473e-03
1.173379e+01 1.448116e-01 -4.189595e-03
1.173379e+01 2.023460e-01 -6.127120e-03
1.173379e+01 2.834245e-01 -8.690649e-03
1.173379e+01 3.967448e-01 -1.142415e-02
1.173379e+01 5.552783e-01 -1.387501e-02
1.173379e+01 7.774819e-01 -1.533017e-02
1.173379e+01 1.088445e+00 -1.566659e-02
1.173379e+01 1.523711e+00 -1.583507e-02
1.173379e+01 2.088426e+00 -1.60988e-02
1.173379e+01 2.685505e+00 -1.410103e-02
1.198847e+01 1.570796e-02 -6.216332e-05
1.198847e+01 2.346256e-02 -1.659437e-04
1.198847e+01 3.503514e-02 -3.471242e-04
1.198847e+01 5.263151e-02 -7.01849e-04
1.198847e+01 7.314235e-02 -1.401368e-03
1.198847e+01 1.025928e-01 -2.163123e-03
1.198847e+01 1.448116e-01 -3.580230e-03
1.198847e+01 2.023460e-01 -5.250911e-03
1.198847e+01 2.834245e-01 -7.474908e-03
1.198847e+01 3.967448e-01 -9.886448e-03
1.198847e+01 5.552783e-01 -1.211964e-02
1.198847e+01 7.774819e-01 -1.359318e-02
1.198847e+01 1.088445e+00 -1.413232e-02
1.198847e+01 1.523711e+00 -1.451446e-02
1.198847e+01 2.088426e+00 -1.487424e-02
1.198847e+01 2.685505e+00 -1.295046e-02
1.224824e+01 1.570796e-02 -5.332186e-05
1.224824e+01 2.346256e-02 -1.394405e-04
1.224824e+01 3.503514e-02 -2.958371e-04
1.224824e+01 5.263151e-02 -5.987190e-04
1.224824e+01 7.314235e-02 -1.192204e-03
1.224824e+01 1.025928e-01 -1.843822e-03
1.224824e+01 1.448116e-01 -3.050989e-03
1.224824e+01 2.023460e-01 -4.49561e-03
1.224824e+01 2.834245e-01 -6.395809e-03
1.224824e+01 3.967448e-01 -8.513593e-03
1.224824e+01 5.552783e-01 -1.053958e-02
1.224824e+01 7.774819e-01 -1.1971e-02
1.224824e+01 1.088445e+00 -1.265981e-02
1.224824e+01 1.523711e+00 -1.319112e-02
1.224824e+01 2.088426e+00 -1.362630e-02
1.224824e+01 2.685505e+00 -1.181399e-02
1.251320e+01 1.570796e-02 -4.532044e-05
1.251320e+01 2.346256e-02 -1.159401e-04
1.251320e+01 3.503514e-02 -2.499614e-04
1.251320e+01 5.263151e-02 -5.053651e-04
1.251320e+01 7.314235e-02 -1.00814e-03
1.251320e+01 1.025928e-01 -1.566392e-03
1.251320e+01 1.448116e-01 -2.583664e-03
1.251320e+01 2.023460e-01 -3.811794e-03
1.251320e+01 2.834245e-01 -5.432607e-03
1.251320e+01 3.967448e-01 -7.274851e-03
1.251320e+01 5.552783e-01 -9.072647e-03
1.251320e+01 7.774819e-01 -1.046425e-02
1.251320e+01 1.088445e+00 -1.124357e-02
1.251320e+01 1.523711e+00 -1.192947e-02
1.251320e+01 2.088426e+00 -1.245509e-02
1.251320e+01 2.685505e+00 -1.082874e-02
1.278347e+01 1.570796e-02 -3.833712e-05
1.278347e+01 2.346256e-02 -9.62546e-05
1.278347e+01 3.503514e-02 -2.103403e-04
1.278347e+01 5.263151e-02 -4.262733e-04
1.278347e+01 7.314235e-02 -8.481972e-04
1.278347e+01 1.025928e-01 -1.322947e-03
1.278347e+01 1.448116e-01 -2.175075e-03
1.278347e+01 2.023460e-01 -3.215594e-03
1.278347e+01 2.834245e-01 -4.592460e-03
1.278347e+01 3.967448e-01 -6.170627e-03
1.278347e+01 5.552783e-01 -7.766550e-03
1.278347e+01 7.774819e-01 -9.095113e-03
1.278347e+01 1.088445e+00 -9.925382e-03
1.278347e+01 1.523711e+00 -1.071182e-02
1.278347e+01 2.088426e+00 -1.12983e-02
1.278347e+01 2.685505e+00 -9.880990e-03
1.305914e+01 1.570796e-02 -3.223685e-05
1.305914e+01 2.346256e-02 -7.922765e-05
1.305914e+01 3.503514e-02 -1.759076e-04
1.305914e+01 5.263151e-02 -3.578853e-04
1.305914e+01 7.314235e-02 -7.122733e-04
1.305914e+01 1.025928e-01 -1.107716e-03
1.305914e+01 1.448116e-01 -1.820001e-03
1.305914e+01 2.023460e-01 -2.701270e-03
1.305914e+01 2.834245e-01 -3.862713e-03
1.305914e+01 3.967448e-01 -5.200522e-03
1.305914e+01 5.552783e-01 -6.601588e-03
1.305914e+01 7.774819e-01 -7.840886e-03
1.305914e+01 1.088445e+00 -8.704551e-03
1.305914e+01 1.523711e+00 -9.537607e-03
1.305914e+01 2.088426e+00 -1.017785e-02
1.305914e+01 2.685505e+00 -8.921059e-03
1.334032e+01 1.570796e-02 -2.701375e-05
1.334032e+01 2.346256e-02 -6.604789e-05
1.334032e+01 3.503514e-02 -1.466177e-04
1.334032e+01 5.263151e-02 -2.985863e-04
1.334032e+01 7.314235e-02 -5.936085e-04
1.334032e+01 1.025928e-01 -9.237576e-04
1.334032e+01 1.448116e-01 -1.515835e-03
1.334032e+01 2.023460e-01 -2.25478e-03
1.334032e+01 2.834245e-01 -3.234676e-03
1.334032e+01 3.967448e-01 -4.358639e-03
1.334032e+01 5.552783e-01 -5.575487e-03
1.334032e+01 7.774819e-01 -6.724285e-03
1.334032e+01 1.088445e+00 -7.585247e-03
1.334032e+01 1.523711e+00 -8.448044e-03
1.334032e+01 2.088426e+00 -9.118500e-03
1.334032e+01 2.685505e+00 -8.072185e-03
1.362713e+01 1.570796e-02 -2.243012e-05
1.362713e+01 2.346256e-02 -5.435006e-05
1.362713e+01 3.503514e-02 -1.220117e-04
1.362713e+01 5.263151e-02 -2.460271e-04
1.362713e+01 7.314235e-02 -4.920895e-04
1.362713e+01 1.025928e-01 -7.65541e-04
1.362713e+01 1.448116e-01 -1.256463e-03
1.362713e+01 2.023460e-01 -1.872954e-03
1.362713e+01 2.834245e-01 -2.685097e-03
1.362713e+01 3.967448e-01 -3.632162e-03
1.362713e+01 5.552783e-01 -4.679447e-03
1.362713e+01 7.774819e-01 -5.717898e-03
1.362713e+01 1.088445e+00 -6.556707e-03
1.362713e+01 1.523711e+00 -7.425775e-03
1.362713e+01 2.088426e+00 -8.115389e-03
1.362713e+01 2.685505e+00 -7.248604e-03
1.391967e+01 1.570796e-02 -1.863521e-05
1.391967e+01 2.346256e-02 -4.428201e-05
1.391967e+01 3.503514e-02 -9.948286e-05
1.391967e+01 5.263151e-02 -2.023636e-04
1.391967e+01 7.314235e-02 -4.042088e-04
1.391967e+01 1.025928e-01 -6.288246e-04
1.391967e+01 1.448116e-01 -1.033147e-03
1.391967e+01 2.023460e-01 -1.545916e-03
1.391967e+01 2.834245e-01 -2.215184e-03
1.391967e+01 3.967448e-01 -3.009197e-03
1.391967e+01 5.552783e-01 -3.900944e-03
1.391967e+01 7.774819e-01 -4.829816e-03
1.391967e+01 1.088445e+00 -5.642202e-03
1.391967e+01 1.523711e+00 -6.481708e-03
1.391967e+01 2.088426e+00 -7.173543e-03
1.391967e+01 2.685505e+00 -6.407728e-03
1.421806e+01 1.570796e-02 -1.530558e-05
1.421806e+01 2.346256e-02 -3.597560e-05
1.421806e+01 3.503514e-02 -8.170976e-05
1.421806e+01 5.263151e-02 -1.663086e-04
1.421806e+01 7.314235e-02 -3.302925e-04
1.421806e+01 1.025928e-01 -5.148191e-04
1.421806e+01 1.448116e-01 -8.475159e-04
1.421806e+01 2.023460e-01 -1.267605e-03
1.421806e+01 2.834245e-01 -1.819713e-03
1.421806e+01 3.967448e-01 -2.477764e-03
1.421806e+01 5.552783e-01 -3.236037e-03
1.421806e+01 7.774819e-01 -4.060028e-03
1.421806e+01 1.088445e+00 -4.817702e-03
1.421806e+01 1.523711e+00 -5.647026e-03
1.421806e+01 2.088426e+00 -6.301876e-03
1.421806e+01 2.685505e+00 -5.658783e-03
1.452242e+01 1.570796e-02 -1.259087e-05
1.452242e+01 2.346256e-02 -2.988422e-05
1.452242e+01 3.503514e-02 -6.687431e-05
1.452242e+01 5.263151e-02 -1.362049e-04
1.452242e+01 7.314235e-02 -2.685634e-04
1.452242e+01 1.025928e-01 -4.189199e-04
1.452242e+01 1.448116e-01 -6.903795e-04
1.452242e+01 2.023460e-01 -1.036074e-03
1.452242e+01 2.834245e-01 -1.487286e-03
1.452242e+01 3.967448e-01 -2.032652e-03
1.452242e+01 5.552783e-01 -2.673939e-03
1.452242e+01 7.774819e-01 -3.393274e-03
1.452242e+01 1.088445e+00 -4.087416e-03
1.452242e+01 1.523711e+00 -4.878476e-03
1.452242e+01 2.088426e+00 -5.507273e-03
1.452242e+01 2.685505e+00 -5.006987e-03
1.483287e+01 1.570796e-02 -1.029838e-05
1.483287e+01 2.346256e-02 -2.386098e-05
1.483287e+01 3.503514e-02 -5.441821e-05
1.483287e+01 5.263151e-02 -1.111092e-04
1.483287e+01 7.314235e-02 -2.180934e-04
1.483287e+01 1.025928e-01 -3.404423e-04
1.483287e+01 1.448116e-01 -5.601647e-04
1.483287e+01 2.023460e-01 -8.418779e-04
1.483287e+01 2.834245e-01 -1.208693e-03
1.483287e+01 3.967448e-01 -1.656039e-03
1.483287e+01 5.552783e-01 -2.197918e-03
1.483287e+01 7.774819e-01 -2.816251e-03
1.483287e+01 1.088445e+00 -3.449258e-03
1.483287e+01 1.523711e+00 -4.191536e-03
1.483287e+01 2.088426e+00 -4.785536e-03
1.483287e+01 2.685505e+00 -4.365574e-03
1.514953e+01 1.570796e-02 -8.298860e-06
1.514953e+01 2.346256e-02 -1.886605e-05
1.514953e+01 3.503514e-02 -4.344073e-05
1.514953e+01 5.263151e-02 -8.912484e-05
1.514953e+01 7.314235e-02 -1.756776e-04
1.514953e+01 1.025928e-01 -2.729466e-04
1.514953e+01 1.448116e-01 -4.513686e-04
1.514953e+01 2.023460e-01 -6.808543e-04
1.514953e+01 2.834245e-01 -9.751345e-04
1.514953e+01 3.967448e-01 -1.34275e-03
1.514953e+01 5.552783e-01 -1.79047e-03
1.514953e+01 7.774819e-01 -2.321107e-03
1.514953e+01 1.088445e+00 -2.896428e-03
1.514953e+01 1.523711e+00 -3.566113e-03
1.514953e+01 2.088426e+00 -4.119281e-03
1.514953e+01 2.685505e+00 -3.794692e-03
1.547252e+01 1.570796e-02 -6.766036e-06
1.547252e+01 2.346256e-02 -1.464200e-05
1.547252e+01 3.503514e-02 -3.464054e-05
1.547252e+01 5.263151e-02 -7.066310e-05
1.547252e+01 7.314235e-02 -1.396160e-04
1.547252e+01 1.025928e-01 -2.181616e-04
1.547252e+01 1.448116e-01 -3.602006e-04
1.547252e+01 2.023460e-01 -5.457865e-04
1.547252e+01 2.834245e-01 -7.789604e-04
1.547252e+01 3.967448e-01 -1.078656e-03
1.547252e+01 5.552783e-01 -1.445114e-03
1.547252e+01 7.774819e-01 -1.891248e-03
1.547252e+01 1.088445e+00 -2.401645e-03
1.547252e+01 1.523711e+00 -2.998011e-03
1.547252e+01 2.088426e+00 -3.510429e-03
1.547252e+01 2.685505e+00 -3.254790e-03
1.580197e+01 1.570796e-02 -5.432729e-06
1.580197e+01 2.346256e-02 -1.158435e-05
1.580197e+01 3.503514e-02 -2.743896e-05
1.580197e+01 5.263151e-02 -5.58065e-05
1.580197e+01 7.314235e-02 -1.112547e-04
1.580197e+01 1.025928e-01 -1.744972e-04
1.580197e+01 1.448116e-01 -2.869185e-04
1.580197e+01 2.023460e-01 -4.343732e-04
1.580197e+01 2.834245e-01 -6.198914e-04
1.580197e+01 3.967448e-01 -8.627701e-04
1.580197e+01 5.552783e-01 -1.162043e-03
1.580197e+01 7.774819e-01 -1.532959e-03
1.580197e+01 1.088445e+00 -1.977435e-03
1.580197e+01 1.523711e+00 -2.512322e-03
1.580197e+01 2.088426e+00 -2.969615e-03
1.580197e+01 2.685505e+00 -2.792815e-03
1.613801e+01 1.570796e-02 -4.405199e-06
1.613801e+01 2.346256e-02 -9.253650e-06
1.613801e+01 3.503514e-02 -2.199277e-05
1.613801e+01 5.263151e-02 -4.423477e-05
1.613801e+01 7.314235e-02 -8.808225e-05
1.613801e+01 1.025928e-01 -1.380276e-04
1.613801e+01 1.448116e-01 -2.287277e-04
1.613801e+01 2.023460e-01 -3.445894e-04
1.613801e+01 2.834245e-01 -4.929463e-04
1.613801e+01 3.967448e-01 -6.851823e-04
1.613801e+01 5.552783e-01 -9.304510e-04
1.613801e+01 7.774819e-01 -1.237555e-03
1.613801e+01 1.088445e+00 -1.622494e-03
1.613801e+01 1.523711e+00 -2.095812e-03
1.613801e+01 2.088426e+00 -2.506316e-03
1.613801e+01 2.685505e+00 -2.369442e-03
1.648077e+01 1.570796e-02 -3.598194e-06
1.648077e+01 2.346256e-02 -7.214231e-06
1.648077e+01 3.503514e-02 -1.75223e-05
1.648077e+01 5.263151e-02 -3.42015e-05
1.648077e+01 7.314235e-02 -6.969963e-05
1.648077e+01 1.025928e-01 -1.084239e-04
1.648077e+01 1.448116e-01 -1.790282e-04
1.648077e+01 2.023460e-01 -2.722346e-04
1.648077e+01 2.834245e-01 -3.891584e-04
1.648077e+01 3.967448e-01 -5.428267e-04
1.648077e+01 5.552783e-01 -7.414722e-04
1.648077e+01 7.774819e-01 -9.934249e-04
1.648077e+01 1.088445e+00 -1.321964e-03
1.648077e+01 1.523711e+00 -1.736661e-03
1.648077e+01 2.088426e+00 -2.094335e-03
1.648077e+01 2.685505e+00 -1.959533e-03
1.683038e+01 1.570796e-02 -2.738755e-06
1.683038e+01 2.346256e-02 -5.653246e-06
1.683038e+01 3.503514e-02 -1.373697e-05
1.683038e+01 5.263151e-02 -2.678742e-05
1.683038e+01 7.314235e-02 -5.410477e-05
1.683038e+01 1.025928e-01 -8.433476e-05
1.683038e+01 1.448116e-01 -1.399152e-04
1.683038e+01 2.023460e-01 -2.12137e-04
1.683038e+01 2.834245e-01 -3.038742e-04
1.683038e+01 3.967448e-01 -4.242597e-04
1.683038e+01 5.552783e-01 -5.836834e-04
1.683038e+01 7.774819e-01 -7.900626e-04
1.683038e+01 1.088445e+00 -1.066171e-03
1.683038e+01 1.523711e+00 -1.420215e-03
1.683038e+01 2.088426e+00 -1.728457e-03
1.683038e+01 2.685505e+00 -1.618913e-03
1.718699e+01 1.570796e-02 -2.17325e-06
1.718699e+01 2.346256e-02 -4.349058e-06
1.718699e+01 3.503514e-02 -1.067238e-05
1.718699e+01 5.263151e-02 -2.069086e-05
1.718699e+01 7.314235e-02 -4.150319e-05
1.718699e+01 1.025928e-01 -6.470416e-05
1.718699e+01 1.448116e-01 -1.088598e-04
1.718699e+01 2.023460e-01 -1.654544e-04
1.718699e+01 2.834245e-01 -2.357221e-04
1.718699e+01 3.967448e-01 -3.315404e-04
1.718699e+01 5.552783e-01 -4.567815e-04
1.718699e+01 7.774819e-01 -6.243694e-04
1.718699e+01 1.088445e+00 -8.498437e-04
1.718699e+01 1.523711e+00 -1.149339e-03
1.718699e+01 2.088426e+00 -1.413949e-03
1.718699e+01 2.685505e+00 -1.326725e-03
1.755073e+01 1.570796e-02 -1.719568e-06
1.755073e+01 2.346256e-02 -3.282711e-06
1.755073e+01 3.503514e-02 -8.417277e-06
1.755073e+01 5.263151e-02 -1.592274e-05
1.755073e+01 7.314235e-02 -3.190962e-05
1.755073e+01 1.025928e-01 -4.955787e-05
1.755073e+01 1.448116e-01 -8.389807e-05
1.755073e+01 2.023460e-01 -1.272864e-04
1.755073e+01 2.834245e-01 -1.825350e-04
1.755073e+01 3.967448e-01 -2.560998e-04
1.755073e+01 5.552783e-01 -3.550525e-04
1.755073e+01 7.774819e-01 -4.883239e-04
1.755073e+01 1.088445e+00 -6.721148e-04
1.755073e+01 1.523711e+00 -9.187545e-04
1.755073e+01 2.088426e+00 -1.137775e-03
1.755073e+01 2.685505e+00 -1.076862e-03
1.792175e+01 1.570796e-02 -1.31791e-06
1.792175e+01 2.346256e-02 -2.401825e-06
1.792175e+01 3.503514e-02 -6.454824e-06
1.792175e+01 5.263151e-02 -1.208442e-05
1.792175e+01 7.314235e-02 -2.414340e-05
1.792175e+01 1.025928e-01 -3.710229e-05
1.792175e+01 1.448116e-01 -6.325628e-05
1.792175e+01 2.023460e-01 -9.659125e-05
1.792175e+01 2.834245e-01 -1.378026e-04
1.792175e+01 3.967448e-01 -1.943587e-04
1.792175e+01 5.552783e-01 -2.702038e-04
1.792175e+01 7.774819e-01 -3.765827e-04
1.792175e+01 1.088445e+00 -5.232682e-04
1.792175e+01 1.523711e+00 -7.232211e-04
1.792175e+01 2.088426e+00 -9.058277e-04
1.792175e+01 2.685505e+00 -8.634729e-04
1.830018e+01 1.570796e-02 -1.06967e-06
1.830018e+01 2.346256e-02 -1.747483e-06
1.830018e+01 3.503514e-02 -4.917954e-06
1.830018e+01 5.263151e-02 -8.96623e-06
1.830018e+01 7.314235e-02 -1.819190e-05
1.830018e+01 1.025928e-01 -2.797889e-05
1.830018e+01 1.448116e-01 -4.753946e-05
1.830018e+01 2.023460e-01 -7.294320e-05
1.830018e+01 2.834245e-01 -1.042045e-04
1.830018e+01 3.967448e-01 -1.48023e-04
1.830018e+01 5.552783e-01 -2.06491e-04
1.830018e+01 7.774819e-01 -2.913938e-04
1.830018e+01 1.088445e+00 -4.058501e-04
1.830018e+01 1.523711e+00 -5.636596e-04
1.830018e+01 2.088426e+00 -7.115055e-04
1.830018e+01 2.685505e+00 -6.835946e-04
1.868618e+01 1.570796e-02 -7.991321e-07
1.868618e+01 2.346256e-02 -1.172713e-06
1.868618e+01 3.503514e-02 -3.627521e-06
1.868618e+01 5.263151e-02 -6.879362e-06
1.868618e+01 7.314235e-02 -1.340442e-05
1.868618e+01 1.025928e-01 -2.067572e-05
1.868618e+01 1.448116e-01 -3.501875e-05
1.868618e+01 2.023460e-01 -5.367056e-05
1.868618e+01 2.834245e-01 -7.719552e-05
1.868618e+01 3.967448e-01 -1.096051e-04
1.868618e+01 5.552783e-01 -1.544221e-04
1.868618e+01 7.774819e-01 -2.195504e-04
1.868618e+01 1.088445e+00 -3.077149e-04
1.868618e+01 1.523711e+00 -4.316573e-04
1.868618e+01 2.088426e+00 -5.439044e-04
1.868618e+01 2.685505e+00 -5.192608e-04
1.907991e+01 1.570796e-02 -5.984964e-07
1.907991e+01 2.346256e-02 -8.504205e-07
1.907991e+01 3.503514e-02 -2.600390e-06
1.907991e+01 5.263151e-02 -5.064905e-06
1.907991e+01 7.314235e-02 -9.661665e-06
1.907991e+01 1.025928e-01 -1.485717e-05
1.907991e+01 1.448116e-01 -2.548295e-05
1.907991e+01 2.023460e-01 -3.896223e-05
1.907991e+01 2.834245e-01 -5.571386e-05
1.907991e+01 3.967448e-01 -7.937336e-05
1.907991e+01 5.552783e-01 -1.128435e-04
1.907991e+01 7.774819e-01 -1.633106e-04
1.907991e+01 1.088445e+00 -2.284839e-04
1.907991e+01 1.523711e+00 -3.223417e-04
1.907991e+01 2.088426e+00 -4.079651e-04
1.907991e+01 2.685505e+00 -3.893911e-04
1.948151e+01 1.570796e-02 -4.386325e-07
1.948151e+01 2.346256e-02 -5.967285e-07
1.948151e+01 3.503514e-02 -1.818447e-06
1.948151e+01 5.263151e-02 -3.670464e-06
1.948151e+01 7.314235e-02 -6.896419e-06
1.948151e+01 1.025928e-01 -1.05153e-05
1.948151e+01 1.448116e-01 -1.823794e-05
1.948151e+01 2.023460e-01 -2.799181e-05
1.948151e+01 2.834245e-01 -4.009991e-05
1.948151e+01 3.967448e-01 -5.729008e-05
1.948151e+01 5.552783e-01 -8.185381e-05
1.948151e+01 7.774819e-01 -1.197971e-04
1.948151e+01 1.088445e+00 -1.68038e-04
1.948151e+01 1.523711e+00 -2.381986e-04
1.948151e+01 2.088426e+00 -3.030871e-04
1.948151e+01 2.685505e+00 -2.869832e-04
1.989114e+01 1.570796e-02 -3.170744e-07
1.989114e+01 2.346256e-02 -3.958717e-07
1.989114e+01 3.503514e-02 -1.267067e-06
1.989114e+01 5.263151e-02 -2.643662e-06
1.989114e+01 7.314235e-02 -4.903824e-06
1.989114e+01 1.025928e-01 -7.320614e-06
1.989114e+01 1.448116e-01 -1.292892e-05
1.989114e+01 2.023460e-01 -1.991375e-05
1.989114e+01 2.834245e-01 -2.833621e-05
1.989114e+01 3.967448e-01 -4.08114e-05
1.989114e+01 5.552783e-01 -5.85739e-05
1.989114e+01 7.774819e-01 -8.652363e-05
1.989114e+01 1.088445e+00 -1.213545e-04
1.989114e+01 1.523711e+00 -1.718377e-04
1.989114e+01 2.088426e+00 -2.206903e-04
1.989114e+01 2.685505e+00 -2.138051e-04
2.030896e+01 1.570796e-02 -2.373126e-07
2.030896e+01 2.346256e-02 -2.753718e-07
2.030896e+01 3.503514e-02 -9.225973e-07
2.030896e+01 5.263151e-02 -1.833248e-06
2.030896e+01 7.314235e-02 -3.328211e-06
2.030896e+01 1.025928e-01 -4.956578e-06
2.030896e+01 1.448116e-01 -9.011450e-06
2.030896e+01 2.023460e-01 -1.414209e-05
2.030896e+01 2.834245e-01 -1.961993e-05
2.030896e+01 3.967448e-01 -2.872819e-05
2.030896e+01 5.552783e-01 -4.129761e-05
2.030896e+01 7.774819e-01 -6.100577e-05
2.030896e+01 1.088445e+00 -8.563177e-05
2.030896e+01 1.523711e+00 -1.212382e-04
2.030896e+01 2.088426e+00 -1.573344e-04
2.030896e+01 2.685505e+00 -1.537466e-04
2.073514e+01 1.570796e-02 -1.580713e-07
2.073514e+01 2.346256e-02 -1.641721e-07
2.073514e+01 3.503514e-02 -6.087240e-07
2.073514e+01 5.263151e-02 -1.223879e-06
2.073514e+01 7.314235e-02 -2.159858e-06
2.073514e+01 1.025928e-01 -3.292968e-06
2.073514e+01 1.448116e-01 -6.139731e-06
2.073514e+01 2.023460e-01 -9.648203e-06
2.073514e+01 2.834245e-01 -1.325215e-05
2.073514e+01 3.967448e-01 -1.955266e-05
2.073514e+01 5.552783e-01 -2.841403e-05
2.073514e+01 7.774819e-01 -4.234384e-05
2.073514e+01 1.088445e+00 -5.900791e-05
2.073514e+01 1.523711e+00 -8.393094e-05
2.073514e+01 2.088426e+00 -1.096189e-04
2.073514e+01 2.685505e+00 -1.079071e-04
2.116984e+01 1.570796e-02 -1.096046e-07
2.116984e+01 2.346256e-02 -1.24471e-07
2.116984e+01 3.503514e-02 -4.244616e-07
2.116984e+01 5.263151e-02 -7.741454e-07
2.116984e+01 7.314235e-02 -1.44121e-06
2.116984e+01 1.025928e-01 -2.181308e-06
2.116984e+01 1.448116e-01 -4.071202e-06
2.116984e+01 2.023460e-01 -6.406192e-06
2.116984e+01 2.834245e-01 -8.922212e-06
2.116984e+01 3.967448e-01 -1.300733e-05
2.116984e+01 5.552783e-01 -1.933107e-05
2.116984e+01 7.774819e-01 -2.887410e-05
2.116984e+01 1.088445e+00 -4.029804e-05
2.116984e+01 1.523711e+00 -5.753424e-05
2.116984e+01 2.088426e+00 -7.621635e-05
2.116984e+01 2.685505e+00 -7.479312e-05
2.161324e+01 1.570796e-02 -6.867016e-08
2.161324e+01 2.346256e-02 -6.607927e-08
2.161324e+01 3.503514e-02 -2.737563e-07
2.161324e+01 5.263151e-02 -4.854676e-07
2.161324e+01 7.314235e-02 -8.951075e-07
2.161324e+01 1.025928e-01 -1.416911e-06
2.161324e+01 1.448116e-01 -2.627034e-06
2.161324e+01 2.023460e-01 -4.150241e-06
2.161324e+01 2.834245e-01 -5.751762e-06
2.161324e+01 3.967448e-01 -8.609597e-06
2.161324e+01 5.552783e-01 -1.270965e-05
2.161324e+01 7.774819e-01 -1.911059e-05
2.161324e+01 1.088445e+00 -2.672852e-05
2.161324e+01 1.523711e+00 -3.831774e-05
2.161324e+01 2.088426e+00 -5.066005e-05
2.161324e+01 2.685505e+00 -5.021209e-05
2.206550e+01 1.570796e-02 -4.461454e-08
2.206550e+01 2.346256e-02 -3.359947e-08
2.206550e+01 3.503514e-02 -1.864859e-07
2.206550e+01 5.263151e-02 -3.1667e-07
2.206550e+01 7.314235e-02 -5.823879e-07
2.206550e+01 1.025928e-01 -9.193518e-07
2.206550e+01 1.448116e-01 -1.720816e-06
2.206550e+01 2.023460e-01 -2.669459e-06
2.206550e+01 2.834245e-01 -3.745752e-06
2.206550e+01 3.967448e-01 -5.613625e-06
2.206550e+01 5.552783e-01 -8.371295e-06
2.206550e+01 7.774819e-01 -1.263789e-05
2.206550e+01 1.088445e+00 -1.775767e-05
2.206550e+01 1.523711e+00 -2.519974e-05
2.206550e+01 2.088426e+00 -3.351068e-05
2.206550e+01 2.685505e+00 -3.351528e-05
2.252681e+01 1.570796e-02 -2.728768e-08
2.252681e+01 2.346256e-02 -2.027448e-08
2.252681e+01 3.503514e-02 -1.098345e-07
2.252681e+01 5.263151e-02 -1.841466e-07
2.252681e+01 7.314235e-02 -3.466793e-07
2.252681e+01 1.025928e-01 -5.606973e-07
2.252681e+01 1.448116e-01 -1.050359e-06
2.252681e+01 2.023460e-01 -1.65313e-06
2.252681e+01 2.834245e-01 -2.275375e-06
2.252681e+01 3.967448e-01 -3.493344e-06
2.252681e+01 5.552783e-01 -5.299827e-06
2.252681e+01 7.774819e-01 -7.978155e-06
2.252681e+01 1.088445e+00 -1.136021e-05
2.252681e+01 1.523711e+00 -1.618216e-05
2.252681e+01 2.088426e+00 -2.175185e-05
2.252681e+01 2.685505e+00 -2.140651e-05
2.299735e+01 1.570796e-02 -1.607904e-08
2.299735e+01 2.346256e-02 -1.117878e-08
2.299735e+01 3.503514e-02 -6.033043e-08
2.299735e+01 5.263151e-02 -1.147143e-07
2.299735e+01 7.314235e-02 -2.056630e-07
2.299735e+01 1.025928e-01 -3.380428e-07
2.299735e+01 1.448116e-01 -6.284614e-07
2.299735e+01 2.023460e-01 -1.010221e-06
2.299735e+01 2.834245e-01 -1.363671e-06
2.299735e+01 3.967448e-01 -2.126593e-06
2.299735e+01 5.552783e-01 -3.232816e-06
2.299735e+01 7.774819e-01 -5.006172e-06
2.299735e+01 1.088445e+00 -7.042049e-06
2.299735e+01 1.523711e+00 -1.019659e-05
2.299735e+01 2.088426e+00 -1.377438e-05
2.299735e+01 2.685505e+00 -1.316254e-05
2.34773e+01 1.570796e-02 4.631178e-10
2.34773e+01 2.346256e-02 1.178172e-09
2.34773e+01 3.503514e-02 2.388876e-09
2.34773e+01 5.263151e-02 4.897716e-09
2.34773e+01 7.314235e-02 1.022576e-08
2.34773e+01 1.025928e-01 1.525239e-08
2.34773e+01 1.448116e-01 2.586519e-08
2.34773e+01 2.023460e-01 3.768535e-08
2.34773e+01 2.834245e-01 5.462933e-08
2.34773e+01 3.967448e-01 7.692039e-08
2.34773e+01 5.552783e-01 1.069973e-07
2.34773e+01 7.774819e-01 1.392509e-07
2.34773e+01 1.088445e+00 1.553169e-07
2.34773e+01 1.523711e+00 1.363267e-07
2.34773e+01 2.088426e+00 9.032578e-08
2.34773e+01 2.685505e+00 4.027526e-08
2.396684e+01 1.570796e-02 4.341692e-10
2.396684e+01 2.346256e-02 1.103041e-09
2.396684e+01 3.503514e-02 2.237744e-09
2.396684e+01 5.263151e-02 4.583824e-09
2.396684e+01 7.314235e-02 9.575722e-09
2.396684e+01 1.025928e-01 1.428034e-08
2.396684e+01 1.448116e-01 2.423871e-08
2.396684e+01 2.023460e-01 3.539554e-08
2.396684e+01 2.834245e-01 5.154922e-08
2.396684e+01 3.967448e-01 7.305848e-08
2.396684e+01 5.552783e-01 1.024025e-07
2.396684e+01 7.774819e-01 1.34065e-07
2.396684e+01 1.088445e+00 1.506528e-07
2.396684e+01 1.523711e+00 1.339098e-07
2.396684e+01 2.088426e+00 9.030599e-08
2.396684e+01 2.685505e+00 4.070121e-08
2.446618e+01 1.570796e-02 4.052857e-10
2.446618e+01 2.346256e-02 1.028498e-09
2.446618e+01 3.503514e-02 2.089185e-09
2.446618e+01 5.263151e-02 4.274606e-09
2.446618e+01 7.314235e-02 8.937275e-09
2.446618e+01 1.025928e-01 1.332312e-08
2.446618e+01 1.448116e-01 2.264193e-08
2.446618e+01 2.023460e-01 3.314946e-08
2.446618e+01 2.834245e-01 4.852157e-08
2.446618e+01 3.967448e-01 6.924939e-08
2.446618e+01 5.552783e-01 9.773964e-08
2.446618e+01 7.774819e-01 1.287075e-07
2.446618e+01 1.088445e+00 1.456941e-07
2.446618e+01 1.523711e+00 1.313745e-07
2.446618e+01 2.088426e+00 9.021584e-08
2.446618e+01 2.685505e+00 4.118982e-08
2.497550e+01 1.570796e-02 3.769937e-10
2.497550e+01 2.346256e-02 9.558935e-10
2.497550e+01 3.503514e-02 1.943079e-09
2.497550e+01 5.263151e-02 3.972468e-09
2.497550e+01 7.314235e-02 8.311648e-09
2.497550e+01 1.025928e-01 1.238854e-08
2.497550e+01 1.448116e-01 2.108064e-08
2.497550e+01 2.023460e-01 3.095213e-08
2.497550e+01 2.834245e-01 4.554493e-08
2.497550e+01 3.967448e-01 6.54517e-08
2.497550e+01 5.552783e-01 9.300807e-08
2.497550e+01 7.774819e-01 1.231253e-07
2.497550e+01 1.088445e+00 1.404643e-07
2.497550e+01 1.523711e+00 1.285209e-07
2.497550e+01 2.088426e+00 9.023408e-08
2.497550e+01 2.685505e+00 4.181413e-08
2.549501e+01 1.570796e-02 3.492391e-10
2.549501e+01 2.346256e-02 8.849898e-10
2.549501e+01 3.503514e-02 1.801067e-09
2.549501e+01 5.263151e-02 3.677119e-09
2.549501e+01 7.314235e-02 7.702071e-09
2.549501e+01 1.025928e-01 1.147730e-08
2.549501e+01 1.448116e-01 1.955883e-08
2.549501e+01 2.023460e-01 2.879887e-08
2.549501e+01 2.834245e-01 4.261801e-08
2.549501e+01 3.967448e-01 6.167120e-08
2.549501e+01 5.552783e-01 8.818516e-08
2.549501e+01 7.774819e-01 1.173827e-07
2.549501e+01 1.088445e+00 1.349385e-07
2.549501e+01 1.523711e+00 1.255380e-07
2.549501e+01 2.088426e+00 9.019514e-08
2.549501e+01 2.685505e+00 4.258331e-08
2.602491e+01 1.570796e-02 3.220829e-10
2.602491e+01 2.346256e-02 8.160306e-10
2.602491e+01 3.503514e-02 1.661817e-09
2.602491e+01 5.263151e-02 3.389778e-09
2.602491e+01 7.314235e-02 7.107016e-09
2.602491e+01 1.025928e-01 1.058583e-08
2.602491e+01 1.448116e-01 1.807141e-08
2.602491e+01 2.023460e-01 2.669374e-08
2.602491e+01 2.834245e-01 3.973125e-08
2.602491e+01 3.967448e-01 5.788619e-08
2.602491e+01 5.552783e-01 8.325337e-08
2.602491e+01 7.774819e-01 1.113862e-07
2.602491e+01 1.088445e+00 1.291442e-07
2.602491e+01 1.523711e+00 1.2229e-07
2.602491e+01 2.088426e+00 9.011012e-08
2.602491e+01 2.685505e+00 4.358260e-08
2.656541e+01 1.570796e-02 2.956513e-10
2.656541e+01 2.346256e-02 7.497267e-10
2.656541e+01 3.503514e-02 1.525746e-09
2.656541e+01 5.263151e-02 3.110254e-09
2.656541e+01 7.314235e-02 6.526756e-09
2.656541e+01 1.025928e-01 9.718501e-09
2.656541e+01 1.448116e-01 1.662085e-08
2.656541e+01 2.023460e-01 2.464102e-08
2.656541e+01 2.834245e-01 3.687772e-08
2.656541e+01 3.967448e-01 5.409731e-08
2.656541e+01 5.552783e-01 7.822815e-08
2.656541e+01 7.774819e-01 1.051885e-07
2.656541e+01 1.088445e+00 1.230563e-07
2.656541e+01 1.523711e+00 1.187344e-07
2.656541e+01 2.088426e+00 8.990310e-08
2.656541e+01 2.685505e+00 4.485547e-08
2.711672e+01 1.570796e-02 2.700298e-10
2.711672e+01 2.346256e-02 6.850259e-10
2.711672e+01 3.503514e-02 1.393283e-09
2.711672e+01 5.263151e-02 2.839153e-09
2.711672e+01 7.314235e-02 5.961259e-09
2.711672e+01 1.025928e-01 8.877264e-09
2.711672e+01 1.448116e-01 1.520529e-08
2.711672e+01 2.023460e-01 2.26328e-08
2.711672e+01 2.834245e-01 3.407054e-08
2.711672e+01 3.967448e-01 5.027792e-08
2.711672e+01 5.552783e-01 7.308688e-08
2.711672e+01 7.774819e-01 9.876358e-08
2.711672e+01 1.088445e+00 1.166549e-07
2.711672e+01 1.523711e+00 1.148536e-07
2.711672e+01 2.088426e+00 8.941446e-08
2.711672e+01 2.685505e+00 4.653748e-08
2.767905e+01 1.570796e-02 2.449566e-10
2.767905e+01 2.346256e-02 6.216036e-10
2.767905e+01 3.503514e-02 1.264260e-09
2.767905e+01 5.263151e-02 2.575629e-09
2.767905e+01 7.314235e-02 5.412489e-09
2.767905e+01 1.025928e-01 8.057720e-09
2.767905e+01 1.448116e-01 1.382785e-08
2.767905e+01 2.023460e-01 2.066878e-08
2.767905e+01 2.834245e-01 3.129298e-08
2.767905e+01 3.967448e-01 4.644073e-08
2.767905e+01 5.552783e-01 6.782752e-08
2.767905e+01 7.774819e-01 9.211102e-08
2.767905e+01 1.088445e+00 1.099117e-07
2.767905e+01 1.523711e+00 1.105117e-07
2.767905e+01 2.088426e+00 8.881375e-08
2.767905e+01 2.685505e+00 4.845799e-08
2.825263e+01 1.570796e-02 2.206256e-10
2.825263e+01 2.346256e-02 5.605816e-10
2.825263e+01 3.503514e-02 1.138588e-09
2.825263e+01 5.263151e-02 2.318666e-09
2.825263e+01 7.314235e-02 4.877568e-09
2.825263e+01 1.025928e-01 7.263392e-09
2.825263e+01 1.448116e-01 1.248016e-08
2.825263e+01 2.023460e-01 1.874323e-08
2.825263e+01 2.834245e-01 2.852939e-08
2.825263e+01 3.967448e-01 4.256383e-08
2.825263e+01 5.552783e-01 6.243841e-08
2.825263e+01 7.774819e-01 8.526508e-08
2.825263e+01 1.088445e+00 1.028233e-07
2.825263e+01 1.523711e+00 1.057583e-07
2.825263e+01 2.088426e+00 8.781459e-08
2.825263e+01 2.685505e+00 5.066758e-08
2.883769e+01 1.570796e-02 1.968787e-10
2.883769e+01 2.346256e-02 5.008917e-10
2.883769e+01 3.503514e-02 1.016213e-09
2.883769e+01 5.263151e-02 2.069178e-09
2.883769e+01 7.314235e-02 4.355653e-09
2.883769e+01 1.025928e-01 6.488895e-09
2.883769e+01 1.448116e-01 1.116559e-08
2.883769e+01 2.023460e-01 1.684721e-08
2.883769e+01 2.834245e-01 2.578121e-08
2.883769e+01 3.967448e-01 3.864656e-08
2.883769e+01 5.552783e-01 5.694252e-08
2.883769e+01 7.774819e-01 7.820134e-08
2.883769e+01 1.088445e+00 9.532166e-08
2.883769e+01 1.523711e+00 1.00298e-07
2.883769e+01 2.088426e+00 8.637636e-08
2.883769e+01 2.685505e+00 5.296185e-08
2.943444e+01 1.570796e-02 1.738405e-10
2.943444e+01 2.346256e-02 4.426696e-10
2.943444e+01 3.503514e-02 8.965793e-10
2.943444e+01 5.263151e-02 1.826099e-09
2.943444e+01 7.314235e-02 3.846795e-09
2.943444e+01 1.025928e-01 5.733772e-09
2.943444e+01 1.448116e-01 9.879868e-09
2.943444e+01 2.023460e-01 1.497986e-08
2.943444e+01 2.834245e-01 2.304148e-08
2.943444e+01 3.967448e-01 3.469123e-08
2.943444e+01 5.552783e-01 5.132276e-08
2.943444e+01 7.774819e-01 7.088168e-08
2.943444e+01 1.088445e+00 8.739528e-08
2.943444e+01 1.523711e+00 9.422294e-08
2.943444e+01 2.088426e+00 8.431027e-08
2.943444e+01 2.685505e+00 5.531094e-08
3.004313e+01 1.570796e-02 1.513005e-10
3.004313e+01 2.346256e-02 3.857707e-10
3.004313e+01 3.503514e-02 7.804007e-10
3.004313e+01 5.263151e-02 1.589861e-09
3.004313e+01 7.314235e-02 3.351125e-09
3.004313e+01 1.025928e-01 4.997783e-09
3.004313e+01 1.448116e-01 8.624082e-09
3.004313e+01 2.023460e-01 1.313644e-08
3.004313e+01 2.834245e-01 2.030018e-08
3.004313e+01 3.967448e-01 3.069848e-08
3.004313e+01 5.552783e-01 4.558346e-08
3.004313e+01 7.774819e-01 6.331192e-08
3.004313e+01 1.088445e+00 7.903949e-08
3.004313e+01 1.523711e+00 8.733669e-08
3.004313e+01 2.088426e+00 8.144781e-08
3.004313e+01 2.685505e+00 5.739137e-08
3.066399e+01 1.570796e-02 1.292853e-10
3.066399e+01 2.346256e-02 3.305422e-10
3.066399e+01 3.503514e-02 6.669090e-10
3.066399e+01 5.263151e-02 1.359179e-09
3.066399e+01 7.314235e-02 2.868002e-09
3.066399e+01 1.025928e-01 4.279418e-09
3.066399e+01 1.448116e-01 7.392397e-09
3.066399e+01 2.023460e-01 1.131964e-08
3.066399e+01 2.834245e-01 1.757401e-08
3.066399e+01 3.967448e-01 2.666283e-08
3.066399e+01 5.552783e-01 3.974299e-08
3.066399e+01 7.774819e-01 5.549130e-08
3.066399e+01 1.088445e+00 7.015092e-08
3.066399e+01 1.523711e+00 7.951642e-08
3.066399e+01 2.088426e+00 7.744846e-08
3.066399e+01 2.685505e+00 5.887030e-08
3.129727e+01 1.570796e-02 1.079341e-10
3.129727e+01 2.346256e-02 2.762722e-10
3.129727e+01 3.503514e-02 5.563256e-10
3.129727e+01 5.263151e-02 1.134634e-09
3.129727e+01 7.314235e-02 2.39583e-09
3.129727e+01 1.025928e-01 3.578912e-09
3.129727e+01 1.448116e-01 6.188231e-09
3.129727e+01 2.023460e-01 9.519203e-09
3.129727e+01 2.834245e-01 1.484472e-08
3.129727e+01 3.967448e-01 2.259188e-08
3.129727e+01 5.552783e-01 3.378823e-08
3.129727e+01 7.774819e-01 4.743575e-08
3.129727e+01 1.088445e+00 6.071646e-08
3.129727e+01 1.523711e+00 7.066285e-08
3.129727e+01 2.088426e+00 7.210965e-08
3.129727e+01 2.685505e+00 5.936429e-08
3.194322e+01 1.570796e-02 8.705344e-11
3.194322e+01 2.346256e-02 2.234024e-10
3.194322e+01 3.503514e-02 4.486833e-10
3.194322e+01 5.263151e-02 9.156641e-10
3.194322e+01 7.314235e-02 1.935322e-09
3.194322e+01 1.025928e-01 2.893815e-09
3.194322e+01 1.448116e-01 5.009226e-09
3.194322e+01 2.023460e-01 7.740418e-09
3.194322e+01 2.834245e-01 1.211789e-08
3.194322e+01 3.967448e-01 1.849406e-08
3.194322e+01 5.552783e-01 2.773607e-08
3.194322e+01 7.774819e-01 3.914919e-08
3.194322e+01 1.088445e+00 5.076161e-08
3.194322e+01 1.523711e+00 6.069585e-08
3.194322e+01 2.088426e+00 6.504041e-08
3.194322e+01 2.685505e+00 5.809453e-08
3.260208e+01 1.570796e-02 6.667662e-11
3.260208e+01 2.346256e-02 1.713640e-10
3.260208e+01 3.503514e-02 3.433975e-10
3.260208e+01 5.263151e-02 7.022454e-10
3.260208e+01 7.314235e-02 1.485649e-09
3.260208e+01 1.025928e-01 2.223529e-09
3.260208e+01 1.448116e-01 3.853885e-09
3.260208e+01 2.023460e-01 5.979566e-09
3.260208e+01 2.834245e-01 9.394791e-09
3.260208e+01 3.967448e-01 1.436700e-08
3.260208e+01 5.552783e-01 2.161313e-08
3.260208e+01 7.774819e-01 3.066064e-08
3.260208e+01 1.088445e+00 4.024939e-08
3.260208e+01 1.523711e+00 4.946646e-08
3.260208e+01 2.088426e+00 5.581640e-08
3.260208e+01 2.685505e+00 5.415634e-08
3.327412e+01 1.570796e-02 4.682280e-11
3.327412e+01 2.346256e-02 1.207762e-10
3.327412e+01 3.503514e-02 2.411581e-10
3.327412e+01 5.263151e-02 4.936964e-10
3.327412e+01 7.314235e-02 1.045034e-09
3.327412e+01 1.025928e-01 1.566616e-09
3.327412e+01 1.448116e-01 2.717677e-09
3.327412e+01 2.023460e-01 4.235085e-09
3.327412e+01 2.834245e-01 6.677018e-09
3.327412e+01 3.967448e-01 1.022874e-08
3.327412e+01 5.552783e-01 1.542962e-08
3.327412e+01 7.774819e-01 2.198076e-08
3.327412e+01 1.088445e+00 2.923052e-08
3.327412e+01 1.523711e+00 3.691419e-08
3.327412e+01 2.088426e+00 4.398130e-08
3.327412e+01 2.685505e+00 4.633103e-08
3.395961e+01 1.570796e-02 2.814539e-11
3.395961e+01 2.346256e-02 7.304487e-11
3.395961e+01 3.503514e-02 1.448583e-10
3.395961e+01 5.263151e-02 2.977548e-10
3.395961e+01 7.314235e-02 6.307643e-10
3.395961e+01 1.025928e-01 9.465768e-10
3.395961e+01 1.448116e-01 1.641141e-09
3.395961e+01 2.023460e-01 2.560046e-09
3.395961e+01 2.834245e-01 4.033311e-09
3.395961e+01 3.967448e-01 6.157116e-09
3.395961e+01 5.552783e-01 9.271808e-09
3.395961e+01 7.774819e-01 1.32069e-08
3.395961e+01 1.088445e+00 1.772589e-08
3.395961e+01 1.523711e+00 2.296499e-08
3.395961e+01 2.088426e+00 2.880434e-08
3.395961e+01 2.685505e+00 3.26019e-08
3.46588e+01 1.570796e-02 9.003929e-12
3.46588e+01 2.346256e-02 2.23681e-11
3.46588e+01 3.503514e-02 4.777078e-11
3.46588e+01 5.263151e-02 9.231200e-11
3.46588e+01 7.314235e-02 2.0122e-10
3.46588e+01 1.025928e-01 2.995796e-10
3.46588e+01 1.448116e-01 5.188965e-10
3.46588e+01 2.023460e-01 8.207882e-10
3.46588e+01 2.834245e-01 1.304729e-09
3.46588e+01 3.967448e-01 2.003522e-09
3.46588e+01 5.552783e-01 3.027190e-09
3.46588e+01 7.774819e-01 4.335019e-09
3.46588e+01 1.088445e+00 5.877053e-09
3.46588e+01 1.523711e+00 7.784120e-09
3.46588e+01 2.088426e+00 1.022124e-08
3.46588e+01 2.685505e+00 1.235511e-08
3.537197e+01 1.570796e-02 0.e+00
3.537197e+01 2.346256e-02 0.e+00
3.537197e+01 3.503514e-02 0.e+00
3.537197e+01 5.263151e-02 0.e+00
3.537197e+01 7.314235e-02 0.e+00
3.537197e+01 1.025928e-01 0.e+00
3.537197e+01 1.448116e-01 0.e+00
3.537197e+01 2.023460e-01 0.e+00
3.537197e+01 2.834245e-01 0.e+00
3.537197e+01 3.967448e-01 0.e+00
3.537197e+01 5.552783e-01 0.e+00
3.537197e+01 7.774819e-01 0.e+00
3.537197e+01 1.088445e+00 0.e+00
3.537197e+01 1.523711e+00 0.e+00
3.537197e+01 2.088426e+00 0.e+00
3.537197e+01 2.685505e+00 0.e+00
