5.0,0.e+00,0.e+00
5.0,1.570796e-02,0.e+00
5.0,2.346256e-02,0.e+00
5.0,3.503514e-02,0.e+00
5.0,5.263151e-02,0.e+00
5.0,7.314235e-02,0.e+00
5.0,1.025928e-01,0.e+00
5.0,1.448116e-01,0.e+00
5.0,2.023460e-01,0.e+00
5.0,2.834245e-01,0.e+00
5.0,3.967448e-01,0.e+00
5.0,5.552783e-01,0.e+00
5.0,7.774819e-01,0.e+00
5.0,1.088445e+00,0.e+00
5.0,1.523711e+00,0.e+00
5.0,2.088426e+00,0.e+00
5.0,2.685505e+00,0.e+00
5.12,0.e+00,0.e+00
5.12,1.570796e-02,0.e+00
5.12,2.346256e-02,0.e+00
5.12,3.503514e-02,0.e+00
5.12,5.263151e-02,0.e+00
5.12,7.314235e-02,0.e+00
5.12,1.025928e-01,0.e+00
5.12,1.448116e-01,0.e+00
5.12,2.023460e-01,0.e+00
5.12,2.834245e-01,0.e+00
5.12,3.967448e-01,0.e+00
5.12,5.552783e-01,0.e+00
5.12,7.774819e-01,0.e+00
5.12,1.088445e+00,0.e+00
5.12,1.523711e+00,0.e+00
5.12,2.088426e+00,0.e+00
5.12,2.685505e+00,0.e+00
5.2424,0.e+00,0.e+00
5.2424,1.570796e-02,0.e+00
5.2424,2.346256e-02,0.e+00
5.2424,3.503514e-02,0.e+00
5.2424,5.263151e-02,0.e+00
5.2424,7.314235e-02,0.e+00
5.2424,1.025928e-01,0.e+00
5.2424,1.448116e-01,0.e+00
5.2424,2.023460e-01,0.e+00
5.2424,2.834245e-01,0.e+00
5.2424,3.967448e-01,0.e+00
5.2424,5.552783e-01,0.e+00
5.2424,7.774819e-01,0.e+00
5.2424,1.088445e+00,0.e+00
5.2424,1.523711e+00,0.e+00
5.2424,2.088426e+00,0.e+00
5.2424,2.685505e+00,0.e+00
5.367248,0.e+00,0.e+00
5.367248,1.570796e-02,0.e+00
5.367248,2.346256e-02,0.e+00
5.367248,3.503514e-02,0.e+00
5.367248,5.263151e-02,0.e+00
5.367248,7.314235e-02,0.e+00
5.367248,1.025928e-01,0.e+00
5.367248,1.448116e-01,0.e+00
5.367248,2.023460e-01,0.e+00
5.367248,2.834245e-01,0.e+00
5.367248,3.967448e-01,0.e+00
5.367248,5.552783e-01,0.e+00
5.367248,7.774819e-01,0.e+00
5.367248,1.088445e+00,0.e+00
5.367248,1.523711e+00,0.e+00
5.367248,2.088426e+00,0.e+00
5.367248,2.685505e+00,0.e+00
5.49459296,0.e+00,0.e+00
5.49459296,1.570796e-02,0.e+00
5.49459296,2.346256e-02,0.e+00
5.49459296,3.503514e-02,0.e+00
5.49459296,5.263151e-02,0.e+00
5.49459296,7.314235e-02,0.e+00
5.49459296,1.025928e-01,0.e+00
5.49459296,1.448116e-01,0.e+00
5.49459296,2.023460e-01,0.e+00
5.49459296,2.834245e-01,0.e+00
5.49459296,3.967448e-01,0.e+00
5.49459296,5.552783e-01,0.e+00
5.49459296,7.774819e-01,0.e+00
5.49459296,1.088445e+00,0.e+00
5.49459296,1.523711e+00,0.e+00
5.49459296,2.088426e+00,0.e+00
5.49459296,2.685505e+00,0.e+00
5.6244848192,0.e+00,0.e+00
5.6244848192,1.570796e-02,0.e+00
5.6244848192,2.346256e-02,0.e+00
5.6244848192,3.503514e-02,0.e+00
5.6244848192,5.263151e-02,0.e+00
5.6244848192,7.314235e-02,0.e+00
5.6244848192,1.025928e-01,0.e+00
5.6244848192,1.448116e-01,0.e+00
5.6244848192,2.023460e-01,0.e+00
5.6244848192,2.834245e-01,0.e+00
5.6244848192,3.967448e-01,0.e+00
5.6244848192,5.552783e-01,0.e+00
5.6244848192,7.774819e-01,0.e+00
5.6244848192,1.088445e+00,0.e+00
5.6244848192,1.523711e+00,0.e+00
5.6244848192,2.088426e+00,0.e+00
5.6244848192,2.685505e+00,0.e+00
5.756974515584,0.e+00,0.e+00
5.756974515584,1.570796e-02,0.e+00
5.756974515584,2.346256e-02,0.e+00
5.756974515584,3.503514e-02,0.e+00
5.756974515584,5.263151e-02,0.e+00
5.756974515584,7.314235e-02,0.e+00
5.756974515584,1.025928e-01,0.e+00
5.756974515584,1.448116e-01,0.e+00
5.756974515584,2.023460e-01,0.e+00
5.756974515584,2.834245e-01,0.e+00
5.756974515584,3.967448e-01,0.e+00
5.756974515584,5.552783e-01,0.e+00
5.756974515584,7.774819e-01,0.e+00
5.756974515584,1.088445e+00,0.e+00
5.756974515584,1.523711e+00,0.e+00
5.756974515584,2.088426e+00,0.e+00
5.756974515584,2.685505e+00,0.e+00
5.89211400589568,0.e+00,0.e+00
5.89211400589568,1.570796e-02,0.e+00
5.89211400589568,2.346256e-02,0.e+00
5.89211400589568,3.503514e-02,0.e+00
5.89211400589568,5.263151e-02,0.e+00
5.89211400589568,7.314235e-02,0.e+00
5.89211400589568,1.025928e-01,0.e+00
5.89211400589568,1.448116e-01,0.e+00
5.89211400589568,2.023460e-01,0.e+00
5.89211400589568,2.834245e-01,0.e+00
5.89211400589568,3.967448e-01,0.e+00
5.89211400589568,5.552783e-01,0.e+00
5.89211400589568,7.774819e-01,0.e+00
5.89211400589568,1.088445e+00,0.e+00
5.89211400589568,1.523711e+00,0.e+00
5.89211400589568,2.088426e+00,0.e+00
5.89211400589568,2.685505e+00,0.e+00
6.029956286013594,0.e+00,0.e+00
6.029956286013594,1.570796e-02,-2.233838e-05
6.029956286013594,2.346256e-02,-5.030857e-05
6.029956286013594,3.503514e-02,-1.403738e-04
6.029956286013594,5.263151e-02,-7.368806e-05
6.029956286013594,7.314235e-02,-9.093055e-05
6.029956286013594,1.025928e-01,-5.947000e-05
6.029956286013594,1.448116e-01,-1.370019e-04
6.029956286013594,2.023460e-01,-1.236335e-04
6.029956286013594,2.834245e-01,-1.342898e-04
6.029956286013594,3.967448e-01,-8.694925e-05
6.029956286013594,5.552783e-01,-8.464648e-05
6.029956286013594,7.774819e-01,-7.504295e-05
6.029956286013594,1.088445e+00,-6.303495e-05
6.029956286013594,1.523711e+00,-6.511246e-05
6.029956286013594,2.088426e+00,-7.667910e-05
6.029956286013594,2.685505e+00,-8.014425e-05
6.170555411733866,0.e+00,0.e+00
6.170555411733866,1.570796e-02,-8.752998e-05
6.170555411733866,2.346256e-02,-1.544913e-04
6.170555411733866,3.503514e-02,-9.245713e-04
6.170555411733866,5.263151e-02,-6.789558e-04
6.170555411733866,7.314235e-02,-4.968173e-04
6.170555411733866,1.025928e-01,-7.316483e-04
6.170555411733866,1.448116e-01,-7.914104e-04
6.170555411733866,2.023460e-01,-8.128603e-04
6.170555411733866,2.834245e-01,-7.001977e-04
6.170555411733866,3.967448e-01,-6.657148e-04
6.170555411733866,5.552783e-01,-5.498779e-04
6.170555411733866,7.774819e-01,-4.712702e-04
6.170555411733866,1.088445e+00,-4.175069e-04
6.170555411733866,1.523711e+00,-4.156467e-04
6.170555411733866,2.088426e+00,-4.515618e-04
6.170555411733866,2.685505e+00,-4.751932e-04
6.3139665199685435,0.e+00,0.e+00
6.3139665199685435,1.570796e-02,-1.732979e-04
6.3139665199685435,2.346256e-02,-4.231843e-04
6.3139665199685435,3.503514e-02,-2.137388e-03
6.3139665199685435,5.263151e-02,-2.341701e-03
6.3139665199685435,7.314235e-02,-1.838079e-03
6.3139665199685435,1.025928e-01,-2.301225e-03
6.3139665199685435,1.448116e-01,-2.527809e-03
6.3139665199685435,2.023460e-01,-2.399586e-03
6.3139665199685435,2.834245e-01,-2.210049e-03
6.3139665199685435,3.967448e-01,-2.077164e-03
6.3139665199685435,5.552783e-01,-1.765818e-03
6.3139665199685435,7.774819e-01,-1.547096e-03
6.3139665199685435,1.088445e+00,-1.352463e-03
6.3139665199685435,1.523711e+00,-1.302798e-03
6.3139665199685435,2.088426e+00,-1.417001e-03
6.3139665199685435,2.685505e+00,-1.465572e-03
6.460245850367914,0.e+00,0.e+00
6.460245850367914,1.570796e-02,-2.673198e-04
6.460245850367914,2.346256e-02,-7.771446e-04
6.460245850367914,3.503514e-02,-3.440462e-03
6.460245850367914,5.263151e-02,-5.0128e-03
6.460245850367914,7.314235e-02,-4.327446e-03
6.460245850367914,1.025928e-01,-5.402357e-03
6.460245850367914,1.448116e-01,-5.985824e-03
6.460245850367914,2.023460e-01,-5.636882e-03
6.460245850367914,2.834245e-01,-5.428199e-03
6.460245850367914,3.967448e-01,-4.789389e-03
6.460245850367914,5.552783e-01,-4.231520e-03
6.460245850367914,7.774819e-01,-3.593235e-03
6.460245850367914,1.088445e+00,-3.171771e-03
6.460245850367914,1.523711e+00,-2.992695e-03
6.460245850367914,2.088426e+00,-3.226518e-03
6.460245850367914,2.685505e+00,-3.290318e-03
6.6094507673752725,0.e+00,0.e+00
6.6094507673752725,1.570796e-02,-3.094563e-04
6.6094507673752725,2.346256e-02,-1.001097e-03
6.6094507673752725,3.503514e-02,-4.716091e-03
6.6094507673752725,5.263151e-02,-7.049607e-03
6.6094507673752725,7.314235e-02,-7.299832e-03
6.6094507673752725,1.025928e-01,-9.62769e-03
6.6094507673752725,1.448116e-01,-1.052550e-02
6.6094507673752725,2.023460e-01,-9.981152e-03
6.6094507673752725,2.834245e-01,-9.600915e-03
6.6094507673752725,3.967448e-01,-8.824604e-03
6.6094507673752725,5.552783e-01,-7.714903e-03
6.6094507673752725,7.774819e-01,-6.606277e-03
6.6094507673752725,1.088445e+00,-5.687639e-03
6.6094507673752725,1.523711e+00,-5.304130e-03
6.6094507673752725,2.088426e+00,-5.652900e-03
6.6094507673752725,2.685505e+00,-5.755462e-03
6.761639782722778,0.e+00,0.e+00
6.761639782722778,1.570796e-02,-3.095256e-04
6.761639782722778,2.346256e-02,-1.077758e-03
6.761639782722778,3.503514e-02,-5.376394e-03
6.761639782722778,5.263151e-02,-8.824058e-03
6.761639782722778,7.314235e-02,-1.033350e-02
6.761639782722778,1.025928e-01,-1.483139e-02
6.761639782722778,1.448116e-01,-1.52401e-02
6.761639782722778,2.023460e-01,-1.501345e-02
6.761639782722778,2.834245e-01,-1.486721e-02
6.761639782722778,3.967448e-01,-1.375753e-02
6.761639782722778,5.552783e-01,-1.189651e-02
6.761639782722778,7.774819e-01,-1.019345e-02
6.761639782722778,1.088445e+00,-8.760683e-03
6.761639782722778,1.523711e+00,-8.112545e-03
6.761639782722778,2.088426e+00,-8.526741e-03
6.761639782722778,2.685505e+00,-8.659897e-03
6.916872578377234,0.e+00,0.e+00
6.916872578377234,1.570796e-02,-2.752567e-04
6.916872578377234,2.346256e-02,-1.055610e-03
6.916872578377234,3.503514e-02,-5.511379e-03
6.916872578377234,5.263151e-02,-9.981762e-03
6.916872578377234,7.314235e-02,-1.244724e-02
6.916872578377234,1.025928e-01,-1.861948e-02
6.916872578377234,1.448116e-01,-1.972243e-02
6.916872578377234,2.023460e-01,-1.983262e-02
6.916872578377234,2.834245e-01,-1.98848e-02
6.916872578377234,3.967448e-01,-1.894989e-02
6.916872578377234,5.552783e-01,-1.646660e-02
6.916872578377234,7.774819e-01,-1.403953e-02
6.916872578377234,1.088445e+00,-1.191206e-02
6.916872578377234,1.523711e+00,-1.096010e-02
6.916872578377234,2.088426e+00,-1.142137e-02
6.916872578377234,2.685505e+00,-1.145604e-02
7.075210029944779,0.e+00,0.e+00
7.075210029944779,1.570796e-02,-2.245836e-04
7.075210029944779,2.346256e-02,-9.873243e-04
7.075210029944779,3.503514e-02,-5.156662e-03
7.075210029944779,5.263151e-02,-1.040943e-02
7.075210029944779,7.314235e-02,-1.392254e-02
7.075210029944779,1.025928e-01,-2.146735e-02
7.075210029944779,1.448116e-01,-2.343205e-02
7.075210029944779,2.023460e-01,-2.425305e-02
7.075210029944779,2.834245e-01,-2.485150e-02
7.075210029944779,3.967448e-01,-2.402041e-02
7.075210029944779,5.552783e-01,-2.098571e-02
7.075210029944779,7.774819e-01,-1.802103e-02
7.075210029944779,1.088445e+00,-1.523832e-02
7.075210029944779,1.523711e+00,-1.379522e-02
7.075210029944779,2.088426e+00,-1.421768e-02
7.075210029944779,2.685505e+00,-1.404738e-02
7.236714230543676,0.e+00,0.e+00
7.236714230543676,1.570796e-02,-1.962606e-04
7.236714230543676,2.346256e-02,-8.853327e-04
7.236714230543676,3.503514e-02,-4.700761e-03
7.236714230543676,5.263151e-02,-1.026715e-02
7.236714230543676,7.314235e-02,-1.437457e-02
7.236714230543676,1.025928e-01,-2.299468e-02
7.236714230543676,1.448116e-01,-2.587586e-02
7.236714230543676,2.023460e-01,-2.759624e-02
7.236714230543676,2.834245e-01,-2.893475e-02
7.236714230543676,3.967448e-01,-2.840803e-02
7.236714230543676,5.552783e-01,-2.521722e-02
7.236714230543676,7.774819e-01,-2.180396e-02
7.236714230543676,1.088445e+00,-1.829193e-02
7.236714230543676,1.523711e+00,-1.644189e-02
7.236714230543676,2.088426e+00,-1.668716e-02
7.236714230543676,2.685505e+00,-1.634949e-02
7.401448515154549,0.e+00,0.e+00
7.401448515154549,1.570796e-02,-1.884359e-04
7.401448515154549,2.346256e-02,-8.350155e-04
7.401448515154549,3.503514e-02,-4.326346e-03
7.401448515154549,5.263151e-02,-9.699357e-03
7.401448515154549,7.314235e-02,-1.396417e-02
7.401448515154549,1.025928e-01,-2.321648e-02
7.401448515154549,1.448116e-01,-2.725272e-02
7.401448515154549,2.023460e-01,-2.994595e-02
7.401448515154549,2.834245e-01,-3.210968e-02
7.401448515154549,3.967448e-01,-3.201878e-02
7.401448515154549,5.552783e-01,-2.887581e-02
7.401448515154549,7.774819e-01,-2.505438e-02
7.401448515154549,1.088445e+00,-2.104652e-02
7.401448515154549,1.523711e+00,-1.883576e-02
7.401448515154549,2.088426e+00,-1.886007e-02
7.401448515154549,2.685505e+00,-1.828860e-02
7.569477485457639,0.e+00,0.e+00
7.569477485457639,1.570796e-02,-1.712582e-04
7.569477485457639,2.346256e-02,-7.710850e-04
7.569477485457639,3.503514e-02,-3.999626e-03
7.569477485457639,5.263151e-02,-9.020923e-03
7.569477485457639,7.314235e-02,-1.3102e-02
7.569477485457639,1.025928e-01,-2.255526e-02
7.569477485457639,1.448116e-01,-2.757843e-02
7.569477485457639,2.023460e-01,-3.123001e-02
7.569477485457639,2.834245e-01,-3.4312e-02
7.569477485457639,3.967448e-01,-3.476979e-02
7.569477485457639,5.552783e-01,-3.193127e-02
7.569477485457639,7.774819e-01,-2.784365e-02
7.569477485457639,1.088445e+00,-2.337021e-02
7.569477485457639,1.523711e+00,-2.084279e-02
7.569477485457639,2.088426e+00,-2.06952e-02
7.569477485457639,2.685505e+00,-1.987325e-02
7.740867035166792,0.e+00,0.e+00
7.740867035166792,1.570796e-02,-1.482154e-04
7.740867035166792,2.346256e-02,-7.001937e-04
7.740867035166792,3.503514e-02,-3.668455e-03
7.740867035166792,5.263151e-02,-8.324288e-03
7.740867035166792,7.314235e-02,-1.211161e-02
7.740867035166792,1.025928e-01,-2.128851e-02
7.740867035166792,1.448116e-01,-2.705438e-02
7.740867035166792,2.023460e-01,-3.162359e-02
7.740867035166792,2.834245e-01,-3.566832e-02
7.740867035166792,3.967448e-01,-3.659501e-02
7.740867035166792,5.552783e-01,-3.423687e-02
7.740867035166792,7.774819e-01,-3.018611e-02
7.740867035166792,1.088445e+00,-2.541065e-02
7.740867035166792,1.523711e+00,-2.251137e-02
7.740867035166792,2.088426e+00,-2.217268e-02
7.740867035166792,2.685505e+00,-2.102571e-02
7.9156843758701285,0.e+00,0.e+00
7.9156843758701285,1.570796e-02,-1.272267e-04
7.9156843758701285,2.346256e-02,-6.24333e-04
7.9156843758701285,3.503514e-02,-3.308732e-03
7.9156843758701285,5.263151e-02,-7.533472e-03
7.9156843758701285,7.314235e-02,-1.104628e-02
7.9156843758701285,1.025928e-01,-1.975659e-02
7.9156843758701285,1.448116e-01,-2.594734e-02
7.9156843758701285,2.023460e-01,-3.118631e-02
7.9156843758701285,2.834245e-01,-3.621292e-02
7.9156843758701285,3.967448e-01,-3.774941e-02
7.9156843758701285,5.552783e-01,-3.586903e-02
7.9156843758701285,7.774819e-01,-3.191285e-02
7.9156843758701285,1.088445e+00,-2.705412e-02
7.9156843758701285,1.523711e+00,-2.390794e-02
7.9156843758701285,2.088426e+00,-2.343578e-02
7.9156843758701285,2.685505e+00,-2.205001e-02
8.09399806338753,0.e+00,0.e+00
8.09399806338753,1.570796e-02,-1.138402e-04
8.09399806338753,2.346256e-02,-5.606208e-04
8.09399806338753,3.503514e-02,-2.973927e-03
8.09399806338753,5.263151e-02,-6.741874e-03
8.09399806338753,7.314235e-02,-9.976676e-03
8.09399806338753,1.025928e-01,-1.813821e-02
8.09399806338753,1.448116e-01,-2.438405e-02
8.09399806338753,2.023460e-01,-3.005913e-02
8.09399806338753,2.834245e-01,-3.598328e-02
8.09399806338753,3.967448e-01,-3.815166e-02
8.09399806338753,5.552783e-01,-3.686167e-02
8.09399806338753,7.774819e-01,-3.311720e-02
8.09399806338753,1.088445e+00,-2.826688e-02
8.09399806338753,1.523711e+00,-2.498449e-02
8.09399806338753,2.088426e+00,-2.437819e-02
8.09399806338753,2.685505e+00,-2.281646e-02
8.275878024655281,0.e+00,0.e+00
8.275878024655281,1.570796e-02,-9.951904e-05
8.275878024655281,2.346256e-02,-5.012504e-04
8.275878024655281,3.503514e-02,-2.646514e-03
8.275878024655281,5.263151e-02,-6.006659e-03
8.275878024655281,7.314235e-02,-8.91261e-03
8.275878024655281,1.025928e-01,-1.643670e-02
8.275878024655281,1.448116e-01,-2.252866e-02
8.275878024655281,2.023460e-01,-2.852991e-02
8.275878024655281,2.834245e-01,-3.506628e-02
8.275878024655281,3.967448e-01,-3.786489e-02
8.275878024655281,5.552783e-01,-3.731168e-02
8.275878024655281,7.774819e-01,-3.385048e-02
8.275878024655281,1.088445e+00,-2.912556e-02
8.275878024655281,1.523711e+00,-2.577974e-02
8.275878024655281,2.088426e+00,-2.507849e-02
8.275878024655281,2.685505e+00,-2.327360e-02
8.461395585148386,0.e+00,0.e+00
8.461395585148386,1.570796e-02,-8.54125e-05
8.461395585148386,2.346256e-02,-4.445386e-04
8.461395585148386,3.503514e-02,-2.361937e-03
8.461395585148386,5.263151e-02,-5.353258e-03
8.461395585148386,7.314235e-02,-7.923983e-03
8.461395585148386,1.025928e-01,-1.479292e-02
8.461395585148386,1.448116e-01,-2.055955e-02
8.461395585148386,2.023460e-01,-2.666132e-02
8.461395585148386,2.834245e-01,-3.361788e-02
8.461395585148386,3.967448e-01,-3.69774e-02
8.461395585148386,5.552783e-01,-3.715911e-02
8.461395585148386,7.774819e-01,-3.414329e-02
8.461395585148386,1.088445e+00,-2.957782e-02
8.461395585148386,1.523711e+00,-2.629896e-02
8.461395585148386,2.088426e+00,-2.552504e-02
8.461395585148386,2.685505e+00,-2.35696e-02
8.650623496851354,0.e+00,0.e+00
8.650623496851354,1.570796e-02,-7.468723e-05
8.650623496851354,2.346256e-02,-3.950047e-04
8.650623496851354,3.503514e-02,-2.116312e-03
8.650623496851354,5.263151e-02,-4.786100e-03
8.650623496851354,7.314235e-02,-7.036751e-03
8.650623496851354,1.025928e-01,-1.324700e-02
8.650623496851354,1.448116e-01,-1.858996e-02
8.650623496851354,2.023460e-01,-2.455336e-02
8.650623496851354,2.834245e-01,-3.172052e-02
8.650623496851354,3.967448e-01,-3.562531e-02
8.650623496851354,5.552783e-01,-3.648452e-02
8.650623496851354,7.774819e-01,-3.399304e-02
8.650623496851354,1.088445e+00,-2.969081e-02
8.650623496851354,1.523711e+00,-2.648862e-02
8.650623496851354,2.088426e+00,-2.565872e-02
8.650623496851354,2.685505e+00,-2.355906e-02
8.843635966788382,0.e+00,0.e+00
8.843635966788382,1.570796e-02,-6.528328e-05
8.843635966788382,2.346256e-02,-3.541899e-04
8.843635966788382,3.503514e-02,-1.892973e-03
8.843635966788382,5.263151e-02,-4.266542e-03
8.843635966788382,7.314235e-02,-6.243247e-03
8.843635966788382,1.025928e-01,-1.181073e-02
8.843635966788382,1.448116e-01,-1.667809e-02
8.843635966788382,2.023460e-01,-2.238274e-02
8.843635966788382,2.834245e-01,-2.953067e-02
8.843635966788382,3.967448e-01,-3.394432e-02
8.843635966788382,5.552783e-01,-3.536395e-02
8.843635966788382,7.774819e-01,-3.342581e-02
8.843635966788382,1.088445e+00,-2.946764e-02
8.843635966788382,1.523711e+00,-2.646240e-02
8.843635966788382,2.088426e+00,-2.566402e-02
8.843635966788382,2.685505e+00,-2.338469e-02
9.04050868612415,0.e+00,0.e+00
9.04050868612415,1.570796e-02,-5.732024e-05
9.04050868612415,2.346256e-02,-3.172773e-04
9.04050868612415,3.503514e-02,-1.684006e-03
9.04050868612415,5.263151e-02,-3.795633e-03
9.04050868612415,7.314235e-02,-5.550118e-03
9.04050868612415,1.025928e-01,-1.049830e-02
9.04050868612415,1.448116e-01,-1.48893e-02
9.04050868612415,2.023460e-01,-2.024841e-02
9.04050868612415,2.834245e-01,-2.719575e-02
9.04050868612415,3.967448e-01,-3.195998e-02
9.04050868612415,5.552783e-01,-3.386834e-02
9.04050868612415,7.774819e-01,-3.247480e-02
9.04050868612415,1.088445e+00,-2.896083e-02
9.04050868612415,1.523711e+00,-2.622066e-02
9.04050868612415,2.088426e+00,-2.545371e-02
9.04050868612415,2.685505e+00,-2.311291e-02
9.241318859846633,0.e+00,0.e+00
9.241318859846633,1.570796e-02,-4.995528e-05
9.241318859846633,2.346256e-02,-2.822522e-04
9.241318859846633,3.503514e-02,-1.488865e-03
9.241318859846633,5.263151e-02,-3.376291e-03
9.241318859846633,7.314235e-02,-4.927778e-03
9.241318859846633,1.025928e-01,-9.294259e-03
9.241318859846633,1.448116e-01,-1.32145e-02
9.241318859846633,2.023460e-01,-1.817374e-02
9.241318859846633,2.834245e-01,-2.479728e-02
9.241318859846633,3.967448e-01,-2.974781e-02
9.241318859846633,5.552783e-01,-3.209428e-02
9.241318859846633,7.774819e-01,-3.1239e-02
9.241318859846633,1.088445e+00,-2.819728e-02
9.241318859846633,1.523711e+00,-2.576081e-02
9.241318859846633,2.088426e+00,-2.509426e-02
9.241318859846633,2.685505e+00,-2.272454e-02
9.446145237043565,0.e+00,0.e+00
9.446145237043565,1.570796e-02,-4.292426e-05
9.446145237043565,2.346256e-02,-2.48051e-04
9.446145237043565,3.503514e-02,-1.309954e-03
9.446145237043565,5.263151e-02,-2.996035e-03
9.446145237043565,7.314235e-02,-4.370784e-03
9.446145237043565,1.025928e-01,-8.215222e-03
9.446145237043565,1.448116e-01,-1.169042e-02
9.446145237043565,2.023460e-01,-1.624438e-02
9.446145237043565,2.834245e-01,-2.242227e-02
9.446145237043565,3.967448e-01,-2.740629e-02
9.446145237043565,5.552783e-01,-3.011362e-02
9.446145237043565,7.774819e-01,-2.971707e-02
9.446145237043565,1.088445e+00,-2.720878e-02
9.446145237043565,1.523711e+00,-2.507314e-02
9.446145237043565,2.088426e+00,-2.455783e-02
9.446145237043565,2.685505e+00,-2.20529e-02
9.655068141784437,0.e+00,0.e+00
9.655068141784437,1.570796e-02,-3.671584e-05
9.655068141784437,2.346256e-02,-2.193091e-04
9.655068141784437,3.503514e-02,-1.152932e-03
9.655068141784437,5.263151e-02,-2.650894e-03
9.655068141784437,7.314235e-02,-3.864097e-03
9.655068141784437,1.025928e-01,-7.239949e-03
9.655068141784437,1.448116e-01,-1.032017e-02
9.655068141784437,2.023460e-01,-1.445029e-02
9.655068141784437,2.834245e-01,-2.014582e-02
9.655068141784437,3.967448e-01,-2.499954e-02
9.655068141784437,5.552783e-01,-2.796548e-02
9.655068141784437,7.774819e-01,-2.802879e-02
9.655068141784437,1.088445e+00,-2.601316e-02
9.655068141784437,1.523711e+00,-2.42378e-02
9.655068141784437,2.088426e+00,-2.384389e-02
9.655068141784437,2.685505e+00,-2.128761e-02
9.868169504620125,0.e+00,0.e+00
9.868169504620125,1.570796e-02,-3.192399e-05
9.868169504620125,2.346256e-02,-1.902774e-04
9.868169504620125,3.503514e-02,-1.010127e-03
9.868169504620125,5.263151e-02,-2.33204e-03
9.868169504620125,7.314235e-02,-3.394969e-03
9.868169504620125,1.025928e-01,-6.343993e-03
9.868169504620125,1.448116e-01,-9.076842e-03
9.868169504620125,2.023460e-01,-1.277318e-02
9.868169504620125,2.834245e-01,-1.798016e-02
9.868169504620125,3.967448e-01,-2.26357e-02
9.868169504620125,5.552783e-01,-2.576290e-02
9.868169504620125,7.774819e-01,-2.618582e-02
9.868169504620125,1.088445e+00,-2.464650e-02
9.868169504620125,1.523711e+00,-2.32766e-02
9.868169504620125,2.088426e+00,-2.301700e-02
9.868169504620125,2.685505e+00,-2.052229e-02
10.085532894712529,0.e+00,0.e+00
10.085532894712529,1.570796e-02,-2.723579e-05
10.085532894712529,2.346256e-02,-1.641208e-04
10.085532894712529,3.503514e-02,-8.836705e-04
10.085532894712529,5.263151e-02,-2.042623e-03
10.085532894712529,7.314235e-02,-2.967655e-03
10.085532894712529,1.025928e-01,-5.5451e-03
10.085532894712529,1.448116e-01,-7.952638e-03
10.085532894712529,2.023460e-01,-1.12342e-02
10.085532894712529,2.834245e-01,-1.594805e-02
10.085532894712529,3.967448e-01,-2.031976e-02
10.085532894712529,5.552783e-01,-2.350395e-02
10.085532894712529,7.774819e-01,-2.430576e-02
10.085532894712529,1.088445e+00,-2.320131e-02
10.085532894712529,1.523711e+00,-2.222218e-02
10.085532894712529,2.088426e+00,-2.205277e-02
10.085532894712529,2.685505e+00,-1.964626e-02
10.30724355260678,0.e+00,0.e+00
10.30724355260678,1.570796e-02,-2.315207e-05
10.30724355260678,2.346256e-02,-1.42086e-04
10.30724355260678,3.503514e-02,-7.696342e-04
10.30724355260678,5.263151e-02,-1.785352e-03
10.30724355260678,7.314235e-02,-2.588876e-03
10.30724355260678,1.025928e-01,-4.83332e-03
10.30724355260678,1.448116e-01,-6.953261e-03
10.30724355260678,2.023460e-01,-9.832332e-03
10.30724355260678,2.834245e-01,-1.407954e-02
10.30724355260678,3.967448e-01,-1.811617e-02
10.30724355260678,5.552783e-01,-2.127087e-02
10.30724355260678,7.774819e-01,-2.237114e-02
10.30724355260678,1.088445e+00,-2.166248e-02
10.30724355260678,1.523711e+00,-2.105439e-02
10.30724355260678,2.088426e+00,-2.105357e-02
10.30724355260678,2.685505e+00,-1.871565e-02
10.533388423658915,0.e+00,0.e+00
10.533388423658915,1.570796e-02,-2.021466e-05
10.533388423658915,2.346256e-02,-1.223444e-04
10.533388423658915,3.503514e-02,-6.694708e-04
10.533388423658915,5.263151e-02,-1.559420e-03
10.533388423658915,7.314235e-02,-2.257560e-03
10.533388423658915,1.025928e-01,-4.206893e-03
10.533388423658915,1.448116e-01,-6.059142e-03
10.533388423658915,2.023460e-01,-8.580743e-03
10.533388423658915,2.834245e-01,-1.237100e-02
10.533388423658915,3.967448e-01,-1.604489e-02
10.533388423658915,5.552783e-01,-1.910021e-02
10.533388423658915,7.774819e-01,-2.041655e-02
10.533388423658915,1.088445e+00,-2.007299e-02
10.533388423658915,1.523711e+00,-1.981105e-02
10.533388423658915,2.088426e+00,-1.989410e-02
10.533388423658915,2.685505e+00,-1.765541e-02
10.764056192132093,0.e+00,0.e+00
10.764056192132093,1.570796e-02,-1.725905e-05
10.764056192132093,2.346256e-02,-1.042410e-04
10.764056192132093,3.503514e-02,-5.802095e-04
10.764056192132093,5.263151e-02,-1.352477e-03
10.764056192132093,7.314235e-02,-1.963353e-03
10.764056192132093,1.025928e-01,-3.639591e-03
10.764056192132093,1.448116e-01,-5.254824e-03
10.764056192132093,2.023460e-01,-7.461164e-03
10.764056192132093,2.834245e-01,-1.079953e-02
10.764056192132093,3.967448e-01,-1.411799e-02
10.764056192132093,5.552783e-01,-1.701127e-02
10.764056192132093,7.774819e-01,-1.847017e-02
10.764056192132093,1.088445e+00,-1.847290e-02
10.764056192132093,1.523711e+00,-1.847105e-02
10.764056192132093,2.088426e+00,-1.867192e-02
10.764056192132093,2.685505e+00,-1.648802e-02
10.999337315974735,0.e+00,0.e+00
10.999337315974735,1.570796e-02,-1.468757e-05
10.999337315974735,2.346256e-02,-8.864343e-05
10.999337315974735,3.503514e-02,-5.040355e-04
10.999337315974735,5.263151e-02,-1.168790e-03
10.999337315974735,7.314235e-02,-1.701535e-03
10.999337315974735,1.025928e-01,-3.140595e-03
10.999337315974735,1.448116e-01,-4.546641e-03
10.999337315974735,2.023460e-01,-6.465703e-03
10.999337315974735,2.834245e-01,-9.392374e-03
10.999337315974735,3.967448e-01,-1.234035e-02
10.999337315974735,5.552783e-01,-1.504156e-02
10.999337315974735,7.774819e-01,-1.658388e-02
10.999337315974735,1.088445e+00,-1.685644e-02
10.999337315974735,1.523711e+00,-1.710287e-02
10.999337315974735,2.088426e+00,-1.741495e-02
10.999337315974735,2.685505e+00,-1.535152e-02
11.23932406229423,0.e+00,0.e+00
11.23932406229423,1.570796e-02,-1.230396e-05
11.23932406229423,2.346256e-02,-7.61286e-05
11.23932406229423,3.503514e-02,-4.326408e-04
11.23932406229423,5.263151e-02,-1.00898e-03
11.23932406229423,7.314235e-02,-1.462146e-03
11.23932406229423,1.025928e-01,-2.695716e-03
11.23932406229423,1.448116e-01,-3.912454e-03
11.23932406229423,2.023460e-01,-5.566011e-03
11.23932406229423,2.834245e-01,-8.115178e-03
11.23932406229423,3.967448e-01,-1.071792e-02
11.23932406229423,5.552783e-01,-1.320567e-02
11.23932406229423,7.774819e-01,-1.476845e-02
11.23932406229423,1.088445e+00,-1.526828e-02
11.23932406229423,1.523711e+00,-1.574332e-02
11.23932406229423,2.088426e+00,-1.615639e-02
11.23932406229423,2.685505e+00,-1.42167e-02
11.484110543540115,0.e+00,0.e+00
11.484110543540115,1.570796e-02,-1.031818e-05
11.484110543540115,2.346256e-02,-6.414867e-05
11.484110543540115,3.503514e-02,-3.690075e-04
11.484110543540115,5.263151e-02,-8.646633e-04
11.484110543540115,7.314235e-02,-1.252744e-03
11.484110543540115,1.025928e-01,-2.300962e-03
11.484110543540115,1.448116e-01,-3.351233e-03
11.484110543540115,2.023460e-01,-4.776727e-03
11.484110543540115,2.834245e-01,-6.988641e-03
11.484110543540115,3.967448e-01,-9.271625e-03
11.484110543540115,5.552783e-01,-1.151779e-02
11.484110543540115,7.774819e-01,-1.306588e-02
11.484110543540115,1.088445e+00,-1.373103e-02
11.484110543540115,1.523711e+00,-1.438437e-02
11.484110543540115,2.088426e+00,-1.486635e-02
11.484110543540115,2.685505e+00,-1.303269e-02
11.733792754410917,0.e+00,0.e+00
11.733792754410917,1.570796e-02,-8.707917e-06
11.733792754410917,2.346256e-02,-5.375128e-05
11.733792754410917,3.503514e-02,-3.14578e-04
11.733792754410917,5.263151e-02,-7.386471e-04
11.733792754410917,7.314235e-02,-1.067854e-03
11.733792754410917,1.025928e-01,-1.955530e-03
11.733792754410917,1.448116e-01,-2.857444e-03
11.733792754410917,2.023460e-01,-4.077327e-03
11.733792754410917,2.834245e-01,-5.979993e-03
11.733792754410917,3.967448e-01,-7.961796e-03
11.733792754410917,5.552783e-01,-9.99009e-03
11.733792754410917,7.774819e-01,-1.148541e-02
11.733792754410917,1.088445e+00,-1.227599e-02
11.733792754410917,1.523711e+00,-1.306612e-02
11.733792754410917,2.088426e+00,-1.361619e-02
11.733792754410917,2.685505e+00,-1.194127e-02
11.988468609499135,0.e+00,0.e+00
11.988468609499135,1.570796e-02,-7.317463e-06
11.988468609499135,2.346256e-02,-4.498603e-05
11.988468609499135,3.503514e-02,-2.659296e-04
11.988468609499135,5.263151e-02,-6.284990e-04
11.988468609499135,7.314235e-02,-9.0525e-04
11.988468609499135,1.025928e-01,-1.654143e-03
11.988468609499135,1.448116e-01,-2.425072e-03
11.988468609499135,2.023460e-01,-3.456719e-03
11.988468609499135,2.834245e-01,-5.090841e-03
11.988468609499135,3.967448e-01,-6.803534e-03
11.988468609499135,5.552783e-01,-8.600282e-03
11.988468609499135,7.774819e-01,-1.002246e-02
11.988468609499135,1.088445e+00,-1.090234e-02
11.988468609499135,1.523711e+00,-1.17726e-02
11.988468609499135,2.088426e+00,-1.238720e-02
11.988468609499135,2.685505e+00,-1.090699e-02
12.248237981689117,0.e+00,0.e+00
12.248237981689117,1.570796e-02,-6.013757e-06
12.248237981689117,2.346256e-02,-3.762753e-05
12.248237981689117,3.503514e-02,-2.241399e-04
12.248237981689117,5.263151e-02,-5.325255e-04
12.248237981689117,7.314235e-02,-7.654972e-04
12.248237981689117,1.025928e-01,-1.393973e-03
12.248237981689117,1.448116e-01,-2.047327e-03
12.248237981689117,2.023460e-01,-2.918919e-03
12.248237981689117,2.834245e-01,-4.310614e-03
12.248237981689117,3.967448e-01,-5.776298e-03
12.248237981689117,5.552783e-01,-7.351353e-03
12.248237981689117,7.774819e-01,-8.698761e-03
12.248237981689117,1.088445e+00,-9.616974e-03
12.248237981689117,1.523711e+00,-1.054550e-02
12.248237981689117,2.088426e+00,-1.122524e-02
12.248237981689117,2.685505e+00,-9.910066e-03
12.5132027413229,0.e+00,0.e+00
12.5132027413229,1.570796e-02,-5.057026e-06
12.5132027413229,2.346256e-02,-3.092735e-05
12.5132027413229,3.503514e-02,-1.869779e-04
12.5132027413229,5.263151e-02,-4.4546e-04
12.5132027413229,7.314235e-02,-6.42983e-04
12.5132027413229,1.025928e-01,-1.169987e-03
12.5132027413229,1.448116e-01,-1.718218e-03
12.5132027413229,2.023460e-01,-2.451285e-03
12.5132027413229,2.834245e-01,-3.62818e-03
12.5132027413229,3.967448e-01,-4.877382e-03
12.5132027413229,5.552783e-01,-6.255142e-03
12.5132027413229,7.774819e-01,-7.497581e-03
12.5132027413229,1.088445e+00,-8.421453e-03
12.5132027413229,1.523711e+00,-9.399485e-03
12.5132027413229,2.088426e+00,-1.010180e-02
12.5132027413229,2.685505e+00,-8.977475e-03
12.783466796149359,0.e+00,0.e+00
12.783466796149359,1.570796e-02,-4.390505e-06
12.783466796149359,2.346256e-02,-2.563002e-05
12.783466796149359,3.503514e-02,-1.550548e-04
12.783466796149359,5.263151e-02,-3.726585e-04
12.783466796149359,7.314235e-02,-5.367091e-04
12.783466796149359,1.025928e-01,-9.745938e-04
12.783466796149359,1.448116e-01,-1.435486e-03
12.783466796149359,2.023460e-01,-2.044446e-03
12.783466796149359,2.834245e-01,-3.041765e-03
12.783466796149359,3.967448e-01,-4.094461e-03
12.783466796149359,5.552783e-01,-5.29347e-03
12.783466796149359,7.774819e-01,-6.428666e-03
12.783466796149359,1.088445e+00,-7.328904e-03
12.783466796149359,1.523711e+00,-8.313910e-03
12.783466796149359,2.088426e+00,-9.02972e-03
12.783466796149359,2.685505e+00,-8.083813e-03
13.059136132072346,0.e+00,0.e+00
13.059136132072346,1.570796e-02,-3.478468e-06
13.059136132072346,2.346256e-02,-2.154006e-05
13.059136132072346,3.503514e-02,-1.285636e-04
13.059136132072346,5.263151e-02,-3.101941e-04
13.059136132072346,7.314235e-02,-4.463802e-04
13.059136132072346,1.025928e-01,-8.108863e-04
13.059136132072346,1.448116e-01,-1.193517e-03
13.059136132072346,2.023460e-01,-1.699002e-03
13.059136132072346,2.834245e-01,-2.534216e-03
13.059136132072346,3.967448e-01,-3.422899e-03
13.059136132072346,5.552783e-01,-4.451229e-03
13.059136132072346,7.774819e-01,-5.468601e-03
13.059136132072346,1.088445e+00,-6.333489e-03
13.059136132072346,1.523711e+00,-7.296004e-03
13.059136132072346,2.088426e+00,-8.027265e-03
13.059136132072346,2.685505e+00,-7.241536e-03
13.340318854713793,0.e+00,0.e+00
13.340318854713793,1.570796e-02,-3.009943e-06
13.340318854713793,2.346256e-02,-1.772068e-05
13.340318854713793,3.503514e-02,-1.055221e-04
13.340318854713793,5.263151e-02,-2.562487e-04
13.340318854713793,7.314235e-02,-3.689726e-04
13.340318854713793,1.025928e-01,-6.686841e-04
13.340318854713793,1.448116e-01,-9.888877e-04
13.340318854713793,2.023460e-01,-1.399534e-03
13.340318854713793,2.834245e-01,-2.094536e-03
13.340318854713793,3.967448e-01,-2.834416e-03
13.340318854713793,5.552783e-01,-3.714659e-03
13.340318854713793,7.774819e-01,-4.616720e-03
13.340318854713793,1.088445e+00,-5.432874e-03
13.340318854713793,1.523711e+00,-6.370426e-03
13.340318854713793,2.088426e+00,-7.074434e-03
13.340318854713793,2.685505e+00,-6.421755e-03
13.62712523180807,0.e+00,0.e+00
13.62712523180807,1.570796e-02,-2.570353e-06
13.62712523180807,2.346256e-02,-1.43705e-05
13.62712523180807,3.503514e-02,-8.605058e-05
13.62712523180807,5.263151e-02,-2.105284e-04
13.62712523180807,7.314235e-02,-3.039791e-04
13.62712523180807,1.025928e-01,-5.478095e-04
13.62712523180807,1.448116e-01,-8.138758e-04
13.62712523180807,2.023460e-01,-1.148402e-03
13.62712523180807,2.834245e-01,-1.721042e-03
13.62712523180807,3.967448e-01,-2.342203e-03
13.62712523180807,5.552783e-01,-3.082947e-03
13.62712523180807,7.774819e-01,-3.881444e-03
13.62712523180807,1.088445e+00,-4.638395e-03
13.62712523180807,1.523711e+00,-5.520194e-03
13.62712523180807,2.088426e+00,-6.217232e-03
13.62712523180807,2.685505e+00,-5.676190e-03
13.91966773644423,0.e+00,0.e+00
13.91966773644423,1.570796e-02,-2.176482e-06
13.91966773644423,2.346256e-02,-1.180470e-05
13.91966773644423,3.503514e-02,-7.017689e-05
13.91966773644423,5.263151e-02,-1.71854e-04
13.91966773644423,7.314235e-02,-2.472428e-04
13.91966773644423,1.025928e-01,-4.463754e-04
13.91966773644423,1.448116e-01,-6.617780e-04
13.91966773644423,2.023460e-01,-9.367122e-04
13.91966773644423,2.834245e-01,-1.404054e-03
13.91966773644423,3.967448e-01,-1.923643e-03
13.91966773644423,5.552783e-01,-2.540179e-03
13.91966773644423,7.774819e-01,-3.234359e-03
13.91966773644423,1.088445e+00,-3.934608e-03
13.91966773644423,1.523711e+00,-4.752574e-03
13.91966773644423,2.088426e+00,-5.416409e-03
13.91966773644423,2.685505e+00,-4.970283e-03
14.218061091173116,0.e+00,0.e+00
14.218061091173116,1.570796e-02,-1.720203e-06
14.218061091173116,2.346256e-02,-9.422807e-06
14.218061091173116,3.503514e-02,-5.724213e-05
14.218061091173116,5.263151e-02,-1.395491e-04
14.218061091173116,7.314235e-02,-2.009250e-04
14.218061091173116,1.025928e-01,-3.625222e-04
14.218061091173116,1.448116e-01,-5.370588e-04
14.218061091173116,2.023460e-01,-7.618231e-04
14.218061091173116,2.834245e-01,-1.144264e-03
14.218061091173116,3.967448e-01,-1.571358e-03
14.218061091173116,5.552783e-01,-2.084439e-03
14.218061091173116,7.774819e-01,-2.682153e-03
14.218061091173116,1.088445e+00,-3.319653e-03
14.218061091173116,1.523711e+00,-4.072600e-03
14.218061091173116,2.088426e+00,-4.701517e-03
14.218061091173116,2.685505e+00,-4.346224e-03
14.522422312996579,0.e+00,0.e+00
14.522422312996579,1.570796e-02,-1.420905e-06
14.522422312996579,2.346256e-02,-7.657918e-06
14.522422312996579,3.503514e-02,-4.592669e-05
14.522422312996579,5.263151e-02,-1.12851e-04
14.522422312996579,7.314235e-02,-1.619984e-04
14.522422312996579,1.025928e-01,-2.914220e-04
14.522422312996579,1.448116e-01,-4.329784e-04
14.522422312996579,2.023460e-01,-6.161092e-04
14.522422312996579,2.834245e-01,-9.241642e-04
14.522422312996579,3.967448e-01,-1.273925e-03
14.522422312996579,5.552783e-01,-1.704843e-03
14.522422312996579,7.774819e-01,-2.218010e-03
14.522422312996579,1.088445e+00,-2.783904e-03
14.522422312996579,1.523711e+00,-3.459161e-03
14.522422312996579,2.088426e+00,-4.046644e-03
14.522422312996579,2.685505e+00,-3.793694e-03
14.83287075925651,0.e+00,0.e+00
14.83287075925651,1.570796e-02,-1.105885e-06
14.83287075925651,2.346256e-02,-6.036826e-06
14.83287075925651,3.503514e-02,-3.700848e-05
14.83287075925651,5.263151e-02,-9.059656e-05
14.83287075925651,7.314235e-02,-1.296932e-04
14.83287075925651,1.025928e-01,-2.334362e-04
14.83287075925651,1.448116e-01,-3.464695e-04
14.83287075925651,2.023460e-01,-4.967262e-04
14.83287075925651,2.834245e-01,-7.441792e-04
14.83287075925651,3.967448e-01,-1.024987e-03
14.83287075925651,5.552783e-01,-1.381184e-03
14.83287075925651,7.774819e-01,-1.812371e-03
14.83287075925651,1.088445e+00,-2.313925e-03
14.83287075925651,1.523711e+00,-2.915435e-03
14.83287075925651,2.088426e+00,-3.448338e-03
14.83287075925651,2.685505e+00,-3.250645e-03
15.149528174441642,0.e+00,0.e+00
15.149528174441642,1.570796e-02,-9.146552e-07
15.149528174441642,2.346256e-02,-4.838194e-06
15.149528174441642,3.503514e-02,-2.916994e-05
15.149528174441642,5.263151e-02,-7.228553e-05
15.149528174441642,7.314235e-02,-1.035720e-04
15.149528174441642,1.025928e-01,-1.860678e-04
15.149528174441642,1.448116e-01,-2.761986e-04
15.149528174441642,2.023460e-01,-3.962308e-04
15.149528174441642,2.834245e-01,-5.928323e-04
15.149528174441642,3.967448e-01,-8.187187e-04
15.149528174441642,5.552783e-01,-1.111434e-03
15.149528174441642,7.774819e-01,-1.472149e-03
15.149528174441642,1.088445e+00,-1.911278e-03
15.149528174441642,1.523711e+00,-2.445823e-03
15.149528174441642,2.088426e+00,-2.921443e-03
15.149528174441642,2.685505e+00,-2.771672e-03
15.472518737930475,0.e+00,0.e+00
15.472518737930475,1.570796e-02,-7.292372e-07
15.472518737930475,2.346256e-02,-3.877519e-06
15.472518737930475,3.503514e-02,-2.293992e-05
15.472518737930475,5.263151e-02,-5.763661e-05
15.472518737930475,7.314235e-02,-8.199275e-05
15.472518737930475,1.025928e-01,-1.493483e-04
15.472518737930475,1.448116e-01,-2.210743e-04
15.472518737930475,2.023460e-01,-3.153321e-04
15.472518737930475,2.834245e-01,-4.740389e-04
15.472518737930475,3.967448e-01,-6.562280e-04
15.472518737930475,5.552783e-01,-8.900348e-04
15.472518737930475,7.774819e-01,-1.197655e-03
15.472518737930475,1.088445e+00,-1.573958e-03
15.472518737930475,1.523711e+00,-2.041945e-03
15.472518737930475,2.088426e+00,-2.464449e-03
15.472518737930475,2.685505e+00,-2.336240e-03
15.801969112689086,0.e+00,0.e+00
15.801969112689086,1.570796e-02,-5.763094e-07
15.801969112689086,2.346256e-02,-3.108355e-06
15.801969112689086,3.503514e-02,-1.74604e-05
15.801969112689086,5.263151e-02,-4.54894e-05
15.801969112689086,7.314235e-02,-6.457843e-05
15.801969112689086,1.025928e-01,-1.180594e-04
15.801969112689086,1.448116e-01,-1.744421e-04
15.801969112689086,2.023460e-01,-2.495820e-04
15.801969112689086,2.834245e-01,-3.755301e-04
15.801969112689086,3.967448e-01,-5.203138e-04
15.801969112689086,5.552783e-01,-7.114035e-04
15.801969112689086,7.774819e-01,-9.636208e-04
15.801969112689086,1.088445e+00,-1.282613e-03
15.801969112689086,1.523711e+00,-1.692439e-03
15.801969112689086,2.088426e+00,-2.057232e-03
15.801969112689086,2.685505e+00,-1.956247e-03
16.13800849494287,0.e+00,0.e+00
16.13800849494287,1.570796e-02,-4.728693e-07
16.13800849494287,2.346256e-02,-2.443675e-06
16.13800849494287,3.503514e-02,-1.316751e-05
16.13800849494287,5.263151e-02,-3.562677e-05
16.13800849494287,7.314235e-02,-5.148319e-05
16.13800849494287,1.025928e-01,-9.313847e-05
16.13800849494287,1.448116e-01,-1.375469e-04
16.13800849494287,2.023460e-01,-1.956606e-04
16.13800849494287,2.834245e-01,-2.951412e-04
16.13800849494287,3.967448e-01,-4.090752e-04
16.13800849494287,5.552783e-01,-5.652912e-04
16.13800849494287,7.774819e-01,-7.724446e-04
16.13800849494287,1.088445e+00,-1.037786e-03
16.13800849494287,1.523711e+00,-1.38196e-03
16.13800849494287,2.088426e+00,-1.694945e-03
16.13800849494287,2.685505e+00,-1.611496e-03
16.480768664841726,0.e+00,0.e+00
16.480768664841726,1.570796e-02,-3.724530e-07
16.480768664841726,2.346256e-02,-1.908094e-06
16.480768664841726,3.503514e-02,-9.903869e-06
16.480768664841726,5.263151e-02,-2.752112e-05
16.480768664841726,7.314235e-02,-3.928523e-05
16.480768664841726,1.025928e-01,-7.236495e-05
16.480768664841726,1.448116e-01,-1.063816e-04
16.480768664841726,2.023460e-01,-1.509973e-04
16.480768664841726,2.834245e-01,-2.287117e-04
16.480768664841726,3.967448e-01,-3.188372e-04
16.480768664841726,5.552783e-01,-4.424022e-04
16.480768664841726,7.774819e-01,-6.113088e-04
16.480768664841726,1.088445e+00,-8.289385e-04
16.480768664841726,1.523711e+00,-1.119608e-03
16.480768664841726,2.088426e+00,-1.384308e-03
16.480768664841726,2.685505e+00,-1.309368e-03
16.83038403813856,0.e+00,0.e+00
16.83038403813856,1.570796e-02,-2.872665e-07
16.83038403813856,2.346256e-02,-1.402137e-06
16.83038403813856,3.503514e-02,-7.502122e-06
16.83038403813856,5.263151e-02,-2.130376e-05
16.83038403813856,7.314235e-02,-3.033169e-05
16.83038403813856,1.025928e-01,-5.634179e-05
16.83038403813856,1.448116e-01,-8.199827e-05
16.83038403813856,2.023460e-01,-1.16877e-04
16.83038403813856,2.834245e-01,-1.766658e-04
16.83038403813856,3.967448e-01,-2.463464e-04
16.83038403813856,5.552783e-01,-3.454487e-04
16.83038403813856,7.774819e-01,-4.813419e-04
16.83038403813856,1.088445e+00,-6.596423e-04
16.83038403813856,1.523711e+00,-9.012006e-04
16.83038403813856,2.088426e+00,-1.119785e-03
16.83038403813856,2.685505e+00,-1.063797e-03
17.186991718901332,0.e+00,0.e+00
17.186991718901332,1.570796e-02,-2.08934e-07
17.186991718901332,2.346256e-02,-1.159917e-06
17.186991718901332,3.503514e-02,-5.894097e-06
17.186991718901332,5.263151e-02,-1.635577e-05
17.186991718901332,7.314235e-02,-2.381310e-05
17.186991718901332,1.025928e-01,-4.27808e-05
17.186991718901332,1.448116e-01,-6.29011e-05
17.186991718901332,2.023460e-01,-8.968315e-05
17.186991718901332,2.834245e-01,-1.354551e-04
17.186991718901332,3.967448e-01,-1.895383e-04
17.186991718901332,5.552783e-01,-2.671911e-04
17.186991718901332,7.774819e-01,-3.761088e-04
17.186991718901332,1.088445e+00,-5.183954e-04
17.186991718901332,1.523711e+00,-7.136451e-04
17.186991718901332,2.088426e+00,-8.92063e-04
17.186991718901332,2.685505e+00,-8.508156e-04
17.55073155327936,0.e+00,0.e+00
17.55073155327936,1.570796e-02,-1.796111e-07
17.55073155327936,2.346256e-02,-8.989226e-07
17.55073155327936,3.503514e-02,-4.529828e-06
17.55073155327936,5.263151e-02,-1.250359e-05
17.55073155327936,7.314235e-02,-1.792348e-05
17.55073155327936,1.025928e-01,-3.254860e-05
17.55073155327936,1.448116e-01,-4.757318e-05
17.55073155327936,2.023460e-01,-6.790802e-05
17.55073155327936,2.834245e-01,-1.025107e-04
17.55073155327936,3.967448e-01,-1.435299e-04
17.55073155327936,5.552783e-01,-2.040788e-04
17.55073155327936,7.774819e-01,-2.900266e-04
17.55073155327936,1.088445e+00,-4.030177e-04
17.55073155327936,1.523711e+00,-5.597788e-04
17.55073155327936,2.088426e+00,-6.994205e-04
17.55073155327936,2.685505e+00,-6.680422e-04
17.921746184344947,0.e+00,0.e+00
17.921746184344947,1.570796e-02,-1.446893e-07
17.921746184344947,2.346256e-02,-6.245715e-07
17.921746184344947,3.503514e-02,-3.391014e-06
17.921746184344947,5.263151e-02,-9.182094e-06
17.921746184344947,7.314235e-02,-1.329978e-05
17.921746184344947,1.025928e-01,-2.395766e-05
17.921746184344947,1.448116e-01,-3.533766e-05
17.921746184344947,2.023460e-01,-5.083807e-05
17.921746184344947,2.834245e-01,-7.594915e-05
17.921746184344947,3.967448e-01,-1.067144e-04
17.921746184344947,5.552783e-01,-1.528282e-04
17.921746184344947,7.774819e-01,-2.174788e-04
17.921746184344947,1.088445e+00,-3.051997e-04
17.921746184344947,1.523711e+00,-4.25552e-04
17.921746184344947,2.088426e+00,-5.364343e-04
17.921746184344947,2.685505e+00,-5.128185e-04
18.300181108031847,0.e+00,0.e+00
18.300181108031847,1.570796e-02,-1.038814e-07
18.300181108031847,2.346256e-02,-4.581765e-07
18.300181108031847,3.503514e-02,-2.50561e-06
18.300181108031847,5.263151e-02,-6.568155e-06
18.300181108031847,7.314235e-02,-9.729938e-06
18.300181108031847,1.025928e-01,-1.733683e-05
18.300181108031847,1.448116e-01,-2.583801e-05
18.300181108031847,2.023460e-01,-3.709804e-05
18.300181108031847,2.834245e-01,-5.543460e-05
18.300181108031847,3.967448e-01,-7.847108e-05
18.300181108031847,5.552783e-01,-1.127468e-04
18.300181108031847,7.774819e-01,-1.613587e-04
18.300181108031847,1.088445e+00,-2.275125e-04
18.300181108031847,1.523711e+00,-3.198153e-04
18.300181108031847,2.088426e+00,-4.038873e-04
18.300181108031847,2.685505e+00,-3.812487e-04
18.686184730192483,0.e+00,0.e+00
18.686184730192483,1.570796e-02,-7.7114e-08
18.686184730192483,2.346256e-02,-3.409617e-07
18.686184730192483,3.503514e-02,-1.770131e-06
18.686184730192483,5.263151e-02,-4.69968e-06
18.686184730192483,7.314235e-02,-6.907938e-06
18.686184730192483,1.025928e-01,-1.247563e-05
18.686184730192483,1.448116e-01,-1.884932e-05
18.686184730192483,2.023460e-01,-2.675847e-05
18.686184730192483,2.834245e-01,-4.021675e-05
18.686184730192483,3.967448e-01,-5.663653e-05
18.686184730192483,5.552783e-01,-8.215295e-05
18.686184730192483,7.774819e-01,-1.176787e-04
18.686184730192483,1.088445e+00,-1.670509e-04
18.686184730192483,1.523711e+00,-2.377893e-04
18.686184730192483,2.088426e+00,-3.011206e-04
18.686184730192483,2.685505e+00,-2.865743e-04
19.079908424796333,0.e+00,0.e+00
19.079908424796333,1.570796e-02,-4.877518e-08
19.079908424796333,2.346256e-02,-2.412783e-07
19.079908424796333,3.503514e-02,-1.265921e-06
19.079908424796333,5.263151e-02,-3.285740e-06
19.079908424796333,7.314235e-02,-4.907529e-06
19.079908424796333,1.025928e-01,-8.793994e-06
19.079908424796333,1.448116e-01,-1.326612e-05
19.079908424796333,2.023460e-01,-1.914417e-05
19.079908424796333,2.834245e-01,-2.875694e-05
19.079908424796333,3.967448e-01,-4.018946e-05
19.079908424796333,5.552783e-01,-5.876324e-05
19.079908424796333,7.774819e-01,-8.457023e-05
19.079908424796333,1.088445e+00,-1.204873e-04
19.079908424796333,1.523711e+00,-1.729752e-04
19.079908424796333,2.088426e+00,-2.205045e-04
19.079908424796333,2.685505e+00,-2.083636e-04
19.48150659329226,0.e+00,0.e+00
19.48150659329226,1.570796e-02,-3.523349e-08
19.48150659329226,2.346256e-02,-1.571362e-07
19.48150659329226,3.503514e-02,-9.068437e-07
19.48150659329226,5.263151e-02,-2.259452e-06
19.48150659329226,7.314235e-02,-3.385381e-06
19.48150659329226,1.025928e-01,-6.118737e-06
19.48150659329226,1.448116e-01,-9.296297e-06
19.48150659329226,2.023460e-01,-1.334461e-05
19.48150659329226,2.834245e-01,-2.002943e-05
19.48150659329226,3.967448e-01,-2.818739e-05
19.48150659329226,5.552783e-01,-4.160231e-05
19.48150659329226,7.774819e-01,-6.013500e-05
19.48150659329226,1.088445e+00,-8.576454e-05
19.48150659329226,1.523711e+00,-1.243052e-04
19.48150659329226,2.088426e+00,-1.577076e-04
19.48150659329226,2.685505e+00,-1.496162e-04
19.891136725158105,0.e+00,0.e+00
19.891136725158105,1.570796e-02,-2.014291e-08
19.891136725158105,2.346256e-02,-1.032235e-07
19.891136725158105,3.503514e-02,-6.139161e-07
19.891136725158105,5.263151e-02,-1.538083e-06
19.891136725158105,7.314235e-02,-2.303969e-06
19.891136725158105,1.025928e-01,-4.178202e-06
19.891136725158105,1.448116e-01,-6.332706e-06
19.891136725158105,2.023460e-01,-9.126060e-06
19.891136725158105,2.834245e-01,-1.364077e-05
19.891136725158105,3.967448e-01,-1.947668e-05
19.891136725158105,5.552783e-01,-2.876477e-05
19.891136725158105,7.774819e-01,-4.176784e-05
19.891136725158105,1.088445e+00,-5.96724e-05
19.891136725158105,1.523711e+00,-8.673832e-05
19.891136725158105,2.088426e+00,-1.113403e-04
19.891136725158105,2.685505e+00,-1.058281e-04
20.308959459661267,0.e+00,0.e+00
20.308959459661267,1.570796e-02,-1.337792e-08
20.308959459661267,2.346256e-02,-5.498359e-08
20.308959459661267,3.503514e-02,-4.070512e-07
20.308959459661267,5.263151e-02,-9.971918e-07
20.308959459661267,7.314235e-02,-1.540784e-06
20.308959459661267,1.025928e-01,-2.785894e-06
20.308959459661267,1.448116e-01,-4.311742e-06
20.308959459661267,2.023460e-01,-6.276877e-06
20.308959459661267,2.834245e-01,-9.297353e-06
20.308959459661267,3.967448e-01,-1.333854e-05
20.308959459661267,5.552783e-01,-1.966988e-05
20.308959459661267,7.774819e-01,-2.861902e-05
20.308959459661267,1.088445e+00,-4.175043e-05
20.308959459661267,1.523711e+00,-6.038258e-05
20.308959459661267,2.088426e+00,-7.784481e-05
20.308959459661267,2.685505e+00,-7.363757e-05
20.73513864885449,0.e+00,0.e+00
20.73513864885449,1.570796e-02,-1.004353e-08
20.73513864885449,2.346256e-02,-3.886179e-08
20.73513864885449,3.503514e-02,-2.670401e-07
20.73513864885449,5.263151e-02,-6.484959e-07
20.73513864885449,7.314235e-02,-1.006023e-06
20.73513864885449,1.025928e-01,-1.773172e-06
20.73513864885449,1.448116e-01,-2.82886e-06
20.73513864885449,2.023460e-01,-4.112494e-06
20.73513864885449,2.834245e-01,-6.095151e-06
20.73513864885449,3.967448e-01,-8.765834e-06
20.73513864885449,5.552783e-01,-1.297819e-05
20.73513864885449,7.774819e-01,-1.901264e-05
20.73513864885449,1.088445e+00,-2.810746e-05
20.73513864885449,1.523711e+00,-4.085538e-05
20.73513864885449,2.088426e+00,-5.281113e-05
20.73513864885449,2.685505e+00,-5.007891e-05
21.16984142183158,0.e+00,0.e+00
21.16984142183158,1.570796e-02,-7.955961e-09
21.16984142183158,2.346256e-02,-2.603798e-08
21.16984142183158,3.503514e-02,-1.892749e-07
21.16984142183158,5.263151e-02,-4.205729e-07
21.16984142183158,7.314235e-02,-6.558641e-07
21.16984142183158,1.025928e-01,-1.19503e-06
21.16984142183158,1.448116e-01,-1.858766e-06
21.16984142183158,2.023460e-01,-2.699951e-06
21.16984142183158,2.834245e-01,-4.082245e-06
21.16984142183158,3.967448e-01,-5.795615e-06
21.16984142183158,5.552783e-01,-8.583357e-06
21.16984142183158,7.774819e-01,-1.269834e-05
21.16984142183158,1.088445e+00,-1.878246e-05
21.16984142183158,1.523711e+00,-2.745391e-05
21.16984142183158,2.088426e+00,-3.51446e-05
21.16984142183158,2.685505e+00,-3.225703e-05
21.613238250268214,0.e+00,0.e+00
21.613238250268214,1.570796e-02,-6.359278e-09
21.613238250268214,2.346256e-02,-1.301155e-08
21.613238250268214,3.503514e-02,-1.311858e-07
21.613238250268214,5.263151e-02,-2.496239e-07
21.613238250268214,7.314235e-02,-4.149355e-07
21.613238250268214,1.025928e-01,-7.531645e-07
21.613238250268214,1.448116e-01,-1.163195e-06
21.613238250268214,2.023460e-01,-1.665790e-06
21.613238250268214,2.834245e-01,-2.598783e-06
21.613238250268214,3.967448e-01,-3.698545e-06
21.613238250268214,5.552783e-01,-5.486063e-06
21.613238250268214,7.774819e-01,-8.199974e-06
21.613238250268214,1.088445e+00,-1.208915e-05
21.613238250268214,1.523711e+00,-1.775498e-05
21.613238250268214,2.088426e+00,-2.299588e-05
21.613238250268214,2.685505e+00,-2.116623e-05
22.065503015273578,0.e+00,0.e+00
22.065503015273578,1.570796e-02,-3.881472e-09
22.065503015273578,2.346256e-02,-2.667636e-09
22.065503015273578,3.503514e-02,-8.232858e-08
22.065503015273578,5.263151e-02,-1.578899e-07
22.065503015273578,7.314235e-02,-2.354585e-07
22.065503015273578,1.025928e-01,-4.268644e-07
22.065503015273578,1.448116e-01,-7.01619e-07
22.065503015273578,2.023460e-01,-9.706411e-07
22.065503015273578,2.834245e-01,-1.556909e-06
22.065503015273578,3.967448e-01,-2.217391e-06
22.065503015273578,5.552783e-01,-3.334598e-06
22.065503015273578,7.774819e-01,-5.026929e-06
22.065503015273578,1.088445e+00,-7.509832e-06
22.065503015273578,1.523711e+00,-1.104816e-05
22.065503015273578,2.088426e+00,-1.438601e-05
22.065503015273578,2.685505e+00,-1.338182e-05
22.52681307557905,0.e+00,0.e+00
22.52681307557905,1.570796e-02,1.269272e-10
22.52681307557905,2.346256e-02,5.217634e-10
22.52681307557905,3.503514e-02,2.831641e-09
22.52681307557905,5.263151e-02,6.330679e-09
22.52681307557905,7.314235e-02,9.334498e-09
22.52681307557905,1.025928e-01,1.79863e-08
22.52681307557905,1.448116e-01,2.578164e-08
22.52681307557905,2.023460e-01,3.650596e-08
22.52681307557905,2.834245e-01,5.444872e-08
22.52681307557905,3.967448e-01,7.846011e-08
22.52681307557905,5.552783e-01,1.094210e-07
22.52681307557905,7.774819e-01,1.410244e-07
22.52681307557905,1.088445e+00,1.542293e-07
22.52681307557905,1.523711e+00,1.325116e-07
22.52681307557905,2.088426e+00,8.625505e-08
22.52681307557905,2.685505e+00,4.067202e-08
22.997349337090633,0.e+00,0.e+00
22.997349337090633,1.570796e-02,1.191605e-10
22.997349337090633,2.346256e-02,4.901687e-10
22.997349337090633,3.503514e-02,2.663072e-09
22.997349337090633,5.263151e-02,5.952579e-09
22.997349337090633,7.314235e-02,8.777698e-09
22.997349337090633,1.025928e-01,1.693282e-08
22.997349337090633,1.448116e-01,2.426770e-08
22.997349337090633,2.023460e-01,3.443328e-08
22.997349337090633,2.834245e-01,5.161955e-08
22.997349337090633,3.967448e-01,7.489121e-08
22.997349337090633,5.552783e-01,1.051456e-07
22.997349337090633,7.774819e-01,1.363014e-07
22.997349337090633,1.088445e+00,1.499909e-07
22.997349337090633,1.523711e+00,1.303302e-07
22.997349337090633,2.088426e+00,8.605683e-08
22.997349337090633,2.685505e+00,4.068432e-08
23.477296323832444,0.e+00,0.e+00
23.477296323832444,1.570796e-02,1.116300e-10
23.477296323832444,2.346256e-02,4.59905e-10
23.477296323832444,3.503514e-02,2.496255e-09
23.477296323832444,5.263151e-02,5.58055e-09
23.477296323832444,7.314235e-02,8.229836e-09
23.477296323832444,1.025928e-01,1.589394e-08
23.477296323832444,1.448116e-01,2.278051e-08
23.477296323832444,2.023460e-01,3.241670e-08
23.477296323832444,2.834245e-01,4.884934e-08
23.477296323832444,3.967448e-01,7.134112e-08
23.477296323832444,5.552783e-01,1.008056e-07
23.477296323832444,7.774819e-01,1.314236e-07
23.477296323832444,1.088445e+00,1.456469e-07
23.477296323832444,1.523711e+00,1.280837e-07
23.477296323832444,2.088426e+00,8.587440e-08
23.477296323832444,2.685505e+00,4.077744e-08
23.966842250309092,0.e+00,0.e+00
23.966842250309092,1.570796e-02,1.042310e-10
23.966842250309092,2.346256e-02,4.300506e-10
23.966842250309092,3.503514e-02,2.332540e-09
23.966842250309092,5.263151e-02,5.216423e-09
23.966842250309092,7.314235e-02,7.693131e-09
23.966842250309092,1.025928e-01,1.487911e-08
23.966842250309092,1.448116e-01,2.132913e-08
23.966842250309092,2.023460e-01,3.042761e-08
23.966842250309092,2.834245e-01,4.612422e-08
23.966842250309092,3.967448e-01,6.779228e-08
23.966842250309092,5.552783e-01,9.641233e-08
23.966842250309092,7.774819e-01,1.263951e-07
23.966842250309092,1.088445e+00,1.410286e-07
23.966842250309092,1.523711e+00,1.256887e-07
23.966842250309092,2.088426e+00,8.567511e-08
23.966842250309092,2.685505e+00,4.088656e-08
24.466179095315276,0.e+00,0.e+00
24.466179095315276,1.570796e-02,9.703508e-11
24.466179095315276,2.346256e-02,4.008339e-10
24.466179095315276,3.503514e-02,2.172842e-09
24.466179095315276,5.263151e-02,4.860319e-09
24.466179095315276,7.314235e-02,7.169669e-09
24.466179095315276,1.025928e-01,1.388758e-08
24.466179095315276,1.448116e-01,1.990723e-08
24.466179095315276,2.023460e-01,2.849011e-08
24.466179095315276,2.834245e-01,4.344448e-08
24.466179095315276,3.967448e-01,6.425641e-08
24.466179095315276,5.552783e-01,9.194064e-08
24.466179095315276,7.774819e-01,1.211757e-07
24.466179095315276,1.088445e+00,1.362014e-07
24.466179095315276,1.523711e+00,1.232082e-07
24.466179095315276,2.088426e+00,8.553163e-08
24.466179095315276,2.685505e+00,4.116680e-08
24.97550267722158,0.e+00,0.e+00
24.97550267722158,1.570796e-02,8.993174e-11
24.97550267722158,2.346256e-02,3.724494e-10
24.97550267722158,3.503514e-02,2.016935e-09
24.97550267722158,5.263151e-02,4.514312e-09
24.97550267722158,7.314235e-02,6.659455e-09
24.97550267722158,1.025928e-01,1.292027e-08
24.97550267722158,1.448116e-01,1.852737e-08
24.97550267722158,2.023460e-01,2.659719e-08
24.97550267722158,2.834245e-01,4.080486e-08
24.97550267722158,3.967448e-01,6.072516e-08
24.97550267722158,5.552783e-01,8.741048e-08
24.97550267722158,7.774819e-01,1.15791e-07
24.97550267722158,1.088445e+00,1.311911e-07
24.97550267722158,1.523711e+00,1.205444e-07
24.97550267722158,2.088426e+00,8.543379e-08
24.97550267722158,2.685505e+00,4.156174e-08
25.495012730766014,0.e+00,0.e+00
25.495012730766014,1.570796e-02,8.306699e-11
25.495012730766014,2.346256e-02,3.448733e-10
25.495012730766014,3.503514e-02,1.865241e-09
25.495012730766014,5.263151e-02,4.177057e-09
25.495012730766014,7.314235e-02,6.162601e-09
25.495012730766014,1.025928e-01,1.19824e-08
25.495012730766014,1.448116e-01,1.718623e-08
25.495012730766014,2.023460e-01,2.47463e-08
25.495012730766014,2.834245e-01,3.821508e-08
25.495012730766014,3.967448e-01,5.71788e-08
25.495012730766014,5.552783e-01,8.278062e-08
25.495012730766014,7.774819e-01,1.102645e-07
25.495012730766014,1.088445e+00,1.260531e-07
25.495012730766014,1.523711e+00,1.177211e-07
25.495012730766014,2.088426e+00,8.528481e-08
25.495012730766014,2.685505e+00,4.217265e-08
26.024912985381334,0.e+00,0.e+00
26.024912985381334,1.570796e-02,7.638671e-11
26.024912985381334,2.346256e-02,3.178136e-10
26.024912985381334,3.503514e-02,1.717546e-09
26.024912985381334,5.263151e-02,3.848743e-09
26.024912985381334,7.314235e-02,5.678840e-09
26.024912985381334,1.025928e-01,1.106392e-08
26.024912985381334,1.448116e-01,1.587573e-08
26.024912985381334,2.023460e-01,2.293716e-08
26.024912985381334,2.834245e-01,3.564902e-08
26.024912985381334,3.967448e-01,5.362921e-08
26.024912985381334,5.552783e-01,7.804793e-08
26.024912985381334,7.774819e-01,1.045775e-07
26.024912985381334,1.088445e+00,1.206319e-07
26.024912985381334,1.523711e+00,1.147119e-07
26.024912985381334,2.088426e+00,8.530450e-08
26.024912985381334,2.685505e+00,4.301501e-08
26.56541124508896,0.e+00,0.e+00
26.56541124508896,1.570796e-02,6.985035e-11
26.56541124508896,2.346256e-02,2.914703e-10
26.56541124508896,3.503514e-02,1.574156e-09
26.56541124508896,5.263151e-02,3.529430e-09
26.56541124508896,7.314235e-02,5.210128e-09
26.56541124508896,1.025928e-01,1.01718e-08
26.56541124508896,1.448116e-01,1.460257e-08
26.56541124508896,2.023460e-01,2.116826e-08
26.56541124508896,2.834245e-01,3.311025e-08
26.56541124508896,3.967448e-01,5.005908e-08
26.56541124508896,5.552783e-01,7.325972e-08
26.56541124508896,7.774819e-01,9.86632e-08
26.56541124508896,1.088445e+00,1.148903e-07
26.56541124508896,1.523711e+00,1.114299e-07
26.56541124508896,2.088426e+00,8.515437e-08
26.56541124508896,2.685505e+00,4.410215e-08
27.11671946999074,0.e+00,0.e+00
27.11671946999074,1.570796e-02,6.355765e-11
27.11671946999074,2.346256e-02,2.656591e-10
27.11671946999074,3.503514e-02,1.434716e-09
27.11671946999074,5.263151e-02,3.219551e-09
27.11671946999074,7.314235e-02,4.752543e-09
27.11671946999074,1.025928e-01,9.302366e-09
27.11671946999074,1.448116e-01,1.335844e-08
27.11671946999074,2.023460e-01,1.943603e-08
27.11671946999074,2.834245e-01,3.059038e-08
27.11671946999074,3.967448e-01,4.646582e-08
27.11671946999074,5.552783e-01,6.837373e-08
27.11671946999074,7.774819e-01,9.258428e-08
27.11671946999074,1.088445e+00,1.088869e-07
27.11671946999074,1.523711e+00,1.077996e-07
27.11671946999074,2.088426e+00,8.492576e-08
27.11671946999074,2.685505e+00,4.580361e-08
27.679053859390557,0.e+00,0.e+00
27.679053859390557,1.570796e-02,5.743469e-11
27.679053859390557,2.346256e-02,2.408132e-10
27.679053859390557,3.503514e-02,1.299473e-09
27.679053859390557,5.263151e-02,2.918827e-09
27.679053859390557,7.314235e-02,4.307886e-09
27.679053859390557,1.025928e-01,8.453233e-09
27.679053859390557,1.448116e-01,1.214724e-08
27.679053859390557,2.023460e-01,1.773857e-08
27.679053859390557,2.834245e-01,2.808781e-08
27.679053859390557,3.967448e-01,4.283582e-08
27.679053859390557,5.552783e-01,6.334816e-08
27.679053859390557,7.774819e-01,8.628555e-08
27.679053859390557,1.088445e+00,1.026429e-07
27.679053859390557,1.523711e+00,1.038020e-07
27.679053859390557,2.088426e+00,8.449926e-08
27.679053859390557,2.685505e+00,4.773632e-08
28.252634936578367,0.e+00,0.e+00
28.252634936578367,1.570796e-02,5.148229e-11
28.252634936578367,2.346256e-02,2.165885e-10
28.252634936578367,3.503514e-02,1.167786e-09
28.252634936578367,5.263151e-02,2.626295e-09
28.252634936578367,7.314235e-02,3.875966e-09
28.252634936578367,1.025928e-01,7.624685e-09
28.252634936578367,1.448116e-01,1.096528e-08
28.252634936578367,2.023460e-01,1.607049e-08
28.252634936578367,2.834245e-01,2.560267e-08
28.252634936578367,3.967448e-01,3.917435e-08
28.252634936578367,5.552783e-01,5.82065e-08
28.252634936578367,7.774819e-01,7.97617e-08
28.252634936578367,1.088445e+00,9.599124e-08
28.252634936578367,1.523711e+00,9.93518e-08
28.252634936578367,2.088426e+00,8.37737e-08
28.252634936578367,2.685505e+00,4.995016e-08
28.837687635309937,0.e+00,0.e+00
28.837687635309937,1.570796e-02,4.571566e-11
28.837687635309937,2.346256e-02,1.929088e-10
28.837687635309937,3.503514e-02,1.039893e-09
28.837687635309937,5.263151e-02,2.34224e-09
28.837687635309937,7.314235e-02,3.456290e-09
28.837687635309937,1.025928e-01,6.814509e-09
28.837687635309937,1.448116e-01,9.811749e-09
28.837687635309937,2.023460e-01,1.443266e-08
28.837687635309937,2.834245e-01,2.312638e-08
28.837687635309937,3.967448e-01,3.549355e-08
28.837687635309937,5.552783e-01,5.299236e-08
28.837687635309937,7.774819e-01,7.303637e-08
28.837687635309937,1.088445e+00,8.895176e-08
28.837687635309937,1.523711e+00,9.421398e-08
28.837687635309937,2.088426e+00,8.254173e-08
28.837687635309937,2.685505e+00,5.232081e-08
29.434441388016136,0.e+00,0.e+00
29.434441388016136,1.570796e-02,4.013046e-11
29.434441388016136,2.346256e-02,1.698244e-10
29.434441388016136,3.503514e-02,9.154628e-10
29.434441388016136,5.263151e-02,2.065257e-09
29.434441388016136,7.314235e-02,3.048125e-09
29.434441388016136,1.025928e-01,6.023299e-09
29.434441388016136,1.448116e-01,8.683511e-09
29.434441388016136,2.023460e-01,1.281905e-08
29.434441388016136,2.834245e-01,2.066224e-08
29.434441388016136,3.967448e-01,3.179449e-08
29.434441388016136,5.552783e-01,4.765542e-08
29.434441388016136,7.774819e-01,6.606295e-08
29.434441388016136,1.088445e+00,8.149365e-08
29.434441388016136,1.523711e+00,8.849188e-08
29.434441388016136,2.088426e+00,8.081589e-08
29.434441388016136,2.685505e+00,5.472183e-08
30.043130215776458,0.e+00,0.e+00
30.043130215776458,1.570796e-02,3.469954e-11
30.043130215776458,2.346256e-02,1.474229e-10
30.043130215776458,3.503514e-02,7.947708e-10
30.043130215776458,5.263151e-02,1.795968e-09
30.043130215776458,7.314235e-02,2.649749e-09
30.043130215776458,1.025928e-01,5.249341e-09
30.043130215776458,1.448116e-01,7.580704e-09
30.043130215776458,2.023460e-01,1.122946e-08
30.043130215776458,2.834245e-01,1.819899e-08
30.043130215776458,3.967448e-01,2.807417e-08
30.043130215776458,5.552783e-01,4.222286e-08
30.043130215776458,7.774819e-01,5.889333e-08
30.043130215776458,1.088445e+00,7.357927e-08
30.043130215776458,1.523711e+00,8.207806e-08
30.043130215776458,2.088426e+00,7.822064e-08
30.043130215776458,2.685505e+00,5.708454e-08
30.663992820091988,0.e+00,0.e+00
30.663992820091988,1.570796e-02,2.952925e-11
30.663992820091988,2.346256e-02,1.255402e-10
30.663992820091988,3.503514e-02,6.776747e-10
30.663992820091988,5.263151e-02,1.534488e-09
30.663992820091988,7.314235e-02,2.263e-09
30.663992820091988,1.025928e-01,4.493904e-09
30.663992820091988,1.448116e-01,6.501461e-09
30.663992820091988,2.023460e-01,9.660747e-09
30.663992820091988,2.834245e-01,1.574048e-08
30.663992820091988,3.967448e-01,2.432581e-08
30.663992820091988,5.552783e-01,3.67085e-08
30.663992820091988,7.774819e-01,5.151279e-08
30.663992820091988,1.088445e+00,6.521491e-08
30.663992820091988,1.523711e+00,7.472021e-08
30.663992820091988,2.088426e+00,7.455235e-08
30.663992820091988,2.685505e+00,5.898843e-08
31.297272676493826,0.e+00,0.e+00
31.297272676493826,1.570796e-02,2.445411e-11
31.297272676493826,2.346256e-02,1.043464e-10
31.297272676493826,3.503514e-02,5.640737e-10
31.297272676493826,5.263151e-02,1.279279e-09
31.297272676493826,7.314235e-02,1.886289e-09
31.297272676493826,1.025928e-01,3.754701e-09
31.297272676493826,1.448116e-01,5.442765e-09
31.297272676493826,2.023460e-01,8.113702e-09
31.297272676493826,2.834245e-01,1.328745e-08
31.297272676493826,3.967448e-01,2.056056e-08
31.297272676493826,5.552783e-01,3.111886e-08
31.297272676493826,7.774819e-01,4.393644e-08
31.297272676493826,1.088445e+00,5.635428e-08
31.297272676493826,1.523711e+00,6.638843e-08
31.297272676493826,2.088426e+00,6.952497e-08
31.297272676493826,2.685505e+00,5.978978e-08
31.943218130023702,0.e+00,0.e+00
31.943218130023702,1.570796e-02,1.961165e-11
31.943218130023702,2.346256e-02,8.377839e-11
31.943218130023702,3.503514e-02,4.535839e-10
31.943218130023702,5.263151e-02,1.031019e-09
31.943218130023702,7.314235e-02,1.519662e-09
31.943218130023702,1.025928e-01,3.032003e-09
31.943218130023702,1.448116e-01,4.404492e-09
31.943218130023702,2.023460e-01,6.58677e-09
31.943218130023702,2.834245e-01,1.083793e-08
31.943218130023702,3.967448e-01,1.677853e-08
31.943218130023702,5.552783e-01,2.546584e-08
31.943218130023702,7.774819e-01,3.615954e-08
31.943218130023702,1.088445e+00,4.703599e-08
31.943218130023702,1.523711e+00,5.699008e-08
31.943218130023702,2.088426e+00,6.279512e-08
31.943218130023702,2.685505e+00,5.880412e-08
32.60208249262418,0.e+00,0.e+00
32.60208249262418,1.570796e-02,1.494438e-11
32.60208249262418,2.346256e-02,6.388089e-11
32.60208249262418,3.503514e-02,3.46603e-10
32.60208249262418,5.263151e-02,7.896543e-10
32.60208249262418,7.314235e-02,1.162877e-09
32.60208249262418,1.025928e-01,2.326428e-09
32.60208249262418,1.448116e-01,3.387136e-09
32.60208249262418,2.023460e-01,5.080334e-09
32.60208249262418,2.834245e-01,8.391586e-09
32.60208249262418,3.967448e-01,1.300139e-08
32.60208249262418,5.552783e-01,1.977797e-08
32.60208249262418,7.774819e-01,2.821876e-08
32.60208249262418,1.088445e+00,3.723309e-08
32.60208249262418,1.523711e+00,4.643445e-08
32.60208249262418,2.088426e+00,5.398770e-08
32.60208249262418,2.685505e+00,5.506447e-08
33.27412414247666,0.e+00,0.e+00
33.27412414247666,1.570796e-02,1.038388e-11
33.27412414247666,2.346256e-02,4.461147e-11
33.27412414247666,3.503514e-02,2.425179e-10
33.27412414247666,5.263151e-02,5.535965e-10
33.27412414247666,7.314235e-02,8.154681e-10
33.27412414247666,1.025928e-01,1.635013e-09
33.27412414247666,1.448116e-01,2.386192e-09
33.27412414247666,2.023460e-01,3.589569e-09
33.27412414247666,2.834245e-01,5.952894e-09
33.27412414247666,3.967448e-01,9.228526e-09
33.27412414247666,5.552783e-01,1.406997e-08
33.27412414247666,7.774819e-01,2.017154e-08
33.27412414247666,1.088445e+00,2.697033e-08
33.27412414247666,1.523711e+00,3.461974e-08
33.27412414247666,2.088426e+00,4.261616e-08
33.27412414247666,2.685505e+00,4.718302e-08
33.959606625326195,0.e+00,0.e+00
33.959606625326195,1.570796e-02,6.260894e-12
33.959606625326195,2.346256e-02,2.688625e-11
33.959606625326195,3.503514e-02,1.469228e-10
33.959606625326195,5.263151e-02,3.357375e-10
33.959606625326195,7.314235e-02,4.943058e-10
33.959606625326195,1.025928e-01,9.915176e-10
33.959606625326195,1.448116e-01,1.449993e-09
33.959606625326195,2.023460e-01,2.177628e-09
33.959606625326195,2.834245e-01,3.604636e-09
33.959606625326195,3.967448e-01,5.55495e-09
33.959606625326195,5.552783e-01,8.443932e-09
33.959606625326195,7.774819e-01,1.210182e-08
33.959606625326195,1.088445e+00,1.633361e-08
33.959606625326195,1.523711e+00,2.152869e-08
33.959606625326195,2.088426e+00,2.787750e-08
33.959606625326195,2.685505e+00,3.317368e-08
34.65879875783272,0.e+00,0.e+00
34.65879875783272,1.570796e-02,2.103816e-12
34.65879875783272,2.346256e-02,7.475466e-12
34.65879875783272,3.503514e-02,4.489077e-11
34.65879875783272,5.263151e-02,1.065726e-10
34.65879875783272,7.314235e-02,1.565307e-10
34.65879875783272,1.025928e-01,3.091710e-10
34.65879875783272,1.448116e-01,4.560127e-10
34.65879875783272,2.023460e-01,6.918394e-10
34.65879875783272,2.834245e-01,1.159985e-09
34.65879875783272,3.967448e-01,1.796258e-09
34.65879875783272,5.552783e-01,2.749602e-09
34.65879875783272,7.774819e-01,3.964443e-09
34.65879875783272,1.088445e+00,5.424751e-09
34.65879875783272,1.523711e+00,7.317610e-09
34.65879875783272,2.088426e+00,9.952120e-09
34.65879875783272,2.685505e+00,1.272842e-08
35.37197473298937,0.e+00,0.e+00
35.37197473298937,1.570796e-02,0.e+00
35.37197473298937,2.346256e-02,0.e+00
35.37197473298937,3.503514e-02,0.e+00
35.37197473298937,5.263151e-02,0.e+00
35.37197473298937,7.314235e-02,0.e+00
35.37197473298937,1.025928e-01,0.e+00
35.37197473298937,1.448116e-01,0.e+00
35.37197473298937,2.023460e-01,0.e+00
35.37197473298937,2.834245e-01,0.e+00
35.37197473298937,3.967448e-01,0.e+00
35.37197473298937,5.552783e-01,0.e+00
35.37197473298937,7.774819e-01,0.e+00
35.37197473298937,1.088445e+00,0.e+00
35.37197473298937,1.523711e+00,0.e+00
35.37197473298937,2.088426e+00,0.e+00
35.37197473298937,2.685505e+00,0.e+00
