z,k,Pm
5.0,0.0,0.0
5.0,0.015707963267948967,0.0
5.0,0.023462558633972192,0.0
5.0,0.03503514218779029,0.0
5.0,0.05263150808357201,0.0
5.0,0.0731423493547288,0.0
5.0,0.10259276477134219,0.0
5.0,0.14481159820038791,0.0
5.0,0.20234603287313824,0.0
5.0,0.2834245013168247,0.0
5.0,0.3967448265966417,0.0
5.0,0.5552782518837672,0.0
5.0,0.7774818770639701,0.0
5.0,1.0884445474248694,0.0
5.0,1.5237112672761535,0.0
5.0,2.088426337077478,0.0
5.0,2.685504776398588,0.0
5.12,0.0,0.0
5.12,0.015707963267948967,0.0
5.12,0.023462558633972192,0.0
5.12,0.03503514218779029,0.0
5.12,0.05263150808357201,0.0
5.12,0.0731423493547288,0.0
5.12,0.10259276477134219,0.0
5.12,0.14481159820038791,0.0
5.12,0.20234603287313824,0.0
5.12,0.2834245013168247,0.0
5.12,0.3967448265966417,0.0
5.12,0.5552782518837672,0.0
5.12,0.7774818770639701,0.0
5.12,1.0884445474248694,0.0
5.12,1.5237112672761535,0.0
5.12,2.088426337077478,0.0
5.12,2.685504776398588,0.0
5.2424,0.0,0.0
5.2424,0.015707963267948967,0.0
5.2424,0.023462558633972192,0.0
5.2424,0.03503514218779029,0.0
5.2424,0.05263150808357201,0.0
5.2424,0.0731423493547288,0.0
5.2424,0.10259276477134219,0.0
5.2424,0.14481159820038791,0.0
5.2424,0.20234603287313824,0.0
5.2424,0.2834245013168247,0.0
5.2424,0.3967448265966417,0.0
5.2424,0.5552782518837672,0.0
5.2424,0.7774818770639701,0.0
5.2424,1.0884445474248694,0.0
5.2424,1.5237112672761535,0.0
5.2424,2.088426337077478,0.0
5.2424,2.685504776398588,0.0
5.367248,0.0,0.0
5.367248,0.015707963267948967,0.0
5.367248,0.023462558633972192,0.0
5.367248,0.03503514218779029,0.0
5.367248,0.05263150808357201,0.0
5.367248,0.0731423493547288,0.0
5.367248,0.10259276477134219,0.0
5.367248,0.14481159820038791,0.0
5.367248,0.20234603287313824,0.0
5.367248,0.2834245013168247,0.0
5.367248,0.3967448265966417,0.0
5.367248,0.5552782518837672,0.0
5.367248,0.7774818770639701,0.0
5.367248,1.0884445474248694,0.0
5.367248,1.5237112672761535,0.0
5.367248,2.088426337077478,0.0
5.367248,2.685504776398588,0.0
5.49459296,0.0,0.0
5.49459296,0.015707963267948967,0.0
5.49459296,0.023462558633972192,0.0
5.49459296,0.03503514218779029,0.0
5.49459296,0.05263150808357201,0.0
5.49459296,0.0731423493547288,0.0
5.49459296,0.10259276477134219,0.0
5.49459296,0.14481159820038791,0.0
5.49459296,0.20234603287313824,0.0
5.49459296,0.2834245013168247,0.0
5.49459296,0.3967448265966417,0.0
5.49459296,0.5552782518837672,0.0
5.49459296,0.7774818770639701,0.0
5.49459296,1.0884445474248694,0.0
5.49459296,1.5237112672761535,0.0
5.49459296,2.088426337077478,0.0
5.49459296,2.685504776398588,0.0
5.6244848192,0.0,0.0
5.6244848192,0.015707963267948967,0.0
5.6244848192,0.023462558633972192,0.0
5.6244848192,0.03503514218779029,0.0
5.6244848192,0.05263150808357201,0.0
5.6244848192,0.0731423493547288,0.0
5.6244848192,0.10259276477134219,0.0
5.6244848192,0.14481159820038791,0.0
5.6244848192,0.20234603287313824,0.0
5.6244848192,0.2834245013168247,0.0
5.6244848192,0.3967448265966417,0.0
5.6244848192,0.5552782518837672,0.0
5.6244848192,0.7774818770639701,0.0
5.6244848192,1.0884445474248694,0.0
5.6244848192,1.5237112672761535,0.0
5.6244848192,2.088426337077478,0.0
5.6244848192,2.685504776398588,0.0
5.756974515584,0.0,0.0
5.756974515584,0.015707963267948967,0.0
5.756974515584,0.023462558633972192,0.0
5.756974515584,0.03503514218779029,0.0
5.756974515584,0.05263150808357201,0.0
5.756974515584,0.0731423493547288,0.0
5.756974515584,0.10259276477134219,0.0
5.756974515584,0.14481159820038791,0.0
5.756974515584,0.20234603287313824,0.0
5.756974515584,0.2834245013168247,0.0
5.756974515584,0.3967448265966417,0.0
5.756974515584,0.5552782518837672,0.0
5.756974515584,0.7774818770639701,0.0
5.756974515584,1.0884445474248694,0.0
5.756974515584,1.5237112672761535,0.0
5.756974515584,2.088426337077478,0.0
5.756974515584,2.685504776398588,0.0
5.89211400589568,0.0,0.0
5.89211400589568,0.015707963267948967,-1.0667705776283919e-05
5.89211400589568,0.023462558633972192,-7.599291320381229e-06
5.89211400589568,0.03503514218779029,-1.5613544780963052e-05
5.89211400589568,0.05263150808357201,-5.659214252767173e-06
5.89211400589568,0.0731423493547288,-2.4714971343621375e-05
5.89211400589568,0.10259276477134219,-8.439873024572874e-06
5.89211400589568,0.14481159820038791,-2.1194004342023297e-05
5.89211400589568,0.20234603287313824,-7.868289527103687e-06
5.89211400589568,0.2834245013168247,1.0141749661529746e-06
5.89211400589568,0.3967448265966417,-3.9940652807311816e-06
5.89211400589568,0.5552782518837672,-1.0282725835991174e-05
5.89211400589568,0.7774818770639701,-4.148630273430075e-06
5.89211400589568,1.0884445474248694,-7.442611088655966e-06
5.89211400589568,1.5237112672761535,-6.579064713911754e-06
5.89211400589568,2.088426337077478,-8.352768274783294e-06
5.89211400589568,2.685504776398588,-8.512531979038477e-06
6.029956286013594,0.0,0.0
6.029956286013594,0.015707963267948967,-0.00011046410650122133
6.029956286013594,0.023462558633972192,-8.074232390825685e-05
6.029956286013594,0.03503514218779029,-0.000142225620894822
6.029956286013594,0.05263150808357201,-0.00020896191238431339
6.029956286013594,0.0731423493547288,-0.000249685523561849
6.029956286013594,0.10259276477134219,-7.928341032486226e-05
6.029956286013594,0.14481159820038791,-0.0002016736080512669
6.029956286013594,0.20234603287313824,-0.00013509903115748676
6.029956286013594,0.2834245013168247,-0.00023077031799385815
6.029956286013594,0.3967448265966417,-0.00012674792272328366
6.029956286013594,0.5552782518837672,-0.00010949130938011994
6.029956286013594,0.7774818770639701,-0.00010947814252567098
6.029956286013594,1.0884445474248694,-9.894204072241821e-05
6.029956286013594,1.5237112672761535,-9.541805111038054e-05
6.029956286013594,2.088426337077478,-0.00011014218254350243
6.029956286013594,2.685504776398588,-0.00011219704164422001
6.170555411733866,0.0,0.0
6.170555411733866,0.015707963267948967,-0.0002572208161287595
6.170555411733866,0.023462558633972192,-0.00025517527395316013
6.170555411733866,0.03503514218779029,-0.00029801320688187716
6.170555411733866,0.05263150808357201,-0.0005507183702677318
6.170555411733866,0.0731423493547288,-0.0007152630436302716
6.170555411733866,0.10259276477134219,-0.0005329563440789453
6.170555411733866,0.14481159820038791,-0.0006806356419386536
6.170555411733866,0.20234603287313824,-0.000624393686339711
6.170555411733866,0.2834245013168247,-0.0007464713564316737
6.170555411733866,0.3967448265966417,-0.000538147680259589
6.170555411733866,0.5552782518837672,-0.0004689875113978153
6.170555411733866,0.7774818770639701,-0.00041994736844552696
6.170555411733866,1.0884445474248694,-0.0003724952673960591
6.170555411733866,1.5237112672761535,-0.0003616612466351696
6.170555411733866,2.088426337077478,-0.0004015619032887048
6.170555411733866,2.685504776398588,-0.0004172491448831258
6.3139665199685435,0.0,0.0
6.3139665199685435,0.015707963267948967,-0.000542716686505006
6.3139665199685435,0.023462558633972192,-0.0006831128041012056
6.3139665199685435,0.03503514218779029,-0.0010599602042662534
6.3139665199685435,0.05263150808357201,-0.0018116938766491082
6.3139665199685435,0.0731423493547288,-0.002656566044306041
6.3139665199685435,0.10259276477134219,-0.001999643013627141
6.3139665199685435,0.14481159820038791,-0.0025809170022969095
6.3139665199685435,0.20234603287313824,-0.002339386006001995
6.3139665199685435,0.2834245013168247,-0.0024065413638662044
6.3139665199685435,0.3967448265966417,-0.0018841210952719426
6.3139665199685435,0.5552782518837672,-0.0016934995957485414
6.3139665199685435,0.7774818770639701,-0.0015038933080201806
6.3139665199685435,1.0884445474248694,-0.001301533839858465
6.3139665199685435,1.5237112672761535,-0.0012571218889900057
6.3139665199685435,2.088426337077478,-0.0013863488662932933
6.3139665199685435,2.685504776398588,-0.001427273226646037
6.460245850367914,0.0,0.0
6.460245850367914,0.015707963267948967,-0.0007130345959176892
6.460245850367914,0.023462558633972192,-0.0013489112332366606
6.460245850367914,0.03503514218779029,-0.002199884081568016
6.460245850367914,0.05263150808357201,-0.0032986471220299318
6.460245850367914,0.0731423493547288,-0.005460697287246019
6.460245850367914,0.10259276477134219,-0.004154161302411176
6.460245850367914,0.14481159820038791,-0.004963252934279322
6.460245850367914,0.20234603287313824,-0.0051775612828314005
6.460245850367914,0.2834245013168247,-0.00497422314492825
6.460245850367914,0.3967448265966417,-0.004154449674728483
6.460245850367914,0.5552782518837672,-0.0038133367408915713
6.460245850367914,0.7774818770639701,-0.003273796562170991
6.460245850367914,1.0884445474248694,-0.002818184185052326
6.460245850367914,1.5237112672761535,-0.0027217141297022586
6.460245850367914,2.088426337077478,-0.0029482722569552193
6.460245850367914,2.685504776398588,-0.0030125431201313956
6.6094507673752725,0.0,0.0
6.6094507673752725,0.015707963267948967,-0.0007701342126651338
6.6094507673752725,0.023462558633972192,-0.001849242589148019
6.6094507673752725,0.03503514218779029,-0.003406525707722847
6.6094507673752725,0.05263150808357201,-0.005092721087228252
6.6094507673752725,0.0731423493547288,-0.008555136719023311
6.6094507673752725,0.10259276477134219,-0.007529017188286801
6.6094507673752725,0.14481159820038791,-0.00874502736340615
6.6094507673752725,0.20234603287313824,-0.009123518779469295
6.6094507673752725,0.2834245013168247,-0.008819039551151394
6.6094507673752725,0.3967448265966417,-0.00762706628861713
6.6094507673752725,0.5552782518837672,-0.006835178782081634
6.6094507673752725,0.7774818770639701,-0.0059493505172642834
6.6094507673752725,1.0884445474248694,-0.005037116454558036
6.6094507673752725,1.5237112672761535,-0.0047598744184460026
6.6094507673752725,2.088426337077478,-0.005095103730543098
6.6094507673752725,2.685504776398588,-0.005203977508216606
6.761639782722778,0.0,0.0
6.761639782722778,0.015707963267948967,-0.0008169530995108592
6.761639782722778,0.023462558633972192,-0.0021358651876786164
6.761639782722778,0.03503514218779029,-0.00419975452259926
6.761639782722778,0.05263150808357201,-0.006625733554055516
6.761639782722778,0.0731423493547288,-0.01135254894628776
6.761639782722778,0.10259276477134219,-0.011304152456362978
6.761639782722778,0.14481159820038791,-0.013611098511271092
6.761639782722778,0.20234603287313824,-0.014042142901179692
6.761639782722778,0.2834245013168247,-0.013798302705470456
6.761639782722778,0.3967448265966417,-0.011938125345922028
6.761639782722778,0.5552782518837672,-0.01081232473317803
6.761639782722778,0.7774818770639701,-0.009310472320380512
6.761639782722778,1.0884445474248694,-0.007916356237843715
6.761639782722778,1.5237112672761535,-0.007390780164320598
6.761639782722778,2.088426337077478,-0.007803791300711635
6.761639782722778,2.685504776398588,-0.007883401497380269
6.916872578377234,0.0,0.0
6.916872578377234,0.015707963267948967,-0.0008390099088974503
6.916872578377234,0.023462558633972192,-0.0021067865231975333
6.916872578377234,0.03503514218779029,-0.004545629512487374
6.916872578377234,0.05263150808357201,-0.007779803819770178
6.916872578377234,0.0731423493547288,-0.013423090605371122
6.916872578377234,0.10259276477134219,-0.014878694439804828
6.916872578377234,0.14481159820038791,-0.01817278730337931
6.916872578377234,0.20234603287313824,-0.01894723568806035
6.916872578377234,0.2834245013168247,-0.018817906900721326
6.916872578377234,0.3967448265966417,-0.016719064475234295
6.916872578377234,0.5552782518837672,-0.015265237589218598
6.916872578377234,0.7774818770639701,-0.013067725170303279
6.916872578377234,1.0884445474248694,-0.011141482337743282
6.916872578377234,1.5237112672761535,-0.010233192731200316
6.916872578377234,2.088426337077478,-0.010714325674146973
6.916872578377234,2.685504776398588,-0.010747476194336266
7.075210029944779,0.0,0.0
7.075210029944779,0.015707963267948967,-0.0008486062152322022
7.075210029944779,0.023462558633972192,-0.0020048486378641314
7.075210029944779,0.03503514218779029,-0.004542420151271539
7.075210029944779,0.05263150808357201,-0.008116201672456401
7.075210029944779,0.0731423493547288,-0.014637513856273422
7.075210029944779,0.10259276477134219,-0.017495048900582486
7.075210029944779,0.14481159820038791,-0.02264699846853635
7.075210029944779,0.20234603287313824,-0.02368745024363331
7.075210029944779,0.2834245013168247,-0.023759082535482524
7.075210029944779,0.3967448265966417,-0.02166313734836297
7.075210029944779,0.5552782518837672,-0.019793855997507555
7.075210029944779,0.7774818770639701,-0.017092788314292475
7.075210029944779,1.0884445474248694,-0.014423895234255803
7.075210029944779,1.5237112672761535,-0.013210606382334547
7.075210029944779,2.088426337077478,-0.013587100456040361
7.075210029944779,2.685504776398588,-0.013516232268610153
7.236714230543676,0.0,0.0
7.236714230543676,0.015707963267948967,-0.000792818320608831
7.236714230543676,0.023462558633972192,-0.0019100833108717259
7.236714230543676,0.03503514218779029,-0.004282855787010501
7.236714230543676,0.05263150808357201,-0.00799452162500059
7.236714230543676,0.0731423493547288,-0.014962572745378933
7.236714230543676,0.10259276477134219,-0.019086024662375564
7.236714230543676,0.14481159820038791,-0.025673309400347323
7.236714230543676,0.20234603287313824,-0.027628538667393284
7.236714230543676,0.2834245013168247,-0.028120485944364386
7.236714230543676,0.3967448265966417,-0.026236607221038023
7.236714230543676,0.5552782518837672,-0.024038237468509225
7.236714230543676,0.7774818770639701,-0.020819218855924637
7.236714230543676,1.0884445474248694,-0.017638958763142833
7.236714230543676,1.5237112672761535,-0.01592822561784973
7.236714230543676,2.088426337077478,-0.016196752427133015
7.236714230543676,2.685504776398588,-0.015929531927678986
7.401448515154549,0.0,0.0
7.401448515154549,0.015707963267948967,-0.0007236022046709844
7.401448515154549,0.023462558633972192,-0.0017487500402265943
7.401448515154549,0.03503514218779029,-0.004043583054535748
7.401448515154549,0.05263150808357201,-0.007707506080625691
7.401448515154549,0.0731423493547288,-0.014673784282978608
7.401448515154549,0.10259276477134219,-0.019771845546707616
7.401448515154549,0.14481159820038791,-0.02737824122581285
7.401448515154549,0.20234603287313824,-0.030463730916600543
7.401448515154549,0.2834245013168247,-0.031529684426239504
7.401448515154549,0.3967448265966417,-0.029969904937274888
7.401448515154549,0.5552782518837672,-0.02780720151342415
7.401448515154549,0.7774818770639701,-0.0241765212736504
7.401448515154549,1.0884445474248694,-0.02048032197511233
7.401448515154549,1.5237112672761535,-0.018365030789024836
7.401448515154549,2.088426337077478,-0.018457943622717195
7.401448515154549,2.685504776398588,-0.017885268468951922
7.569477485457639,0.0,0.0
7.569477485457639,0.015707963267948967,-0.000649979878567155
7.569477485457639,0.023462558633972192,-0.0016034770916060277
7.569477485457639,0.03503514218779029,-0.0036842941789862623
7.569477485457639,0.05263150808357201,-0.007185098976524777
7.569477485457639,0.0731423493547288,-0.01388970560199454
7.569477485457639,0.10259276477134219,-0.019567785097743762
7.569477485457639,0.14481159820038791,-0.027992219249182045
7.569477485457639,0.20234603287313824,-0.032097478341440916
7.569477485457639,0.2834245013168247,-0.03395263101011165
7.569477485457639,0.3967448265966417,-0.033037409288016316
7.569477485457639,0.5552782518837672,-0.03090819659803961
7.569477485457639,0.7774818770639701,-0.027075106692490455
7.569477485457639,1.0884445474248694,-0.0229199157166645
7.569477485457639,1.5237112672761535,-0.02045139270386148
7.569477485457639,2.088426337077478,-0.020389126223032884
7.569477485457639,2.685504776398588,-0.01961895787474329
7.740867035166792,0.0,0.0
7.740867035166792,0.015707963267948967,-0.0005954626251561661
7.740867035166792,0.023462558633972192,-0.0014890463355187171
7.740867035166792,0.03503514218779029,-0.0032914954577652573
7.740867035166792,0.05263150808357201,-0.006569598566020864
7.740867035166792,0.0731423493547288,-0.012917343044131812
7.740867035166792,0.10259276477134219,-0.018693951773327312
7.740867035166792,0.14481159820038791,-0.02771869233081888
7.740867035166792,0.20234603287313824,-0.03269333840330139
7.740867035166792,0.2834245013168247,-0.03544444133460478
7.740867035166792,0.3967448265966417,-0.03526596105360056
7.740867035166792,0.5552782518837672,-0.03339847770925268
7.740867035166792,0.7774818770639701,-0.029481828582844677
7.740867035166792,1.0884445474248694,-0.024978056973705136
7.740867035166792,1.5237112672761535,-0.022202688964220535
7.740867035166792,2.088426337077478,-0.021975805181635645
7.740867035166792,2.685504776398588,-0.020968502245017763
7.9156843758701285,0.0,0.0
7.9156843758701285,0.015707963267948967,-0.0005412293151659048
7.9156843758701285,0.023462558633972192,-0.0013570730145855481
7.9156843758701285,0.03503514218779029,-0.002894559640102515
7.9156843758701285,0.05263150808357201,-0.0059551291557511125
7.9156843758701285,0.0731423493547288,-0.011852268489228228
7.9156843758701285,0.10259276477134219,-0.017522991541252947
7.9156843758701285,0.14481159820038791,-0.026748207990644698
7.9156843758701285,0.20234603287313824,-0.032430884690057935
7.9156843758701285,0.2834245013168247,-0.036158525856981635
7.9156843758701285,0.3967448265966417,-0.03663681452270288
7.9156843758701285,0.5552782518837672,-0.03511662774873981
7.9156843758701285,0.7774818770639701,-0.031405494260577836
7.9156843758701285,1.0884445474248694,-0.02666566655207681
7.9156843758701285,1.5237112672761535,-0.023665600221424405
7.9156843758701285,2.088426337077478,-0.023263729715834458
7.9156843758701285,2.685504776398588,-0.021943634075805015
8.09399806338753,0.0,0.0
8.09399806338753,0.015707963267948967,-0.0004913519302229261
8.09399806338753,0.023462558633972192,-0.0012343759282352792
8.09399806338753,0.03503514218779029,-0.0025682095671162733
8.09399806338753,0.05263150808357201,-0.0053709605774377315
8.09399806338753,0.0731423493547288,-0.010755509065049691
8.09399806338753,0.10259276477134219,-0.016196219548305767
8.09399806338753,0.14481159820038791,-0.025210703322085797
8.09399806338753,0.20234603287313824,-0.03147977001274319
8.09399806338753,0.2834245013168247,-0.036005870784884896
8.09399806338753,0.3967448265966417,-0.037271830368153784
8.09399806338753,0.5552782518837672,-0.036293829807391285
8.09399806338753,0.7774818770639701,-0.032699230476500585
8.09399806338753,1.0884445474248694,-0.027952068760029005
8.09399806338753,1.5237112672761535,-0.02479549798704993
8.09399806338753,2.088426337077478,-0.024264693030789795
8.09399806338753,2.685504776398588,-0.02267310753559968
8.275878024655281,0.0,0.0
8.275878024655281,0.015707963267948967,-0.0004400502350714452
8.275878024655281,0.023462558633972192,-0.0011263014212500619
8.275878024655281,0.03503514218779029,-0.0022987996667538186
8.275878024655281,0.05263150808357201,-0.0048378282501149545
8.275878024655281,0.0731423493547288,-0.009683789033802624
8.275878024655281,0.10259276477134219,-0.01471413216442209
8.275878024655281,0.14481159820038791,-0.02331529941014466
8.275878024655281,0.20234603287313824,-0.029915036994780375
8.275878024655281,0.2834245013168247,-0.03519832154255075
8.275878024655281,0.3967448265966417,-0.037264148022171255
8.275878024655281,0.5552782518837672,-0.03682789346145451
8.275878024655281,0.7774818770639701,-0.0335043768590206
8.275878024655281,1.0884445474248694,-0.0289106986218487
8.275878024655281,1.5237112672761535,-0.025614844246025132
8.275878024655281,2.088426337077478,-0.02505231366720349
8.275878024655281,2.685504776398588,-0.023207414967294164
8.461395585148386,0.0,0.0
8.461395585148386,0.015707963267948967,-0.00038830154124058595
8.461395585148386,0.023462558633972192,-0.00101566475448517
8.461395585148386,0.03503514218779029,-0.002060199392039119
8.461395585148386,0.05263150808357201,-0.004335585296648448
8.461395585148386,0.0731423493547288,-0.008672550154845634
8.461395585148386,0.10259276477134219,-0.013210726317129017
8.461395585148386,0.14481159820038791,-0.021283379956140536
8.461395585148386,0.20234603287313824,-0.028033046237798228
8.461395585148386,0.2834245013168247,-0.03388947064358571
8.461395585148386,0.3967448265966417,-0.03670054375866413
8.461395585148386,0.5552782518837672,-0.036800214732945265
8.461395585148386,0.7774818770639701,-0.0339094522185804
8.461395585148386,1.0884445474248694,-0.029491438769796065
8.461395585148386,1.5237112672761535,-0.026172888556868897
8.461395585148386,2.088426337077478,-0.025514087397408524
8.461395585148386,2.685504776398588,-0.02357530364358558
8.650623496851354,0.0,0.0
8.650623496851354,0.015707963267948967,-0.00034043245481433425
8.650623496851354,0.023462558633972192,-0.0009207675723998997
8.650623496851354,0.03503514218779029,-0.0018301726604303948
8.650623496851354,0.05263150808357201,-0.003870599976939877
8.650623496851354,0.0731423493547288,-0.007743927916738985
8.650623496851354,0.10259276477134219,-0.01180388363544658
8.650623496851354,0.14481159820038791,-0.019283800803422103
8.650623496851354,0.20234603287313824,-0.025945143264955412
8.650623496851354,0.2834245013168247,-0.032168672352418916
8.650623496851354,0.3967448265966417,-0.035609863379452815
8.650623496851354,0.5552782518837672,-0.036237355164347625
8.650623496851354,0.7774818770639701,-0.0338329331454195
8.650623496851354,1.0884445474248694,-0.029681938836894406
8.650623496851354,1.5237112672761535,-0.026477810269511654
8.650623496851354,2.088426337077478,-0.025728484047485928
8.650623496851354,2.685504776398588,-0.023630747433752045
8.843635966788382,0.0,0.0
8.843635966788382,0.015707963267948967,-0.0002976414027382403
8.843635966788382,0.023462558633972192,-0.0008334977141137823
8.843635966788382,0.03503514218779029,-0.0016312698273072434
8.843635966788382,0.05263150808357201,-0.003436148909267943
8.843635966788382,0.0731423493547288,-0.006889453123461929
8.843635966788382,0.10259276477134219,-0.010503969986804801
8.843635966788382,0.14481159820038791,-0.017339627588906798
8.843635966788382,0.20234603287313824,-0.023766259829609077
8.843635966788382,0.2834245013168247,-0.030139243785370647
8.843635966788382,0.3967448265966417,-0.034074005578889136
8.843635966788382,0.5552782518837672,-0.03521029485228578
8.843635966788382,0.7774818770639701,-0.03335160973915655
8.843635966788382,1.0884445474248694,-0.029508567109911704
8.843635966788382,1.5237112672761535,-0.0265292299845749
8.843635966788382,2.088426337077478,-0.025762924963351787
8.843635966788382,2.685504776398588,-0.023405615354530663
9.04050868612415,0.0,0.0
9.04050868612415,0.015707963267948967,-0.00026071461008201436
9.04050868612415,0.023462558633972192,-0.0007487560344225979
9.04050868612415,0.03503514218779029,-0.0014568511486780377
9.04050868612415,0.05263150808357201,-0.0030477179351242234
9.04050868612415,0.0731423493547288,-0.006114628328711579
9.04050868612415,0.10259276477134219,-0.009316655562927784
9.04050868612415,0.14481159820038791,-0.015487883774547177
9.04050868612415,0.20234603287313824,-0.021594108290166152
9.04050868612415,0.2834245013168247,-0.02790223931221286
9.04050868612415,0.3967448265966417,-0.03218812922710493
9.04050868612415,0.5552782518837672,-0.03388892439248409
9.04050868612415,0.7774818770639701,-0.0325294575502276
9.04050868612415,1.0884445474248694,-0.029053032445364696
9.04050868612415,1.5237112672761535,-0.02633729237780127
9.04050868612415,2.088426337077478,-0.025613391786938947
9.04050868612415,2.685504776398588,-0.023230069896873824
9.241318859846633,0.0,0.0
9.241318859846633,0.015707963267948967,-0.0002304148860362064
9.241318859846633,0.023462558633972192,-0.0006641129379720266
9.241318859846633,0.03503514218779029,-0.0012970242666782235
9.241318859846633,0.05263150808357201,-0.0027006432477642874
9.241318859846633,0.0731423493547288,-0.005416816363274297
9.241318859846633,0.10259276477134219,-0.008262276449901358
9.241318859846633,0.14481159820038791,-0.013785221590565099
9.241318859846633,0.20234603287313824,-0.019445235805543675
9.241318859846633,0.2834245013168247,-0.025570158880320604
9.241318859846633,0.3967448265966417,-0.030065830680528715
9.241318859846633,0.5552782518837672,-0.032200349545113284
9.241318859846633,0.7774818770639701,-0.03134711228205126
9.241318859846633,1.0884445474248694,-0.028363288150699398
9.241318859846633,1.5237112672761535,-0.02594579387917265
9.241318859846633,2.088426337077478,-0.025263350744200292
9.241318859846633,2.685504776398588,-0.022804059572275402
9.446145237043565,0.0,0.0
9.446145237043565,0.015707963267948967,-0.00020301654438689427
9.446145237043565,0.023462558633972192,-0.0005877797693155267
9.446145237043565,0.03503514218779029,-0.0011514481420306407
9.446145237043565,0.05263150808357201,-0.002387150125481991
9.446145237043565,0.0731423493547288,-0.00478867212591621
9.446145237043565,0.10259276477134219,-0.007325750491977612
9.446145237043565,0.14481159820038791,-0.012232187042802913
9.446145237043565,0.20234603287313824,-0.01739135777257019
9.446145237043565,0.2834245013168247,-0.02319849583063892
9.446145237043565,0.3967448265966417,-0.027773712199307205
9.446145237043565,0.5552782518837672,-0.03028923000486683
9.446145237043565,0.7774818770639701,-0.02990468971304001
9.446145237043565,1.0884445474248694,-0.027450089627417303
9.446145237043565,1.5237112672761535,-0.0253458021547594
9.446145237043565,2.088426337077478,-0.024752532433928585
9.446145237043565,2.685504776398588,-0.022320245199155594
9.655068141784437,0.0,0.0
9.655068141784437,0.015707963267948967,-0.00017898020700534244
9.655068141784437,0.023462558633972192,-0.0005222018032641767
9.655068141784437,0.03503514218779029,-0.001024203249603437
9.655068141784437,0.05263150808357201,-0.002104625642099072
9.655068141784437,0.0731423493547288,-0.004225303633750852
9.655068141784437,0.10259276477134219,-0.0064762573161057995
9.655068141784437,0.14481159820038791,-0.010816459195221177
9.655068141784437,0.20234603287313824,-0.015453994748407082
9.655068141784437,0.2834245013168247,-0.02088496544010383
9.655068141784437,0.3967448265966417,-0.025420994376492423
9.655068141784437,0.5552782518837672,-0.028212806661735954
9.655068141784437,0.7774818770639701,-0.028298791312409654
9.655068141784437,1.0884445474248694,-0.02631795598745272
9.655068141784437,1.5237112672761535,-0.02458926980281697
9.655068141784437,2.088426337077478,-0.024111015107452387
9.655068141784437,2.685504776398588,-0.021547628744301467
9.868169504620125,0.0,0.0
9.868169504620125,0.015707963267948967,-0.00015834469438999859
9.868169504620125,0.023462558633972192,-0.0004588438363371715
9.868169504620125,0.03503514218779029,-0.0009065997020307442
9.868169504620125,0.05263150808357201,-0.001848936266589927
9.868169504620125,0.0731423493547288,-0.0037092877642271815
9.868169504620125,0.10259276477134219,-0.005705987059204221
9.868169504620125,0.14481159820038791,-0.009523359762320395
9.868169504620125,0.20234603287313824,-0.013669416408711613
9.868169504620125,0.2834245013168247,-0.01868114040602481
9.868169504620125,0.3967448265966417,-0.0230680641117484
9.868169504620125,0.5552782518837672,-0.026032296620443398
9.868169504620125,0.7774818770639701,-0.026535187082362303
9.868169504620125,1.0884445474248694,-0.025062874818048406
9.868169504620125,1.5237112672761535,-0.023668246925211835
9.868169504620125,2.088426337077478,-0.02329922588287678
9.868169504620125,2.685504776398588,-0.020738738184254625
10.085532894712529,0.0,0.0
10.085532894712529,0.015707963267948967,-0.0001392003817644421
10.085532894712529,0.023462558633972192,-0.00040077555915137215
10.085532894712529,0.03503514218779029,-0.0007990945147685498
10.085532894712529,0.05263150808357201,-0.0016179985065882577
10.085532894712529,0.0731423493547288,-0.003252568804146425
10.085532894712529,0.10259276477134219,-0.0050027784610032775
10.085532894712529,0.14481159820038791,-0.008352934649520926
10.085532894712529,0.20234603287313824,-0.012014373805820284
10.085532894712529,0.2834245013168247,-0.01659868770485467
10.085532894712529,0.3967448265966417,-0.020778043138571557
10.085532894712529,0.5552782518837672,-0.023828591800242955
10.085532894712529,0.7774818770639701,-0.024668819292012173
10.085532894712529,1.0884445474248694,-0.023670157895781342
10.085532894712529,1.5237112672761535,-0.02265278332257477
10.085532894712529,2.088426337077478,-0.022409615019291344
10.085532894712529,2.685504776398588,-0.019855746872472907
10.30724355260678,0.0,0.0
10.30724355260678,0.015707963267948967,-0.00012265757204924473
10.30724355260678,0.023462558633972192,-0.00034736895624361145
10.30724355260678,0.03503514218779029,-0.0006990403388198068
10.30724355260678,0.05263150808357201,-0.0014119357061478123
10.30724355260678,0.0731423493547288,-0.0028440407591179043
10.30724355260678,0.10259276477134219,-0.004368386063865297
10.30724355260678,0.14481159820038791,-0.007293284118595894
10.30724355260678,0.20234603287313824,-0.010520849610308147
10.30724355260678,0.2834245013168247,-0.01465574535445743
10.30724355260678,0.3967448265966417,-0.018595409797256768
10.30724355260678,0.5552782518837672,-0.02163273238771841
10.30724355260678,0.7774818770639701,-0.022746221415849376
10.30724355260678,1.0884445474248694,-0.022187672711054707
10.30724355260678,1.5237112672761535,-0.021544162642294782
10.30724355260678,2.088426337077478,-0.021422208529196088
10.30724355260678,2.685504776398588,-0.01898234479716244
10.533388423658915,0.0,0.0
10.533388423658915,0.015707963267948967,-0.00010827554420831681
10.533388423658915,0.023462558633972192,-0.0002988839728988215
10.533388423658915,0.03503514218779029,-0.0006067458669159811
10.533388423658915,0.05263150808357201,-0.0012310659045169604
10.533388423658915,0.0731423493547288,-0.0024799334572750335
10.533388423658915,0.10259276477134219,-0.003802515317883125
10.533388423658915,0.14481159820038791,-0.006347346042795311
10.533388423658915,0.20234603287313824,-0.009175387634678255
10.533388423658915,0.2834245013168247,-0.012871618028960518
10.533388423658915,0.3967448265966417,-0.016531309239180742
10.533388423658915,0.5552782518837672,-0.01950357915362346
10.533388423658915,0.7774818770639701,-0.020839525185552127
10.533388423658915,1.0884445474248694,-0.020655242718384436
10.533388423658915,1.5237112672761535,-0.020337729153820556
10.533388423658915,2.088426337077478,-0.020366533488053284
10.533388423658915,2.685504776398588,-0.017943072243420906
10.764056192132093,0.0,0.0
10.764056192132093,0.015707963267948967,-9.442068924632024e-05
10.764056192132093,0.023462558633972192,-0.0002569165063448345
10.764056192132093,0.03503514218779029,-0.0005263771356846306
10.764056192132093,0.05263150808357201,-0.0010679816641145931
10.764056192132093,0.0731423493547288,-0.0021470766382297715
10.764056192132093,0.10259276477134219,-0.003295935971182302
10.764056192132093,0.14481159820038791,-0.005494135358821791
10.764056192132093,0.20234603287313824,-0.007969364023677969
10.764056192132093,0.2834245013168247,-0.011230795757036843
10.764056192132093,0.3967448265966417,-0.01457732689197636
10.764056192132093,0.5552782518837672,-0.017429311089411592
10.764056192132093,0.7774818770639701,-0.018909388191395548
10.764056192132093,1.0884445474248694,-0.019040136693785584
10.764056192132093,1.5237112672761535,-0.01901630436880307
10.764056192132093,2.088426337077478,-0.01917840850191869
10.764056192132093,2.685504776398588,-0.016815149549325614
10.999337315974735,0.0,0.0
10.999337315974735,0.015707963267948967,-8.190720236870354e-05
10.999337315974735,0.023462558633972192,-0.00022095793495661412
10.999337315974735,0.03503514218779029,-0.0004542267354925184
10.999337315974735,0.05263150808357201,-0.0009222752675562744
10.999337315974735,0.0731423493547288,-0.0018539890381631206
10.999337315974735,0.10259276477134219,-0.0028470864207972265
10.999337315974735,0.14481159820038791,-0.004731657765940671
10.999337315974735,0.20234603287313824,-0.006898761848365182
10.999337315974735,0.2834245013168247,-0.009760024431830421
10.999337315974735,0.3967448265966417,-0.012770669233509694
10.999337315974735,0.5552782518837672,-0.015460973167608097
10.999337315974735,0.7774818770639701,-0.017042958577927744
10.999337315974735,1.0884445474248694,-0.017420654428775002
10.999337315974735,1.5237112672761535,-0.01761128260306491
10.999337315974735,2.088426337077478,-0.01791024337527937
10.999337315974735,2.685504776398588,-0.0156896996256107
11.23932406229423,0.0,0.0
11.23932406229423,0.015707963267948967,-7.04328157499164e-05
11.23932406229423,0.023462558633972192,-0.0001885194740173326
11.23932406229423,0.03503514218779029,-0.0003928793098110678
11.23932406229423,0.05263150808357201,-0.0007956668399306877
11.23932406229423,0.0731423493547288,-0.0015928028677274504
11.23932406229423,0.10259276477134219,-0.002449820157533006
11.23932406229423,0.14481159820038791,-0.004066774646158743
11.23932406229423,0.20234603287313824,-0.005945577811734089
11.23932406229423,0.2834245013168247,-0.008440137606491718
11.23932406229423,0.3967448265966417,-0.01111925845410709
11.23932406229423,0.5552782518837672,-0.013606299219382358
11.23932406229423,0.7774818770639701,-0.01522251499375737
11.23932406229423,1.0884445474248694,-0.01582345377289083
11.23932406229423,1.5237112672761535,-0.01626320182096212
11.23932406229423,2.088426337077478,-0.016651210516633912
11.23932406229423,2.685504776398588,-0.014492413192302586
11.484110543540115,0.0,0.0
11.484110543540115,0.015707963267948967,-6.0378665400550235e-05
11.484110543540115,0.023462558633972192,-0.00016020893071706224
11.484110543540115,0.03503514218779029,-0.00033685283460114227
11.484110543540115,0.05263150808357201,-0.0006814779458201459
11.484110543540115,0.0731423493547288,-0.0013598523203516484
11.484110543540115,0.10259276477134219,-0.002100978532608505
11.484110543540115,0.14481159820038791,-0.0034823449955302638
11.484110543540115,0.20234603287313824,-0.005109384297922465
11.484110543540115,0.2834245013168247,-0.007265097178515194
11.484110543540115,0.3967448265966417,-0.00962761607462713
11.484110543540115,0.5552782518837672,-0.011905716879731507
11.484110543540115,0.7774818770639701,-0.01350665430190285
11.484110543540115,1.0884445474248694,-0.014287945480135102
11.484110543540115,1.5237112672761535,-0.014908327259540902
11.484110543540115,2.088426337077478,-0.015400764900160534
11.484110543540115,2.685504776398588,-0.013371817621342824
11.733792754410917,0.0,0.0
11.733792754410917,0.015707963267948967,-5.2000475993367026e-05
11.733792754410917,0.023462558633972192,-0.00013533296353556907
11.733792754410917,0.03503514218779029,-0.00028739491455401505
11.733792754410917,0.05263150808357201,-0.0005815286325756935
11.733792754410917,0.0731423493547288,-0.0011607227241346443
11.733792754410917,0.10259276477134219,-0.001795203845672313
11.733792754410917,0.14481159820038791,-0.002970504751064475
11.733792754410917,0.20234603287313824,-0.0043687091823673
11.733792754410917,0.2834245013168247,-0.006220342540300168
11.733792754410917,0.3967448265966417,-0.008292890439306078
11.733792754410917,0.5552782518837672,-0.010337228347543003
11.733792754410917,0.7774818770639701,-0.011891987545721211
11.733792754410917,1.0884445474248694,-0.012778340969325928
11.733792754410917,1.5237112672761535,-0.013562572619720204
11.733792754410917,2.088426337077478,-0.014133286127098119
11.733792754410917,2.685504776398588,-0.012276623291934479
11.988468609499135,0.0,0.0
11.988468609499135,0.015707963267948967,-4.417507400361289e-05
11.988468609499135,0.023462558633972192,-0.00011274457983120676
11.988468609499135,0.03503514218779029,-0.00024357726500423625
11.988468609499135,0.05263150808357201,-0.0004928062791590314
11.988468609499135,0.0731423493547288,-0.0009825274763846418
11.988468609499135,0.10259276477134219,-0.0015275588159291888
11.988468609499135,0.14481159820038791,-0.0025191963868259845
11.988468609499135,0.20234603287313824,-0.0037140425381390514
11.988468609499135,0.2834245013168247,-0.005295537014550387
11.988468609499135,0.3967448265966417,-0.007091131632040664
11.988468609499135,0.5552782518837672,-0.008908238063685577
11.988468609499135,0.7774818770639701,-0.010413415270141241
11.988468609499135,1.0884445474248694,-0.011374963816979652
11.988468609499135,1.5237112672761535,-0.012272634619688
11.988468609499135,2.088426337077478,-0.01289541784261776
11.988468609499135,2.685504776398588,-0.011227923443801482
12.248237981689117,0.0,0.0
12.248237981689117,0.015707963267948967,-3.712661473678469e-05
12.248237981689117,0.023462558633972192,-9.282755290231545e-05
12.248237981689117,0.03503514218779029,-0.00020458437831615532
12.248237981689117,0.05263150808357201,-0.0004167296699128535
12.248237981689117,0.0731423493547288,-0.0008306268804830213
12.248237981689117,0.10259276477134219,-0.0012900650018384233
12.248237981689117,0.14481159820038791,-0.002122354659520809
12.248237981689117,0.20234603287313824,-0.0031379374364179004
12.248237981689117,0.2834245013168247,-0.0044843160473673266
12.248237981689117,0.3967448265966417,-0.0060171393867186375
12.248237981689117,0.5552782518837672,-0.00762669097803499
12.248237981689117,0.7774818770639701,-0.009045822212860401
12.248237981689117,1.0884445474248694,-0.010048365039692135
12.248237981689117,1.5237112672761535,-0.011007207984093893
12.248237981689117,2.088426337077478,-0.011680598371367127
12.248237981689117,2.685504776398588,-0.010179120168576755
12.5132027413229,0.0,0.0
12.5132027413229,0.015707963267948967,-3.141559901469142e-05
12.5132027413229,0.023462558633972192,-7.792372641850981e-05
12.5132027413229,0.03503514218779029,-0.00017243398476035434
12.5132027413229,0.05263150808357201,-0.0003500716418933739
12.5132027413229,0.0731423493547288,-0.0006985337921604071
12.5132027413229,0.10259276477134219,-0.001084579746050608
12.5132027413229,0.14481159820038791,-0.0017859864093518179
12.5132027413229,0.20234603287313824,-0.0026410887275209035
12.5132027413229,0.2834245013168247,-0.003779829031358409
12.5132027413229,0.3967448265966417,-0.005085346324911539
12.5132027413229,0.5552782518837672,-0.0064889537864881814
12.5132027413229,0.7774818770639701,-0.007814801080521669
12.5132027413229,1.0884445474248694,-0.008821815294236342
12.5132027413229,1.5237112672761535,-0.009805352730114472
12.5132027413229,2.088426337077478,-0.010524872301463449
12.5132027413229,2.685504776398588,-0.009246852975093069
12.783466796149359,0.0,0.0
12.783466796149359,0.015707963267948967,-2.6454113252042033e-05
12.783466796149359,0.023462558633972192,-6.505124599875232e-05
12.783466796149359,0.03503514218779029,-0.0001444599871393156
12.783466796149359,0.05263150808357201,-0.0002917874040693482
12.783466796149359,0.0731423493547288,-0.0005826909195022075
12.783466796149359,0.10259276477134219,-0.0009053470741728308
12.783466796149359,0.14481159820038791,-0.0014891349884636816
12.783466796149359,0.20234603287313824,-0.0022119985429565987
12.783466796149359,0.2834245013168247,-0.003164966876382368
12.783466796149359,0.3967448265966417,-0.004271179524207633
12.783466796149359,0.5552782518837672,-0.00548714707363541
12.783466796149359,0.7774818770639701,-0.006699958721628139
12.783466796149359,1.0884445474248694,-0.007684523378771785
12.783466796149359,1.5237112672761535,-0.008687408740485479
12.783466796149359,2.088426337077478,-0.0094234179569672
12.783466796149359,2.685504776398588,-0.008359720278190175
13.059136132072346,0.0,0.0
13.059136132072346,0.015707963267948967,-2.1979838518985086e-05
13.059136132072346,0.023462558633972192,-5.3238200185218155e-05
13.059136132072346,0.03503514218779029,-0.00011885027989048205
13.059136132072346,0.05263150808357201,-0.00024106622291488575
13.059136132072346,0.0731423493547288,-0.0004833851859821007
13.059136132072346,0.10259276477134219,-0.0007491936328526383
13.059136132072346,0.14481159820038791,-0.0012353267920255956
13.059136132072346,0.20234603287313824,-0.0018396151476753725
13.059136132072346,0.2834245013168247,-0.0026337308127120135
13.059136132072346,0.3967448265966417,-0.003565205460652622
13.059136132072346,0.5552782518837672,-0.0046115473713500025
13.059136132072346,0.7774818770639701,-0.005700433545138186
13.059136132072346,1.0884445474248694,-0.006660204549390873
13.059136132072346,1.5237112672761535,-0.007639099556321506
13.059136132072346,2.088426337077478,-0.008398538415909014
13.059136132072346,2.685504776398588,-0.0074713492760559224
13.340318854713793,0.0,0.0
13.340318854713793,0.015707963267948967,-1.8141705590966837e-05
13.340318854713793,0.023462558633972192,-4.408938149791486e-05
13.340318854713793,0.03503514218779029,-9.860414073793505e-05
13.340318854713793,0.05263150808357201,-0.00020015993404513745
13.340318854713793,0.0731423493547288,-0.0003975365367142585
13.340318854713793,0.10259276477134219,-0.0006198910964136307
13.340318854713793,0.14481159820038791,-0.0010224949397104307
13.340318854713793,0.20234603287313824,-0.0015223496754049673
13.340318854713793,0.2834245013168247,-0.0021813612916829453
13.340318854713793,0.3967448265966417,-0.0029612010112689846
13.340318854713793,0.5552782518837672,-0.003856694843685199
13.340318854713793,0.7774818770639701,-0.004828307207250998
13.340318854713793,1.0884445474248694,-0.005738782378528041
13.340318854713793,1.5237112672761535,-0.006694031149733421
13.340318854713793,2.088426337077478,-0.007428458345974986
13.340318854713793,2.685504776398588,-0.006628664640379807
13.62712523180807,0.0,0.0
13.62712523180807,0.015707963267948967,-1.5010837623092674e-05
13.62712523180807,0.023462558633972192,-3.610185923567305e-05
13.62712523180807,0.03503514218779029,-8.084844113844055e-05
13.62712523180807,0.05263150808357201,-0.00016498040864531532
13.62712523180807,0.0731423493547288,-0.00032695695688659805
13.62712523180807,0.10259276477134219,-0.0005075776681979241
13.62712523180807,0.14481159820038791,-0.0008386393827801116
13.62712523180807,0.20234603287313824,-0.0012505128446027335
13.62712523180807,0.2834245013168247,-0.00179349883617758
13.62712523180807,0.3967448265966417,-0.002443083611607851
13.62712523180807,0.5552782518837672,-0.003206131644721189
13.62712523180807,0.7774818770639701,-0.004063203501988542
13.62712523180807,1.0884445474248694,-0.004899007571381618
13.62712523180807,1.5237112672761535,-0.005824984570261949
13.62712523180807,2.088426337077478,-0.006521723449161514
13.62712523180807,2.685504776398588,-0.0058779252501102944
13.91966773644423,0.0,0.0
13.91966773644423,0.015707963267948967,-1.2455776750739887e-05
13.91966773644423,0.023462558633972192,-2.9613151161623538e-05
13.91966773644423,0.03503514218779029,-6.647053793225029e-05
13.91966773644423,0.05263150808357201,-0.0001355558568798314
13.91966773644423,0.0731423493547288,-0.0002669945236473165
13.91966773644423,0.10259276477134219,-0.0004149954001532641
13.91966773644423,0.14481159820038791,-0.0006858276247029651
13.91966773644423,0.20234603287313824,-0.001024392083867721
13.91966773644423,0.2834245013168247,-0.0014706008786543883
13.91966773644423,0.3967448265966417,-0.002007958843443746
13.91966773644423,0.5552782518837672,-0.0026563916341282466
13.91966773644423,0.7774818770639701,-0.0034024150960820375
13.91966773644423,1.0884445474248694,-0.0041647731109400385
13.91966773644423,1.5237112672761535,-0.005040343060877278
13.91966773644423,2.088426337077478,-0.005716732906952805
13.91966773644423,2.685504776398588,-0.005178152317823916
14.218061091173116,0.0,0.0
14.218061091173116,0.015707963267948967,-1.0164320237965687e-05
14.218061091173116,0.023462558633972192,-2.3685577625171172e-05
14.218061091173116,0.03503514218779029,-5.3729296630813635e-05
14.218061091173116,0.05263150808357201,-0.00010996518134427591
14.218061091173116,0.0731423493547288,-0.00021707433605387525
14.218061091173116,0.10259276477134219,-0.00033693918410862333
14.218061091173116,0.14481159820038791,-0.0005571631543294551
14.218061091173116,0.20234603287313824,-0.0008360876369315923
14.218061091173116,0.2834245013168247,-0.0011966623912853698
14.218061091173116,0.3967448265966417,-0.0016428595457666107
14.218061091173116,0.5552782518837672,-0.0021848201347424976
14.218061091173116,0.7774818770639701,-0.0028284776184311655
14.218061091173116,1.0884445474248694,-0.0035300682277609823
14.218061091173116,1.5237112672761535,-0.004337561079983236
14.218061091173116,2.088426337077478,-0.0049820416173324035
14.218061091173116,2.685504776398588,-0.004565929874158249
14.522422312996579,0.0,0.0
14.522422312996579,0.015707963267948967,-8.245123698018928e-06
14.522422312996579,0.023462558633972192,-1.860758329689631e-05
14.522422312996579,0.03503514218779029,-4.343721581445844e-05
14.522422312996579,0.05263150808357201,-8.847813678983452e-05
14.522422312996579,0.0731423493547288,-0.00017430018716156233
14.522422312996579,0.10259276477134219,-0.00027129219997777286
14.522422312996579,0.14481159820038791,-0.00044992809196725374
14.522422312996579,0.20234603287313824,-0.0006769085608504521
14.522422312996579,0.2834245013168247,-0.0009688825037023708
14.522422312996579,0.3967448265966417,-0.0013331759137939544
14.522422312996579,0.5552782518837672,-0.001783215793376294
14.522422312996579,0.7774818770639701,-0.0023312405704884295
14.522422312996579,1.0884445474248694,-0.0029635604908532028
14.522422312996579,1.5237112672761535,-0.003693074727154635
14.522422312996579,2.088426337077478,-0.004297597166914871
14.522422312996579,2.685504776398588,-0.003984782151092639
14.83287075925651,0.0,0.0
14.83287075925651,0.015707963267948967,-6.745441967096962e-06
14.83287075925651,0.023462558633972192,-1.5001666831977732e-05
14.83287075925651,0.03503514218779029,-3.488555446094412e-05
14.83287075925651,0.05263150808357201,-7.08085925198011e-05
14.83287075925651,0.0731423493547288,-0.00014049422161177457
14.83287075925651,0.10259276477134219,-0.00021999657703178027
14.83287075925651,0.14481159820038791,-0.00036266331804757677
14.83287075925651,0.20234603287313824,-0.0005456283837100861
14.83287075925651,0.2834245013168247,-0.0007793651631609716
14.83287075925651,0.3967448265966417,-0.0010783214335726501
14.83287075925651,0.5552782518837672,-0.0014507523805406656
14.83287075925651,0.7774818770639701,-0.0019138670298703224
14.83287075925651,1.0884445474248694,-0.0024672091169601475
14.83287075925651,1.5237112672761535,-0.003122729773829413
14.83287075925651,2.088426337077478,-0.0036595307220241573
14.83287075925651,2.685504776398588,-0.003433997946502052
15.149528174441642,0.0,0.0
15.149528174441642,0.015707963267948967,-5.519156942058923e-06
15.149528174441642,0.023462558633972192,-1.17596940758584e-05
15.149528174441642,0.03503514218779029,-2.772228600399939e-05
15.149528174441642,0.05263150808357201,-5.646922493389121e-05
15.149528174441642,0.0731423493547288,-0.00011207790605152618
15.149528174441642,0.10259276477134219,-0.00017544675662165986
15.149528174441642,0.14481159820038791,-0.00029097970654472444
15.149528174441642,0.20234603287313824,-0.0004368931161277206
15.149528174441642,0.2834245013168247,-0.0006229318688088189
15.149528174441642,0.3967448265966417,-0.0008647957131382204
15.149528174441642,0.5552782518837672,-0.0011726129572895403
15.149528174441642,0.7774818770639701,-0.0015580255859340038
15.149528174441642,1.0884445474248694,-0.0020393589565685685
15.149528174441642,1.5237112672761535,-0.002620606380315437
15.149528174441642,2.088426337077478,-0.003114201673836018
15.149528174441642,2.685504776398588,-0.0029297264666325344
15.472518737930475,0.0,0.0
15.472518737930475,0.015707963267948967,-4.450383405696218e-06
15.472518737930475,0.023462558633972192,-9.564925062921045e-06
15.472518737930475,0.03503514218779029,-2.246619957053717e-05
15.472518737930475,0.05263150808357201,-4.412646698222283e-05
15.472518737930475,0.0731423493547288,-8.958411889707787e-05
15.472518737930475,0.10259276477134219,-0.00013908679627444738
15.472518737930475,0.14481159820038791,-0.00023063138765236276
15.472518737930475,0.20234603287313824,-0.00034791041109461597
15.472518737930475,0.2834245013168247,-0.0004964984449027496
15.472518737930475,0.3967448265966417,-0.0006907679416586631
15.472518737930475,0.5552782518837672,-0.0009409082161078567
15.472518737930475,0.7774818770639701,-0.0012630513574301517
15.472518737930475,1.0884445474248694,-0.0016778440521413279
15.472518737930475,1.5237112672761535,-0.0021900354598126137
15.472518737930475,2.088426337077478,-0.002627323930026562
15.472518737930475,2.685504776398588,-0.0024648918562013224
15.801969112689086,0.0,0.0
15.801969112689086,0.015707963267948967,-3.489040526384565e-06
15.801969112689086,0.023462558633972192,-7.388678438735549e-06
15.801969112689086,0.03503514218779029,-1.7925103315427718e-05
15.801969112689086,0.05263150808357201,-3.4335201415545086e-05
15.801969112689086,0.0731423493547288,-7.104700474979416e-05
15.801969112689086,0.10259276477134219,-0.00010997001424724465
15.801969112689086,0.14481159820038791,-0.0001815472375934115
15.801969112689086,0.20234603287313824,-0.0002748335114570654
15.801969112689086,0.2834245013168247,-0.00039306332166907926
15.801969112689086,0.3967448265966417,-0.0005481697049769911
15.801969112689086,0.5552782518837672,-0.0007517604374139151
15.801969112689086,0.7774818770639701,-0.0010174682303318414
15.801969112689086,1.0884445474248694,-0.0013727215137144448
15.801969112689086,1.5237112672761535,-0.0018180365133218992
15.801969112689086,2.088426337077478,-0.0022078509916670153
15.801969112689086,2.685504776398588,-0.0020789161146572573
16.13800849494287,0.0,0.0
16.13800849494287,0.015707963267948967,-2.7806105673934134e-06
16.13800849494287,0.023462558633972192,-5.870960675886243e-06
16.13800849494287,0.03503514218779029,-1.4266051566326442e-05
16.13800849494287,0.05263150808357201,-2.7469819952852625e-05
16.13800849494287,0.0731423493547288,-5.529405125752365e-05
16.13800849494287,0.10259276477134219,-8.555562104079933e-05
16.13800849494287,0.14481159820038791,-0.00014385846382286165
16.13800849494287,0.20234603287313824,-0.00021680003800051778
16.13800849494287,0.2834245013168247,-0.0003097751415017267
16.13800849494287,0.3967448265966417,-0.00043386351646976094
16.13800849494287,0.5552782518837672,-0.0005972507310030596
16.13800849494287,0.7774818770639701,-0.0008156848456779762
16.13800849494287,1.0884445474248694,-0.0011144440827427075
16.13800849494287,1.5237112672761535,-0.0014975121343491565
16.13800849494287,2.088426337077478,-0.001833229242203607
16.13800849494287,2.685504776398588,-0.0017354337347263709
16.480768664841726,0.0,0.0
16.480768664841726,0.015707963267948967,-2.1941418013296853e-06
16.480768664841726,0.023462558633972192,-4.5152672695207766e-06
16.480768664841726,0.03503514218779029,-1.1174181446125941e-05
16.480768664841726,0.05263150808357201,-2.139887650084094e-05
16.480768664841726,0.0731423493547288,-4.2818016937431284e-05
16.480768664841726,0.10259276477134219,-6.662140950267858e-05
16.480768664841726,0.14481159820038791,-0.0001123144953518547
16.480768664841726,0.20234603287313824,-0.00016944517380245016
16.480768664841726,0.2834245013168247,-0.00024251124512270875
16.480768664841726,0.3967448265966417,-0.00033991412670495954
16.480768664841726,0.5552782518837672,-0.00047145355712219336
16.480768664841726,0.7774818770639701,-0.0006480638683575755
16.480768664841726,1.0884445474248694,-0.0008936515505124081
16.480768664841726,1.5237112672761535,-0.001215332424301098
16.480768664841726,2.088426337077478,-0.0015009839875998537
16.480768664841726,2.685504776398588,-0.0014191685240211016
16.83038403813856,0.0,0.0
16.83038403813856,0.015707963267948967,-1.7405549802288516e-06
16.83038403813856,0.023462558633972192,-3.4337796095264654e-06
16.83038403813856,0.03503514218779029,-8.653275257825225e-06
16.83038403813856,0.05263150808357201,-1.6436736573515966e-05
16.83038403813856,0.0731423493547288,-3.299744281985222e-05
16.83038403813856,0.10259276477134219,-5.096333682650327e-05
16.83038403813856,0.14481159820038791,-8.61768026686122e-05
16.83038403813856,0.20234603287313824,-0.00013036628683741903
16.83038403813856,0.2834245013168247,-0.00018660987330824697
16.83038403813856,0.3967448265966417,-0.00026200290248150435
16.83038403813856,0.5552782518837672,-0.0003651015556213358
16.83038403813856,0.7774818770639701,-0.0005080477528878018
16.83038403813856,1.0884445474248694,-0.0007073296647294265
16.83038403813856,1.5237112672761535,-0.0009739311581322894
16.83038403813856,2.088426337077478,-0.0012166766835021128
16.83038403813856,2.685504776398588,-0.0011699969332590054
17.186991718901332,0.0,0.0
17.186991718901332,0.015707963267948967,-1.396033612796383e-06
17.186991718901332,0.023462558633972192,-2.493818439271492e-06
17.186991718901332,0.03503514218779029,-6.656012339712807e-06
17.186991718901332,0.05263150808357201,-1.2472747748179236e-05
17.186991718901332,0.0731423493547288,-2.5009394329230914e-05
17.186991718901332,0.10259276477134219,-3.8841281629848114e-05
17.186991718901332,0.14481159820038791,-6.587345602610477e-05
17.186991718901332,0.20234603287313824,-9.990334609599942e-05
17.186991718901332,0.2834245013168247,-0.00014328752651098544
17.186991718901332,0.3967448265966417,-0.00020325696957140712
17.186991718901332,0.5552782518837672,-0.00028298632937498496
17.186991718901332,0.7774818770639701,-0.0003987735039662888
17.186991718901332,1.0884445474248694,-0.0005587727260473415
17.186991718901332,1.5237112672761535,-0.0007748150920503202
17.186991718901332,2.088426337077478,-0.0009747116865076412
17.186991718901332,2.685504776398588,-0.0009413998668741685
17.55073155327936,0.0,0.0
17.55073155327936,0.015707963267948967,-1.087248759964265e-06
17.55073155327936,0.023462558633972192,-1.8217315773385048e-06
17.55073155327936,0.03503514218779029,-5.101824724433318e-06
17.55073155327936,0.05263150808357201,-9.691249122773672e-06
17.55073155327936,0.0731423493547288,-1.921542247671949e-05
17.55073155327936,0.10259276477134219,-2.9528527720681745e-05
17.55073155327936,0.14481159820038791,-4.9999502136803526e-05
17.55073155327936,0.20234603287313824,-7.574518060383545e-05
17.55073155327936,0.2834245013168247,-0.00010939748182293619
17.55073155327936,0.3967448265966417,-0.00015479236141208828
17.55073155327936,0.5552782518837672,-0.0002186369274416031
17.55073155327936,0.7774818770639701,-0.000311487657277165
17.55073155327936,1.0884445474248694,-0.0004370736631088806
17.55073155327936,1.5237112672761535,-0.0006131490630958184
17.55073155327936,2.088426337077478,-0.0007724793878788844
17.55073155327936,2.685504776398588,-0.0007408086912976082
17.921746184344947,0.0,0.0
17.921746184344947,0.015707963267948967,-8.259686318205606e-07
17.921746184344947,0.023462558633972192,-1.2394451461306513e-06
17.921746184344947,0.03503514218779029,-3.875917565209034e-06
17.921746184344947,0.05263150808357201,-7.46980964218264e-06
17.921746184344947,0.0731423493547288,-1.4267781662341317e-05
17.921746184344947,0.10259276477134219,-2.2007898432966008e-05
17.921746184344947,0.14481159820038791,-3.746998160096611e-05
17.921746184344947,0.20234603287313824,-5.714946050200907e-05
17.921746184344947,0.2834245013168247,-8.184243383660331e-05
17.921746184344947,0.3967448265966417,-0.00011619413422257374
17.921746184344947,0.5552782518837672,-0.00016477275638928065
17.921746184344947,0.7774818770639701,-0.00023806980274497709
17.921746184344947,1.0884445474248694,-0.0003364881057804579
17.921746184344947,1.5237112672761535,-0.00047467730985169656
17.921746184344947,2.088426337077478,-0.0006036578023999182
17.921746184344947,2.685504776398588,-0.0005779497311634328
18.300181108031847,0.0,0.0
18.300181108031847,0.015707963267948967,-6.077544749871522e-07
18.300181108031847,0.023462558633972192,-9.63478889973984e-07
18.300181108031847,0.03503514218779029,-2.793548215540517e-06
18.300181108031847,0.05263150808357201,-5.428893448903286e-06
18.300181108031847,0.0731423493547288,-1.0541269858075211e-05
18.300181108031847,0.10259276477134219,-1.613042080315879e-05
18.300181108031847,0.14481159820038791,-2.7379213909150355e-05
18.300181108031847,0.20234603287313824,-4.189998889343039e-05
18.300181108031847,0.2834245013168247,-6.007447062303881e-05
18.300181108031847,0.3967448265966417,-8.530297296257333e-05
18.300181108031847,0.5552782518837672,-0.00012260622146242014
18.300181108031847,0.7774818770639701,-0.00017911629104174715
18.300181108031847,1.0884445474248694,-0.00025336490896349107
18.300181108031847,1.5237112672761535,-0.000358930750042959
18.300181108031847,2.088426337077478,-0.0004565753852883049
18.300181108031847,2.685504776398588,-0.0004354073219577622
18.686184730192483,0.0,0.0
18.686184730192483,0.015707963267948967,-4.5754798240757203e-07
18.686184730192483,0.023462558633972192,-6.49314129756955e-07
18.686184730192483,0.03503514218779029,-1.9539961542364417e-06
18.686184730192483,0.05263150808357201,-4.0451667782781404e-06
18.686184730192483,0.0731423493547288,-7.640262965969226e-06
18.686184730192483,0.10259276477134219,-1.1592697311695368e-05
18.686184730192483,0.14481159820038791,-1.9963983002885727e-05
18.686184730192483,0.20234603287313824,-3.0538135410857194e-05
18.686184730192483,0.2834245013168247,-4.362338721522792e-05
18.686184730192483,0.3967448265966417,-6.268262348047383e-05
18.686184730192483,0.5552782518837672,-8.979271144444169e-05
18.686184730192483,0.7774818770639701,-0.0001326932439515774
18.686184730192483,1.0884445474248694,-0.00018811859275061222
18.686184730192483,1.5237112672761535,-0.000267156905177622
18.686184730192483,2.088426337077478,-0.0003417674642071281
18.686184730192483,2.685504776398588,-0.00032867473208839977
19.079908424796333,0.0,0.0
19.079908424796333,0.015707963267948967,-3.4555273125145393e-07
19.079908424796333,0.023462558633972192,-4.7496142302537746e-07
19.079908424796333,0.03503514218779029,-1.4293130403155387e-06
19.079908424796333,0.05263150808357201,-2.8978013825758153e-06
19.079908424796333,0.0731423493547288,-5.4758616413310845e-06
19.079908424796333,0.10259276477134219,-8.206215288576577e-06
19.079908424796333,0.14481159820038791,-1.4412559574764848e-05
19.079908424796333,0.20234603287313824,-2.218777031339836e-05
19.079908424796333,0.2834245013168247,-3.145128257307197e-05
19.079908424796333,0.3967448265966417,-4.52307864464752e-05
19.079908424796333,0.5552782518837672,-6.53641536333675e-05
19.079908424796333,0.7774818770639701,-9.740174605930956e-05
19.079908424796333,1.0884445474248694,-0.00013794581969938318
19.079908424796333,1.5237112672761535,-0.00019641659631941405
19.079908424796333,2.088426337077478,-0.00025233442621834247
19.079908424796333,2.685504776398588,-0.00024306166363173912
19.48150659329226,0.0,0.0
19.48150659329226,0.015707963267948967,-2.4243545148004254e-07
19.48150659329226,0.023462558633972192,-3.216928269691404e-07
19.48150659329226,0.03503514218779029,-9.954178582759267e-07
19.48150659329226,0.05263150808357201,-2.0013444013024876e-06
19.48150659329226,0.0731423493547288,-3.785780866114685e-06
19.48150659329226,0.10259276477134219,-5.68857150896393e-06
19.48150659329226,0.14481159820038791,-1.0150221250723674e-05
19.48150659329226,0.20234603287313824,-1.5699645147062627e-05
19.48150659329226,0.2834245013168247,-2.1918421135003487e-05
19.48150659329226,0.3967448265966417,-3.2072642700743795e-05
19.48150659329226,0.5552782518837672,-4.680876863248132e-05
19.48150659329226,0.7774818770639701,-6.964226755806743e-05
19.48150659329226,1.0884445474248694,-9.885169266611407e-05
19.48150659329226,1.5237112672761535,-0.00014079175639721426
19.48150659329226,2.088426337077478,-0.00018147622998020908
19.48150659329226,2.685504776398588,-0.00017595332738222456
19.891136725158105,0.0,0.0
19.891136725158105,0.015707963267948967,-1.754585063426746e-07
19.891136725158105,0.023462558633972192,-2.1168806918107748e-07
19.891136725158105,0.03503514218779029,-6.861816997518712e-07
19.891136725158105,0.05263150808357201,-1.3687030353345221e-06
19.891136725158105,0.0731423493547288,-2.5769996176834174e-06
19.891136725158105,0.10259276477134219,-3.830479003441343e-06
19.891136725158105,0.14481159820038791,-6.9484789520931265e-06
19.891136725158105,0.20234603287313824,-1.089693291070553e-05
19.891136725158105,0.2834245013168247,-1.5242286071162536e-05
19.891136725158105,0.3967448265966417,-2.224670918959683e-05
19.891136725158105,0.5552782518837672,-3.285914302371269e-05
19.891136725158105,0.7774818770639701,-4.929541186300565e-05
19.891136725158105,1.0884445474248694,-6.986307862000145e-05
19.891136725158105,1.5237112672761535,-9.937932051167479e-05
19.891136725158105,2.088426337077478,-0.00012950256733833712
19.891136725158105,2.685504776398588,-0.00012488612149946904
20.308959459661267,0.0,0.0
20.308959459661267,0.015707963267948967,-1.2162246546984374e-07
20.308959459661267,0.023462558633972192,-1.423060025827593e-07
20.308959459661267,0.03503514218779029,-4.7534431970244767e-07
20.308959459661267,0.05263150808357201,-9.06557788580381e-07
20.308959459661267,0.0731423493547288,-1.724648311629983e-06
20.308959459661267,0.10259276477134219,-2.5807056329410475e-06
20.308959459661267,0.14481159820038791,-4.696959358580845e-06
20.308959459661267,0.20234603287313824,-7.383657550920339e-06
20.308959459661267,0.2834245013168247,-1.029925951424177e-05
20.308959459661267,0.3967448265966417,-1.5269607161316144e-05
20.308959459661267,0.5552782518837672,-2.24468378489443e-05
20.308959459661267,0.7774818770639701,-3.391813550219681e-05
20.308959459661267,1.0884445474248694,-4.784297820154228e-05
20.308959459661267,1.5237112672761535,-6.87917924516308e-05
20.308959459661267,2.088426337077478,-9.047259266893579e-05
20.308959459661267,2.685504776398588,-8.863006102083661e-05
20.73513864885449,0.0,0.0
20.73513864885449,0.015707963267948967,-7.514183781843201e-08
20.73513864885449,0.023462558633972192,-7.977746928198049e-08
20.73513864885449,0.03503514218779029,-3.27428430145812e-07
20.73513864885449,0.05263150808357201,-5.792764503847603e-07
20.73513864885449,0.0731423493547288,-1.1105298468165108e-06
20.73513864885449,0.10259276477134219,-1.7500901672081115e-06
20.73513864885449,0.14481159820038791,-3.128229472270642e-06
20.73513864885449,0.20234603287313824,-4.768185906704977e-06
20.73513864885449,0.2834245013168247,-6.850167642587928e-06
20.73513864885449,0.3967448265966417,-1.0163627885105212e-05
20.73513864885449,0.5552782518837672,-1.5186746813908435e-05
20.73513864885449,0.7774818770639701,-2.2886043831476006e-05
20.73513864885449,1.0884445474248694,-3.248948262302574e-05
20.73513864885449,1.5237112672761535,-4.624192993815363e-05
20.73513864885449,2.088426337077478,-6.193419165360181e-05
20.73513864885449,2.685504776398588,-6.151902171002918e-05
21.16984142183158,0.0,0.0
21.16984142183158,0.015707963267948967,-5.103500652538986e-08
21.16984142183158,0.023462558633972192,-4.42430753532828e-08
21.16984142183158,0.03503514218779029,-2.0700357497997179e-07
21.16984142183158,0.05263150808357201,-3.6111528641948893e-07
21.16984142183158,0.0731423493547288,-7.293067317465794e-07
21.16984142183158,0.10259276477134219,-1.1264623417097503e-06
21.16984142183158,0.14481159820038791,-1.996096489799311e-06
21.16984142183158,0.20234603287313824,-3.12786678377222e-06
21.16984142183158,0.2834245013168247,-4.4213625229668465e-06
21.16984142183158,0.3967448265966417,-6.6715578038194655e-06
21.16984142183158,0.5552782518837672,-1.0041144429655734e-05
21.16984142183158,0.7774818770639701,-1.5194701161686099e-05
21.16984142183158,1.0884445474248694,-2.1838602664348293e-05
21.16984142183158,1.5237112672761535,-3.1026594190976455e-05
21.16984142183158,2.088426337077478,-4.162726539524842e-05
21.16984142183158,2.685504776398588,-4.167000757154972e-05
21.613238250268214,0.0,0.0
21.613238250268214,0.015707963267948967,-2.8602983319252345e-08
21.613238250268214,0.023462558633972192,-3.25602328856929e-08
21.613238250268214,0.03503514218779029,-1.3043452445723464e-07
21.613238250268214,0.05263150808357201,-2.269205815881511e-07
21.613238250268214,0.0731423493547288,-4.311516882815669e-07
21.613238250268214,0.10259276477134219,-7.06378233663852e-07
21.613238250268214,0.14481159820038791,-1.2441597586129056e-06
21.613238250268214,0.20234603287313824,-1.970119681557165e-06
21.613238250268214,0.2834245013168247,-2.7644926445387146e-06
21.613238250268214,0.3967448265966417,-4.203605768245011e-06
21.613238250268214,0.5552782518837672,-6.456491038688574e-06
21.613238250268214,0.7774818770639701,-9.870934044425657e-06
21.613238250268214,1.0884445474248694,-1.4086473218233181e-05
21.613238250268214,1.5237112672761535,-2.033925406356396e-05
21.613238250268214,2.088426337077478,-2.724765703354068e-05
21.613238250268214,2.685504776398588,-2.6880587573575376e-05
22.065503015273578,0.0,0.0
22.065503015273578,0.015707963267948967,-1.9937444605584903e-08
22.065503015273578,0.023462558633972192,-1.5648972877843395e-08
22.065503015273578,0.03503514218779029,-7.996636803628221e-08
22.065503015273578,0.05263150808357201,-1.5031972795484354e-07
22.065503015273578,0.0731423493547288,-2.672493149901247e-07
22.065503015273578,0.10259276477134219,-4.4365584772895053e-07
22.065503015273578,0.14481159820038791,-7.914756203457074e-07
22.065503015273578,0.20234603287313824,-1.2764551236370326e-06
22.065503015273578,0.2834245013168247,-1.7701335521768124e-06
22.065503015273578,0.3967448265966417,-2.6918823981017396e-06
22.065503015273578,0.5552782518837672,-4.1328371500751944e-06
22.065503015273578,0.7774818770639701,-6.442459660605764e-06
22.065503015273578,1.0884445474248694,-9.148556015679256e-06
22.065503015273578,1.5237112672761535,-1.3338017069909148e-05
22.065503015273578,2.088426337077478,-1.777552614137206e-05
22.065503015273578,2.685504776398588,-1.681494028254874e-05
22.52681307557905,0.0,0.0
22.52681307557905,0.015707963267948967,4.682145322367601e-10
22.52681307557905,0.023462558633972192,1.19238018402708e-09
22.52681307557905,0.03503514218779029,2.411890008863298e-09
22.52681307557905,0.05263150808357201,4.945589626140292e-09
22.52681307557905,0.0731423493547288,1.0336606010193603e-08
22.52681307557905,0.10259276477134219,1.5409957957273934e-08
22.52681307557905,0.14481159820038791,2.6129983026776942e-08
22.52681307557905,0.20234603287313824,3.81125380907919e-08
22.52681307557905,0.2834245013168247,5.534692867070502e-08
22.52681307557905,0.3967448265966417,7.782150861159893e-08
22.52681307557905,0.5552782518837672,1.0763760367822392e-07
22.52681307557905,0.7774818770639701,1.383387533969309e-07
22.52681307557905,1.0884445474248694,1.5145594727787162e-07
22.52681307557905,1.5237112672761535,1.2875293167508095e-07
22.52681307557905,2.088426337077478,8.257983119028007e-08
22.52681307557905,2.685504776398588,3.789810674466343e-08
22.997349337090633,0.0,0.0
22.997349337090633,0.015707963267948967,4.409957948246661e-10
22.997349337090633,0.023462558633972192,1.1214375807420147e-09
22.997349337090633,0.03503514218779029,2.271142896510245e-09
22.997349337090633,0.05263150808357201,4.651012909538895e-09
22.997349337090633,0.0731423493547288,9.72816737363563e-09
22.997349337090633,0.10259276477134219,1.449665955745929e-08
22.997349337090633,0.14481159820038791,2.4609048726217542e-08
22.997349337090633,0.20234603287313824,3.598597207036366e-08
22.997349337090633,0.2834245013168247,5.250422658386637e-08
22.997349337090633,0.3967448265966417,7.431525446994649e-08
22.997349337090633,0.5552782518837672,1.0351443178169076e-07
22.997349337090633,0.7774818770639701,1.3383091250028574e-07
22.997349337090633,1.0884445474248694,1.474374569860456e-07
22.997349337090633,1.5237112672761535,1.2673602515373986e-07
22.997349337090633,2.088426337077478,8.23504929539982e-08
22.997349337090633,2.685504776398588,3.801111831964794e-08
23.477296323832444,0.0,0.0
23.477296323832444,0.015707963267948967,4.1400273629310803e-10
23.477296323832444,0.023462558633972192,1.0512221621438939e-09
23.477296323832444,0.03503514218779029,2.1318215867607467e-09
23.477296323832444,0.05263150808357201,4.361337537647359e-09
23.477296323832444,0.0731423493547288,9.130799933447864e-09
23.477296323832444,0.10259276477134219,1.3602472279683437e-08
23.477296323832444,0.14481159820038791,2.3113669313079866e-08
23.477296323832444,0.20234603287313824,3.3900686242860386e-08
23.477296323832444,0.2834245013168247,4.971402210616049e-08
23.477296323832444,0.3967448265966417,7.083399510382131e-08
23.477296323832444,0.5552782518837672,9.934092616112288e-08
23.477296323832444,0.7774818770639701,1.2912660351823342e-07
23.477296323832444,1.0884445474248694,1.4326444145444447e-07
23.477296323832444,1.5237112672761535,1.2455702506458277e-07
23.477296323832444,2.088426337077478,8.225512210482591e-08
23.477296323832444,2.685504776398588,3.807339161402438e-08
23.966842250309092,0.0,0.0
23.966842250309092,0.015707963267948967,3.873363318655357e-10
23.966842250309092,0.023462558633972192,9.832501753286262e-10
23.966842250309092,0.03503514218779029,1.99586725489664e-09
23.966842250309092,0.05263150808357201,4.078214154846737e-09
23.966842250309092,0.0731423493547288,8.543801548369821e-09
23.966842250309092,0.10259276477134219,1.2726774863144794e-08
23.966842250309092,0.14481159820038791,2.1656495553592125e-08
23.966842250309092,0.20234603287313824,3.1851926342018195e-08
23.966842250309092,0.2834245013168247,4.6959639868050176e-08
23.966842250309092,0.3967448265966417,6.738782502473136e-08
23.966842250309092,0.5552782518837672,9.511954708005415e-08
23.966842250309092,0.7774818770639701,1.2429796499927038e-07
23.966842250309092,1.0884445474248694,1.3886110220115875e-07
23.966842250309092,1.5237112672761535,1.2243696681179414e-07
23.966842250309092,2.088426337077478,8.220836127330818e-08
23.966842250309092,2.685504776398588,3.820258986501053e-08
24.466179095315276,0.0,0.0
24.466179095315276,0.015707963267948967,3.612517062355464e-10
24.466179095315276,0.023462558633972192,9.166375434426348e-10
24.466179095315276,0.03503514218779029,1.8617077881583029e-09
24.466179095315276,0.05263150808357201,3.800623593767883e-09
24.466179095315276,0.0731423493547288,7.971218318251367e-09
24.466179095315276,0.10259276477134219,1.1869192140270749e-08
24.466179095315276,0.14481159820038791,2.02304088629646e-08
24.466179095315276,0.20234603287313824,2.984784366644897e-08
24.466179095315276,0.2834245013168247,4.426340397461679e-08
24.466179095315276,0.3967448265966417,6.394674916675539e-08
24.466179095315276,0.5552782518837672,9.079678551007908e-08
24.466179095315276,0.7774818770639701,1.1929149876604425e-07
24.466179095315276,1.0884445474248694,1.3425406889235536e-07
24.466179095315276,1.5237112672761535,1.2016168044881702e-07
24.466179095315276,2.088426337077478,8.221983620322318e-08
24.466179095315276,2.685504776398588,3.84047804332497e-08
24.97550267722158,0.0,0.0
24.97550267722158,0.015707963267948967,3.3575048706002274e-10
24.97550267722158,0.023462558633972192,8.523038596167983e-10
24.97550267722158,0.03503514218779029,1.7310262606225033e-09
24.97550267722158,0.05263150808357201,3.5313467322145618e-09
24.97550267722158,0.0731423493547288,7.412358350654618e-09
24.97550267722158,0.10259276477134219,1.1033850622404455e-08
24.97550267722158,0.14481159820038791,1.8840008011871916e-08
24.97550267722158,0.20234603287313824,2.7895155734199542e-08
24.97550267722158,0.2834245013168247,4.1605410958946725e-08
24.97550267722158,0.3967448265966417,6.051036372915272e-08
24.97550267722158,0.5552782518837672,8.641078520169929e-08
24.97550267722158,0.7774818770639701,1.1408830740088946e-07
24.97550267722158,1.0884445474248694,1.2948257996502324e-07
24.97550267722158,1.5237112672761535,1.1771722265874155e-07
24.97550267722158,2.088426337077478,8.22474451311377e-08
24.97550267722158,2.685504776398588,3.866578226232651e-08
25.495012730766014,0.0,0.0
25.495012730766014,0.015707963267948967,3.109190757435631e-10
25.495012730766014,0.023462558633972192,7.900859459463401e-10
25.495012730766014,0.03503514218779029,1.6033877391853568e-09
25.495012730766014,0.05263150808357201,3.26925694510257e-09
25.495012730766014,0.0731423493547288,6.867505335655382e-09
25.495012730766014,0.10259276477134219,1.0222253872197361e-08
25.495012730766014,0.14481159820038791,1.748153236086704e-08
25.495012730766014,0.20234603287313824,2.599122025638795e-08
25.495012730766014,0.2834245013168247,3.8989310851798353e-08
25.495012730766014,0.3967448265966417,5.7064643246228835e-08
25.495012730766014,0.5552782518837672,8.194220005052671e-08
25.495012730766014,0.7774818770639701,1.0874247704029946e-07
25.495012730766014,1.0884445474248694,1.2444573779647638e-07
25.495012730766014,1.5237112672761535,1.1519832022979095e-07
25.495012730766014,2.088426337077478,8.221842836064689e-08
25.495012730766014,2.685504776398588,3.929159676882212e-08
26.024912985381334,0.0,0.0
26.024912985381334,0.015707963267948967,2.868173566772725e-10
26.024912985381334,0.023462558633972192,7.289565545525727e-10
26.024912985381334,0.03503514218779029,1.478948822868615e-09
26.024912985381334,0.05263150808357201,3.014580615587766e-09
26.024912985381334,0.0731423493547288,6.338563984213864e-09
26.024912985381334,0.10259276477134219,9.433680120730538e-09
26.024912985381334,0.14481159820038791,1.6161408463647137e-08
26.024912985381334,0.20234603287313824,2.413034821516047e-08
26.024912985381334,0.2834245013168247,3.6414348688033226e-08
26.024912985381334,0.3967448265966417,5.3610854483391726e-08
26.024912985381334,0.5552782518837672,7.737035730763429e-08
26.024912985381334,0.7774818770639701,1.0319493699839622e-07
26.024912985381334,1.0884445474248694,1.1921771530184056e-07
26.024912985381334,1.5237112672761535,1.1240439046899024e-07
26.024912985381334,2.088426337077478,8.22713693060268e-08
26.024912985381334,2.685504776398588,4.00967385701786e-08
26.56541124508896,0.0,0.0
26.56541124508896,0.015707963267948967,2.63338561744679e-10
26.56541124508896,0.023462558633972192,6.698280951228625e-10
26.56541124508896,0.03503514218779029,1.3578767874988422e-09
26.56541124508896,0.05263150808357201,2.7667741096223683e-09
26.56541124508896,0.0731423493547288,5.821999270006788e-09
26.56541124508896,0.10259276477134219,8.667009988501262e-09
26.56541124508896,0.14481159820038791,1.4873220349594013e-08
26.56541124508896,0.20234603287313824,2.231294611038877e-08
26.56541124508896,0.2834245013168247,3.3860160688429295e-08
26.56541124508896,0.3967448265966417,5.0127874228544494e-08
26.56541124508896,0.5552782518837672,7.269991806443847e-08
26.56541124508896,0.7774818770639701,9.74714629308258e-08
26.56541124508896,1.0884445474248694,1.1372679358205604e-07
26.56541124508896,1.5237112672761535,1.0941798335806422e-07
26.56541124508896,2.088426337077478,8.219694971456505e-08
26.56541124508896,2.685504776398588,4.1349017488422204e-08
27.11671946999074,0.0,0.0
27.11671946999074,0.015707963267948967,2.40387996085322e-10
27.11671946999074,0.023462558633972192,6.125380376295241e-10
27.11671946999074,0.03503514218779029,1.2401033129591612e-09
27.11671946999074,0.05263150808357201,2.526080686580817e-09
27.11671946999074,0.0731423493547288,5.320144771467759e-09
27.11671946999074,0.10259276477134219,7.923522446694667e-09
27.11671946999074,0.14481159820038791,1.3616105291900715e-08
27.11671946999074,0.20234603287313824,2.052697412109916e-08
27.11671946999074,0.2834245013168247,3.13226642173264e-08
27.11671946999074,0.3967448265966417,4.661115883720529e-08
27.11671946999074,0.5552782518837672,6.791905825185634e-08
27.11671946999074,0.7774818770639701,9.158796836962804e-08
27.11671946999074,1.0884445474248694,1.0797493017440759e-07
27.11671946999074,1.5237112672761535,1.0608001944987082e-07
27.11671946999074,2.088426337077478,8.203061783407881e-08
27.11671946999074,2.685504776398588,4.285600974506831e-08
27.679053859390557,0.0,0.0
27.679053859390557,0.015707963267948967,2.1819556674044395e-10
27.679053859390557,0.023462558633972192,5.564155691691049e-10
27.679053859390557,0.03503514218779029,1.124799654334749e-09
27.679053859390557,0.05263150808357201,2.29210292387942e-09
27.679053859390557,0.0731423493547288,4.830019403711879e-09
27.679053859390557,0.10259276477134219,7.198132265345262e-09
27.679053859390557,0.14481159820038791,1.238893214725601e-08
27.679053859390557,0.20234603287313824,1.876925949380479e-08
27.679053859390557,0.2834245013168247,2.879720133564795e-08
27.679053859390557,0.3967448265966417,4.306352515308352e-08
27.679053859390557,0.5552782518837672,6.303970783092709e-08
27.679053859390557,0.7774818770639701,8.549033313655404e-08
27.679053859390557,1.0884445474248694,1.0189974013671628e-07
27.679053859390557,1.5237112672761535,1.0236931090639425e-07
27.679053859390557,2.088426337077478,8.173241696637202e-08
27.679053859390557,2.685504776398588,4.467443814828574e-08
28.252634936578367,0.0,0.0
28.252634936578367,0.015707963267948967,1.964035720584324e-10
28.252634936578367,0.023462558633972192,5.018210626418726e-10
28.252634936578367,0.03503514218779029,1.0124853053567915e-09
28.252634936578367,0.05263150808357201,2.0640811940842724e-09
28.252634936578367,0.0731423493547288,4.353691389789236e-09
28.252634936578367,0.10259276477134219,6.49121895398598e-09
28.252634936578367,0.14481159820038791,1.1188842587724825e-08
28.252634936578367,0.20234603287313824,1.703754427469335e-08
28.252634936578367,0.2834245013168247,2.6273178021635372e-08
28.252634936578367,0.3967448265966417,3.947733714860272e-08
28.252634936578367,0.5552782518837672,5.803974281075543e-08
28.252634936578367,0.7774818770639701,7.917117138044706e-08
28.252634936578367,1.0884445474248694,9.551127074352127e-08
28.252634936578367,1.5237112672761535,9.815965651901913e-08
28.252634936578367,2.088426337077478,8.119089236186124e-08
28.252634936578367,2.685504776398588,4.678548566988416e-08
28.837687635309937,0.0,0.0
28.837687635309937,0.015707963267948967,1.7521112138010702e-10
28.837687635309937,0.023462558633972192,4.4871696363639804e-10
28.837687635309937,0.03503514218779029,9.034292783509879e-10
28.837687635309937,0.05263150808357201,1.842117198627349e-09
28.837687635309937,0.0731423493547288,3.88906034388897e-09
28.837687635309937,0.10259276477134219,5.80232126261885e-09
28.837687635309937,0.14481159820038791,1.0015176920529586e-08
28.837687635309937,0.20234603287313824,1.533297823481206e-08
28.837687635309937,0.2834245013168247,2.3760307769575114e-08
28.837687635309937,0.3967448265966417,3.584768224972583e-08
28.837687635309937,0.5552782518837672,5.293329370327455e-08
28.837687635309937,0.7774818770639701,7.26384359657998e-08
28.837687635309937,1.0884445474248694,8.869013266387006e-08
28.837687635309937,1.5237112672761535,9.338246517437362e-08
28.837687635309937,2.088426337077478,8.010181122540565e-08
28.837687635309937,2.685504776398588,4.9143022899770224e-08
29.434441388016136,0.0,0.0
29.434441388016136,0.015707963267948967,1.5459251563364691e-10
29.434441388016136,0.023462558633972192,3.964638214122202e-10
29.434441388016136,0.03503514218779029,7.969291456643567e-10
29.434441388016136,0.05263150808357201,1.6262524449556797e-09
29.434441388016136,0.0731423493547288,3.43658265523052e-09
29.434441388016136,0.10259276477134219,5.132229827114342e-09
29.434441388016136,0.14481159820038791,8.867485009207923e-09
29.434441388016136,0.20234603287313824,1.3645819809900047e-08
29.434441388016136,0.2834245013168247,2.1246671880830534e-08
29.434441388016136,0.3967448265966417,3.217534187655374e-08
29.434441388016136,0.5552782518837672,4.771821269531459e-08
29.434441388016136,0.7774818770639701,6.584921292527903e-08
29.434441388016136,1.0884445474248694,8.144863605286365e-08
29.434441388016136,1.5237112672761535,8.788476692200487e-08
29.434441388016136,2.088426337077478,7.854706722540588e-08
29.434441388016136,2.685504776398588,5.146574791172079e-08
30.043130215776458,0.0,0.0
30.043130215776458,0.015707963267948967,1.344820696405865e-10
30.043130215776458,0.023462558633972192,3.458105256630665e-10
30.043130215776458,0.03503514218779029,6.929914885811771e-10
30.043130215776458,0.05263150808357201,1.4155446917475769e-09
30.043130215776458,0.0731423493547288,2.9939137235016128e-09
30.043130215776458,0.10259276477134219,4.476945577250959e-09
30.043130215776458,0.14481159820038791,7.746789455840995e-09
30.043130215776458,0.20234603287313824,1.1976382513345504e-08
30.043130215776458,0.2834245013168247,1.8733834020436646e-08
30.043130215776458,0.3967448265966417,2.8470276830804525e-08
30.043130215776458,0.5552782518837672,4.237381311864183e-08
30.043130215776458,0.7774818770639701,5.885204468340315e-08
30.043130215776458,1.0884445474248694,7.371379023403581e-08
30.043130215776458,1.5237112672761535,8.16254362276875e-08
30.043130215776458,2.088426337077478,7.614093562012055e-08
30.043130215776458,2.685504776398588,5.381618006909628e-08
30.663992820091988,0.0,0.0
30.663992820091988,0.015707963267948967,1.1490279137404183e-10
30.663992820091988,0.023462558633972192,2.9614692102626844e-10
30.663992820091988,0.03503514218779029,5.916512186653391e-10
30.663992820091988,0.05263150808357201,1.2102852015159858e-09
30.663992820091988,0.0731423493547288,2.5623679478787705e-09
30.663992820091988,0.10259276477134219,3.8366201282552824e-09
30.663992820091988,0.14481159820038791,6.646487046113216e-09
30.663992820091988,0.20234603287313824,1.0325509576240696e-08
30.663992820091988,0.2834245013168247,1.6216790979902772e-08
30.663992820091988,0.3967448265966417,2.4717751374840054e-08
30.663992820091988,0.5552782518837672,3.693787774010115e-08
30.663992820091988,0.7774818770639701,5.159831814814263e-08
30.663992820091988,1.0884445474248694,6.550382632010465e-08
30.663992820091988,1.5237112672761535,7.442518659559714e-08
30.663992820091988,2.088426337077478,7.268952605502493e-08
30.663992820091988,2.685504776398588,5.567252195741228e-08
31.297272676493826,0.0,0.0
31.297272676493826,0.015707963267948967,9.580869208920093e-11
31.297272676493826,0.023462558633972192,2.4770080031847227e-10
31.297272676493826,0.03503514218779029,4.932341234277433e-10
31.297272676493826,0.05263150808357201,1.0097206298868595e-09
31.297272676493826,0.0731423493547288,2.1413973772402963e-09
31.297272676493826,0.10259276477134219,3.2102086432335127e-09
31.297272676493826,0.14481159820038791,5.5681465211806744e-09
31.297272676493826,0.20234603287313824,8.689433972715997e-09
31.297272676493826,0.2834245013168247,1.3698180045418098e-08
31.297272676493826,0.3967448265966417,2.092950098756064e-08
31.297272676493826,0.5552782518837672,3.139619992676489e-08
31.297272676493826,0.7774818770639701,4.411284638865818e-08
31.297272676493826,1.0884445474248694,5.6773491084741996e-08
31.297272676493826,1.5237112672761535,6.62758421825473e-08
31.297272676493826,2.088426337077478,6.795748730168218e-08
31.297272676493826,2.685504776398588,5.661650172400746e-08
31.943218130023702,0.0,0.0
31.943218130023702,0.015707963267948967,7.719707748958373e-11
31.943218130023702,0.023462558633972192,1.9998170696074746e-10
31.943218130023702,0.03503514218779029,3.972962427274383e-10
31.943218130023702,0.05263150808357201,8.146153025268717e-10
31.943218130023702,0.0731423493547288,1.7295287684701322e-09
31.943218130023702,0.10259276477134219,2.5964666872047166e-09
31.943218130023702,0.14481159820038791,4.5082869895218925e-09
31.943218130023702,0.20234603287313824,7.067253905232574e-09
31.943218130023702,0.2834245013168247,1.1182230786430909e-08
31.943218130023702,0.3967448265966417,1.7117211958749623e-08
31.943218130023702,0.5552782518837672,2.5770115685190066e-08
31.943218130023702,0.7774818770639701,3.639559643168611e-08
31.943218130023702,1.0884445474248694,4.7482380162805685e-08
31.943218130023702,1.5237112672761535,5.696495390580131e-08
31.943218130023702,2.088426337077478,6.156077381622397e-08
31.943218130023702,2.685504776398588,5.587976933158822e-08
32.60208249262418,0.0,0.0
32.60208249262418,0.015707963267948967,5.912609138896959e-11
32.60208249262418,0.023462558633972192,1.5353870934169e-10
32.60208249262418,0.03503514218779029,3.0367451245179723e-10
32.60208249262418,0.05263150808357201,6.244187743088331e-10
32.60208249262418,0.0731423493547288,1.3276551995015998e-09
32.60208249262418,0.10259276477134219,1.9952199954664287e-09
32.60208249262418,0.14481159820038791,3.4689507976509005e-09
32.60208249262418,0.20234603287313824,5.461953736663456e-09
32.60208249262418,0.2834245013168247,8.670057376656721e-09
32.60208249262418,0.3967448265966417,1.3288449930116715e-08
32.60208249262418,0.5552782518837672,2.0070589818263976e-08
32.60208249262418,0.7774818770639701,2.848509397147609e-08
32.60208249262418,1.0884445474248694,3.7669068874253145e-08
32.60208249262418,1.5237112672761535,4.6514363343184076e-08
32.60208249262418,2.088426337077478,5.308192333648969e-08
32.60208249262418,2.685504776398588,5.242865131079065e-08
33.27412414247666,0.0,0.0
33.27412414247666,0.015707963267948967,4.140093214691486e-11
33.27412414247666,0.023462558633972192,1.0810720534184148e-10
33.27412414247666,0.03503514218779029,2.1296455355964638e-10
33.27412414247666,0.05263150808357201,4.3824372714222607e-10
33.27412414247666,0.0731423493547288,9.331708079139242e-10
33.27412414247666,0.10259276477134219,1.4051686399261453e-09
33.27412414247666,0.14481159820038791,2.446111086656214e-09
33.27412414247666,0.20234603287313824,3.867180001537595e-09
33.27412414247666,0.2834245013168247,6.157625521553104e-09
33.27412414247666,0.3967448265966417,9.455000078546882e-09
33.27412414247666,0.5552782518837672,1.4326080169256748e-08
33.27412414247666,0.7774818770639701,2.042030018591832e-08
33.27412414247666,1.0884445474248694,2.7365482066547658e-08
33.27412414247666,1.5237112672761535,3.4814703405053616e-08
33.27412414247666,2.088426337077478,4.199745928897274e-08
33.27412414247666,2.685504776398588,4.506776988566608e-08
33.959606625326195,0.0,0.0
33.959606625326195,0.015707963267948967,2.5076774825647144e-11
33.959606625326195,0.023462558633972192,6.582528375053162e-11
33.959606625326195,0.03503514218779029,1.287363753975944e-10
33.959606625326195,0.05263150808357201,2.658596185392649e-10
33.959606625326195,0.0731423493547288,5.666004177326382e-10
33.959606625326195,0.10259276477134219,8.539277844716009e-10
33.959606625326195,0.14481159820038791,1.4849439966545396e-09
33.959606625326195,0.20234603287313824,2.346931211332969e-09
33.959606625326195,0.2834245013168247,3.7291373011278465e-09
33.959606625326195,0.3967448265966417,5.6992625243982766e-09
33.959606625326195,0.5552782518837672,8.614305934950598e-09
33.959606625326195,0.7774818770639701,1.2286022126676827e-08
33.959606625326195,1.0884445474248694,1.6606598578463796e-08
33.959606625326195,1.5237112672761535,2.1705228719089055e-08
33.959606625326195,2.088426337077478,2.7561274349327024e-08
33.959606625326195,2.685504776398588,3.185752551645695e-08
34.65879875783272,0.0,0.0
34.65879875783272,0.015707963267948967,8.028518532418538e-12
34.65879875783272,0.023462558633972192,1.938275742572157e-11
34.65879875783272,0.03503514218779029,4.247942975724999e-11
34.65879875783272,0.05263150808357201,8.160528316873599e-11
34.65879875783272,0.0731423493547288,1.7840968128262934e-10
34.65879875783272,0.10259276477134219,2.6739584443242793e-10
34.65879875783272,0.14481159820038791,4.6558870282476274e-10
34.65879875783272,0.20234603287313824,7.465553700399499e-10
34.65879875783272,0.2834245013168247,1.1997246579840355e-09
34.65879875783272,0.3967448265966417,1.846879216415263e-09
34.65879875783272,0.5552782518837672,2.804868841331353e-09
34.65879875783272,0.7774818770639701,4.034223563787802e-09
34.65879875783272,1.0884445474248694,5.517976154825791e-09
34.65879875783272,1.5237112672761535,7.3819504446836145e-09
34.65879875783272,2.088426337077478,9.851690830870015e-09
34.65879875783272,2.685504776398588,1.2246333645838417e-08
35.37197473298937,0.0,0.0
35.37197473298937,0.015707963267948967,0.0
35.37197473298937,0.023462558633972192,0.0
35.37197473298937,0.03503514218779029,0.0
35.37197473298937,0.05263150808357201,0.0
35.37197473298937,0.0731423493547288,0.0
35.37197473298937,0.10259276477134219,0.0
35.37197473298937,0.14481159820038791,0.0
35.37197473298937,0.20234603287313824,0.0
35.37197473298937,0.2834245013168247,0.0
35.37197473298937,0.3967448265966417,0.0
35.37197473298937,0.5552782518837672,0.0
35.37197473298937,0.7774818770639701,0.0
35.37197473298937,1.0884445474248694,0.0
35.37197473298937,1.5237112672761535,0.0
35.37197473298937,2.088426337077478,0.0
35.37197473298937,2.685504776398588,0.0
