5.e+00 1.570796e-02 0.e+00
5.e+00 2.346256e-02 0.e+00
5.e+00 3.503514e-02 0.e+00
5.e+00 5.263151e-02 0.e+00
5.e+00 7.314235e-02 0.e+00
5.e+00 1.025928e-01 0.e+00
5.e+00 1.448116e-01 0.e+00
5.e+00 2.023460e-01 0.e+00
5.e+00 2.834245e-01 0.e+00
5.e+00 3.967448e-01 0.e+00
5.e+00 5.552783e-01 0.e+00
5.e+00 7.774819e-01 0.e+00
5.e+00 1.088445e+00 0.e+00
5.e+00 1.523711e+00 0.e+00
5.e+00 2.088426e+00 0.e+00
5.e+00 2.685505e+00 0.e+00
5.12e+00 1.570796e-02 0.e+00
5.12e+00 2.346256e-02 0.e+00
5.12e+00 3.503514e-02 0.e+00
5.12e+00 5.263151e-02 0.e+00
5.12e+00 7.314235e-02 0.e+00
5.12e+00 1.025928e-01 0.e+00
5.12e+00 1.448116e-01 0.e+00
5.12e+00 2.023460e-01 0.e+00
5.12e+00 2.834245e-01 0.e+00
5.12e+00 3.967448e-01 0.e+00
5.12e+00 5.552783e-01 0.e+00
5.12e+00 7.774819e-01 0.e+00
5.12e+00 1.088445e+00 0.e+00
5.12e+00 1.523711e+00 0.e+00
5.12e+00 2.088426e+00 0.e+00
5.12e+00 2.685505e+00 0.e+00
5.2424e+00 1.570796e-02 0.e+00
5.2424e+00 2.346256e-02 0.e+00
5.2424e+00 3.503514e-02 0.e+00
5.2424e+00 5.263151e-02 0.e+00
5.2424e+00 7.314235e-02 0.e+00
5.2424e+00 1.025928e-01 0.e+00
5.2424e+00 1.448116e-01 0.e+00
5.2424e+00 2.023460e-01 0.e+00
5.2424e+00 2.834245e-01 0.e+00
5.2424e+00 3.967448e-01 0.e+00
5.2424e+00 5.552783e-01 0.e+00
5.2424e+00 7.774819e-01 0.e+00
5.2424e+00 1.088445e+00 0.e+00
5.2424e+00 1.523711e+00 0.e+00
5.2424e+00 2.088426e+00 0.e+00
5.2424e+00 2.685505e+00 0.e+00
5.367248e+00 1.570796e-02 0.e+00
5.367248e+00 2.346256e-02 0.e+00
5.367248e+00 3.503514e-02 0.e+00
5.367248e+00 5.263151e-02 0.e+00
5.367248e+00 7.314235e-02 0.e+00
5.367248e+00 1.025928e-01 0.e+00
5.367248e+00 1.448116e-01 0.e+00
5.367248e+00 2.023460e-01 0.e+00
5.367248e+00 2.834245e-01 0.e+00
5.367248e+00 3.967448e-01 0.e+00
5.367248e+00 5.552783e-01 0.e+00
5.367248e+00 7.774819e-01 0.e+00
5.367248e+00 1.088445e+00 0.e+00
5.367248e+00 1.523711e+00 0.e+00
5.367248e+00 2.088426e+00 0.e+00
5.367248e+00 2.685505e+00 0.e+00
5.494593e+00 1.570796e-02 -2.99269e-05
5.494593e+00 2.346256e-02 -2.104548e-05
5.494593e+00 3.503514e-02 -4.387623e-05
5.494593e+00 5.263151e-02 -1.707973e-05
5.494593e+00 7.314235e-02 -6.944771e-05
5.494593e+00 1.025928e-01 -5.263155e-06
5.494593e+00 1.448116e-01 -9.972447e-05
5.494593e+00 2.023460e-01 -3.01086e-05
5.494593e+00 2.834245e-01 -2.844147e-05
5.494593e+00 3.967448e-01 -1.532679e-05
5.494593e+00 5.552783e-01 -1.677947e-05
5.494593e+00 7.774819e-01 -1.823092e-05
5.494593e+00 1.088445e+00 -1.822910e-05
5.494593e+00 1.523711e+00 -1.764479e-05
5.494593e+00 2.088426e+00 -2.222082e-05
5.494593e+00 2.685505e+00 -1.967743e-05
5.624485e+00 1.570796e-02 -1.475459e-04
5.624485e+00 2.346256e-02 -1.137284e-04
5.624485e+00 3.503514e-02 -1.835584e-04
5.624485e+00 5.263151e-02 -2.755986e-04
5.624485e+00 7.314235e-02 -3.53943e-04
5.624485e+00 1.025928e-01 -1.48295e-04
5.624485e+00 1.448116e-01 -2.375323e-04
5.624485e+00 2.023460e-01 -2.469922e-04
5.624485e+00 2.834245e-01 -2.866778e-04
5.624485e+00 3.967448e-01 -1.951695e-04
5.624485e+00 5.552783e-01 -1.669144e-04
5.624485e+00 7.774819e-01 -1.631221e-04
5.624485e+00 1.088445e+00 -1.483912e-04
5.624485e+00 1.523711e+00 -1.374214e-04
5.624485e+00 2.088426e+00 -1.559091e-04
5.624485e+00 2.685505e+00 -1.609869e-04
5.756975e+00 1.570796e-02 -3.309729e-04
5.756975e+00 2.346256e-02 -3.389789e-04
5.756975e+00 3.503514e-02 -4.438476e-04
5.756975e+00 5.263151e-02 -8.558944e-04
5.756975e+00 7.314235e-02 -1.051999e-03
5.756975e+00 1.025928e-01 -8.320966e-04
5.756975e+00 1.448116e-01 -1.094478e-03
5.756975e+00 2.023460e-01 -1.023173e-03
5.756975e+00 2.834245e-01 -1.067614e-03
5.756975e+00 3.967448e-01 -8.050195e-04
5.756975e+00 5.552783e-01 -6.899273e-04
5.756975e+00 7.774819e-01 -6.505786e-04
5.756975e+00 1.088445e+00 -5.641935e-04
5.756975e+00 1.523711e+00 -5.377021e-04
5.756975e+00 2.088426e+00 -5.927954e-04
5.756975e+00 2.685505e+00 -6.212997e-04
5.892114e+00 1.570796e-02 -6.28443e-04
5.892114e+00 2.346256e-02 -9.066822e-04
5.892114e+00 3.503514e-02 -1.373083e-03
5.892114e+00 5.263151e-02 -2.314211e-03
5.892114e+00 7.314235e-02 -3.549365e-03
5.892114e+00 1.025928e-01 -2.590728e-03
5.892114e+00 1.448116e-01 -3.304222e-03
5.892114e+00 2.023460e-01 -3.114835e-03
5.892114e+00 2.834245e-01 -3.164937e-03
5.892114e+00 3.967448e-01 -2.519962e-03
5.892114e+00 5.552783e-01 -2.231466e-03
5.892114e+00 7.774819e-01 -1.973524e-03
5.892114e+00 1.088445e+00 -1.708529e-03
5.892114e+00 1.523711e+00 -1.651409e-03
5.892114e+00 2.088426e+00 -1.791490e-03
5.892114e+00 2.685505e+00 -1.866236e-03
6.029956e+00 1.570796e-02 -7.455975e-04
6.029956e+00 2.346256e-02 -1.568082e-03
6.029956e+00 3.503514e-02 -2.662939e-03
6.029956e+00 5.263151e-02 -3.918297e-03
6.029956e+00 7.314235e-02 -6.508072e-03
6.029956e+00 1.025928e-01 -5.187999e-03
6.029956e+00 1.448116e-01 -6.030746e-03
6.029956e+00 2.023460e-01 -6.329879e-03
6.029956e+00 2.834245e-01 -6.056501e-03
6.029956e+00 3.967448e-01 -5.082892e-03
6.029956e+00 5.552783e-01 -4.638755e-03
6.029956e+00 7.774819e-01 -3.983316e-03
6.029956e+00 1.088445e+00 -3.432787e-03
6.029956e+00 1.523711e+00 -3.267605e-03
6.029956e+00 2.088426e+00 -3.519355e-03
6.029956e+00 2.685505e+00 -3.59794e-03
6.170555e+00 1.570796e-02 -8.055316e-04
6.170555e+00 2.346256e-02 -2.017742e-03
6.170555e+00 3.503514e-02 -3.762289e-03
6.170555e+00 5.263151e-02 -5.706024e-03
6.170555e+00 7.314235e-02 -9.552564e-03
6.170555e+00 1.025928e-01 -8.755761e-03
6.170555e+00 1.448116e-01 -1.027954e-02
6.170555e+00 2.023460e-01 -1.060285e-02
6.170555e+00 2.834245e-01 -1.037834e-02
6.170555e+00 3.967448e-01 -8.859940e-03
6.170555e+00 5.552783e-01 -7.925984e-03
6.170555e+00 7.774819e-01 -6.877961e-03
6.170555e+00 1.088445e+00 -5.808367e-03
6.170555e+00 1.523711e+00 -5.471390e-03
6.170555e+00 2.088426e+00 -5.818843e-03
6.170555e+00 2.685505e+00 -5.968405e-03
6.313967e+00 1.570796e-02 -8.326589e-04
6.313967e+00 2.346256e-02 -2.195604e-03
6.313967e+00 3.503514e-02 -4.437241e-03
6.313967e+00 5.263151e-02 -7.162466e-03
6.313967e+00 7.314235e-02 -1.231431e-02
6.313967e+00 1.025928e-01 -1.268291e-02
6.313967e+00 1.448116e-01 -1.52376e-02
6.313967e+00 2.023460e-01 -1.565723e-02
6.313967e+00 2.834245e-01 -1.542593e-02
6.313967e+00 3.967448e-01 -1.343582e-02
6.313967e+00 5.552783e-01 -1.21757e-02
6.313967e+00 7.774819e-01 -1.04198e-02
6.313967e+00 1.088445e+00 -8.863365e-03
6.313967e+00 1.523711e+00 -8.193926e-03
6.313967e+00 2.088426e+00 -8.625917e-03
6.313967e+00 2.685505e+00 -8.724066e-03
6.460246e+00 1.570796e-02 -8.656046e-04
6.460246e+00 2.346256e-02 -2.129185e-03
6.460246e+00 3.503514e-02 -4.674259e-03
6.460246e+00 5.263151e-02 -8.115634e-03
6.460246e+00 7.314235e-02 -1.409249e-02
6.460246e+00 1.025928e-01 -1.594312e-02
6.460246e+00 1.448116e-01 -1.976416e-02
6.460246e+00 2.023460e-01 -2.061492e-02
6.460246e+00 2.834245e-01 -2.044077e-02
6.460246e+00 3.967448e-01 -1.826544e-02
6.460246e+00 5.552783e-01 -1.664227e-02
6.460246e+00 7.774819e-01 -1.425769e-02
6.460246e+00 1.088445e+00 -1.207256e-02
6.460246e+00 1.523711e+00 -1.102463e-02
6.460246e+00 2.088426e+00 -1.14854e-02
6.460246e+00 2.685505e+00 -1.150953e-02
6.609451e+00 1.570796e-02 -8.507990e-04
6.609451e+00 2.346256e-02 -2.007932e-03
6.609451e+00 3.503514e-02 -4.567367e-03
6.609451e+00 5.263151e-02 -8.256411e-03
6.609451e+00 7.314235e-02 -1.502300e-02
6.609451e+00 1.025928e-01 -1.834484e-02
6.609451e+00 1.448116e-01 -2.401325e-02
6.609451e+00 2.023460e-01 -2.519012e-02
6.609451e+00 2.834245e-01 -2.521249e-02
6.609451e+00 3.967448e-01 -2.31436e-02
6.609451e+00 5.552783e-01 -2.109519e-02
6.609451e+00 7.774819e-01 -1.819122e-02
6.609451e+00 1.088445e+00 -1.533465e-02
6.609451e+00 1.523711e+00 -1.395028e-02
6.609451e+00 2.088426e+00 -1.424418e-02
6.609451e+00 2.685505e+00 -1.414479e-02
6.76164e+00 1.570796e-02 -7.867538e-04
6.76164e+00 2.346256e-02 -1.899001e-03
6.76164e+00 3.503514e-02 -4.276990e-03
6.76164e+00 5.263151e-02 -8.050452e-03
6.76164e+00 7.314235e-02 -1.514922e-02
6.76164e+00 1.025928e-01 -1.965885e-02
6.76164e+00 1.448116e-01 -2.655963e-02
6.76164e+00 2.023460e-01 -2.882825e-02
6.76164e+00 2.834245e-01 -2.939231e-02
6.76164e+00 3.967448e-01 -2.754166e-02
6.76164e+00 5.552783e-01 -2.520826e-02
6.76164e+00 7.774819e-01 -2.17892e-02
6.76164e+00 1.088445e+00 -1.839664e-02
6.76164e+00 1.523711e+00 -1.654033e-02
6.76164e+00 2.088426e+00 -1.672054e-02
6.76164e+00 2.685505e+00 -1.637864e-02
6.916873e+00 1.570796e-02 -7.104941e-04
6.916873e+00 2.346256e-02 -1.727565e-03
6.916873e+00 3.503514e-02 -4.006426e-03
6.916873e+00 5.263151e-02 -7.677634e-03
6.916873e+00 7.314235e-02 -1.46647e-02
6.916873e+00 1.025928e-01 -2.002494e-02
6.916873e+00 1.448116e-01 -2.794190e-02
6.916873e+00 2.023460e-01 -3.131447e-02
6.916873e+00 2.834245e-01 -3.254007e-02
6.916873e+00 3.967448e-01 -3.102698e-02
6.916873e+00 5.552783e-01 -2.8742e-02
6.916873e+00 7.774819e-01 -2.498013e-02
6.916873e+00 1.088445e+00 -2.110064e-02
6.916873e+00 1.523711e+00 -1.883005e-02
6.916873e+00 2.088426e+00 -1.880966e-02
6.916873e+00 2.685505e+00 -1.822907e-02
7.075210e+00 1.570796e-02 -6.401911e-04
7.075210e+00 2.346256e-02 -1.593738e-03
7.075210e+00 3.503514e-02 -3.617571e-03
7.075210e+00 5.263151e-02 -7.098722e-03
7.075210e+00 7.314235e-02 -1.376195e-02
7.075210e+00 1.025928e-01 -1.957192e-02
7.075210e+00 1.448116e-01 -2.824460e-02
7.075210e+00 2.023460e-01 -3.259612e-02
7.075210e+00 2.834245e-01 -3.464626e-02
7.075210e+00 3.967448e-01 -3.382131e-02
7.075210e+00 5.552783e-01 -3.166033e-02
7.075210e+00 7.774819e-01 -2.771003e-02
7.075210e+00 1.088445e+00 -2.340630e-02
7.075210e+00 1.523711e+00 -2.075693e-02
7.075210e+00 2.088426e+00 -2.061998e-02
7.075210e+00 2.685505e+00 -1.982837e-02
7.236714e+00 1.570796e-02 -5.843356e-04
7.236714e+00 2.346256e-02 -1.469505e-03
7.236714e+00 3.503514e-02 -3.208394e-03
7.236714e+00 5.263151e-02 -6.456301e-03
7.236714e+00 7.314235e-02 -1.275087e-02
7.236714e+00 1.025928e-01 -1.854185e-02
7.236714e+00 1.448116e-01 -2.773695e-02
7.236714e+00 2.023460e-01 -3.289113e-02
7.236714e+00 2.834245e-01 -3.58773e-02
7.236714e+00 3.967448e-01 -3.578907e-02
7.236714e+00 5.552783e-01 -3.388539e-02
7.236714e+00 7.774819e-01 -2.994853e-02
7.236714e+00 1.088445e+00 -2.529871e-02
7.236714e+00 1.523711e+00 -2.240116e-02
7.236714e+00 2.088426e+00 -2.208632e-02
7.236714e+00 2.685505e+00 -2.096678e-02
7.401449e+00 1.570796e-02 -5.321118e-04
7.401449e+00 2.346256e-02 -1.330652e-03
7.401449e+00 3.503514e-02 -2.821254e-03
7.401449e+00 5.263151e-02 -5.834792e-03
7.401449e+00 7.314235e-02 -1.162933e-02
7.401449e+00 1.025928e-01 -1.730091e-02
7.401449e+00 1.448116e-01 -2.652719e-02
7.401449e+00 2.023460e-01 -3.238816e-02
7.401449e+00 2.834245e-01 -3.628223e-02
7.401449e+00 3.967448e-01 -3.689901e-02
7.401449e+00 5.552783e-01 -3.542159e-02
7.401449e+00 7.774819e-01 -3.164540e-02
7.401449e+00 1.088445e+00 -2.683683e-02
7.401449e+00 1.523711e+00 -2.372001e-02
7.401449e+00 2.088426e+00 -2.327684e-02
7.401449e+00 2.685505e+00 -2.190285e-02
7.569477e+00 1.570796e-02 -4.794047e-04
7.569477e+00 2.346256e-02 -1.213717e-03
7.569477e+00 3.503514e-02 -2.507817e-03
7.569477e+00 5.263151e-02 -5.250144e-03
7.569477e+00 7.314235e-02 -1.052029e-02
7.569477e+00 1.025928e-01 -1.586934e-02
7.569477e+00 1.448116e-01 -2.482162e-02
7.569477e+00 2.023460e-01 -3.119217e-02
7.569477e+00 2.834245e-01 -3.589515e-02
7.569477e+00 3.967448e-01 -3.731678e-02
7.569477e+00 5.552783e-01 -3.636102e-02
7.569477e+00 7.774819e-01 -3.277289e-02
7.569477e+00 1.088445e+00 -2.799507e-02
7.569477e+00 1.523711e+00 -2.472361e-02
7.569477e+00 2.088426e+00 -2.41851e-02
7.569477e+00 2.685505e+00 -2.258753e-02
7.740867e+00 1.570796e-02 -4.260564e-04
7.740867e+00 2.346256e-02 -1.100902e-03
7.740867e+00 3.503514e-02 -2.240493e-03
7.740867e+00 5.263151e-02 -4.713833e-03
7.740867e+00 7.314235e-02 -9.433013e-03
7.740867e+00 1.025928e-01 -1.434832e-02
7.740867e+00 1.448116e-01 -2.282364e-02
7.740867e+00 2.023460e-01 -2.947127e-02
7.740867e+00 2.834245e-01 -3.490316e-02
7.740867e+00 3.967448e-01 -3.709789e-02
7.740867e+00 5.552783e-01 -3.672082e-02
7.740867e+00 7.774819e-01 -3.341237e-02
7.740867e+00 1.088445e+00 -2.878996e-02
7.740867e+00 1.523711e+00 -2.54688e-02
7.740867e+00 2.088426e+00 -2.486398e-02
7.740867e+00 2.685505e+00 -2.299787e-02
7.915684e+00 1.570796e-02 -3.757495e-04
7.915684e+00 2.346256e-02 -9.914751e-04
7.915684e+00 3.503514e-02 -1.99756e-03
7.915684e+00 5.263151e-02 -4.210898e-03
7.915684e+00 7.314235e-02 -8.426515e-03
7.915684e+00 1.025928e-01 -1.283003e-02
7.915684e+00 1.448116e-01 -2.075245e-02
7.915684e+00 2.023460e-01 -2.748867e-02
7.915684e+00 2.834245e-01 -3.342129e-02
7.915684e+00 3.967448e-01 -3.634384e-02
7.915684e+00 5.552783e-01 -3.650253e-02
7.915684e+00 7.774819e-01 -3.365245e-02
7.915684e+00 1.088445e+00 -2.922954e-02
7.915684e+00 1.523711e+00 -2.591021e-02
7.915684e+00 2.088426e+00 -2.521064e-02
7.915684e+00 2.685505e+00 -2.332962e-02
8.093998e+00 1.570796e-02 -3.274636e-04
8.093998e+00 2.346256e-02 -8.982675e-04
8.093998e+00 3.503514e-02 -1.774281e-03
8.093998e+00 5.263151e-02 -3.747888e-03
8.093998e+00 7.314235e-02 -7.502779e-03
8.093998e+00 1.025928e-01 -1.143749e-02
8.093998e+00 1.448116e-01 -1.873955e-02
8.093998e+00 2.023460e-01 -2.532009e-02
8.093998e+00 2.834245e-01 -3.156663e-02
8.093998e+00 3.967448e-01 -3.509262e-02
8.093998e+00 5.552783e-01 -3.575689e-02
8.093998e+00 7.774819e-01 -3.343124e-02
8.093998e+00 1.088445e+00 -2.929313e-02
8.093998e+00 1.523711e+00 -2.610808e-02
8.093998e+00 2.088426e+00 -2.533331e-02
8.093998e+00 2.685505e+00 -2.327286e-02
8.275878e+00 1.570796e-02 -2.855315e-04
8.275878e+00 2.346256e-02 -8.079048e-04
8.275878e+00 3.503514e-02 -1.578199e-03
8.275878e+00 5.263151e-02 -3.320279e-03
8.275878e+00 7.314235e-02 -6.65681e-03
8.275878e+00 1.025928e-01 -1.014311e-02
8.275878e+00 1.448116e-01 -1.678376e-02
8.275878e+00 2.023460e-01 -2.310850e-02
8.275878e+00 2.834245e-01 -2.94478e-02
8.275878e+00 3.967448e-01 -3.342442e-02
8.275878e+00 5.552783e-01 -3.461682e-02
8.275878e+00 7.774819e-01 -3.281677e-02
8.275878e+00 1.088445e+00 -2.902325e-02
8.275878e+00 1.523711e+00 -2.605134e-02
8.275878e+00 2.088426e+00 -2.530856e-02
8.275878e+00 2.685505e+00 -2.301948e-02
8.461396e+00 1.570796e-02 -2.506162e-04
8.461396e+00 2.346256e-02 -7.231732e-04
8.461396e+00 3.503514e-02 -1.40889e-03
8.461396e+00 5.263151e-02 -2.939557e-03
8.461396e+00 7.314235e-02 -5.89317e-03
8.461396e+00 1.025928e-01 -8.986483e-03
8.461396e+00 1.448116e-01 -1.495620e-02
8.461396e+00 2.023460e-01 -2.091899e-02
8.461396e+00 2.834245e-01 -2.714747e-02
8.461396e+00 3.967448e-01 -3.142059e-02
8.461396e+00 5.552783e-01 -3.316208e-02
8.461396e+00 7.774819e-01 -3.187843e-02
8.461396e+00 1.088445e+00 -2.847325e-02
8.461396e+00 1.523711e+00 -2.578881e-02
8.461396e+00 2.088426e+00 -2.51041e-02
8.461396e+00 2.685505e+00 -2.278792e-02
8.650623e+00 1.570796e-02 -2.212186e-04
8.650623e+00 2.346256e-02 -6.388202e-04
8.650623e+00 3.503514e-02 -1.249051e-03
8.650623e+00 5.263151e-02 -2.598948e-03
8.650623e+00 7.314235e-02 -5.209833e-03
8.650623e+00 1.025928e-01 -7.955163e-03
8.650623e+00 1.448116e-01 -1.327006e-02
8.650623e+00 2.023460e-01 -1.876723e-02
8.650623e+00 2.834245e-01 -2.476478e-02
8.650623e+00 3.967448e-01 -2.923973e-02
8.650623e+00 5.552783e-01 -3.138839e-02
8.650623e+00 7.774819e-01 -3.059749e-02
8.650623e+00 1.088445e+00 -2.770531e-02
8.650623e+00 1.523711e+00 -2.532353e-02
8.650623e+00 2.088426e+00 -2.467430e-02
8.650623e+00 2.685505e+00 -2.228712e-02
8.843636e+00 1.570796e-02 -1.948629e-04
8.843636e+00 2.346256e-02 -5.666138e-04
8.843636e+00 3.503514e-02 -1.108044e-03
8.843636e+00 5.263151e-02 -2.291563e-03
8.843636e+00 7.314235e-02 -4.597063e-03
8.843636e+00 1.025928e-01 -7.041082e-03
8.843636e+00 1.448116e-01 -1.174538e-02
8.843636e+00 2.023460e-01 -1.673127e-02
8.843636e+00 2.834245e-01 -2.238763e-02
8.843636e+00 3.967448e-01 -2.689451e-02
8.843636e+00 5.552783e-01 -2.940798e-02
8.843636e+00 7.774819e-01 -2.908275e-02
8.843636e+00 1.088445e+00 -2.671073e-02
8.843636e+00 1.523711e+00 -2.466477e-02
8.843636e+00 2.088426e+00 -2.409521e-02
8.843636e+00 2.685505e+00 -2.168807e-02
9.040509e+00 1.570796e-02 -1.718441e-04
9.040509e+00 2.346256e-02 -5.004663e-04
9.040509e+00 3.503514e-02 -9.826524e-04
9.040509e+00 5.263151e-02 -2.016281e-03
9.040509e+00 7.314235e-02 -4.041248e-03
9.040509e+00 1.025928e-01 -6.20592e-03
9.040509e+00 1.448116e-01 -1.035907e-02
9.040509e+00 2.023460e-01 -1.481678e-02
9.040509e+00 2.834245e-01 -2.008426e-02
9.040509e+00 3.967448e-01 -2.452548e-02
9.040509e+00 5.552783e-01 -2.729582e-02
9.040509e+00 7.774819e-01 -2.742755e-02
9.040509e+00 1.088445e+00 -2.553030e-02
9.040509e+00 1.523711e+00 -2.385177e-02
9.040509e+00 2.088426e+00 -2.340813e-02
9.040509e+00 2.685505e+00 -2.095467e-02
9.241319e+00 1.570796e-02 -1.514985e-04
9.241319e+00 2.346256e-02 -4.372056e-04
9.241319e+00 3.503514e-02 -8.681019e-04
9.241319e+00 5.263151e-02 -1.765583e-03
9.241319e+00 7.314235e-02 -3.544644e-03
9.241319e+00 1.025928e-01 -5.450992e-03
9.241319e+00 1.448116e-01 -9.096886e-03
9.241319e+00 2.023460e-01 -1.307111e-02
9.241319e+00 2.834245e-01 -1.79013e-02
9.241319e+00 3.967448e-01 -2.218166e-02
9.241319e+00 5.552783e-01 -2.509058e-02
9.241319e+00 7.774819e-01 -2.561436e-02
9.241319e+00 1.088445e+00 -2.424127e-02
9.241319e+00 1.523711e+00 -2.28996e-02
9.241319e+00 2.088426e+00 -2.256371e-02
9.241319e+00 2.685505e+00 -2.006303e-02
9.446145e+00 1.570796e-02 -1.328879e-04
9.446145e+00 2.346256e-02 -3.808585e-04
9.446145e+00 3.503514e-02 -7.630242e-04
9.446145e+00 5.263151e-02 -1.538674e-03
9.446145e+00 7.314235e-02 -3.099989e-03
9.446145e+00 1.025928e-01 -4.766199e-03
9.446145e+00 1.448116e-01 -7.953422e-03
9.446145e+00 2.023460e-01 -1.145529e-02
9.446145e+00 2.834245e-01 -1.585775e-02
9.446145e+00 3.967448e-01 -1.991627e-02
9.446145e+00 5.552783e-01 -2.288962e-02
9.446145e+00 7.774819e-01 -2.373497e-02
9.446145e+00 1.088445e+00 -2.281060e-02
9.446145e+00 1.523711e+00 -2.185947e-02
9.446145e+00 2.088426e+00 -2.167104e-02
9.446145e+00 2.685505e+00 -1.922595e-02
9.655068e+00 1.570796e-02 -1.172289e-04
9.655068e+00 2.346256e-02 -3.298505e-04
9.655068e+00 3.503514e-02 -6.638863e-04
9.655068e+00 5.263151e-02 -1.342363e-03
9.655068e+00 7.314235e-02 -2.703104e-03
9.655068e+00 1.025928e-01 -4.151761e-03
9.655068e+00 1.448116e-01 -6.928648e-03
9.655068e+00 2.023460e-01 -9.998959e-03
9.655068e+00 2.834245e-01 -1.396102e-02
9.655068e+00 3.967448e-01 -1.776512e-02
9.655068e+00 5.552783e-01 -2.072149e-02
9.655068e+00 7.774819e-01 -2.182854e-02
9.655068e+00 1.088445e+00 -2.132175e-02
9.655068e+00 1.523711e+00 -2.072307e-02
9.655068e+00 2.088426e+00 -2.064736e-02
9.655068e+00 2.685505e+00 -1.828123e-02
9.86817e+00 1.570796e-02 -1.028558e-04
9.86817e+00 2.346256e-02 -2.824563e-04
9.86817e+00 3.503514e-02 -5.751559e-04
9.86817e+00 5.263151e-02 -1.166851e-03
9.86817e+00 7.314235e-02 -2.346700e-03
9.86817e+00 1.025928e-01 -3.601412e-03
9.86817e+00 1.448116e-01 -6.0113e-03
9.86817e+00 2.023460e-01 -8.696889e-03
9.86817e+00 2.834245e-01 -1.221846e-02
9.86817e+00 3.967448e-01 -1.573324e-02
9.86817e+00 5.552783e-01 -1.860542e-02
9.86817e+00 7.774819e-01 -1.992327e-02
9.86817e+00 1.088445e+00 -1.976772e-02
9.86817e+00 1.523711e+00 -1.948043e-02
9.86817e+00 2.088426e+00 -1.953246e-02
9.86817e+00 2.685505e+00 -1.719427e-02
1.008553e+01 1.570796e-02 -8.919607e-05
1.008553e+01 2.346256e-02 -2.420346e-04
1.008553e+01 3.503514e-02 -4.98095e-04
1.008553e+01 5.263151e-02 -1.008324e-03
1.008553e+01 7.314235e-02 -2.027368e-03
1.008553e+01 1.025928e-01 -3.11346e-03
1.008553e+01 1.448116e-01 -5.182049e-03
1.008553e+01 2.023460e-01 -7.537412e-03
1.008553e+01 2.834245e-01 -1.063161e-02
1.008553e+01 3.967448e-01 -1.382992e-02
1.008553e+01 5.552783e-01 -1.657092e-02
1.008553e+01 7.774819e-01 -1.80084e-02
1.008553e+01 1.088445e+00 -1.815386e-02
1.008553e+01 1.523711e+00 -1.815308e-02
1.008553e+01 2.088426e+00 -1.831453e-02
1.008553e+01 2.685505e+00 -1.604702e-02
1.030724e+01 1.570796e-02 -7.708472e-05
1.030724e+01 2.346256e-02 -2.081909e-04
1.030724e+01 3.503514e-02 -4.285229e-04
1.030724e+01 5.263151e-02 -8.717818e-04
1.030724e+01 7.314235e-02 -1.745122e-03
1.030724e+01 1.025928e-01 -2.681588e-03
1.030724e+01 1.448116e-01 -4.454088e-03
1.030724e+01 2.023460e-01 -6.503235e-03
1.030724e+01 2.834245e-01 -9.205365e-03
1.030724e+01 3.967448e-01 -1.207321e-02
1.030724e+01 5.552783e-01 -1.464200e-02
1.030724e+01 7.774819e-01 -1.617485e-02
1.030724e+01 1.088445e+00 -1.654973e-02
1.030724e+01 1.523711e+00 -1.676257e-02
1.030724e+01 2.088426e+00 -1.706367e-02
1.030724e+01 2.685505e+00 -1.495142e-02
1.053339e+01 1.570796e-02 -6.621885e-05
1.053339e+01 2.346256e-02 -1.764129e-04
1.053339e+01 3.503514e-02 -3.693576e-04
1.053339e+01 5.263151e-02 -7.465057e-04
1.053339e+01 7.314235e-02 -1.495059e-03
1.053339e+01 1.025928e-01 -2.302102e-03
1.053339e+01 1.448116e-01 -3.815499e-03
1.053339e+01 2.023460e-01 -5.586932e-03
1.053339e+01 2.834245e-01 -7.938916e-03
1.053339e+01 3.967448e-01 -1.048249e-02
1.053339e+01 5.552783e-01 -1.283858e-02
1.053339e+01 7.774819e-01 -1.439221e-02
1.053339e+01 1.088445e+00 -1.498911e-02
1.053339e+01 1.523711e+00 -1.542855e-02
1.053339e+01 2.088426e+00 -1.582525e-02
1.053339e+01 2.685505e+00 -1.378395e-02
1.076406e+01 1.570796e-02 -5.671544e-05
1.076406e+01 2.346256e-02 -1.497424e-04
1.076406e+01 3.503514e-02 -3.155068e-04
1.076406e+01 5.263151e-02 -6.386045e-04
1.076406e+01 7.314235e-02 -1.273124e-03
1.076406e+01 1.025928e-01 -1.967550e-03
1.076406e+01 1.448116e-01 -3.259766e-03
1.076406e+01 2.023460e-01 -4.790654e-03
1.076406e+01 2.834245e-01 -6.812456e-03
1.076406e+01 3.967448e-01 -9.045497e-03
1.076406e+01 5.552783e-01 -1.119671e-02
1.076406e+01 7.774819e-01 -1.272149e-02
1.076406e+01 1.088445e+00 -1.348198e-02
1.076406e+01 1.523711e+00 -1.409723e-02
1.076406e+01 2.088426e+00 -1.457888e-02
1.076406e+01 2.685505e+00 -1.266685e-02
1.099934e+01 1.570796e-02 -4.859253e-05
1.099934e+01 2.346256e-02 -1.254619e-04
1.099934e+01 3.503514e-02 -2.672121e-04
1.099934e+01 5.263151e-02 -5.424854e-04
1.099934e+01 7.314235e-02 -1.081423e-03
1.099934e+01 1.025928e-01 -1.677280e-03
1.099934e+01 1.448116e-01 -2.771179e-03
1.099934e+01 2.023460e-01 -4.079812e-03
1.099934e+01 2.834245e-01 -5.813452e-03
1.099934e+01 3.967448e-01 -7.763748e-03
1.099934e+01 5.552783e-01 -9.681474e-03
1.099934e+01 7.774819e-01 -1.116936e-02
1.099934e+01 1.088445e+00 -1.201718e-02
1.099934e+01 1.523711e+00 -1.278771e-02
1.099934e+01 2.088426e+00 -1.335662e-02
1.099934e+01 2.685505e+00 -1.161840e-02
1.123932e+01 1.570796e-02 -4.108542e-05
1.123932e+01 2.346256e-02 -1.045174e-04
1.123932e+01 3.503514e-02 -2.259373e-04
1.123932e+01 5.263151e-02 -4.593031e-04
1.123932e+01 7.314235e-02 -9.122219e-04
1.123932e+01 1.025928e-01 -1.421718e-03
1.123932e+01 1.448116e-01 -2.34192e-03
1.123932e+01 2.023460e-01 -3.458496e-03
1.123932e+01 2.834245e-01 -4.929429e-03
1.123932e+01 3.967448e-01 -6.612199e-03
1.123932e+01 5.552783e-01 -8.315873e-03
1.123932e+01 7.774819e-01 -9.740724e-03
1.123932e+01 1.088445e+00 -1.065887e-02
1.123932e+01 1.523711e+00 -1.152413e-02
1.123932e+01 2.088426e+00 -1.214302e-02
1.123932e+01 2.685505e+00 -1.061221e-02
1.148411e+01 1.570796e-02 -3.462323e-05
1.148411e+01 2.346256e-02 -8.581867e-05
1.148411e+01 3.503514e-02 -1.900788e-04
1.148411e+01 5.263151e-02 -3.860187e-04
1.148411e+01 7.314235e-02 -7.695774e-04
1.148411e+01 1.025928e-01 -1.197502e-03
1.148411e+01 1.448116e-01 -1.964641e-03
1.148411e+01 2.023460e-01 -2.912187e-03
1.148411e+01 2.834245e-01 -4.16096e-03
1.148411e+01 3.967448e-01 -5.591699e-03
1.148411e+01 5.552783e-01 -7.098253e-03
1.148411e+01 7.774819e-01 -8.433825e-03
1.148411e+01 1.088445e+00 -9.380719e-03
1.148411e+01 1.523711e+00 -1.029766e-02
1.148411e+01 2.088426e+00 -1.096782e-02
1.148411e+01 2.685505e+00 -9.593618e-03
1.173379e+01 1.570796e-02 -2.919937e-05
1.173379e+01 2.346256e-02 -7.188452e-05
1.173379e+01 3.503514e-02 -1.590699e-04
1.173379e+01 5.263151e-02 -3.237106e-04
1.173379e+01 7.314235e-02 -6.437690e-04
1.173379e+01 1.025928e-01 -1.000758e-03
1.173379e+01 1.448116e-01 -1.64623e-03
1.173379e+01 2.023460e-01 -2.439541e-03
1.173379e+01 2.834245e-01 -3.497273e-03
1.173379e+01 3.967448e-01 -4.707012e-03
1.173379e+01 5.552783e-01 -6.017039e-03
1.173379e+01 7.774819e-01 -7.260144e-03
1.173379e+01 1.088445e+00 -8.212056e-03
1.173379e+01 1.523711e+00 -9.154773e-03
1.173379e+01 2.088426e+00 -9.857556e-03
1.173379e+01 2.685505e+00 -8.701775e-03
1.198847e+01 1.570796e-02 -2.42368e-05
1.198847e+01 2.346256e-02 -5.956404e-05
1.198847e+01 3.503514e-02 -1.329273e-04
1.198847e+01 5.263151e-02 -2.680614e-04
1.198847e+01 7.314235e-02 -5.357434e-04
1.198847e+01 1.025928e-01 -8.336157e-04
1.198847e+01 1.448116e-01 -1.370228e-03
1.198847e+01 2.023460e-01 -2.036165e-03
1.198847e+01 2.834245e-01 -2.916167e-03
1.198847e+01 3.967448e-01 -3.937552e-03
1.198847e+01 5.552783e-01 -5.069319e-03
1.198847e+01 7.774819e-01 -6.200343e-03
1.198847e+01 1.088445e+00 -7.129110e-03
1.198847e+01 1.523711e+00 -8.082449e-03
1.198847e+01 2.088426e+00 -8.806021e-03
1.198847e+01 2.685505e+00 -7.846421e-03
1.224824e+01 1.570796e-02 -2.02968e-05
1.224824e+01 2.346256e-02 -4.872284e-05
1.224824e+01 3.503514e-02 -1.090458e-04
1.224824e+01 5.263151e-02 -2.211413e-04
1.224824e+01 7.314235e-02 -4.432980e-04
1.224824e+01 1.025928e-01 -6.888506e-04
1.224824e+01 1.448116e-01 -1.132977e-03
1.224824e+01 2.023460e-01 -1.689080e-03
1.224824e+01 2.834245e-01 -2.421856e-03
1.224824e+01 3.967448e-01 -3.281168e-03
1.224824e+01 5.552783e-01 -4.249778e-03
1.224824e+01 7.774819e-01 -5.26476e-03
1.224824e+01 1.088445e+00 -6.159038e-03
1.224824e+01 1.523711e+00 -7.081955e-03
1.224824e+01 2.088426e+00 -7.810288e-03
1.224824e+01 2.685505e+00 -6.965918e-03
1.251320e+01 1.570796e-02 -1.672113e-05
1.251320e+01 2.346256e-02 -3.966538e-05
1.251320e+01 3.503514e-02 -9.009487e-05
1.251320e+01 5.263151e-02 -1.829072e-04
1.251320e+01 7.314235e-02 -3.628087e-04
1.251320e+01 1.025928e-01 -5.65603e-04
1.251320e+01 1.448116e-01 -9.327723e-04
1.251320e+01 2.023460e-01 -1.391055e-03
1.251320e+01 2.834245e-01 -1.993444e-03
1.251320e+01 3.967448e-01 -2.709837e-03
1.251320e+01 5.552783e-01 -3.537025e-03
1.251320e+01 7.774819e-01 -4.438413e-03
1.251320e+01 1.088445e+00 -5.284738e-03
1.251320e+01 1.523711e+00 -6.193376e-03
1.251320e+01 2.088426e+00 -6.895733e-03
1.251320e+01 2.685505e+00 -6.164106e-03
1.278347e+01 1.570796e-02 -1.376152e-05
1.278347e+01 2.346256e-02 -3.279159e-05
1.278347e+01 3.503514e-02 -7.369061e-05
1.278347e+01 5.263151e-02 -1.501489e-04
1.278347e+01 7.314235e-02 -2.970184e-04
1.278347e+01 1.025928e-01 -4.616071e-04
1.278347e+01 1.448116e-01 -7.622407e-04
1.278347e+01 2.023460e-01 -1.140906e-03
1.278347e+01 2.834245e-01 -1.635640e-03
1.278347e+01 3.967448e-01 -2.230525e-03
1.278347e+01 5.552783e-01 -2.930893e-03
1.278347e+01 7.774819e-01 -3.722028e-03
1.278347e+01 1.088445e+00 -4.494311e-03
1.278347e+01 1.523711e+00 -5.368873e-03
1.278347e+01 2.088426e+00 -6.042048e-03
1.278347e+01 2.685505e+00 -5.471374e-03
1.305914e+01 1.570796e-02 -1.139224e-05
1.305914e+01 2.346256e-02 -2.659886e-05
1.305914e+01 3.503514e-02 -6.025571e-05
1.305914e+01 5.263151e-02 -1.231341e-04
1.305914e+01 7.314235e-02 -2.419400e-04
1.305914e+01 1.025928e-01 -3.764165e-04
1.305914e+01 1.448116e-01 -6.215643e-04
1.305914e+01 2.023460e-01 -9.312705e-04
1.305914e+01 2.834245e-01 -1.336363e-03
1.305914e+01 3.967448e-01 -1.826653e-03
1.305914e+01 5.552783e-01 -2.420959e-03
1.305914e+01 7.774819e-01 -3.104675e-03
1.305914e+01 1.088445e+00 -3.812963e-03
1.305914e+01 1.523711e+00 -4.633474e-03
1.305914e+01 2.088426e+00 -5.278226e-03
1.305914e+01 2.685505e+00 -4.804433e-03
1.334032e+01 1.570796e-02 -9.148167e-06
1.334032e+01 2.346256e-02 -2.122051e-05
1.334032e+01 3.503514e-02 -4.84274e-05
1.334032e+01 5.263151e-02 -9.927857e-05
1.334032e+01 7.314235e-02 -1.955441e-04
1.334032e+01 1.025928e-01 -3.037985e-04
1.334032e+01 1.448116e-01 -5.034641e-04
1.334032e+01 2.023460e-01 -7.566729e-04
1.334032e+01 2.834245e-01 -1.082355e-03
1.334032e+01 3.967448e-01 -1.488477e-03
1.334032e+01 5.552783e-01 -1.982326e-03
1.334032e+01 7.774819e-01 -2.570296e-03
1.334032e+01 1.088445e+00 -3.216611e-03
1.334032e+01 1.523711e+00 -3.970494e-03
1.334032e+01 2.088426e+00 -4.578444e-03
1.334032e+01 2.685505e+00 -4.218393e-03
1.362713e+01 1.570796e-02 -7.470879e-06
1.362713e+01 2.346256e-02 -1.667922e-05
1.362713e+01 3.503514e-02 -3.900065e-05
1.362713e+01 5.263151e-02 -7.935934e-05
1.362713e+01 7.314235e-02 -1.567594e-04
1.362713e+01 1.025928e-01 -2.445556e-04
1.362713e+01 1.448116e-01 -4.048821e-04
1.362713e+01 2.023460e-01 -6.095987e-04
1.362713e+01 2.834245e-01 -8.721607e-04
1.362713e+01 3.967448e-01 -1.201949e-03
1.362713e+01 5.552783e-01 -1.611429e-03
1.362713e+01 7.774819e-01 -2.110404e-03
1.362713e+01 1.088445e+00 -2.689572e-03
1.362713e+01 1.523711e+00 -3.362381e-03
1.362713e+01 2.088426e+00 -3.927045e-03
1.362713e+01 2.685505e+00 -3.643876e-03
1.391967e+01 1.570796e-02 -6.061513e-06
1.391967e+01 2.346256e-02 -1.335498e-05
1.391967e+01 3.503514e-02 -3.12165e-05
1.391967e+01 5.263151e-02 -6.331655e-05
1.391967e+01 7.314235e-02 -1.258331e-04
1.391967e+01 1.025928e-01 -1.970733e-04
1.391967e+01 1.448116e-01 -3.249903e-04
1.391967e+01 2.023460e-01 -4.901125e-04
1.391967e+01 2.834245e-01 -6.993024e-04
1.391967e+01 3.967448e-01 -9.691740e-04
1.391967e+01 5.552783e-01 -1.305798e-03
1.391967e+01 7.774819e-01 -1.72481e-03
1.391967e+01 1.088445e+00 -2.227681e-03
1.391967e+01 1.523711e+00 -2.828403e-03
1.391967e+01 2.088426e+00 -3.329303e-03
1.391967e+01 2.685505e+00 -3.127452e-03
1.421806e+01 1.570796e-02 -4.946794e-06
1.421806e+01 2.346256e-02 -1.042536e-05
1.421806e+01 3.503514e-02 -2.475906e-05
1.421806e+01 5.263151e-02 -5.011868e-05
1.421806e+01 7.314235e-02 -1.001084e-04
1.421806e+01 1.025928e-01 -1.561536e-04
1.421806e+01 1.448116e-01 -2.595886e-04
1.421806e+01 2.023460e-01 -3.894653e-04
1.421806e+01 2.834245e-01 -5.566397e-04
1.421806e+01 3.967448e-01 -7.738766e-04
1.421806e+01 5.552783e-01 -1.049326e-03
1.421806e+01 7.774819e-01 -1.395291e-03
1.421806e+01 1.088445e+00 -1.832633e-03
1.421806e+01 1.523711e+00 -2.366443e-03
1.421806e+01 2.088426e+00 -2.823160e-03
1.421806e+01 2.685505e+00 -2.66502e-03
1.452242e+01 1.570796e-02 -3.984726e-06
1.452242e+01 2.346256e-02 -8.389449e-06
1.452242e+01 3.503514e-02 -2.00185e-05
1.452242e+01 5.263151e-02 -3.912077e-05
1.452242e+01 7.314235e-02 -7.976043e-05
1.452242e+01 1.025928e-01 -1.237961e-04
1.452242e+01 1.448116e-01 -2.045563e-04
1.452242e+01 2.023460e-01 -3.094716e-04
1.452242e+01 2.834245e-01 -4.425121e-04
1.452242e+01 3.967448e-01 -6.160788e-04
1.452242e+01 5.552783e-01 -8.401123e-04
1.452242e+01 7.774819e-01 -1.128605e-03
1.452242e+01 1.088445e+00 -1.503781e-03
1.452242e+01 1.523711e+00 -1.972331e-03
1.452242e+01 2.088426e+00 -2.374902e-03
1.452242e+01 2.685505e+00 -2.228349e-03
1.483287e+01 1.570796e-02 -3.133977e-06
1.483287e+01 2.346256e-02 -6.554999e-06
1.483287e+01 3.503514e-02 -1.58807e-05
1.483287e+01 5.263151e-02 -3.057271e-05
1.483287e+01 7.314235e-02 -6.271426e-05
1.483287e+01 1.025928e-01 -9.728041e-05
1.483287e+01 1.448116e-01 -1.609267e-04
1.483287e+01 2.023460e-01 -2.437113e-04
1.483287e+01 2.834245e-01 -3.481102e-04
1.483287e+01 3.967448e-01 -4.858452e-04
1.483287e+01 5.552783e-01 -6.678879e-04
1.483287e+01 7.774819e-01 -9.044481e-04
1.483287e+01 1.088445e+00 -1.223463e-03
1.483287e+01 1.523711e+00 -1.627978e-03
1.483287e+01 2.088426e+00 -1.981016e-03
1.483287e+01 2.685505e+00 -1.860758e-03
1.514953e+01 1.570796e-02 -2.461915e-06
1.514953e+01 2.346256e-02 -5.090166e-06
1.514953e+01 3.503514e-02 -1.243992e-05
1.514953e+01 5.263151e-02 -2.399032e-05
1.514953e+01 7.314235e-02 -4.839702e-05
1.514953e+01 1.025928e-01 -7.489185e-05
1.514953e+01 1.448116e-01 -1.262776e-04
1.514953e+01 2.023460e-01 -1.904044e-04
1.514953e+01 2.834245e-01 -2.725398e-04
1.514953e+01 3.967448e-01 -3.812266e-04
1.514953e+01 5.552783e-01 -5.257699e-04
1.514953e+01 7.774819e-01 -7.194573e-04
1.514953e+01 1.088445e+00 -9.822317e-04
1.514953e+01 1.523711e+00 -1.325529e-03
1.514953e+01 2.088426e+00 -1.629471e-03
1.514953e+01 2.685505e+00 -1.542685e-03
1.547252e+01 1.570796e-02 -1.940213e-06
1.547252e+01 2.346256e-02 -3.89176e-06
1.547252e+01 3.503514e-02 -9.809346e-06
1.547252e+01 5.263151e-02 -1.869659e-05
1.547252e+01 7.314235e-02 -3.728718e-05
1.547252e+01 1.025928e-01 -5.805626e-05
1.547252e+01 1.448116e-01 -9.804062e-05
1.547252e+01 2.023460e-01 -1.481250e-04
1.547252e+01 2.834245e-01 -2.12285e-04
1.547252e+01 3.967448e-01 -2.978336e-04
1.547252e+01 5.552783e-01 -4.121373e-04
1.547252e+01 7.774819e-01 -5.681151e-04
1.547252e+01 1.088445e+00 -7.843734e-04
1.547252e+01 1.523711e+00 -1.070865e-03
1.547252e+01 2.088426e+00 -1.326377e-03
1.547252e+01 2.685505e+00 -1.252874e-03
1.580197e+01 1.570796e-02 -1.529442e-06
1.580197e+01 2.346256e-02 -2.954755e-06
1.580197e+01 3.503514e-02 -7.550831e-06
1.580197e+01 5.263151e-02 -1.422991e-05
1.580197e+01 7.314235e-02 -2.869181e-05
1.580197e+01 1.025928e-01 -4.403766e-05
1.580197e+01 1.448116e-01 -7.481452e-05
1.580197e+01 2.023460e-01 -1.134804e-04
1.580197e+01 2.834245e-01 -1.625301e-04
1.580197e+01 3.967448e-01 -2.282229e-04
1.580197e+01 5.552783e-01 -3.184579e-04
1.580197e+01 7.774819e-01 -4.432459e-04
1.580197e+01 1.088445e+00 -6.180836e-04
1.580197e+01 1.523711e+00 -8.536274e-04
1.580197e+01 2.088426e+00 -1.067664e-03
1.580197e+01 2.685505e+00 -1.024393e-03
1.613801e+01 1.570796e-02 -1.244829e-06
1.613801e+01 2.346256e-02 -2.131473e-06
1.613801e+01 3.503514e-02 -5.824592e-06
1.613801e+01 5.263151e-02 -1.077782e-05
1.613801e+01 7.314235e-02 -2.153561e-05
1.613801e+01 1.025928e-01 -3.354501e-05
1.613801e+01 1.448116e-01 -5.679193e-05
1.613801e+01 2.023460e-01 -8.662562e-05
1.613801e+01 2.834245e-01 -1.237503e-04
1.613801e+01 3.967448e-01 -1.757639e-04
1.613801e+01 5.552783e-01 -2.449833e-04
1.613801e+01 7.774819e-01 -3.454327e-04
1.613801e+01 1.088445e+00 -4.835714e-04
1.613801e+01 1.523711e+00 -6.73258e-04
1.613801e+01 2.088426e+00 -8.480865e-04
1.613801e+01 2.685505e+00 -8.163673e-04
1.648077e+01 1.570796e-02 -9.369465e-07
1.648077e+01 2.346256e-02 -1.507967e-06
1.648077e+01 3.503514e-02 -4.37092e-06
1.648077e+01 5.263151e-02 -8.344006e-06
1.648077e+01 7.314235e-02 -1.634524e-05
1.648077e+01 1.025928e-01 -2.511278e-05
1.648077e+01 1.448116e-01 -4.266219e-05
1.648077e+01 2.023460e-01 -6.491242e-05
1.648077e+01 2.834245e-01 -9.352001e-05
1.648077e+01 3.967448e-01 -1.324307e-04
1.648077e+01 5.552783e-01 -1.868970e-04
1.648077e+01 7.774819e-01 -2.666237e-04
1.648077e+01 1.088445e+00 -3.740498e-04
1.648077e+01 1.523711e+00 -5.261432e-04
1.648077e+01 2.088426e+00 -6.642192e-04
1.648077e+01 2.685505e+00 -6.353576e-04
1.683038e+01 1.570796e-02 -7.140078e-07
1.683038e+01 2.346256e-02 -1.036812e-06
1.683038e+01 3.503514e-02 -3.261359e-06
1.683038e+01 5.263151e-02 -6.295614e-06
1.683038e+01 7.314235e-02 -1.19333e-05
1.683038e+01 1.025928e-01 -1.847315e-05
1.683038e+01 1.448116e-01 -3.157266e-05
1.683038e+01 2.023460e-01 -4.804175e-05
1.683038e+01 2.834245e-01 -6.893301e-05
1.683038e+01 3.967448e-01 -9.780904e-05
1.683038e+01 5.552783e-01 -1.391183e-04
1.683038e+01 7.774819e-01 -2.013179e-04
1.683038e+01 1.088445e+00 -2.841342e-04
1.683038e+01 1.523711e+00 -4.01718e-04
1.683038e+01 2.088426e+00 -5.098985e-04
1.683038e+01 2.685505e+00 -4.878273e-04
1.718699e+01 1.570796e-02 -5.167e-07
1.718699e+01 2.346256e-02 -7.962207e-07
1.718699e+01 3.503514e-02 -2.302866e-06
1.718699e+01 5.263151e-02 -4.572698e-06
1.718699e+01 7.314235e-02 -8.747288e-06
1.718699e+01 1.025928e-01 -1.331256e-05
1.718699e+01 1.448116e-01 -2.281356e-05
1.718699e+01 2.023460e-01 -3.493703e-05
1.718699e+01 2.834245e-01 -5.024854e-05
1.718699e+01 3.967448e-01 -7.135498e-05
1.718699e+01 5.552783e-01 -1.020637e-04
1.718699e+01 7.774819e-01 -1.498529e-04
1.718699e+01 1.088445e+00 -2.114882e-04
1.718699e+01 1.523711e+00 -2.999742e-04
1.718699e+01 2.088426e+00 -3.810419e-04
1.718699e+01 2.685505e+00 -3.626991e-04
1.755073e+01 1.570796e-02 -3.970101e-07
1.755073e+01 2.346256e-02 -5.115627e-07
1.755073e+01 3.503514e-02 -1.61743e-06
1.755073e+01 5.263151e-02 -3.416962e-06
1.755073e+01 7.314235e-02 -6.337581e-06
1.755073e+01 1.025928e-01 -9.531837e-06
1.755073e+01 1.448116e-01 -1.655781e-05
1.755073e+01 2.023460e-01 -2.543558e-05
1.755073e+01 2.834245e-01 -3.619840e-05
1.755073e+01 3.967448e-01 -5.228183e-05
1.755073e+01 5.552783e-01 -7.466279e-05
1.755073e+01 7.774819e-01 -1.103893e-04
1.755073e+01 1.088445e+00 -1.558298e-04
1.755073e+01 1.523711e+00 -2.209280e-04
1.755073e+01 2.088426e+00 -2.823337e-04
1.755073e+01 2.685505e+00 -2.716897e-04
1.792175e+01 1.570796e-02 -2.936966e-07
1.792175e+01 2.346256e-02 -3.706490e-07
1.792175e+01 3.503514e-02 -1.171756e-06
1.792175e+01 5.263151e-02 -2.372701e-06
1.792175e+01 7.314235e-02 -4.434277e-06
1.792175e+01 1.025928e-01 -6.575816e-06
1.792175e+01 1.448116e-01 -1.174289e-05
1.792175e+01 2.023460e-01 -1.826711e-05
1.792175e+01 2.834245e-01 -2.561828e-05
1.792175e+01 3.967448e-01 -3.710676e-05
1.792175e+01 5.552783e-01 -5.359476e-05
1.792175e+01 7.774819e-01 -7.970591e-05
1.792175e+01 1.088445e+00 -1.124714e-04
1.792175e+01 1.523711e+00 -1.601243e-04
1.792175e+01 2.088426e+00 -2.066083e-04
1.792175e+01 2.685505e+00 -2.00181e-04
1.830018e+01 1.570796e-02 -2.017743e-07
1.830018e+01 2.346256e-02 -2.522268e-07
1.830018e+01 3.503514e-02 -7.935768e-07
1.830018e+01 5.263151e-02 -1.611723e-06
1.830018e+01 7.314235e-02 -3.020826e-06
1.830018e+01 1.025928e-01 -4.473754e-06
1.830018e+01 1.448116e-01 -8.188593e-06
1.830018e+01 2.023460e-01 -1.26946e-05
1.830018e+01 2.834245e-01 -1.766435e-05
1.830018e+01 3.967448e-01 -2.589945e-05
1.830018e+01 5.552783e-01 -3.766168e-05
1.830018e+01 7.774819e-01 -5.602301e-05
1.830018e+01 1.088445e+00 -7.923692e-05
1.830018e+01 1.523711e+00 -1.129778e-04
1.830018e+01 2.088426e+00 -1.460658e-04
1.830018e+01 2.685505e+00 -1.427011e-04
1.868618e+01 1.570796e-02 -1.365549e-07
1.868618e+01 2.346256e-02 -1.711489e-07
1.868618e+01 3.503514e-02 -5.521065e-07
1.868618e+01 5.263151e-02 -1.066964e-06
1.868618e+01 7.314235e-02 -1.993545e-06
1.868618e+01 1.025928e-01 -2.988075e-06
1.868618e+01 1.448116e-01 -5.500491e-06
1.868618e+01 2.023460e-01 -8.586424e-06
1.868618e+01 2.834245e-01 -1.199763e-05
1.868618e+01 3.967448e-01 -1.752358e-05
1.868618e+01 5.552783e-01 -2.589257e-05
1.868618e+01 7.774819e-01 -3.891435e-05
1.868618e+01 1.088445e+00 -5.511945e-05
1.868618e+01 1.523711e+00 -7.876173e-05
1.868618e+01 2.088426e+00 -1.030617e-04
1.868618e+01 2.685505e+00 -1.000542e-04
1.907991e+01 1.570796e-02 -9.834333e-08
1.907991e+01 2.346256e-02 -1.029134e-07
1.907991e+01 3.503514e-02 -3.807013e-07
1.907991e+01 5.263151e-02 -6.893196e-07
1.907991e+01 7.314235e-02 -1.322032e-06
1.907991e+01 1.025928e-01 -2.016619e-06
1.907991e+01 1.448116e-01 -3.706858e-06
1.907991e+01 2.023460e-01 -5.764993e-06
1.907991e+01 2.834245e-01 -8.059361e-06
1.907991e+01 3.967448e-01 -1.203813e-05
1.907991e+01 5.552783e-01 -1.764316e-05
1.907991e+01 7.774819e-01 -2.670564e-05
1.907991e+01 1.088445e+00 -3.755858e-05
1.907991e+01 1.523711e+00 -5.400155e-05
1.907991e+01 2.088426e+00 -7.146521e-05
1.907991e+01 2.685505e+00 -6.984269e-05
1.948151e+01 1.570796e-02 -6.029932e-08
1.948151e+01 2.346256e-02 -5.77011e-08
1.948151e+01 3.503514e-02 -2.595688e-07
1.948151e+01 5.263151e-02 -4.510288e-07
1.948151e+01 7.314235e-02 -8.396728e-07
1.948151e+01 1.025928e-01 -1.328833e-06
1.948151e+01 1.448116e-01 -2.411272e-06
1.948151e+01 2.023460e-01 -3.754119e-06
1.948151e+01 2.834245e-01 -5.278447e-06
1.948151e+01 3.967448e-01 -7.917336e-06
1.948151e+01 5.552783e-01 -1.178863e-05
1.948151e+01 7.774819e-01 -1.779553e-05
1.948151e+01 1.088445e+00 -2.513348e-05
1.948151e+01 1.523711e+00 -3.580329e-05
1.948151e+01 2.088426e+00 -4.784009e-05
1.948151e+01 2.685505e+00 -4.728901e-05
1.989114e+01 1.570796e-02 -3.779157e-08
1.989114e+01 2.346256e-02 -3.560914e-08
1.989114e+01 3.503514e-02 -1.565706e-07
1.989114e+01 5.263151e-02 -2.676732e-07
1.989114e+01 7.314235e-02 -5.313484e-07
1.989114e+01 1.025928e-01 -8.310752e-07
1.989114e+01 1.448116e-01 -1.484964e-06
1.989114e+01 2.023460e-01 -2.344748e-06
1.989114e+01 2.834245e-01 -3.296307e-06
1.989114e+01 3.967448e-01 -4.991536e-06
1.989114e+01 5.552783e-01 -7.536632e-06
1.989114e+01 7.774819e-01 -1.142159e-05
1.989114e+01 1.088445e+00 -1.641433e-05
1.989114e+01 1.523711e+00 -2.344997e-05
1.989114e+01 2.088426e+00 -3.152067e-05
1.989114e+01 2.685505e+00 -3.130275e-05
2.030896e+01 1.570796e-02 -2.226824e-08
2.030896e+01 2.346256e-02 -2.159265e-08
2.030896e+01 3.503514e-02 -9.714337e-08
2.030896e+01 5.263151e-02 -1.658866e-07
2.030896e+01 7.314235e-02 -3.129951e-07
2.030896e+01 1.025928e-01 -5.190244e-07
2.030896e+01 1.448116e-01 -9.1947e-07
2.030896e+01 2.023460e-01 -1.457783e-06
2.030896e+01 2.834245e-01 -2.043601e-06
2.030896e+01 3.967448e-01 -3.120296e-06
2.030896e+01 5.552783e-01 -4.803729e-06
2.030896e+01 7.774819e-01 -7.392530e-06
2.030896e+01 1.088445e+00 -1.052897e-05
2.030896e+01 1.523711e+00 -1.523605e-05
2.030896e+01 2.088426e+00 -2.056005e-05
2.030896e+01 2.685505e+00 -2.010768e-05
2.073514e+01 1.570796e-02 -1.449744e-08
2.073514e+01 2.346256e-02 -9.022274e-09
2.073514e+01 3.503514e-02 -5.584321e-08
2.073514e+01 5.263151e-02 -1.030095e-07
2.073514e+01 7.314235e-02 -2.023313e-07
2.073514e+01 1.025928e-01 -3.161913e-07
2.073514e+01 1.448116e-01 -5.654504e-07
2.073514e+01 2.023460e-01 -9.112734e-07
2.073514e+01 2.834245e-01 -1.256228e-06
2.073514e+01 3.967448e-01 -1.938327e-06
2.073514e+01 5.552783e-01 -2.977002e-06
2.073514e+01 7.774819e-01 -4.622035e-06
2.073514e+01 1.088445e+00 -6.655916e-06
2.073514e+01 1.523711e+00 -9.916141e-06
2.073514e+01 2.088426e+00 -1.328193e-05
2.073514e+01 2.685505e+00 -1.264761e-05
2.116984e+01 1.570796e-02 4.948528e-10
2.116984e+01 2.346256e-02 1.260279e-09
2.116984e+01 3.503514e-02 2.543768e-09
2.116984e+01 5.263151e-02 5.219433e-09
2.116984e+01 7.314235e-02 1.091235e-08
2.116984e+01 1.025928e-01 1.625737e-08
2.116984e+01 1.448116e-01 2.753004e-08
2.116984e+01 2.023460e-01 4.011401e-08
2.116984e+01 2.834245e-01 5.8063e-08
2.116984e+01 3.967448e-01 8.098346e-08
2.116984e+01 5.552783e-01 1.104896e-07
2.116984e+01 7.774819e-01 1.393321e-07
2.116984e+01 1.088445e+00 1.489153e-07
2.116984e+01 1.523711e+00 1.225023e-07
2.116984e+01 2.088426e+00 7.665579e-08
2.116984e+01 2.685505e+00 3.688644e-08
2.161324e+01 1.570796e-02 4.682189e-10
2.161324e+01 2.346256e-02 1.190992e-09
2.161324e+01 3.503514e-02 2.406582e-09
2.161324e+01 5.263151e-02 4.932412e-09
2.161324e+01 7.314235e-02 1.032061e-08
2.161324e+01 1.025928e-01 1.537068e-08
2.161324e+01 1.448116e-01 2.605582e-08
2.161324e+01 2.023460e-01 3.806068e-08
2.161324e+01 2.834245e-01 5.535368e-08
2.161324e+01 3.967448e-01 7.76929e-08
2.161324e+01 5.552783e-01 1.067525e-07
2.161324e+01 7.774819e-01 1.354068e-07
2.161324e+01 1.088445e+00 1.454801e-07
2.161324e+01 1.523711e+00 1.204938e-07
2.161324e+01 2.088426e+00 7.586623e-08
2.161324e+01 2.685505e+00 3.662399e-08
2.206550e+01 1.570796e-02 4.419177e-10
2.206550e+01 2.346256e-02 1.123396e-09
2.206550e+01 3.503514e-02 2.271761e-09
2.206550e+01 5.263151e-02 4.652363e-09
2.206550e+01 7.314235e-02 9.742241e-09
2.206550e+01 1.025928e-01 1.450549e-08
2.206550e+01 1.448116e-01 2.461305e-08
2.206550e+01 2.023460e-01 3.605977e-08
2.206550e+01 2.834245e-01 5.271039e-08
2.206550e+01 3.967448e-01 7.446531e-08
2.206550e+01 5.552783e-01 1.030049e-07
2.206550e+01 7.774819e-01 1.313623e-07
2.206550e+01 1.088445e+00 1.419543e-07
2.206550e+01 1.523711e+00 1.184431e-07
2.206550e+01 2.088426e+00 7.523239e-08
2.206550e+01 2.685505e+00 3.635558e-08
2.252681e+01 1.570796e-02 4.161151e-10
2.252681e+01 2.346256e-02 1.057434e-09
2.252681e+01 3.503514e-02 2.140346e-09
2.252681e+01 5.263151e-02 4.378011e-09
2.252681e+01 7.314235e-02 9.176327e-09
2.252681e+01 1.025928e-01 1.366072e-08
2.252681e+01 1.448116e-01 2.321088e-08
2.252681e+01 2.023460e-01 3.410253e-08
2.252681e+01 2.834245e-01 5.011510e-08
2.252681e+01 3.967448e-01 7.128874e-08
2.252681e+01 5.552783e-01 9.925564e-08
2.252681e+01 7.774819e-01 1.272304e-07
2.252681e+01 1.088445e+00 1.382977e-07
2.252681e+01 1.523711e+00 1.16537e-07
2.252681e+01 2.088426e+00 7.478246e-08
2.252681e+01 2.685505e+00 3.613895e-08
2.299735e+01 1.570796e-02 3.908839e-10
2.299735e+01 2.346256e-02 9.932796e-10
2.299735e+01 3.503514e-02 2.011468e-09
2.299735e+01 5.263151e-02 4.110453e-09
2.299735e+01 7.314235e-02 8.625348e-09
2.299735e+01 1.025928e-01 1.283645e-08
2.299735e+01 1.448116e-01 2.184481e-08
2.299735e+01 2.023460e-01 3.219491e-08
2.299735e+01 2.834245e-01 4.758522e-08
2.299735e+01 3.967448e-01 6.814476e-08
2.299735e+01 5.552783e-01 9.544525e-08
2.299735e+01 7.774819e-01 1.229788e-07
2.299735e+01 1.088445e+00 1.344753e-07
2.299735e+01 1.523711e+00 1.145924e-07
2.299735e+01 2.088426e+00 7.444403e-08
2.299735e+01 2.685505e+00 3.586561e-08
2.34773e+01 1.570796e-02 3.662966e-10
2.34773e+01 2.346256e-02 9.314443e-10
2.34773e+01 3.503514e-02 1.885789e-09
2.34773e+01 5.263151e-02 3.85092e-09
2.34773e+01 7.314235e-02 8.08803e-09
2.34773e+01 1.025928e-01 1.203248e-08
2.34773e+01 1.448116e-01 2.051306e-08
2.34773e+01 2.023460e-01 3.034214e-08
2.34773e+01 2.834245e-01 4.510679e-08
2.34773e+01 3.967448e-01 6.502109e-08
2.34773e+01 5.552783e-01 9.159649e-08
2.34773e+01 7.774819e-01 1.186017e-07
2.34773e+01 1.088445e+00 1.306042e-07
2.34773e+01 1.523711e+00 1.126321e-07
2.34773e+01 2.088426e+00 7.421658e-08
2.34773e+01 2.685505e+00 3.565688e-08
2.396684e+01 1.570796e-02 3.424392e-10
2.396684e+01 2.346256e-02 8.717619e-10
2.396684e+01 3.503514e-02 1.763254e-09
2.396684e+01 5.263151e-02 3.599168e-09
2.396684e+01 7.314235e-02 7.564732e-09
2.396684e+01 1.025928e-01 1.125385e-08
2.396684e+01 1.448116e-01 1.921557e-08
2.396684e+01 2.023460e-01 2.854229e-08
2.396684e+01 2.834245e-01 4.267419e-08
2.396684e+01 3.967448e-01 6.190618e-08
2.396684e+01 5.552783e-01 8.770651e-08
2.396684e+01 7.774819e-01 1.14134e-07
2.396684e+01 1.088445e+00 1.265904e-07
2.396684e+01 1.523711e+00 1.107360e-07
2.396684e+01 2.088426e+00 7.400546e-08
2.396684e+01 2.685505e+00 3.555671e-08
2.446618e+01 1.570796e-02 3.192495e-10
2.446618e+01 2.346256e-02 8.129273e-10
2.446618e+01 3.503514e-02 1.643952e-09
2.446618e+01 5.263151e-02 3.354315e-09
2.446618e+01 7.314235e-02 7.056739e-09
2.446618e+01 1.025928e-01 1.049839e-08
2.446618e+01 1.448116e-01 1.795697e-08
2.446618e+01 2.023460e-01 2.678437e-08
2.446618e+01 2.834245e-01 4.02877e-08
2.446618e+01 3.967448e-01 5.880072e-08
2.446618e+01 5.552783e-01 8.373973e-08
2.446618e+01 7.774819e-01 1.095091e-07
2.446618e+01 1.088445e+00 1.224721e-07
2.446618e+01 1.523711e+00 1.087797e-07
2.446618e+01 2.088426e+00 7.398776e-08
2.446618e+01 2.685505e+00 3.548899e-08
2.497550e+01 1.570796e-02 2.966756e-10
2.497550e+01 2.346256e-02 7.561241e-10
2.497550e+01 3.503514e-02 1.52803e-09
2.497550e+01 5.263151e-02 3.116257e-09
2.497550e+01 7.314235e-02 6.563195e-09
2.497550e+01 1.025928e-01 9.763209e-09
2.497550e+01 1.448116e-01 1.673009e-08
2.497550e+01 2.023460e-01 2.507624e-08
2.497550e+01 2.834245e-01 3.793641e-08
2.497550e+01 3.967448e-01 5.568335e-08
2.497550e+01 5.552783e-01 7.970307e-08
2.497550e+01 7.774819e-01 1.047675e-07
2.497550e+01 1.088445e+00 1.181882e-07
2.497550e+01 1.523711e+00 1.067649e-07
2.497550e+01 2.088426e+00 7.397566e-08
2.497550e+01 2.685505e+00 3.577513e-08
2.549501e+01 1.570796e-02 2.747447e-10
2.549501e+01 2.346256e-02 7.012292e-10
2.549501e+01 3.503514e-02 1.415158e-09
2.549501e+01 5.263151e-02 2.885479e-09
2.549501e+01 7.314235e-02 6.081559e-09
2.549501e+01 1.025928e-01 9.053864e-09
2.549501e+01 1.448116e-01 1.553500e-08
2.549501e+01 2.023460e-01 2.34023e-08
2.549501e+01 2.834245e-01 3.560460e-08
2.549501e+01 3.967448e-01 5.254271e-08
2.549501e+01 5.552783e-01 7.558127e-08
2.549501e+01 7.774819e-01 9.990025e-08
2.549501e+01 1.088445e+00 1.13769e-07
2.549501e+01 1.523711e+00 1.046113e-07
2.549501e+01 2.088426e+00 7.402914e-08
2.549501e+01 2.685505e+00 3.620406e-08
2.602491e+01 1.570796e-02 2.533437e-10
2.602491e+01 2.346256e-02 6.475620e-10
2.602491e+01 3.503514e-02 1.304727e-09
2.602491e+01 5.263151e-02 2.661077e-09
2.602491e+01 7.314235e-02 5.613206e-09
2.602491e+01 1.025928e-01 8.361588e-09
2.602491e+01 1.448116e-01 1.436956e-08
2.602491e+01 2.023460e-01 2.175745e-08
2.602491e+01 2.834245e-01 3.328571e-08
2.602491e+01 3.967448e-01 4.937461e-08
2.602491e+01 5.552783e-01 7.138569e-08
2.602491e+01 7.774819e-01 9.489680e-08
2.602491e+01 1.088445e+00 1.09143e-07
2.602491e+01 1.523711e+00 1.023431e-07
2.602491e+01 2.088426e+00 7.418333e-08
2.602491e+01 2.685505e+00 3.688425e-08
2.656541e+01 1.570796e-02 2.324849e-10
2.656541e+01 2.346256e-02 5.953958e-10
2.656541e+01 3.503514e-02 1.197206e-09
2.656541e+01 5.263151e-02 2.442784e-09
2.656541e+01 7.314235e-02 5.157498e-09
2.656541e+01 1.025928e-01 7.687251e-09
2.656541e+01 1.448116e-01 1.323109e-08
2.656541e+01 2.023460e-01 2.014235e-08
2.656541e+01 2.834245e-01 3.097629e-08
2.656541e+01 3.967448e-01 4.617913e-08
2.656541e+01 5.552783e-01 6.708344e-08
2.656541e+01 7.774819e-01 8.968938e-08
2.656541e+01 1.088445e+00 1.043295e-07
2.656541e+01 1.523711e+00 9.982668e-08
2.656541e+01 2.088426e+00 7.438693e-08
2.656541e+01 2.685505e+00 3.787389e-08
2.711672e+01 1.570796e-02 2.122124e-10
2.711672e+01 2.346256e-02 5.441859e-10
2.711672e+01 3.503514e-02 1.092655e-09
2.711672e+01 5.263151e-02 2.230223e-09
2.711672e+01 7.314235e-02 4.713618e-09
2.711672e+01 1.025928e-01 7.030424e-09
2.711672e+01 1.448116e-01 1.212154e-08
2.711672e+01 2.023460e-01 1.855328e-08
2.711672e+01 2.834245e-01 2.868622e-08
2.711672e+01 3.967448e-01 4.295055e-08
2.711672e+01 5.552783e-01 6.269273e-08
2.711672e+01 7.774819e-01 8.431621e-08
2.711672e+01 1.088445e+00 9.920926e-08
2.711672e+01 1.523711e+00 9.703013e-08
2.711672e+01 2.088426e+00 7.441927e-08
2.711672e+01 2.685505e+00 3.912764e-08
2.767905e+01 1.570796e-02 1.924179e-10
2.767905e+01 2.346256e-02 4.948194e-10
2.767905e+01 3.503514e-02 9.907936e-10
2.767905e+01 5.263151e-02 2.023724e-09
2.767905e+01 7.314235e-02 4.281609e-09
2.767905e+01 1.025928e-01 6.393001e-09
2.767905e+01 1.448116e-01 1.103414e-08
2.767905e+01 2.023460e-01 1.698311e-08
2.767905e+01 2.834245e-01 2.638873e-08
2.767905e+01 3.967448e-01 3.967827e-08
2.767905e+01 5.552783e-01 5.81961e-08
2.767905e+01 7.774819e-01 7.871848e-08
2.767905e+01 1.088445e+00 9.380430e-08
2.767905e+01 1.523711e+00 9.379631e-08
2.767905e+01 2.088426e+00 7.437062e-08
2.767905e+01 2.685505e+00 4.069426e-08
2.825263e+01 1.570796e-02 1.731910e-10
2.825263e+01 2.346256e-02 4.462942e-10
2.825263e+01 3.503514e-02 8.912973e-10
2.825263e+01 5.263151e-02 1.82227e-09
2.825263e+01 7.314235e-02 3.859892e-09
2.825263e+01 1.025928e-01 5.769177e-09
2.825263e+01 1.448116e-01 9.975897e-09
2.825263e+01 2.023460e-01 1.542993e-08
2.825263e+01 2.834245e-01 2.409490e-08
2.825263e+01 3.967448e-01 3.637687e-08
2.825263e+01 5.552783e-01 5.358135e-08
2.825263e+01 7.774819e-01 7.296958e-08
2.825263e+01 1.088445e+00 8.801794e-08
2.825263e+01 1.523711e+00 9.018456e-08
2.825263e+01 2.088426e+00 7.410527e-08
2.825263e+01 2.685505e+00 4.270275e-08
2.883769e+01 1.570796e-02 1.544255e-10
2.883769e+01 2.346256e-02 3.989017e-10
2.883769e+01 3.503514e-02 7.945948e-10
2.883769e+01 5.263151e-02 1.626517e-09
2.883769e+01 7.314235e-02 3.448593e-09
2.883769e+01 1.025928e-01 5.161993e-09
2.883769e+01 1.448116e-01 8.937752e-09
2.883769e+01 2.023460e-01 1.389457e-08
2.883769e+01 2.834245e-01 2.179561e-08
2.883769e+01 3.967448e-01 3.301623e-08
2.883769e+01 5.552783e-01 4.886418e-08
2.883769e+01 7.774819e-01 6.696883e-08
2.883769e+01 1.088445e+00 8.187571e-08
2.883769e+01 1.523711e+00 8.593372e-08
2.883769e+01 2.088426e+00 7.342362e-08
2.883769e+01 2.685505e+00 4.496431e-08
2.943444e+01 1.570796e-02 1.361186e-10
2.943444e+01 2.346256e-02 3.524807e-10
2.943444e+01 3.503514e-02 7.001568e-10
2.943444e+01 5.263151e-02 1.434938e-09
2.943444e+01 7.314235e-02 3.047471e-09
2.943444e+01 1.025928e-01 4.568501e-09
2.943444e+01 1.448116e-01 7.920074e-09
2.943444e+01 2.023460e-01 1.237392e-08
2.943444e+01 2.834245e-01 1.949051e-08
2.943444e+01 3.967448e-01 2.961941e-08
2.943444e+01 5.552783e-01 4.403655e-08
2.943444e+01 7.774819e-01 6.075625e-08
2.943444e+01 1.088445e+00 7.530593e-08
2.943444e+01 1.523711e+00 8.110960e-08
2.943444e+01 2.088426e+00 7.226518e-08
2.943444e+01 2.685505e+00 4.750731e-08
3.004313e+01 1.570796e-02 1.182332e-10
3.004313e+01 2.346256e-02 3.071674e-10
3.004313e+01 3.503514e-02 6.084092e-10
3.004313e+01 5.263151e-02 1.248441e-09
3.004313e+01 7.314235e-02 2.655664e-09
3.004313e+01 1.025928e-01 3.986850e-09
3.004313e+01 1.448116e-01 6.920681e-09
3.004313e+01 2.023460e-01 1.086499e-08
3.004313e+01 2.834245e-01 1.718597e-08
3.004313e+01 3.967448e-01 2.618375e-08
3.004313e+01 5.552783e-01 3.910478e-08
3.004313e+01 7.774819e-01 5.428251e-08
3.004313e+01 1.088445e+00 6.824148e-08
3.004313e+01 1.523711e+00 7.543701e-08
3.004313e+01 2.088426e+00 7.036925e-08
3.004313e+01 2.685505e+00 4.99065e-08
3.066399e+01 1.570796e-02 1.009756e-10
3.066399e+01 2.346256e-02 2.63024e-10
3.066399e+01 3.503514e-02 5.188798e-10
3.066399e+01 5.263151e-02 1.066565e-09
3.066399e+01 7.314235e-02 2.272536e-09
3.066399e+01 1.025928e-01 3.416562e-09
3.066399e+01 1.448116e-01 5.940186e-09
3.066399e+01 2.023460e-01 9.371027e-09
3.066399e+01 2.834245e-01 1.487674e-08
3.066399e+01 3.967448e-01 2.2715e-08
3.066399e+01 5.552783e-01 3.407161e-08
3.066399e+01 7.774819e-01 4.760122e-08
3.066399e+01 1.088445e+00 6.070751e-08
3.066399e+01 1.523711e+00 6.899877e-08
3.066399e+01 2.088426e+00 6.753352e-08
3.066399e+01 2.685505e+00 5.197214e-08
3.129727e+01 1.570796e-02 8.406455e-11
3.129727e+01 2.346256e-02 2.199513e-10
3.129727e+01 3.503514e-02 4.318826e-10
3.129727e+01 5.263151e-02 8.895062e-10
3.129727e+01 7.314235e-02 1.898416e-09
3.129727e+01 1.025928e-01 2.858860e-09
3.129727e+01 1.448116e-01 4.977791e-09
3.129727e+01 2.023460e-01 7.886087e-09
3.129727e+01 2.834245e-01 1.256349e-08
3.129727e+01 3.967448e-01 1.922396e-08
3.129727e+01 5.552783e-01 2.895018e-08
3.129727e+01 7.774819e-01 4.068354e-08
3.129727e+01 1.088445e+00 5.265046e-08
3.129727e+01 1.523711e+00 6.159657e-08
3.129727e+01 2.088426e+00 6.34535e-08
3.129727e+01 2.685505e+00 5.314377e-08
3.194322e+01 1.570796e-02 6.767466e-11
3.194322e+01 2.346256e-02 1.774333e-10
3.194322e+01 3.503514e-02 3.471013e-10
3.194322e+01 5.263151e-02 7.166060e-10
3.194322e+01 7.314235e-02 1.53255e-09
3.194322e+01 1.025928e-01 2.311221e-09
3.194322e+01 1.448116e-01 4.030363e-09
3.194322e+01 2.023460e-01 6.412594e-09
3.194322e+01 2.834245e-01 1.02463e-08
3.194322e+01 3.967448e-01 1.570616e-08
3.194322e+01 5.552783e-01 2.374453e-08
3.194322e+01 7.774819e-01 3.358700e-08
3.194322e+01 1.088445e+00 4.407648e-08
3.194322e+01 1.523711e+00 5.313906e-08
3.194322e+01 2.088426e+00 5.774302e-08
3.194322e+01 2.685505e+00 5.295013e-08
3.260208e+01 1.570796e-02 5.17523e-11
3.260208e+01 2.346256e-02 1.361982e-10
3.260208e+01 3.503514e-02 2.649739e-10
3.260208e+01 5.263151e-02 5.484840e-10
3.260208e+01 7.314235e-02 1.175635e-09
3.260208e+01 1.025928e-01 1.775701e-09
3.260208e+01 1.448116e-01 3.100603e-09
3.260208e+01 2.023460e-01 4.952257e-09
3.260208e+01 2.834245e-01 7.935080e-09
3.260208e+01 3.967448e-01 1.218253e-08
3.260208e+01 5.552783e-01 1.846898e-08
3.260208e+01 7.774819e-01 2.629804e-08
3.260208e+01 1.088445e+00 3.496744e-08
3.260208e+01 1.523711e+00 4.345245e-08
3.260208e+01 2.088426e+00 4.999044e-08
3.260208e+01 2.685505e+00 5.020886e-08
3.327412e+01 1.570796e-02 3.618432e-11
3.327412e+01 2.346256e-02 9.566473e-11
3.327412e+01 3.503514e-02 1.853102e-10
3.327412e+01 5.263151e-02 3.842808e-10
3.327412e+01 7.314235e-02 8.253159e-10
3.327412e+01 1.025928e-01 1.248851e-09
3.327412e+01 1.448116e-01 2.184347e-09
3.327412e+01 2.023460e-01 3.502926e-09
3.327412e+01 2.834245e-01 5.628602e-09
3.327412e+01 3.967448e-01 8.650611e-09
3.327412e+01 5.552783e-01 1.316401e-08
3.327412e+01 7.774819e-01 1.885728e-08
3.327412e+01 1.088445e+00 2.539369e-08
3.327412e+01 1.523711e+00 3.253564e-08
3.327412e+01 2.088426e+00 3.973566e-08
3.327412e+01 2.685505e+00 4.368266e-08
3.395961e+01 1.570796e-02 2.206475e-11
3.395961e+01 2.346256e-02 5.848443e-11
3.395961e+01 3.503514e-02 1.127272e-10
3.395961e+01 5.263151e-02 2.345063e-10
3.395961e+01 7.314235e-02 5.0475e-10
3.395961e+01 1.025928e-01 7.637155e-10
3.395961e+01 1.448116e-01 1.333636e-09
3.395961e+01 2.023460e-01 2.134498e-09
3.395961e+01 2.834245e-01 3.418184e-09
3.395961e+01 3.967448e-01 5.223477e-09
3.395961e+01 5.552783e-01 7.914173e-09
3.395961e+01 7.774819e-01 1.134447e-08
3.395961e+01 1.088445e+00 1.540168e-08
3.395961e+01 1.523711e+00 2.027662e-08
3.395961e+01 2.088426e+00 2.616040e-08
3.395961e+01 2.685505e+00 3.098084e-08
3.46588e+01 1.570796e-02 7.088124e-12
3.46588e+01 2.346256e-02 1.631589e-11
3.46588e+01 3.503514e-02 3.720002e-11
3.46588e+01 5.263151e-02 7.112922e-11
3.46588e+01 7.314235e-02 1.565343e-10
3.46588e+01 1.025928e-01 2.358672e-10
3.46588e+01 1.448116e-01 4.134419e-10
3.46588e+01 2.023460e-01 6.729374e-10
3.46588e+01 2.834245e-01 1.090478e-09
3.46588e+01 3.967448e-01 1.684437e-09
3.46588e+01 5.552783e-01 2.569219e-09
3.46588e+01 7.774819e-01 3.719101e-09
3.46588e+01 1.088445e+00 5.124027e-09
3.46588e+01 1.523711e+00 6.931830e-09
3.46588e+01 2.088426e+00 9.443600e-09
3.46588e+01 2.685505e+00 1.211794e-08
3.537197e+01 1.570796e-02 0.e+00
3.537197e+01 2.346256e-02 0.e+00
3.537197e+01 3.503514e-02 0.e+00
3.537197e+01 5.263151e-02 0.e+00
3.537197e+01 7.314235e-02 0.e+00
3.537197e+01 1.025928e-01 0.e+00
3.537197e+01 1.448116e-01 0.e+00
3.537197e+01 2.023460e-01 0.e+00
3.537197e+01 2.834245e-01 0.e+00
3.537197e+01 3.967448e-01 0.e+00
3.537197e+01 5.552783e-01 0.e+00
3.537197e+01 7.774819e-01 0.e+00
3.537197e+01 1.088445e+00 0.e+00
3.537197e+01 1.523711e+00 0.e+00
3.537197e+01 2.088426e+00 0.e+00
3.537197e+01 2.685505e+00 0.e+00
