9.419703e-04 6.835735e-04
9.641256e-04 7.429571e-04
9.873482e-04 8.091414e-04
1.011717e-03 8.831029e-04
1.037319e-03 9.659884e-04
1.064251e-03 1.059150e-03
1.092618e-03 1.164189e-03
1.12254e-03 1.283009e-03
1.154146e-03 1.417886e-03
1.187583e-03 1.571554e-03
1.223015e-03 1.747315e-03
1.260627e-03 1.949177e-03
1.300626e-03 2.182038e-03
1.343246e-03 2.451922e-03
1.388754e-03 2.766282e-03
1.437454e-03 3.134417e-03
1.489693e-03 3.568008e-03
1.545873e-03 4.081861e-03
1.606456e-03 4.694907e-03
1.671981e-03 5.431588e-03
1.743078e-03 6.323792e-03
1.820491e-03 7.413604e-03
1.905099e-03 8.757255e-03
1.997956e-03 1.043091e-02
2.100327e-03 1.253926e-02
2.213756e-03 1.522865e-02
2.340136e-03 1.870739e-02
2.481819e-03 2.327807e-02
2.641764e-03 2.939051e-02
2.823746e-03 3.773094e-02
3.032654e-03 4.937768e-02
3.274943e-03 6.608412e-02
3.559308e-03 9.081703e-02
3.897752e-03 1.288378e-01
4.307322e-03 1.900187e-01
4.813074e-03 2.942058e-01
5.453393e-03 4.848976e-01
6.290228e-03 8.687004e-01
7.430448e-03 1.749341e+00
9.075559e-03 4.200267e+00
1.165628e-02 1.354701e+01
1.628788e-02 7.972813e+01
2.702703e-02 8.465132e+01
2.74937e-02 8.775237e+01
2.804357e-02 8.671239e+01
2.860444e-02 8.565056e+01
2.917653e-02 8.466984e+01
2.976006e-02 8.368797e+01
3.035526e-02 8.266842e+01
3.096237e-02 8.161523e+01
3.158162e-02 8.053302e+01
3.221325e-02 7.942532e+01
3.285751e-02 7.829697e+01
3.351466e-02 7.715698e+01
3.418496e-02 7.603828e+01
3.486866e-02 7.492319e+01
3.556603e-02 7.37887e+01
3.627735e-02 7.263785e+01
3.70029e-02 7.147502e+01
3.774296e-02 7.030424e+01
3.849782e-02 6.912975e+01
3.926777e-02 6.795551e+01
4.005313e-02 6.678892e+01
4.085418e-02 6.562868e+01
4.167127e-02 6.447093e+01
4.25047e-02 6.331628e+01
4.335479e-02 6.216592e+01
4.422188e-02 6.101963e+01
4.510632e-02 5.987706e+01
4.600845e-02 5.873555e+01
4.692862e-02 5.759125e+01
4.786718e-02 5.643771e+01
4.882453e-02 5.52656e+01
4.980102e-02 5.406168e+01
5.079706e-02 5.280956e+01
5.181299e-02 5.148524e+01
5.284923e-02 5.006215e+01
5.390623e-02 4.850888e+01
5.498436e-02 4.679011e+01
5.608405e-02 4.487088e+01
5.720572e-02 4.26746e+01
5.834983e-02 4.027068e+01
5.951683e-02 3.762153e+01
6.070717e-02 3.476833e+01
6.192131e-02 3.177164e+01
6.315974e-02 2.869809e+01
6.442294e-02 2.56807e+01
6.57114e-02 2.280169e+01
6.702561e-02 2.015137e+01
6.836611e-02 1.778692e+01
6.973345e-02 1.576052e+01
7.112811e-02 1.407082e+01
7.255067e-02 1.271739e+01
7.400172e-02 1.168846e+01
7.548172e-02 1.096539e+01
7.699136e-02 1.05321e+01
7.853121e-02 1.034743e+01
8.010183e-02 1.047666e+01
8.170389e-02 1.088204e+01
8.333792e-02 1.158269e+01
8.500467e-02 1.260277e+01
8.670478e-02 1.396646e+01
8.843891e-02 1.573955e+01
9.020769e-02 1.797025e+01
9.201181e-02 2.073604e+01
9.385205e-02 2.410885e+01
9.572909e-02 2.818335e+01
9.764367e-02 3.309661e+01
9.959654e-02 3.897602e+01
1.015885e-01 4.598323e+01
1.036203e-01 5.425097e+01
1.056926e-01 6.397808e+01
1.078065e-01 7.549002e+01
1.099626e-01 8.892543e+01
1.121619e-01 1.046098e+02
1.144051e-01 1.228559e+02
1.166932e-01 1.439451e+02
1.190271e-01 1.682103e+02
1.214076e-01 1.957545e+02
1.238358e-01 2.266242e+02
1.263125e-01 2.602513e+02
1.288388e-01 2.960133e+02
1.314155e-01 3.336439e+02
1.340438e-01 3.731613e+02
1.367247e-01 4.144286e+02
1.394592e-01 4.571871e+02
1.422484e-01 5.011025e+02
1.450934e-01 5.460283e+02
1.479952e-01 5.942875e+02
1.509551e-01 6.413363e+02
1.539742e-01 6.894418e+02
1.570537e-01 7.379955e+02
1.601948e-01 7.870907e+02
1.633987e-01 8.372287e+02
1.666667e-01 8.869301e+02
