5.e+00 0.e+00
5.12e+00 0.e+00
5.2424e+00 0.e+00
5.367248e+00 0.e+00
5.494593e+00 0.e+00
5.624485e+00 7.626278e-05
5.756975e+00 1.246211e-03
5.892114e+00 6.872997e-03
6.029956e+00 2.408609e-02
6.170555e+00 5.518652e-02
6.313967e+00 1.021007e-01
6.460246e+00 1.625554e-01
6.609451e+00 2.28718e-01
6.76164e+00 2.956931e-01
6.916873e+00 3.607510e-01
7.075210e+00 4.211895e-01
7.236714e+00 4.769749e-01
7.401449e+00 5.283191e-01
7.569477e+00 5.756672e-01
7.740867e+00 6.190666e-01
7.915684e+00 6.587034e-01
8.093998e+00 6.956471e-01
8.275878e+00 7.285096e-01
8.461396e+00 7.583595e-01
8.650623e+00 7.854884e-01
8.843636e+00 8.098502e-01
9.040509e+00 8.318181e-01
9.241319e+00 8.517825e-01
9.446145e+00 8.698803e-01
9.655068e+00 8.859323e-01
9.86817e+00 9.002988e-01
1.008553e+01 9.13928e-01
1.030724e+01 9.253868e-01
1.053339e+01 9.354929e-01
1.076406e+01 9.445063e-01
1.099934e+01 9.525313e-01
1.123932e+01 9.594817e-01
1.148411e+01 9.655601e-01
1.173379e+01 9.709498e-01
1.198847e+01 9.755443e-01
1.224824e+01 9.794691e-01
1.251320e+01 9.828840e-01
1.278347e+01 9.859231e-01
1.305914e+01 9.883313e-01
1.334032e+01 9.903756e-01
1.362713e+01 9.921127e-01
1.391967e+01 9.935691e-01
1.421806e+01 9.947671e-01
1.452242e+01 9.957592e-01
1.483287e+01 9.965896e-01
1.514953e+01 9.972637e-01
1.547252e+01 9.978123e-01
1.580197e+01 9.982635e-01
1.613801e+01 9.986274e-01
1.648077e+01 9.989111e-01
1.683038e+01 9.991410e-01
1.718699e+01 9.993259e-01
1.755073e+01 9.994653e-01
1.792175e+01 9.995653e-01
1.830018e+01 9.996405e-01
1.868618e+01 9.996951e-01
1.907991e+01 9.997317e-01
1.948151e+01 9.997535e-01
1.989114e+01 9.997669e-01
2.030896e+01 9.997756e-01
2.073514e+01 9.997806e-01
2.116984e+01 9.997862e-01
2.161324e+01 9.997860e-01
2.206550e+01 9.997860e-01
2.252681e+01 9.99786e-01
2.299735e+01 9.997859e-01
2.34773e+01 9.997859e-01
2.396684e+01 9.997853e-01
2.446618e+01 9.997849e-01
2.497550e+01 9.997849e-01
2.549501e+01 9.997849e-01
2.602491e+01 9.997848e-01
2.656541e+01 9.997848e-01
2.711672e+01 9.997846e-01
2.767905e+01 9.997846e-01
2.825263e+01 9.997845e-01
2.883769e+01 9.997845e-01
2.943444e+01 9.997845e-01
3.004313e+01 9.997807e-01
3.066399e+01 9.997807e-01
3.129727e+01 9.997806e-01
3.194322e+01 9.997805e-01
3.260208e+01 9.997803e-01
3.327412e+01 9.997803e-01
3.395961e+01 9.997802e-01
3.46588e+01 9.997802e-01
3.537197e+01 9.997802e-01
