9.419703e-04 6.835805e-04
9.641256e-04 7.429647e-04
9.873482e-04 8.091497e-04
1.011717e-03 8.83112e-04
1.037319e-03 9.659984e-04
1.064251e-03 1.059161e-03
1.092618e-03 1.164201e-03
1.12254e-03 1.283022e-03
1.154146e-03 1.417901e-03
1.187583e-03 1.571570e-03
1.223015e-03 1.747333e-03
1.260627e-03 1.949197e-03
1.300626e-03 2.182061e-03
1.343246e-03 2.451947e-03
1.388754e-03 2.766311e-03
1.437454e-03 3.134449e-03
1.489693e-03 3.568045e-03
1.545873e-03 4.081903e-03
1.606456e-03 4.694956e-03
1.671981e-03 5.431643e-03
1.743078e-03 6.323857e-03
1.820491e-03 7.413680e-03
1.905099e-03 8.757345e-03
1.997956e-03 1.043101e-02
2.100327e-03 1.253939e-02
2.213756e-03 1.522881e-02
2.340136e-03 1.870758e-02
2.481819e-03 2.327831e-02
2.641764e-03 2.939081e-02
2.823746e-03 3.773132e-02
3.032654e-03 4.937818e-02
3.274943e-03 6.60848e-02
3.559308e-03 9.081797e-02
3.897752e-03 1.288392e-01
4.307322e-03 1.900207e-01
4.813074e-03 2.942088e-01
5.453393e-03 4.849025e-01
6.290228e-03 8.687093e-01
7.430448e-03 1.749359e+00
9.075559e-03 4.200310e+00
1.165628e-02 1.354715e+01
1.628788e-02 7.972895e+01
2.702703e-02 8.465219e+01
2.74937e-02 8.775327e+01
2.804357e-02 8.67132e+01
2.860444e-02 8.565147e+01
2.917653e-02 8.467052e+01
2.976006e-02 8.368855e+01
3.035526e-02 8.266899e+01
3.096237e-02 8.161587e+01
3.158162e-02 8.053337e+01
3.221325e-02 7.942576e+01
3.285751e-02 7.829736e+01
3.351466e-02 7.715743e+01
3.418496e-02 7.60386e+01
3.486866e-02 7.492345e+01
3.556603e-02 7.378893e+01
3.627735e-02 7.263799e+01
3.70029e-02 7.147517e+01
3.774296e-02 7.030444e+01
3.849782e-02 6.912983e+01
3.926777e-02 6.795557e+01
4.005313e-02 6.678902e+01
4.085418e-02 6.56287e+01
4.167127e-02 6.447092e+01
4.25047e-02 6.331627e+01
4.335479e-02 6.216577e+01
4.422188e-02 6.10197e+01
4.510632e-02 5.987693e+01
4.600845e-02 5.873532e+01
4.692862e-02 5.759078e+01
4.786718e-02 5.643719e+01
4.882453e-02 5.526513e+01
4.980102e-02 5.406095e+01
5.079706e-02 5.28088e+01
5.181299e-02 5.148449e+01
5.284923e-02 5.006139e+01
5.390623e-02 4.850811e+01
5.498436e-02 4.678928e+01
5.608405e-02 4.486935e+01
5.720572e-02 4.267316e+01
5.834983e-02 4.026854e+01
5.951683e-02 3.761841e+01
6.070717e-02 3.476468e+01
6.192131e-02 3.176549e+01
6.315974e-02 2.868999e+01
6.442294e-02 2.567206e+01
6.57114e-02 2.279128e+01
6.702561e-02 2.013973e+01
6.836611e-02 1.777552e+01
6.973345e-02 1.575054e+01
7.112811e-02 1.406226e+01
7.255067e-02 1.271038e+01
7.400172e-02 1.168262e+01
7.548172e-02 1.096163e+01
7.699136e-02 1.053016e+01
7.853121e-02 1.034795e+01
8.010183e-02 1.048078e+01
8.170389e-02 1.08885e+01
8.333792e-02 1.15932e+01
8.500467e-02 1.261588e+01
8.670478e-02 1.398378e+01
8.843891e-02 1.576006e+01
9.020769e-02 1.799529e+01
9.201181e-02 2.076602e+01
9.385205e-02 2.414205e+01
9.572909e-02 2.822048e+01
9.764367e-02 3.314011e+01
9.959654e-02 3.902161e+01
1.015885e-01 4.603333e+01
1.036203e-01 5.430397e+01
1.056926e-01 6.403332e+01
1.078065e-01 7.55399e+01
1.099626e-01 8.897301e+01
1.121619e-01 1.046565e+02
1.144051e-01 1.228939e+02
1.166932e-01 1.439716e+02
1.190271e-01 1.682273e+02
1.214076e-01 1.957649e+02
1.238358e-01 2.266374e+02
1.263125e-01 2.602503e+02
1.288388e-01 2.959948e+02
1.314155e-01 3.336052e+02
1.340438e-01 3.731082e+02
1.367247e-01 4.143704e+02
1.394592e-01 4.571243e+02
1.422484e-01 5.010161e+02
1.450934e-01 5.459162e+02
1.479952e-01 5.9414e+02
1.509551e-01 6.411541e+02
1.539742e-01 6.892236e+02
1.570537e-01 7.377504e+02
1.601948e-01 7.868133e+02
1.633987e-01 8.36921e+02
1.666667e-01 8.865941e+02
