9.419703e-04 6.835707e-04
9.641256e-04 7.429541e-04
9.873482e-04 8.091381e-04
1.011717e-03 8.830993e-04
1.037319e-03 9.659845e-04
1.064251e-03 1.059146e-03
1.092618e-03 1.164184e-03
1.12254e-03 1.283003e-03
1.154146e-03 1.417880e-03
1.187583e-03 1.571548e-03
1.223015e-03 1.747308e-03
1.260627e-03 1.949169e-03
1.300626e-03 2.182029e-03
1.343246e-03 2.451912e-03
1.388754e-03 2.766271e-03
1.437454e-03 3.134404e-03
1.489693e-03 3.567993e-03
1.545873e-03 4.081845e-03
1.606456e-03 4.694888e-03
1.671981e-03 5.431565e-03
1.743078e-03 6.323766e-03
1.820491e-03 7.413574e-03
1.905099e-03 8.757219e-03
1.997956e-03 1.043086e-02
2.100327e-03 1.253921e-02
2.213756e-03 1.522859e-02
2.340136e-03 1.870731e-02
2.481819e-03 2.327797e-02
2.641764e-03 2.939039e-02
2.823746e-03 3.773078e-02
3.032654e-03 4.937748e-02
3.274943e-03 6.608385e-02
3.559308e-03 9.081666e-02
3.897752e-03 1.288373e-01
4.307322e-03 1.900179e-01
4.813074e-03 2.942046e-01
5.453393e-03 4.848956e-01
6.290228e-03 8.686968e-01
7.430448e-03 1.749334e+00
9.075559e-03 4.20025e+00
1.165628e-02 1.354695e+01
1.628788e-02 7.972780e+01
2.702703e-02 8.465097e+01
2.74937e-02 8.775201e+01
2.804357e-02 8.671204e+01
2.860444e-02 8.565033e+01
2.917653e-02 8.466954e+01
2.976006e-02 8.368784e+01
3.035526e-02 8.266836e+01
3.096237e-02 8.161533e+01
3.158162e-02 8.053294e+01
3.221325e-02 7.942529e+01
3.285751e-02 7.829696e+01
3.351466e-02 7.715693e+01
3.418496e-02 7.603824e+01
3.486866e-02 7.492304e+01
3.556603e-02 7.378876e+01
3.627735e-02 7.263783e+01
3.70029e-02 7.147495e+01
3.774296e-02 7.030425e+01
3.849782e-02 6.912971e+01
3.926777e-02 6.795532e+01
4.005313e-02 6.678889e+01
4.085418e-02 6.562864e+01
4.167127e-02 6.447086e+01
4.25047e-02 6.331623e+01
4.335479e-02 6.216567e+01
4.422188e-02 6.101963e+01
4.510632e-02 5.987706e+01
4.600845e-02 5.87355e+01
4.692862e-02 5.759122e+01
4.786718e-02 5.643751e+01
4.882453e-02 5.52654e+01
4.980102e-02 5.406159e+01
5.079706e-02 5.280927e+01
5.181299e-02 5.148507e+01
5.284923e-02 5.006207e+01
5.390623e-02 4.850871e+01
5.498436e-02 4.679036e+01
5.608405e-02 4.487096e+01
5.720572e-02 4.267559e+01
5.834983e-02 4.027197e+01
5.951683e-02 3.762378e+01
6.070717e-02 3.477114e+01
6.192131e-02 3.177313e+01
6.315974e-02 2.869839e+01
6.442294e-02 2.567985e+01
6.57114e-02 2.279953e+01
6.702561e-02 2.014879e+01
6.836611e-02 1.778386e+01
6.973345e-02 1.575757e+01
7.112811e-02 1.406843e+01
7.255067e-02 1.271605e+01
7.400172e-02 1.168788e+01
7.548172e-02 1.096654e+01
7.699136e-02 1.053478e+01
7.853121e-02 1.035238e+01
8.010183e-02 1.048495e+01
8.170389e-02 1.089196e+01
8.333792e-02 1.159639e+01
8.500467e-02 1.261982e+01
8.670478e-02 1.398736e+01
8.843891e-02 1.576324e+01
9.020769e-02 1.799816e+01
9.201181e-02 2.076819e+01
9.385205e-02 2.414421e+01
9.572909e-02 2.822237e+01
9.764367e-02 3.314197e+01
9.959654e-02 3.902341e+01
1.015885e-01 4.603662e+01
1.036203e-01 5.431047e+01
1.056926e-01 6.404102e+01
1.078065e-01 7.555294e+01
1.099626e-01 8.898945e+01
1.121619e-01 1.046785e+02
1.144051e-01 1.229222e+02
1.166932e-01 1.4401e+02
1.190271e-01 1.682726e+02
1.214076e-01 1.958151e+02
1.238358e-01 2.267002e+02
1.263125e-01 2.603283e+02
1.288388e-01 2.960872e+02
1.314155e-01 3.337109e+02
1.340438e-01 3.732285e+02
1.367247e-01 4.144991e+02
1.394592e-01 4.572721e+02
1.422484e-01 5.011817e+02
1.450934e-01 5.460981e+02
1.479952e-01 5.943428e+02
1.509551e-01 6.413789e+02
1.539742e-01 6.894749e+02
1.570537e-01 7.380195e+02
1.601948e-01 7.871024e+02
1.633987e-01 8.372316e+02
1.666667e-01 8.869283e+02
