9.419703e-04 6.835718e-04
9.641256e-04 7.429553e-04
9.873482e-04 8.091395e-04
1.011717e-03 8.831008e-04
1.037319e-03 9.659861e-04
1.064251e-03 1.059148e-03
1.092618e-03 1.164186e-03
1.12254e-03 1.283006e-03
1.154146e-03 1.417883e-03
1.187583e-03 1.571551e-03
1.223015e-03 1.747311e-03
1.260627e-03 1.949172e-03
1.300626e-03 2.182033e-03
1.343246e-03 2.451916e-03
1.388754e-03 2.766276e-03
1.437454e-03 3.134409e-03
1.489693e-03 3.568e-03
1.545873e-03 4.081852e-03
1.606456e-03 4.694896e-03
1.671981e-03 5.431575e-03
1.743078e-03 6.323777e-03
1.820491e-03 7.413587e-03
1.905099e-03 8.757234e-03
1.997956e-03 1.043088e-02
2.100327e-03 1.253923e-02
2.213756e-03 1.522862e-02
2.340136e-03 1.870734e-02
2.481819e-03 2.327801e-02
2.641764e-03 2.939044e-02
2.823746e-03 3.773085e-02
3.032654e-03 4.937756e-02
3.274943e-03 6.608396e-02
3.559308e-03 9.081682e-02
3.897752e-03 1.288375e-01
4.307322e-03 1.900183e-01
4.813074e-03 2.942051e-01
5.453393e-03 4.848964e-01
6.290228e-03 8.686983e-01
7.430448e-03 1.749337e+00
9.075559e-03 4.200257e+00
1.165628e-02 1.354698e+01
1.628788e-02 7.972794e+01
2.702703e-02 8.465112e+01
2.74937e-02 8.775216e+01
2.804357e-02 8.671214e+01
2.860444e-02 8.565054e+01
2.917653e-02 8.466972e+01
2.976006e-02 8.368806e+01
3.035526e-02 8.266857e+01
3.096237e-02 8.161552e+01
3.158162e-02 8.053304e+01
3.221325e-02 7.942545e+01
3.285751e-02 7.829713e+01
3.351466e-02 7.715727e+01
3.418496e-02 7.60384e+01
3.486866e-02 7.492308e+01
3.556603e-02 7.37887e+01
3.627735e-02 7.263778e+01
3.70029e-02 7.147478e+01
3.774296e-02 7.030377e+01
3.849782e-02 6.912897e+01
3.926777e-02 6.795403e+01
4.005313e-02 6.678632e+01
4.085418e-02 6.562431e+01
4.167127e-02 6.446385e+01
4.25047e-02 6.330468e+01
4.335479e-02 6.21474e+01
4.422188e-02 6.099083e+01
4.510632e-02 5.983277e+01
4.600845e-02 5.866845e+01
4.692862e-02 5.749176e+01
4.786718e-02 5.629222e+01
4.882453e-02 5.50566e+01
4.980102e-02 5.376642e+01
5.079706e-02 5.239975e+01
5.181299e-02 5.092802e+01
5.284923e-02 4.931897e+01
5.390623e-02 4.753963e+01
5.498436e-02 4.555645e+01
5.608405e-02 4.334217e+01
5.720572e-02 4.082515e+01
5.834983e-02 3.812298e+01
5.951683e-02 3.5216e+01
6.070717e-02 3.21783e+01
6.192131e-02 2.909263e+01
6.315974e-02 2.603902e+01
6.442294e-02 2.314999e+01
6.57114e-02 2.048525e+01
6.702561e-02 1.81123e+01
6.836611e-02 1.606013e+01
6.973345e-02 1.435457e+01
7.112811e-02 1.297672e+01
7.255067e-02 1.191782e+01
7.400172e-02 1.116096e+01
7.548172e-02 1.069003e+01
7.699136e-02 1.049338e+01
7.853121e-02 1.053684e+01
8.010183e-02 1.088509e+01
8.170389e-02 1.151151e+01
8.333792e-02 1.244656e+01
8.500467e-02 1.371699e+01
8.670478e-02 1.536912e+01
8.843891e-02 1.745823e+01
9.020769e-02 2.004349e+01
9.201181e-02 2.320327e+01
9.385205e-02 2.703156e+01
9.572909e-02 3.164284e+01
9.764367e-02 3.717596e+01
9.959654e-02 4.377017e+01
1.015885e-01 5.1547e+01
1.036203e-01 6.073429e+01
1.056926e-01 7.151292e+01
1.078065e-01 8.423238e+01
1.099626e-01 9.906647e+01
1.121619e-01 1.163884e+02
1.144051e-01 1.364386e+02
1.166932e-01 1.594899e+02
1.190271e-01 1.858495e+02
1.214076e-01 2.154529e+02
1.238358e-01 2.47982e+02
1.263125e-01 2.826275e+02
1.288388e-01 3.19108e+02
1.314155e-01 3.574327e+02
1.340438e-01 3.975863e+02
1.367247e-01 4.393488e+02
1.394592e-01 4.82323e+02
1.422484e-01 5.263224e+02
1.450934e-01 5.712908e+02
1.479952e-01 6.196776e+02
1.509551e-01 6.666749e+02
1.539742e-01 7.14678e+02
1.570537e-01 7.630508e+02
1.601948e-01 8.118839e+02
1.633987e-01 8.616933e+02
1.666667e-01 9.109138e+02
