9.419703e-04 6.835742e-04
9.641256e-04 7.429579e-04
9.873482e-04 8.091422e-04
1.011717e-03 8.831038e-04
1.037319e-03 9.659894e-04
1.064251e-03 1.059151e-03
1.092618e-03 1.16419e-03
1.12254e-03 1.283010e-03
1.154146e-03 1.417887e-03
1.187583e-03 1.571556e-03
1.223015e-03 1.747317e-03
1.260627e-03 1.949179e-03
1.300626e-03 2.182041e-03
1.343246e-03 2.451924e-03
1.388754e-03 2.766285e-03
1.437454e-03 3.13442e-03
1.489693e-03 3.568012e-03
1.545873e-03 4.081866e-03
1.606456e-03 4.694912e-03
1.671981e-03 5.431593e-03
1.743078e-03 6.323798e-03
1.820491e-03 7.413612e-03
1.905099e-03 8.757264e-03
1.997956e-03 1.043092e-02
2.100327e-03 1.253927e-02
2.213756e-03 1.522867e-02
2.340136e-03 1.870741e-02
2.481819e-03 2.327809e-02
2.641764e-03 2.939054e-02
2.823746e-03 3.773098e-02
3.032654e-03 4.937773e-02
3.274943e-03 6.608419e-02
3.559308e-03 9.081713e-02
3.897752e-03 1.28838e-01
4.307322e-03 1.900189e-01
4.813074e-03 2.942061e-01
5.453393e-03 4.848981e-01
6.290228e-03 8.687013e-01
7.430448e-03 1.749343e+00
9.075559e-03 4.200271e+00
1.165628e-02 1.354702e+01
1.628788e-02 7.972821e+01
2.702703e-02 8.465140e+01
2.74937e-02 8.775246e+01
2.804357e-02 8.671247e+01
2.860444e-02 8.565073e+01
2.917653e-02 8.466991e+01
2.976006e-02 8.36881e+01
3.035526e-02 8.266861e+01
3.096237e-02 8.161551e+01
3.158162e-02 8.053312e+01
3.221325e-02 7.942546e+01
3.285751e-02 7.82971e+01
3.351466e-02 7.715715e+01
3.418496e-02 7.603834e+01
3.486866e-02 7.49231e+01
3.556603e-02 7.378862e+01
3.627735e-02 7.263752e+01
3.70029e-02 7.147437e+01
3.774296e-02 7.030305e+01
3.849782e-02 6.91276e+01
3.926777e-02 6.795168e+01
4.005313e-02 6.678264e+01
4.085418e-02 6.561822e+01
4.167127e-02 6.445385e+01
4.25047e-02 6.328904e+01
4.335479e-02 6.212315e+01
4.422188e-02 6.095418e+01
4.510632e-02 5.977818e+01
4.600845e-02 5.858827e+01
4.692862e-02 5.737589e+01
4.786718e-02 5.612764e+01
4.882453e-02 5.482672e+01
4.980102e-02 5.345029e+01
5.079706e-02 5.197388e+01
5.181299e-02 5.036427e+01
5.284923e-02 4.858925e+01
5.390623e-02 4.661764e+01
5.498436e-02 4.442253e+01
5.608405e-02 4.198779e+01
5.720572e-02 3.924939e+01
5.834983e-02 3.636626e+01
5.951683e-02 3.333055e+01
6.070717e-02 3.023383e+01
6.192131e-02 2.716671e+01
6.315974e-02 2.420676e+01
6.442294e-02 2.147248e+01
6.57114e-02 1.900739e+01
6.702561e-02 1.685673e+01
6.836611e-02 1.503281e+01
6.973345e-02 1.3549e+01
7.112811e-02 1.23801e+01
7.255067e-02 1.151436e+01
7.400172e-02 1.0935e+01
7.548172e-02 1.06282e+01
7.699136e-02 1.058735e+01
7.853121e-02 1.078313e+01
8.010183e-02 1.128013e+01
8.170389e-02 1.206471e+01
8.333792e-02 1.316821e+01
8.500467e-02 1.462327e+01
8.670478e-02 1.647957e+01
8.843891e-02 1.880158e+01
9.020769e-02 2.164724e+01
9.201181e-02 2.510771e+01
9.385205e-02 2.927404e+01
9.572909e-02 3.429215e+01
9.764367e-02 4.028362e+01
9.959654e-02 4.740525e+01
1.015885e-01 5.579208e+01
1.036203e-01 6.565415e+01
1.056926e-01 7.723836e+01
1.078065e-01 9.092049e+01
1.099626e-01 1.068207e+02
1.121619e-01 1.253485e+02
1.144051e-01 1.46698e+02
1.166932e-01 1.712179e+02
1.190271e-01 1.990076e+02
1.214076e-01 2.299062e+02
1.238358e-01 2.633134e+02
1.263125e-01 2.984262e+02
1.288388e-01 3.353741e+02
1.314155e-01 3.741414e+02
1.340438e-01 4.146751e+02
1.367247e-01 4.56645e+02
1.394592e-01 4.996865e+02
1.422484e-01 5.437363e+02
1.450934e-01 5.887322e+02
1.479952e-01 6.372099e+02
1.509551e-01 6.841649e+02
1.539742e-01 7.320951e+02
1.570537e-01 7.803445e+02
1.601948e-01 8.29e+02
1.633987e-01 8.785661e+02
1.666667e-01 9.274472e+02
