9.419703e-04 6.835735e-04
9.641256e-04 7.429572e-04
9.873482e-04 8.091415e-04
1.011717e-03 8.831030e-04
1.037319e-03 9.659886e-04
1.064251e-03 1.059150e-03
1.092618e-03 1.164189e-03
1.12254e-03 1.283009e-03
1.154146e-03 1.417886e-03
1.187583e-03 1.571555e-03
1.223015e-03 1.747315e-03
1.260627e-03 1.949177e-03
1.300626e-03 2.182039e-03
1.343246e-03 2.451922e-03
1.388754e-03 2.766283e-03
1.437454e-03 3.134417e-03
1.489693e-03 3.568008e-03
1.545873e-03 4.081862e-03
1.606456e-03 4.694908e-03
1.671981e-03 5.431588e-03
1.743078e-03 6.323793e-03
1.820491e-03 7.413605e-03
1.905099e-03 8.757256e-03
1.997956e-03 1.043091e-02
2.100327e-03 1.253926e-02
2.213756e-03 1.522865e-02
2.340136e-03 1.870739e-02
2.481819e-03 2.327807e-02
2.641764e-03 2.939052e-02
2.823746e-03 3.773094e-02
3.032654e-03 4.937768e-02
3.274943e-03 6.608413e-02
3.559308e-03 9.081704e-02
3.897752e-03 1.288379e-01
4.307322e-03 1.900187e-01
4.813074e-03 2.942059e-01
5.453393e-03 4.848976e-01
6.290228e-03 8.687005e-01
7.430448e-03 1.749341e+00
9.075559e-03 4.200268e+00
1.165628e-02 1.354701e+01
1.628788e-02 7.972814e+01
2.702703e-02 8.465133e+01
2.74937e-02 8.775238e+01
2.804357e-02 8.671242e+01
2.860444e-02 8.565054e+01
2.917653e-02 8.466983e+01
2.976006e-02 8.368797e+01
3.035526e-02 8.266846e+01
3.096237e-02 8.161526e+01
3.158162e-02 8.053304e+01
3.221325e-02 7.942533e+01
3.285751e-02 7.829696e+01
3.351466e-02 7.715697e+01
3.418496e-02 7.603824e+01
3.486866e-02 7.492309e+01
3.556603e-02 7.378854e+01
3.627735e-02 7.263748e+01
3.70029e-02 7.147431e+01
3.774296e-02 7.030296e+01
3.849782e-02 6.912759e+01
3.926777e-02 6.79516e+01
4.005313e-02 6.678258e+01
4.085418e-02 6.56182e+01
4.167127e-02 6.445383e+01
4.25047e-02 6.328909e+01
4.335479e-02 6.212316e+01
4.422188e-02 6.095411e+01
4.510632e-02 5.977816e+01
4.600845e-02 5.858828e+01
4.692862e-02 5.737605e+01
4.786718e-02 5.61278e+01
4.882453e-02 5.482658e+01
4.980102e-02 5.345039e+01
5.079706e-02 5.197412e+01
5.181299e-02 5.036427e+01
5.284923e-02 4.858928e+01
5.390623e-02 4.661797e+01
5.498436e-02 4.442314e+01
5.608405e-02 4.198912e+01
5.720572e-02 3.925109e+01
5.834983e-02 3.63689e+01
5.951683e-02 3.333424e+01
6.070717e-02 3.023827e+01
6.192131e-02 2.717276e+01
6.315974e-02 2.421391e+01
6.442294e-02 2.147967e+01
6.57114e-02 1.901507e+01
6.702561e-02 1.686417e+01
6.836611e-02 1.50394e+01
6.973345e-02 1.355437e+01
7.112811e-02 1.238442e+01
7.255067e-02 1.151756e+01
7.400172e-02 1.093733e+01
7.548172e-02 1.062892e+01
7.699136e-02 1.058688e+01
7.853121e-02 1.078125e+01
8.010183e-02 1.127607e+01
8.170389e-02 1.205948e+01
8.333792e-02 1.316076e+01
8.500467e-02 1.461426e+01
8.670478e-02 1.646803e+01
8.843891e-02 1.878837e+01
9.020769e-02 2.163191e+01
9.201181e-02 2.509055e+01
9.385205e-02 2.925552e+01
9.572909e-02 3.427251e+01
9.764367e-02 4.026035e+01
9.959654e-02 4.738105e+01
1.015885e-01 5.576817e+01
1.036203e-01 6.56302e+01
1.056926e-01 7.721666e+01
1.078065e-01 9.090345e+01
1.099626e-01 1.068062e+02
1.121619e-01 1.253382e+02
1.144051e-01 1.466983e+02
1.166932e-01 1.712274e+02
1.190271e-01 1.990217e+02
1.214076e-01 2.299199e+02
1.238358e-01 2.633373e+02
1.263125e-01 2.984615e+02
1.288388e-01 3.354225e+02
1.314155e-01 3.742032e+02
1.340438e-01 4.147427e+02
1.367247e-01 4.567096e+02
1.394592e-01 4.997674e+02
1.422484e-01 5.438364e+02
1.450934e-01 5.888526e+02
1.479952e-01 6.373574e+02
1.509551e-01 6.843335e+02
1.539742e-01 7.322866e+02
1.570537e-01 7.805563e+02
1.601948e-01 8.292311e+02
1.633987e-01 8.788116e+02
1.666667e-01 9.277169e+02
