9.419703e-04 6.835706e-04
9.641256e-04 7.42954e-04
9.873482e-04 8.09138e-04
1.011717e-03 8.830992e-04
1.037319e-03 9.659844e-04
1.064251e-03 1.059146e-03
1.092618e-03 1.164184e-03
1.12254e-03 1.283003e-03
1.154146e-03 1.417880e-03
1.187583e-03 1.571548e-03
1.223015e-03 1.747308e-03
1.260627e-03 1.949169e-03
1.300626e-03 2.182029e-03
1.343246e-03 2.451911e-03
1.388754e-03 2.766271e-03
1.437454e-03 3.134404e-03
1.489693e-03 3.567993e-03
1.545873e-03 4.081844e-03
1.606456e-03 4.694888e-03
1.671981e-03 5.431565e-03
1.743078e-03 6.323765e-03
1.820491e-03 7.413573e-03
1.905099e-03 8.757218e-03
1.997956e-03 1.043086e-02
2.100327e-03 1.253921e-02
2.213756e-03 1.522859e-02
2.340136e-03 1.870731e-02
2.481819e-03 2.327797e-02
2.641764e-03 2.939039e-02
2.823746e-03 3.773078e-02
3.032654e-03 4.937747e-02
3.274943e-03 6.608384e-02
3.559308e-03 9.081665e-02
3.897752e-03 1.288373e-01
4.307322e-03 1.900179e-01
4.813074e-03 2.942046e-01
5.453393e-03 4.848955e-01
6.290228e-03 8.686967e-01
7.430448e-03 1.749334e+00
9.075559e-03 4.200249e+00
1.165628e-02 1.354695e+01
1.628788e-02 7.972779e+01
2.702703e-02 8.465096e+01
2.74937e-02 8.7752e+01
2.804357e-02 8.671207e+01
2.860444e-02 8.565034e+01
2.917653e-02 8.466953e+01
2.976006e-02 8.368787e+01
3.035526e-02 8.266837e+01
3.096237e-02 8.161536e+01
3.158162e-02 8.053298e+01
3.221325e-02 7.94253e+01
3.285751e-02 7.829697e+01
3.351466e-02 7.715694e+01
3.418496e-02 7.603822e+01
3.486866e-02 7.492294e+01
3.556603e-02 7.378859e+01
3.627735e-02 7.263743e+01
3.70029e-02 7.147427e+01
3.774296e-02 7.030307e+01
3.849782e-02 6.912748e+01
3.926777e-02 6.795154e+01
4.005313e-02 6.678253e+01
4.085418e-02 6.561813e+01
4.167127e-02 6.445377e+01
4.25047e-02 6.328895e+01
4.335479e-02 6.212299e+01
4.422188e-02 6.095413e+01
4.510632e-02 5.977816e+01
4.600845e-02 5.858832e+01
4.692862e-02 5.737595e+01
4.786718e-02 5.612757e+01
4.882453e-02 5.48268e+01
4.980102e-02 5.345049e+01
5.079706e-02 5.197416e+01
5.181299e-02 5.036456e+01
5.284923e-02 4.858959e+01
5.390623e-02 4.66181e+01
5.498436e-02 4.442353e+01
5.608405e-02 4.198913e+01
5.720572e-02 3.925139e+01
5.834983e-02 3.636897e+01
5.951683e-02 3.333437e+01
6.070717e-02 3.023815e+01
6.192131e-02 2.717122e+01
6.315974e-02 2.421129e+01
6.442294e-02 2.147626e+01
6.57114e-02 1.901112e+01
6.702561e-02 1.686048e+01
6.836611e-02 1.503603e+01
6.973345e-02 1.355174e+01
7.112811e-02 1.238277e+01
7.255067e-02 1.151711e+01
7.400172e-02 1.093789e+01
7.548172e-02 1.063146e+01
7.699136e-02 1.059113e+01
7.853121e-02 1.078789e+01
8.010183e-02 1.128598e+01
8.170389e-02 1.207102e+01
8.333792e-02 1.317609e+01
8.500467e-02 1.463282e+01
8.670478e-02 1.649038e+01
8.843891e-02 1.881386e+01
9.020769e-02 2.166163e+01
9.201181e-02 2.512365e+01
9.385205e-02 2.929128e+01
9.572909e-02 3.431162e+01
9.764367e-02 4.030648e+01
9.959654e-02 4.743042e+01
1.015885e-01 5.58212e+01
1.036203e-01 6.568758e+01
1.056926e-01 7.727608e+01
1.078065e-01 9.096182e+01
1.099626e-01 1.068669e+02
1.121619e-01 1.254018e+02
1.144051e-01 1.467556e+02
1.166932e-01 1.712827e+02
1.190271e-01 1.990786e+02
1.214076e-01 2.299853e+02
1.238358e-01 2.634042e+02
1.263125e-01 2.98527e+02
1.288388e-01 3.354846e+02
1.314155e-01 3.742597e+02
1.340438e-01 4.148054e+02
1.367247e-01 4.567876e+02
1.394592e-01 4.998421e+02
1.422484e-01 5.439024e+02
1.450934e-01 5.889093e+02
1.479952e-01 6.37399e+02
1.509551e-01 6.84363e+02
1.539742e-01 7.323071e+02
1.570537e-01 7.805669e+02
1.601948e-01 8.292338e+02
1.633987e-01 8.788116e+02
1.666667e-01 9.277044e+02
