5.e+00 0.e+00
5.12e+00 0.e+00
5.2424e+00 0.e+00
5.367248e+00 0.e+00
5.494593e+00 0.e+00
5.624485e+00 0.e+00
5.756975e+00 0.e+00
5.892114e+00 1.281072e-04
6.029956e+00 1.708355e-03
6.170555e+00 9.011433e-03
6.313967e+00 2.911512e-02
6.460246e+00 6.359379e-02
6.609451e+00 1.138584e-01
6.76164e+00 1.758879e-01
6.916873e+00 2.412395e-01
7.075210e+00 3.064432e-01
7.236714e+00 3.689433e-01
7.401449e+00 4.271787e-01
7.569477e+00 4.810628e-01
7.740867e+00 5.307824e-01
7.915684e+00 5.768179e-01
8.093998e+00 6.191414e-01
8.275878e+00 6.580699e-01
8.461396e+00 6.936259e-01
8.650623e+00 7.259956e-01
8.843636e+00 7.555307e-01
9.040509e+00 7.823567e-01
9.241319e+00 8.066552e-01
9.446145e+00 8.286701e-01
9.655068e+00 8.486234e-01
9.86817e+00 8.666888e-01
1.008553e+01 8.829747e-01
1.030724e+01 8.975589e-01
1.053339e+01 9.105701e-01
1.076406e+01 9.223408e-01
1.099934e+01 9.328456e-01
1.123932e+01 9.421754e-01
1.148411e+01 9.504088e-01
1.173379e+01 9.576356e-01
1.198847e+01 9.639751e-01
1.224824e+01 9.695321e-01
1.251320e+01 9.743402e-01
1.278347e+01 9.784801e-01
1.305914e+01 9.820854e-01
1.334032e+01 9.851122e-01
1.362713e+01 9.876762e-01
1.391967e+01 9.898406e-01
1.421806e+01 9.916441e-01
1.452242e+01 9.931609e-01
1.483287e+01 9.944326e-01
1.514953e+01 9.954958e-01
1.547252e+01 9.963531e-01
1.580197e+01 9.970548e-01
1.613801e+01 9.976423e-01
1.648077e+01 9.981127e-01
1.683038e+01 9.984934e-01
1.718699e+01 9.987969e-01
1.755073e+01 9.990396e-01
1.792175e+01 9.992353e-01
1.830018e+01 9.993891e-01
1.868618e+01 9.995074e-01
1.907991e+01 9.995954e-01
1.948151e+01 9.996617e-01
1.989114e+01 9.997093e-01
2.030896e+01 9.997391e-01
2.073514e+01 9.997573e-01
2.116984e+01 9.997685e-01
2.161324e+01 9.99776e-01
2.206550e+01 9.997806e-01
2.252681e+01 9.99786e-01
2.299735e+01 9.997859e-01
2.34773e+01 9.997859e-01
2.396684e+01 9.997853e-01
2.446618e+01 9.997849e-01
2.497550e+01 9.997849e-01
2.549501e+01 9.997849e-01
2.602491e+01 9.997848e-01
2.656541e+01 9.997848e-01
2.711672e+01 9.997846e-01
2.767905e+01 9.997846e-01
2.825263e+01 9.997845e-01
2.883769e+01 9.997845e-01
2.943444e+01 9.997845e-01
3.004313e+01 9.997807e-01
3.066399e+01 9.997807e-01
3.129727e+01 9.997806e-01
3.194322e+01 9.997805e-01
3.260208e+01 9.997803e-01
3.327412e+01 9.997803e-01
3.395961e+01 9.997802e-01
3.46588e+01 9.997802e-01
3.537197e+01 9.997802e-01
