9.419703e-04 6.835807e-04
9.641256e-04 7.42965e-04
9.873482e-04 8.0915e-04
1.011717e-03 8.831123e-04
1.037319e-03 9.659987e-04
1.064251e-03 1.059161e-03
1.092618e-03 1.164201e-03
1.12254e-03 1.283022e-03
1.154146e-03 1.417901e-03
1.187583e-03 1.571571e-03
1.223015e-03 1.747333e-03
1.260627e-03 1.949198e-03
1.300626e-03 2.182061e-03
1.343246e-03 2.451948e-03
1.388754e-03 2.766312e-03
1.437454e-03 3.13445e-03
1.489693e-03 3.568046e-03
1.545873e-03 4.081905e-03
1.606456e-03 4.694957e-03
1.671981e-03 5.431645e-03
1.743078e-03 6.323859e-03
1.820491e-03 7.413683e-03
1.905099e-03 8.757348e-03
1.997956e-03 1.043102e-02
2.100327e-03 1.253939e-02
2.213756e-03 1.522881e-02
2.340136e-03 1.870758e-02
2.481819e-03 2.327831e-02
2.641764e-03 2.939082e-02
2.823746e-03 3.773134e-02
3.032654e-03 4.937820e-02
3.274943e-03 6.608482e-02
3.559308e-03 9.0818e-02
3.897752e-03 1.288392e-01
4.307322e-03 1.900207e-01
4.813074e-03 2.942089e-01
5.453393e-03 4.849027e-01
6.290228e-03 8.687096e-01
7.430448e-03 1.74936e+00
9.075559e-03 4.200312e+00
1.165628e-02 1.354715e+01
1.628788e-02 7.972897e+01
2.702703e-02 8.465221e+01
2.74937e-02 8.77533e+01
2.804357e-02 8.671321e+01
2.860444e-02 8.565146e+01
2.917653e-02 8.467055e+01
2.976006e-02 8.368849e+01
3.035526e-02 8.266901e+01
3.096237e-02 8.16159e+01
3.158162e-02 8.053339e+01
3.221325e-02 7.942573e+01
3.285751e-02 7.829739e+01
3.351466e-02 7.715742e+01
3.418496e-02 7.603852e+01
3.486866e-02 7.492329e+01
3.556603e-02 7.378865e+01
3.627735e-02 7.263751e+01
3.70029e-02 7.147425e+01
3.774296e-02 7.03026e+01
3.849782e-02 6.912691e+01
3.926777e-02 6.795045e+01
4.005313e-02 6.678046e+01
4.085418e-02 6.561463e+01
4.167127e-02 6.444815e+01
4.25047e-02 6.32802e+01
4.335479e-02 6.210984e+01
4.422188e-02 6.093421e+01
4.510632e-02 5.974887e+01
4.600845e-02 5.85458e+01
4.692862e-02 5.73156e+01
4.786718e-02 5.60437e+01
4.882453e-02 5.471168e+01
4.980102e-02 5.32945e+01
5.079706e-02 5.176773e+01
5.181299e-02 5.009656e+01
5.284923e-02 4.824922e+01
5.390623e-02 4.619646e+01
5.498436e-02 4.391519e+01
5.608405e-02 4.139474e+01
5.720572e-02 3.857556e+01
5.834983e-02 3.56322e+01
5.951683e-02 3.256107e+01
6.070717e-02 2.945902e+01
6.192131e-02 2.641606e+01
6.315974e-02 2.350783e+01
6.442294e-02 2.084574e+01
6.57114e-02 1.846509e+01
6.702561e-02 1.640367e+01
6.836611e-02 1.466884e+01
6.973345e-02 1.327007e+01
7.112811e-02 1.217991e+01
7.255067e-02 1.138652e+01
7.400172e-02 1.087341e+01
7.548172e-02 1.062837e+01
7.699136e-02 1.064676e+01
7.853121e-02 1.090087e+01
8.010183e-02 1.145661e+01
8.170389e-02 1.230397e+01
8.333792e-02 1.347452e+01
8.500467e-02 1.500247e+01
8.670478e-02 1.694179e+01
8.843891e-02 1.935532e+01
9.020769e-02 2.230788e+01
9.201181e-02 2.588902e+01
9.385205e-02 3.020217e+01
9.572909e-02 3.538329e+01
9.764367e-02 4.15784e+01
9.959654e-02 4.88975e+01
1.015885e-01 5.751391e+01
1.036203e-01 6.763988e+01
1.056926e-01 7.953121e+01
1.078065e-01 9.359364e+01
1.099626e-01 1.099181e+02
1.121619e-01 1.288603e+02
1.144051e-01 1.506887e+02
1.166932e-01 1.756737e+02
1.190271e-01 2.040204e+02
1.214076e-01 2.352769e+02
1.238358e-01 2.68857e+02
1.263125e-01 3.041431e+02
1.288388e-01 3.412583e+02
1.314155e-01 3.801794e+02
1.340438e-01 4.208398e+02
1.367247e-01 4.628661e+02
1.394592e-01 5.059169e+02
1.422484e-01 5.499713e+02
1.450934e-01 5.949603e+02
1.479952e-01 6.434491e+02
1.509551e-01 6.90366e+02
1.539742e-01 7.38245e+02
1.570537e-01 7.864279e+02
1.601948e-01 8.349949e+02
1.633987e-01 8.844461e+02
1.666667e-01 9.331763e+02
