5.e+00 0.e+00
5.12e+00 0.e+00
5.2424e+00 0.e+00
5.367248e+00 0.e+00
5.494593e+00 0.e+00
5.624485e+00 0.e+00
5.756975e+00 0.e+00
5.892114e+00 4.551293e-05
6.029956e+00 9.607441e-04
6.170555e+00 5.992907e-03
6.313967e+00 2.23865e-02
6.460246e+00 5.269856e-02
6.609451e+00 9.902658e-02
6.76164e+00 1.586865e-01
6.916873e+00 2.233335e-01
7.075210e+00 2.887158e-01
7.236714e+00 3.519153e-01
7.401449e+00 4.11104e-01
7.569477e+00 4.659683e-01
7.740867e+00 5.16608e-01
7.915684e+00 5.635685e-01
8.093998e+00 6.067744e-01
8.275878e+00 6.465901e-01
8.461396e+00 6.830436e-01
8.650623e+00 7.161945e-01
8.843636e+00 7.465255e-01
9.040509e+00 7.741093e-01
9.241319e+00 7.991251e-01
9.446145e+00 8.21762e-01
9.655068e+00 8.423258e-01
9.86817e+00 8.609695e-01
1.008553e+01 8.777946e-01
1.030724e+01 8.92896e-01
1.053339e+01 9.064033e-01
1.076406e+01 9.185098e-01
1.099934e+01 9.294416e-01
1.123932e+01 9.391513e-01
1.148411e+01 9.477218e-01
1.173379e+01 9.552807e-01
1.198847e+01 9.619128e-01
1.224824e+01 9.677147e-01
1.251320e+01 9.72767e-01
1.278347e+01 9.771339e-01
1.305914e+01 9.808779e-01
1.334032e+01 9.840901e-01
1.362713e+01 9.868467e-01
1.391967e+01 9.89137e-01
1.421806e+01 9.910513e-01
1.452242e+01 9.926656e-01
1.483287e+01 9.940137e-01
1.514953e+01 9.951401e-01
1.547252e+01 9.960692e-01
1.580197e+01 9.968235e-01
1.613801e+01 9.974358e-01
1.648077e+01 9.979513e-01
1.683038e+01 9.983638e-01
1.718699e+01 9.986897e-01
1.755073e+01 9.989523e-01
1.792175e+01 9.991638e-01
1.830018e+01 9.993322e-01
1.868618e+01 9.994634e-01
1.907991e+01 9.99562e-01
1.948151e+01 9.996363e-01
1.989114e+01 9.996909e-01
2.030896e+01 9.997281e-01
2.073514e+01 9.997503e-01
2.116984e+01 9.997637e-01
2.161324e+01 9.997729e-01
2.206550e+01 9.997787e-01
2.252681e+01 9.99786e-01
2.299735e+01 9.997859e-01
2.34773e+01 9.997859e-01
2.396684e+01 9.997853e-01
2.446618e+01 9.997849e-01
2.497550e+01 9.997849e-01
2.549501e+01 9.997849e-01
2.602491e+01 9.997848e-01
2.656541e+01 9.997848e-01
2.711672e+01 9.997846e-01
2.767905e+01 9.997846e-01
2.825263e+01 9.997845e-01
2.883769e+01 9.997845e-01
2.943444e+01 9.997845e-01
3.004313e+01 9.997807e-01
3.066399e+01 9.997807e-01
3.129727e+01 9.997806e-01
3.194322e+01 9.997805e-01
3.260208e+01 9.997803e-01
3.327412e+01 9.997803e-01
3.395961e+01 9.997802e-01
3.46588e+01 9.997802e-01
3.537197e+01 9.997802e-01
