5.e+00 0.e+00
5.12e+00 0.e+00
5.2424e+00 0.e+00
5.367248e+00 4.269806e-05
5.494593e+00 9.827536e-04
5.624485e+00 6.002393e-03
5.756975e+00 2.233094e-02
5.892114e+00 5.275271e-02
6.029956e+00 9.934794e-02
6.170555e+00 1.596999e-01
6.313967e+00 2.257399e-01
6.460246e+00 2.926519e-01
6.609451e+00 3.571778e-01
6.76164e+00 4.174993e-01
6.916873e+00 4.73244e-01
7.075210e+00 5.245389e-01
7.236714e+00 5.718752e-01
7.401449e+00 6.152800e-01
7.569477e+00 6.551602e-01
7.740867e+00 6.916105e-01
7.915684e+00 7.247356e-01
8.093998e+00 7.548219e-01
8.275878e+00 7.820406e-01
8.461396e+00 8.066967e-01
8.650623e+00 8.290868e-01
8.843636e+00 8.49393e-01
9.040509e+00 8.675277e-01
9.241319e+00 8.838459e-01
9.446145e+00 8.985358e-01
9.655068e+00 9.116884e-01
9.86817e+00 9.234571e-01
1.008553e+01 9.339730e-01
1.030724e+01 9.432263e-01
1.053339e+01 9.514023e-01
1.076406e+01 9.58751e-01
1.099934e+01 9.650743e-01
1.123932e+01 9.704754e-01
1.148411e+01 9.751628e-01
1.173379e+01 9.792204e-01
1.198847e+01 9.826837e-01
1.224824e+01 9.856340e-01
1.251320e+01 9.881607e-01
1.278347e+01 9.902611e-01
1.305914e+01 9.920260e-01
1.334032e+01 9.935230e-01
1.362713e+01 9.947657e-01
1.391967e+01 9.957623e-01
1.421806e+01 9.965817e-01
1.452242e+01 9.972554e-01
1.483287e+01 9.978064e-01
1.514953e+01 9.982491e-01
1.547252e+01 9.986078e-01
1.580197e+01 9.988934e-01
1.613801e+01 9.991217e-01
1.648077e+01 9.993034e-01
1.683038e+01 9.994431e-01
1.718699e+01 9.995482e-01
1.755073e+01 9.996273e-01
1.792175e+01 9.996856e-01
1.830018e+01 9.997234e-01
1.868618e+01 9.997478e-01
1.907991e+01 9.997630e-01
1.948151e+01 9.997728e-01
1.989114e+01 9.997791e-01
2.030896e+01 9.997825e-01
2.073514e+01 9.997863e-01
2.116984e+01 9.997862e-01
2.161324e+01 9.997860e-01
2.206550e+01 9.997860e-01
2.252681e+01 9.99786e-01
2.299735e+01 9.997859e-01
2.34773e+01 9.997859e-01
2.396684e+01 9.997853e-01
2.446618e+01 9.997849e-01
2.497550e+01 9.997849e-01
2.549501e+01 9.997849e-01
2.602491e+01 9.997848e-01
2.656541e+01 9.997848e-01
2.711672e+01 9.997846e-01
2.767905e+01 9.997846e-01
2.825263e+01 9.997845e-01
2.883769e+01 9.997845e-01
2.943444e+01 9.997845e-01
3.004313e+01 9.997807e-01
3.066399e+01 9.997807e-01
3.129727e+01 9.997806e-01
3.194322e+01 9.997805e-01
3.260208e+01 9.997803e-01
3.327412e+01 9.997803e-01
3.395961e+01 9.997802e-01
3.46588e+01 9.997802e-01
3.537197e+01 9.997802e-01
