5.e+00 0.e+00
5.12e+00 0.e+00
5.2424e+00 0.e+00
5.367248e+00 0.e+00
5.494593e+00 0.e+00
5.624485e+00 0.e+00
5.756975e+00 0.e+00
5.892114e+00 0.e+00
6.029956e+00 0.e+00
6.170555e+00 0.e+00
6.313967e+00 4.246136e-05
6.460246e+00 8.916669e-04
6.609451e+00 5.6659e-03
6.76164e+00 2.14548e-02
6.916873e+00 5.098522e-02
7.075210e+00 9.633354e-02
7.236714e+00 1.550441e-01
7.401449e+00 2.189012e-01
7.569477e+00 2.838086e-01
7.740867e+00 3.466618e-01
7.915684e+00 4.055981e-01
8.093998e+00 4.602965e-01
8.275878e+00 5.108958e-01
8.461396e+00 5.578674e-01
8.650623e+00 6.011544e-01
8.843636e+00 6.410532e-01
9.040509e+00 6.776862e-01
9.241319e+00 7.111222e-01
9.446145e+00 7.416942e-01
9.655068e+00 7.695392e-01
9.86817e+00 7.948308e-01
1.008553e+01 8.178012e-01
1.030724e+01 8.386897e-01
1.053339e+01 8.576475e-01
1.076406e+01 8.747523e-01
1.099934e+01 8.901338e-01
1.123932e+01 9.039457e-01
1.148411e+01 9.163775e-01
1.173379e+01 9.275195e-01
1.198847e+01 9.374776e-01
1.224824e+01 9.462579e-01
1.251320e+01 9.539993e-01
1.278347e+01 9.608229e-01
1.305914e+01 9.667808e-01
1.334032e+01 9.719603e-01
1.362713e+01 9.764602e-01
1.391967e+01 9.803189e-01
1.421806e+01 9.83617e-01
1.452242e+01 9.864667e-01
1.483287e+01 9.888474e-01
1.514953e+01 9.908149e-01
1.547252e+01 9.924815e-01
1.580197e+01 9.93876e-01
1.613801e+01 9.950341e-01
1.648077e+01 9.959793e-01
1.683038e+01 9.967583e-01
1.718699e+01 9.97387e-01
1.755073e+01 9.979073e-01
1.792175e+01 9.983333e-01
1.830018e+01 9.986667e-01
1.868618e+01 9.989327e-01
1.907991e+01 9.99145e-01
1.948151e+01 9.993155e-01
1.989114e+01 9.994483e-01
2.030896e+01 9.995489e-01
2.073514e+01 9.996255e-01
2.116984e+01 9.996814e-01
2.161324e+01 9.997203e-01
2.206550e+01 9.997449e-01
2.252681e+01 9.997595e-01
2.299735e+01 9.997697e-01
2.34773e+01 9.997762e-01
2.396684e+01 9.997802e-01
2.446618e+01 9.997849e-01
2.497550e+01 9.997849e-01
2.549501e+01 9.997849e-01
2.602491e+01 9.997848e-01
2.656541e+01 9.997848e-01
2.711672e+01 9.997846e-01
2.767905e+01 9.997846e-01
2.825263e+01 9.997845e-01
2.883769e+01 9.997845e-01
2.943444e+01 9.997844e-01
3.004313e+01 9.997807e-01
3.066399e+01 9.997807e-01
3.129727e+01 9.997806e-01
3.194322e+01 9.997805e-01
3.260208e+01 9.997803e-01
3.327412e+01 9.997803e-01
3.395961e+01 9.997802e-01
3.46588e+01 9.997802e-01
3.537197e+01 9.997802e-01
