3.537197473298937211e+01 9.997801780700683594e-01
3.465879875783272013e+01 9.997801780700683594e-01
3.395960662532619523e+01 9.997802376747131348e-01
3.327412414247665851e+01 9.997802972793579102e-01
3.260208249262417723e+01 9.997803270816802979e-01
3.194321813002370192e+01 9.997805356979370117e-01
3.129727267649382583e+01 9.997805953025817871e-01
3.066399282009198757e+01 9.997806549072265625e-01
3.004313021577645770e+01 9.997806549072265625e-01
2.943444138801613619e+01 9.997844696044921875e-01
2.883768763530993695e+01 9.997844696044921875e-01
2.825263493657836733e+01 9.997845292091369629e-01
2.767905385939055662e+01 9.997845888137817383e-01
2.711671946999074123e+01 9.997845888137817383e-01
2.656541124508895990e+01 9.997848123311996460e-01
2.602491298538133435e+01 9.997848272323608398e-01
2.549501273076601393e+01 9.997848868370056152e-01
2.497550267722158068e+01 9.997849464416503906e-01
2.446617909531527602e+01 9.997849464416503906e-01
2.396684225030909232e+01 9.997853189706802368e-01
2.347729632383244436e+01 9.997859001159667969e-01
2.299734933709063256e+01 9.997859001159667969e-01
2.252681307557904944e+01 9.997859597206115723e-01
2.206550301527357760e+01 9.997804909944534302e-01
2.161323825026821410e+01 9.997760206460952759e-01
2.116984142183158113e+01 9.997686743736267090e-01
2.073513864885449109e+01 9.997573345899581909e-01
2.030895945966126703e+01 9.997400492429733276e-01
1.989113672515810549e+01 9.997120946645736694e-01
1.948150659329225931e+01 9.996672868728637695e-01
1.907990842479633287e+01 9.996047317981719971e-01
1.868618473019248327e+01 9.995209127664566040e-01
1.830018110803184683e+01 9.994081705808639526e-01
1.792174618434494704e+01 9.992618411779403687e-01
1.755073155327935908e+01 9.990732073783874512e-01
1.718699171890133215e+01 9.988389909267425537e-01
1.683038403813856121e+01 9.985463321208953857e-01
1.648076866484172598e+01 9.981772154569625854e-01
1.613800849494286993e+01 9.977164268493652344e-01
1.580196911268908622e+01 9.971417039632797241e-01
1.547251873793047494e+01 9.964495152235031128e-01
1.514952817444164168e+01 9.956068545579910278e-01
1.483287075925650988e+01 9.945608526468276978e-01
1.452242231299657860e+01 9.933041781187057495e-01
1.421806109117311578e+01 9.917924553155899048e-01
1.391966773644423050e+01 9.899925291538238525e-01
1.362712523180806912e+01 9.878495186567306519e-01
1.334031885471379297e+01 9.852987676858901978e-01
1.305913613207234647e+01 9.822297841310501099e-01
1.278346679614935866e+01 9.786577373743057251e-01
1.251320274132289967e+01 9.745274037122726440e-01
1.224823798168911715e+01 9.697154909372329712e-01
1.198846860949913484e+01 9.641717672348022461e-01
1.173379275441091707e+01 9.578291624784469604e-01
1.148411054354011540e+01 9.505754858255386353e-01
1.123932406229423009e+01 9.423371106386184692e-01
1.099933731597473496e+01 9.330058693885803223e-01
1.076405619213209341e+01 9.224556833505630493e-01
1.053338842365891459e+01 9.106162488460540771e-01
1.030724355260677960e+01 8.974872529506683350e-01
1.008553289471252867e+01 8.828565329313278198e-01
9.868169504620125210e+00 8.665260374546051025e-01
9.655068141784436619e+00 8.484150469303131104e-01
9.446145237043564791e+00 8.283554911613464355e-01
9.241318859846632705e+00 8.062216043472290039e-01
9.040508686124150373e+00 7.818264961242675781e-01
8.843635966788381708e+00 7.549448162317276001e-01
8.650623496851354233e+00 7.253509312868118286e-01
8.461395585148386189e+00 6.928241997957229614e-01
8.275878024655280996e+00 6.571339517831802368e-01
8.093998063387530806e+00 6.181449592113494873e-01
7.915684375870128520e+00 5.757400989532470703e-01
7.740867035166791865e+00 5.295984894037246704e-01
7.569477485457639432e+00 4.797068387269973755e-01
7.401448515154548602e+00 4.257099851965904236e-01
7.236714230543675797e+00 3.673386797308921814e-01
7.075210029944779322e+00 3.046954870223999023e-01
6.916872578377233793e+00 2.393090017139911652e-01
6.761639782722777881e+00 1.739975139498710632e-01
6.609450767375272484e+00 1.121744010597467422e-01
6.460245850367914322e+00 6.236925162374973297e-02
6.313966519968543523e+00 2.837040321901440620e-02
6.170555411733865903e+00 8.630156400613486767e-03
6.029956286013593569e+00 1.614666340174153447e-03
5.892114005895679796e+00 1.165393941846559756e-04
5.756974515583999974e+00 0.000000000000000000e+00
5.624484819200000096e+00 0.000000000000000000e+00
5.494592960000000303e+00 0.000000000000000000e+00
5.367248000000000019e+00 0.000000000000000000e+00
5.242399999999999949e+00 0.000000000000000000e+00
5.120000000000000107e+00 0.000000000000000000e+00
5.000000000000000000e+00 0.000000000000000000e+00
