5.e+00 0.e+00
5.12e+00 0.e+00
5.2424e+00 0.e+00
5.367248e+00 0.e+00
5.494593e+00 1.261607e-04
5.624485e+00 1.742722e-03
5.756975e+00 9.193483e-03
5.892114e+00 2.973428e-02
6.029956e+00 6.483853e-02
6.170555e+00 1.159162e-01
6.313967e+00 1.787569e-01
6.460246e+00 2.448435e-01
6.609451e+00 3.106587e-01
6.76164e+00 3.734785e-01
6.916873e+00 4.318943e-01
7.075210e+00 4.858671e-01
7.236714e+00 5.356824e-01
7.401449e+00 5.816628e-01
7.569477e+00 6.238669e-01
7.740867e+00 6.626336e-01
7.915684e+00 6.980394e-01
8.093998e+00 7.302979e-01
8.275878e+00 7.595695e-01
8.461396e+00 7.861430e-01
8.650623e+00 8.102378e-01
8.843636e+00 8.321015e-01
9.040509e+00 8.518586e-01
9.241319e+00 8.696898e-01
9.446145e+00 8.857328e-01
9.655068e+00 9.001088e-01
9.86817e+00 9.130179e-01
1.008553e+01 9.246355e-01
1.030724e+01 9.349430e-01
1.053339e+01 9.440661e-01
1.076406e+01 9.521119e-01
1.099934e+01 9.591834e-01
1.123932e+01 9.653698e-01
1.148411e+01 9.707608e-01
1.173379e+01 9.754255e-01
1.198847e+01 9.794376e-01
1.224824e+01 9.829109e-01
1.251320e+01 9.858684e-01
1.278347e+01 9.883294e-01
1.305914e+01 9.903959e-01
1.334032e+01 9.921333e-01
1.362713e+01 9.935909e-01
1.391967e+01 9.947988e-01
1.421806e+01 9.958026e-01
1.452242e+01 9.966086e-01
1.483287e+01 9.972754e-01
1.514953e+01 9.97826e-01
1.547252e+01 9.982647e-01
1.580197e+01 9.986158e-01
1.613801e+01 9.988966e-01
1.648077e+01 9.991205e-01
1.683038e+01 9.992988e-01
1.718699e+01 9.994370e-01
1.755073e+01 9.995435e-01
1.792175e+01 9.996218e-01
1.830018e+01 9.996807e-01
1.868618e+01 9.997207e-01
1.907991e+01 9.997457e-01
1.948151e+01 9.997614e-01
1.989114e+01 9.997717e-01
2.030896e+01 9.997785e-01
2.073514e+01 9.997818e-01
2.116984e+01 9.997862e-01
2.161324e+01 9.997860e-01
2.206550e+01 9.997860e-01
2.252681e+01 9.99786e-01
2.299735e+01 9.997859e-01
2.34773e+01 9.997859e-01
2.396684e+01 9.997853e-01
2.446618e+01 9.997849e-01
2.497550e+01 9.997849e-01
2.549501e+01 9.997849e-01
2.602491e+01 9.997848e-01
2.656541e+01 9.997848e-01
2.711672e+01 9.997846e-01
2.767905e+01 9.997846e-01
2.825263e+01 9.997845e-01
2.883769e+01 9.997845e-01
2.943444e+01 9.997845e-01
3.004313e+01 9.997807e-01
3.066399e+01 9.997807e-01
3.129727e+01 9.997806e-01
3.194322e+01 9.997805e-01
3.260208e+01 9.997803e-01
3.327412e+01 9.997803e-01
3.395961e+01 9.997802e-01
3.46588e+01 9.997802e-01
3.537197e+01 9.997802e-01
