5.e+00 0.e+00
5.12e+00 0.e+00
5.2424e+00 0.e+00
5.367248e+00 0.e+00
5.494593e+00 0.e+00
5.624485e+00 0.e+00
5.756975e+00 0.e+00
5.892114e+00 0.e+00
6.029956e+00 0.e+00
6.170555e+00 0.e+00
6.313967e+00 0.e+00
6.460246e+00 0.e+00
6.609451e+00 1.025278e-03
6.76164e+00 4.596014e-03
6.916873e+00 2.00735e-02
7.075210e+00 5.566445e-02
7.236714e+00 1.090177e-01
7.401449e+00 1.801037e-01
7.569477e+00 2.589952e-01
7.740867e+00 3.398512e-01
7.915684e+00 4.141715e-01
8.093998e+00 4.814308e-01
8.275878e+00 5.417103e-01
8.461396e+00 5.958445e-01
8.650623e+00 6.442927e-01
8.843636e+00 6.876953e-01
9.040509e+00 7.263747e-01
9.241319e+00 7.609301e-01
9.446145e+00 7.916338e-01
9.655068e+00 8.187270e-01
9.86817e+00 8.425665e-01
1.008553e+01 8.637004e-01
1.030724e+01 8.824491e-01
1.053339e+01 8.990776e-01
1.076406e+01 9.135437e-01
1.099934e+01 9.261438e-01
1.123932e+01 9.372229e-01
1.148411e+01 9.46863e-01
1.173379e+01 9.553019e-01
1.198847e+01 9.625341e-01
1.224824e+01 9.687478e-01
1.251320e+01 9.740744e-01
1.278347e+01 9.786906e-01
1.305914e+01 9.82464e-01
1.334032e+01 9.856331e-01
1.362713e+01 9.882818e-01
1.391967e+01 9.904765e-01
1.421806e+01 9.922931e-01
1.452242e+01 9.937744e-01
1.483287e+01 9.949898e-01
1.514953e+01 9.959878e-01
1.547252e+01 9.967941e-01
1.580197e+01 9.974542e-01
1.613801e+01 9.979638e-01
1.648077e+01 9.983785e-01
1.683038e+01 9.98715e-01
1.718699e+01 9.989836e-01
1.755073e+01 9.991919e-01
1.792175e+01 9.993559e-01
1.830018e+01 9.994825e-01
1.868618e+01 9.99579e-01
1.907991e+01 9.996523e-01
1.948151e+01 9.997035e-01
1.989114e+01 9.997373e-01
2.030896e+01 9.997565e-01
2.073514e+01 9.997687e-01
2.116984e+01 9.997759e-01
2.161324e+01 9.997806e-01
2.206550e+01 9.997860e-01
2.252681e+01 9.99786e-01
2.299735e+01 9.997859e-01
2.34773e+01 9.997859e-01
2.396684e+01 9.997854e-01
2.446618e+01 9.997849e-01
2.497550e+01 9.997849e-01
2.549501e+01 9.997849e-01
2.602491e+01 9.997848e-01
2.656541e+01 9.997848e-01
2.711672e+01 9.997846e-01
2.767905e+01 9.997846e-01
2.825263e+01 9.997845e-01
2.883769e+01 9.997845e-01
2.943444e+01 9.997845e-01
3.004313e+01 9.997807e-01
3.066399e+01 9.997807e-01
3.129727e+01 9.997806e-01
3.194322e+01 9.997805e-01
3.260208e+01 9.997803e-01
3.327412e+01 9.997803e-01
3.395961e+01 9.997802e-01
3.46588e+01 9.997802e-01
3.537197e+01 9.997802e-01
