35.37197473298937 0.9997801780700684
34.65879875783272 0.9997801780700684
33.959606625326195 0.9997802376747131
33.27412414247666 0.9997802972793579
32.60208249262418 0.9997803568840027
31.943218130023702 0.999780535697937
31.297272676493826 0.9997805953025818
30.663992820091988 0.9997806549072266
30.043130215776458 0.9997806549072266
29.434441388016136 0.9997844696044922
28.837687635309937 0.9997844696044922
28.252634936578367 0.999784529209137
27.679053859390557 0.9997845888137817
27.11671946999074 0.9997845888137817
26.56541124508896 0.9997847676277161
26.024912985381334 0.9997848272323608
25.495012730766014 0.9997848868370056
24.97550267722158 0.9997849464416504
24.466179095315276 0.9997849464416504
23.966842250309092 0.9997852444648743
23.477296323832444 0.9997859001159668
22.997349337090633 0.9997859001159668
22.52681307557905 0.9997815489768982
22.065503015273578 0.9997780323028564
21.613238250268214 0.9997718930244446
21.16984142183158 0.9997609853744507
20.73513864885449 0.999747097492218
20.308959459661267 0.9997223019599915
19.891136725158105 0.9996849298477173
19.48150659329226 0.999630331993103
19.079908424796333 0.9995548725128174
18.686184730192483 0.99945467710495
18.300181108031847 0.999321460723877
17.921746184344947 0.9991544485092163
17.55073155327936 0.9989438056945801
17.186991718901332 0.9986804723739624
16.83038403813856 0.9983513951301575
16.480768664841726 0.9979270100593567
16.13800849494287 0.9974091649055481
15.801969112689086 0.9967814683914185
15.472518737930475 0.9960044622421265
15.149528174441642 0.995066225528717
14.83287075925651 0.9939138293266296
14.522422312996579 0.992527186870575
14.218061091173116 0.9908638596534729
13.91966773644423 0.988897442817688
13.62712523180807 0.9865278005599976
13.340318854713793 0.9836922883987427
13.059136132072346 0.9804033637046814
12.783466796149359 0.9765408635139465
12.5132027413229 0.9720575213432312
12.248237981689117 0.9668800234794617
11.988468609499135 0.9609234929084778
11.733792754410917 0.9541022181510925
11.484110543540115 0.9463337063789368
11.23932406229423 0.9375163912773132
10.999337315974735 0.927543044090271
10.764056192132093 0.9163380861282349
10.533388423658915 0.9038577675819397
10.30724355260678 0.8899612426757812
10.085532894712529 0.8745742440223694
9.868169504620125 0.8574425578117371
9.655068141784437 0.8383925557136536
9.446145237043565 0.8172891736030579
9.241318859846633 0.7941721677780151
9.04050868612415 0.7686534523963928
8.843635966788382 0.740567684173584
8.650623496851354 0.7097337245941162
8.461395585148386 0.6759921908378601
8.275878024655281 0.638900876045227
8.09399806338753 0.5984321236610413
7.9156843758701285 0.5544878244400024
7.740867035166792 0.5071201920509338
7.569477485457639 0.4563848078250885
7.401448515154549 0.4011388421058655
7.236714230543676 0.34135130047798157
7.075210029944779 0.2780720889568329
6.916872578377234 0.2119532972574234
6.761639782722778 0.14588873088359833
6.6094507673752725 0.08666671067476273
6.460245850367914 0.042999036610126495
6.3139665199685435 0.016227496787905693
6.170555411733866 0.003809527028352022
6.029956286013594 0.0006234297761693597
5.89211400589568 0.0
5.756974515584 0.0
5.6244848192 0.0
5.49459296 0.0
5.367248 0.0
5.2424 0.0
5.12 0.0
5.0 0.0
