35.37197473298937 0.9997801780700684
34.65879875783272 0.9997801780700684
33.959606625326195 0.9997802376747131
33.27412414247666 0.9997802972793579
32.60208249262418 0.9997802972793579
31.943218130023702 0.999780535697937
31.297272676493826 0.9997805953025818
30.663992820091988 0.9997806549072266
30.043130215776458 0.9997806549072266
29.434441388016136 0.9997844696044922
28.837687635309937 0.9997844696044922
28.252634936578367 0.999784529209137
27.679053859390557 0.9997845888137817
27.11671946999074 0.9997845888137817
26.56541124508896 0.9997848272323608
26.024912985381334 0.9997848272323608
25.495012730766014 0.9997848868370056
24.97550267722158 0.9997849464416504
24.466179095315276 0.9997849464416504
23.966842250309092 0.9997853636741638
23.477296323832444 0.9997859001159668
22.997349337090633 0.9997859001159668
22.52681307557905 0.9997810125350952
22.065503015273578 0.9997774958610535
21.613238250268214 0.9997700452804565
21.16984142183158 0.9997603893280029
20.73513864885449 0.999745786190033
20.308959459661267 0.9997234344482422
19.891136725158105 0.9996846318244934
19.48150659329226 0.9996289014816284
19.079908424796333 0.999553918838501
18.686184730192483 0.9994534254074097
18.300181108031847 0.9993204474449158
17.921746184344947 0.9991504549980164
17.55073155327936 0.9989356398582458
17.186991718901332 0.9986699819564819
16.83038403813856 0.998339831829071
16.480768664841726 0.9979173541069031
16.13800849494287 0.997398853302002
15.801969112689086 0.9967723488807678
15.472518737930475 0.9960038661956787
15.149528174441642 0.9950627684593201
14.83287075925651 0.9939101338386536
14.522422312996579 0.9925047755241394
14.218061091173116 0.9908533096313477
13.91966773644423 0.9888872504234314
13.62712523180807 0.9864936470985413
13.340318854713793 0.9836488962173462
13.059136132072346 0.9803523421287537
12.783466796149359 0.9765093326568604
12.5132027413229 0.9720289707183838
12.248237981689117 0.9668765664100647
11.988468609499135 0.9609537124633789
11.733792754410917 0.9541282057762146
11.484110543540115 0.9463938474655151
11.23932406229423 0.9376399517059326
10.999337315974735 0.9277093410491943
10.764056192132093 0.9165739417076111
10.533388423658915 0.9041474461555481
10.30724355260678 0.890326738357544
10.085532894712529 0.8748627305030823
9.868169504620125 0.8576409220695496
9.655068141784437 0.8386720418930054
9.446145237043565 0.8176387548446655
9.241318859846633 0.7945239543914795
9.04050868612415 0.7689839005470276
8.843635966788382 0.7408226728439331
8.650623496851354 0.7098953723907471
8.461395585148386 0.6759980916976929
8.275878024655281 0.6388392448425293
8.09399806338753 0.5982666015625
7.9156843758701285 0.5543334484100342
7.740867035166792 0.5066093802452087
7.569477485457639 0.4555393159389496
7.401448515154549 0.4001148045063019
7.236714230543676 0.3407421410083771
7.075210029944779 0.27670717239379883
6.916872578377234 0.21219542622566223
6.761639782722778 0.14967209100723267
6.6094507673752725 0.09268379211425781
6.460245850367914 0.047645535320043564
6.3139665199685435 0.018077606335282326
6.170555411733866 0.004862177651375532
6.029956286013594 0.00015537724539171904
5.89211400589568 0.0
5.756974515584 0.0
5.6244848192 0.0
5.49459296 0.0
5.367248 0.0
5.2424 0.0
5.12 0.0
5.0 0.0
