5.e+00 0.e+00
5.12e+00 0.e+00
5.2424e+00 5.528594e-04
5.367248e+00 3.409914e-03
5.494593e+00 1.319032e-02
5.624485e+00 3.624194e-02
5.756975e+00 6.884427e-02
5.892114e+00 1.129852e-01
6.029956e+00 1.671108e-01
6.170555e+00 2.248396e-01
6.313967e+00 2.853341e-01
6.460246e+00 3.438411e-01
6.609451e+00 3.988532e-01
6.76164e+00 4.506534e-01
6.916873e+00 4.988381e-01
7.075210e+00 5.437932e-01
7.236714e+00 5.854568e-01
7.401449e+00 6.240696e-01
7.569477e+00 6.599991e-01
7.740867e+00 6.930646e-01
7.915684e+00 7.235961e-01
8.093998e+00 7.516556e-01
8.275878e+00 7.772737e-01
8.461396e+00 8.005752e-01
8.650623e+00 8.219753e-01
8.843636e+00 8.415632e-01
9.040509e+00 8.593978e-01
9.241319e+00 8.756169e-01
9.446145e+00 8.903056e-01
9.655068e+00 9.035898e-01
9.86817e+00 9.155559e-01
1.008553e+01 9.263939e-01
1.030724e+01 9.360715e-01
1.053339e+01 9.447445e-01
1.076406e+01 9.523584e-01
1.099934e+01 9.591455e-01
1.123932e+01 9.651281e-01
1.148411e+01 9.703536e-01
1.173379e+01 9.749003e-01
1.198847e+01 9.788769e-01
1.224824e+01 9.822912e-01
1.251320e+01 9.852147e-01
1.278347e+01 9.877645e-01
1.305914e+01 9.898562e-01
1.334032e+01 9.916188e-01
1.362713e+01 9.931232e-01
1.391967e+01 9.943756e-01
1.421806e+01 9.954264e-01
1.452242e+01 9.962848e-01
1.483287e+01 9.969843e-01
1.514953e+01 9.975671e-01
1.547252e+01 9.980468e-01
1.580197e+01 9.984410e-01
1.613801e+01 9.987531e-01
1.648077e+01 9.989979e-01
1.683038e+01 9.991972e-01
1.718699e+01 9.993599e-01
1.755073e+01 9.994808e-01
1.792175e+01 9.995741e-01
1.830018e+01 9.996459e-01
1.868618e+01 9.996961e-01
1.907991e+01 9.997321e-01
1.948151e+01 9.997537e-01
1.989114e+01 9.997661e-01
2.030896e+01 9.997742e-01
2.073514e+01 9.997795e-01
2.116984e+01 9.997863e-01
2.161324e+01 9.997860e-01
2.206550e+01 9.997860e-01
2.252681e+01 9.99786e-01
2.299735e+01 9.997859e-01
2.34773e+01 9.997859e-01
2.396684e+01 9.997854e-01
2.446618e+01 9.997849e-01
2.497550e+01 9.997849e-01
2.549501e+01 9.997849e-01
2.602491e+01 9.997848e-01
2.656541e+01 9.997848e-01
2.711672e+01 9.997846e-01
2.767905e+01 9.997846e-01
2.825263e+01 9.997845e-01
2.883769e+01 9.997845e-01
2.943444e+01 9.997845e-01
3.004313e+01 9.997807e-01
3.066399e+01 9.997807e-01
3.129727e+01 9.997806e-01
3.194322e+01 9.997805e-01
3.260208e+01 9.997803e-01
3.327412e+01 9.997803e-01
3.395961e+01 9.997802e-01
3.46588e+01 9.997802e-01
3.537197e+01 9.997802e-01
