35.37197473298937 0.9997801780700684
34.65879875783272 0.9997801780700684
33.959606625326195 0.9997802376747131
33.27412414247666 0.9997802972793579
32.60208249262418 0.9997803568840027
31.943218130023702 0.999780535697937
31.297272676493826 0.9997805953025818
30.663992820091988 0.9997806549072266
30.043130215776458 0.9997806549072266
29.434441388016136 0.9997844696044922
28.837687635309937 0.9997844696044922
28.252634936578367 0.999784529209137
27.679053859390557 0.9997845888137817
27.11671946999074 0.9997845888137817
26.56541124508896 0.9997848272323608
26.024912985381334 0.9997848272323608
25.495012730766014 0.9997848868370056
24.97550267722158 0.9997849464416504
24.466179095315276 0.9997849464416504
23.966842250309092 0.999785304069519
23.477296323832444 0.9997859001159668
22.997349337090633 0.9997859001159668
22.52681307557905 0.9997859597206116
22.065503015273578 0.9997860193252563
21.613238250268214 0.9997860193252563
21.16984142183158 0.9997862577438354
20.73513864885449 0.9997802972793579
20.308959459661267 0.9997758269309998
19.891136725158105 0.9997671842575073
19.48150659329226 0.9997536540031433
19.079908424796333 0.9997325539588928
18.686184730192483 0.999697208404541
18.300181108031847 0.9996467232704163
17.921746184344947 0.9995766282081604
17.55073155327936 0.9994819760322571
17.186991718901332 0.9993515014648438
16.83038403813856 0.9991738796234131
16.480768664841726 0.9989553093910217
16.13800849494287 0.9986799955368042
15.801969112689086 0.9983338713645935
15.472518737930475 0.9978973865509033
15.149528174441642 0.9973609447479248
14.83287075925651 0.996701180934906
14.522422312996579 0.9959011673927307
14.218061091173116 0.994935929775238
13.91966773644423 0.99376380443573
13.62712523180807 0.9923484325408936
13.340318854713793 0.9906315803527832
13.059136132072346 0.9886158108711243
12.783466796149359 0.9862155318260193
12.5132027413229 0.9832713007926941
12.248237981689117 0.9798762202262878
11.988468609499135 0.975959300994873
11.733792754410917 0.9713654518127441
11.484110543540115 0.9660638570785522
11.23932406229423 0.9600284099578857
10.999337315974735 0.9530664682388306
10.764056192132093 0.945085883140564
10.533388423658915 0.9361055493354797
10.30724355260678 0.926054835319519
10.085532894712529 0.9143534898757935
9.868169504620125 0.90101557970047
9.655068141784437 0.8865938782691956
9.446145237043565 0.8704653382301331
9.241318859846633 0.8524627685546875
9.04050868612415 0.8325634598731995
8.843635966788382 0.8105235695838928
8.650623496851354 0.7860215902328491
8.461395585148386 0.7591662406921387
8.275878024655281 0.7294623255729675
8.09399806338753 0.6963657736778259
7.9156843758701285 0.6597659587860107
7.740867035166792 0.6200682520866394
7.569477485457639 0.576671302318573
7.401448515154549 0.5288647413253784
7.236714230543676 0.47661590576171875
7.075210029944779 0.4204421937465668
6.916872578377234 0.3586697578430176
6.761639782722778 0.29435864090919495
6.6094507673752725 0.22643369436264038
6.460245850367914 0.1579856425523758
6.3139665199685435 0.09550741314888
6.170555411733866 0.048973407596349716
6.029956286013594 0.02058999054133892
5.89211400589568 0.00512028019875288
5.756974515584 0.0004059242783114314
5.6244848192 0.0
5.49459296 0.0
5.367248 0.0
5.2424 0.0
5.12 0.0
5.0 0.0
