5.e+00 0.e+00
5.12e+00 0.e+00
5.2424e+00 0.e+00
5.367248e+00 0.e+00
5.494593e+00 0.e+00
5.624485e+00 0.e+00
5.756975e+00 0.e+00
5.892114e+00 0.e+00
6.029956e+00 0.e+00
6.170555e+00 0.e+00
6.313967e+00 0.e+00
6.460246e+00 0.e+00
6.609451e+00 0.e+00
6.76164e+00 0.e+00
6.916873e+00 0.e+00
7.075210e+00 0.e+00
7.236714e+00 0.e+00
7.401449e+00 0.e+00
7.569477e+00 1.139479e-03
7.740867e+00 4.834425e-03
7.915684e+00 2.091230e-02
8.093998e+00 5.651407e-02
8.275878e+00 1.10111e-01
8.461396e+00 1.811533e-01
8.650623e+00 2.594030e-01
8.843636e+00 3.395415e-01
9.040509e+00 4.13124e-01
9.241319e+00 4.797601e-01
9.446145e+00 5.3952e-01
9.655068e+00 5.932805e-01
9.86817e+00 6.414514e-01
1.008553e+01 6.847185e-01
1.030724e+01 7.233545e-01
1.053339e+01 7.578773e-01
1.076406e+01 7.886443e-01
1.099934e+01 8.159023e-01
1.123932e+01 8.398902e-01
1.148411e+01 8.611695e-01
1.173379e+01 8.800817e-01
1.198847e+01 8.969351e-01
1.224824e+01 9.116012e-01
1.251320e+01 9.24417e-01
1.278347e+01 9.356257e-01
1.305914e+01 9.454270e-01
1.334032e+01 9.540322e-01
1.362713e+01 9.614235e-01
1.391967e+01 9.677856e-01
1.421806e+01 9.732321e-01
1.452242e+01 9.779587e-01
1.483287e+01 9.818481e-01
1.514953e+01 9.851242e-01
1.547252e+01 9.878450e-01
1.580197e+01 9.901143e-01
1.613801e+01 9.919922e-01
1.648077e+01 9.93527e-01
1.683038e+01 9.947857e-01
1.718699e+01 9.958165e-01
1.755073e+01 9.966581e-01
1.792175e+01 9.973435e-01
1.830018e+01 9.978749e-01
1.868618e+01 9.983042e-01
1.907991e+01 9.986534e-01
1.948151e+01 9.989348e-01
1.989114e+01 9.991527e-01
2.030896e+01 9.993210e-01
2.073514e+01 9.994563e-01
2.116984e+01 9.995563e-01
2.161324e+01 9.996352e-01
2.206550e+01 9.996911e-01
2.252681e+01 9.997295e-01
2.299735e+01 9.997519e-01
2.34773e+01 9.997647e-01
2.396684e+01 9.997727e-01
2.446618e+01 9.997777e-01
2.497550e+01 9.997849e-01
2.549501e+01 9.997849e-01
2.602491e+01 9.997848e-01
2.656541e+01 9.997848e-01
2.711672e+01 9.997846e-01
2.767905e+01 9.997846e-01
2.825263e+01 9.997845e-01
2.883769e+01 9.997845e-01
2.943444e+01 9.997844e-01
3.004313e+01 9.997807e-01
3.066399e+01 9.997807e-01
3.129727e+01 9.997806e-01
3.194322e+01 9.997805e-01
3.260208e+01 9.997804e-01
3.327412e+01 9.997803e-01
3.395961e+01 9.997802e-01
3.46588e+01 9.997802e-01
3.537197e+01 9.997802e-01
