3.537197473298937211e+01 9.997801780700683594e-01
3.465879875783272013e+01 9.997801780700683594e-01
3.395960662532619523e+01 9.997802376747131348e-01
3.327412414247665851e+01 9.997802972793579102e-01
3.260208249262417723e+01 9.997803270816802979e-01
3.194321813002370192e+01 9.997805356979370117e-01
3.129727267649382583e+01 9.997805953025817871e-01
3.066399282009198757e+01 9.997806549072265625e-01
3.004313021577645770e+01 9.997806549072265625e-01
2.943444138801613619e+01 9.997844696044921875e-01
2.883768763530993695e+01 9.997844696044921875e-01
2.825263493657836733e+01 9.997845292091369629e-01
2.767905385939055662e+01 9.997845888137817383e-01
2.711671946999074123e+01 9.997845888137817383e-01
2.656541124508895990e+01 9.997848123311996460e-01
2.602491298538133435e+01 9.997848272323608398e-01
2.549501273076601393e+01 9.997848868370056152e-01
2.497550267722158068e+01 9.997849464416503906e-01
2.446617909531527602e+01 9.997849464416503906e-01
2.396684225030909232e+01 9.997853189706802368e-01
2.347729632383244436e+01 9.997859001159667969e-01
2.299734933709063256e+01 9.997859001159667969e-01
2.252681307557904944e+01 9.997859597206115723e-01
2.206550301527357760e+01 9.997860193252563477e-01
2.161323825026821410e+01 9.997812658548355103e-01
2.116984142183158113e+01 9.997770041227340698e-01
2.073513864885449109e+01 9.997700899839401245e-01
2.030895945966126703e+01 9.997587800025939941e-01
1.989113672515810549e+01 9.997426271438598633e-01
1.948150659329225931e+01 9.997154474258422852e-01
1.907990842479633287e+01 9.996724873781204224e-01
1.868618473019248327e+01 9.996100515127182007e-01
1.830018110803184683e+01 9.995263963937759399e-01
1.792174618434494704e+01 9.994139522314071655e-01
1.755073155327935908e+01 9.992654174566268921e-01
1.718699171890133215e+01 9.990735352039337158e-01
1.683038403813856121e+01 9.988355338573455811e-01
1.648076866484172598e+01 9.985355138778686523e-01
1.613800849494286993e+01 9.981604367494583130e-01
1.580196911268908622e+01 9.976961612701416016e-01
1.547251873793047494e+01 9.971204996109008789e-01
1.514952817444164168e+01 9.964196830987930298e-01
1.483287075925650988e+01 9.955666810274124146e-01
1.452242231299657860e+01 9.945266842842102051e-01
1.421806109117311578e+01 9.932246953248977661e-01
1.391966773644423050e+01 9.916805326938629150e-01
1.362712523180806912e+01 9.898517876863479614e-01
1.334031885471379297e+01 9.876693785190582275e-01
1.305913613207234647e+01 9.850588589906692505e-01
1.278346679614935866e+01 9.820138663053512573e-01
1.251320274132289967e+01 9.784366935491561890e-01
1.224823798168911715e+01 9.742544442415237427e-01
1.198846860949913484e+01 9.694307148456573486e-01
1.173379275441091707e+01 9.638852030038833618e-01
1.148411054354011540e+01 9.573254734277725220e-01
1.123932406229423009e+01 9.498435109853744507e-01
1.099933731597473496e+01 9.414798468351364136e-01
1.076405619213209341e+01 9.320019930601119995e-01
1.053338842365891459e+01 9.212500154972076416e-01
1.030724355260677960e+01 9.092643409967422485e-01
1.008553289471252867e+01 8.958762288093566895e-01
9.868169504620125210e+00 8.809292912483215332e-01
9.655068141784436619e+00 8.643370270729064941e-01
9.446145237043564791e+00 8.459015637636184692e-01
9.241318859846632705e+00 8.252760916948318481e-01
9.040508686124150373e+00 8.026186078786849976e-01
8.843635966788381708e+00 7.776542603969573975e-01
8.650623496851354233e+00 7.501237094402313232e-01
8.461395585148386189e+00 7.197195738554000854e-01
8.275878024655280996e+00 6.862935721874237061e-01
8.093998063387530806e+00 6.495533585548400879e-01
7.915684375870128520e+00 6.094870269298553467e-01
7.740867035166791865e+00 5.658448487520217896e-01
7.569477485457639432e+00 5.183918774127960205e-01
7.401448515154548602e+00 4.669811129570007324e-01
7.236714230543675797e+00 4.111963734030723572e-01
7.075210029944779322e+00 3.509593755006790161e-01
6.916872578377233793e+00 2.866785377264022827e-01
6.761639782722777881e+00 2.203125022351741791e-01
6.609450767375272484e+00 1.551041752099990845e-01
6.460245850367914322e+00 9.595789015293121338e-02
6.313966519968543523e+00 5.061668902635574341e-02
6.170555411733865903e+00 2.117686439305543900e-02
6.029956286013593569e+00 5.611093831248581409e-03
5.892114005895679796e+00 8.969593400252051651e-04
5.756974515583999974e+00 3.883287354256026447e-05
5.624484819200000096e+00 0.000000000000000000e+00
5.494592960000000303e+00 0.000000000000000000e+00
5.367248000000000019e+00 0.000000000000000000e+00
5.242399999999999949e+00 0.000000000000000000e+00
5.120000000000000107e+00 0.000000000000000000e+00
5.000000000000000000e+00 0.000000000000000000e+00
