5.e+00 1.083533e-03
5.12e+00 9.332542e-03
5.2424e+00 2.667832e-02
5.367248e+00 5.611569e-02
5.494593e+00 1.000753e-01
5.624485e+00 1.535501e-01
5.756975e+00 2.095080e-01
5.892114e+00 2.64498e-01
6.029956e+00 3.178157e-01
6.170555e+00 3.691086e-01
6.313967e+00 4.170355e-01
6.460246e+00 4.623117e-01
6.609451e+00 5.046544e-01
6.76164e+00 5.439701e-01
6.916873e+00 5.808291e-01
7.075210e+00 6.151991e-01
7.236714e+00 6.470200e-01
7.401449e+00 6.769357e-01
7.569477e+00 7.044946e-01
7.740867e+00 7.300859e-01
7.915684e+00 7.538328e-01
8.093998e+00 7.760597e-01
8.275878e+00 7.966321e-01
8.461396e+00 8.156669e-01
8.650623e+00 8.333802e-01
8.843636e+00 8.496975e-01
9.040509e+00 8.647488e-01
9.241319e+00 8.787400e-01
9.446145e+00 8.916628e-01
9.655068e+00 9.033886e-01
9.86817e+00 9.14148e-01
1.008553e+01 9.240139e-01
1.030724e+01 9.329241e-01
1.053339e+01 9.410009e-01
1.076406e+01 9.483507e-01
1.099934e+01 9.549413e-01
1.123932e+01 9.608662e-01
1.148411e+01 9.663903e-01
1.173379e+01 9.710933e-01
1.198847e+01 9.751804e-01
1.224824e+01 9.787627e-01
1.251320e+01 9.819063e-01
1.278347e+01 9.846361e-01
1.305914e+01 9.869964e-01
1.334032e+01 9.890646e-01
1.362713e+01 9.908191e-01
1.391967e+01 9.923403e-01
1.421806e+01 9.936664e-01
1.452242e+01 9.947529e-01
1.483287e+01 9.956605e-01
1.514953e+01 9.964317e-01
1.547252e+01 9.97072e-01
1.580197e+01 9.976095e-01
1.613801e+01 9.980624e-01
1.648077e+01 9.984353e-01
1.683038e+01 9.987388e-01
1.718699e+01 9.989856e-01
1.755073e+01 9.991829e-01
1.792175e+01 9.993414e-01
1.830018e+01 9.994683e-01
1.868618e+01 9.995637e-01
1.907991e+01 9.996397e-01
1.948151e+01 9.996941e-01
1.989114e+01 9.997301e-01
2.030896e+01 9.99751e-01
2.073514e+01 9.997639e-01
2.116984e+01 9.99772e-01
2.161324e+01 9.997778e-01
2.206550e+01 9.997818e-01
2.252681e+01 9.997859e-01
2.299735e+01 9.997858e-01
2.34773e+01 9.997849e-01
2.396684e+01 9.997849e-01
2.446618e+01 9.997849e-01
2.497550e+01 9.997849e-01
2.549501e+01 9.997848e-01
2.602491e+01 9.997848e-01
2.656541e+01 9.997848e-01
2.711672e+01 9.997846e-01
2.767905e+01 9.997846e-01
2.825263e+01 9.997845e-01
2.883769e+01 9.997845e-01
2.943444e+01 9.997845e-01
3.004313e+01 9.997807e-01
3.066399e+01 9.997807e-01
3.129727e+01 9.997806e-01
3.194322e+01 9.997805e-01
3.260208e+01 9.997804e-01
3.327412e+01 9.997803e-01
3.395961e+01 9.997802e-01
3.46588e+01 9.997802e-01
3.537197e+01 9.997802e-01
