5.e+00 0.e+00
5.12e+00 0.e+00
5.2424e+00 0.e+00
5.367248e+00 4.093013e-04
5.494593e+00 6.041503e-03
5.624485e+00 2.319164e-02
5.756975e+00 4.972875e-02
5.892114e+00 8.602241e-02
6.029956e+00 1.269487e-01
6.170555e+00 1.688229e-01
6.313967e+00 2.128130e-01
6.460246e+00 2.555193e-01
6.609451e+00 2.964785e-01
6.76164e+00 3.357555e-01
6.916873e+00 3.728810e-01
7.075210e+00 4.084107e-01
7.236714e+00 4.421766e-01
7.401449e+00 4.740617e-01
7.569477e+00 5.043015e-01
7.740867e+00 5.328089e-01
7.915684e+00 5.599542e-01
8.093998e+00 5.855606e-01
8.275878e+00 6.098521e-01
8.461396e+00 6.328805e-01
8.650623e+00 6.548948e-01
8.843636e+00 6.757339e-01
9.040509e+00 6.955664e-01
9.241319e+00 7.143741e-01
9.446145e+00 7.323997e-01
9.655068e+00 7.495607e-01
9.86817e+00 7.658630e-01
1.008553e+01 7.814124e-01
1.030724e+01 7.962505e-01
1.053339e+01 8.103031e-01
1.076406e+01 8.2376e-01
1.099934e+01 8.364799e-01
1.123932e+01 8.485015e-01
1.148411e+01 8.598789e-01
1.173379e+01 8.707473e-01
1.198847e+01 8.810505e-01
1.224824e+01 8.907236e-01
1.251320e+01 8.998354e-01
1.278347e+01 9.084302e-01
1.305914e+01 9.164786e-01
1.334032e+01 9.240652e-01
1.362713e+01 9.311413e-01
1.391967e+01 9.377556e-01
1.421806e+01 9.438835e-01
1.452242e+01 9.495580e-01
1.483287e+01 9.548303e-01
1.514953e+01 9.596691e-01
1.547252e+01 9.641035e-01
1.580197e+01 9.681588e-01
1.613801e+01 9.718459e-01
1.648077e+01 9.752390e-01
1.683038e+01 9.782859e-01
1.718699e+01 9.810392e-01
1.755073e+01 9.835176e-01
1.792175e+01 9.857275e-01
1.830018e+01 9.877069e-01
1.868618e+01 9.894631e-01
1.907991e+01 9.910179e-01
1.948151e+01 9.923755e-01
1.989114e+01 9.93564e-01
2.030896e+01 9.94601e-01
2.073514e+01 9.954907e-01
2.116984e+01 9.962475e-01
2.161324e+01 9.968897e-01
2.206550e+01 9.974298e-01
2.252681e+01 9.978877e-01
2.299735e+01 9.982646e-01
2.34773e+01 9.985750e-01
2.396684e+01 9.988308e-01
2.446618e+01 9.990398e-01
2.497550e+01 9.992099e-01
2.549501e+01 9.993476e-01
2.602491e+01 9.994567e-01
2.656541e+01 9.995433e-01
2.711672e+01 9.996113e-01
2.767905e+01 9.996635e-01
2.825263e+01 9.997047e-01
2.883769e+01 9.997330e-01
2.943444e+01 9.997492e-01
3.004313e+01 9.997566e-01
3.066399e+01 9.997619e-01
3.129727e+01 9.997668e-01
3.194322e+01 9.997712e-01
3.260208e+01 9.997803e-01
3.327412e+01 9.997803e-01
3.395961e+01 9.997802e-01
3.46588e+01 9.997802e-01
3.537197e+01 9.997802e-01
