5.e+00 0.e+00
5.12e+00 0.e+00
5.2424e+00 0.e+00
5.367248e+00 6.886397e-04
5.494593e+00 1.191677e-02
5.624485e+00 3.008999e-02
5.756975e+00 6.142017e-02
5.892114e+00 1.030578e-01
6.029956e+00 1.481136e-01
6.170555e+00 1.943296e-01
6.313967e+00 2.401036e-01
6.460246e+00 2.848229e-01
6.609451e+00 3.271413e-01
6.76164e+00 3.67797e-01
6.916873e+00 4.067734e-01
7.075210e+00 4.432338e-01
7.236714e+00 4.777587e-01
7.401449e+00 5.107681e-01
7.569477e+00 5.417409e-01
7.740867e+00 5.710234e-01
7.915684e+00 5.987126e-01
8.093998e+00 6.248105e-01
8.275878e+00 6.496431e-01
8.461396e+00 6.731784e-01
8.650623e+00 6.956178e-01
8.843636e+00 7.168518e-01
9.040509e+00 7.370314e-01
9.241319e+00 7.561519e-01
9.446145e+00 7.743166e-01
9.655068e+00 7.915043e-01
9.86817e+00 8.078451e-01
1.008553e+01 8.233079e-01
1.030724e+01 8.378661e-01
1.053339e+01 8.515460e-01
1.076406e+01 8.644837e-01
1.099934e+01 8.767501e-01
1.123932e+01 8.882186e-01
1.148411e+01 8.989506e-01
1.173379e+01 9.089329e-01
1.198847e+01 9.182397e-01
1.224824e+01 9.268361e-01
1.251320e+01 9.347838e-01
1.278347e+01 9.421102e-01
1.305914e+01 9.487889e-01
1.334032e+01 9.548969e-01
1.362713e+01 9.604133e-01
1.391967e+01 9.654479e-01
1.421806e+01 9.699809e-01
1.452242e+01 9.740272e-01
1.483287e+01 9.776385e-01
1.514953e+01 9.808322e-01
1.547252e+01 9.836511e-01
1.580197e+01 9.861351e-01
1.613801e+01 9.882988e-01
1.648077e+01 9.901803e-01
1.683038e+01 9.918028e-01
1.718699e+01 9.931947e-01
1.755073e+01 9.943817e-01
1.792175e+01 9.953778e-01
1.830018e+01 9.962242e-01
1.868618e+01 9.969313e-01
1.907991e+01 9.975212e-01
1.948151e+01 9.980107e-01
1.989114e+01 9.984121e-01
2.030896e+01 9.987342e-01
2.073514e+01 9.989831e-01
2.116984e+01 9.991822e-01
2.161324e+01 9.993410e-01
2.206550e+01 9.994634e-01
2.252681e+01 9.995556e-01
2.299735e+01 9.996254e-01
2.34773e+01 9.996814e-01
2.396684e+01 9.997237e-01
2.446618e+01 9.997484e-01
2.497550e+01 9.997595e-01
2.549501e+01 9.997669e-01
2.602491e+01 9.997738e-01
2.656541e+01 9.997780e-01
2.711672e+01 9.997846e-01
2.767905e+01 9.997846e-01
2.825263e+01 9.997845e-01
2.883769e+01 9.997845e-01
2.943444e+01 9.997845e-01
3.004313e+01 9.997807e-01
3.066399e+01 9.997807e-01
3.129727e+01 9.997806e-01
3.194322e+01 9.997805e-01
3.260208e+01 9.997804e-01
3.327412e+01 9.997803e-01
3.395961e+01 9.997802e-01
3.46588e+01 9.997802e-01
3.537197e+01 9.997802e-01
