5.e+00 3.969453e-02
5.12e+00 7.214533e-02
5.2424e+00 1.15714e-01
5.367248e+00 1.688545e-01
5.494593e+00 2.257933e-01
5.624485e+00 2.852678e-01
5.756975e+00 3.433845e-01
5.892114e+00 3.973114e-01
6.029956e+00 4.478643e-01
6.170555e+00 4.943289e-01
6.313967e+00 5.374114e-01
6.460246e+00 5.77149e-01
6.609451e+00 6.139586e-01
6.76164e+00 6.479558e-01
6.916873e+00 6.795254e-01
7.075210e+00 7.086096e-01
7.236714e+00 7.353708e-01
7.401449e+00 7.600873e-01
7.569477e+00 7.827362e-01
7.740867e+00 8.035235e-01
7.915684e+00 8.225717e-01
8.093998e+00 8.401715e-01
8.275878e+00 8.563679e-01
8.461396e+00 8.713452e-01
8.650623e+00 8.849592e-01
8.843636e+00 8.974876e-01
9.040509e+00 9.08901e-01
9.241319e+00 9.192478e-01
9.446145e+00 9.286327e-01
9.655068e+00 9.370636e-01
9.86817e+00 9.446891e-01
1.008553e+01 9.515668e-01
1.030724e+01 9.577761e-01
1.053339e+01 9.632962e-01
1.076406e+01 9.682292e-01
1.099934e+01 9.726368e-01
1.123932e+01 9.764711e-01
1.148411e+01 9.798593e-01
1.173379e+01 9.828388e-01
1.198847e+01 9.854454e-01
1.224824e+01 9.877033e-01
1.251320e+01 9.896365e-01
1.278347e+01 9.913278e-01
1.305914e+01 9.92788e-01
1.334032e+01 9.940053e-01
1.362713e+01 9.950284e-01
1.391967e+01 9.959131e-01
1.421806e+01 9.966359e-01
1.452242e+01 9.97247e-01
1.483287e+01 9.977574e-01
1.514953e+01 9.981781e-01
1.547252e+01 9.985231e-01
1.580197e+01 9.988083e-01
1.613801e+01 9.990348e-01
1.648077e+01 9.992211e-01
1.683038e+01 9.993672e-01
1.718699e+01 9.994819e-01
1.755073e+01 9.995713e-01
1.792175e+01 9.996404e-01
1.830018e+01 9.996877e-01
1.868618e+01 9.997238e-01
1.907991e+01 9.997476e-01
1.948151e+01 9.997609e-01
1.989114e+01 9.997706e-01
2.030896e+01 9.997766e-01
2.073514e+01 9.997808e-01
2.116984e+01 9.997862e-01
2.161324e+01 9.997860e-01
2.206550e+01 9.997860e-01
2.252681e+01 9.99786e-01
2.299735e+01 9.997859e-01
2.34773e+01 9.997859e-01
2.396684e+01 9.997854e-01
2.446618e+01 9.997849e-01
2.497550e+01 9.997849e-01
2.549501e+01 9.997849e-01
2.602491e+01 9.997848e-01
2.656541e+01 9.997848e-01
2.711672e+01 9.997846e-01
2.767905e+01 9.997846e-01
2.825263e+01 9.997845e-01
2.883769e+01 9.997845e-01
2.943444e+01 9.997845e-01
3.004313e+01 9.997807e-01
3.066399e+01 9.997807e-01
3.129727e+01 9.997806e-01
3.194322e+01 9.997805e-01
3.260208e+01 9.997803e-01
3.327412e+01 9.997803e-01
3.395961e+01 9.997802e-01
3.46588e+01 9.997802e-01
3.537197e+01 9.997802e-01
