5.e+00 0.e+00
5.12e+00 0.e+00
5.2424e+00 0.e+00
5.367248e+00 8.007821e-04
5.494593e+00 5.406721e-03
5.624485e+00 1.957676e-02
5.756975e+00 4.526209e-02
5.892114e+00 8.010043e-02
6.029956e+00 1.22767e-01
6.170555e+00 1.669717e-01
6.313967e+00 2.114542e-01
6.460246e+00 2.545745e-01
6.609451e+00 2.956209e-01
6.76164e+00 3.344138e-01
6.916873e+00 3.713649e-01
7.075210e+00 4.06779e-01
7.236714e+00 4.405313e-01
7.401449e+00 4.726219e-01
7.569477e+00 5.030930e-01
7.740867e+00 5.319220e-01
7.915684e+00 5.592306e-01
8.093998e+00 5.851889e-01
8.275878e+00 6.097656e-01
8.461396e+00 6.331178e-01
8.650623e+00 6.553823e-01
8.843636e+00 6.765176e-01
9.040509e+00 6.966352e-01
9.241319e+00 7.157795e-01
9.446145e+00 7.33945e-01
9.655068e+00 7.512671e-01
9.86817e+00 7.679524e-01
1.008553e+01 7.837857e-01
1.030724e+01 7.988632e-01
1.053339e+01 8.132831e-01
1.076406e+01 8.269132e-01
1.099934e+01 8.398686e-01
1.123932e+01 8.522669e-01
1.148411e+01 8.639337e-01
1.173379e+01 8.749743e-01
1.198847e+01 8.854357e-01
1.224824e+01 8.953655e-01
1.251320e+01 9.047158e-01
1.278347e+01 9.134532e-01
1.305914e+01 9.216844e-01
1.334032e+01 9.293435e-01
1.362713e+01 9.364319e-01
1.391967e+01 9.430344e-01
1.421806e+01 9.491576e-01
1.452242e+01 9.548104e-01
1.483287e+01 9.599864e-01
1.514953e+01 9.647416e-01
1.547252e+01 9.690584e-01
1.580197e+01 9.729588e-01
1.613801e+01 9.764601e-01
1.648077e+01 9.796099e-01
1.683038e+01 9.824303e-01
1.718699e+01 9.849507e-01
1.755073e+01 9.871776e-01
1.792175e+01 9.891362e-01
1.830018e+01 9.908395e-01
1.868618e+01 9.92324e-01
1.907991e+01 9.936004e-01
1.948151e+01 9.946918e-01
1.989114e+01 9.956266e-01
2.030896e+01 9.964186e-01
2.073514e+01 9.970797e-01
2.116984e+01 9.976289e-01
2.161324e+01 9.980855e-01
2.206550e+01 9.984595e-01
2.252681e+01 9.987617e-01
2.299735e+01 9.990057e-01
2.34773e+01 9.992011e-01
2.396684e+01 9.993521e-01
2.446618e+01 9.994678e-01
2.497550e+01 9.995583e-01
2.549501e+01 9.996245e-01
2.602491e+01 9.996764e-01
2.656541e+01 9.997188e-01
2.711672e+01 9.997471e-01
2.767905e+01 9.99757e-01
2.825263e+01 9.997629e-01
2.883769e+01 9.997689e-01
2.943444e+01 9.997751e-01
3.004313e+01 9.997807e-01
3.066399e+01 9.997807e-01
3.129727e+01 9.997806e-01
3.194322e+01 9.997805e-01
3.260208e+01 9.997804e-01
3.327412e+01 9.997803e-01
3.395961e+01 9.997802e-01
3.46588e+01 9.997802e-01
3.537197e+01 9.997802e-01
