5.e+00 0.e+00
5.12e+00 1.235382e-03
5.2424e+00 8.03866e-03
5.367248e+00 2.576347e-02
5.494593e+00 5.105492e-02
5.624485e+00 8.571614e-02
5.756975e+00 1.291902e-01
5.892114e+00 1.771028e-01
6.029956e+00 2.275903e-01
6.170555e+00 2.786589e-01
6.313967e+00 3.268818e-01
6.460246e+00 3.731308e-01
6.609451e+00 4.166135e-01
6.76164e+00 4.577025e-01
6.916873e+00 4.964791e-01
7.075210e+00 5.328395e-01
7.236714e+00 5.670866e-01
7.401449e+00 5.995567e-01
7.569477e+00 6.299415e-01
7.740867e+00 6.585094e-01
7.915684e+00 6.852064e-01
8.093998e+00 7.103049e-01
8.275878e+00 7.336776e-01
8.461396e+00 7.556546e-01
8.650623e+00 7.762038e-01
8.843636e+00 7.956336e-01
9.040509e+00 8.137389e-01
9.241319e+00 8.306782e-01
9.446145e+00 8.464543e-01
9.655068e+00 8.610334e-01
9.86817e+00 8.746377e-01
1.008553e+01 8.87292e-01
1.030724e+01 8.990104e-01
1.053339e+01 9.09755e-01
1.076406e+01 9.196768e-01
1.099934e+01 9.288232e-01
1.123932e+01 9.370961e-01
1.148411e+01 9.446518e-01
1.173379e+01 9.514967e-01
1.198847e+01 9.576652e-01
1.224824e+01 9.632196e-01
1.251320e+01 9.681407e-01
1.278347e+01 9.725538e-01
1.305914e+01 9.765068e-01
1.334032e+01 9.799712e-01
1.362713e+01 9.829748e-01
1.391967e+01 9.856074e-01
1.421806e+01 9.878827e-01
1.452242e+01 9.898513e-01
1.483287e+01 9.915799e-01
1.514953e+01 9.930453e-01
1.547252e+01 9.942475e-01
1.580197e+01 9.952526e-01
1.613801e+01 9.960975e-01
1.648077e+01 9.96812e-01
1.683038e+01 9.974082e-01
1.718699e+01 9.978969e-01
1.755073e+01 9.983059e-01
1.792175e+01 9.986344e-01
1.830018e+01 9.988974e-01
1.868618e+01 9.991111e-01
1.907991e+01 9.992792e-01
1.948151e+01 9.994134e-01
1.989114e+01 9.995196e-01
2.030896e+01 9.996026e-01
2.073514e+01 9.996638e-01
2.116984e+01 9.997105e-01
2.161324e+01 9.997403e-01
2.206550e+01 9.997569e-01
2.252681e+01 9.997666e-01
2.299735e+01 9.997736e-01
2.34773e+01 9.997786e-01
2.396684e+01 9.997849e-01
2.446618e+01 9.997849e-01
2.497550e+01 9.997849e-01
2.549501e+01 9.997848e-01
2.602491e+01 9.997848e-01
2.656541e+01 9.997847e-01
2.711672e+01 9.997846e-01
2.767905e+01 9.997846e-01
2.825263e+01 9.997845e-01
2.883769e+01 9.997845e-01
2.943444e+01 9.997844e-01
3.004313e+01 9.997807e-01
3.066399e+01 9.997807e-01
3.129727e+01 9.997806e-01
3.194322e+01 9.997805e-01
3.260208e+01 9.997803e-01
3.327412e+01 9.997803e-01
3.395961e+01 9.997802e-01
3.46588e+01 9.997802e-01
3.537197e+01 9.997802e-01
