5.e+00 2.873908e-02
5.12e+00 5.956201e-02
5.2424e+00 1.057963e-01
5.367248e+00 1.638522e-01
5.494593e+00 2.25504e-01
5.624485e+00 2.859645e-01
5.756975e+00 3.430282e-01
5.892114e+00 3.979136e-01
6.029956e+00 4.483514e-01
6.170555e+00 4.953046e-01
6.313967e+00 5.389323e-01
6.460246e+00 5.786874e-01
6.609451e+00 6.155093e-01
6.76164e+00 6.496586e-01
6.916873e+00 6.811001e-01
7.075210e+00 7.099485e-01
7.236714e+00 7.363832e-01
7.401449e+00 7.609507e-01
7.569477e+00 7.834706e-01
7.740867e+00 8.041924e-01
7.915684e+00 8.232248e-01
8.093998e+00 8.407809e-01
8.275878e+00 8.569087e-01
8.461396e+00 8.717090e-01
8.650623e+00 8.85316e-01
8.843636e+00 8.977004e-01
9.040509e+00 9.090316e-01
9.241319e+00 9.193420e-01
9.446145e+00 9.286944e-01
9.655068e+00 9.371430e-01
9.86817e+00 9.448401e-01
1.008553e+01 9.51742e-01
1.030724e+01 9.578800e-01
1.053339e+01 9.633823e-01
1.076406e+01 9.68301e-01
1.099934e+01 9.726792e-01
1.123932e+01 9.765182e-01
1.148411e+01 9.799265e-01
1.173379e+01 9.828798e-01
1.198847e+01 9.854856e-01
1.224824e+01 9.877297e-01
1.251320e+01 9.896687e-01
1.278347e+01 9.913635e-01
1.305914e+01 9.927806e-01
1.334032e+01 9.939954e-01
1.362713e+01 9.950117e-01
1.391967e+01 9.958917e-01
1.421806e+01 9.966220e-01
1.452242e+01 9.972318e-01
1.483287e+01 9.977444e-01
1.514953e+01 9.981624e-01
1.547252e+01 9.985046e-01
1.580197e+01 9.987962e-01
1.613801e+01 9.990281e-01
1.648077e+01 9.992148e-01
1.683038e+01 9.993634e-01
1.718699e+01 9.994798e-01
1.755073e+01 9.995705e-01
1.792175e+01 9.996362e-01
1.830018e+01 9.996869e-01
1.868618e+01 9.997227e-01
1.907991e+01 9.997458e-01
1.948151e+01 9.997604e-01
1.989114e+01 9.997705e-01
2.030896e+01 9.997770e-01
2.073514e+01 9.997813e-01
2.116984e+01 9.997863e-01
2.161324e+01 9.997860e-01
2.206550e+01 9.997860e-01
2.252681e+01 9.99786e-01
2.299735e+01 9.997859e-01
2.34773e+01 9.997859e-01
2.396684e+01 9.997853e-01
2.446618e+01 9.997849e-01
2.497550e+01 9.997849e-01
2.549501e+01 9.997849e-01
2.602491e+01 9.997848e-01
2.656541e+01 9.997848e-01
2.711672e+01 9.997846e-01
2.767905e+01 9.997846e-01
2.825263e+01 9.997845e-01
2.883769e+01 9.997845e-01
2.943444e+01 9.997845e-01
3.004313e+01 9.997807e-01
3.066399e+01 9.997807e-01
3.129727e+01 9.997806e-01
3.194322e+01 9.997805e-01
3.260208e+01 9.997804e-01
3.327412e+01 9.997803e-01
3.395961e+01 9.997802e-01
3.46588e+01 9.997802e-01
3.537197e+01 9.997802e-01
