5.e+00 3.258030e-02
5.12e+00 6.493099e-02
5.2424e+00 1.104689e-01
5.367248e+00 1.663805e-01
5.494593e+00 2.258986e-01
5.624485e+00 2.856953e-01
5.756975e+00 3.433515e-01
5.892114e+00 3.975781e-01
6.029956e+00 4.479560e-01
6.170555e+00 4.944359e-01
6.313967e+00 5.375208e-01
6.460246e+00 5.773862e-01
6.609451e+00 6.143001e-01
6.76164e+00 6.48494e-01
6.916873e+00 6.800677e-01
7.07521e+00 7.090637e-01
7.236714e+00 7.357066e-01
7.401449e+00 7.603315e-01
7.569477e+00 7.829801e-01
7.740867e+00 8.037796e-01
7.915684e+00 8.228951e-01
8.093998e+00 8.404935e-01
8.275878e+00 8.56662e-01
8.461396e+00 8.715606e-01
8.650623e+00 8.851878e-01
8.843636e+00 8.976303e-01
9.040509e+00 9.089791e-01
9.241319e+00 9.192987e-01
9.446145e+00 9.28672e-01
9.655068e+00 9.371395e-01
9.86817e+00 9.448093e-01
1.008553e+01 9.516901e-01
1.030724e+01 9.578643e-01
1.053339e+01 9.633883e-01
1.076406e+01 9.683062e-01
1.099934e+01 9.726779e-01
1.123932e+01 9.765246e-01
1.148411e+01 9.799055e-01
1.173379e+01 9.828691e-01
1.198847e+01 9.854724e-01
1.224824e+01 9.877234e-01
1.25132e+01 9.89665e-01
1.278347e+01 9.913475e-01
1.305914e+01 9.927874e-01
1.334032e+01 9.940007e-01
1.362713e+01 9.950236e-01
1.391967e+01 9.959003e-01
1.421806e+01 9.966313e-01
1.452242e+01 9.972426e-01
1.483287e+01 9.977545e-01
1.514953e+01 9.981747e-01
1.547252e+01 9.985178e-01
1.580197e+01 9.988043e-01
1.613801e+01 9.990311e-01
1.648077e+01 9.992182e-01
1.683038e+01 9.993646e-01
1.718699e+01 9.994804e-01
1.755073e+01 9.995700e-01
1.792175e+01 9.996380e-01
1.830018e+01 9.996878e-01
1.868618e+01 9.997231e-01
1.907991e+01 9.997462e-01
1.948151e+01 9.997603e-01
1.989114e+01 9.997703e-01
2.030896e+01 9.997768e-01
2.073514e+01 9.997812e-01
2.116984e+01 9.997862e-01
2.161324e+01 9.997860e-01
2.20655e+01 9.997860e-01
2.252681e+01 9.997860e-01
2.299735e+01 9.997859e-01
2.34773e+01 9.997859e-01
2.396684e+01 9.997853e-01
2.446618e+01 9.997849e-01
2.49755e+01 9.997849e-01
2.549501e+01 9.997849e-01
2.602491e+01 9.997848e-01
2.656541e+01 9.997848e-01
2.711672e+01 9.997846e-01
2.767905e+01 9.997846e-01
2.825263e+01 9.997845e-01
2.883769e+01 9.997845e-01
2.943444e+01 9.997845e-01
3.004313e+01 9.997807e-01
3.066399e+01 9.997807e-01
3.129727e+01 9.997806e-01
3.194322e+01 9.997805e-01
3.260208e+01 9.997803e-01
3.327412e+01 9.997803e-01
3.395961e+01 9.997802e-01
3.46588e+01 9.997802e-01
3.537197e+01 9.997802e-01
