5.e+00 3.235314e-02
5.12e+00 6.710695e-02
5.2424e+00 1.132323e-01
5.367248e+00 1.683260e-01
5.494593e+00 2.261995e-01
5.624485e+00 2.849749e-01
5.756975e+00 3.431658e-01
5.892114e+00 3.970964e-01
6.029956e+00 4.473431e-01
6.170555e+00 4.936658e-01
6.313967e+00 5.36636e-01
6.460246e+00 5.766684e-01
6.609451e+00 6.137518e-01
6.76164e+00 6.481324e-01
6.916873e+00 6.798273e-01
7.075210e+00 7.089017e-01
7.236714e+00 7.356725e-01
7.401449e+00 7.603337e-01
7.569477e+00 7.8297e-01
7.740867e+00 8.038048e-01
7.915684e+00 8.230101e-01
8.093998e+00 8.405869e-01
8.275878e+00 8.567722e-01
8.461396e+00 8.716993e-01
8.650623e+00 8.853491e-01
8.843636e+00 8.97763e-01
9.040509e+00 9.090685e-01
9.241319e+00 9.193570e-01
9.446145e+00 9.287162e-01
9.655068e+00 9.372133e-01
9.86817e+00 9.448628e-01
1.008553e+01 9.517238e-01
1.030724e+01 9.579165e-01
1.053339e+01 9.634290e-01
1.076406e+01 9.683536e-01
1.099934e+01 9.727085e-01
1.123932e+01 9.765405e-01
1.148411e+01 9.798918e-01
1.173379e+01 9.828643e-01
1.198847e+01 9.854831e-01
1.224824e+01 9.877267e-01
1.251320e+01 9.896683e-01
1.278347e+01 9.913436e-01
1.305914e+01 9.927761e-01
1.334032e+01 9.939899e-01
1.362713e+01 9.950307e-01
1.391967e+01 9.959009e-01
1.421806e+01 9.966368e-01
1.452242e+01 9.972464e-01
1.483287e+01 9.977598e-01
1.514953e+01 9.981775e-01
1.547252e+01 9.985179e-01
1.580197e+01 9.988019e-01
1.613801e+01 9.990254e-01
1.648077e+01 9.992166e-01
1.683038e+01 9.993615e-01
1.718699e+01 9.994800e-01
1.755073e+01 9.995677e-01
1.792175e+01 9.996363e-01
1.830018e+01 9.996882e-01
1.868618e+01 9.997224e-01
1.907991e+01 9.997451e-01
1.948151e+01 9.997596e-01
1.989114e+01 9.997696e-01
2.030896e+01 9.997764e-01
2.073514e+01 9.997808e-01
2.116984e+01 9.997862e-01
2.161324e+01 9.997860e-01
2.206550e+01 9.997860e-01
2.252681e+01 9.99786e-01
2.299735e+01 9.997859e-01
2.34773e+01 9.997859e-01
2.396684e+01 9.997854e-01
2.446618e+01 9.997849e-01
2.497550e+01 9.997849e-01
2.549501e+01 9.997849e-01
2.602491e+01 9.997848e-01
2.656541e+01 9.997848e-01
2.711672e+01 9.997846e-01
2.767905e+01 9.997846e-01
2.825263e+01 9.997845e-01
2.883769e+01 9.997845e-01
2.943444e+01 9.997845e-01
3.004313e+01 9.997807e-01
3.066399e+01 9.997807e-01
3.129727e+01 9.997806e-01
3.194322e+01 9.997805e-01
3.260208e+01 9.997803e-01
3.327412e+01 9.997803e-01
3.395961e+01 9.997802e-01
3.46588e+01 9.997802e-01
3.537197e+01 9.997802e-01
