5.e+00 0.e+00
5.12e+00 0.e+00
5.2424e+00 3.876857e-06
5.367248e+00 2.467931e-03
5.494593e+00 1.452037e-02
5.624485e+00 3.681887e-02
5.756975e+00 6.866931e-02
5.892114e+00 1.092601e-01
6.029956e+00 1.526510e-01
6.170555e+00 1.973836e-01
6.313967e+00 2.437333e-01
6.460246e+00 2.874625e-01
6.609451e+00 3.301122e-01
6.76164e+00 3.702997e-01
6.916873e+00 4.084722e-01
7.075210e+00 4.451817e-01
7.236714e+00 4.797563e-01
7.401449e+00 5.125397e-01
7.569477e+00 5.435824e-01
7.740867e+00 5.728483e-01
7.915684e+00 6.006731e-01
8.093998e+00 6.268994e-01
8.275878e+00 6.517265e-01
8.461396e+00 6.752793e-01
8.650623e+00 6.977114e-01
8.843636e+00 7.188337e-01
9.040509e+00 7.389132e-01
9.241319e+00 7.579086e-01
9.446145e+00 7.760115e-01
9.655068e+00 7.931371e-01
9.86817e+00 8.093371e-01
1.008553e+01 8.246395e-01
1.030724e+01 8.391328e-01
1.053339e+01 8.527348e-01
1.076406e+01 8.656124e-01
1.099934e+01 8.777356e-01
1.123932e+01 8.89075e-01
1.148411e+01 8.996438e-01
1.173379e+01 9.095906e-01
1.198847e+01 9.188253e-01
1.224824e+01 9.273486e-01
1.251320e+01 9.351982e-01
1.278347e+01 9.424421e-01
1.305914e+01 9.490649e-01
1.334032e+01 9.551531e-01
1.362713e+01 9.606725e-01
1.391967e+01 9.656625e-01
1.421806e+01 9.701605e-01
1.452242e+01 9.741706e-01
1.483287e+01 9.777771e-01
1.514953e+01 9.809623e-01
1.547252e+01 9.837572e-01
1.580197e+01 9.862192e-01
1.613801e+01 9.883492e-01
1.648077e+01 9.902245e-01
1.683038e+01 9.918325e-01
1.718699e+01 9.932085e-01
1.755073e+01 9.943915e-01
1.792175e+01 9.953877e-01
1.830018e+01 9.962313e-01
1.868618e+01 9.969363e-01
1.907991e+01 9.975259e-01
1.948151e+01 9.980167e-01
1.989114e+01 9.984193e-01
2.030896e+01 9.987381e-01
2.073514e+01 9.989877e-01
2.116984e+01 9.991866e-01
2.161324e+01 9.993420e-01
2.206550e+01 9.994647e-01
2.252681e+01 9.99557e-01
2.299735e+01 9.996265e-01
2.34773e+01 9.996834e-01
2.396684e+01 9.997246e-01
2.446618e+01 9.997482e-01
2.497550e+01 9.997582e-01
2.549501e+01 9.997656e-01
2.602491e+01 9.997731e-01
2.656541e+01 9.99778e-01
2.711672e+01 9.997846e-01
2.767905e+01 9.997846e-01
2.825263e+01 9.997845e-01
2.883769e+01 9.997845e-01
2.943444e+01 9.997844e-01
3.004313e+01 9.997807e-01
3.066399e+01 9.997807e-01
3.129727e+01 9.997806e-01
3.194322e+01 9.997805e-01
3.260208e+01 9.997803e-01
3.327412e+01 9.997803e-01
3.395961e+01 9.997802e-01
3.46588e+01 9.997802e-01
3.537197e+01 9.997802e-01
