5.e+00 0.e+00
5.12e+00 0.e+00
5.2424e+00 0.e+00
5.367248e+00 6.834807e-04
5.494593e+00 4.826121e-03
5.624485e+00 1.796615e-02
5.756975e+00 4.278503e-02
5.892114e+00 7.694320e-02
6.029956e+00 1.190383e-01
6.170555e+00 1.629075e-01
6.313967e+00 2.071072e-01
6.460246e+00 2.499929e-01
6.609451e+00 2.908202e-01
6.76164e+00 3.29437e-01
6.916873e+00 3.661486e-01
7.075210e+00 4.013655e-01
7.236714e+00 4.34929e-01
7.401449e+00 4.668405e-01
7.569477e+00 4.971618e-01
7.740867e+00 5.258327e-01
7.915684e+00 5.529982e-01
8.093998e+00 5.788125e-01
8.275878e+00 6.032586e-01
8.461396e+00 6.264773e-01
8.650623e+00 6.486048e-01
8.843636e+00 6.696205e-01
9.040509e+00 6.896109e-01
9.241319e+00 7.086543e-01
9.446145e+00 7.267345e-01
9.655068e+00 7.439712e-01
9.86817e+00 7.605826e-01
1.008553e+01 7.763478e-01
1.030724e+01 7.913589e-01
1.053339e+01 8.057238e-01
1.076406e+01 8.193255e-01
1.099934e+01 8.322504e-01
1.123932e+01 8.446198e-01
1.148411e+01 8.562605e-01
1.173379e+01 8.672776e-01
1.198847e+01 8.777219e-01
1.224824e+01 8.876519e-01
1.251320e+01 8.970329e-01
1.278347e+01 9.058138e-01
1.305914e+01 9.141218e-01
1.334032e+01 9.218782e-01
1.362713e+01 9.29083e-01
1.391967e+01 9.358279e-01
1.421806e+01 9.421161e-01
1.452242e+01 9.479693e-01
1.483287e+01 9.533558e-01
1.514953e+01 9.583593e-01
1.547252e+01 9.629365e-01
1.580197e+01 9.671186e-01
1.613801e+01 9.709199e-01
1.648077e+01 9.743843e-01
1.683038e+01 9.775218e-01
1.718699e+01 9.803784e-01
1.755073e+01 9.829406e-01
1.792175e+01 9.852427e-01
1.830018e+01 9.872837e-01
1.868618e+01 9.890935e-01
1.907991e+01 9.906819e-01
1.948151e+01 9.920719e-01
1.989114e+01 9.933001e-01
2.030896e+01 9.943695e-01
2.073514e+01 9.952876e-01
2.116984e+01 9.960746e-01
2.161324e+01 9.967495e-01
2.206550e+01 9.973186e-01
2.252681e+01 9.977940e-01
2.299735e+01 9.981837e-01
2.34773e+01 9.985107e-01
2.396684e+01 9.987779e-01
2.446618e+01 9.989966e-01
2.497550e+01 9.991751e-01
2.549501e+01 9.99319e-01
2.602491e+01 9.994352e-01
2.656541e+01 9.995263e-01
2.711672e+01 9.995963e-01
2.767905e+01 9.996537e-01
2.825263e+01 9.996951e-01
2.883769e+01 9.99728e-01
2.943444e+01 9.997481e-01
3.004313e+01 9.99757e-01
3.066399e+01 9.997622e-01
3.129727e+01 9.997667e-01
3.194322e+01 9.997711e-01
3.260208e+01 9.997804e-01
3.327412e+01 9.997803e-01
3.395961e+01 9.997802e-01
3.46588e+01 9.997802e-01
3.537197e+01 9.997802e-01
