5.e+00 2.345961e-03
5.12e+00 1.096027e-02
5.2424e+00 3.020728e-02
5.367248e+00 6.300113e-02
5.494593e+00 1.060148e-01
5.624485e+00 1.568288e-01
5.756975e+00 2.095019e-01
5.892114e+00 2.641015e-01
6.029956e+00 3.179680e-01
6.170555e+00 3.684573e-01
6.313967e+00 4.161183e-01
6.460246e+00 4.606205e-01
6.609451e+00 5.027590e-01
6.76164e+00 5.423235e-01
6.916873e+00 5.793131e-01
7.075210e+00 6.139243e-01
7.236714e+00 6.460659e-01
7.401449e+00 6.759251e-01
7.569477e+00 7.037621e-01
7.740867e+00 7.295399e-01
7.915684e+00 7.535017e-01
8.093998e+00 7.757833e-01
8.275878e+00 7.964520e-01
8.461396e+00 8.155727e-01
8.650623e+00 8.333352e-01
8.843636e+00 8.496717e-01
9.040509e+00 8.64742e-01
9.241319e+00 8.787406e-01
9.446145e+00 8.917091e-01
9.655068e+00 9.034647e-01
9.86817e+00 9.141943e-01
1.008553e+01 9.240632e-01
1.030724e+01 9.329582e-01
1.053339e+01 9.410315e-01
1.076406e+01 9.48407e-01
1.099934e+01 9.549862e-01
1.123932e+01 9.609144e-01
1.148411e+01 9.66375e-01
1.173379e+01 9.710948e-01
1.198847e+01 9.751714e-01
1.224824e+01 9.787533e-01
1.251320e+01 9.818879e-01
1.278347e+01 9.845917e-01
1.305914e+01 9.869722e-01
1.334032e+01 9.890624e-01
1.362713e+01 9.908265e-01
1.391967e+01 9.923403e-01
1.421806e+01 9.936689e-01
1.452242e+01 9.947580e-01
1.483287e+01 9.956722e-01
1.514953e+01 9.964417e-01
1.547252e+01 9.970796e-01
1.580197e+01 9.976181e-01
1.613801e+01 9.980640e-01
1.648077e+01 9.984357e-01
1.683038e+01 9.987369e-01
1.718699e+01 9.989871e-01
1.755073e+01 9.991832e-01
1.792175e+01 9.993417e-01
1.830018e+01 9.994695e-01
1.868618e+01 9.995661e-01
1.907991e+01 9.99642e-01
1.948151e+01 9.996939e-01
1.989114e+01 9.997299e-01
2.030896e+01 9.997505e-01
2.073514e+01 9.997625e-01
2.116984e+01 9.997707e-01
2.161324e+01 9.997777e-01
2.206550e+01 9.997816e-01
2.252681e+01 9.997859e-01
2.299735e+01 9.997858e-01
2.34773e+01 9.997849e-01
2.396684e+01 9.997849e-01
2.446618e+01 9.997849e-01
2.497550e+01 9.997849e-01
2.549501e+01 9.997848e-01
2.602491e+01 9.997848e-01
2.656541e+01 9.997848e-01
2.711672e+01 9.997846e-01
2.767905e+01 9.997846e-01
2.825263e+01 9.997845e-01
2.883769e+01 9.997845e-01
2.943444e+01 9.997844e-01
3.004313e+01 9.997807e-01
3.066399e+01 9.997807e-01
3.129727e+01 9.997806e-01
3.194322e+01 9.997805e-01
3.260208e+01 9.997803e-01
3.327412e+01 9.997803e-01
3.395961e+01 9.997802e-01
3.46588e+01 9.997802e-01
3.537197e+01 9.997802e-01
