5.e+00 0.e+00
5.12e+00 2.262576e-04
5.2424e+00 5.758955e-03
5.367248e+00 2.021312e-02
5.494593e+00 4.675606e-02
5.624485e+00 8.341993e-02
5.756975e+00 1.289459e-01
5.892114e+00 1.770657e-01
6.029956e+00 2.272349e-01
6.170555e+00 2.781545e-01
6.313967e+00 3.261631e-01
6.460246e+00 3.722394e-01
6.609451e+00 4.156207e-01
6.76164e+00 4.567817e-01
6.916873e+00 4.958547e-01
7.075210e+00 5.326520e-01
7.236714e+00 5.672646e-01
7.401449e+00 5.997645e-01
7.569477e+00 6.301688e-01
7.740867e+00 6.586751e-01
7.915684e+00 6.855333e-01
8.093998e+00 7.105951e-01
8.275878e+00 7.340562e-01
8.461396e+00 7.560850e-01
8.650623e+00 7.767633e-01
8.843636e+00 7.96079e-01
9.040509e+00 8.141471e-01
9.241319e+00 8.309950e-01
9.446145e+00 8.466852e-01
9.655068e+00 8.613311e-01
9.86817e+00 8.749176e-01
1.008553e+01 8.875483e-01
1.030724e+01 8.992592e-01
1.053339e+01 9.099910e-01
1.076406e+01 9.199039e-01
1.099934e+01 9.289818e-01
1.123932e+01 9.372693e-01
1.148411e+01 9.44759e-01
1.173379e+01 9.516048e-01
1.198847e+01 9.577933e-01
1.224824e+01 9.633139e-01
1.251320e+01 9.682498e-01
1.278347e+01 9.726475e-01
1.305914e+01 9.765462e-01
1.334032e+01 9.799964e-01
1.362713e+01 9.830060e-01
1.391967e+01 9.856114e-01
1.421806e+01 9.878893e-01
1.452242e+01 9.898606e-01
1.483287e+01 9.916008e-01
1.514953e+01 9.930605e-01
1.547252e+01 9.942511e-01
1.580197e+01 9.952565e-01
1.613801e+01 9.960957e-01
1.648077e+01 9.968127e-01
1.683038e+01 9.974012e-01
1.718699e+01 9.978817e-01
1.755073e+01 9.98292e-01
1.792175e+01 9.986225e-01
1.830018e+01 9.988886e-01
1.868618e+01 9.991050e-01
1.907991e+01 9.992754e-01
1.948151e+01 9.994109e-01
1.989114e+01 9.995177e-01
2.030896e+01 9.995996e-01
2.073514e+01 9.996629e-01
2.116984e+01 9.997092e-01
2.161324e+01 9.99738e-01
2.206550e+01 9.997557e-01
2.252681e+01 9.997658e-01
2.299735e+01 9.997736e-01
2.34773e+01 9.997787e-01
2.396684e+01 9.997849e-01
2.446618e+01 9.997849e-01
2.497550e+01 9.997849e-01
2.549501e+01 9.997848e-01
2.602491e+01 9.997848e-01
2.656541e+01 9.997848e-01
2.711672e+01 9.997846e-01
2.767905e+01 9.997846e-01
2.825263e+01 9.997845e-01
2.883769e+01 9.997845e-01
2.943444e+01 9.997844e-01
3.004313e+01 9.997807e-01
3.066399e+01 9.997807e-01
3.129727e+01 9.997806e-01
3.194322e+01 9.997805e-01
3.260208e+01 9.997803e-01
3.327412e+01 9.997803e-01
3.395961e+01 9.997802e-01
3.46588e+01 9.997802e-01
3.537197e+01 9.997802e-01
