5.e+00 0.e+00
5.12e+00 0.e+00
5.2424e+00 3.663108e-03
5.367248e+00 1.748006e-02
5.494593e+00 4.044591e-02
5.624485e+00 7.714041e-02
5.756975e+00 1.243850e-01
5.892114e+00 1.754016e-01
6.029956e+00 2.268846e-01
6.170555e+00 2.770957e-01
6.313967e+00 3.261671e-01
6.460246e+00 3.721743e-01
6.609451e+00 4.162517e-01
6.76164e+00 4.578973e-01
6.916873e+00 4.967604e-01
7.075210e+00 5.334845e-01
7.236714e+00 5.678766e-01
7.401449e+00 6.00343e-01
7.569477e+00 6.306564e-01
7.740867e+00 6.590312e-01
7.915684e+00 6.855971e-01
8.093998e+00 7.106038e-01
8.275878e+00 7.339845e-01
8.461396e+00 7.559286e-01
8.650623e+00 7.765879e-01
8.843636e+00 7.958970e-01
9.040509e+00 8.139758e-01
9.241319e+00 8.308027e-01
9.446145e+00 8.465080e-01
9.655068e+00 8.610705e-01
9.86817e+00 8.747227e-01
1.008553e+01 8.874002e-01
1.030724e+01 8.990820e-01
1.053339e+01 9.098377e-01
1.076406e+01 9.197378e-01
1.099934e+01 9.288645e-01
1.123932e+01 9.371539e-01
1.148411e+01 9.447272e-01
1.173379e+01 9.515386e-01
1.198847e+01 9.577435e-01
1.224824e+01 9.632794e-01
1.251320e+01 9.682370e-01
1.278347e+01 9.726726e-01
1.305914e+01 9.765694e-01
1.334032e+01 9.799903e-01
1.362713e+01 9.829761e-01
1.391967e+01 9.85604e-01
1.421806e+01 9.878815e-01
1.452242e+01 9.898469e-01
1.483287e+01 9.915793e-01
1.514953e+01 9.930406e-01
1.547252e+01 9.942355e-01
1.580197e+01 9.952475e-01
1.613801e+01 9.960952e-01
1.648077e+01 9.968084e-01
1.683038e+01 9.974011e-01
1.718699e+01 9.978869e-01
1.755073e+01 9.982984e-01
1.792175e+01 9.986262e-01
1.830018e+01 9.988905e-01
1.868618e+01 9.991059e-01
1.907991e+01 9.992774e-01
1.948151e+01 9.994109e-01
1.989114e+01 9.995179e-01
2.030896e+01 9.995986e-01
2.073514e+01 9.996608e-01
2.116984e+01 9.997098e-01
2.161324e+01 9.997389e-01
2.206550e+01 9.997559e-01
2.252681e+01 9.997667e-01
2.299735e+01 9.997739e-01
2.34773e+01 9.997789e-01
2.396684e+01 9.997849e-01
2.446618e+01 9.997849e-01
2.497550e+01 9.997849e-01
2.549501e+01 9.997848e-01
2.602491e+01 9.997848e-01
2.656541e+01 9.997848e-01
2.711672e+01 9.997846e-01
2.767905e+01 9.997846e-01
2.825263e+01 9.997845e-01
2.883769e+01 9.997845e-01
2.943444e+01 9.997845e-01
3.004313e+01 9.997807e-01
3.066399e+01 9.997807e-01
3.129727e+01 9.997806e-01
3.194322e+01 9.997805e-01
3.260208e+01 9.997804e-01
3.327412e+01 9.997803e-01
3.395961e+01 9.997802e-01
3.46588e+01 9.997802e-01
3.537197e+01 9.997802e-01
