5.e+00 0.e+00
5.12e+00 0.e+00
5.2424e+00 1.879724e-04
5.367248e+00 2.711448e-03
5.494593e+00 1.154188e-02
5.624485e+00 3.141721e-02
5.756975e+00 6.175691e-02
5.892114e+00 1.021298e-01
6.029956e+00 1.478462e-01
6.170555e+00 1.943573e-01
6.313967e+00 2.403284e-01
6.460246e+00 2.846489e-01
6.609451e+00 3.269165e-01
6.76164e+00 3.666821e-01
6.916873e+00 4.047461e-01
7.075210e+00 4.412403e-01
7.236714e+00 4.758227e-01
7.401449e+00 5.087298e-01
7.569477e+00 5.399023e-01
7.740867e+00 5.693642e-01
7.915684e+00 5.972474e-01
8.093998e+00 6.236823e-01
8.275878e+00 6.486535e-01
8.461396e+00 6.724287e-01
8.650623e+00 6.949575e-01
8.843636e+00 7.163361e-01
9.040509e+00 7.365335e-01
9.241319e+00 7.556816e-01
9.446145e+00 7.738045e-01
9.655068e+00 7.91043e-01
9.86817e+00 8.074788e-01
1.008553e+01 8.229412e-01
1.030724e+01 8.375694e-01
1.053339e+01 8.51392e-01
1.076406e+01 8.643589e-01
1.099934e+01 8.765782e-01
1.123932e+01 8.881291e-01
1.148411e+01 8.988639e-01
1.173379e+01 9.08834e-01
1.198847e+01 9.181193e-01
1.224824e+01 9.267561e-01
1.251320e+01 9.347368e-01
1.278347e+01 9.420408e-01
1.305914e+01 9.487885e-01
1.334032e+01 9.549004e-01
1.362713e+01 9.604226e-01
1.391967e+01 9.654436e-01
1.421806e+01 9.699679e-01
1.452242e+01 9.740301e-01
1.483287e+01 9.776461e-01
1.514953e+01 9.808686e-01
1.547252e+01 9.836966e-01
1.580197e+01 9.861718e-01
1.613801e+01 9.883251e-01
1.648077e+01 9.901917e-01
1.683038e+01 9.918012e-01
1.718699e+01 9.931929e-01
1.755073e+01 9.943796e-01
1.792175e+01 9.953864e-01
1.830018e+01 9.962270e-01
1.868618e+01 9.969343e-01
1.907991e+01 9.975218e-01
1.948151e+01 9.98008e-01
1.989114e+01 9.984121e-01
2.030896e+01 9.987324e-01
2.073514e+01 9.98983e-01
2.116984e+01 9.991816e-01
2.161324e+01 9.993420e-01
2.206550e+01 9.994644e-01
2.252681e+01 9.995563e-01
2.299735e+01 9.996257e-01
2.34773e+01 9.996803e-01
2.396684e+01 9.997247e-01
2.446618e+01 9.997494e-01
2.497550e+01 9.997594e-01
2.549501e+01 9.997666e-01
2.602491e+01 9.997731e-01
2.656541e+01 9.997783e-01
2.711672e+01 9.997846e-01
2.767905e+01 9.997846e-01
2.825263e+01 9.997845e-01
2.883769e+01 9.997845e-01
2.943444e+01 9.997845e-01
3.004313e+01 9.997807e-01
3.066399e+01 9.997807e-01
3.129727e+01 9.997806e-01
3.194322e+01 9.997805e-01
3.260208e+01 9.997804e-01
3.327412e+01 9.997803e-01
3.395961e+01 9.997802e-01
3.46588e+01 9.997802e-01
3.537197e+01 9.997802e-01
