5.e+00 1.570796e-02 0.e+00
5.e+00 2.346256e-02 0.e+00
5.e+00 3.503514e-02 0.e+00
5.e+00 5.263151e-02 0.e+00
5.e+00 7.314235e-02 0.e+00
5.e+00 1.025928e-01 0.e+00
5.e+00 1.448116e-01 0.e+00
5.e+00 2.023460e-01 0.e+00
5.e+00 2.834245e-01 0.e+00
5.e+00 3.967448e-01 0.e+00
5.e+00 5.552783e-01 0.e+00
5.e+00 7.774819e-01 0.e+00
5.e+00 1.088445e+00 0.e+00
5.e+00 1.523711e+00 0.e+00
5.e+00 2.088426e+00 0.e+00
5.e+00 2.685505e+00 0.e+00
5.12e+00 1.570796e-02 -7.868985e-05
5.12e+00 2.346256e-02 -5.900336e-05
5.12e+00 3.503514e-02 -9.726901e-05
5.12e+00 5.263151e-02 -5.692655e-05
5.12e+00 7.314235e-02 -1.944221e-04
5.12e+00 1.025928e-01 -1.225201e-05
5.12e+00 1.448116e-01 -9.521016e-05
5.12e+00 2.023460e-01 -1.235399e-04
5.12e+00 2.834245e-01 -1.265784e-04
5.12e+00 3.967448e-01 -7.992462e-05
5.12e+00 5.552783e-01 -7.066387e-05
5.12e+00 7.774819e-01 -7.982464e-05
5.12e+00 1.088445e+00 -7.872975e-05
5.12e+00 1.523711e+00 -7.028229e-05
5.12e+00 2.088426e+00 -7.621293e-05
5.12e+00 2.685505e+00 -7.83892e-05
5.2424e+00 1.570796e-02 -2.924044e-04
5.2424e+00 2.346256e-02 -2.671296e-04
5.2424e+00 3.503514e-02 -3.474324e-04
5.2424e+00 5.263151e-02 -5.89656e-04
5.2424e+00 7.314235e-02 -8.984863e-04
5.2424e+00 1.025928e-01 -6.58177e-04
5.2424e+00 1.448116e-01 -8.036458e-04
5.2424e+00 2.023460e-01 -8.355288e-04
5.2424e+00 2.834245e-01 -7.803118e-04
5.2424e+00 3.967448e-01 -6.385627e-04
5.2424e+00 5.552783e-01 -5.701959e-04
5.2424e+00 7.774819e-01 -5.555145e-04
5.2424e+00 1.088445e+00 -4.922593e-04
5.2424e+00 1.523711e+00 -4.748593e-04
5.2424e+00 2.088426e+00 -5.063908e-04
5.2424e+00 2.685505e+00 -5.295542e-04
5.367248e+00 1.570796e-02 -5.566667e-04
5.367248e+00 2.346256e-02 -7.513863e-04
5.367248e+00 3.503514e-02 -1.119517e-03
5.367248e+00 5.263151e-02 -1.883424e-03
5.367248e+00 7.314235e-02 -2.920264e-03
5.367248e+00 1.025928e-01 -2.115097e-03
5.367248e+00 1.448116e-01 -2.683388e-03
5.367248e+00 2.023460e-01 -2.529030e-03
5.367248e+00 2.834245e-01 -2.543362e-03
5.367248e+00 3.967448e-01 -2.082831e-03
5.367248e+00 5.552783e-01 -1.878028e-03
5.367248e+00 7.774819e-01 -1.798322e-03
5.367248e+00 1.088445e+00 -1.609335e-03
5.367248e+00 1.523711e+00 -1.511257e-03
5.367248e+00 2.088426e+00 -1.591741e-03
5.367248e+00 2.685505e+00 -1.674544e-03
5.494593e+00 1.570796e-02 -6.754966e-04
5.494593e+00 2.346256e-02 -1.308894e-03
5.494593e+00 3.503514e-02 -2.207888e-03
5.494593e+00 5.263151e-02 -3.261669e-03
5.494593e+00 7.314235e-02 -5.418127e-03
5.494593e+00 1.025928e-01 -4.159199e-03
5.494593e+00 1.448116e-01 -4.971591e-03
5.494593e+00 2.023460e-01 -5.294328e-03
5.494593e+00 2.834245e-01 -4.951555e-03
5.494593e+00 3.967448e-01 -4.262819e-03
5.494593e+00 5.552783e-01 -4.015565e-03
5.494593e+00 7.774819e-01 -3.647145e-03
5.494593e+00 1.088445e+00 -3.224615e-03
5.494593e+00 1.523711e+00 -2.996384e-03
5.494593e+00 2.088426e+00 -3.130623e-03
5.494593e+00 2.685505e+00 -3.245498e-03
5.624485e+00 1.570796e-02 -7.376344e-04
5.624485e+00 2.346256e-02 -1.773249e-03
5.624485e+00 3.503514e-02 -3.236966e-03
5.624485e+00 5.263151e-02 -4.799474e-03
5.624485e+00 7.314235e-02 -8.035682e-03
5.624485e+00 1.025928e-01 -7.159529e-03
5.624485e+00 1.448116e-01 -8.352192e-03
5.624485e+00 2.023460e-01 -8.855719e-03
5.624485e+00 2.834245e-01 -8.461226e-03
5.624485e+00 3.967448e-01 -7.427425e-03
5.624485e+00 5.552783e-01 -6.905767e-03
5.624485e+00 7.774819e-01 -6.289172e-03
5.624485e+00 1.088445e+00 -5.461563e-03
5.624485e+00 1.523711e+00 -5.010618e-03
5.624485e+00 2.088426e+00 -5.198303e-03
5.624485e+00 2.685505e+00 -5.329331e-03
5.756975e+00 1.570796e-02 -7.751516e-04
5.756975e+00 2.346256e-02 -1.998085e-03
5.756975e+00 3.503514e-02 -3.938614e-03
5.756975e+00 5.263151e-02 -6.198333e-03
5.756975e+00 7.314235e-02 -1.055228e-02
5.756975e+00 1.025928e-01 -1.050197e-02
5.756975e+00 1.448116e-01 -1.274101e-02
5.756975e+00 2.023460e-01 -1.321284e-02
5.756975e+00 2.834245e-01 -1.297094e-02
5.756975e+00 3.967448e-01 -1.141660e-02
5.756975e+00 5.552783e-01 -1.062194e-02
5.756975e+00 7.774819e-01 -9.625614e-03
5.756975e+00 1.088445e+00 -8.341014e-03
5.756975e+00 1.523711e+00 -7.528693e-03
5.756975e+00 2.088426e+00 -7.738015e-03
5.756975e+00 2.685505e+00 -7.847658e-03
5.892114e+00 1.570796e-02 -7.911866e-04
5.892114e+00 2.346256e-02 -1.977468e-03
5.892114e+00 3.503514e-02 -4.279494e-03
5.892114e+00 5.263151e-02 -7.237032e-03
5.892114e+00 7.314235e-02 -1.240897e-02
5.892114e+00 1.025928e-01 -1.375839e-02
5.892114e+00 1.448116e-01 -1.696258e-02
5.892114e+00 2.023460e-01 -1.76924e-02
5.892114e+00 2.834245e-01 -1.760344e-02
5.892114e+00 3.967448e-01 -1.581291e-02
5.892114e+00 5.552783e-01 -1.488868e-02
5.892114e+00 7.774819e-01 -1.328588e-02
5.892114e+00 1.088445e+00 -1.154719e-02
5.892114e+00 1.523711e+00 -1.029352e-02
5.892114e+00 2.088426e+00 -1.050224e-02
5.892114e+00 2.685505e+00 -1.056624e-02
6.029956e+00 1.570796e-02 -8.068905e-04
6.029956e+00 2.346256e-02 -1.953704e-03
6.029956e+00 3.503514e-02 -4.377336e-03
6.029956e+00 5.263151e-02 -7.678923e-03
6.029956e+00 7.314235e-02 -1.359737e-02
6.029956e+00 1.025928e-01 -1.616768e-02
6.029956e+00 1.448116e-01 -2.101952e-02
6.029956e+00 2.023460e-01 -2.206213e-02
6.029956e+00 2.834245e-01 -2.22465e-02
6.029956e+00 3.967448e-01 -2.051721e-02
6.029956e+00 5.552783e-01 -1.928008e-02
6.029956e+00 7.774819e-01 -1.727447e-02
6.029956e+00 1.088445e+00 -1.490998e-02
6.029956e+00 1.523711e+00 -1.322443e-02
6.029956e+00 2.088426e+00 -1.334334e-02
6.029956e+00 2.685505e+00 -1.339855e-02
6.170555e+00 1.570796e-02 -7.710160e-04
6.170555e+00 2.346256e-02 -1.877273e-03
6.170555e+00 3.503514e-02 -4.214107e-03
6.170555e+00 5.263151e-02 -7.647212e-03
6.170555e+00 7.314235e-02 -1.414144e-02
6.170555e+00 1.025928e-01 -1.791949e-02
6.170555e+00 1.448116e-01 -2.429134e-02
6.170555e+00 2.023460e-01 -2.615301e-02
6.170555e+00 2.834245e-01 -2.661853e-02
6.170555e+00 3.967448e-01 -2.511892e-02
6.170555e+00 5.552783e-01 -2.363504e-02
6.170555e+00 7.774819e-01 -2.123736e-02
6.170555e+00 1.088445e+00 -1.830984e-02
6.170555e+00 1.523711e+00 -1.616449e-02
6.170555e+00 2.088426e+00 -1.618339e-02
6.170555e+00 2.685505e+00 -1.615003e-02
6.313967e+00 1.570796e-02 -7.232910e-04
6.313967e+00 2.346256e-02 -1.771141e-03
6.313967e+00 3.503514e-02 -3.993658e-03
6.313967e+00 5.263151e-02 -7.479150e-03
6.313967e+00 7.314235e-02 -1.417099e-02
6.313967e+00 1.025928e-01 -1.883075e-02
6.313967e+00 1.448116e-01 -2.625122e-02
6.313967e+00 2.023460e-01 -2.926582e-02
6.313967e+00 2.834245e-01 -3.039244e-02
6.313967e+00 3.967448e-01 -2.913223e-02
6.313967e+00 5.552783e-01 -2.768913e-02
6.313967e+00 7.774819e-01 -2.482962e-02
6.313967e+00 1.088445e+00 -2.145769e-02
6.313967e+00 1.523711e+00 -1.886893e-02
6.313967e+00 2.088426e+00 -1.875104e-02
6.313967e+00 2.685505e+00 -1.84203e-02
6.460246e+00 1.570796e-02 -6.63025e-04
6.460246e+00 2.346256e-02 -1.649176e-03
6.460246e+00 3.503514e-02 -3.75214e-03
6.460246e+00 5.263151e-02 -7.158062e-03
6.460246e+00 7.314235e-02 -1.379489e-02
6.460246e+00 1.025928e-01 -1.908893e-02
6.460246e+00 1.448116e-01 -2.740591e-02
6.460246e+00 2.023460e-01 -3.151224e-02
6.460246e+00 2.834245e-01 -3.341471e-02
6.460246e+00 3.967448e-01 -3.261037e-02
6.460246e+00 5.552783e-01 -3.128362e-02
6.460246e+00 7.774819e-01 -2.822516e-02
6.460246e+00 1.088445e+00 -2.437885e-02
6.460246e+00 1.523711e+00 -2.131456e-02
6.460246e+00 2.088426e+00 -2.102227e-02
6.460246e+00 2.685505e+00 -2.044546e-02
6.609451e+00 1.570796e-02 -6.173887e-04
6.609451e+00 2.346256e-02 -1.556851e-03
6.609451e+00 3.503514e-02 -3.451066e-03
6.609451e+00 5.263151e-02 -6.70745e-03
6.609451e+00 7.314235e-02 -1.309578e-02
6.609451e+00 1.025928e-01 -1.871801e-02
6.609451e+00 1.448116e-01 -2.77304e-02
6.609451e+00 2.023460e-01 -3.274818e-02
6.609451e+00 2.834245e-01 -3.558990e-02
6.609451e+00 3.967448e-01 -3.549534e-02
6.609451e+00 5.552783e-01 -3.433129e-02
6.609451e+00 7.774819e-01 -3.119019e-02
6.609451e+00 1.088445e+00 -2.698771e-02
6.609451e+00 1.523711e+00 -2.349658e-02
6.609451e+00 2.088426e+00 -2.301074e-02
6.609451e+00 2.685505e+00 -2.21153e-02
6.76164e+00 1.570796e-02 -5.731424e-04
6.76164e+00 2.346256e-02 -1.454938e-03
6.76164e+00 3.503514e-02 -3.130889e-03
6.76164e+00 5.263151e-02 -6.206084e-03
6.76164e+00 7.314235e-02 -1.233454e-02
6.76164e+00 1.025928e-01 -1.795177e-02
6.76164e+00 1.448116e-01 -2.743679e-02
6.76164e+00 2.023460e-01 -3.326433e-02
6.76164e+00 2.834245e-01 -3.705854e-02
6.76164e+00 3.967448e-01 -3.776883e-02
6.76164e+00 5.552783e-01 -3.685898e-02
6.76164e+00 7.774819e-01 -3.375323e-02
6.76164e+00 1.088445e+00 -2.931710e-02
6.76164e+00 1.523711e+00 -2.544911e-02
6.76164e+00 2.088426e+00 -2.478216e-02
6.76164e+00 2.685505e+00 -2.365369e-02
6.916873e+00 1.570796e-02 -5.331107e-04
6.916873e+00 2.346256e-02 -1.347801e-03
6.916873e+00 3.503514e-02 -2.82399e-03
6.916873e+00 5.263151e-02 -5.724412e-03
6.916873e+00 7.314235e-02 -1.145345e-02
6.916873e+00 1.025928e-01 -1.703829e-02
6.916873e+00 1.448116e-01 -2.659727e-02
6.916873e+00 2.023460e-01 -3.314986e-02
6.916873e+00 2.834245e-01 -3.784141e-02
6.916873e+00 3.967448e-01 -3.929742e-02
6.916873e+00 5.552783e-01 -3.885609e-02
6.916873e+00 7.774819e-01 -3.586799e-02
6.916873e+00 1.088445e+00 -3.127839e-02
6.916873e+00 1.523711e+00 -2.718043e-02
6.916873e+00 2.088426e+00 -2.632002e-02
6.916873e+00 2.685505e+00 -2.48717e-02
7.075210e+00 1.570796e-02 -4.952568e-04
7.075210e+00 2.346256e-02 -1.257884e-03
7.075210e+00 3.503514e-02 -2.579332e-03
7.075210e+00 5.263151e-02 -5.267732e-03
7.075210e+00 7.314235e-02 -1.058883e-02
7.075210e+00 1.025928e-01 -1.595777e-02
7.075210e+00 1.448116e-01 -2.532613e-02
7.075210e+00 2.023460e-01 -3.239696e-02
7.075210e+00 2.834245e-01 -3.793229e-02
7.075210e+00 3.967448e-01 -4.018371e-02
7.075210e+00 5.552783e-01 -4.032705e-02
7.075210e+00 7.774819e-01 -3.750173e-02
7.075210e+00 1.088445e+00 -3.286278e-02
7.075210e+00 1.523711e+00 -2.864183e-02
7.075210e+00 2.088426e+00 -2.759298e-02
7.075210e+00 2.685505e+00 -2.58134e-02
7.236714e+00 1.570796e-02 -4.529577e-04
7.236714e+00 2.346256e-02 -1.167904e-03
7.236714e+00 3.503514e-02 -2.368387e-03
7.236714e+00 5.263151e-02 -4.851895e-03
7.236714e+00 7.314235e-02 -9.754285e-03
7.236714e+00 1.025928e-01 -1.477428e-02
7.236714e+00 1.448116e-01 -2.381723e-02
7.236714e+00 2.023460e-01 -3.122312e-02
7.236714e+00 2.834245e-01 -3.748170e-02
7.236714e+00 3.967448e-01 -4.052107e-02
7.236714e+00 5.552783e-01 -4.126049e-02
7.236714e+00 7.774819e-01 -3.87394e-02
7.236714e+00 1.088445e+00 -3.411844e-02
7.236714e+00 1.523711e+00 -2.985201e-02
7.236714e+00 2.088426e+00 -2.874734e-02
7.236714e+00 2.685505e+00 -2.663192e-02
7.401449e+00 1.570796e-02 -4.125332e-04
7.401449e+00 2.346256e-02 -1.078882e-03
7.401449e+00 3.503514e-02 -2.175998e-03
7.401449e+00 5.263151e-02 -4.461520e-03
7.401449e+00 7.314235e-02 -8.943730e-03
7.401449e+00 1.025928e-01 -1.357627e-02
7.401449e+00 1.448116e-01 -2.219700e-02
7.401449e+00 2.023460e-01 -2.97578e-02
7.401449e+00 2.834245e-01 -3.659648e-02
7.401449e+00 3.967448e-01 -4.040204e-02
7.401449e+00 5.552783e-01 -4.168003e-02
7.401449e+00 7.774819e-01 -3.957523e-02
7.401449e+00 1.088445e+00 -3.506882e-02
7.401449e+00 1.523711e+00 -3.079230e-02
7.401449e+00 2.088426e+00 -2.962819e-02
7.401449e+00 2.685505e+00 -2.736066e-02
7.569477e+00 1.570796e-02 -3.726784e-04
7.569477e+00 2.346256e-02 -9.991134e-04
7.569477e+00 3.503514e-02 -1.988399e-03
7.569477e+00 5.263151e-02 -4.087645e-03
7.569477e+00 7.314235e-02 -8.194991e-03
7.569477e+00 1.025928e-01 -1.245290e-02
7.569477e+00 1.448116e-01 -2.057533e-02
7.569477e+00 2.023460e-01 -2.808938e-02
7.569477e+00 2.834245e-01 -3.535193e-02
7.569477e+00 3.967448e-01 -3.980322e-02
7.569477e+00 5.552783e-01 -4.160707e-02
7.569477e+00 7.774819e-01 -3.997398e-02
7.569477e+00 1.088445e+00 -3.569152e-02
7.569477e+00 1.523711e+00 -3.152381e-02
7.569477e+00 2.088426e+00 -3.033285e-02
7.569477e+00 2.685505e+00 -2.787715e-02
7.740867e+00 1.570796e-02 -3.351333e-04
7.740867e+00 2.346256e-02 -9.256998e-04
7.740867e+00 3.503514e-02 -1.814747e-03
7.740867e+00 5.263151e-02 -3.732964e-03
7.740867e+00 7.314235e-02 -7.501555e-03
7.740867e+00 1.025928e-01 -1.138502e-02
7.740867e+00 1.448116e-01 -1.897694e-02
7.740867e+00 2.023460e-01 -2.631747e-02
7.740867e+00 2.834245e-01 -3.38183e-02
7.740867e+00 3.967448e-01 -3.881191e-02
7.740867e+00 5.552783e-01 -4.112653e-02
7.740867e+00 7.774819e-01 -4.000819e-02
7.740867e+00 1.088445e+00 -3.599558e-02
7.740867e+00 1.523711e+00 -3.200295e-02
7.740867e+00 2.088426e+00 -3.08145e-02
7.740867e+00 2.685505e+00 -2.817955e-02
7.915684e+00 1.570796e-02 -3.026001e-04
7.915684e+00 2.346256e-02 -8.538496e-04
7.915684e+00 3.503514e-02 -1.663315e-03
7.915684e+00 5.263151e-02 -3.410988e-03
7.915684e+00 7.314235e-02 -6.858308e-03
7.915684e+00 1.025928e-01 -1.039335e-02
7.915684e+00 1.448116e-01 -1.743841e-02
7.915684e+00 2.023460e-01 -2.449535e-02
7.915684e+00 2.834245e-01 -3.203794e-02
7.915684e+00 3.967448e-01 -3.744393e-02
7.915684e+00 5.552783e-01 -4.029343e-02
7.915684e+00 7.774819e-01 -3.967977e-02
7.915684e+00 1.088445e+00 -3.602223e-02
7.915684e+00 1.523711e+00 -3.222425e-02
7.915684e+00 2.088426e+00 -3.113379e-02
7.915684e+00 2.685505e+00 -2.824891e-02
8.093998e+00 1.570796e-02 -2.754483e-04
8.093998e+00 2.346256e-02 -7.829730e-04
8.093998e+00 3.503514e-02 -1.522625e-03
8.093998e+00 5.263151e-02 -3.113355e-03
8.093998e+00 7.314235e-02 -6.26016e-03
8.093998e+00 1.025928e-01 -9.497444e-03
8.093998e+00 1.448116e-01 -1.598344e-02
8.093998e+00 2.023460e-01 -2.268133e-02
8.093998e+00 2.834245e-01 -3.011815e-02
8.093998e+00 3.967448e-01 -3.579388e-02
8.093998e+00 5.552783e-01 -3.910007e-02
8.093998e+00 7.774819e-01 -3.898761e-02
8.093998e+00 1.088445e+00 -3.573824e-02
8.093998e+00 1.523711e+00 -3.229404e-02
8.093998e+00 2.088426e+00 -3.12343e-02
8.093998e+00 2.685505e+00 -2.816657e-02
8.275878e+00 1.570796e-02 -2.515112e-04
8.275878e+00 2.346256e-02 -7.164756e-04
8.275878e+00 3.503514e-02 -1.389875e-03
8.275878e+00 5.263151e-02 -2.840788e-03
8.275878e+00 7.314235e-02 -5.70737e-03
8.275878e+00 1.025928e-01 -8.681342e-03
8.275878e+00 1.448116e-01 -1.462801e-02
8.275878e+00 2.023460e-01 -2.088375e-02
8.275878e+00 2.834245e-01 -2.813549e-02
8.275878e+00 3.967448e-01 -3.399478e-02
8.275878e+00 5.552783e-01 -3.763700e-02
8.275878e+00 7.774819e-01 -3.800567e-02
8.275878e+00 1.088445e+00 -3.520353e-02
8.275878e+00 1.523711e+00 -3.213257e-02
8.275878e+00 2.088426e+00 -3.113959e-02
8.275878e+00 2.685505e+00 -2.794193e-02
8.461396e+00 1.570796e-02 -2.282308e-04
8.461396e+00 2.346256e-02 -6.559182e-04
8.461396e+00 3.503514e-02 -1.270791e-03
8.461396e+00 5.263151e-02 -2.593795e-03
8.461396e+00 7.314235e-02 -5.213102e-03
8.461396e+00 1.025928e-01 -7.931138e-03
8.461396e+00 1.448116e-01 -1.336785e-02
8.461396e+00 2.023460e-01 -1.916159e-02
8.461396e+00 2.834245e-01 -2.608939e-02
8.461396e+00 3.967448e-01 -3.201266e-02
8.461396e+00 5.552783e-01 -3.598259e-02
8.461396e+00 7.774819e-01 -3.679303e-02
8.461396e+00 1.088445e+00 -3.447685e-02
8.461396e+00 1.523711e+00 -3.175449e-02
8.461396e+00 2.088426e+00 -3.090625e-02
8.461396e+00 2.685505e+00 -2.759749e-02
8.650623e+00 1.570796e-02 -2.081386e-04
8.650623e+00 2.346256e-02 -5.989426e-04
8.650623e+00 3.503514e-02 -1.163151e-03
8.650623e+00 5.263151e-02 -2.360157e-03
8.650623e+00 7.314235e-02 -4.748393e-03
8.650623e+00 1.025928e-01 -7.233264e-03
8.650623e+00 1.448116e-01 -1.219134e-02
8.650623e+00 2.023460e-01 -1.752450e-02
8.650623e+00 2.834245e-01 -2.409501e-02
8.650623e+00 3.967448e-01 -2.996496e-02
8.650623e+00 5.552783e-01 -3.417273e-02
8.650623e+00 7.774819e-01 -3.534074e-02
8.650623e+00 1.088445e+00 -3.352843e-02
8.650623e+00 1.523711e+00 -3.121592e-02
8.650623e+00 2.088426e+00 -3.049954e-02
8.650623e+00 2.685505e+00 -2.708096e-02
8.843636e+00 1.570796e-02 -1.893286e-04
8.843636e+00 2.346256e-02 -5.44081e-04
8.843636e+00 3.503514e-02 -1.061254e-03
8.843636e+00 5.263151e-02 -2.141443e-03
8.843636e+00 7.314235e-02 -4.313588e-03
8.843636e+00 1.025928e-01 -6.579910e-03
8.843636e+00 1.448116e-01 -1.107387e-02
8.843636e+00 2.023460e-01 -1.597031e-02
8.843636e+00 2.834245e-01 -2.213905e-02
8.843636e+00 3.967448e-01 -2.787731e-02
8.843636e+00 5.552783e-01 -3.220609e-02
8.843636e+00 7.774819e-01 -3.374664e-02
8.843636e+00 1.088445e+00 -3.240260e-02
8.843636e+00 1.523711e+00 -3.052247e-02
8.843636e+00 2.088426e+00 -2.993776e-02
8.843636e+00 2.685505e+00 -2.645673e-02
9.040509e+00 1.570796e-02 -1.719787e-04
9.040509e+00 2.346256e-02 -4.918221e-04
9.040509e+00 3.503514e-02 -9.66212e-04
9.040509e+00 5.263151e-02 -1.941246e-03
9.040509e+00 7.314235e-02 -3.912775e-03
9.040509e+00 1.025928e-01 -5.969221e-03
9.040509e+00 1.448116e-01 -1.005535e-02
9.040509e+00 2.023460e-01 -1.452466e-02
9.040509e+00 2.834245e-01 -2.024809e-02
9.040509e+00 3.967448e-01 -2.577928e-02
9.040509e+00 5.552783e-01 -3.019518e-02
9.040509e+00 7.774819e-01 -3.205800e-02
9.040509e+00 1.088445e+00 -3.112138e-02
9.040509e+00 1.523711e+00 -2.96779e-02
9.040509e+00 2.088426e+00 -2.922491e-02
9.040509e+00 2.685505e+00 -2.572265e-02
9.241319e+00 1.570796e-02 -1.568381e-04
9.241319e+00 2.346256e-02 -4.429387e-04
9.241319e+00 3.503514e-02 -8.739923e-04
9.241319e+00 5.263151e-02 -1.756399e-03
9.241319e+00 7.314235e-02 -3.547372e-03
9.241319e+00 1.025928e-01 -5.400131e-03
9.241319e+00 1.448116e-01 -9.096998e-03
9.241319e+00 2.023460e-01 -1.316449e-02
9.241319e+00 2.834245e-01 -1.845583e-02
9.241319e+00 3.967448e-01 -2.373676e-02
9.241319e+00 5.552783e-01 -2.813215e-02
9.241319e+00 7.774819e-01 -3.025699e-02
9.241319e+00 1.088445e+00 -2.97543e-02
9.241319e+00 1.523711e+00 -2.870439e-02
9.241319e+00 2.088426e+00 -2.83985e-02
9.241319e+00 2.685505e+00 -2.487686e-02
9.446145e+00 1.570796e-02 -1.420056e-04
9.446145e+00 2.346256e-02 -3.994752e-04
9.446145e+00 3.503514e-02 -7.88239e-04
9.446145e+00 5.263151e-02 -1.588715e-03
9.446145e+00 7.314235e-02 -3.206684e-03
9.446145e+00 1.025928e-01 -4.874409e-03
9.446145e+00 1.448116e-01 -8.212757e-03
9.446145e+00 2.023460e-01 -1.191532e-02
9.446145e+00 2.834245e-01 -1.676249e-02
9.446145e+00 3.967448e-01 -2.174669e-02
9.446145e+00 5.552783e-01 -2.610166e-02
9.446145e+00 7.774819e-01 -2.835441e-02
9.446145e+00 1.088445e+00 -2.827727e-02
9.446145e+00 1.523711e+00 -2.761832e-02
9.446145e+00 2.088426e+00 -2.747512e-02
9.446145e+00 2.685505e+00 -2.403413e-02
9.655068e+00 1.570796e-02 -1.284640e-04
9.655068e+00 2.346256e-02 -3.569991e-04
9.655068e+00 3.503514e-02 -7.117780e-04
9.655068e+00 5.263151e-02 -1.437499e-03
9.655068e+00 7.314235e-02 -2.895602e-03
9.655068e+00 1.025928e-01 -4.393614e-03
9.655068e+00 1.448116e-01 -7.403523e-03
9.655068e+00 2.023460e-01 -1.075266e-02
9.655068e+00 2.834245e-01 -1.518998e-02
9.655068e+00 3.967448e-01 -1.984329e-02
9.655068e+00 5.552783e-01 -2.405886e-02
9.655068e+00 7.774819e-01 -2.647781e-02
9.655068e+00 1.088445e+00 -2.674158e-02
9.655068e+00 1.523711e+00 -2.647246e-02
9.655068e+00 2.088426e+00 -2.649584e-02
9.655068e+00 2.685505e+00 -2.305716e-02
9.86817e+00 1.570796e-02 -1.155065e-04
9.86817e+00 2.346256e-02 -3.183493e-04
9.86817e+00 3.503514e-02 -6.390885e-04
9.86817e+00 5.263151e-02 -1.294454e-03
9.86817e+00 7.314235e-02 -2.601825e-03
9.86817e+00 1.025928e-01 -3.950279e-03
9.86817e+00 1.448116e-01 -6.650167e-03
9.86817e+00 2.023460e-01 -9.681617e-03
9.86817e+00 2.834245e-01 -1.37161e-02
9.86817e+00 3.967448e-01 -1.803547e-02
9.86817e+00 5.552783e-01 -2.206467e-02
9.86817e+00 7.774819e-01 -2.455798e-02
9.86817e+00 1.088445e+00 -2.513080e-02
9.86817e+00 1.523711e+00 -2.517953e-02
9.86817e+00 2.088426e+00 -2.537773e-02
9.86817e+00 2.685505e+00 -2.204204e-02
1.008553e+01 1.570796e-02 -1.029263e-04
1.008553e+01 2.346256e-02 -2.839540e-04
1.008553e+01 3.503514e-02 -5.725957e-04
1.008553e+01 5.263151e-02 -1.160758e-03
1.008553e+01 7.314235e-02 -2.331187e-03
1.008553e+01 1.025928e-01 -3.542012e-03
1.008553e+01 1.448116e-01 -5.959929e-03
1.008553e+01 2.023460e-01 -8.702357e-03
1.008553e+01 2.834245e-01 -1.233421e-02
1.008553e+01 3.967448e-01 -1.630753e-02
1.008553e+01 5.552783e-01 -2.012073e-02
1.008553e+01 7.774819e-01 -2.264114e-02
1.008553e+01 1.088445e+00 -2.348861e-02
1.008553e+01 1.523711e+00 -2.385036e-02
1.008553e+01 2.088426e+00 -2.419173e-02
1.008553e+01 2.685505e+00 -2.097549e-02
1.030724e+01 1.570796e-02 -9.184883e-05
1.030724e+01 2.346256e-02 -2.557937e-04
1.030724e+01 3.503514e-02 -5.111845e-04
1.030724e+01 5.263151e-02 -1.037962e-03
1.030724e+01 7.314235e-02 -2.082981e-03
1.030724e+01 1.025928e-01 -3.168751e-03
1.030724e+01 1.448116e-01 -5.327946e-03
1.030724e+01 2.023460e-01 -7.788246e-03
1.030724e+01 2.834245e-01 -1.106015e-02
1.030724e+01 3.967448e-01 -1.469001e-02
1.030724e+01 5.552783e-01 -1.824222e-02
1.030724e+01 7.774819e-01 -2.077131e-02
1.030724e+01 1.088445e+00 -2.184079e-02
1.030724e+01 1.523711e+00 -2.246880e-02
1.030724e+01 2.088426e+00 -2.291358e-02
1.030724e+01 2.685505e+00 -1.984440e-02
1.053339e+01 1.570796e-02 -8.177045e-05
1.053339e+01 2.346256e-02 -2.280614e-04
1.053339e+01 3.503514e-02 -4.569448e-04
1.053339e+01 5.263151e-02 -9.248116e-04
1.053339e+01 7.314235e-02 -1.856608e-03
1.053339e+01 1.025928e-01 -2.831554e-03
1.053339e+01 1.448116e-01 -4.749986e-03
1.053339e+01 2.023460e-01 -6.952525e-03
1.053339e+01 2.834245e-01 -9.893112e-03
1.053339e+01 3.967448e-01 -1.318992e-02
1.053339e+01 5.552783e-01 -1.647317e-02
1.053339e+01 7.774819e-01 -1.898486e-02
1.053339e+01 1.088445e+00 -2.020895e-02
1.053339e+01 1.523711e+00 -2.108647e-02
1.053339e+01 2.088426e+00 -2.162638e-02
1.053339e+01 2.685505e+00 -1.869035e-02
1.076406e+01 1.570796e-02 -7.252658e-05
1.076406e+01 2.346256e-02 -2.024862e-04
1.076406e+01 3.503514e-02 -4.062773e-04
1.076406e+01 5.263151e-02 -8.212945e-04
1.076406e+01 7.314235e-02 -1.648563e-03
1.076406e+01 1.025928e-01 -2.519345e-03
1.076406e+01 1.448116e-01 -4.222306e-03
1.076406e+01 2.023460e-01 -6.185344e-03
1.076406e+01 2.834245e-01 -8.813607e-03
1.076406e+01 3.967448e-01 -1.178156e-02
1.076406e+01 5.552783e-01 -1.480856e-02
1.076406e+01 7.774819e-01 -1.725236e-02
1.076406e+01 1.088445e+00 -1.860577e-02
1.076406e+01 1.523711e+00 -1.966354e-02
1.076406e+01 2.088426e+00 -2.029818e-02
1.076406e+01 2.685505e+00 -1.753513e-02
1.099934e+01 1.570796e-02 -6.411780e-05
1.099934e+01 2.346256e-02 -1.781627e-04
1.099934e+01 3.503514e-02 -3.597199e-04
1.099934e+01 5.263151e-02 -7.274078e-04
1.099934e+01 7.314235e-02 -1.458870e-03
1.099934e+01 1.025928e-01 -2.231237e-03
1.099934e+01 1.448116e-01 -3.734744e-03
1.099934e+01 2.023460e-01 -5.480045e-03
1.099934e+01 2.834245e-01 -7.819263e-03
1.099934e+01 3.967448e-01 -1.046893e-02
1.099934e+01 5.552783e-01 -1.324318e-02
1.099934e+01 7.774819e-01 -1.557532e-02
1.099934e+01 1.088445e+00 -1.703962e-02
1.099934e+01 1.523711e+00 -1.821727e-02
1.099934e+01 2.088426e+00 -1.89448e-02
1.099934e+01 2.685505e+00 -1.637811e-02
1.123932e+01 1.570796e-02 -5.674312e-05
1.123932e+01 2.346256e-02 -1.561439e-04
1.123932e+01 3.503514e-02 -3.178174e-04
1.123932e+01 5.263151e-02 -6.419191e-04
1.123932e+01 7.314235e-02 -1.288018e-03
1.123932e+01 1.025928e-01 -1.971712e-03
1.123932e+01 1.448116e-01 -3.296441e-03
1.123932e+01 2.023460e-01 -4.8434e-03
1.123932e+01 2.834245e-01 -6.918217e-03
1.123932e+01 3.967448e-01 -9.279191e-03
1.123932e+01 5.552783e-01 -1.179069e-02
1.123932e+01 7.774819e-01 -1.400775e-02
1.123932e+01 1.088445e+00 -1.550948e-02
1.123932e+01 1.523711e+00 -1.681155e-02
1.123932e+01 2.088426e+00 -1.761290e-02
1.123932e+01 2.685505e+00 -1.527052e-02
1.148411e+01 1.570796e-02 -5.023261e-05
1.148411e+01 2.346256e-02 -1.369159e-04
1.148411e+01 3.503514e-02 -2.798997e-04
1.148411e+01 5.263151e-02 -5.630275e-04
1.148411e+01 7.314235e-02 -1.129756e-03
1.148411e+01 1.025928e-01 -1.733179e-03
1.148411e+01 1.448116e-01 -2.900007e-03
1.148411e+01 2.023460e-01 -4.265761e-03
1.148411e+01 2.834245e-01 -6.095464e-03
1.148411e+01 3.967448e-01 -8.190176e-03
1.148411e+01 5.552783e-01 -1.044961e-02
1.148411e+01 7.774819e-01 -1.252035e-02
1.148411e+01 1.088445e+00 -1.405985e-02
1.148411e+01 1.523711e+00 -1.544511e-02
1.148411e+01 2.088426e+00 -1.629211e-02
1.148411e+01 2.685505e+00 -1.408516e-02
1.173379e+01 1.570796e-02 -4.425236e-05
1.173379e+01 2.346256e-02 -1.186427e-04
1.173379e+01 3.503514e-02 -2.461823e-04
1.173379e+01 5.263151e-02 -4.91768e-04
1.173379e+01 7.314235e-02 -9.888116e-04
1.173379e+01 1.025928e-01 -1.516738e-03
1.173379e+01 1.448116e-01 -2.534803e-03
1.173379e+01 2.023460e-01 -3.738504e-03
1.173379e+01 2.834245e-01 -5.348017e-03
1.173379e+01 3.967448e-01 -7.193527e-03
1.173379e+01 5.552783e-01 -9.207974e-03
1.173379e+01 7.774819e-01 -1.113260e-02
1.173379e+01 1.088445e+00 -1.266193e-02
1.173379e+01 1.523711e+00 -1.410529e-02
1.173379e+01 2.088426e+00 -1.498865e-02
1.173379e+01 2.685505e+00 -1.303996e-02
1.198847e+01 1.570796e-02 -3.862041e-05
1.198847e+01 2.346256e-02 -1.023984e-04
1.198847e+01 3.503514e-02 -2.152792e-04
1.198847e+01 5.263151e-02 -4.294643e-04
1.198847e+01 7.314235e-02 -8.610773e-04
1.198847e+01 1.025928e-01 -1.323946e-03
1.198847e+01 1.448116e-01 -2.214737e-03
1.198847e+01 2.023460e-01 -3.267845e-03
1.198847e+01 2.834245e-01 -4.675411e-03
1.198847e+01 3.967448e-01 -6.296891e-03
1.198847e+01 5.552783e-01 -8.089781e-03
1.198847e+01 7.774819e-01 -9.872181e-03
1.198847e+01 1.088445e+00 -1.136360e-02
1.198847e+01 1.523711e+00 -1.280892e-02
1.198847e+01 2.088426e+00 -1.370552e-02
1.198847e+01 2.685505e+00 -1.196204e-02
1.224824e+01 1.570796e-02 -3.377251e-05
1.224824e+01 2.346256e-02 -8.873764e-05
1.224824e+01 3.503514e-02 -1.868381e-04
1.224824e+01 5.263151e-02 -3.728861e-04
1.224824e+01 7.314235e-02 -7.472347e-04
1.224824e+01 1.025928e-01 -1.151297e-03
1.224824e+01 1.448116e-01 -1.921738e-03
1.224824e+01 2.023460e-01 -2.841746e-03
1.224824e+01 2.834245e-01 -4.063606e-03
1.224824e+01 3.967448e-01 -5.484998e-03
1.224824e+01 5.552783e-01 -7.0793e-03
1.224824e+01 7.774819e-01 -8.708919e-03
1.224824e+01 1.088445e+00 -1.015211e-02
1.224824e+01 1.523711e+00 -1.157497e-02
1.224824e+01 2.088426e+00 -1.248216e-02
1.224824e+01 2.685505e+00 -1.093622e-02
1.251320e+01 1.570796e-02 -2.933714e-05
1.251320e+01 2.346256e-02 -7.610832e-05
1.251320e+01 3.503514e-02 -1.616930e-04
1.251320e+01 5.263151e-02 -3.240317e-04
1.251320e+01 7.314235e-02 -6.470678e-04
1.251320e+01 1.025928e-01 -9.978422e-04
1.251320e+01 1.448116e-01 -1.665108e-03
1.251320e+01 2.023460e-01 -2.462018e-03
1.251320e+01 2.834245e-01 -3.525019e-03
1.251320e+01 3.967448e-01 -4.762069e-03
1.251320e+01 5.552783e-01 -6.176381e-03
1.251320e+01 7.774819e-01 -7.657566e-03
1.251320e+01 1.088445e+00 -9.025351e-03
1.251320e+01 1.523711e+00 -1.042195e-02
1.251320e+01 2.088426e+00 -1.133904e-02
1.251320e+01 2.685505e+00 -9.985093e-03
1.278347e+01 1.570796e-02 -2.52042e-05
1.278347e+01 2.346256e-02 -6.486238e-05
1.278347e+01 3.503514e-02 -1.400449e-04
1.278347e+01 5.263151e-02 -2.798281e-04
1.278347e+01 7.314235e-02 -5.589818e-04
1.278347e+01 1.025928e-01 -8.591504e-04
1.278347e+01 1.448116e-01 -1.435066e-03
1.278347e+01 2.023460e-01 -2.123675e-03
1.278347e+01 2.834245e-01 -3.043761e-03
1.278347e+01 3.967448e-01 -4.112215e-03
1.278347e+01 5.552783e-01 -5.358031e-03
1.278347e+01 7.774819e-01 -6.698015e-03
1.278347e+01 1.088445e+00 -7.98593e-03
1.278347e+01 1.523711e+00 -9.322935e-03
1.278347e+01 2.088426e+00 -1.022823e-02
1.278347e+01 2.685505e+00 -9.042239e-03
1.305914e+01 1.570796e-02 -2.168899e-05
1.305914e+01 2.346256e-02 -5.554316e-05
1.305914e+01 3.503514e-02 -1.198114e-04
1.305914e+01 5.263151e-02 -2.401340e-04
1.305914e+01 7.314235e-02 -4.775327e-04
1.305914e+01 1.025928e-01 -7.340397e-04
1.305914e+01 1.448116e-01 -1.22843e-03
1.305914e+01 2.023460e-01 -1.823299e-03
1.305914e+01 2.834245e-01 -2.609008e-03
1.305914e+01 3.967448e-01 -3.53209e-03
1.305914e+01 5.552783e-01 -4.617803e-03
1.305914e+01 7.774819e-01 -5.820776e-03
1.305914e+01 1.088445e+00 -7.016596e-03
1.305914e+01 1.523711e+00 -8.279221e-03
1.305914e+01 2.088426e+00 -9.172432e-03
1.305914e+01 2.685505e+00 -8.145001e-03
1.334032e+01 1.570796e-02 -1.839292e-05
1.334032e+01 2.346256e-02 -4.671716e-05
1.334032e+01 3.503514e-02 -1.020914e-04
1.334032e+01 5.263151e-02 -2.047082e-04
1.334032e+01 7.314235e-02 -4.080144e-04
1.334032e+01 1.025928e-01 -6.247669e-04
1.334032e+01 1.448116e-01 -1.047471e-03
1.334032e+01 2.023460e-01 -1.557156e-03
1.334032e+01 2.834245e-01 -2.227541e-03
1.334032e+01 3.967448e-01 -3.020741e-03
1.334032e+01 5.552783e-01 -3.965025e-03
1.334032e+01 7.774819e-01 -5.035674e-03
1.334032e+01 1.088445e+00 -6.136859e-03
1.334032e+01 1.523711e+00 -7.313895e-03
1.334032e+01 2.088426e+00 -8.164767e-03
1.334032e+01 2.685505e+00 -7.264572e-03
1.362713e+01 1.570796e-02 -1.573252e-05
1.362713e+01 2.346256e-02 -3.965788e-05
1.362713e+01 3.503514e-02 -8.689011e-05
1.362713e+01 5.263151e-02 -1.738843e-04
1.362713e+01 7.314235e-02 -3.463079e-04
1.362713e+01 1.025928e-01 -5.314878e-04
1.362713e+01 1.448116e-01 -8.903033e-04
1.362713e+01 2.023460e-01 -1.325763e-03
1.362713e+01 2.834245e-01 -1.894815e-03
1.362713e+01 3.967448e-01 -2.570722e-03
1.362713e+01 5.552783e-01 -3.394071e-03
1.362713e+01 7.774819e-01 -4.340963e-03
1.362713e+01 1.088445e+00 -5.346371e-03
1.362713e+01 1.523711e+00 -6.440654e-03
1.362713e+01 2.088426e+00 -7.228178e-03
1.362713e+01 2.685505e+00 -6.454741e-03
1.391967e+01 1.570796e-02 -1.350679e-05
1.391967e+01 2.346256e-02 -3.353639e-05
1.391967e+01 3.503514e-02 -7.386126e-05
1.391967e+01 5.263151e-02 -1.474302e-04
1.391967e+01 7.314235e-02 -2.925924e-04
1.391967e+01 1.025928e-01 -4.486795e-04
1.391967e+01 1.448116e-01 -7.521803e-04
1.391967e+01 2.023460e-01 -1.122029e-03
1.391967e+01 2.834245e-01 -1.603487e-03
1.391967e+01 3.967448e-01 -2.180617e-03
1.391967e+01 5.552783e-01 -2.888874e-03
1.391967e+01 7.774819e-01 -3.724144e-03
1.391967e+01 1.088445e+00 -4.624615e-03
1.391967e+01 1.523711e+00 -5.616538e-03
1.391967e+01 2.088426e+00 -6.334099e-03
1.391967e+01 2.685505e+00 -5.689649e-03
1.421806e+01 1.570796e-02 -1.138798e-05
1.421806e+01 2.346256e-02 -2.775594e-05
1.421806e+01 3.503514e-02 -6.182357e-05
1.421806e+01 5.263151e-02 -1.242557e-04
1.421806e+01 7.314235e-02 -2.467614e-04
1.421806e+01 1.025928e-01 -3.784874e-04
1.421806e+01 1.448116e-01 -6.346246e-04
1.421806e+01 2.023460e-01 -9.453679e-04
1.421806e+01 2.834245e-01 -1.352773e-03
1.421806e+01 3.967448e-01 -1.845944e-03
1.421806e+01 5.552783e-01 -2.451156e-03
1.421806e+01 7.774819e-01 -3.178144e-03
1.421806e+01 1.088445e+00 -3.978183e-03
1.421806e+01 1.523711e+00 -4.870510e-03
1.421806e+01 2.088426e+00 -5.501072e-03
1.421806e+01 2.685505e+00 -4.964248e-03
1.452242e+01 1.570796e-02 -9.729184e-06
1.452242e+01 2.346256e-02 -2.329260e-05
1.452242e+01 3.503514e-02 -5.236458e-05
1.452242e+01 5.263151e-02 -1.039326e-04
1.452242e+01 7.314235e-02 -2.068871e-04
1.452242e+01 1.025928e-01 -3.178787e-04
1.452242e+01 1.448116e-01 -5.320238e-04
1.452242e+01 2.023460e-01 -7.927617e-04
1.452242e+01 2.834245e-01 -1.137689e-03
1.452242e+01 3.967448e-01 -1.553319e-03
1.452242e+01 5.552783e-01 -2.069496e-03
1.452242e+01 7.774819e-01 -2.695913e-03
1.452242e+01 1.088445e+00 -3.403455e-03
1.452242e+01 1.523711e+00 -4.186401e-03
1.452242e+01 2.088426e+00 -4.754068e-03
1.452242e+01 2.685505e+00 -4.306063e-03
1.483287e+01 1.570796e-02 -8.089749e-06
1.483287e+01 2.346256e-02 -1.900046e-05
1.483287e+01 3.503514e-02 -4.364904e-05
1.483287e+01 5.263151e-02 -8.636253e-05
1.483287e+01 7.314235e-02 -1.723892e-04
1.483287e+01 1.025928e-01 -2.641352e-04
1.483287e+01 1.448116e-01 -4.434469e-04
1.483287e+01 2.023460e-01 -6.617538e-04
1.483287e+01 2.834245e-01 -9.483603e-04
1.483287e+01 3.967448e-01 -1.298798e-03
1.483287e+01 5.552783e-01 -1.73632e-03
1.483287e+01 7.774819e-01 -2.269786e-03
1.483287e+01 1.088445e+00 -2.888661e-03
1.483287e+01 1.523711e+00 -3.563556e-03
1.483287e+01 2.088426e+00 -4.049631e-03
1.483287e+01 2.685505e+00 -3.706577e-03
1.514953e+01 1.570796e-02 -6.779218e-06
1.514953e+01 2.346256e-02 -1.556468e-05
1.514953e+01 3.503514e-02 -3.632880e-05
1.514953e+01 5.263151e-02 -7.128420e-05
1.514953e+01 7.314235e-02 -1.425408e-04
1.514953e+01 1.025928e-01 -2.184819e-04
1.514953e+01 1.448116e-01 -3.668842e-04
1.514953e+01 2.023460e-01 -5.497243e-04
1.514953e+01 2.834245e-01 -7.873972e-04
1.514953e+01 3.967448e-01 -1.080130e-03
1.514953e+01 5.552783e-01 -1.448616e-03
1.514953e+01 7.774819e-01 -1.902817e-03
1.514953e+01 1.088445e+00 -2.437931e-03
1.514953e+01 1.523711e+00 -3.019113e-03
1.514953e+01 2.088426e+00 -3.441821e-03
1.514953e+01 2.685505e+00 -3.157822e-03
1.547252e+01 1.570796e-02 -5.61599e-06
1.547252e+01 2.346256e-02 -1.275629e-05
1.547252e+01 3.503514e-02 -3.005597e-05
1.547252e+01 5.263151e-02 -5.833250e-05
1.547252e+01 7.314235e-02 -1.17453e-04
1.547252e+01 1.025928e-01 -1.795579e-04
1.547252e+01 1.448116e-01 -3.022211e-04
1.547252e+01 2.023460e-01 -4.529011e-04
1.547252e+01 2.834245e-01 -6.487536e-04
1.547252e+01 3.967448e-01 -8.927026e-04
1.547252e+01 5.552783e-01 -1.202096e-03
1.547252e+01 7.774819e-01 -1.586904e-03
1.547252e+01 1.088445e+00 -2.045431e-03
1.547252e+01 1.523711e+00 -2.541021e-03
1.547252e+01 2.088426e+00 -2.90617e-03
1.547252e+01 2.685505e+00 -2.659704e-03
1.580197e+01 1.570796e-02 -4.620854e-06
1.580197e+01 2.346256e-02 -1.05003e-05
1.580197e+01 3.503514e-02 -2.476533e-05
1.580197e+01 5.263151e-02 -4.797384e-05
1.580197e+01 7.314235e-02 -9.641519e-05
1.580197e+01 1.025928e-01 -1.472893e-04
1.580197e+01 1.448116e-01 -2.479563e-04
1.580197e+01 2.023460e-01 -3.720693e-04
1.580197e+01 2.834245e-01 -5.329473e-04
1.580197e+01 3.967448e-01 -7.35547e-04
1.580197e+01 5.552783e-01 -9.958069e-04
1.580197e+01 7.774819e-01 -1.317626e-03
1.580197e+01 1.088445e+00 -1.708844e-03
1.580197e+01 1.523711e+00 -2.128835e-03
1.580197e+01 2.088426e+00 -2.432682e-03
1.580197e+01 2.685505e+00 -2.218753e-03
1.613801e+01 1.570796e-02 -3.781158e-06
1.613801e+01 2.346256e-02 -8.374091e-06
1.613801e+01 3.503514e-02 -2.033504e-05
1.613801e+01 5.263151e-02 -3.931539e-05
1.613801e+01 7.314235e-02 -7.802628e-05
1.613801e+01 1.025928e-01 -1.198552e-04
1.613801e+01 1.448116e-01 -2.016499e-04
1.613801e+01 2.023460e-01 -3.031540e-04
1.613801e+01 2.834245e-01 -4.342673e-04
1.613801e+01 3.967448e-01 -6.020021e-04
1.613801e+01 5.552783e-01 -8.175066e-04
1.613801e+01 7.774819e-01 -1.086971e-03
1.613801e+01 1.088445e+00 -1.415821e-03
1.613801e+01 1.523711e+00 -1.769407e-03
1.613801e+01 2.088426e+00 -2.020971e-03
1.613801e+01 2.685505e+00 -1.835973e-03
1.648077e+01 1.570796e-02 -3.078343e-06
1.648077e+01 2.346256e-02 -6.696223e-06
1.648077e+01 3.503514e-02 -1.658465e-05
1.648077e+01 5.263151e-02 -3.149375e-05
1.648077e+01 7.314235e-02 -6.281203e-05
1.648077e+01 1.025928e-01 -9.618485e-05
1.648077e+01 1.448116e-01 -1.635525e-04
1.648077e+01 2.023460e-01 -2.445965e-04
1.648077e+01 2.834245e-01 -3.516789e-04
1.648077e+01 3.967448e-01 -4.879236e-04
1.648077e+01 5.552783e-01 -6.645243e-04
1.648077e+01 7.774819e-01 -8.903291e-04
1.648077e+01 1.088445e+00 -1.162363e-03
1.648077e+01 1.523711e+00 -1.4513e-03
1.648077e+01 2.088426e+00 -1.658478e-03
1.648077e+01 2.685505e+00 -1.491070e-03
1.683038e+01 1.570796e-02 -2.510984e-06
1.683038e+01 2.346256e-02 -5.206294e-06
1.683038e+01 3.503514e-02 -1.330151e-05
1.683038e+01 5.263151e-02 -2.528436e-05
1.683038e+01 7.314235e-02 -5.006474e-05
1.683038e+01 1.025928e-01 -7.682034e-05
1.683038e+01 1.448116e-01 -1.309041e-04
1.683038e+01 2.023460e-01 -1.96311e-04
1.683038e+01 2.834245e-01 -2.820228e-04
1.683038e+01 3.967448e-01 -3.91896e-04
1.683038e+01 5.552783e-01 -5.369309e-04
1.683038e+01 7.774819e-01 -7.240946e-04
1.683038e+01 1.088445e+00 -9.466776e-04
1.683038e+01 1.523711e+00 -1.184232e-03
1.683038e+01 2.088426e+00 -1.352323e-03
1.683038e+01 2.685505e+00 -1.201278e-03
1.718699e+01 1.570796e-02 -2.031466e-06
1.718699e+01 2.346256e-02 -4.213542e-06
1.718699e+01 3.503514e-02 -1.053187e-05
1.718699e+01 5.263151e-02 -2.007239e-05
1.718699e+01 7.314235e-02 -3.990118e-05
1.718699e+01 1.025928e-01 -6.103125e-05
1.718699e+01 1.448116e-01 -1.036346e-04
1.718699e+01 2.023460e-01 -1.555925e-04
1.718699e+01 2.834245e-01 -2.246707e-04
1.718699e+01 3.967448e-01 -3.126820e-04
1.718699e+01 5.552783e-01 -4.304973e-04
1.718699e+01 7.774819e-01 -5.857969e-04
1.718699e+01 1.088445e+00 -7.669438e-04
1.718699e+01 1.523711e+00 -9.604663e-04
1.718699e+01 2.088426e+00 -1.091869e-03
1.718699e+01 2.685505e+00 -9.570587e-04
1.755073e+01 1.570796e-02 -1.632464e-06
1.755073e+01 2.346256e-02 -3.225596e-06
1.755073e+01 3.503514e-02 -8.273702e-06
1.755073e+01 5.263151e-02 -1.5712e-05
1.755073e+01 7.314235e-02 -3.137347e-05
1.755073e+01 1.025928e-01 -4.78074e-05
1.755073e+01 1.448116e-01 -8.101372e-05
1.755073e+01 2.023460e-01 -1.222816e-04
1.755073e+01 2.834245e-01 -1.772943e-04
1.755073e+01 3.967448e-01 -2.473852e-04
1.755073e+01 5.552783e-01 -3.417783e-04
1.755073e+01 7.774819e-01 -4.702024e-04
1.755073e+01 1.088445e+00 -6.153555e-04
1.755073e+01 1.523711e+00 -7.698136e-04
1.755073e+01 2.088426e+00 -8.651504e-04
1.755073e+01 2.685505e+00 -7.391112e-04
1.792175e+01 1.570796e-02 -1.276036e-06
1.792175e+01 2.346256e-02 -2.528617e-06
1.792175e+01 3.503514e-02 -6.531503e-06
1.792175e+01 5.263151e-02 -1.23563e-05
1.792175e+01 7.314235e-02 -2.437444e-05
1.792175e+01 1.025928e-01 -3.712999e-05
1.792175e+01 1.448116e-01 -6.295619e-05
1.792175e+01 2.023460e-01 -9.507448e-05
1.792175e+01 2.834245e-01 -1.381525e-04
1.792175e+01 3.967448e-01 -1.937129e-04
1.792175e+01 5.552783e-01 -2.694599e-04
1.792175e+01 7.774819e-01 -3.742779e-04
1.792175e+01 1.088445e+00 -4.911153e-04
1.792175e+01 1.523711e+00 -6.14444e-04
1.792175e+01 2.088426e+00 -6.830291e-04
1.792175e+01 2.685505e+00 -5.66032e-04
1.830018e+01 1.570796e-02 -1.001494e-06
1.830018e+01 2.346256e-02 -1.910894e-06
1.830018e+01 3.503514e-02 -4.996583e-06
1.830018e+01 5.263151e-02 -9.573554e-06
1.830018e+01 7.314235e-02 -1.876699e-05
1.830018e+01 1.025928e-01 -2.857138e-05
1.830018e+01 1.448116e-01 -4.858543e-05
1.830018e+01 2.023460e-01 -7.383523e-05
1.830018e+01 2.834245e-01 -1.066221e-04
1.830018e+01 3.967448e-01 -1.501431e-04
1.830018e+01 5.552783e-01 -2.111055e-04
1.830018e+01 7.774819e-01 -2.962504e-04
1.830018e+01 1.088445e+00 -3.900324e-04
1.830018e+01 1.523711e+00 -4.878137e-04
1.830018e+01 2.088426e+00 -5.380724e-04
1.830018e+01 2.685505e+00 -4.319004e-04
1.868618e+01 1.570796e-02 -7.514122e-07
1.868618e+01 2.346256e-02 -1.343329e-06
1.868618e+01 3.503514e-02 -3.781278e-06
1.868618e+01 5.263151e-02 -7.298339e-06
1.868618e+01 7.314235e-02 -1.428502e-05
1.868618e+01 1.025928e-01 -2.145510e-05
1.868618e+01 1.448116e-01 -3.692452e-05
1.868618e+01 2.023460e-01 -5.622543e-05
1.868618e+01 2.834245e-01 -8.146377e-05
1.868618e+01 3.967448e-01 -1.151701e-04
1.868618e+01 5.552783e-01 -1.632742e-04
1.868618e+01 7.774819e-01 -2.313675e-04
1.868618e+01 1.088445e+00 -3.06561e-04
1.868618e+01 1.523711e+00 -3.847175e-04
1.868618e+01 2.088426e+00 -4.227148e-04
1.868618e+01 2.685505e+00 -3.338946e-04
1.907991e+01 1.570796e-02 -5.676129e-07
1.907991e+01 2.346256e-02 -1.002055e-06
1.907991e+01 3.503514e-02 -2.834864e-06
1.907991e+01 5.263151e-02 -5.460557e-06
1.907991e+01 7.314235e-02 -1.068755e-05
1.907991e+01 1.025928e-01 -1.616856e-05
1.907991e+01 1.448116e-01 -2.791316e-05
1.907991e+01 2.023460e-01 -4.268016e-05
1.907991e+01 2.834245e-01 -6.152870e-05
1.907991e+01 3.967448e-01 -8.789105e-05
1.907991e+01 5.552783e-01 -1.261215e-04
1.907991e+01 7.774819e-01 -1.79966e-04
1.907991e+01 1.088445e+00 -2.403664e-04
1.907991e+01 1.523711e+00 -3.024215e-04
1.907991e+01 2.088426e+00 -3.328335e-04
1.907991e+01 2.685505e+00 -2.544226e-04
1.948151e+01 1.570796e-02 -4.346693e-07
1.948151e+01 2.346256e-02 -7.237904e-07
1.948151e+01 3.503514e-02 -2.107779e-06
1.948151e+01 5.263151e-02 -4.089638e-06
1.948151e+01 7.314235e-02 -7.900168e-06
1.948151e+01 1.025928e-01 -1.185627e-05
1.948151e+01 1.448116e-01 -2.069587e-05
1.948151e+01 2.023460e-01 -3.197066e-05
1.948151e+01 2.834245e-01 -4.588397e-05
1.948151e+01 3.967448e-01 -6.601088e-05
1.948151e+01 5.552783e-01 -9.560761e-05
1.948151e+01 7.774819e-01 -1.375383e-04
1.948151e+01 1.088445e+00 -1.848424e-04
1.948151e+01 1.523711e+00 -2.358218e-04
1.948151e+01 2.088426e+00 -2.609879e-04
1.948151e+01 2.685505e+00 -1.961952e-04
1.989114e+01 1.570796e-02 -3.204282e-07
1.989114e+01 2.346256e-02 -5.165676e-07
1.989114e+01 3.503514e-02 -1.509361e-06
1.989114e+01 5.263151e-02 -2.952116e-06
1.989114e+01 7.314235e-02 -5.757338e-06
1.989114e+01 1.025928e-01 -8.648011e-06
1.989114e+01 1.448116e-01 -1.498665e-05
1.989114e+01 2.023460e-01 -2.303019e-05
1.989114e+01 2.834245e-01 -3.337566e-05
1.989114e+01 3.967448e-01 -4.822981e-05
1.989114e+01 5.552783e-01 -7.087485e-05
1.989114e+01 7.774819e-01 -1.029602e-04
1.989114e+01 1.088445e+00 -1.395108e-04
1.989114e+01 1.523711e+00 -1.803855e-04
1.989114e+01 2.088426e+00 -2.029408e-04
1.989114e+01 2.685505e+00 -1.530648e-04
2.030896e+01 1.570796e-02 -2.335139e-07
2.030896e+01 2.346256e-02 -3.383418e-07
2.030896e+01 3.503514e-02 -1.080199e-06
2.030896e+01 5.263151e-02 -2.089828e-06
2.030896e+01 7.314235e-02 -4.059589e-06
2.030896e+01 1.025928e-01 -6.136378e-06
2.030896e+01 1.448116e-01 -1.067695e-05
2.030896e+01 2.023460e-01 -1.649479e-05
2.030896e+01 2.834245e-01 -2.393050e-05
2.030896e+01 3.967448e-01 -3.471915e-05
2.030896e+01 5.552783e-01 -5.152869e-05
2.030896e+01 7.774819e-01 -7.571678e-05
2.030896e+01 1.088445e+00 -1.034239e-04
2.030896e+01 1.523711e+00 -1.366038e-04
2.030896e+01 2.088426e+00 -1.555677e-04
2.030896e+01 2.685505e+00 -1.219343e-04
2.073514e+01 1.570796e-02 -1.594337e-07
2.073514e+01 2.346256e-02 -2.231148e-07
2.073514e+01 3.503514e-02 -7.603326e-07
2.073514e+01 5.263151e-02 -1.433382e-06
2.073514e+01 7.314235e-02 -2.801972e-06
2.073514e+01 1.025928e-01 -4.247196e-06
2.073514e+01 1.448116e-01 -7.43428e-06
2.073514e+01 2.023460e-01 -1.145639e-05
2.073514e+01 2.834245e-01 -1.660123e-05
2.073514e+01 3.967448e-01 -2.442034e-05
2.073514e+01 5.552783e-01 -3.648574e-05
2.073514e+01 7.774819e-01 -5.430596e-05
2.073514e+01 1.088445e+00 -7.503022e-05
2.073514e+01 1.523711e+00 -1.012877e-04
2.073514e+01 2.088426e+00 -1.187067e-04
2.073514e+01 2.685505e+00 -9.446996e-05
2.116984e+01 1.570796e-02 -1.044164e-07
2.116984e+01 2.346256e-02 -1.531828e-07
2.116984e+01 3.503514e-02 -5.159144e-07
2.116984e+01 5.263151e-02 -9.780551e-07
2.116984e+01 7.314235e-02 -1.882385e-06
2.116984e+01 1.025928e-01 -2.882119e-06
2.116984e+01 1.448116e-01 -5.032419e-06
2.116984e+01 2.023460e-01 -7.791042e-06
2.116984e+01 2.834245e-01 -1.13286e-05
2.116984e+01 3.967448e-01 -1.677138e-05
2.116984e+01 5.552783e-01 -2.527457e-05
2.116984e+01 7.774819e-01 -3.801402e-05
2.116984e+01 1.088445e+00 -5.344891e-05
2.116984e+01 1.523711e+00 -7.295641e-05
2.116984e+01 2.088426e+00 -8.841143e-05
2.116984e+01 2.685505e+00 -7.403284e-05
2.161324e+01 1.570796e-02 -7.28142e-08
2.161324e+01 2.346256e-02 -1.041538e-07
2.161324e+01 3.503514e-02 -3.506607e-07
2.161324e+01 5.263151e-02 -6.485700e-07
2.161324e+01 7.314235e-02 -1.286922e-06
2.161324e+01 1.025928e-01 -1.930212e-06
2.161324e+01 1.448116e-01 -3.458978e-06
2.161324e+01 2.023460e-01 -5.314332e-06
2.161324e+01 2.834245e-01 -7.761212e-06
2.161324e+01 3.967448e-01 -1.151397e-05
2.161324e+01 5.552783e-01 -1.753477e-05
2.161324e+01 7.774819e-01 -2.637634e-05
2.161324e+01 1.088445e+00 -3.753147e-05
2.161324e+01 1.523711e+00 -5.220546e-05
2.161324e+01 2.088426e+00 -6.432695e-05
2.161324e+01 2.685505e+00 -5.463959e-05
2.206550e+01 1.570796e-02 -5.154489e-08
2.206550e+01 2.346256e-02 -6.315876e-08
2.206550e+01 3.503514e-02 -2.327856e-07
2.206550e+01 5.263151e-02 -4.376969e-07
2.206550e+01 7.314235e-02 -8.567961e-07
2.206550e+01 1.025928e-01 -1.296196e-06
2.206550e+01 1.448116e-01 -2.330094e-06
2.206550e+01 2.023460e-01 -3.587649e-06
2.206550e+01 2.834245e-01 -5.218701e-06
2.206550e+01 3.967448e-01 -7.826495e-06
2.206550e+01 5.552783e-01 -1.198644e-05
2.206550e+01 7.774819e-01 -1.806662e-05
2.206550e+01 1.088445e+00 -2.595654e-05
2.206550e+01 1.523711e+00 -3.689255e-05
2.206550e+01 2.088426e+00 -4.597844e-05
2.206550e+01 2.685505e+00 -3.984590e-05
2.252681e+01 1.570796e-02 -3.571452e-08
2.252681e+01 2.346256e-02 -3.725465e-08
2.252681e+01 3.503514e-02 -1.521655e-07
2.252681e+01 5.263151e-02 -2.876518e-07
2.252681e+01 7.314235e-02 -5.632219e-07
2.252681e+01 1.025928e-01 -8.446396e-07
2.252681e+01 1.448116e-01 -1.528558e-06
2.252681e+01 2.023460e-01 -2.381609e-06
2.252681e+01 2.834245e-01 -3.426712e-06
2.252681e+01 3.967448e-01 -5.241338e-06
2.252681e+01 5.552783e-01 -8.000478e-06
2.252681e+01 7.774819e-01 -1.215542e-05
2.252681e+01 1.088445e+00 -1.75757e-05
2.252681e+01 1.523711e+00 -2.551276e-05
2.252681e+01 2.088426e+00 -3.235678e-05
2.252681e+01 2.685505e+00 -2.852531e-05
2.299735e+01 1.570796e-02 -2.260137e-08
2.299735e+01 2.346256e-02 -2.165925e-08
2.299735e+01 3.503514e-02 -9.877742e-08
2.299735e+01 5.263151e-02 -1.796769e-07
2.299735e+01 7.314235e-02 -3.587668e-07
2.299735e+01 1.025928e-01 -5.326869e-07
2.299735e+01 1.448116e-01 -9.744496e-07
2.299735e+01 2.023460e-01 -1.517518e-06
2.299735e+01 2.834245e-01 -2.204463e-06
2.299735e+01 3.967448e-01 -3.386131e-06
2.299735e+01 5.552783e-01 -5.180912e-06
2.299735e+01 7.774819e-01 -7.911288e-06
2.299735e+01 1.088445e+00 -1.151752e-05
2.299735e+01 1.523711e+00 -1.706147e-05
2.299735e+01 2.088426e+00 -2.22206e-05
2.299735e+01 2.685505e+00 -2.028856e-05
2.34773e+01 1.570796e-02 -1.624532e-08
2.34773e+01 2.346256e-02 -1.227184e-08
2.34773e+01 3.503514e-02 -6.172919e-08
2.34773e+01 5.263151e-02 -1.09688e-07
2.34773e+01 7.314235e-02 -2.178906e-07
2.34773e+01 1.025928e-01 -3.29503e-07
2.34773e+01 1.448116e-01 -6.336840e-07
2.34773e+01 2.023460e-01 -9.734371e-07
2.34773e+01 2.834245e-01 -1.418144e-06
2.34773e+01 3.967448e-01 -2.195537e-06
2.34773e+01 5.552783e-01 -3.364802e-06
2.34773e+01 7.774819e-01 -5.188599e-06
2.34773e+01 1.088445e+00 -7.549146e-06
2.34773e+01 1.523711e+00 -1.137441e-05
2.34773e+01 2.088426e+00 -1.512541e-05
2.34773e+01 2.685505e+00 -1.446099e-05
2.396684e+01 1.570796e-02 9.948758e-11
2.396684e+01 2.346256e-02 5.606632e-10
2.396684e+01 3.503514e-02 5.485279e-10
2.396684e+01 5.263151e-02 1.412735e-09
2.396684e+01 7.314235e-02 3.434208e-09
2.396684e+01 1.025928e-01 5.994167e-09
2.396684e+01 1.448116e-01 1.141169e-08
2.396684e+01 2.023460e-01 1.880140e-08
2.396684e+01 2.834245e-01 3.086338e-08
2.396684e+01 3.967448e-01 4.740436e-08
2.396684e+01 5.552783e-01 7.061701e-08
2.396684e+01 7.774819e-01 9.406875e-08
2.396684e+01 1.088445e+00 1.039175e-07
2.396684e+01 1.523711e+00 8.277849e-08
2.396684e+01 2.088426e+00 4.223181e-08
2.396684e+01 2.685505e+00 9.826336e-09
2.446618e+01 1.570796e-02 1.482972e-10
2.446618e+01 2.346256e-02 6.184483e-10
2.446618e+01 3.503514e-02 7.809046e-10
2.446618e+01 5.263151e-02 1.803193e-09
2.446618e+01 7.314235e-02 4.120211e-09
2.446618e+01 1.025928e-01 6.794256e-09
2.446618e+01 1.448116e-01 1.247166e-08
2.446618e+01 2.023460e-01 1.99354e-08
2.446618e+01 2.834245e-01 3.192781e-08
2.446618e+01 3.967448e-01 4.844507e-08
2.446618e+01 5.552783e-01 7.162922e-08
2.446618e+01 7.774819e-01 9.551305e-08
2.446618e+01 1.088445e+00 1.065771e-07
2.446618e+01 1.523711e+00 8.839059e-08
2.446618e+01 2.088426e+00 5.005825e-08
2.446618e+01 2.685505e+00 1.547774e-08
2.497550e+01 1.570796e-02 1.806172e-10
2.497550e+01 2.346256e-02 6.435257e-10
2.497550e+01 3.503514e-02 9.311192e-10
2.497550e+01 5.263151e-02 2.045343e-09
2.497550e+01 7.314235e-02 4.535667e-09
2.497550e+01 1.025928e-01 7.240433e-09
2.497550e+01 1.448116e-01 1.301394e-08
2.497550e+01 2.023460e-01 2.043392e-08
2.497550e+01 2.834245e-01 3.222831e-08
2.497550e+01 3.967448e-01 4.859288e-08
2.497550e+01 5.552783e-01 7.152738e-08
2.497550e+01 7.774819e-01 9.551821e-08
2.497550e+01 1.088445e+00 1.075864e-07
2.497550e+01 1.523711e+00 9.249354e-08
2.497550e+01 2.088426e+00 5.638287e-08
2.497550e+01 2.685505e+00 1.988073e-08
2.549501e+01 1.570796e-02 1.988216e-10
2.549501e+01 2.346256e-02 6.488934e-10
2.549501e+01 3.503514e-02 1.017449e-09
2.549501e+01 5.263151e-02 2.173263e-09
2.549501e+01 7.314235e-02 4.734708e-09
2.549501e+01 1.025928e-01 7.404541e-09
2.549501e+01 1.448116e-01 1.314817e-08
2.549501e+01 2.023460e-01 2.042637e-08
2.549501e+01 2.834245e-01 3.193017e-08
2.549501e+01 3.967448e-01 4.801495e-08
2.549501e+01 5.552783e-01 7.050408e-08
2.549501e+01 7.774819e-01 9.43293e-08
2.549501e+01 1.088445e+00 1.072951e-07
2.549501e+01 1.523711e+00 9.513501e-08
2.549501e+01 2.088426e+00 6.17034e-08
2.549501e+01 2.685505e+00 2.406667e-08
2.602491e+01 1.570796e-02 2.069169e-10
2.602491e+01 2.346256e-02 6.386139e-10
2.602491e+01 3.503514e-02 1.054173e-09
2.602491e+01 5.263151e-02 2.215390e-09
2.602491e+01 7.314235e-02 4.771509e-09
2.602491e+01 1.025928e-01 7.357946e-09
2.602491e+01 1.448116e-01 1.295847e-08
2.602491e+01 2.023460e-01 2.001846e-08
2.602491e+01 2.834245e-01 3.114713e-08
2.602491e+01 3.967448e-01 4.680663e-08
2.602491e+01 5.552783e-01 6.867896e-08
2.602491e+01 7.774819e-01 9.209369e-08
2.602491e+01 1.088445e+00 1.058421e-07
2.602491e+01 1.523711e+00 9.654064e-08
2.602491e+01 2.088426e+00 6.587056e-08
2.602491e+01 2.685505e+00 2.779977e-08
2.656541e+01 1.570796e-02 2.07426e-10
2.656541e+01 2.346256e-02 6.153475e-10
2.656541e+01 3.503514e-02 1.053351e-09
2.656541e+01 5.263151e-02 2.189404e-09
2.656541e+01 7.314235e-02 4.682668e-09
2.656541e+01 1.025928e-01 7.148958e-09
2.656541e+01 1.448116e-01 1.252893e-08
2.656541e+01 2.023460e-01 1.930624e-08
2.656541e+01 2.834245e-01 2.997083e-08
2.656541e+01 3.967448e-01 4.507259e-08
2.656541e+01 5.552783e-01 6.614928e-08
2.656541e+01 7.774819e-01 8.905624e-08
2.656541e+01 1.088445e+00 1.033947e-07
2.656541e+01 1.523711e+00 9.687159e-08
2.656541e+01 2.088426e+00 6.920057e-08
2.656541e+01 2.685505e+00 3.139082e-08
2.711672e+01 1.570796e-02 2.019984e-10
2.711672e+01 2.346256e-02 5.838853e-10
2.711672e+01 3.503514e-02 1.024759e-09
2.711672e+01 5.263151e-02 2.113673e-09
2.711672e+01 7.314235e-02 4.496324e-09
2.711672e+01 1.025928e-01 6.820222e-09
2.711672e+01 1.448116e-01 1.191631e-08
2.711672e+01 2.023460e-01 1.834656e-08
2.711672e+01 2.834245e-01 2.849634e-08
2.711672e+01 3.967448e-01 4.290826e-08
2.711672e+01 5.552783e-01 6.303317e-08
2.711672e+01 7.774819e-01 8.524981e-08
2.711672e+01 1.088445e+00 1.000947e-07
2.711672e+01 1.523711e+00 9.631667e-08
2.711672e+01 2.088426e+00 7.185911e-08
2.711672e+01 2.685505e+00 3.489148e-08
2.767905e+01 1.570796e-02 1.921113e-10
2.767905e+01 2.346256e-02 5.457159e-10
2.767905e+01 3.503514e-02 9.758066e-10
2.767905e+01 5.263151e-02 2.000803e-09
2.767905e+01 7.314235e-02 4.242577e-09
2.767905e+01 1.025928e-01 6.402653e-09
2.767905e+01 1.448116e-01 1.116966e-08
2.767905e+01 2.023460e-01 1.721357e-08
2.767905e+01 2.834245e-01 2.677201e-08
2.767905e+01 3.967448e-01 4.039334e-08
2.767905e+01 5.552783e-01 5.945439e-08
2.767905e+01 7.774819e-01 8.075144e-08
2.767905e+01 1.088445e+00 9.592584e-08
2.767905e+01 1.523711e+00 9.481490e-08
2.767905e+01 2.088426e+00 7.375014e-08
2.767905e+01 2.685505e+00 3.830165e-08
2.825263e+01 1.570796e-02 1.792372e-10
2.825263e+01 2.346256e-02 5.024849e-10
2.825263e+01 3.503514e-02 9.114918e-10
2.825263e+01 5.263151e-02 1.861641e-09
2.825263e+01 7.314235e-02 3.936105e-09
2.825263e+01 1.025928e-01 5.923488e-09
2.825263e+01 1.448116e-01 1.032410e-08
2.825263e+01 2.023460e-01 1.594425e-08
2.825263e+01 2.834245e-01 2.485420e-08
2.825263e+01 3.967448e-01 3.757974e-08
2.825263e+01 5.552783e-01 5.546045e-08
2.825263e+01 7.774819e-01 7.568735e-08
2.825263e+01 1.088445e+00 9.097642e-08
2.825263e+01 1.523711e+00 9.233311e-08
2.825263e+01 2.088426e+00 7.485928e-08
2.825263e+01 2.685505e+00 4.171423e-08
2.883769e+01 1.570796e-02 1.640669e-10
2.883769e+01 2.346256e-02 4.558515e-10
2.883769e+01 3.503514e-02 8.363982e-10
2.883769e+01 5.263151e-02 1.703332e-09
2.883769e+01 7.314235e-02 3.596633e-09
2.883769e+01 1.025928e-01 5.398456e-09
2.883769e+01 1.448116e-01 9.409908e-09
2.883769e+01 2.023460e-01 1.457145e-08
2.883769e+01 2.834245e-01 2.278849e-08
2.883769e+01 3.967448e-01 3.454539e-08
2.883769e+01 5.552783e-01 5.110265e-08
2.883769e+01 7.774819e-01 7.013844e-08
2.883769e+01 1.088445e+00 8.533408e-08
2.883769e+01 1.523711e+00 8.894493e-08
2.883769e+01 2.088426e+00 7.521383e-08
2.883769e+01 2.685505e+00 4.497607e-08
2.943444e+01 1.570796e-02 1.474006e-10
2.943444e+01 2.346256e-02 4.077138e-10
2.943444e+01 3.503514e-02 7.538410e-10
2.943444e+01 5.263151e-02 1.53241e-09
2.943444e+01 7.314235e-02 3.232865e-09
2.943444e+01 1.025928e-01 4.846155e-09
2.943444e+01 1.448116e-01 8.448218e-09
2.943444e+01 2.023460e-01 1.312488e-08
2.943444e+01 2.834245e-01 2.059995e-08
2.943444e+01 3.967448e-01 3.130627e-08
2.943444e+01 5.552783e-01 4.643781e-08
2.943444e+01 7.774819e-01 6.408748e-08
2.943444e+01 1.088445e+00 7.902378e-08
2.943444e+01 1.523711e+00 8.458982e-08
2.943444e+01 2.088426e+00 7.473818e-08
2.943444e+01 2.685505e+00 4.816360e-08
3.004313e+01 1.570796e-02 1.298924e-10
3.004313e+01 2.346256e-02 3.587287e-10
3.004313e+01 3.503514e-02 6.665649e-10
3.004313e+01 5.263151e-02 1.354027e-09
3.004313e+01 7.314235e-02 2.85413e-09
3.004313e+01 1.025928e-01 4.275924e-09
3.004313e+01 1.448116e-01 7.457546e-09
3.004313e+01 2.023460e-01 1.162958e-08
3.004313e+01 2.834245e-01 1.831399e-08
3.004313e+01 3.967448e-01 2.789537e-08
3.004313e+01 5.552783e-01 4.152691e-08
3.004313e+01 7.774819e-01 5.762391e-08
3.004313e+01 1.088445e+00 7.199632e-08
3.004313e+01 1.523711e+00 7.918266e-08
3.004313e+01 2.088426e+00 7.319518e-08
3.004313e+01 2.685505e+00 5.109016e-08
3.066399e+01 1.570796e-02 1.121115e-10
3.066399e+01 2.346256e-02 3.09032e-10
3.066399e+01 3.503514e-02 5.76594e-10
3.066399e+01 5.263151e-02 1.171143e-09
3.066399e+01 7.314235e-02 2.467405e-09
3.066399e+01 1.025928e-01 3.697129e-09
3.066399e+01 1.448116e-01 6.452314e-09
3.066399e+01 2.023460e-01 1.009983e-08
3.066399e+01 2.834245e-01 1.596143e-08
3.066399e+01 3.967448e-01 2.43655e-08
3.066399e+01 5.552783e-01 3.639128e-08
3.066399e+01 7.774819e-01 5.07802e-08
3.066399e+01 1.088445e+00 6.429921e-08
3.066399e+01 1.523711e+00 7.269587e-08
3.066399e+01 2.088426e+00 7.041070e-08
3.066399e+01 2.685505e+00 5.328749e-08
3.129727e+01 1.570796e-02 9.403025e-11
3.129727e+01 2.346256e-02 2.600727e-10
3.129727e+01 3.503514e-02 4.854475e-10
3.129727e+01 5.263151e-02 9.857203e-10
3.129727e+01 7.314235e-02 2.078619e-09
3.129727e+01 1.025928e-01 3.114108e-09
3.129727e+01 1.448116e-01 5.439636e-09
3.129727e+01 2.023460e-01 8.549153e-09
3.129727e+01 2.834245e-01 1.355487e-08
3.129727e+01 3.967448e-01 2.073391e-08
3.129727e+01 5.552783e-01 3.107569e-08
3.129727e+01 7.774819e-01 4.359083e-08
3.129727e+01 1.088445e+00 5.596151e-08
3.129727e+01 1.523711e+00 6.504978e-08
3.129727e+01 2.088426e+00 6.619534e-08
3.129727e+01 2.685505e+00 5.459092e-08
3.194322e+01 1.570796e-02 7.610086e-11
3.194322e+01 2.346256e-02 2.110410e-10
3.194322e+01 3.503514e-02 3.939152e-10
3.194322e+01 5.263151e-02 8.007301e-10
3.194322e+01 7.314235e-02 1.689542e-09
3.194322e+01 1.025928e-01 2.532177e-09
3.194322e+01 1.448116e-01 4.427064e-09
3.194322e+01 2.023460e-01 6.985255e-09
3.194322e+01 2.834245e-01 1.110849e-08
3.194322e+01 3.967448e-01 1.7017e-08
3.194322e+01 5.552783e-01 2.560037e-08
3.194322e+01 7.774819e-01 3.611073e-08
3.194322e+01 1.088445e+00 4.696695e-08
3.194322e+01 1.523711e+00 5.615720e-08
3.194322e+01 2.088426e+00 6.028277e-08
3.194322e+01 2.685505e+00 5.424e-08
3.260208e+01 1.570796e-02 5.846594e-11
3.260208e+01 2.346256e-02 1.624710e-10
3.260208e+01 3.503514e-02 3.031886e-10
3.260208e+01 5.263151e-02 6.167016e-10
3.260208e+01 7.314235e-02 1.303298e-09
3.260208e+01 1.025928e-01 1.954345e-09
3.260208e+01 1.448116e-01 3.420089e-09
3.260208e+01 2.023460e-01 5.418098e-09
3.260208e+01 2.834245e-01 8.637926e-09
3.260208e+01 3.967448e-01 1.325245e-08
3.260208e+01 5.552783e-01 1.999618e-08
3.260208e+01 7.774819e-01 2.834554e-08
3.260208e+01 1.088445e+00 3.736523e-08
3.260208e+01 1.523711e+00 4.598452e-08
3.260208e+01 2.088426e+00 5.214796e-08
3.260208e+01 2.685505e+00 5.115377e-08
3.327412e+01 1.570796e-02 4.104529e-11
3.327412e+01 2.346256e-02 1.145537e-10
3.327412e+01 3.503514e-02 2.135807e-10
3.327412e+01 5.263151e-02 4.347615e-10
3.327412e+01 7.314235e-02 9.195332e-10
3.327412e+01 1.025928e-01 1.380847e-09
3.327412e+01 1.448116e-01 2.418670e-09
3.327412e+01 2.023460e-01 3.847649e-09
3.327412e+01 2.834245e-01 6.152331e-09
3.327412e+01 3.967448e-01 9.447471e-09
3.327412e+01 5.552783e-01 1.430002e-08
3.327412e+01 7.774819e-01 2.036402e-08
3.327412e+01 1.088445e+00 2.721447e-08
3.327412e+01 1.523711e+00 3.448914e-08
3.327412e+01 2.088426e+00 4.139510e-08
3.327412e+01 2.685505e+00 4.416871e-08
3.395961e+01 1.570796e-02 2.490931e-11
3.395961e+01 2.346256e-02 6.990214e-11
3.395961e+01 3.503514e-02 1.293432e-10
3.395961e+01 5.263151e-02 2.645907e-10
3.395961e+01 7.314235e-02 5.598994e-10
3.395961e+01 1.025928e-01 8.415872e-10
3.395961e+01 1.448116e-01 1.473056e-09
3.395961e+01 2.023460e-01 2.341827e-09
3.395961e+01 2.834245e-01 3.733976e-09
3.395961e+01 3.967448e-01 5.707814e-09
3.395961e+01 5.552783e-01 8.617095e-09
3.395961e+01 7.774819e-01 1.226834e-08
3.395961e+01 1.088445e+00 1.654212e-08
3.395961e+01 1.523711e+00 2.153074e-08
3.395961e+01 2.088426e+00 2.723776e-08
3.395961e+01 2.685505e+00 3.124687e-08
3.46588e+01 1.570796e-02 7.940581e-12
3.46588e+01 2.346256e-02 2.080703e-11
3.46588e+01 3.503514e-02 4.300674e-11
3.46588e+01 5.263151e-02 8.159807e-11
3.46588e+01 7.314235e-02 1.776216e-10
3.46588e+01 1.025928e-01 2.654322e-10
3.46588e+01 1.448116e-01 4.637189e-10
3.46588e+01 2.023460e-01 7.488576e-10
3.46588e+01 2.834245e-01 1.204763e-09
3.46588e+01 3.967448e-01 1.854848e-09
3.46588e+01 5.552783e-01 2.813113e-09
3.46588e+01 7.774819e-01 4.034719e-09
3.46588e+01 1.088445e+00 5.508570e-09
3.46588e+01 1.523711e+00 7.335172e-09
3.46588e+01 2.088426e+00 9.755737e-09
3.46588e+01 2.685505e+00 1.204221e-08
3.537197e+01 1.570796e-02 0.e+00
3.537197e+01 2.346256e-02 0.e+00
3.537197e+01 3.503514e-02 0.e+00
3.537197e+01 5.263151e-02 0.e+00
3.537197e+01 7.314235e-02 0.e+00
3.537197e+01 1.025928e-01 0.e+00
3.537197e+01 1.448116e-01 0.e+00
3.537197e+01 2.023460e-01 0.e+00
3.537197e+01 2.834245e-01 0.e+00
3.537197e+01 3.967448e-01 0.e+00
3.537197e+01 5.552783e-01 0.e+00
3.537197e+01 7.774819e-01 0.e+00
3.537197e+01 1.088445e+00 0.e+00
3.537197e+01 1.523711e+00 0.e+00
3.537197e+01 2.088426e+00 0.e+00
3.537197e+01 2.685505e+00 0.e+00
