5.e+00 1.570796e-02 -3.775236e-05
5.e+00 2.346256e-02 -1.010677e-04
5.e+00 3.503514e-02 -2.915788e-04
5.e+00 5.263151e-02 -1.214633e-04
5.e+00 7.314235e-02 -1.528642e-04
5.e+00 1.025928e-01 -1.334208e-04
5.e+00 1.448116e-01 -2.325582e-04
5.e+00 2.023460e-01 -1.970887e-04
5.e+00 2.834245e-01 -1.931990e-04
5.e+00 3.967448e-01 -1.667392e-04
5.e+00 5.552783e-01 -1.645811e-04
5.e+00 7.774819e-01 -1.357376e-04
5.e+00 1.088445e+00 -1.451545e-04
5.e+00 1.523711e+00 -1.412895e-04
5.e+00 2.088426e+00 -1.454913e-04
5.e+00 2.685505e+00 -1.520917e-04
5.12e+00 1.570796e-02 -1.124467e-04
5.12e+00 2.346256e-02 -1.983717e-04
5.12e+00 3.503514e-02 -1.262715e-03
5.12e+00 5.263151e-02 -9.918025e-04
5.12e+00 7.314235e-02 -6.781248e-04
5.12e+00 1.025928e-01 -1.107335e-03
5.12e+00 1.448116e-01 -9.61866e-04
5.12e+00 2.023460e-01 -1.075042e-03
5.12e+00 2.834245e-01 -9.272319e-04
5.12e+00 3.967448e-01 -8.927461e-04
5.12e+00 5.552783e-01 -7.969840e-04
5.12e+00 7.774819e-01 -7.2458e-04
5.12e+00 1.088445e+00 -6.712749e-04
5.12e+00 1.523711e+00 -6.342931e-04
5.12e+00 2.088426e+00 -6.686602e-04
5.12e+00 2.685505e+00 -7.107337e-04
5.2424e+00 1.570796e-02 -2.089128e-04
5.2424e+00 2.346256e-02 -5.54452e-04
5.2424e+00 3.503514e-02 -2.492770e-03
5.2424e+00 5.263151e-02 -2.829611e-03
5.2424e+00 7.314235e-02 -2.340174e-03
5.2424e+00 1.025928e-01 -2.777707e-03
5.2424e+00 1.448116e-01 -3.103865e-03
5.2424e+00 2.023460e-01 -2.906887e-03
5.2424e+00 2.834245e-01 -2.679208e-03
5.2424e+00 3.967448e-01 -2.520106e-03
5.2424e+00 5.552783e-01 -2.250947e-03
5.2424e+00 7.774819e-01 -2.062172e-03
5.2424e+00 1.088445e+00 -1.88387e-03
5.2424e+00 1.523711e+00 -1.751321e-03
5.2424e+00 2.088426e+00 -1.815638e-03
5.2424e+00 2.685505e+00 -1.899627e-03
5.367248e+00 1.570796e-02 -2.920643e-04
5.367248e+00 2.346256e-02 -8.917092e-04
5.367248e+00 3.503514e-02 -3.722689e-03
5.367248e+00 5.263151e-02 -5.500129e-03
5.367248e+00 7.314235e-02 -4.840833e-03
5.367248e+00 1.025928e-01 -6.010947e-03
5.367248e+00 1.448116e-01 -6.600208e-03
5.367248e+00 2.023460e-01 -6.089003e-03
5.367248e+00 2.834245e-01 -5.822832e-03
5.367248e+00 3.967448e-01 -5.434276e-03
5.367248e+00 5.552783e-01 -4.857328e-03
5.367248e+00 7.774819e-01 -4.392898e-03
5.367248e+00 1.088445e+00 -3.983705e-03
5.367248e+00 1.523711e+00 -3.614735e-03
5.367248e+00 2.088426e+00 -3.744765e-03
5.367248e+00 2.685505e+00 -3.884513e-03
5.494593e+00 1.570796e-02 -3.268749e-04
5.494593e+00 2.346256e-02 -1.113634e-03
5.494593e+00 3.503514e-02 -4.943352e-03
5.494593e+00 5.263151e-02 -7.387497e-03
5.494593e+00 7.314235e-02 -7.805870e-03
5.494593e+00 1.025928e-01 -1.021759e-02
5.494593e+00 1.448116e-01 -1.098719e-02
5.494593e+00 2.023460e-01 -1.035830e-02
5.494593e+00 2.834245e-01 -1.002964e-02
5.494593e+00 3.967448e-01 -9.374846e-03
5.494593e+00 5.552783e-01 -8.449865e-03
5.494593e+00 7.774819e-01 -7.609325e-03
5.494593e+00 1.088445e+00 -6.708929e-03
5.494593e+00 1.523711e+00 -6.059147e-03
5.494593e+00 2.088426e+00 -6.204453e-03
5.494593e+00 2.685505e+00 -6.401942e-03
5.624485e+00 1.570796e-02 -3.246167e-04
5.624485e+00 2.346256e-02 -1.171844e-03
5.624485e+00 3.503514e-02 -5.599107e-03
5.624485e+00 5.263151e-02 -9.113718e-03
5.624485e+00 7.314235e-02 -1.072016e-02
5.624485e+00 1.025928e-01 -1.522559e-02
5.624485e+00 1.448116e-01 -1.548586e-02
5.624485e+00 2.023460e-01 -1.522298e-02
5.624485e+00 2.834245e-01 -1.509743e-02
5.624485e+00 3.967448e-01 -1.418491e-02
5.624485e+00 5.552783e-01 -1.266474e-02
5.624485e+00 7.774819e-01 -1.138334e-02
5.624485e+00 1.088445e+00 -1.000203e-02
5.624485e+00 1.523711e+00 -8.941345e-03
5.624485e+00 2.088426e+00 -9.060934e-03
5.624485e+00 2.685505e+00 -9.300039e-03
5.756975e+00 1.570796e-02 -2.988950e-04
5.756975e+00 2.346256e-02 -1.1544e-03
5.756975e+00 3.503514e-02 -5.800039e-03
5.756975e+00 5.263151e-02 -1.029262e-02
5.756975e+00 7.314235e-02 -1.274639e-02
5.756975e+00 1.025928e-01 -1.896072e-02
5.756975e+00 1.448116e-01 -1.982446e-02
5.756975e+00 2.023460e-01 -1.996337e-02
5.756975e+00 2.834245e-01 -1.998291e-02
5.756975e+00 3.967448e-01 -1.92717e-02
5.756975e+00 5.552783e-01 -1.725636e-02
5.756975e+00 7.774819e-01 -1.539098e-02
5.756975e+00 1.088445e+00 -1.334915e-02
5.756975e+00 1.523711e+00 -1.189610e-02
5.756975e+00 2.088426e+00 -1.198553e-02
5.756975e+00 2.685505e+00 -1.221904e-02
5.892114e+00 1.570796e-02 -2.500170e-04
5.892114e+00 2.346256e-02 -1.116506e-03
5.892114e+00 3.503514e-02 -5.536756e-03
5.892114e+00 5.263151e-02 -1.078512e-02
5.892114e+00 7.314235e-02 -1.425365e-02
5.892114e+00 1.025928e-01 -2.184368e-02
5.892114e+00 1.448116e-01 -2.36071e-02
5.892114e+00 2.023460e-01 -2.436857e-02
5.892114e+00 2.834245e-01 -2.500477e-02
5.892114e+00 3.967448e-01 -2.443915e-02
5.892114e+00 5.552783e-01 -2.188836e-02
5.892114e+00 7.774819e-01 -1.955964e-02
5.892114e+00 1.088445e+00 -1.691260e-02
5.892114e+00 1.523711e+00 -1.487775e-02
5.892114e+00 2.088426e+00 -1.492564e-02
5.892114e+00 2.685505e+00 -1.506486e-02
6.029956e+00 1.570796e-02 -2.166827e-04
6.029956e+00 2.346256e-02 -1.004215e-03
6.029956e+00 3.503514e-02 -5.100978e-03
6.029956e+00 5.263151e-02 -1.081254e-02
6.029956e+00 7.314235e-02 -1.496683e-02
6.029956e+00 1.025928e-01 -2.376654e-02
6.029956e+00 1.448116e-01 -2.639065e-02
6.029956e+00 2.023460e-01 -2.812467e-02
6.029956e+00 2.834245e-01 -2.936744e-02
6.029956e+00 3.967448e-01 -2.91435e-02
6.029956e+00 5.552783e-01 -2.644259e-02
6.029956e+00 7.774819e-01 -2.369745e-02
6.029956e+00 1.088445e+00 -2.034833e-02
6.029956e+00 1.523711e+00 -1.777408e-02
6.029956e+00 2.088426e+00 -1.769440e-02
6.029956e+00 2.685505e+00 -1.756724e-02
6.170555e+00 1.570796e-02 -2.063196e-04
6.170555e+00 2.346256e-02 -9.572742e-04
6.170555e+00 3.503514e-02 -4.732703e-03
6.170555e+00 5.263151e-02 -1.042479e-02
6.170555e+00 7.314235e-02 -1.486064e-02
6.170555e+00 1.025928e-01 -2.437637e-02
6.170555e+00 1.448116e-01 -2.822259e-02
6.170555e+00 2.023460e-01 -3.08552e-02
6.170555e+00 2.834245e-01 -3.299123e-02
6.170555e+00 3.967448e-01 -3.3131e-02
6.170555e+00 5.552783e-01 -3.052749e-02
6.170555e+00 7.774819e-01 -2.740291e-02
6.170555e+00 1.088445e+00 -2.345560e-02
6.170555e+00 1.523711e+00 -2.040587e-02
6.170555e+00 2.088426e+00 -2.008188e-02
6.170555e+00 2.685505e+00 -1.974669e-02
6.313967e+00 1.570796e-02 -1.960592e-04
6.313967e+00 2.346256e-02 -9.01383e-04
6.313967e+00 3.503514e-02 -4.432298e-03
6.313967e+00 5.263151e-02 -9.810550e-03
6.313967e+00 7.314235e-02 -1.423065e-02
6.313967e+00 1.025928e-01 -2.419431e-02
6.313967e+00 1.448116e-01 -2.907865e-02
6.313967e+00 2.023460e-01 -3.272207e-02
6.313967e+00 2.834245e-01 -3.581713e-02
6.313967e+00 3.967448e-01 -3.651387e-02
6.313967e+00 5.552783e-01 -3.410139e-02
6.313967e+00 7.774819e-01 -3.071112e-02
6.313967e+00 1.088445e+00 -2.622353e-02
6.313967e+00 1.523711e+00 -2.275819e-02
6.313967e+00 2.088426e+00 -2.222814e-02
6.313967e+00 2.685505e+00 -2.167242e-02
6.460246e+00 1.570796e-02 -1.770887e-04
6.460246e+00 2.346256e-02 -8.307756e-04
6.460246e+00 3.503514e-02 -4.137021e-03
6.460246e+00 5.263151e-02 -9.208434e-03
6.460246e+00 7.314235e-02 -1.339687e-02
6.460246e+00 1.025928e-01 -2.331673e-02
6.460246e+00 1.448116e-01 -2.91052e-02
6.460246e+00 2.023460e-01 -3.376881e-02
6.460246e+00 2.834245e-01 -3.784374e-02
6.460246e+00 3.967448e-01 -3.904606e-02
6.460246e+00 5.552783e-01 -3.707272e-02
6.460246e+00 7.774819e-01 -3.353354e-02
6.460246e+00 1.088445e+00 -2.862647e-02
6.460246e+00 1.523711e+00 -2.479787e-02
6.460246e+00 2.088426e+00 -2.411695e-02
6.460246e+00 2.685505e+00 -2.325583e-02
6.609451e+00 1.570796e-02 -1.559132e-04
6.609451e+00 2.346256e-02 -7.608952e-04
6.609451e+00 3.503514e-02 -3.818967e-03
6.609451e+00 5.263151e-02 -8.544992e-03
6.609451e+00 7.314235e-02 -1.24743e-02
6.609451e+00 1.025928e-01 -2.208874e-02
6.609451e+00 1.448116e-01 -2.852369e-02
6.609451e+00 2.023460e-01 -3.405181e-02
6.609451e+00 2.834245e-01 -3.919667e-02
6.609451e+00 3.967448e-01 -4.093349e-02
6.609451e+00 5.552783e-01 -3.941798e-02
6.609451e+00 7.774819e-01 -3.592556e-02
6.609451e+00 1.088445e+00 -3.083908e-02
6.609451e+00 1.523711e+00 -2.663132e-02
6.609451e+00 2.088426e+00 -2.573177e-02
6.609451e+00 2.685505e+00 -2.457749e-02
6.76164e+00 1.570796e-02 -1.391508e-04
6.76164e+00 2.346256e-02 -6.930727e-04
6.76164e+00 3.503514e-02 -3.502487e-03
6.76164e+00 5.263151e-02 -7.816683e-03
6.76164e+00 7.314235e-02 -1.152376e-02
6.76164e+00 1.025928e-01 -2.069564e-02
6.76164e+00 1.448116e-01 -2.750984e-02
6.76164e+00 2.023460e-01 -3.360631e-02
6.76164e+00 2.834245e-01 -3.975319e-02
6.76164e+00 3.967448e-01 -4.218041e-02
6.76164e+00 5.552783e-01 -4.117489e-02
6.76164e+00 7.774819e-01 -3.783857e-02
6.76164e+00 1.088445e+00 -3.261989e-02
6.76164e+00 1.523711e+00 -2.816209e-02
6.76164e+00 2.088426e+00 -2.707432e-02
6.76164e+00 2.685505e+00 -2.567541e-02
6.916873e+00 1.570796e-02 -1.267867e-04
6.916873e+00 2.346256e-02 -6.315377e-04
6.916873e+00 3.503514e-02 -3.193479e-03
6.916873e+00 5.263151e-02 -7.112227e-03
6.916873e+00 7.314235e-02 -1.054734e-02
6.916873e+00 1.025928e-01 -1.925647e-02
6.916873e+00 1.448116e-01 -2.607986e-02
6.916873e+00 2.023460e-01 -3.264805e-02
6.916873e+00 2.834245e-01 -3.969282e-02
6.916873e+00 3.967448e-01 -4.276975e-02
6.916873e+00 5.552783e-01 -4.236807e-02
6.916873e+00 7.774819e-01 -3.92916e-02
6.916873e+00 1.088445e+00 -3.400624e-02
6.916873e+00 1.523711e+00 -2.942936e-02
6.916873e+00 2.088426e+00 -2.821344e-02
6.916873e+00 2.685505e+00 -2.658869e-02
7.075210e+00 1.570796e-02 -1.127769e-04
7.075210e+00 2.346256e-02 -5.724853e-04
7.075210e+00 3.503514e-02 -2.898702e-03
7.075210e+00 5.263151e-02 -6.468802e-03
7.075210e+00 7.314235e-02 -9.593398e-03
7.075210e+00 1.025928e-01 -1.773572e-02
7.075210e+00 1.448116e-01 -2.442866e-02
7.075210e+00 2.023460e-01 -3.131683e-02
7.075210e+00 2.834245e-01 -3.899976e-02
7.075210e+00 3.967448e-01 -4.27645e-02
7.075210e+00 5.552783e-01 -4.306792e-02
7.075210e+00 7.774819e-01 -4.025468e-02
7.075210e+00 1.088445e+00 -3.508787e-02
7.075210e+00 1.523711e+00 -3.04061e-02
7.075210e+00 2.088426e+00 -2.911321e-02
7.075210e+00 2.685505e+00 -2.727104e-02
7.236714e+00 1.570796e-02 -1.002705e-04
7.236714e+00 2.346256e-02 -5.237406e-04
7.236714e+00 3.503514e-02 -2.643119e-03
7.236714e+00 5.263151e-02 -5.890648e-03
7.236714e+00 7.314235e-02 -8.719788e-03
7.236714e+00 1.025928e-01 -1.625823e-02
7.236714e+00 1.448116e-01 -2.267443e-02
7.236714e+00 2.023460e-01 -2.969887e-02
7.236714e+00 2.834245e-01 -3.785563e-02
7.236714e+00 3.967448e-01 -4.220828e-02
7.236714e+00 5.552783e-01 -4.318821e-02
7.236714e+00 7.774819e-01 -4.084385e-02
7.236714e+00 1.088445e+00 -3.584251e-02
7.236714e+00 1.523711e+00 -3.113148e-02
7.236714e+00 2.088426e+00 -2.981461e-02
7.236714e+00 2.685505e+00 -2.769315e-02
7.401449e+00 1.570796e-02 -8.856814e-05
7.401449e+00 2.346256e-02 -4.764321e-04
7.401449e+00 3.503514e-02 -2.422297e-03
7.401449e+00 5.263151e-02 -5.374895e-03
7.401449e+00 7.314235e-02 -7.928145e-03
7.401449e+00 1.025928e-01 -1.487470e-02
7.401449e+00 1.448116e-01 -2.090873e-02
7.401449e+00 2.023460e-01 -2.782254e-02
7.401449e+00 2.834245e-01 -3.627777e-02
7.401449e+00 3.967448e-01 -4.119026e-02
7.401449e+00 5.552783e-01 -4.287356e-02
7.401449e+00 7.774819e-01 -4.097024e-02
7.401449e+00 1.088445e+00 -3.619581e-02
7.401449e+00 1.523711e+00 -3.161468e-02
7.401449e+00 2.088426e+00 -3.026659e-02
7.401449e+00 2.685505e+00 -2.795464e-02
7.569477e+00 1.570796e-02 -7.930014e-05
7.569477e+00 2.346256e-02 -4.347015e-04
7.569477e+00 3.503514e-02 -2.215765e-03
7.569477e+00 5.263151e-02 -4.898578e-03
7.569477e+00 7.314235e-02 -7.194599e-03
7.569477e+00 1.025928e-01 -1.356563e-02
7.569477e+00 1.448116e-01 -1.917869e-02
7.569477e+00 2.023460e-01 -2.587254e-02
7.569477e+00 2.834245e-01 -3.439421e-02
7.569477e+00 3.967448e-01 -3.984828e-02
7.569477e+00 5.552783e-01 -4.210356e-02
7.569477e+00 7.774819e-01 -4.065060e-02
7.569477e+00 1.088445e+00 -3.625123e-02
7.569477e+00 1.523711e+00 -3.188073e-02
7.569477e+00 2.088426e+00 -3.052208e-02
7.569477e+00 2.685505e+00 -2.803909e-02
7.740867e+00 1.570796e-02 -7.206869e-05
7.740867e+00 2.346256e-02 -3.992537e-04
7.740867e+00 3.503514e-02 -2.013392e-03
7.740867e+00 5.263151e-02 -4.454467e-03
7.740867e+00 7.314235e-02 -6.528797e-03
7.740867e+00 1.025928e-01 -1.234844e-02
7.740867e+00 1.448116e-01 -1.750639e-02
7.740867e+00 2.023460e-01 -2.389871e-02
7.740867e+00 2.834245e-01 -3.231571e-02
7.740867e+00 3.967448e-01 -3.822687e-02
7.740867e+00 5.552783e-01 -4.097903e-02
7.740867e+00 7.774819e-01 -4.001972e-02
7.740867e+00 1.088445e+00 -3.600664e-02
7.740867e+00 1.523711e+00 -3.18874e-02
7.740867e+00 2.088426e+00 -3.05922e-02
7.740867e+00 2.685505e+00 -2.795477e-02
7.915684e+00 1.570796e-02 -6.488629e-05
7.915684e+00 2.346256e-02 -3.649018e-04
7.915684e+00 3.503514e-02 -1.825201e-03
7.915684e+00 5.263151e-02 -4.048881e-03
7.915684e+00 7.314235e-02 -5.931570e-03
7.915684e+00 1.025928e-01 -1.122166e-02
7.915684e+00 1.448116e-01 -1.594464e-02
7.915684e+00 2.023460e-01 -2.198348e-02
7.915684e+00 2.834245e-01 -3.013787e-02
7.915684e+00 3.967448e-01 -3.631722e-02
7.915684e+00 5.552783e-01 -3.955163e-02
7.915684e+00 7.774819e-01 -3.906989e-02
7.915684e+00 1.088445e+00 -3.550602e-02
7.915684e+00 1.523711e+00 -3.165283e-02
7.915684e+00 2.088426e+00 -3.042447e-02
7.915684e+00 2.685505e+00 -2.770858e-02
8.093998e+00 1.570796e-02 -5.806438e-05
8.093998e+00 2.346256e-02 -3.314753e-04
8.093998e+00 3.503514e-02 -1.653658e-03
8.093998e+00 5.263151e-02 -3.683311e-03
8.093998e+00 7.314235e-02 -5.384605e-03
8.093998e+00 1.025928e-01 -1.017539e-02
8.093998e+00 1.448116e-01 -1.449306e-02
8.093998e+00 2.023460e-01 -2.013711e-02
8.093998e+00 2.834245e-01 -2.791409e-02
8.093998e+00 3.967448e-01 -3.424852e-02
8.093998e+00 5.552783e-01 -3.786387e-02
8.093998e+00 7.774819e-01 -3.786028e-02
8.093998e+00 1.088445e+00 -3.473724e-02
8.093998e+00 1.523711e+00 -3.121130e-02
8.093998e+00 2.088426e+00 -3.012491e-02
8.093998e+00 2.685505e+00 -2.725317e-02
8.275878e+00 1.570796e-02 -5.165528e-05
8.275878e+00 2.346256e-02 -3.016705e-04
8.275878e+00 3.503514e-02 -1.492492e-03
8.275878e+00 5.263151e-02 -3.343798e-03
8.275878e+00 7.314235e-02 -4.885639e-03
8.275878e+00 1.025928e-01 -9.210943e-03
8.275878e+00 1.448116e-01 -1.315250e-02
8.275878e+00 2.023460e-01 -1.837329e-02
8.275878e+00 2.834245e-01 -2.572407e-02
8.275878e+00 3.967448e-01 -3.201357e-02
8.275878e+00 5.552783e-01 -3.59415e-02
8.275878e+00 7.774819e-01 -3.636111e-02
8.275878e+00 1.088445e+00 -3.370725e-02
8.275878e+00 1.523711e+00 -3.064385e-02
8.275878e+00 2.088426e+00 -2.96764e-02
8.275878e+00 2.685505e+00 -2.668600e-02
8.461396e+00 1.570796e-02 -4.563852e-05
8.461396e+00 2.346256e-02 -2.716062e-04
8.461396e+00 3.503514e-02 -1.349051e-03
8.461396e+00 5.263151e-02 -3.023929e-03
8.461396e+00 7.314235e-02 -4.424172e-03
8.461396e+00 1.025928e-01 -8.326349e-03
8.461396e+00 1.448116e-01 -1.189970e-02
8.461396e+00 2.023460e-01 -1.671681e-02
8.461396e+00 2.834245e-01 -2.359252e-02
8.461396e+00 3.967448e-01 -2.973381e-02
8.461396e+00 5.552783e-01 -3.389343e-02
8.461396e+00 7.774819e-01 -3.467996e-02
8.461396e+00 1.088445e+00 -3.255756e-02
8.461396e+00 1.523711e+00 -2.986343e-02
8.461396e+00 2.088426e+00 -2.90236e-02
8.461396e+00 2.685505e+00 -2.601832e-02
8.650623e+00 1.570796e-02 -4.057205e-05
8.650623e+00 2.346256e-02 -2.436605e-04
8.650623e+00 3.503514e-02 -1.215518e-03
8.650623e+00 5.263151e-02 -2.723745e-03
8.650623e+00 7.314235e-02 -3.989713e-03
8.650623e+00 1.025928e-01 -7.496858e-03
8.650623e+00 1.448116e-01 -1.074745e-02
8.650623e+00 2.023460e-01 -1.515708e-02
8.650623e+00 2.834245e-01 -2.154205e-02
8.650623e+00 3.967448e-01 -2.746778e-02
8.650623e+00 5.552783e-01 -3.174584e-02
8.650623e+00 7.774819e-01 -3.290290e-02
8.650623e+00 1.088445e+00 -3.118962e-02
8.650623e+00 1.523711e+00 -2.894342e-02
8.650623e+00 2.088426e+00 -2.826903e-02
8.650623e+00 2.685505e+00 -2.524183e-02
8.843636e+00 1.570796e-02 -3.571748e-05
8.843636e+00 2.346256e-02 -2.179761e-04
8.843636e+00 3.503514e-02 -1.094684e-03
8.843636e+00 5.263151e-02 -2.45946e-03
8.843636e+00 7.314235e-02 -3.599085e-03
8.843636e+00 1.025928e-01 -6.743356e-03
8.843636e+00 1.448116e-01 -9.684394e-03
8.843636e+00 2.023460e-01 -1.369049e-02
8.843636e+00 2.834245e-01 -1.958127e-02
8.843636e+00 3.967448e-01 -2.523977e-02
8.843636e+00 5.552783e-01 -2.955235e-02
8.843636e+00 7.774819e-01 -3.102810e-02
8.843636e+00 1.088445e+00 -2.972347e-02
8.843636e+00 1.523711e+00 -2.793209e-02
8.843636e+00 2.088426e+00 -2.742258e-02
8.843636e+00 2.685505e+00 -2.441389e-02
9.040509e+00 1.570796e-02 -3.18663e-05
9.040509e+00 2.346256e-02 -1.935833e-04
9.040509e+00 3.503514e-02 -9.819332e-04
9.040509e+00 5.263151e-02 -2.21112e-03
9.040509e+00 7.314235e-02 -3.238547e-03
9.040509e+00 1.025928e-01 -6.052831e-03
9.040509e+00 1.448116e-01 -8.709369e-03
9.040509e+00 2.023460e-01 -1.233248e-02
9.040509e+00 2.834245e-01 -1.774272e-02
9.040509e+00 3.967448e-01 -2.306626e-02
9.040509e+00 5.552783e-01 -2.734194e-02
9.040509e+00 7.774819e-01 -2.90668e-02
9.040509e+00 1.088445e+00 -2.818172e-02
9.040509e+00 1.523711e+00 -2.679457e-02
9.040509e+00 2.088426e+00 -2.644938e-02
9.040509e+00 2.685505e+00 -2.350295e-02
9.241319e+00 1.570796e-02 -2.852185e-05
9.241319e+00 2.346256e-02 -1.724741e-04
9.241319e+00 3.503514e-02 -8.799412e-04
9.241319e+00 5.263151e-02 -1.985054e-03
9.241319e+00 7.314235e-02 -2.907576e-03
9.241319e+00 1.025928e-01 -5.435608e-03
9.241319e+00 1.448116e-01 -7.822132e-03
9.241319e+00 2.023460e-01 -1.109356e-02
9.241319e+00 2.834245e-01 -1.603548e-02
9.241319e+00 3.967448e-01 -2.098396e-02
9.241319e+00 5.552783e-01 -2.515132e-02
9.241319e+00 7.774819e-01 -2.707547e-02
9.241319e+00 1.088445e+00 -2.655582e-02
9.241319e+00 1.523711e+00 -2.557482e-02
9.241319e+00 2.088426e+00 -2.537454e-02
9.241319e+00 2.685505e+00 -2.24344e-02
9.446145e+00 1.570796e-02 -2.525023e-05
9.446145e+00 2.346256e-02 -1.537908e-04
9.446145e+00 3.503514e-02 -7.878701e-04
9.446145e+00 5.263151e-02 -1.777215e-03
9.446145e+00 7.314235e-02 -2.603935e-03
9.446145e+00 1.025928e-01 -4.853732e-03
9.446145e+00 1.448116e-01 -6.995302e-03
9.446145e+00 2.023460e-01 -9.935792e-03
9.446145e+00 2.834245e-01 -1.442107e-02
9.446145e+00 3.967448e-01 -1.89747e-02
9.446145e+00 5.552783e-01 -2.299255e-02
9.446145e+00 7.774819e-01 -2.506192e-02
9.446145e+00 1.088445e+00 -2.487942e-02
9.446145e+00 1.523711e+00 -2.426939e-02
9.446145e+00 2.088426e+00 -2.421521e-02
9.446145e+00 2.685505e+00 -2.134556e-02
9.655068e+00 1.570796e-02 -2.234813e-05
9.655068e+00 2.346256e-02 -1.354198e-04
9.655068e+00 3.503514e-02 -7.016588e-04
9.655068e+00 5.263151e-02 -1.58323e-03
9.655068e+00 7.314235e-02 -2.323591e-03
9.655068e+00 1.025928e-01 -4.320313e-03
9.655068e+00 1.448116e-01 -6.235601e-03
9.655068e+00 2.023460e-01 -8.871395e-03
9.655068e+00 2.834245e-01 -1.292081e-02
9.655068e+00 3.967448e-01 -1.708119e-02
9.655068e+00 5.552783e-01 -2.089306e-02
9.655068e+00 7.774819e-01 -2.303748e-02
9.655068e+00 1.088445e+00 -2.318275e-02
9.655068e+00 1.523711e+00 -2.287874e-02
9.655068e+00 2.088426e+00 -2.299209e-02
9.655068e+00 2.685505e+00 -2.020363e-02
9.86817e+00 1.570796e-02 -1.941481e-05
9.86817e+00 2.346256e-02 -1.188942e-04
9.86817e+00 3.503514e-02 -6.231743e-04
9.86817e+00 5.263151e-02 -1.410627e-03
9.86817e+00 7.314235e-02 -2.06738e-03
9.86817e+00 1.025928e-01 -3.836696e-03
9.86817e+00 1.448116e-01 -5.546377e-03
9.86817e+00 2.023460e-01 -7.905426e-03
9.86817e+00 2.834245e-01 -1.153661e-02
9.86817e+00 3.967448e-01 -1.530501e-02
9.86817e+00 5.552783e-01 -1.89017e-02
9.86817e+00 7.774819e-01 -2.107486e-02
9.86817e+00 1.088445e+00 -2.147404e-02
9.86817e+00 1.523711e+00 -2.14858e-02
9.86817e+00 2.088426e+00 -2.170383e-02
9.86817e+00 2.685505e+00 -1.901415e-02
1.008553e+01 1.570796e-02 -1.708079e-05
1.008553e+01 2.346256e-02 -1.038136e-04
1.008553e+01 3.503514e-02 -5.523354e-04
1.008553e+01 5.263151e-02 -1.247726e-03
1.008553e+01 7.314235e-02 -1.831143e-03
1.008553e+01 1.025928e-01 -3.393881e-03
1.008553e+01 1.448116e-01 -4.913277e-03
1.008553e+01 2.023460e-01 -7.01447e-03
1.008553e+01 2.834245e-01 -1.026311e-02
1.008553e+01 3.967448e-01 -1.365601e-02
1.008553e+01 5.552783e-01 -1.699771e-02
1.008553e+01 7.774819e-01 -1.91619e-02
1.008553e+01 1.088445e+00 -1.977535e-02
1.008553e+01 1.523711e+00 -2.006920e-02
1.008553e+01 2.088426e+00 -2.03822e-02
1.008553e+01 2.685505e+00 -1.78734e-02
1.030724e+01 1.570796e-02 -1.502663e-05
1.030724e+01 2.346256e-02 -9.102096e-05
1.030724e+01 3.503514e-02 -4.859154e-04
1.030724e+01 5.263151e-02 -1.102015e-03
1.030724e+01 7.314235e-02 -1.615819e-03
1.030724e+01 1.025928e-01 -2.990830e-03
1.030724e+01 1.448116e-01 -4.33988e-03
1.030724e+01 2.023460e-01 -6.20093e-03
1.030724e+01 2.834245e-01 -9.095015e-03
1.030724e+01 3.967448e-01 -1.214264e-02
1.030724e+01 5.552783e-01 -1.521782e-02
1.030724e+01 7.774819e-01 -1.734399e-02
1.030724e+01 1.088445e+00 -1.810905e-02
1.030724e+01 1.523711e+00 -1.863306e-02
1.030724e+01 2.088426e+00 -1.903663e-02
1.030724e+01 2.685505e+00 -1.671934e-02
1.053339e+01 1.570796e-02 -1.312213e-05
1.053339e+01 2.346256e-02 -7.90735e-05
1.053339e+01 3.503514e-02 -4.272039e-04
1.053339e+01 5.263151e-02 -9.703832e-04
1.053339e+01 7.314235e-02 -1.421079e-03
1.053339e+01 1.025928e-01 -2.625089e-03
1.053339e+01 1.448116e-01 -3.816606e-03
1.053339e+01 2.023460e-01 -5.460643e-03
1.053339e+01 2.834245e-01 -8.029796e-03
1.053339e+01 3.967448e-01 -1.075562e-02
1.053339e+01 5.552783e-01 -1.355643e-02
1.053339e+01 7.774819e-01 -1.562077e-02
1.053339e+01 1.088445e+00 -1.651168e-02
1.053339e+01 1.523711e+00 -1.721823e-02
1.053339e+01 2.088426e+00 -1.766016e-02
1.053339e+01 2.685505e+00 -1.553671e-02
1.076406e+01 1.570796e-02 -1.14581e-05
1.076406e+01 2.346256e-02 -6.919882e-05
1.076406e+01 3.503514e-02 -3.735487e-04
1.076406e+01 5.263151e-02 -8.521229e-04
1.076406e+01 7.314235e-02 -1.244207e-03
1.076406e+01 1.025928e-01 -2.299646e-03
1.076406e+01 1.448116e-01 -3.345089e-03
1.076406e+01 2.023460e-01 -4.792305e-03
1.076406e+01 2.834245e-01 -7.056213e-03
1.076406e+01 3.967448e-01 -9.480647e-03
1.076406e+01 5.552783e-01 -1.201816e-02
1.076406e+01 7.774819e-01 -1.396206e-02
1.076406e+01 1.088445e+00 -1.496341e-02
1.076406e+01 1.523711e+00 -1.579954e-02
1.076406e+01 2.088426e+00 -1.633622e-02
1.076406e+01 2.685505e+00 -1.436449e-02
1.099934e+01 1.570796e-02 -9.941133e-06
1.099934e+01 2.346256e-02 -5.990929e-05
1.099934e+01 3.503514e-02 -3.27249e-04
1.099934e+01 5.263151e-02 -7.454783e-04
1.099934e+01 7.314235e-02 -1.086776e-03
1.099934e+01 1.025928e-01 -2.001235e-03
1.099934e+01 1.448116e-01 -2.919856e-03
1.099934e+01 2.023460e-01 -4.180978e-03
1.099934e+01 2.834245e-01 -6.173867e-03
1.099934e+01 3.967448e-01 -8.320766e-03
1.099934e+01 5.552783e-01 -1.060294e-02
1.099934e+01 7.774819e-01 -1.243164e-02
1.099934e+01 1.088445e+00 -1.348430e-02
1.099934e+01 1.523711e+00 -1.442065e-02
1.099934e+01 2.088426e+00 -1.504742e-02
1.099934e+01 2.685505e+00 -1.321353e-02
1.123932e+01 1.570796e-02 -8.487928e-06
1.123932e+01 2.346256e-02 -5.169215e-05
1.123932e+01 3.503514e-02 -2.837919e-04
1.123932e+01 5.263151e-02 -6.501322e-04
1.123932e+01 7.314235e-02 -9.492134e-04
1.123932e+01 1.025928e-01 -1.740065e-03
1.123932e+01 1.448116e-01 -2.542612e-03
1.123932e+01 2.023460e-01 -3.64317e-03
1.123932e+01 2.834245e-01 -5.385227e-03
1.123932e+01 3.967448e-01 -7.264764e-03
1.123932e+01 5.552783e-01 -9.29948e-03
1.123932e+01 7.774819e-01 -1.099637e-02
1.123932e+01 1.088445e+00 -1.209421e-02
1.123932e+01 1.523711e+00 -1.310661e-02
1.123932e+01 2.088426e+00 -1.375908e-02
1.123932e+01 2.685505e+00 -1.209545e-02
1.148411e+01 1.570796e-02 -7.203004e-06
1.148411e+01 2.346256e-02 -4.419959e-05
1.148411e+01 3.503514e-02 -2.453956e-04
1.148411e+01 5.263151e-02 -5.667383e-04
1.148411e+01 7.314235e-02 -8.239365e-04
1.148411e+01 1.025928e-01 -1.508467e-03
1.148411e+01 1.448116e-01 -2.209567e-03
1.148411e+01 2.023460e-01 -3.161883e-03
1.148411e+01 2.834245e-01 -4.682981e-03
1.148411e+01 3.967448e-01 -6.329230e-03
1.148411e+01 5.552783e-01 -8.138480e-03
1.148411e+01 7.774819e-01 -9.705499e-03
1.148411e+01 1.088445e+00 -1.079615e-02
1.148411e+01 1.523711e+00 -1.184463e-02
1.148411e+01 2.088426e+00 -1.251250e-02
1.148411e+01 2.685505e+00 -1.103561e-02
1.173379e+01 1.570796e-02 -6.210581e-06
1.173379e+01 2.346256e-02 -3.803834e-05
1.173379e+01 3.503514e-02 -2.095804e-04
1.173379e+01 5.263151e-02 -4.879506e-04
1.173379e+01 7.314235e-02 -7.103332e-04
1.173379e+01 1.025928e-01 -1.29598e-03
1.173379e+01 1.448116e-01 -1.900146e-03
1.173379e+01 2.023460e-01 -2.721379e-03
1.173379e+01 2.834245e-01 -4.039318e-03
1.173379e+01 3.967448e-01 -5.463661e-03
1.173379e+01 5.552783e-01 -7.062802e-03
1.173379e+01 7.774819e-01 -8.502342e-03
1.173379e+01 1.088445e+00 -9.578983e-03
1.173379e+01 1.523711e+00 -1.066393e-02
1.173379e+01 2.088426e+00 -1.138924e-02
1.173379e+01 2.685505e+00 -1.003842e-02
1.198847e+01 1.570796e-02 -5.263366e-06
1.198847e+01 2.346256e-02 -3.249628e-05
1.198847e+01 3.503514e-02 -1.801006e-04
1.198847e+01 5.263151e-02 -4.191855e-04
1.198847e+01 7.314235e-02 -6.098376e-04
1.198847e+01 1.025928e-01 -1.109454e-03
1.198847e+01 1.448116e-01 -1.626862e-03
1.198847e+01 2.023460e-01 -2.335809e-03
1.198847e+01 2.834245e-01 -3.468586e-03
1.198847e+01 3.967448e-01 -4.700704e-03
1.198847e+01 5.552783e-01 -6.103205e-03
1.198847e+01 7.774819e-01 -7.413818e-03
1.198847e+01 1.088445e+00 -8.454280e-03
1.198847e+01 1.523711e+00 -9.524888e-03
1.198847e+01 2.088426e+00 -1.024817e-02
1.198847e+01 2.685505e+00 -9.041889e-03
1.224824e+01 1.570796e-02 -4.374352e-06
1.224824e+01 2.346256e-02 -2.714336e-05
1.224824e+01 3.503514e-02 -1.540936e-04
1.224824e+01 5.263151e-02 -3.588256e-04
1.224824e+01 7.314235e-02 -5.207508e-04
1.224824e+01 1.025928e-01 -9.46021e-04
1.224824e+01 1.448116e-01 -1.389478e-03
1.224824e+01 2.023460e-01 -1.995502e-03
1.224824e+01 2.834245e-01 -2.967198e-03
1.224824e+01 3.967448e-01 -4.029301e-03
1.224824e+01 5.552783e-01 -5.247567e-03
1.224824e+01 7.774819e-01 -6.434849e-03
1.224824e+01 1.088445e+00 -7.425981e-03
1.224824e+01 1.523711e+00 -8.467628e-03
1.224824e+01 2.088426e+00 -9.173702e-03
1.224824e+01 2.685505e+00 -8.161361e-03
1.251320e+01 1.570796e-02 -3.699406e-06
1.251320e+01 2.346256e-02 -2.301586e-05
1.251320e+01 3.503514e-02 -1.299678e-04
1.251320e+01 5.263151e-02 -3.059167e-04
1.251320e+01 7.314235e-02 -4.425305e-04
1.251320e+01 1.025928e-01 -8.018929e-04
1.251320e+01 1.448116e-01 -1.180359e-03
1.251320e+01 2.023460e-01 -1.69334e-03
1.251320e+01 2.834245e-01 -2.523712e-03
1.251320e+01 3.967448e-01 -3.436463e-03
1.251320e+01 5.552783e-01 -4.491930e-03
1.251320e+01 7.774819e-01 -5.564072e-03
1.251320e+01 1.088445e+00 -6.483909e-03
1.251320e+01 1.523711e+00 -7.488192e-03
1.251320e+01 2.088426e+00 -8.177868e-03
1.251320e+01 2.685505e+00 -7.313873e-03
1.278347e+01 1.570796e-02 -3.19105e-06
1.278347e+01 2.346256e-02 -1.959843e-05
1.278347e+01 3.503514e-02 -1.087741e-04
1.278347e+01 5.263151e-02 -2.599293e-04
1.278347e+01 7.314235e-02 -3.737639e-04
1.278347e+01 1.025928e-01 -6.773083e-04
1.278347e+01 1.448116e-01 -9.995974e-04
1.278347e+01 2.023460e-01 -1.432446e-03
1.278347e+01 2.834245e-01 -2.143336e-03
1.278347e+01 3.967448e-01 -2.921367e-03
1.278347e+01 5.552783e-01 -3.835456e-03
1.278347e+01 7.774819e-01 -4.789808e-03
1.278347e+01 1.088445e+00 -5.626861e-03
1.278347e+01 1.523711e+00 -6.57233e-03
1.278347e+01 2.088426e+00 -7.227318e-03
1.278347e+01 2.685505e+00 -6.466239e-03
1.305914e+01 1.570796e-02 -2.746659e-06
1.305914e+01 2.346256e-02 -1.636297e-05
1.305914e+01 3.503514e-02 -9.135327e-05
1.305914e+01 5.263151e-02 -2.183848e-04
1.305914e+01 7.314235e-02 -3.152358e-04
1.305914e+01 1.025928e-01 -5.699867e-04
1.305914e+01 1.448116e-01 -8.440310e-04
1.305914e+01 2.023460e-01 -1.20758e-03
1.305914e+01 2.834245e-01 -1.805862e-03
1.305914e+01 3.967448e-01 -2.467049e-03
1.305914e+01 5.552783e-01 -3.251196e-03
1.305914e+01 7.774819e-01 -4.087137e-03
1.305914e+01 1.088445e+00 -4.852485e-03
1.305914e+01 1.523711e+00 -5.717814e-03
1.305914e+01 2.088426e+00 -6.317795e-03
1.305914e+01 2.685505e+00 -5.687073e-03
1.334032e+01 1.570796e-02 -2.286909e-06
1.334032e+01 2.346256e-02 -1.357486e-05
1.334032e+01 3.503514e-02 -7.670198e-05
1.334032e+01 5.263151e-02 -1.827287e-04
1.334032e+01 7.314235e-02 -2.63765e-04
1.334032e+01 1.025928e-01 -4.776515e-04
1.334032e+01 1.448116e-01 -7.068148e-04
1.334032e+01 2.023460e-01 -1.010741e-03
1.334032e+01 2.834245e-01 -1.514167e-03
1.334032e+01 3.967448e-01 -2.070112e-03
1.334032e+01 5.552783e-01 -2.736938e-03
1.334032e+01 7.774819e-01 -3.467463e-03
1.334032e+01 1.088445e+00 -4.156039e-03
1.334032e+01 1.523711e+00 -4.930905e-03
1.334032e+01 2.088426e+00 -5.473423e-03
1.334032e+01 2.685505e+00 -4.934347e-03
1.362713e+01 1.570796e-02 -1.988451e-06
1.362713e+01 2.346256e-02 -1.123715e-05
1.362713e+01 3.503514e-02 -6.380972e-05
1.362713e+01 5.263151e-02 -1.522559e-04
1.362713e+01 7.314235e-02 -2.204266e-04
1.362713e+01 1.025928e-01 -3.962924e-04
1.362713e+01 1.448116e-01 -5.872728e-04
1.362713e+01 2.023460e-01 -8.437481e-04
1.362713e+01 2.834245e-01 -1.265182e-03
1.362713e+01 3.967448e-01 -1.7327e-03
1.362713e+01 5.552783e-01 -2.29815e-03
1.362713e+01 7.774819e-01 -2.926611e-03
1.362713e+01 1.088445e+00 -3.543664e-03
1.362713e+01 1.523711e+00 -4.224069e-03
1.362713e+01 2.088426e+00 -4.706011e-03
1.362713e+01 2.685505e+00 -4.249559e-03
1.391967e+01 1.570796e-02 -1.704407e-06
1.391967e+01 2.346256e-02 -9.239230e-06
1.391967e+01 3.503514e-02 -5.269891e-05
1.391967e+01 5.263151e-02 -1.269511e-04
1.391967e+01 7.314235e-02 -1.824263e-04
1.391967e+01 1.025928e-01 -3.292464e-04
1.391967e+01 1.448116e-01 -4.883374e-04
1.391967e+01 2.023460e-01 -7.013888e-04
1.391967e+01 2.834245e-01 -1.050254e-03
1.391967e+01 3.967448e-01 -1.443718e-03
1.391967e+01 5.552783e-01 -1.918614e-03
1.391967e+01 7.774819e-01 -2.458051e-03
1.391967e+01 1.088445e+00 -3.000195e-03
1.391967e+01 1.523711e+00 -3.596865e-03
1.391967e+01 2.088426e+00 -4.012321e-03
1.391967e+01 2.685505e+00 -3.620488e-03
1.421806e+01 1.570796e-02 -1.372734e-06
1.421806e+01 2.346256e-02 -7.597870e-06
1.421806e+01 3.503514e-02 -4.346505e-05
1.421806e+01 5.263151e-02 -1.045182e-04
1.421806e+01 7.314235e-02 -1.507497e-04
1.421806e+01 1.025928e-01 -2.714041e-04
1.421806e+01 1.448116e-01 -4.013062e-04
1.421806e+01 2.023460e-01 -5.783488e-04
1.421806e+01 2.834245e-01 -8.654548e-04
1.421806e+01 3.967448e-01 -1.194811e-03
1.421806e+01 5.552783e-01 -1.590941e-03
1.421806e+01 7.774819e-01 -2.049407e-03
1.421806e+01 1.088445e+00 -2.521353e-03
1.421806e+01 1.523711e+00 -3.028709e-03
1.421806e+01 2.088426e+00 -3.384370e-03
1.421806e+01 2.685505e+00 -3.050752e-03
1.452242e+01 1.570796e-02 -1.076058e-06
1.452242e+01 2.346256e-02 -6.0998e-06
1.452242e+01 3.503514e-02 -3.552673e-05
1.452242e+01 5.263151e-02 -8.530679e-05
1.452242e+01 7.314235e-02 -1.232623e-04
1.452242e+01 1.025928e-01 -2.226621e-04
1.452242e+01 1.448116e-01 -3.292627e-04
1.452242e+01 2.023460e-01 -4.737672e-04
1.452242e+01 2.834245e-01 -7.089408e-04
1.452242e+01 3.967448e-01 -9.829756e-04
1.452242e+01 5.552783e-01 -1.312534e-03
1.452242e+01 7.774819e-01 -1.700189e-03
1.452242e+01 1.088445e+00 -2.103295e-03
1.452242e+01 1.523711e+00 -2.539973e-03
1.452242e+01 2.088426e+00 -2.837648e-03
1.452242e+01 2.685505e+00 -2.56711e-03
1.483287e+01 1.570796e-02 -9.209931e-07
1.483287e+01 2.346256e-02 -4.979079e-06
1.483287e+01 3.503514e-02 -2.857454e-05
1.483287e+01 5.263151e-02 -6.999247e-05
1.483287e+01 7.314235e-02 -1.003661e-04
1.483287e+01 1.025928e-01 -1.814209e-04
1.483287e+01 1.448116e-01 -2.685836e-04
1.483287e+01 2.023460e-01 -3.872292e-04
1.483287e+01 2.834245e-01 -5.794708e-04
1.483287e+01 3.967448e-01 -8.017514e-04
1.483287e+01 5.552783e-01 -1.077267e-03
1.483287e+01 7.774819e-01 -1.398158e-03
1.483287e+01 1.088445e+00 -1.744222e-03
1.483287e+01 1.523711e+00 -2.109259e-03
1.483287e+01 2.088426e+00 -2.356889e-03
1.483287e+01 2.685505e+00 -2.10843e-03
1.514953e+01 1.570796e-02 -7.334827e-07
1.514953e+01 2.346256e-02 -4.003646e-06
1.514953e+01 3.503514e-02 -2.278291e-05
1.514953e+01 5.263151e-02 -5.619372e-05
1.514953e+01 7.314235e-02 -8.139821e-05
1.514953e+01 1.025928e-01 -1.472327e-04
1.514953e+01 1.448116e-01 -2.180409e-04
1.514953e+01 2.023460e-01 -3.134723e-04
1.514953e+01 2.834245e-01 -4.703716e-04
1.514953e+01 3.967448e-01 -6.520541e-04
1.514953e+01 5.552783e-01 -8.792169e-04
1.514953e+01 7.774819e-01 -1.146826e-03
1.514953e+01 1.088445e+00 -1.439906e-03
1.514953e+01 1.523711e+00 -1.747607e-03
1.514953e+01 2.088426e+00 -1.949214e-03
1.514953e+01 2.685505e+00 -1.705425e-03
1.547252e+01 1.570796e-02 -6.103833e-07
1.547252e+01 2.346256e-02 -3.238953e-06
1.547252e+01 3.503514e-02 -1.837734e-05
1.547252e+01 5.263151e-02 -4.499148e-05
1.547252e+01 7.314235e-02 -6.540426e-05
1.547252e+01 1.025928e-01 -1.186725e-04
1.547252e+01 1.448116e-01 -1.758986e-04
1.547252e+01 2.023460e-01 -2.531725e-04
1.547252e+01 2.834245e-01 -3.789321e-04
1.547252e+01 3.967448e-01 -5.256043e-04
1.547252e+01 5.552783e-01 -7.128808e-04
1.547252e+01 7.774819e-01 -9.361539e-04
1.547252e+01 1.088445e+00 -1.182076e-03
1.547252e+01 1.523711e+00 -1.440092e-03
1.547252e+01 2.088426e+00 -1.601251e-03
1.547252e+01 2.685505e+00 -1.376879e-03
1.580197e+01 1.570796e-02 -4.603237e-07
1.580197e+01 2.346256e-02 -2.613649e-06
1.580197e+01 3.503514e-02 -1.438326e-05
1.580197e+01 5.263151e-02 -3.607750e-05
1.580197e+01 7.314235e-02 -5.216627e-05
1.580197e+01 1.025928e-01 -9.468952e-05
1.580197e+01 1.448116e-01 -1.407723e-04
1.580197e+01 2.023460e-01 -2.021088e-04
1.580197e+01 2.834245e-01 -3.028536e-04
1.580197e+01 3.967448e-01 -4.204514e-04
1.580197e+01 5.552783e-01 -5.731278e-04
1.580197e+01 7.774819e-01 -7.562825e-04
1.580197e+01 1.088445e+00 -9.58153e-04
1.580197e+01 1.523711e+00 -1.170503e-03
1.580197e+01 2.088426e+00 -1.297506e-03
1.580197e+01 2.685505e+00 -1.096626e-03
1.613801e+01 1.570796e-02 -3.725654e-07
1.613801e+01 2.346256e-02 -2.069801e-06
1.613801e+01 3.503514e-02 -1.100133e-05
1.613801e+01 5.263151e-02 -2.864346e-05
1.613801e+01 7.314235e-02 -4.145726e-05
1.613801e+01 1.025928e-01 -7.495601e-05
1.613801e+01 1.448116e-01 -1.115729e-04
1.613801e+01 2.023460e-01 -1.604964e-04
1.613801e+01 2.834245e-01 -2.402264e-04
1.613801e+01 3.967448e-01 -3.344211e-04
1.613801e+01 5.552783e-01 -4.581204e-04
1.613801e+01 7.774819e-01 -6.067997e-04
1.613801e+01 1.088445e+00 -7.731875e-04
1.613801e+01 1.523711e+00 -9.475737e-04
1.613801e+01 2.088426e+00 -1.040266e-03
1.613801e+01 2.685505e+00 -8.493464e-04
1.648077e+01 1.570796e-02 -3.163586e-07
1.648077e+01 2.346256e-02 -1.697039e-06
1.648077e+01 3.503514e-02 -8.663463e-06
1.648077e+01 5.263151e-02 -2.236054e-05
1.648077e+01 7.314235e-02 -3.225019e-05
1.648077e+01 1.025928e-01 -5.912628e-05
1.648077e+01 1.448116e-01 -8.717095e-05
1.648077e+01 2.023460e-01 -1.256997e-04
1.648077e+01 2.834245e-01 -1.879044e-04
1.648077e+01 3.967448e-01 -2.626638e-04
1.648077e+01 5.552783e-01 -3.60944e-04
1.648077e+01 7.774819e-01 -4.819158e-04
1.648077e+01 1.088445e+00 -6.159059e-04
1.648077e+01 1.523711e+00 -7.582775e-04
1.648077e+01 2.088426e+00 -8.278751e-04
1.648077e+01 2.685505e+00 -6.524018e-04
1.683038e+01 1.570796e-02 -2.552664e-07
1.683038e+01 2.346256e-02 -1.236846e-06
1.683038e+01 3.503514e-02 -6.686567e-06
1.683038e+01 5.263151e-02 -1.720336e-05
1.683038e+01 7.314235e-02 -2.506235e-05
1.683038e+01 1.025928e-01 -4.573161e-05
1.683038e+01 1.448116e-01 -6.774111e-05
1.683038e+01 2.023460e-01 -9.750931e-05
1.683038e+01 2.834245e-01 -1.459341e-04
1.683038e+01 3.967448e-01 -2.038957e-04
1.683038e+01 5.552783e-01 -2.823701e-04
1.683038e+01 7.774819e-01 -3.798848e-04
1.683038e+01 1.088445e+00 -4.894045e-04
1.683038e+01 1.523711e+00 -6.057876e-04
1.683038e+01 2.088426e+00 -6.527316e-04
1.683038e+01 2.685505e+00 -5.043189e-04
1.718699e+01 1.570796e-02 -2.008768e-07
1.718699e+01 2.346256e-02 -8.87706e-07
1.718699e+01 3.503514e-02 -5.201804e-06
1.718699e+01 5.263151e-02 -1.309792e-05
1.718699e+01 7.314235e-02 -1.925579e-05
1.718699e+01 1.025928e-01 -3.477702e-05
1.718699e+01 1.448116e-01 -5.13907e-05
1.718699e+01 2.023460e-01 -7.469441e-05
1.718699e+01 2.834245e-01 -1.113706e-04
1.718699e+01 3.967448e-01 -1.55469e-04
1.718699e+01 5.552783e-01 -2.171502e-04
1.718699e+01 7.774819e-01 -2.94557e-04
1.718699e+01 1.088445e+00 -3.824219e-04
1.718699e+01 1.523711e+00 -4.75015e-04
1.718699e+01 2.088426e+00 -5.123290e-04
1.718699e+01 2.685505e+00 -3.904393e-04
1.755073e+01 1.570796e-02 -1.523643e-07
1.755073e+01 2.346256e-02 -6.568398e-07
1.755073e+01 3.503514e-02 -3.933649e-06
1.755073e+01 5.263151e-02 -9.878941e-06
1.755073e+01 7.314235e-02 -1.447808e-05
1.755073e+01 1.025928e-01 -2.634208e-05
1.755073e+01 1.448116e-01 -3.889832e-05
1.755073e+01 2.023460e-01 -5.677673e-05
1.755073e+01 2.834245e-01 -8.460937e-05
1.755073e+01 3.967448e-01 -1.184493e-04
1.755073e+01 5.552783e-01 -1.662815e-04
1.755073e+01 7.774819e-01 -2.281408e-04
1.755073e+01 1.088445e+00 -2.983986e-04
1.755073e+01 1.523711e+00 -3.755827e-04
1.755073e+01 2.088426e+00 -4.029317e-04
1.755073e+01 2.685505e+00 -3.022084e-04
1.792175e+01 1.570796e-02 -1.102453e-07
1.792175e+01 2.346256e-02 -4.833838e-07
1.792175e+01 3.503514e-02 -2.909870e-06
1.792175e+01 5.263151e-02 -7.299505e-06
1.792175e+01 7.314235e-02 -1.071854e-05
1.792175e+01 1.025928e-01 -1.927076e-05
1.792175e+01 1.448116e-01 -2.888613e-05
1.792175e+01 2.023460e-01 -4.199297e-05
1.792175e+01 2.834245e-01 -6.276325e-05
1.792175e+01 3.967448e-01 -8.787401e-05
1.792175e+01 5.552783e-01 -1.247653e-04
1.792175e+01 7.774819e-01 -1.723182e-04
1.792175e+01 1.088445e+00 -2.281517e-04
1.792175e+01 1.523711e+00 -2.919752e-04
1.792175e+01 2.088426e+00 -3.145695e-04
1.792175e+01 2.685505e+00 -2.307626e-04
1.830018e+01 1.570796e-02 -7.853898e-08
1.830018e+01 2.346256e-02 -3.551673e-07
1.830018e+01 3.503514e-02 -2.108476e-06
1.830018e+01 5.263151e-02 -5.228633e-06
1.830018e+01 7.314235e-02 -7.733054e-06
1.830018e+01 1.025928e-01 -1.390801e-05
1.830018e+01 1.448116e-01 -2.100582e-05
1.830018e+01 2.023460e-01 -3.048535e-05
1.830018e+01 2.834245e-01 -4.578779e-05
1.830018e+01 3.967448e-01 -6.397959e-05
1.830018e+01 5.552783e-01 -9.130269e-05
1.830018e+01 7.774819e-01 -1.277502e-04
1.830018e+01 1.088445e+00 -1.710109e-04
1.830018e+01 1.523711e+00 -2.227512e-04
1.830018e+01 2.088426e+00 -2.419304e-04
1.830018e+01 2.685505e+00 -1.739184e-04
1.868618e+01 1.570796e-02 -5.655320e-08
1.868618e+01 2.346256e-02 -2.548169e-07
1.868618e+01 3.503514e-02 -1.543182e-06
1.868618e+01 5.263151e-02 -3.704905e-06
1.868618e+01 7.314235e-02 -5.502162e-06
1.868618e+01 1.025928e-01 -9.935585e-06
1.868618e+01 1.448116e-01 -1.526426e-05
1.868618e+01 2.023460e-01 -2.178402e-05
1.868618e+01 2.834245e-01 -3.282246e-05
1.868618e+01 3.967448e-01 -4.584371e-05
1.868618e+01 5.552783e-01 -6.617574e-05
1.868618e+01 7.774819e-01 -9.346295e-05
1.868618e+01 1.088445e+00 -1.261977e-04
1.868618e+01 1.523711e+00 -1.681717e-04
1.868618e+01 2.088426e+00 -1.853268e-04
1.868618e+01 2.685505e+00 -1.354161e-04
1.907991e+01 1.570796e-02 -3.809779e-08
1.907991e+01 2.346256e-02 -1.661116e-07
1.907991e+01 3.503514e-02 -1.025449e-06
1.907991e+01 5.263151e-02 -2.526939e-06
1.907991e+01 7.314235e-02 -3.773514e-06
1.907991e+01 1.025928e-01 -6.784164e-06
1.907991e+01 1.448116e-01 -1.037642e-05
1.907991e+01 2.023460e-01 -1.488792e-05
1.907991e+01 2.834245e-01 -2.237814e-05
1.907991e+01 3.967448e-01 -3.136427e-05
1.907991e+01 5.552783e-01 -4.591094e-05
1.907991e+01 7.774819e-01 -6.519680e-05
1.907991e+01 1.088445e+00 -8.970341e-05
1.907991e+01 1.523711e+00 -1.223515e-04
1.907991e+01 2.088426e+00 -1.382713e-04
1.907991e+01 2.685505e+00 -1.04773e-04
1.948151e+01 1.570796e-02 -2.766976e-08
1.948151e+01 2.346256e-02 -1.125186e-07
1.948151e+01 3.503514e-02 -7.041238e-07
1.948151e+01 5.263151e-02 -1.729679e-06
1.948151e+01 7.314235e-02 -2.577896e-06
1.948151e+01 1.025928e-01 -4.615599e-06
1.948151e+01 1.448116e-01 -7.144934e-06
1.948151e+01 2.023460e-01 -1.017787e-05
1.948151e+01 2.834245e-01 -1.535174e-05
1.948151e+01 3.967448e-01 -2.146885e-05
1.948151e+01 5.552783e-01 -3.173994e-05
1.948151e+01 7.774819e-01 -4.546307e-05
1.948151e+01 1.088445e+00 -6.386939e-05
1.948151e+01 1.523711e+00 -8.877641e-05
1.948151e+01 2.088426e+00 -1.024511e-04
1.948151e+01 2.685505e+00 -8.217441e-05
1.989114e+01 1.570796e-02 -1.736509e-08
1.989114e+01 2.346256e-02 -6.754173e-08
1.989114e+01 3.503514e-02 -4.807092e-07
1.989114e+01 5.263151e-02 -1.164203e-06
1.989114e+01 7.314235e-02 -1.708492e-06
1.989114e+01 1.025928e-01 -3.136686e-06
1.989114e+01 1.448116e-01 -4.890892e-06
1.989114e+01 2.023460e-01 -6.877195e-06
1.989114e+01 2.834245e-01 -1.035408e-05
1.989114e+01 3.967448e-01 -1.471545e-05
1.989114e+01 5.552783e-01 -2.197154e-05
1.989114e+01 7.774819e-01 -3.163870e-05
1.989114e+01 1.088445e+00 -4.516936e-05
1.989114e+01 1.523711e+00 -6.325419e-05
1.989114e+01 2.088426e+00 -7.375471e-05
1.989114e+01 2.685505e+00 -5.984980e-05
2.030896e+01 1.570796e-02 -1.043375e-08
2.030896e+01 2.346256e-02 -4.339384e-08
2.030896e+01 3.503514e-02 -3.354581e-07
2.030896e+01 5.263151e-02 -7.803233e-07
2.030896e+01 7.314235e-02 -1.130087e-06
2.030896e+01 1.025928e-01 -2.068761e-06
2.030896e+01 1.448116e-01 -3.255046e-06
2.030896e+01 2.023460e-01 -4.622805e-06
2.030896e+01 2.834245e-01 -7.019996e-06
2.030896e+01 3.967448e-01 -9.922593e-06
2.030896e+01 5.552783e-01 -1.480622e-05
2.030896e+01 7.774819e-01 -2.147756e-05
2.030896e+01 1.088445e+00 -3.115895e-05
2.030896e+01 1.523711e+00 -4.409664e-05
2.030896e+01 2.088426e+00 -5.250936e-05
2.030896e+01 2.685505e+00 -4.291369e-05
2.073514e+01 1.570796e-02 -1.070107e-08
2.073514e+01 2.346256e-02 -2.387955e-08
2.073514e+01 3.503514e-02 -2.392987e-07
2.073514e+01 5.263151e-02 -5.190861e-07
2.073514e+01 7.314235e-02 -7.396434e-07
2.073514e+01 1.025928e-01 -1.347539e-06
2.073514e+01 1.448116e-01 -2.164504e-06
2.073514e+01 2.023460e-01 -3.063406e-06
2.073514e+01 2.834245e-01 -4.685428e-06
2.073514e+01 3.967448e-01 -6.576874e-06
2.073514e+01 5.552783e-01 -9.918914e-06
2.073514e+01 7.774819e-01 -1.439133e-05
2.073514e+01 1.088445e+00 -2.124531e-05
2.073514e+01 1.523711e+00 -3.027778e-05
2.073514e+01 2.088426e+00 -3.639871e-05
2.073514e+01 2.685505e+00 -3.003829e-05
2.116984e+01 1.570796e-02 -7.325175e-09
2.116984e+01 2.346256e-02 -1.27119e-08
2.116984e+01 3.503514e-02 -1.556632e-07
2.116984e+01 5.263151e-02 -3.351312e-07
2.116984e+01 7.314235e-02 -4.534279e-07
2.116984e+01 1.025928e-01 -8.382560e-07
2.116984e+01 1.448116e-01 -1.377680e-06
2.116984e+01 2.023460e-01 -1.921981e-06
2.116984e+01 2.834245e-01 -2.957754e-06
2.116984e+01 3.967448e-01 -4.234371e-06
2.116984e+01 5.552783e-01 -6.367140e-06
2.116984e+01 7.774819e-01 -9.457843e-06
2.116984e+01 1.088445e+00 -1.403604e-05
2.116984e+01 1.523711e+00 -2.015414e-05
2.116984e+01 2.088426e+00 -2.46737e-05
2.116984e+01 2.685505e+00 -2.124340e-05
2.161324e+01 1.570796e-02 -4.063101e-09
2.161324e+01 2.346256e-02 -8.692947e-09
2.161324e+01 3.503514e-02 -1.005973e-07
2.161324e+01 5.263151e-02 -2.147249e-07
2.161324e+01 7.314235e-02 -2.799697e-07
2.161324e+01 1.025928e-01 -5.205487e-07
2.161324e+01 1.448116e-01 -8.233847e-07
2.161324e+01 2.023460e-01 -1.161618e-06
2.161324e+01 2.834245e-01 -1.813473e-06
2.161324e+01 3.967448e-01 -2.607015e-06
2.161324e+01 5.552783e-01 -3.938012e-06
2.161324e+01 7.774819e-01 -5.961086e-06
2.161324e+01 1.088445e+00 -8.779331e-06
2.161324e+01 1.523711e+00 -1.305144e-05
2.161324e+01 2.088426e+00 -1.636197e-05
2.161324e+01 2.685505e+00 -1.473971e-05
2.206550e+01 1.570796e-02 -2.827044e-09
2.206550e+01 2.346256e-02 -3.745032e-09
2.206550e+01 3.503514e-02 -5.979651e-08
2.206550e+01 5.263151e-02 -1.25557e-07
2.206550e+01 7.314235e-02 -1.658500e-07
2.206550e+01 1.025928e-01 -3.115069e-07
2.206550e+01 1.448116e-01 -4.94236e-07
2.206550e+01 2.023460e-01 -6.767854e-07
2.206550e+01 2.834245e-01 -1.071147e-06
2.206550e+01 3.967448e-01 -1.541726e-06
2.206550e+01 5.552783e-01 -2.388464e-06
2.206550e+01 7.774819e-01 -3.573384e-06
2.206550e+01 1.088445e+00 -5.382044e-06
2.206550e+01 1.523711e+00 -8.074347e-06
2.206550e+01 2.088426e+00 -1.063364e-05
2.206550e+01 2.685505e+00 -9.901103e-06
2.252681e+01 1.570796e-02 -5.563990e-11
2.252681e+01 2.346256e-02 -1.800716e-10
2.252681e+01 3.503514e-02 -6.242157e-10
2.252681e+01 5.263151e-02 -1.941988e-09
2.252681e+01 7.314235e-02 -1.168392e-09
2.252681e+01 1.025928e-01 -1.85352e-10
2.252681e+01 1.448116e-01 3.345939e-09
2.252681e+01 2.023460e-01 9.299265e-09
2.252681e+01 2.834245e-01 2.006187e-08
2.252681e+01 3.967448e-01 3.719746e-08
2.252681e+01 5.552783e-01 5.987341e-08
2.252681e+01 7.774819e-01 8.165865e-08
2.252681e+01 1.088445e+00 8.482166e-08
2.252681e+01 1.523711e+00 5.566102e-08
2.252681e+01 2.088426e+00 8.523791e-09
2.252681e+01 2.685505e+00 -1.822568e-08
2.299735e+01 1.570796e-02 -2.109292e-11
2.299735e+01 2.346256e-02 -4.282837e-11
2.299735e+01 3.503514e-02 5.393393e-11
2.299735e+01 5.263151e-02 -4.052036e-10
2.299735e+01 7.314235e-02 7.185519e-10
2.299735e+01 1.025928e-01 2.890492e-09
2.299735e+01 1.448116e-01 6.901655e-09
2.299735e+01 2.023460e-01 1.327387e-08
2.299735e+01 2.834245e-01 2.465416e-08
2.299735e+01 3.967448e-01 4.219545e-08
2.299735e+01 5.552783e-01 6.555995e-08
2.299735e+01 7.774819e-01 8.84937e-08
2.299735e+01 1.088445e+00 9.387449e-08
2.299735e+01 1.523711e+00 6.780206e-08
2.299735e+01 2.088426e+00 2.239058e-08
2.299735e+01 2.685505e+00 -7.776772e-09
2.34773e+01 1.570796e-02 4.118626e-12
2.34773e+01 2.346256e-02 5.586057e-11
2.34773e+01 3.503514e-02 5.462394e-10
2.34773e+01 5.263151e-02 7.277801e-10
2.34773e+01 7.314235e-02 2.091987e-09
2.34773e+01 1.025928e-01 5.138485e-09
2.34773e+01 1.448116e-01 9.434591e-09
2.34773e+01 2.023460e-01 1.607741e-08
2.34773e+01 2.834245e-01 2.78593e-08
2.34773e+01 3.967448e-01 4.565162e-08
2.34773e+01 5.552783e-01 6.941447e-08
2.34773e+01 7.774819e-01 9.334237e-08
2.34773e+01 1.088445e+00 1.005327e-07
2.34773e+01 1.523711e+00 7.768520e-08
2.34773e+01 2.088426e+00 3.424169e-08
2.34773e+01 2.685505e+00 2.175845e-09
2.396684e+01 1.570796e-02 2.267102e-11
2.396684e+01 2.346256e-02 1.2993e-10
2.396684e+01 3.503514e-02 8.898721e-10
2.396684e+01 5.263151e-02 1.538268e-09
2.396684e+01 7.314235e-02 3.055923e-09
2.396684e+01 1.025928e-01 6.685948e-09
2.396684e+01 1.448116e-01 1.116347e-08
2.396684e+01 2.023460e-01 1.791879e-08
2.396684e+01 2.834245e-01 2.990668e-08
2.396684e+01 3.967448e-01 4.779069e-08
2.396684e+01 5.552783e-01 7.168158e-08
2.396684e+01 7.774819e-01 9.622636e-08
2.396684e+01 1.088445e+00 1.051269e-07
2.396684e+01 1.523711e+00 8.539952e-08
2.396684e+01 2.088426e+00 4.422229e-08
2.396684e+01 2.685505e+00 1.019747e-08
2.446618e+01 1.570796e-02 3.592475e-11
2.446618e+01 2.346256e-02 1.826377e-10
2.446618e+01 3.503514e-02 1.11522e-09
2.446618e+01 5.263151e-02 2.089738e-09
2.446618e+01 7.314235e-02 3.696256e-09
2.446618e+01 1.025928e-01 7.686252e-09
2.446618e+01 1.448116e-01 1.221599e-08
2.446618e+01 2.023460e-01 1.898476e-08
2.446618e+01 2.834245e-01 3.102556e-08
2.446618e+01 3.967448e-01 4.880826e-08
2.446618e+01 5.552783e-01 7.263044e-08
2.446618e+01 7.774819e-01 9.743114e-08
2.446618e+01 1.088445e+00 1.078569e-07
2.446618e+01 1.523711e+00 9.102337e-08
2.446618e+01 2.088426e+00 5.241260e-08
2.446618e+01 2.685505e+00 1.68851e-08
2.497550e+01 1.570796e-02 4.429088e-11
2.497550e+01 2.346256e-02 2.166713e-10
2.497550e+01 3.503514e-02 1.251820e-09
2.497550e+01 5.263151e-02 2.44261e-09
2.497550e+01 7.314235e-02 4.078924e-09
2.497550e+01 1.025928e-01 8.263546e-09
2.497550e+01 1.448116e-01 1.275587e-08
2.497550e+01 2.023460e-01 1.944659e-08
2.497550e+01 2.834245e-01 3.14037e-08
2.497550e+01 3.967448e-01 4.889832e-08
2.497550e+01 5.552783e-01 7.24455e-08
2.497550e+01 7.774819e-01 9.731188e-08
2.497550e+01 1.088445e+00 1.089794e-07
2.497550e+01 1.523711e+00 9.512149e-08
2.497550e+01 2.088426e+00 5.919562e-08
2.497550e+01 2.685505e+00 2.240284e-08
2.549501e+01 1.570796e-02 4.945582e-11
2.549501e+01 2.346256e-02 2.357903e-10
2.549501e+01 3.503514e-02 1.321356e-09
2.549501e+01 5.263151e-02 2.638434e-09
2.549501e+01 7.314235e-02 4.268680e-09
2.549501e+01 1.025928e-01 8.513323e-09
2.549501e+01 1.448116e-01 1.289355e-08
2.549501e+01 2.023460e-01 1.941267e-08
2.549501e+01 2.834245e-01 3.114891e-08
2.549501e+01 3.967448e-01 4.821036e-08
2.549501e+01 5.552783e-01 7.129833e-08
2.549501e+01 7.774819e-01 9.599393e-08
2.549501e+01 1.088445e+00 1.087953e-07
2.549501e+01 1.523711e+00 9.783336e-08
2.549501e+01 2.088426e+00 6.480242e-08
2.549501e+01 2.685505e+00 2.6876e-08
2.602491e+01 1.570796e-02 5.157723e-11
2.602491e+01 2.346256e-02 2.432984e-10
2.602491e+01 3.503514e-02 1.337646e-09
2.602491e+01 5.263151e-02 2.715987e-09
2.602491e+01 7.314235e-02 4.299225e-09
2.602491e+01 1.025928e-01 8.506027e-09
2.602491e+01 1.448116e-01 1.271848e-08
2.602491e+01 2.023460e-01 1.899798e-08
2.602491e+01 2.834245e-01 3.039633e-08
2.602491e+01 3.967448e-01 4.692369e-08
2.602491e+01 5.552783e-01 6.935162e-08
2.602491e+01 7.774819e-01 9.365092e-08
2.602491e+01 1.088445e+00 1.073269e-07
2.602491e+01 1.523711e+00 9.926070e-08
2.602491e+01 2.088426e+00 6.920483e-08
2.602491e+01 2.685505e+00 3.124693e-08
2.656541e+01 1.570796e-02 5.172306e-11
2.656541e+01 2.346256e-02 2.430462e-10
2.656541e+01 3.503514e-02 1.313459e-09
2.656541e+01 5.263151e-02 2.700933e-09
2.656541e+01 7.314235e-02 4.212299e-09
2.656541e+01 1.025928e-01 8.296434e-09
2.656541e+01 1.448116e-01 1.228939e-08
2.656541e+01 2.023460e-01 1.829097e-08
2.656541e+01 2.834245e-01 2.92387e-08
2.656541e+01 3.967448e-01 4.507620e-08
2.656541e+01 5.552783e-01 6.671989e-08
2.656541e+01 7.774819e-01 9.035489e-08
2.656541e+01 1.088445e+00 1.047168e-07
2.656541e+01 1.523711e+00 9.941986e-08
2.656541e+01 2.088426e+00 7.25238e-08
2.656541e+01 2.685505e+00 3.479925e-08
2.711672e+01 1.570796e-02 5.023128e-11
2.711672e+01 2.346256e-02 2.355227e-10
2.711672e+01 3.503514e-02 1.259870e-09
2.711672e+01 5.263151e-02 2.61688e-09
2.711672e+01 7.314235e-02 4.043094e-09
2.711672e+01 1.025928e-01 7.936591e-09
2.711672e+01 1.448116e-01 1.168115e-08
2.711672e+01 2.023460e-01 1.735117e-08
2.711672e+01 2.834245e-01 2.778078e-08
2.711672e+01 3.967448e-01 4.281326e-08
2.711672e+01 5.552783e-01 6.351314e-08
2.711672e+01 7.774819e-01 8.631033e-08
2.711672e+01 1.088445e+00 1.011644e-07
2.711672e+01 1.523711e+00 9.859869e-08
2.711672e+01 2.088426e+00 7.502974e-08
2.711672e+01 2.685505e+00 3.83316e-08
2.767905e+01 1.570796e-02 4.770535e-11
2.767905e+01 2.346256e-02 2.233024e-10
2.767905e+01 3.503514e-02 1.185429e-09
2.767905e+01 5.263151e-02 2.483795e-09
2.767905e+01 7.314235e-02 3.807857e-09
2.767905e+01 1.025928e-01 7.468505e-09
2.767905e+01 1.448116e-01 1.094119e-08
2.767905e+01 2.023460e-01 1.624649e-08
2.767905e+01 2.834245e-01 2.608111e-08
2.767905e+01 3.967448e-01 4.020233e-08
2.767905e+01 5.552783e-01 5.980483e-08
2.767905e+01 7.774819e-01 8.162529e-08
2.767905e+01 1.088445e+00 9.678971e-08
2.767905e+01 1.523711e+00 9.678623e-08
2.767905e+01 2.088426e+00 7.684727e-08
2.767905e+01 2.685505e+00 4.174502e-08
2.825263e+01 1.570796e-02 4.455511e-11
2.825263e+01 2.346256e-02 2.078105e-10
2.825263e+01 3.503514e-02 1.095708e-09
2.825263e+01 5.263151e-02 2.314655e-09
2.825263e+01 7.314235e-02 3.528083e-09
2.825263e+01 1.025928e-01 6.920346e-09
2.825263e+01 1.448116e-01 1.010452e-08
2.825263e+01 2.023460e-01 1.501179e-08
2.825263e+01 2.834245e-01 2.418867e-08
2.825263e+01 3.967448e-01 3.730662e-08
2.825263e+01 5.552783e-01 5.567373e-08
2.825263e+01 7.774819e-01 7.635954e-08
2.825263e+01 1.088445e+00 9.168958e-08
2.825263e+01 1.523711e+00 9.398193e-08
2.825263e+01 2.088426e+00 7.786228e-08
2.825263e+01 2.685505e+00 4.527295e-08
2.883769e+01 1.570796e-02 4.082569e-11
2.883769e+01 2.346256e-02 1.896231e-10
2.883769e+01 3.503514e-02 9.965318e-10
2.883769e+01 5.263151e-02 2.120678e-09
2.883769e+01 7.314235e-02 3.216005e-09
2.883769e+01 1.025928e-01 6.316159e-09
2.883769e+01 1.448116e-01 9.204628e-09
2.883769e+01 2.023460e-01 1.369685e-08
2.883769e+01 2.834245e-01 2.214486e-08
2.883769e+01 3.967448e-01 3.419118e-08
2.883769e+01 5.552783e-01 5.120747e-08
2.883769e+01 7.774819e-01 7.05882e-08
2.883769e+01 1.088445e+00 8.579386e-08
2.883769e+01 1.523711e+00 9.024358e-08
2.883769e+01 2.088426e+00 7.809842e-08
2.883769e+01 2.685505e+00 4.876724e-08
2.943444e+01 1.570796e-02 3.678933e-11
2.943444e+01 2.346256e-02 1.700469e-10
2.943444e+01 3.503514e-02 8.911095e-10
2.943444e+01 5.263151e-02 1.909638e-09
2.943444e+01 7.314235e-02 2.883397e-09
2.943444e+01 1.025928e-01 5.672492e-09
2.943444e+01 1.448116e-01 8.258411e-09
2.943444e+01 2.023460e-01 1.231536e-08
2.943444e+01 2.834245e-01 1.999154e-08
2.943444e+01 3.967448e-01 3.091099e-08
2.943444e+01 5.552783e-01 4.641403e-08
2.943444e+01 7.774819e-01 6.435639e-08
2.943444e+01 1.088445e+00 7.918257e-08
2.943444e+01 1.523711e+00 8.553992e-08
2.943444e+01 2.088426e+00 7.742239e-08
2.943444e+01 2.685505e+00 5.206298e-08
3.004313e+01 1.570796e-02 3.246892e-11
3.004313e+01 2.346256e-02 1.497301e-10
3.004313e+01 3.503514e-02 7.826349e-10
3.004313e+01 5.263151e-02 1.687640e-09
3.004313e+01 7.314235e-02 2.538982e-09
3.004313e+01 1.025928e-01 5.005886e-09
3.004313e+01 1.448116e-01 7.287334e-09
3.004313e+01 2.023460e-01 1.088914e-08
3.004313e+01 2.834245e-01 1.775423e-08
3.004313e+01 3.967448e-01 2.748898e-08
3.004313e+01 5.552783e-01 4.138680e-08
3.004313e+01 7.774819e-01 5.771101e-08
3.004313e+01 1.088445e+00 7.194588e-08
3.004313e+01 1.523711e+00 7.98437e-08
3.004313e+01 2.088426e+00 7.564586e-08
3.004313e+01 2.685505e+00 5.485860e-08
3.066399e+01 1.570796e-02 2.806212e-11
3.066399e+01 2.346256e-02 1.288589e-10
3.066399e+01 3.503514e-02 6.728733e-10
3.066399e+01 5.263151e-02 1.459793e-09
3.066399e+01 7.314235e-02 2.189709e-09
3.066399e+01 1.025928e-01 4.327582e-09
3.066399e+01 1.448116e-01 6.302563e-09
3.066399e+01 2.023460e-01 9.437115e-09
3.066399e+01 2.834245e-01 1.545623e-08
3.066399e+01 3.967448e-01 2.395344e-08
3.066399e+01 5.552783e-01 3.617232e-08
3.066399e+01 7.774819e-01 5.072861e-08
3.066399e+01 1.088445e+00 6.408790e-08
3.066399e+01 1.523711e+00 7.312077e-08
3.066399e+01 2.088426e+00 7.259406e-08
3.066399e+01 2.685505e+00 5.712319e-08
3.129727e+01 1.570796e-02 2.358612e-11
3.129727e+01 2.346256e-02 1.078440e-10
3.129727e+01 3.503514e-02 5.634093e-10
3.129727e+01 5.263151e-02 1.229072e-09
3.129727e+01 7.314235e-02 1.839541e-09
3.129727e+01 1.025928e-01 3.642386e-09
3.129727e+01 1.448116e-01 5.309640e-09
3.129727e+01 2.023460e-01 7.971760e-09
3.129727e+01 2.834245e-01 1.311115e-08
3.129727e+01 3.967448e-01 2.033451e-08
3.129727e+01 5.552783e-01 3.078755e-08
3.129727e+01 7.774819e-01 4.341905e-08
3.129727e+01 1.088445e+00 5.559985e-08
3.129727e+01 1.523711e+00 6.528041e-08
3.129727e+01 2.088426e+00 6.810815e-08
3.129727e+01 2.685505e+00 5.842642e-08
3.194322e+01 1.570796e-02 1.908502e-11
3.194322e+01 2.346256e-02 8.728219e-11
3.194322e+01 3.503514e-02 4.553148e-10
3.194322e+01 5.263151e-02 9.984202e-10
3.194322e+01 7.314235e-02 1.489718e-09
3.194322e+01 1.025928e-01 2.959447e-09
3.194322e+01 1.448116e-01 4.318467e-09
3.194322e+01 2.023460e-01 6.500235e-09
3.194322e+01 2.834245e-01 1.073470e-08
3.194322e+01 3.967448e-01 1.665635e-08
3.194322e+01 5.552783e-01 2.52859e-08
3.194322e+01 7.774819e-01 3.584611e-08
3.194322e+01 1.088445e+00 4.653126e-08
3.194322e+01 1.523711e+00 5.623586e-08
3.194322e+01 2.088426e+00 6.179653e-08
3.194322e+01 2.685505e+00 5.774585e-08
3.260208e+01 1.570796e-02 1.467696e-11
3.260208e+01 2.346256e-02 6.687763e-11
3.260208e+01 3.503514e-02 3.49218e-10
3.260208e+01 5.263151e-02 7.687830e-10
3.260208e+01 7.314235e-02 1.145450e-09
3.260208e+01 1.025928e-01 2.280681e-09
3.260208e+01 1.448116e-01 3.333581e-09
3.260208e+01 2.023460e-01 5.030818e-09
3.260208e+01 2.834245e-01 8.338502e-09
3.260208e+01 3.967448e-01 1.294265e-08
3.260208e+01 5.552783e-01 1.968408e-08
3.260208e+01 7.774819e-01 2.805730e-08
3.260208e+01 1.088445e+00 3.690705e-08
3.260208e+01 1.523711e+00 4.592507e-08
3.260208e+01 2.088426e+00 5.330268e-08
3.260208e+01 2.685505e+00 5.422991e-08
3.327412e+01 1.570796e-02 1.028356e-11
3.327412e+01 2.346256e-02 4.684524e-11
3.327412e+01 3.503514e-02 2.448123e-10
3.327412e+01 5.263151e-02 5.416077e-10
3.327412e+01 7.314235e-02 8.056938e-10
3.327412e+01 1.025928e-01 1.608839e-09
3.327412e+01 1.448116e-01 2.355893e-09
3.327412e+01 2.023460e-01 3.564284e-09
3.327412e+01 2.834245e-01 5.928584e-09
3.327412e+01 3.967448e-01 9.209464e-09
3.327412e+01 5.552783e-01 1.403271e-08
3.327412e+01 7.774819e-01 2.008348e-08
3.327412e+01 1.088445e+00 2.680702e-08
3.327412e+01 1.523711e+00 3.432517e-08
3.327412e+01 2.088426e+00 4.214578e-08
3.327412e+01 2.685505e+00 4.659178e-08
3.395961e+01 1.570796e-02 6.193866e-12
3.395961e+01 2.346256e-02 2.839159e-11
3.395961e+01 3.503514e-02 1.488816e-10
3.395961e+01 5.263151e-02 3.294245e-10
3.395961e+01 7.314235e-02 4.897478e-10
3.395961e+01 1.025928e-01 9.784849e-10
3.395961e+01 1.448116e-01 1.435361e-09
3.395961e+01 2.023460e-01 2.167384e-09
3.395961e+01 2.834245e-01 3.599202e-09
3.395961e+01 3.967448e-01 5.554239e-09
3.395961e+01 5.552783e-01 8.437284e-09
3.395961e+01 7.774819e-01 1.207564e-08
3.395961e+01 1.088445e+00 1.626292e-08
3.395961e+01 1.523711e+00 2.137753e-08
3.395961e+01 2.088426e+00 2.762872e-08
3.395961e+01 2.685505e+00 3.277801e-08
3.46588e+01 1.570796e-02 2.110393e-12
3.46588e+01 2.346256e-02 7.929288e-12
3.46588e+01 3.503514e-02 4.568733e-11
3.46588e+01 5.263151e-02 1.052719e-10
3.46588e+01 7.314235e-02 1.560161e-10
3.46588e+01 1.025928e-01 3.065538e-10
3.46588e+01 1.448116e-01 4.535887e-10
3.46588e+01 2.023460e-01 6.914865e-10
3.46588e+01 2.834245e-01 1.161938e-09
3.46588e+01 3.967448e-01 1.799835e-09
3.46588e+01 5.552783e-01 2.754186e-09
3.46588e+01 7.774819e-01 3.963297e-09
3.46588e+01 1.088445e+00 5.408255e-09
3.46588e+01 1.523711e+00 7.273732e-09
3.46588e+01 2.088426e+00 9.879776e-09
3.46588e+01 2.685505e+00 1.260738e-08
3.537197e+01 1.570796e-02 0.e+00
3.537197e+01 2.346256e-02 0.e+00
3.537197e+01 3.503514e-02 0.e+00
3.537197e+01 5.263151e-02 0.e+00
3.537197e+01 7.314235e-02 0.e+00
3.537197e+01 1.025928e-01 0.e+00
3.537197e+01 1.448116e-01 0.e+00
3.537197e+01 2.023460e-01 0.e+00
3.537197e+01 2.834245e-01 0.e+00
3.537197e+01 3.967448e-01 0.e+00
3.537197e+01 5.552783e-01 0.e+00
3.537197e+01 7.774819e-01 0.e+00
3.537197e+01 1.088445e+00 0.e+00
3.537197e+01 1.523711e+00 0.e+00
3.537197e+01 2.088426e+00 0.e+00
3.537197e+01 2.685505e+00 0.e+00
