5.e+00 1.570796e-02 0.e+00
5.e+00 2.346256e-02 0.e+00
5.e+00 3.503514e-02 0.e+00
5.e+00 5.263151e-02 0.e+00
5.e+00 7.314235e-02 0.e+00
5.e+00 1.025928e-01 0.e+00
5.e+00 1.448116e-01 0.e+00
5.e+00 2.023460e-01 0.e+00
5.e+00 2.834245e-01 0.e+00
5.e+00 3.967448e-01 0.e+00
5.e+00 5.552783e-01 0.e+00
5.e+00 7.774819e-01 0.e+00
5.e+00 1.088445e+00 0.e+00
5.e+00 1.523711e+00 0.e+00
5.e+00 2.088426e+00 0.e+00
5.e+00 2.685505e+00 0.e+00
5.12e+00 1.570796e-02 0.e+00
5.12e+00 2.346256e-02 0.e+00
5.12e+00 3.503514e-02 0.e+00
5.12e+00 5.263151e-02 0.e+00
5.12e+00 7.314235e-02 0.e+00
5.12e+00 1.025928e-01 0.e+00
5.12e+00 1.448116e-01 0.e+00
5.12e+00 2.023460e-01 0.e+00
5.12e+00 2.834245e-01 0.e+00
5.12e+00 3.967448e-01 0.e+00
5.12e+00 5.552783e-01 0.e+00
5.12e+00 7.774819e-01 0.e+00
5.12e+00 1.088445e+00 0.e+00
5.12e+00 1.523711e+00 0.e+00
5.12e+00 2.088426e+00 0.e+00
5.12e+00 2.685505e+00 0.e+00
5.2424e+00 1.570796e-02 0.e+00
5.2424e+00 2.346256e-02 0.e+00
5.2424e+00 3.503514e-02 0.e+00
5.2424e+00 5.263151e-02 0.e+00
5.2424e+00 7.314235e-02 0.e+00
5.2424e+00 1.025928e-01 0.e+00
5.2424e+00 1.448116e-01 0.e+00
5.2424e+00 2.023460e-01 0.e+00
5.2424e+00 2.834245e-01 0.e+00
5.2424e+00 3.967448e-01 0.e+00
5.2424e+00 5.552783e-01 0.e+00
5.2424e+00 7.774819e-01 0.e+00
5.2424e+00 1.088445e+00 0.e+00
5.2424e+00 1.523711e+00 0.e+00
5.2424e+00 2.088426e+00 0.e+00
5.2424e+00 2.685505e+00 0.e+00
5.367248e+00 1.570796e-02 -1.160383e-05
5.367248e+00 2.346256e-02 -1.082025e-05
5.367248e+00 3.503514e-02 -2.320620e-05
5.367248e+00 5.263151e-02 -6.008059e-05
5.367248e+00 7.314235e-02 -7.122323e-05
5.367248e+00 1.025928e-01 -8.418756e-05
5.367248e+00 1.448116e-01 -1.658093e-05
5.367248e+00 2.023460e-01 -6.046631e-05
5.367248e+00 2.834245e-01 -4.630924e-05
5.367248e+00 3.967448e-01 -3.734368e-05
5.367248e+00 5.552783e-01 -2.918272e-05
5.367248e+00 7.774819e-01 -2.911665e-05
5.367248e+00 1.088445e+00 -3.130249e-05
5.367248e+00 1.523711e+00 -2.954958e-05
5.367248e+00 2.088426e+00 -3.074936e-05
5.367248e+00 2.685505e+00 -3.227069e-05
5.494593e+00 1.570796e-02 -8.590400e-05
5.494593e+00 2.346256e-02 -5.244542e-05
5.494593e+00 3.503514e-02 -6.226323e-04
5.494593e+00 5.263151e-02 -6.809518e-04
5.494593e+00 7.314235e-02 -5.394381e-04
5.494593e+00 1.025928e-01 -7.796983e-04
5.494593e+00 1.448116e-01 -7.411123e-04
5.494593e+00 2.023460e-01 -6.488928e-04
5.494593e+00 2.834245e-01 -5.715146e-04
5.494593e+00 3.967448e-01 -6.318648e-04
5.494593e+00 5.552783e-01 -4.960405e-04
5.494593e+00 7.774819e-01 -4.577134e-04
5.494593e+00 1.088445e+00 -4.292792e-04
5.494593e+00 1.523711e+00 -4.149291e-04
5.494593e+00 2.088426e+00 -4.434849e-04
5.494593e+00 2.685505e+00 -4.538974e-04
5.624485e+00 1.570796e-02 -1.780676e-04
5.624485e+00 2.346256e-02 -3.670720e-04
5.624485e+00 3.503514e-02 -1.755934e-03
5.624485e+00 5.263151e-02 -2.268611e-03
5.624485e+00 7.314235e-02 -1.956153e-03
5.624485e+00 1.025928e-01 -2.430185e-03
5.624485e+00 1.448116e-01 -2.75214e-03
5.624485e+00 2.023460e-01 -2.580550e-03
5.624485e+00 2.834245e-01 -2.3603e-03
5.624485e+00 3.967448e-01 -2.254536e-03
5.624485e+00 5.552783e-01 -1.923678e-03
5.624485e+00 7.774819e-01 -1.734635e-03
5.624485e+00 1.088445e+00 -1.564926e-03
5.624485e+00 1.523711e+00 -1.482561e-03
5.624485e+00 2.088426e+00 -1.573854e-03
5.624485e+00 2.685505e+00 -1.611731e-03
5.756975e+00 1.570796e-02 -2.234227e-04
5.756975e+00 2.346256e-02 -6.718112e-04
5.756975e+00 3.503514e-02 -2.555535e-03
5.756975e+00 5.263151e-02 -4.261978e-03
5.756975e+00 7.314235e-02 -4.129226e-03
5.756975e+00 1.025928e-01 -5.039353e-03
5.756975e+00 1.448116e-01 -5.787454e-03
5.756975e+00 2.023460e-01 -5.340546e-03
5.756975e+00 2.834245e-01 -5.187303e-03
5.756975e+00 3.967448e-01 -4.820837e-03
5.756975e+00 5.552783e-01 -4.326535e-03
5.756975e+00 7.774819e-01 -3.766838e-03
5.756975e+00 1.088445e+00 -3.344315e-03
5.756975e+00 1.523711e+00 -3.131353e-03
5.756975e+00 2.088426e+00 -3.278129e-03
5.756975e+00 2.685505e+00 -3.338058e-03
5.892114e+00 1.570796e-02 -2.539590e-04
5.892114e+00 2.346256e-02 -8.509973e-04
5.892114e+00 3.503514e-02 -3.480277e-03
5.892114e+00 5.263151e-02 -5.910175e-03
5.892114e+00 7.314235e-02 -6.573143e-03
5.892114e+00 1.025928e-01 -8.935542e-03
5.892114e+00 1.448116e-01 -9.547915e-03
5.892114e+00 2.023460e-01 -9.353312e-03
5.892114e+00 2.834245e-01 -9.149754e-03
5.892114e+00 3.967448e-01 -8.469189e-03
5.892114e+00 5.552783e-01 -7.528669e-03
5.892114e+00 7.774819e-01 -6.614409e-03
5.892114e+00 1.088445e+00 -5.801157e-03
5.892114e+00 1.523711e+00 -5.374094e-03
5.892114e+00 2.088426e+00 -5.595936e-03
5.892114e+00 2.685505e+00 -5.657492e-03
6.029956e+00 1.570796e-02 -2.439612e-04
6.029956e+00 2.346256e-02 -8.298302e-04
6.029956e+00 3.503514e-02 -3.976633e-03
6.029956e+00 5.263151e-02 -7.16248e-03
6.029956e+00 7.314235e-02 -8.530312e-03
6.029956e+00 1.025928e-01 -1.284164e-02
6.029956e+00 1.448116e-01 -1.322325e-02
6.029956e+00 2.023460e-01 -1.353520e-02
6.029956e+00 2.834245e-01 -1.348054e-02
6.029956e+00 3.967448e-01 -1.264641e-02
6.029956e+00 5.552783e-01 -1.128632e-02
6.029956e+00 7.774819e-01 -9.966232e-03
6.029956e+00 1.088445e+00 -8.637044e-03
6.029956e+00 1.523711e+00 -7.884885e-03
6.029956e+00 2.088426e+00 -8.165635e-03
6.029956e+00 2.685505e+00 -8.208612e-03
6.170555e+00 1.570796e-02 -2.298493e-04
6.170555e+00 2.346256e-02 -8.371194e-04
6.170555e+00 3.503514e-02 -4.139420e-03
6.170555e+00 5.263151e-02 -7.992018e-03
6.170555e+00 7.314235e-02 -1.000656e-02
6.170555e+00 1.025928e-01 -1.559121e-02
6.170555e+00 1.448116e-01 -1.660778e-02
6.170555e+00 2.023460e-01 -1.730242e-02
6.170555e+00 2.834245e-01 -1.769086e-02
6.170555e+00 3.967448e-01 -1.707864e-02
6.170555e+00 5.552783e-01 -1.520488e-02
6.170555e+00 7.774819e-01 -1.340370e-02
6.170555e+00 1.088445e+00 -1.16134e-02
6.170555e+00 1.523711e+00 -1.048493e-02
6.170555e+00 2.088426e+00 -1.076959e-02
6.170555e+00 2.685505e+00 -1.070212e-02
6.313967e+00 1.570796e-02 -1.98072e-04
6.313967e+00 2.346256e-02 -8.030236e-04
6.313967e+00 3.503514e-02 -3.904619e-03
6.313967e+00 5.263151e-02 -8.280545e-03
6.313967e+00 7.314235e-02 -1.112178e-02
6.313967e+00 1.025928e-01 -1.77962e-02
6.313967e+00 1.448116e-01 -1.965233e-02
6.313967e+00 2.023460e-01 -2.087894e-02
6.313967e+00 2.834245e-01 -2.191707e-02
6.313967e+00 3.967448e-01 -2.154547e-02
6.313967e+00 5.552783e-01 -1.936665e-02
6.313967e+00 7.774819e-01 -1.710090e-02
6.313967e+00 1.088445e+00 -1.474569e-02
6.313967e+00 1.523711e+00 -1.32291e-02
6.313967e+00 2.088426e+00 -1.344525e-02
6.313967e+00 2.685505e+00 -1.324428e-02
6.460246e+00 1.570796e-02 -1.749199e-04
6.460246e+00 2.346256e-02 -7.463852e-04
6.460246e+00 3.503514e-02 -3.67e-03
6.460246e+00 5.263151e-02 -8.263481e-03
6.460246e+00 7.314235e-02 -1.155118e-02
6.460246e+00 1.025928e-01 -1.902335e-02
6.460246e+00 1.448116e-01 -2.173703e-02
6.460246e+00 2.023460e-01 -2.389182e-02
6.460246e+00 2.834245e-01 -2.552127e-02
6.460246e+00 3.967448e-01 -2.563424e-02
6.460246e+00 5.552783e-01 -2.33364e-02
6.460246e+00 7.774819e-01 -2.070360e-02
6.460246e+00 1.088445e+00 -1.776081e-02
6.460246e+00 1.523711e+00 -1.587143e-02
6.460246e+00 2.088426e+00 -1.603246e-02
6.460246e+00 2.685505e+00 -1.566755e-02
6.609451e+00 1.570796e-02 -1.668303e-04
6.609451e+00 2.346256e-02 -7.210792e-04
6.609451e+00 3.503514e-02 -3.452279e-03
6.609451e+00 5.263151e-02 -8.008416e-03
6.609451e+00 7.314235e-02 -1.14398e-02
6.609451e+00 1.025928e-01 -1.946572e-02
6.609451e+00 1.448116e-01 -2.319429e-02
6.609451e+00 2.023460e-01 -2.60932e-02
6.609451e+00 2.834245e-01 -2.857504e-02
6.609451e+00 3.967448e-01 -2.916328e-02
6.609451e+00 5.552783e-01 -2.703214e-02
6.609451e+00 7.774819e-01 -2.411177e-02
6.609451e+00 1.088445e+00 -2.066941e-02
6.609451e+00 1.523711e+00 -1.839908e-02
6.609451e+00 2.088426e+00 -1.843669e-02
6.609451e+00 2.685505e+00 -1.788513e-02
6.76164e+00 1.570796e-02 -1.612824e-04
6.76164e+00 2.346256e-02 -6.916530e-04
6.76164e+00 3.503514e-02 -3.259785e-03
6.76164e+00 5.263151e-02 -7.624712e-03
6.76164e+00 7.314235e-02 -1.101327e-02
6.76164e+00 1.025928e-01 -1.931058e-02
6.76164e+00 1.448116e-01 -2.394705e-02
6.76164e+00 2.023460e-01 -2.768719e-02
6.76164e+00 2.834245e-01 -3.102112e-02
6.76164e+00 3.967448e-01 -3.217461e-02
6.76164e+00 5.552783e-01 -3.027769e-02
6.76164e+00 7.774819e-01 -2.724553e-02
6.76164e+00 1.088445e+00 -2.335484e-02
6.76164e+00 1.523711e+00 -2.076258e-02
6.76164e+00 2.088426e+00 -2.066001e-02
6.76164e+00 2.685505e+00 -1.993849e-02
6.916873e+00 1.570796e-02 -1.495987e-04
6.916873e+00 2.346256e-02 -6.508346e-04
6.916873e+00 3.503514e-02 -3.074913e-03
6.916873e+00 5.263151e-02 -7.220791e-03
6.916873e+00 7.314235e-02 -1.048404e-02
6.916873e+00 1.025928e-01 -1.871829e-02
6.916873e+00 1.448116e-01 -2.403542e-02
6.916873e+00 2.023460e-01 -2.861714e-02
6.916873e+00 2.834245e-01 -3.284155e-02
6.916873e+00 3.967448e-01 -3.448426e-02
6.916873e+00 5.552783e-01 -3.310173e-02
6.916873e+00 7.774819e-01 -3.005075e-02
6.916873e+00 1.088445e+00 -2.580613e-02
6.916873e+00 1.523711e+00 -2.293912e-02
6.916873e+00 2.088426e+00 -2.264222e-02
6.916873e+00 2.685505e+00 -2.163067e-02
7.075210e+00 1.570796e-02 -1.358201e-04
7.075210e+00 2.346256e-02 -6.127949e-04
7.075210e+00 3.503514e-02 -2.885214e-03
7.075210e+00 5.263151e-02 -6.766161e-03
7.075210e+00 7.314235e-02 -9.869306e-03
7.075210e+00 1.025928e-01 -1.788660e-02
7.075210e+00 1.448116e-01 -2.364699e-02
7.075210e+00 2.023460e-01 -2.89579e-02
7.075210e+00 2.834245e-01 -3.409162e-02
7.075210e+00 3.967448e-01 -3.633707e-02
7.075210e+00 5.552783e-01 -3.543760e-02
7.075210e+00 7.774819e-01 -3.245669e-02
7.075210e+00 1.088445e+00 -2.805379e-02
7.075210e+00 1.523711e+00 -2.491328e-02
7.075210e+00 2.088426e+00 -2.445816e-02
7.075210e+00 2.685505e+00 -2.310371e-02
7.236714e+00 1.570796e-02 -1.233692e-04
7.236714e+00 2.346256e-02 -5.671523e-04
7.236714e+00 3.503514e-02 -2.68329e-03
7.236714e+00 5.263151e-02 -6.287725e-03
7.236714e+00 7.314235e-02 -9.203015e-03
7.236714e+00 1.025928e-01 -1.694438e-02
7.236714e+00 1.448116e-01 -2.298396e-02
7.236714e+00 2.023460e-01 -2.873892e-02
7.236714e+00 2.834245e-01 -3.474958e-02
7.236714e+00 3.967448e-01 -3.764427e-02
7.236714e+00 5.552783e-01 -3.728605e-02
7.236714e+00 7.774819e-01 -3.455876e-02
7.236714e+00 1.088445e+00 -3.007494e-02
7.236714e+00 1.523711e+00 -2.667674e-02
7.236714e+00 2.088426e+00 -2.604033e-02
7.236714e+00 2.685505e+00 -2.437263e-02
7.401449e+00 1.570796e-02 -1.144544e-04
7.401449e+00 2.346256e-02 -5.211049e-04
7.401449e+00 3.503514e-02 -2.496004e-03
7.401449e+00 5.263151e-02 -5.831789e-03
7.401449e+00 7.314235e-02 -8.54322e-03
7.401449e+00 1.025928e-01 -1.596340e-02
7.401449e+00 1.448116e-01 -2.201392e-02
7.401449e+00 2.023460e-01 -2.806475e-02
7.401449e+00 2.834245e-01 -3.487193e-02
7.401449e+00 3.967448e-01 -3.837254e-02
7.401449e+00 5.552783e-01 -3.867993e-02
7.401449e+00 7.774819e-01 -3.623023e-02
7.401449e+00 1.088445e+00 -3.174131e-02
7.401449e+00 1.523711e+00 -2.82434e-02
7.401449e+00 2.088426e+00 -2.746971e-02
7.401449e+00 2.685505e+00 -2.546466e-02
7.569477e+00 1.570796e-02 -1.031409e-04
7.569477e+00 2.346256e-02 -4.807001e-04
7.569477e+00 3.503514e-02 -2.311405e-03
7.569477e+00 5.263151e-02 -5.41286e-03
7.569477e+00 7.314235e-02 -7.89676e-03
7.569477e+00 1.025928e-01 -1.490993e-02
7.569477e+00 1.448116e-01 -2.083988e-02
7.569477e+00 2.023460e-01 -2.712764e-02
7.569477e+00 2.834245e-01 -3.449723e-02
7.569477e+00 3.967448e-01 -3.867282e-02
7.569477e+00 5.552783e-01 -3.96184e-02
7.569477e+00 7.774819e-01 -3.75372e-02
7.569477e+00 1.088445e+00 -3.316505e-02
7.569477e+00 1.523711e+00 -2.961283e-02
7.569477e+00 2.088426e+00 -2.874773e-02
7.569477e+00 2.685505e+00 -2.63668e-02
7.740867e+00 1.570796e-02 -9.429885e-05
7.740867e+00 2.346256e-02 -4.472623e-04
7.740867e+00 3.503514e-02 -2.146151e-03
7.740867e+00 5.263151e-02 -5.020187e-03
7.740867e+00 7.314235e-02 -7.312786e-03
7.740867e+00 1.025928e-01 -1.386810e-02
7.740867e+00 1.448116e-01 -1.956796e-02
7.740867e+00 2.023460e-01 -2.597358e-02
7.740867e+00 2.834245e-01 -3.375331e-02
7.740867e+00 3.967448e-01 -3.851447e-02
7.740867e+00 5.552783e-01 -4.013519e-02
7.740867e+00 7.774819e-01 -3.846652e-02
7.740867e+00 1.088445e+00 -3.431621e-02
7.740867e+00 1.523711e+00 -3.077001e-02
7.740867e+00 2.088426e+00 -2.982413e-02
7.740867e+00 2.685505e+00 -2.713241e-02
7.915684e+00 1.570796e-02 -8.666326e-05
7.915684e+00 2.346256e-02 -4.137981e-04
7.915684e+00 3.503514e-02 -1.994150e-03
7.915684e+00 5.263151e-02 -4.663876e-03
7.915684e+00 7.314235e-02 -6.765265e-03
7.915684e+00 1.025928e-01 -1.289508e-02
7.915684e+00 1.448116e-01 -1.829178e-02
7.915684e+00 2.023460e-01 -2.465229e-02
7.915684e+00 2.834245e-01 -3.268553e-02
7.915684e+00 3.967448e-01 -3.798184e-02
7.915684e+00 5.552783e-01 -4.023840e-02
7.915684e+00 7.774819e-01 -3.90305e-02
7.915684e+00 1.088445e+00 -3.516926e-02
7.915684e+00 1.523711e+00 -3.171232e-02
7.915684e+00 2.088426e+00 -3.071767e-02
7.915684e+00 2.685505e+00 -2.776996e-02
8.093998e+00 1.570796e-02 -8.022064e-05
8.093998e+00 2.346256e-02 -3.881599e-04
8.093998e+00 3.503514e-02 -1.850377e-03
8.093998e+00 5.263151e-02 -4.330361e-03
8.093998e+00 7.314235e-02 -6.250109e-03
8.093998e+00 1.025928e-01 -1.197706e-02
8.093998e+00 1.448116e-01 -1.704018e-02
8.093998e+00 2.023460e-01 -2.324116e-02
8.093998e+00 2.834245e-01 -3.134639e-02
8.093998e+00 3.967448e-01 -3.714795e-02
8.093998e+00 5.552783e-01 -3.998696e-02
8.093998e+00 7.774819e-01 -3.927363e-02
8.093998e+00 1.088445e+00 -3.573906e-02
8.093998e+00 1.523711e+00 -3.243859e-02
8.093998e+00 2.088426e+00 -3.145366e-02
8.093998e+00 2.685505e+00 -2.826705e-02
8.275878e+00 1.570796e-02 -7.498029e-05
8.275878e+00 2.346256e-02 -3.626643e-04
8.275878e+00 3.503514e-02 -1.712137e-03
8.275878e+00 5.263151e-02 -4.020476e-03
8.275878e+00 7.314235e-02 -5.786593e-03
8.275878e+00 1.025928e-01 -1.110874e-02
8.275878e+00 1.448116e-01 -1.582653e-02
8.275878e+00 2.023460e-01 -2.180659e-02
8.275878e+00 2.834245e-01 -2.986082e-02
8.275878e+00 3.967448e-01 -3.603348e-02
8.275878e+00 5.552783e-01 -3.9389e-02
8.275878e+00 7.774819e-01 -3.918292e-02
8.275878e+00 1.088445e+00 -3.605891e-02
8.275878e+00 1.523711e+00 -3.303169e-02
8.275878e+00 2.088426e+00 -3.201795e-02
8.275878e+00 2.685505e+00 -2.859952e-02
8.461396e+00 1.570796e-02 -6.945138e-05
8.461396e+00 2.346256e-02 -3.380648e-04
8.461396e+00 3.503514e-02 -1.583524e-03
8.461396e+00 5.263151e-02 -3.734648e-03
8.461396e+00 7.314235e-02 -5.356566e-03
8.461396e+00 1.025928e-01 -1.029198e-02
8.461396e+00 1.448116e-01 -1.468618e-02
8.461396e+00 2.023460e-01 -2.038741e-02
8.461396e+00 2.834245e-01 -2.826486e-02
8.461396e+00 3.967448e-01 -3.471164e-02
8.461396e+00 5.552783e-01 -3.85363e-02
8.461396e+00 7.774819e-01 -3.880611e-02
8.461396e+00 1.088445e+00 -3.613954e-02
8.461396e+00 1.523711e+00 -3.338976e-02
8.461396e+00 2.088426e+00 -3.243074e-02
8.461396e+00 2.685505e+00 -2.881384e-02
8.650623e+00 1.570796e-02 -6.380341e-05
8.650623e+00 2.346256e-02 -3.129766e-04
8.650623e+00 3.503514e-02 -1.463235e-03
8.650623e+00 5.263151e-02 -3.468611e-03
8.650623e+00 7.314235e-02 -4.969311e-03
8.650623e+00 1.025928e-01 -9.526189e-03
8.650623e+00 1.448116e-01 -1.36078e-02
8.650623e+00 2.023460e-01 -1.902329e-02
8.650623e+00 2.834245e-01 -2.661870e-02
8.650623e+00 3.967448e-01 -3.320641e-02
8.650623e+00 5.552783e-01 -3.742382e-02
8.650623e+00 7.774819e-01 -3.819477e-02
8.650623e+00 1.088445e+00 -3.595598e-02
8.650623e+00 1.523711e+00 -3.356485e-02
8.650623e+00 2.088426e+00 -3.270637e-02
8.650623e+00 2.685505e+00 -2.886643e-02
8.843636e+00 1.570796e-02 -5.860896e-05
8.843636e+00 2.346256e-02 -2.889655e-04
8.843636e+00 3.503514e-02 -1.351438e-03
8.843636e+00 5.263151e-02 -3.216447e-03
8.843636e+00 7.314235e-02 -4.606316e-03
8.843636e+00 1.025928e-01 -8.815151e-03
8.843636e+00 1.448116e-01 -1.259685e-02
8.843636e+00 2.023460e-01 -1.771468e-02
8.843636e+00 2.834245e-01 -2.498038e-02
8.843636e+00 3.967448e-01 -3.159163e-02
8.843636e+00 5.552783e-01 -3.609454e-02
8.843636e+00 7.774819e-01 -3.733905e-02
8.843636e+00 1.088445e+00 -3.557152e-02
8.843636e+00 1.523711e+00 -3.359189e-02
8.843636e+00 2.088426e+00 -3.283965e-02
8.843636e+00 2.685505e+00 -2.881709e-02
9.040509e+00 1.570796e-02 -5.408450e-05
9.040509e+00 2.346256e-02 -2.675716e-04
9.040509e+00 3.503514e-02 -1.246994e-03
9.040509e+00 5.263151e-02 -2.982008e-03
9.040509e+00 7.314235e-02 -4.274749e-03
9.040509e+00 1.025928e-01 -8.147923e-03
9.040509e+00 1.448116e-01 -1.166295e-02
9.040509e+00 2.023460e-01 -1.647266e-02
9.040509e+00 2.834245e-01 -2.337039e-02
9.040509e+00 3.967448e-01 -2.989544e-02
9.040509e+00 5.552783e-01 -3.462094e-02
9.040509e+00 7.774819e-01 -3.627486e-02
9.040509e+00 1.088445e+00 -3.501449e-02
9.040509e+00 1.523711e+00 -3.34394e-02
9.040509e+00 2.088426e+00 -3.285224e-02
9.040509e+00 2.685505e+00 -2.867909e-02
9.241319e+00 1.570796e-02 -4.973032e-05
9.241319e+00 2.346256e-02 -2.471144e-04
9.241319e+00 3.503514e-02 -1.150912e-03
9.241319e+00 5.263151e-02 -2.758861e-03
9.241319e+00 7.314235e-02 -3.955218e-03
9.241319e+00 1.025928e-01 -7.528284e-03
9.241319e+00 1.448116e-01 -1.078713e-02
9.241319e+00 2.023460e-01 -1.528257e-02
9.241319e+00 2.834245e-01 -2.180854e-02
9.241319e+00 3.967448e-01 -2.815955e-02
9.241319e+00 5.552783e-01 -3.304333e-02
9.241319e+00 7.774819e-01 -3.507105e-02
9.241319e+00 1.088445e+00 -3.427283e-02
9.241319e+00 1.523711e+00 -3.318585e-02
9.241319e+00 2.088426e+00 -3.272926e-02
9.241319e+00 2.685505e+00 -2.848985e-02
9.446145e+00 1.570796e-02 -4.58973e-05
9.446145e+00 2.346256e-02 -2.283946e-04
9.446145e+00 3.503514e-02 -1.061003e-03
9.446145e+00 5.263151e-02 -2.551568e-03
9.446145e+00 7.314235e-02 -3.651958e-03
9.446145e+00 1.025928e-01 -6.948782e-03
9.446145e+00 1.448116e-01 -9.968946e-03
9.446145e+00 2.023460e-01 -1.414984e-02
9.446145e+00 2.834245e-01 -2.029359e-02
9.446145e+00 3.967448e-01 -2.642478e-02
9.446145e+00 5.552783e-01 -3.13972e-02
9.446145e+00 7.774819e-01 -3.375721e-02
9.446145e+00 1.088445e+00 -3.341146e-02
9.446145e+00 1.523711e+00 -3.272542e-02
9.446145e+00 2.088426e+00 -3.246708e-02
9.446145e+00 2.685505e+00 -2.811233e-02
9.655068e+00 1.570796e-02 -4.236716e-05
9.655068e+00 2.346256e-02 -2.092705e-04
9.655068e+00 3.503514e-02 -9.764600e-04
9.655068e+00 5.263151e-02 -2.355821e-03
9.655068e+00 7.314235e-02 -3.371092e-03
9.655068e+00 1.025928e-01 -6.412355e-03
9.655068e+00 1.448116e-01 -9.202531e-03
9.655068e+00 2.023460e-01 -1.308012e-02
9.655068e+00 2.834245e-01 -1.883871e-02
9.655068e+00 3.967448e-01 -2.469789e-02
9.655068e+00 5.552783e-01 -2.968249e-02
9.655068e+00 7.774819e-01 -3.229755e-02
9.655068e+00 1.088445e+00 -3.243490e-02
9.655068e+00 1.523711e+00 -3.214960e-02
9.655068e+00 2.088426e+00 -3.209315e-02
9.655068e+00 2.685505e+00 -2.772362e-02
9.86817e+00 1.570796e-02 -3.927095e-05
9.86817e+00 2.346256e-02 -1.921825e-04
9.86817e+00 3.503514e-02 -8.993733e-04
9.86817e+00 5.263151e-02 -2.17846e-03
9.86817e+00 7.314235e-02 -3.109345e-03
9.86817e+00 1.025928e-01 -5.912835e-03
9.86817e+00 1.448116e-01 -8.496704e-03
9.86817e+00 2.023460e-01 -1.207861e-02
9.86817e+00 2.834245e-01 -1.744935e-02
9.86817e+00 3.967448e-01 -2.301097e-02
9.86817e+00 5.552783e-01 -2.793588e-02
9.86817e+00 7.774819e-01 -3.077647e-02
9.86817e+00 1.088445e+00 -3.131498e-02
9.86817e+00 1.523711e+00 -3.149781e-02
9.86817e+00 2.088426e+00 -3.160215e-02
9.86817e+00 2.685505e+00 -2.720432e-02
1.008553e+01 1.570796e-02 -3.641594e-05
1.008553e+01 2.346256e-02 -1.763156e-04
1.008553e+01 3.503514e-02 -8.277477e-04
1.008553e+01 5.263151e-02 -2.006282e-03
1.008553e+01 7.314235e-02 -2.863226e-03
1.008553e+01 1.025928e-01 -5.442508e-03
1.008553e+01 1.448116e-01 -7.824820e-03
1.008553e+01 2.023460e-01 -1.11424e-02
1.008553e+01 2.834245e-01 -1.614542e-02
1.008553e+01 3.967448e-01 -2.139514e-02
1.008553e+01 5.552783e-01 -2.620381e-02
1.008553e+01 7.774819e-01 -2.920894e-02
1.008553e+01 1.088445e+00 -3.011759e-02
1.008553e+01 1.523711e+00 -3.071209e-02
1.008553e+01 2.088426e+00 -3.096563e-02
1.008553e+01 2.685505e+00 -2.660173e-02
1.030724e+01 1.570796e-02 -3.335208e-05
1.030724e+01 2.346256e-02 -1.615677e-04
1.030724e+01 3.503514e-02 -7.60368e-04
1.030724e+01 5.263151e-02 -1.846067e-03
1.030724e+01 7.314235e-02 -2.636505e-03
1.030724e+01 1.025928e-01 -5.007207e-03
1.030724e+01 1.448116e-01 -7.196392e-03
1.030724e+01 2.023460e-01 -1.025788e-02
1.030724e+01 2.834245e-01 -1.490364e-02
1.030724e+01 3.967448e-01 -1.9822e-02
1.030724e+01 5.552783e-01 -2.447529e-02
1.030724e+01 7.774819e-01 -2.760446e-02
1.030724e+01 1.088445e+00 -2.885204e-02
1.030724e+01 1.523711e+00 -2.98503e-02
1.030724e+01 2.088426e+00 -3.02522e-02
1.030724e+01 2.685505e+00 -2.593780e-02
1.053339e+01 1.570796e-02 -3.080919e-05
1.053339e+01 2.346256e-02 -1.469296e-04
1.053339e+01 3.503514e-02 -6.972768e-04
1.053339e+01 5.263151e-02 -1.699421e-03
1.053339e+01 7.314235e-02 -2.422684e-03
1.053339e+01 1.025928e-01 -4.597185e-03
1.053339e+01 1.448116e-01 -6.614857e-03
1.053339e+01 2.023460e-01 -9.433878e-03
1.053339e+01 2.834245e-01 -1.373977e-02
1.053339e+01 3.967448e-01 -1.832267e-02
1.053339e+01 5.552783e-01 -2.278854e-02
1.053339e+01 7.774819e-01 -2.598304e-02
1.053339e+01 1.088445e+00 -2.755196e-02
1.053339e+01 1.523711e+00 -2.888896e-02
1.053339e+01 2.088426e+00 -2.941885e-02
1.053339e+01 2.685505e+00 -2.522235e-02
1.076406e+01 1.570796e-02 -2.816882e-05
1.076406e+01 2.346256e-02 -1.343707e-04
1.076406e+01 3.503514e-02 -6.388876e-04
1.076406e+01 5.263151e-02 -1.559314e-03
1.076406e+01 7.314235e-02 -2.222345e-03
1.076406e+01 1.025928e-01 -4.214819e-03
1.076406e+01 1.448116e-01 -6.070386e-03
1.076406e+01 2.023460e-01 -8.664717e-03
1.076406e+01 2.834245e-01 -1.263852e-02
1.076406e+01 3.967448e-01 -1.689553e-02
1.076406e+01 5.552783e-01 -2.113586e-02
1.076406e+01 7.774819e-01 -2.434847e-02
1.076406e+01 1.088445e+00 -2.618564e-02
1.076406e+01 1.523711e+00 -2.784410e-02
1.076406e+01 2.088426e+00 -2.853575e-02
1.076406e+01 2.685505e+00 -2.444415e-02
1.099934e+01 1.570796e-02 -2.578178e-05
1.099934e+01 2.346256e-02 -1.230648e-04
1.099934e+01 3.503514e-02 -5.869022e-04
1.099934e+01 5.263151e-02 -1.431620e-03
1.099934e+01 7.314235e-02 -2.034255e-03
1.099934e+01 1.025928e-01 -3.858489e-03
1.099934e+01 1.448116e-01 -5.562735e-03
1.099934e+01 2.023460e-01 -7.941125e-03
1.099934e+01 2.834245e-01 -1.160739e-02
1.099934e+01 3.967448e-01 -1.554842e-02
1.099934e+01 5.552783e-01 -1.956512e-02
1.099934e+01 7.774819e-01 -2.277397e-02
1.099934e+01 1.088445e+00 -2.481284e-02
1.099934e+01 1.523711e+00 -2.671349e-02
1.099934e+01 2.088426e+00 -2.759540e-02
1.099934e+01 2.685505e+00 -2.358133e-02
1.123932e+01 1.570796e-02 -2.361956e-05
1.123932e+01 2.346256e-02 -1.129408e-04
1.123932e+01 3.503514e-02 -5.365709e-04
1.123932e+01 5.263151e-02 -1.310785e-03
1.123932e+01 7.314235e-02 -1.860751e-03
1.123932e+01 1.025928e-01 -3.524617e-03
1.123932e+01 1.448116e-01 -5.090834e-03
1.123932e+01 2.023460e-01 -7.272078e-03
1.123932e+01 2.834245e-01 -1.063755e-02
1.123932e+01 3.967448e-01 -1.427675e-02
1.123932e+01 5.552783e-01 -1.805341e-02
1.123932e+01 7.774819e-01 -2.121371e-02
1.123932e+01 1.088445e+00 -2.342687e-02
1.123932e+01 1.523711e+00 -2.55519e-02
1.123932e+01 2.088426e+00 -2.655518e-02
1.123932e+01 2.685505e+00 -2.261930e-02
1.148411e+01 1.570796e-02 -2.151857e-05
1.148411e+01 2.346256e-02 -1.025876e-04
1.148411e+01 3.503514e-02 -4.891304e-04
1.148411e+01 5.263151e-02 -1.200113e-03
1.148411e+01 7.314235e-02 -1.701083e-03
1.148411e+01 1.025928e-01 -3.220136e-03
1.148411e+01 1.448116e-01 -4.653254e-03
1.148411e+01 2.023460e-01 -6.652141e-03
1.148411e+01 2.834245e-01 -9.730142e-03
1.148411e+01 3.967448e-01 -1.308321e-02
1.148411e+01 5.552783e-01 -1.661866e-02
1.148411e+01 7.774819e-01 -1.969285e-02
1.148411e+01 1.088445e+00 -2.203842e-02
1.148411e+01 1.523711e+00 -2.432629e-02
1.148411e+01 2.088426e+00 -2.545409e-02
1.148411e+01 2.685505e+00 -2.172429e-02
1.173379e+01 1.570796e-02 -1.953364e-05
1.173379e+01 2.346256e-02 -9.294808e-05
1.173379e+01 3.503514e-02 -4.443255e-04
1.173379e+01 5.263151e-02 -1.095382e-03
1.173379e+01 7.314235e-02 -1.551626e-03
1.173379e+01 1.025928e-01 -2.931874e-03
1.173379e+01 1.448116e-01 -4.240827e-03
1.173379e+01 2.023460e-01 -6.05767e-03
1.173379e+01 2.834245e-01 -8.880576e-03
1.173379e+01 3.967448e-01 -1.194684e-02
1.173379e+01 5.552783e-01 -1.524264e-02
1.173379e+01 7.774819e-01 -1.822718e-02
1.173379e+01 1.088445e+00 -2.065345e-02
1.173379e+01 1.523711e+00 -2.306365e-02
1.173379e+01 2.088426e+00 -2.430007e-02
1.173379e+01 2.685505e+00 -2.071716e-02
1.198847e+01 1.570796e-02 -1.781735e-05
1.198847e+01 2.346256e-02 -8.421229e-05
1.198847e+01 3.503514e-02 -4.041674e-04
1.198847e+01 5.263151e-02 -9.964893e-04
1.198847e+01 7.314235e-02 -1.411883e-03
1.198847e+01 1.025928e-01 -2.661748e-03
1.198847e+01 1.448116e-01 -3.856934e-03
1.198847e+01 2.023460e-01 -5.504582e-03
1.198847e+01 2.834245e-01 -8.080835e-03
1.198847e+01 3.967448e-01 -1.088210e-02
1.198847e+01 5.552783e-01 -1.394494e-02
1.198847e+01 7.774819e-01 -1.681443e-02
1.198847e+01 1.088445e+00 -1.928540e-02
1.198847e+01 1.523711e+00 -2.17855e-02
1.198847e+01 2.088426e+00 -2.306201e-02
1.198847e+01 2.685505e+00 -1.967623e-02
1.224824e+01 1.570796e-02 -1.625791e-05
1.224824e+01 2.346256e-02 -7.615061e-05
1.224824e+01 3.503514e-02 -3.660228e-04
1.224824e+01 5.263151e-02 -9.049538e-04
1.224824e+01 7.314235e-02 -1.283629e-03
1.224824e+01 1.025928e-01 -2.412497e-03
1.224824e+01 1.448116e-01 -3.497436e-03
1.224824e+01 2.023460e-01 -4.991480e-03
1.224824e+01 2.834245e-01 -7.338902e-03
1.224824e+01 3.967448e-01 -9.8959e-03
1.224824e+01 5.552783e-01 -1.27184e-02
1.224824e+01 7.774819e-01 -1.54625e-02
1.224824e+01 1.088445e+00 -1.796103e-02
1.224824e+01 1.523711e+00 -2.049487e-02
1.224824e+01 2.088426e+00 -2.182976e-02
1.224824e+01 2.685505e+00 -1.873222e-02
1.251320e+01 1.570796e-02 -1.474862e-05
1.251320e+01 2.346256e-02 -6.870967e-05
1.251320e+01 3.503514e-02 -3.306742e-04
1.251320e+01 5.263151e-02 -8.198531e-04
1.251320e+01 7.314235e-02 -1.16156e-03
1.251320e+01 1.025928e-01 -2.18189e-03
1.251320e+01 1.448116e-01 -3.163938e-03
1.251320e+01 2.023460e-01 -4.513819e-03
1.251320e+01 2.834245e-01 -6.641648e-03
1.251320e+01 3.967448e-01 -8.969945e-03
1.251320e+01 5.552783e-01 -1.156631e-02
1.251320e+01 7.774819e-01 -1.418227e-02
1.251320e+01 1.088445e+00 -1.666131e-02
1.251320e+01 1.523711e+00 -1.920748e-02
1.251320e+01 2.088426e+00 -2.058842e-02
1.251320e+01 2.685505e+00 -1.776600e-02
1.278347e+01 1.570796e-02 -1.356536e-05
1.278347e+01 2.346256e-02 -6.199546e-05
1.278347e+01 3.503514e-02 -2.975921e-04
1.278347e+01 5.263151e-02 -7.415705e-04
1.278347e+01 7.314235e-02 -1.046396e-03
1.278347e+01 1.025928e-01 -1.967580e-03
1.278347e+01 1.448116e-01 -2.856792e-03
1.278347e+01 2.023460e-01 -4.074118e-03
1.278347e+01 2.834245e-01 -5.999442e-03
1.278347e+01 3.967448e-01 -8.110805e-03
1.278347e+01 5.552783e-01 -1.050512e-02
1.278347e+01 7.774819e-01 -1.297673e-02
1.278347e+01 1.088445e+00 -1.539448e-02
1.278347e+01 1.523711e+00 -1.791373e-02
1.278347e+01 2.088426e+00 -1.933775e-02
1.278347e+01 2.685505e+00 -1.676634e-02
1.305914e+01 1.570796e-02 -1.211669e-05
1.305914e+01 2.346256e-02 -5.600218e-05
1.305914e+01 3.503514e-02 -2.683424e-04
1.305914e+01 5.263151e-02 -6.678769e-04
1.305914e+01 7.314235e-02 -9.414173e-04
1.305914e+01 1.025928e-01 -1.771788e-03
1.305914e+01 1.448116e-01 -2.574312e-03
1.305914e+01 2.023460e-01 -3.66698e-03
1.305914e+01 2.834245e-01 -5.405683e-03
1.305914e+01 3.967448e-01 -7.31417e-03
1.305914e+01 5.552783e-01 -9.502969e-03
1.305914e+01 7.774819e-01 -1.183171e-02
1.305914e+01 1.088445e+00 -1.417396e-02
1.305914e+01 1.523711e+00 -1.664341e-02
1.305914e+01 2.088426e+00 -1.810323e-02
1.305914e+01 2.685505e+00 -1.579629e-02
1.334032e+01 1.570796e-02 -1.100422e-05
1.334032e+01 2.346256e-02 -5.046098e-05
1.334032e+01 3.503514e-02 -2.400771e-04
1.334032e+01 5.263151e-02 -5.997159e-04
1.334032e+01 7.314235e-02 -8.450063e-04
1.334032e+01 1.025928e-01 -1.589676e-03
1.334032e+01 1.448116e-01 -2.312368e-03
1.334032e+01 2.023460e-01 -3.291709e-03
1.334032e+01 2.834245e-01 -4.854245e-03
1.334032e+01 3.967448e-01 -6.578267e-03
1.334032e+01 5.552783e-01 -8.572088e-03
1.334032e+01 7.774819e-01 -1.074274e-02
1.334032e+01 1.088445e+00 -1.300949e-02
1.334032e+01 1.523711e+00 -1.539124e-02
1.334032e+01 2.088426e+00 -1.6851e-02
1.334032e+01 2.685505e+00 -1.478485e-02
1.362713e+01 1.570796e-02 -9.979244e-06
1.362713e+01 2.346256e-02 -4.535377e-05
1.362713e+01 3.503514e-02 -2.149322e-04
1.362713e+01 5.263151e-02 -5.371818e-04
1.362713e+01 7.314235e-02 -7.558487e-04
1.362713e+01 1.025928e-01 -1.420429e-03
1.362713e+01 1.448116e-01 -2.069773e-03
1.362713e+01 2.023460e-01 -2.943424e-03
1.362713e+01 2.834245e-01 -4.346022e-03
1.362713e+01 3.967448e-01 -5.902204e-03
1.362713e+01 5.552783e-01 -7.711462e-03
1.362713e+01 7.774819e-01 -9.730942e-03
1.362713e+01 1.088445e+00 -1.189710e-02
1.362713e+01 1.523711e+00 -1.416740e-02
1.362713e+01 2.088426e+00 -1.563394e-02
1.362713e+01 2.685505e+00 -1.383744e-02
1.391967e+01 1.570796e-02 -9.061569e-06
1.391967e+01 2.346256e-02 -4.077417e-05
1.391967e+01 3.503514e-02 -1.912189e-04
1.391967e+01 5.263151e-02 -4.799679e-04
1.391967e+01 7.314235e-02 -6.743596e-04
1.391967e+01 1.025928e-01 -1.266385e-03
1.391967e+01 1.448116e-01 -1.846821e-03
1.391967e+01 2.023460e-01 -2.623913e-03
1.391967e+01 2.834245e-01 -3.877658e-03
1.391967e+01 3.967448e-01 -5.277508e-03
1.391967e+01 5.552783e-01 -6.907514e-03
1.391967e+01 7.774819e-01 -8.782012e-03
1.391967e+01 1.088445e+00 -1.082425e-02
1.391967e+01 1.523711e+00 -1.299154e-02
1.391967e+01 2.088426e+00 -1.443058e-02
1.391967e+01 2.685505e+00 -1.287285e-02
1.421806e+01 1.570796e-02 -8.162477e-06
1.421806e+01 2.346256e-02 -3.647405e-05
1.421806e+01 3.503514e-02 -1.701348e-04
1.421806e+01 5.263151e-02 -4.279938e-04
1.421806e+01 7.314235e-02 -5.996683e-04
1.421806e+01 1.025928e-01 -1.126359e-03
1.421806e+01 1.448116e-01 -1.640979e-03
1.421806e+01 2.023460e-01 -2.332854e-03
1.421806e+01 2.834245e-01 -3.449079e-03
1.421806e+01 3.967448e-01 -4.704634e-03
1.421806e+01 5.552783e-01 -6.178627e-03
1.421806e+01 7.774819e-01 -7.902037e-03
1.421806e+01 1.088445e+00 -9.826883e-03
1.421806e+01 1.523711e+00 -1.185768e-02
1.421806e+01 2.088426e+00 -1.326995e-02
1.421806e+01 2.685505e+00 -1.190708e-02
1.452242e+01 1.570796e-02 -7.303447e-06
1.452242e+01 2.346256e-02 -3.240455e-05
1.452242e+01 3.503514e-02 -1.511113e-04
1.452242e+01 5.263151e-02 -3.798025e-04
1.452242e+01 7.314235e-02 -5.306967e-04
1.452242e+01 1.025928e-01 -9.992124e-04
1.452242e+01 1.448116e-01 -1.455099e-03
1.452242e+01 2.023460e-01 -2.067347e-03
1.452242e+01 2.834245e-01 -3.060063e-03
1.452242e+01 3.967448e-01 -4.183490e-03
1.452242e+01 5.552783e-01 -5.508523e-03
1.452242e+01 7.774819e-01 -7.093008e-03
1.452242e+01 1.088445e+00 -8.885385e-03
1.452242e+01 1.523711e+00 -1.079298e-02
1.452242e+01 2.088426e+00 -1.215262e-02
1.452242e+01 2.685505e+00 -1.101693e-02
1.483287e+01 1.570796e-02 -6.489162e-06
1.483287e+01 2.346256e-02 -2.854932e-05
1.483287e+01 3.503514e-02 -1.329819e-04
1.483287e+01 5.263151e-02 -3.35646e-04
1.483287e+01 7.314235e-02 -4.691298e-04
1.483287e+01 1.025928e-01 -8.813132e-04
1.483287e+01 1.448116e-01 -1.285044e-03
1.483287e+01 2.023460e-01 -1.827276e-03
1.483287e+01 2.834245e-01 -2.70455e-03
1.483287e+01 3.967448e-01 -3.704559e-03
1.483287e+01 5.552783e-01 -4.895298e-03
1.483287e+01 7.774819e-01 -6.336695e-03
1.483287e+01 1.088445e+00 -7.999752e-03
1.483287e+01 1.523711e+00 -9.767702e-03
1.483287e+01 2.088426e+00 -1.107625e-02
1.483287e+01 2.685505e+00 -1.013888e-02
1.514953e+01 1.570796e-02 -5.753656e-06
1.514953e+01 2.346256e-02 -2.53558e-05
1.514953e+01 3.503514e-02 -1.167781e-04
1.514953e+01 5.263151e-02 -2.958206e-04
1.514953e+01 7.314235e-02 -4.126332e-04
1.514953e+01 1.025928e-01 -7.755605e-04
1.514953e+01 1.448116e-01 -1.130471e-03
1.514953e+01 2.023460e-01 -1.610056e-03
1.514953e+01 2.834245e-01 -2.383242e-03
1.514953e+01 3.967448e-01 -3.266165e-03
1.514953e+01 5.552783e-01 -4.334546e-03
1.514953e+01 7.774819e-01 -5.643708e-03
1.514953e+01 1.088445e+00 -7.174232e-03
1.514953e+01 1.523711e+00 -8.805321e-03
1.514953e+01 2.088426e+00 -1.004709e-02
1.514953e+01 2.685505e+00 -9.274135e-03
1.547252e+01 1.570796e-02 -5.071354e-06
1.547252e+01 2.346256e-02 -2.243720e-05
1.547252e+01 3.503514e-02 -1.019714e-04
1.547252e+01 5.263151e-02 -2.597116e-04
1.547252e+01 7.314235e-02 -3.616093e-04
1.547252e+01 1.025928e-01 -6.807085e-04
1.547252e+01 1.448116e-01 -9.92178e-04
1.547252e+01 2.023460e-01 -1.411726e-03
1.547252e+01 2.834245e-01 -2.093101e-03
1.547252e+01 3.967448e-01 -2.870922e-03
1.547252e+01 5.552783e-01 -3.823619e-03
1.547252e+01 7.774819e-01 -5.013466e-03
1.547252e+01 1.088445e+00 -6.413778e-03
1.547252e+01 1.523711e+00 -7.905569e-03
1.547252e+01 2.088426e+00 -9.074301e-03
1.547252e+01 2.685505e+00 -8.473607e-03
1.580197e+01 1.570796e-02 -4.414123e-06
1.580197e+01 2.346256e-02 -1.965933e-05
1.580197e+01 3.503514e-02 -8.899750e-05
1.580197e+01 5.263151e-02 -2.273307e-04
1.580197e+01 7.314235e-02 -3.164061e-04
1.580197e+01 1.025928e-01 -5.946362e-04
1.580197e+01 1.448116e-01 -8.669131e-04
1.580197e+01 2.023460e-01 -1.233964e-03
1.580197e+01 2.834245e-01 -1.830132e-03
1.580197e+01 3.967448e-01 -2.516649e-03
1.580197e+01 5.552783e-01 -3.362582e-03
1.580197e+01 7.774819e-01 -4.435354e-03
1.580197e+01 1.088445e+00 -5.70793e-03
1.580197e+01 1.523711e+00 -7.065960e-03
1.580197e+01 2.088426e+00 -8.153545e-03
1.580197e+01 2.685505e+00 -7.677446e-03
1.613801e+01 1.570796e-02 -3.896053e-06
1.613801e+01 2.346256e-02 -1.710021e-05
1.613801e+01 3.503514e-02 -7.708303e-05
1.613801e+01 5.263151e-02 -1.98541e-04
1.613801e+01 7.314235e-02 -2.753581e-04
1.613801e+01 1.025928e-01 -5.176177e-04
1.613801e+01 1.448116e-01 -7.556884e-04
1.613801e+01 2.023460e-01 -1.076107e-03
1.613801e+01 2.834245e-01 -1.596160e-03
1.613801e+01 3.967448e-01 -2.198813e-03
1.613801e+01 5.552783e-01 -2.95136e-03
1.613801e+01 7.774819e-01 -3.914409e-03
1.613801e+01 1.088445e+00 -5.062903e-03
1.613801e+01 1.523711e+00 -6.296269e-03
1.613801e+01 2.088426e+00 -7.294441e-03
1.613801e+01 2.685505e+00 -6.906968e-03
1.648077e+01 1.570796e-02 -3.368373e-06
1.648077e+01 2.346256e-02 -1.468338e-05
1.648077e+01 3.503514e-02 -6.626677e-05
1.648077e+01 5.263151e-02 -1.718276e-04
1.648077e+01 7.314235e-02 -2.385462e-04
1.648077e+01 1.025928e-01 -4.485261e-04
1.648077e+01 1.448116e-01 -6.545571e-04
1.648077e+01 2.023460e-01 -9.317904e-04
1.648077e+01 2.834245e-01 -1.384128e-03
1.648077e+01 3.967448e-01 -1.910469e-03
1.648077e+01 5.552783e-01 -2.575592e-03
1.648077e+01 7.774819e-01 -3.435281e-03
1.648077e+01 1.088445e+00 -4.461766e-03
1.648077e+01 1.523711e+00 -5.5621e-03
1.648077e+01 2.088426e+00 -6.473423e-03
1.648077e+01 2.685505e+00 -6.209752e-03
1.683038e+01 1.570796e-02 -2.951597e-06
1.683038e+01 2.346256e-02 -1.266954e-05
1.683038e+01 3.503514e-02 -5.686056e-05
1.683038e+01 5.263151e-02 -1.476429e-04
1.683038e+01 7.314235e-02 -2.05267e-04
1.683038e+01 1.025928e-01 -3.869487e-04
1.683038e+01 1.448116e-01 -5.643768e-04
1.683038e+01 2.023460e-01 -8.046260e-04
1.683038e+01 2.834245e-01 -1.195642e-03
1.683038e+01 3.967448e-01 -1.653719e-03
1.683038e+01 5.552783e-01 -2.239983e-03
1.683038e+01 7.774819e-01 -3.005073e-03
1.683038e+01 1.088445e+00 -3.914542e-03
1.683038e+01 1.523711e+00 -4.889379e-03
1.683038e+01 2.088426e+00 -5.707189e-03
1.683038e+01 2.685505e+00 -5.531433e-03
1.718699e+01 1.570796e-02 -2.522251e-06
1.718699e+01 2.346256e-02 -1.09384e-05
1.718699e+01 3.503514e-02 -4.886944e-05
1.718699e+01 5.263151e-02 -1.266407e-04
1.718699e+01 7.314235e-02 -1.766382e-04
1.718699e+01 1.025928e-01 -3.319034e-04
1.718699e+01 1.448116e-01 -4.846215e-04
1.718699e+01 2.023460e-01 -6.913292e-04
1.718699e+01 2.834245e-01 -1.027688e-03
1.718699e+01 3.967448e-01 -1.424075e-03
1.718699e+01 5.552783e-01 -1.941460e-03
1.718699e+01 7.774819e-01 -2.617649e-03
1.718699e+01 1.088445e+00 -3.415337e-03
1.718699e+01 1.523711e+00 -4.269076e-03
1.718699e+01 2.088426e+00 -4.995371e-03
1.718699e+01 2.685505e+00 -4.883123e-03
1.755073e+01 1.570796e-02 -2.142265e-06
1.755073e+01 2.346256e-02 -9.403162e-06
1.755073e+01 3.503514e-02 -4.159762e-05
1.755073e+01 5.263151e-02 -1.077294e-04
1.755073e+01 7.314235e-02 -1.510962e-04
1.755073e+01 1.025928e-01 -2.841174e-04
1.755073e+01 1.448116e-01 -4.136722e-04
1.755073e+01 2.023460e-01 -5.906279e-04
1.755073e+01 2.834245e-01 -8.786972e-04
1.755073e+01 3.967448e-01 -1.222093e-03
1.755073e+01 5.552783e-01 -1.672549e-03
1.755073e+01 7.774819e-01 -2.270611e-03
1.755073e+01 1.088445e+00 -2.963647e-03
1.755073e+01 1.523711e+00 -3.69737e-03
1.755073e+01 2.088426e+00 -4.330425e-03
1.755073e+01 2.685505e+00 -4.247177e-03
1.792175e+01 1.570796e-02 -1.798286e-06
1.792175e+01 2.346256e-02 -8.064620e-06
1.792175e+01 3.503514e-02 -3.527558e-05
1.792175e+01 5.263151e-02 -9.134916e-05
1.792175e+01 7.314235e-02 -1.283304e-04
1.792175e+01 1.025928e-01 -2.417847e-04
1.792175e+01 1.448116e-01 -3.519477e-04
1.792175e+01 2.023460e-01 -5.022432e-04
1.792175e+01 2.834245e-01 -7.485488e-04
1.792175e+01 3.967448e-01 -1.042166e-03
1.792175e+01 5.552783e-01 -1.43604e-03
1.792175e+01 7.774819e-01 -1.957659e-03
1.792175e+01 1.088445e+00 -2.560875e-03
1.792175e+01 1.523711e+00 -3.183471e-03
1.792175e+01 2.088426e+00 -3.731544e-03
1.792175e+01 2.685505e+00 -3.683402e-03
1.830018e+01 1.570796e-02 -1.511328e-06
1.830018e+01 2.346256e-02 -6.81408e-06
1.830018e+01 3.503514e-02 -2.984476e-05
1.830018e+01 5.263151e-02 -7.716158e-05
1.830018e+01 7.314235e-02 -1.083173e-04
1.830018e+01 1.025928e-01 -2.037845e-04
1.830018e+01 1.448116e-01 -2.975642e-04
1.830018e+01 2.023460e-01 -4.247947e-04
1.830018e+01 2.834245e-01 -6.333791e-04
1.830018e+01 3.967448e-01 -8.847675e-04
1.830018e+01 5.552783e-01 -1.226284e-03
1.830018e+01 7.774819e-01 -1.679552e-03
1.830018e+01 1.088445e+00 -2.198859e-03
1.830018e+01 1.523711e+00 -2.725131e-03
1.830018e+01 2.088426e+00 -3.181017e-03
1.830018e+01 2.685505e+00 -3.144837e-03
1.868618e+01 1.570796e-02 -1.253713e-06
1.868618e+01 2.346256e-02 -5.697817e-06
1.868618e+01 3.503514e-02 -2.500254e-05
1.868618e+01 5.263151e-02 -6.457879e-05
1.868618e+01 7.314235e-02 -9.084525e-05
1.868618e+01 1.025928e-01 -1.71304e-04
1.868618e+01 1.448116e-01 -2.496856e-04
1.868618e+01 2.023460e-01 -3.568642e-04
1.868618e+01 2.834245e-01 -5.321731e-04
1.868618e+01 3.967448e-01 -7.461722e-04
1.868618e+01 5.552783e-01 -1.040507e-03
1.868618e+01 7.774819e-01 -1.429201e-03
1.868618e+01 1.088445e+00 -1.870725e-03
1.868618e+01 1.523711e+00 -2.306754e-03
1.868618e+01 2.088426e+00 -2.684821e-03
1.868618e+01 2.685505e+00 -2.660313e-03
1.907991e+01 1.570796e-02 -1.048297e-06
1.907991e+01 2.346256e-02 -4.706945e-06
1.907991e+01 3.503514e-02 -2.083364e-05
1.907991e+01 5.263151e-02 -5.349626e-05
1.907991e+01 7.314235e-02 -7.549493e-05
1.907991e+01 1.025928e-01 -1.425795e-04
1.907991e+01 1.448116e-01 -2.076532e-04
1.907991e+01 2.023460e-01 -2.97434e-04
1.907991e+01 2.834245e-01 -4.434723e-04
1.907991e+01 3.967448e-01 -6.260094e-04
1.907991e+01 5.552783e-01 -8.771076e-04
1.907991e+01 7.774819e-01 -1.208183e-03
1.907991e+01 1.088445e+00 -1.580036e-03
1.907991e+01 1.523711e+00 -1.940612e-03
1.907991e+01 2.088426e+00 -2.238398e-03
1.907991e+01 2.685505e+00 -2.214887e-03
1.948151e+01 1.570796e-02 -8.67424e-07
1.948151e+01 2.346256e-02 -3.895917e-06
1.948151e+01 3.503514e-02 -1.725602e-05
1.948151e+01 5.263151e-02 -4.408091e-05
1.948151e+01 7.314235e-02 -6.242629e-05
1.948151e+01 1.025928e-01 -1.177408e-04
1.948151e+01 1.448116e-01 -1.714206e-04
1.948151e+01 2.023460e-01 -2.463974e-04
1.948151e+01 2.834245e-01 -3.675302e-04
1.948151e+01 3.967448e-01 -5.218385e-04
1.948151e+01 5.552783e-01 -7.351652e-04
1.948151e+01 7.774819e-01 -1.015651e-03
1.948151e+01 1.088445e+00 -1.328208e-03
1.948151e+01 1.523711e+00 -1.621161e-03
1.948151e+01 2.088426e+00 -1.849503e-03
1.948151e+01 2.685505e+00 -1.820461e-03
1.989114e+01 1.570796e-02 -7.090471e-07
1.989114e+01 2.346256e-02 -3.218206e-06
1.989114e+01 3.503514e-02 -1.426215e-05
1.989114e+01 5.263151e-02 -3.61309e-05
1.989114e+01 7.314235e-02 -5.110508e-05
1.989114e+01 1.025928e-01 -9.704334e-05
1.989114e+01 1.448116e-01 -1.412699e-04
1.989114e+01 2.023460e-01 -2.029031e-04
1.989114e+01 2.834245e-01 -3.029865e-04
1.989114e+01 3.967448e-01 -4.328192e-04
1.989114e+01 5.552783e-01 -6.128971e-04
1.989114e+01 7.774819e-01 -8.515181e-04
1.989114e+01 1.088445e+00 -1.108769e-03
1.989114e+01 1.523711e+00 -1.345603e-03
1.989114e+01 2.088426e+00 -1.513816e-03
1.989114e+01 2.685505e+00 -1.473152e-03
2.030896e+01 1.570796e-02 -5.731812e-07
2.030896e+01 2.346256e-02 -2.613601e-06
2.030896e+01 3.503514e-02 -1.162605e-05
2.030896e+01 5.263151e-02 -2.918468e-05
2.030896e+01 7.314235e-02 -4.134102e-05
2.030896e+01 1.025928e-01 -7.869772e-05
2.030896e+01 1.448116e-01 -1.150733e-04
2.030896e+01 2.023460e-01 -1.650577e-04
2.030896e+01 2.834245e-01 -2.472103e-04
2.030896e+01 3.967448e-01 -3.553725e-04
2.030896e+01 5.552783e-01 -5.065735e-04
2.030896e+01 7.774819e-01 -7.060807e-04
2.030896e+01 1.088445e+00 -9.185754e-04
2.030896e+01 1.523711e+00 -1.106526e-03
2.030896e+01 2.088426e+00 -1.221228e-03
2.030896e+01 2.685505e+00 -1.168682e-03
2.073514e+01 1.570796e-02 -4.595135e-07
2.073514e+01 2.346256e-02 -2.094223e-06
2.073514e+01 3.503514e-02 -9.395272e-06
2.073514e+01 5.263151e-02 -2.330382e-05
2.073514e+01 7.314235e-02 -3.328215e-05
2.073514e+01 1.025928e-01 -6.342021e-05
2.073514e+01 1.448116e-01 -9.291801e-05
2.073514e+01 2.023460e-01 -1.336801e-04
2.073514e+01 2.834245e-01 -2.002238e-04
2.073514e+01 3.967448e-01 -2.897243e-04
2.073514e+01 5.552783e-01 -4.156754e-04
2.073514e+01 7.774819e-01 -5.820921e-04
2.073514e+01 1.088445e+00 -7.557573e-04
2.073514e+01 1.523711e+00 -9.024612e-04
2.073514e+01 2.088426e+00 -9.779549e-04
2.073514e+01 2.685505e+00 -9.114713e-04
2.116984e+01 1.570796e-02 -3.695601e-07
2.116984e+01 2.346256e-02 -1.684044e-06
2.116984e+01 3.503514e-02 -7.602431e-06
2.116984e+01 5.263151e-02 -1.855297e-05
2.116984e+01 7.314235e-02 -2.643106e-05
2.116984e+01 1.025928e-01 -5.064112e-05
2.116984e+01 1.448116e-01 -7.473223e-05
2.116984e+01 2.023460e-01 -1.070543e-04
2.116984e+01 2.834245e-01 -1.616472e-04
2.116984e+01 3.967448e-01 -2.349311e-04
2.116984e+01 5.552783e-01 -3.391762e-04
2.116984e+01 7.774819e-01 -4.78881e-04
2.116984e+01 1.088445e+00 -6.205529e-04
2.116984e+01 1.523711e+00 -7.348720e-04
2.116984e+01 2.088426e+00 -7.800856e-04
2.116984e+01 2.685505e+00 -7.084492e-04
2.161324e+01 1.570796e-02 -2.979878e-07
2.161324e+01 2.346256e-02 -1.315322e-06
2.161324e+01 3.503514e-02 -6.064983e-06
2.161324e+01 5.263151e-02 -1.469606e-05
2.161324e+01 7.314235e-02 -2.086519e-05
2.161324e+01 1.025928e-01 -4.013417e-05
2.161324e+01 1.448116e-01 -5.924123e-05
2.161324e+01 2.023460e-01 -8.503066e-05
2.161324e+01 2.834245e-01 -1.290127e-04
2.161324e+01 3.967448e-01 -1.88723e-04
2.161324e+01 5.552783e-01 -2.751779e-04
2.161324e+01 7.774819e-01 -3.906895e-04
2.161324e+01 1.088445e+00 -5.063308e-04
2.161324e+01 1.523711e+00 -5.968221e-04
2.161324e+01 2.088426e+00 -6.205894e-04
2.161324e+01 2.685505e+00 -5.459958e-04
2.206550e+01 1.570796e-02 -2.352617e-07
2.206550e+01 2.346256e-02 -1.034427e-06
2.206550e+01 3.503514e-02 -4.800971e-06
2.206550e+01 5.263151e-02 -1.153102e-05
2.206550e+01 7.314235e-02 -1.630974e-05
2.206550e+01 1.025928e-01 -3.152891e-05
2.206550e+01 1.448116e-01 -4.667667e-05
2.206550e+01 2.023460e-01 -6.698875e-05
2.206550e+01 2.834245e-01 -1.022575e-04
2.206550e+01 3.967448e-01 -1.503772e-04
2.206550e+01 5.552783e-01 -2.211208e-04
2.206550e+01 7.774819e-01 -3.161619e-04
2.206550e+01 1.088445e+00 -4.105015e-04
2.206550e+01 1.523711e+00 -4.819641e-04
2.206550e+01 2.088426e+00 -4.943552e-04
2.206550e+01 2.685505e+00 -4.156341e-04
2.252681e+01 1.570796e-02 -1.788402e-07
2.252681e+01 2.346256e-02 -8.012114e-07
2.252681e+01 3.503514e-02 -3.765933e-06
2.252681e+01 5.263151e-02 -8.931065e-06
2.252681e+01 7.314235e-02 -1.260667e-05
2.252681e+01 1.025928e-01 -2.450456e-05
2.252681e+01 1.448116e-01 -3.630848e-05
2.252681e+01 2.023460e-01 -5.202691e-05
2.252681e+01 2.834245e-01 -8.002438e-05
2.252681e+01 3.967448e-01 -1.184917e-04
2.252681e+01 5.552783e-01 -1.758426e-04
2.252681e+01 7.774819e-01 -2.533604e-04
2.252681e+01 1.088445e+00 -3.303166e-04
2.252681e+01 1.523711e+00 -3.871339e-04
2.252681e+01 2.088426e+00 -3.933698e-04
2.252681e+01 2.685505e+00 -3.197106e-04
2.299735e+01 1.570796e-02 -1.384239e-07
2.299735e+01 2.346256e-02 -6.218826e-07
2.299735e+01 3.503514e-02 -2.903131e-06
2.299735e+01 5.263151e-02 -6.815028e-06
2.299735e+01 7.314235e-02 -9.631786e-06
2.299735e+01 1.025928e-01 -1.881636e-05
2.299735e+01 1.448116e-01 -2.788317e-05
2.299735e+01 2.023460e-01 -3.995806e-05
2.299735e+01 2.834245e-01 -6.186541e-05
2.299735e+01 3.967448e-01 -9.238056e-05
2.299735e+01 5.552783e-01 -1.383058e-04
2.299735e+01 7.774819e-01 -2.008959e-04
2.299735e+01 1.088445e+00 -2.631609e-04
2.299735e+01 1.523711e+00 -3.102889e-04
2.299735e+01 2.088426e+00 -3.152329e-04
2.299735e+01 2.685505e+00 -2.486678e-04
2.34773e+01 1.570796e-02 -1.052596e-07
2.34773e+01 2.346256e-02 -4.763873e-07
2.34773e+01 3.503514e-02 -2.19002e-06
2.34773e+01 5.263151e-02 -5.129108e-06
2.34773e+01 7.314235e-02 -7.263586e-06
2.34773e+01 1.025928e-01 -1.419749e-05
2.34773e+01 1.448116e-01 -2.114406e-05
2.34773e+01 2.023460e-01 -3.030574e-05
2.34773e+01 2.834245e-01 -4.721949e-05
2.34773e+01 3.967448e-01 -7.112248e-05
2.34773e+01 5.552783e-01 -1.076114e-04
2.34773e+01 7.774819e-01 -1.573227e-04
2.34773e+01 1.088445e+00 -2.075992e-04
2.34773e+01 1.523711e+00 -2.466572e-04
2.34773e+01 2.088426e+00 -2.518342e-04
2.34773e+01 2.685505e+00 -1.902966e-04
2.396684e+01 1.570796e-02 -8.034410e-08
2.396684e+01 2.346256e-02 -3.566331e-07
2.396684e+01 3.503514e-02 -1.634818e-06
2.396684e+01 5.263151e-02 -3.816643e-06
2.396684e+01 7.314235e-02 -5.398453e-06
2.396684e+01 1.025928e-01 -1.057262e-05
2.396684e+01 1.448116e-01 -1.578897e-05
2.396684e+01 2.023460e-01 -2.265644e-05
2.396684e+01 2.834245e-01 -3.553721e-05
2.396684e+01 3.967448e-01 -5.397717e-05
2.396684e+01 5.552783e-01 -8.248294e-05
2.396684e+01 7.774819e-01 -1.213819e-04
2.396684e+01 1.088445e+00 -1.619002e-04
2.396684e+01 1.523711e+00 -1.944401e-04
2.396684e+01 2.088426e+00 -2.002431e-04
2.396684e+01 2.685505e+00 -1.500129e-04
2.446618e+01 1.570796e-02 -5.644807e-08
2.446618e+01 2.346256e-02 -2.692511e-07
2.446618e+01 3.503514e-02 -1.199446e-06
2.446618e+01 5.263151e-02 -2.792517e-06
2.446618e+01 7.314235e-02 -3.962247e-06
2.446618e+01 1.025928e-01 -7.792318e-06
2.446618e+01 1.448116e-01 -1.160783e-05
2.446618e+01 2.023460e-01 -1.668838e-05
2.446618e+01 2.834245e-01 -2.638601e-05
2.446618e+01 3.967448e-01 -4.033921e-05
2.446618e+01 5.552783e-01 -6.226962e-05
2.446618e+01 7.774819e-01 -9.224388e-05
2.446618e+01 1.088445e+00 -1.239536e-04
2.446618e+01 1.523711e+00 -1.520752e-04
2.446618e+01 2.088426e+00 -1.590308e-04
2.446618e+01 2.685505e+00 -1.180809e-04
2.497550e+01 1.570796e-02 -4.177216e-08
2.497550e+01 2.346256e-02 -1.975096e-07
2.497550e+01 3.503514e-02 -8.787855e-07
2.497550e+01 5.263151e-02 -2.017776e-06
2.497550e+01 7.314235e-02 -2.878177e-06
2.497550e+01 1.025928e-01 -5.672872e-06
2.497550e+01 1.448116e-01 -8.447603e-06
2.497550e+01 2.023460e-01 -1.218234e-05
2.497550e+01 2.834245e-01 -1.936744e-05
2.497550e+01 3.967448e-01 -2.981176e-05
2.497550e+01 5.552783e-01 -4.641733e-05
2.497550e+01 7.774819e-01 -6.929666e-05
2.497550e+01 1.088445e+00 -9.419884e-05
2.497550e+01 1.523711e+00 -1.17765e-04
2.497550e+01 2.088426e+00 -1.26166e-04
2.497550e+01 2.685505e+00 -9.603277e-05
2.549501e+01 1.570796e-02 -3.035226e-08
2.549501e+01 2.346256e-02 -1.430480e-07
2.549501e+01 3.503514e-02 -6.27817e-07
2.549501e+01 5.263151e-02 -1.434291e-06
2.549501e+01 7.314235e-02 -2.040594e-06
2.549501e+01 1.025928e-01 -4.065922e-06
2.549501e+01 1.448116e-01 -6.042418e-06
2.549501e+01 2.023460e-01 -8.736183e-06
2.549501e+01 2.834245e-01 -1.398634e-05
2.549501e+01 3.967448e-01 -2.170623e-05
2.549501e+01 5.552783e-01 -3.402529e-05
2.549501e+01 7.774819e-01 -5.118765e-05
2.549501e+01 1.088445e+00 -7.030634e-05
2.549501e+01 1.523711e+00 -8.992995e-05
2.549501e+01 2.088426e+00 -9.999358e-05
2.549501e+01 2.685505e+00 -8.005083e-05
2.602491e+01 1.570796e-02 -2.118610e-08
2.602491e+01 2.346256e-02 -1.023094e-07
2.602491e+01 3.503514e-02 -4.426301e-07
2.602491e+01 5.263151e-02 -1.004795e-06
2.602491e+01 7.314235e-02 -1.438227e-06
2.602491e+01 1.025928e-01 -2.874513e-06
2.602491e+01 1.448116e-01 -4.279728e-06
2.602491e+01 2.023460e-01 -6.208946e-06
2.602491e+01 2.834245e-01 -9.978319e-06
2.602491e+01 3.967448e-01 -1.555589e-05
2.602491e+01 5.552783e-01 -2.458234e-05
2.602491e+01 7.774819e-01 -3.715922e-05
2.602491e+01 1.088445e+00 -5.165579e-05
2.602491e+01 1.523711e+00 -6.766514e-05
2.602491e+01 2.088426e+00 -7.840533e-05
2.602491e+01 2.685505e+00 -6.658095e-05
2.656541e+01 1.570796e-02 -1.471036e-08
2.656541e+01 2.346256e-02 -7.222696e-08
2.656541e+01 3.503514e-02 -3.121969e-07
2.656541e+01 5.263151e-02 -6.966005e-07
2.656541e+01 7.314235e-02 -1.002886e-06
2.656541e+01 1.025928e-01 -2.017308e-06
2.656541e+01 1.448116e-01 -3.016893e-06
2.656541e+01 2.023460e-01 -4.364288e-06
2.656541e+01 2.834245e-01 -7.059259e-06
2.656541e+01 3.967448e-01 -1.106225e-05
2.656541e+01 5.552783e-01 -1.759060e-05
2.656541e+01 7.774819e-01 -2.667161e-05
2.656541e+01 1.088445e+00 -3.732594e-05
2.656541e+01 1.523711e+00 -4.957876e-05
2.656541e+01 2.088426e+00 -5.869163e-05
2.656541e+01 2.685505e+00 -5.174177e-05
2.711672e+01 1.570796e-02 -1.017811e-08
2.711672e+01 2.346256e-02 -5.094336e-08
2.711672e+01 3.503514e-02 -2.175321e-07
2.711672e+01 5.263151e-02 -4.767614e-07
2.711672e+01 7.314235e-02 -6.863546e-07
2.711672e+01 1.025928e-01 -1.396539e-06
2.711672e+01 1.448116e-01 -2.098532e-06
2.711672e+01 2.023460e-01 -3.035350e-06
2.711672e+01 2.834245e-01 -4.932326e-06
2.711672e+01 3.967448e-01 -7.758009e-06
2.711672e+01 5.552783e-01 -1.240497e-05
2.711672e+01 7.774819e-01 -1.889887e-05
2.711672e+01 1.088445e+00 -2.659349e-05
2.711672e+01 1.523711e+00 -3.577286e-05
2.711672e+01 2.088426e+00 -4.352595e-05
2.711672e+01 2.685505e+00 -4.000269e-05
2.767905e+01 1.570796e-02 -7.214546e-09
2.767905e+01 2.346256e-02 -3.548370e-08
2.767905e+01 3.503514e-02 -1.491434e-07
2.767905e+01 5.263151e-02 -3.212471e-07
2.767905e+01 7.314235e-02 -4.623471e-07
2.767905e+01 1.025928e-01 -9.484232e-07
2.767905e+01 1.448116e-01 -1.426838e-06
2.767905e+01 2.023460e-01 -2.072129e-06
2.767905e+01 2.834245e-01 -3.389227e-06
2.767905e+01 3.967448e-01 -5.349897e-06
2.767905e+01 5.552783e-01 -8.60367e-06
2.767905e+01 7.774819e-01 -1.314969e-05
2.767905e+01 1.088445e+00 -1.862201e-05
2.767905e+01 1.523711e+00 -2.538629e-05
2.767905e+01 2.088426e+00 -3.175100e-05
2.767905e+01 2.685505e+00 -3.032114e-05
2.825263e+01 1.570796e-02 -4.797594e-09
2.825263e+01 2.346256e-02 -2.40422e-08
2.825263e+01 3.503514e-02 -1.004135e-07
2.825263e+01 5.263151e-02 -2.135690e-07
2.825263e+01 7.314235e-02 -3.066314e-07
2.825263e+01 1.025928e-01 -6.335479e-07
2.825263e+01 1.448116e-01 -9.632043e-07
2.825263e+01 2.023460e-01 -1.397186e-06
2.825263e+01 2.834245e-01 -2.280678e-06
2.825263e+01 3.967448e-01 -3.63188e-06
2.825263e+01 5.552783e-01 -5.853622e-06
2.825263e+01 7.774819e-01 -8.995462e-06
2.825263e+01 1.088445e+00 -1.282292e-05
2.825263e+01 1.523711e+00 -1.775425e-05
2.825263e+01 2.088426e+00 -2.283391e-05
2.825263e+01 2.685505e+00 -2.266103e-05
2.883769e+01 1.570796e-02 -3.046374e-09
2.883769e+01 2.346256e-02 -1.611248e-08
2.883769e+01 3.503514e-02 -6.642951e-08
2.883769e+01 5.263151e-02 -1.390619e-07
2.883769e+01 7.314235e-02 -2.005184e-07
2.883769e+01 1.025928e-01 -4.148528e-07
2.883769e+01 1.448116e-01 -6.349781e-07
2.883769e+01 2.023460e-01 -9.212425e-07
2.883769e+01 2.834245e-01 -1.503691e-06
2.883769e+01 3.967448e-01 -2.414207e-06
2.883769e+01 5.552783e-01 -3.910027e-06
2.883769e+01 7.774819e-01 -6.012096e-06
2.883769e+01 1.088445e+00 -8.634077e-06
2.883769e+01 1.523711e+00 -1.218436e-05
2.883769e+01 2.088426e+00 -1.615141e-05
2.883769e+01 2.685505e+00 -1.693865e-05
2.943444e+01 1.570796e-02 -1.800308e-09
2.943444e+01 2.346256e-02 -1.06699e-08
2.943444e+01 3.503514e-02 -4.377998e-08
2.943444e+01 5.263151e-02 -8.90589e-08
2.943444e+01 7.314235e-02 -1.296933e-07
2.943444e+01 1.025928e-01 -2.694726e-07
2.943444e+01 1.448116e-01 -4.110758e-07
2.943444e+01 2.023460e-01 -5.959758e-07
2.943444e+01 2.834245e-01 -9.812599e-07
2.943444e+01 3.967448e-01 -1.580221e-06
2.943444e+01 5.552783e-01 -2.563006e-06
2.943444e+01 7.774819e-01 -3.955002e-06
2.943444e+01 1.088445e+00 -5.736043e-06
2.943444e+01 1.523711e+00 -8.261853e-06
2.943444e+01 2.088426e+00 -1.130460e-05
2.943444e+01 2.685505e+00 -1.252738e-05
3.004313e+01 1.570796e-02 3.246892e-11
3.004313e+01 2.346256e-02 1.497301e-10
3.004313e+01 3.503514e-02 7.826349e-10
3.004313e+01 5.263151e-02 1.687640e-09
3.004313e+01 7.314235e-02 2.538982e-09
3.004313e+01 1.025928e-01 5.005886e-09
3.004313e+01 1.448116e-01 7.287334e-09
3.004313e+01 2.023460e-01 1.088914e-08
3.004313e+01 2.834245e-01 1.775423e-08
3.004313e+01 3.967448e-01 2.748898e-08
3.004313e+01 5.552783e-01 4.138680e-08
3.004313e+01 7.774819e-01 5.771101e-08
3.004313e+01 1.088445e+00 7.194588e-08
3.004313e+01 1.523711e+00 7.98437e-08
3.004313e+01 2.088426e+00 7.564586e-08
3.004313e+01 2.685505e+00 5.485860e-08
3.066399e+01 1.570796e-02 2.806212e-11
3.066399e+01 2.346256e-02 1.288589e-10
3.066399e+01 3.503514e-02 6.728733e-10
3.066399e+01 5.263151e-02 1.459793e-09
3.066399e+01 7.314235e-02 2.189709e-09
3.066399e+01 1.025928e-01 4.327582e-09
3.066399e+01 1.448116e-01 6.302563e-09
3.066399e+01 2.023460e-01 9.437115e-09
3.066399e+01 2.834245e-01 1.545623e-08
3.066399e+01 3.967448e-01 2.395344e-08
3.066399e+01 5.552783e-01 3.617232e-08
3.066399e+01 7.774819e-01 5.072861e-08
3.066399e+01 1.088445e+00 6.408790e-08
3.066399e+01 1.523711e+00 7.312077e-08
3.066399e+01 2.088426e+00 7.259406e-08
3.066399e+01 2.685505e+00 5.712319e-08
3.129727e+01 1.570796e-02 2.358612e-11
3.129727e+01 2.346256e-02 1.078440e-10
3.129727e+01 3.503514e-02 5.634093e-10
3.129727e+01 5.263151e-02 1.229072e-09
3.129727e+01 7.314235e-02 1.839541e-09
3.129727e+01 1.025928e-01 3.642386e-09
3.129727e+01 1.448116e-01 5.309640e-09
3.129727e+01 2.023460e-01 7.971760e-09
3.129727e+01 2.834245e-01 1.311115e-08
3.129727e+01 3.967448e-01 2.033451e-08
3.129727e+01 5.552783e-01 3.078755e-08
3.129727e+01 7.774819e-01 4.341905e-08
3.129727e+01 1.088445e+00 5.559985e-08
3.129727e+01 1.523711e+00 6.528041e-08
3.129727e+01 2.088426e+00 6.810815e-08
3.129727e+01 2.685505e+00 5.842642e-08
3.194322e+01 1.570796e-02 1.908502e-11
3.194322e+01 2.346256e-02 8.728219e-11
3.194322e+01 3.503514e-02 4.553148e-10
3.194322e+01 5.263151e-02 9.984202e-10
3.194322e+01 7.314235e-02 1.489718e-09
3.194322e+01 1.025928e-01 2.959447e-09
3.194322e+01 1.448116e-01 4.318467e-09
3.194322e+01 2.023460e-01 6.500235e-09
3.194322e+01 2.834245e-01 1.073470e-08
3.194322e+01 3.967448e-01 1.665635e-08
3.194322e+01 5.552783e-01 2.52859e-08
3.194322e+01 7.774819e-01 3.584611e-08
3.194322e+01 1.088445e+00 4.653126e-08
3.194322e+01 1.523711e+00 5.623586e-08
3.194322e+01 2.088426e+00 6.179653e-08
3.194322e+01 2.685505e+00 5.774585e-08
3.260208e+01 1.570796e-02 1.467696e-11
3.260208e+01 2.346256e-02 6.687763e-11
3.260208e+01 3.503514e-02 3.49218e-10
3.260208e+01 5.263151e-02 7.687830e-10
3.260208e+01 7.314235e-02 1.145450e-09
3.260208e+01 1.025928e-01 2.280681e-09
3.260208e+01 1.448116e-01 3.333581e-09
3.260208e+01 2.023460e-01 5.030818e-09
3.260208e+01 2.834245e-01 8.338502e-09
3.260208e+01 3.967448e-01 1.294265e-08
3.260208e+01 5.552783e-01 1.968408e-08
3.260208e+01 7.774819e-01 2.805730e-08
3.260208e+01 1.088445e+00 3.690705e-08
3.260208e+01 1.523711e+00 4.592507e-08
3.260208e+01 2.088426e+00 5.330268e-08
3.260208e+01 2.685505e+00 5.422991e-08
3.327412e+01 1.570796e-02 1.028356e-11
3.327412e+01 2.346256e-02 4.684524e-11
3.327412e+01 3.503514e-02 2.448123e-10
3.327412e+01 5.263151e-02 5.416077e-10
3.327412e+01 7.314235e-02 8.056938e-10
3.327412e+01 1.025928e-01 1.608839e-09
3.327412e+01 1.448116e-01 2.355893e-09
3.327412e+01 2.023460e-01 3.564284e-09
3.327412e+01 2.834245e-01 5.928584e-09
3.327412e+01 3.967448e-01 9.209464e-09
3.327412e+01 5.552783e-01 1.403271e-08
3.327412e+01 7.774819e-01 2.008348e-08
3.327412e+01 1.088445e+00 2.680702e-08
3.327412e+01 1.523711e+00 3.432517e-08
3.327412e+01 2.088426e+00 4.214578e-08
3.327412e+01 2.685505e+00 4.659178e-08
3.395961e+01 1.570796e-02 6.193866e-12
3.395961e+01 2.346256e-02 2.839159e-11
3.395961e+01 3.503514e-02 1.488816e-10
3.395961e+01 5.263151e-02 3.294245e-10
3.395961e+01 7.314235e-02 4.897478e-10
3.395961e+01 1.025928e-01 9.784849e-10
3.395961e+01 1.448116e-01 1.435361e-09
3.395961e+01 2.023460e-01 2.167384e-09
3.395961e+01 2.834245e-01 3.599202e-09
3.395961e+01 3.967448e-01 5.554239e-09
3.395961e+01 5.552783e-01 8.437284e-09
3.395961e+01 7.774819e-01 1.207564e-08
3.395961e+01 1.088445e+00 1.626292e-08
3.395961e+01 1.523711e+00 2.137753e-08
3.395961e+01 2.088426e+00 2.762872e-08
3.395961e+01 2.685505e+00 3.277801e-08
3.46588e+01 1.570796e-02 2.110393e-12
3.46588e+01 2.346256e-02 7.929288e-12
3.46588e+01 3.503514e-02 4.568733e-11
3.46588e+01 5.263151e-02 1.052719e-10
3.46588e+01 7.314235e-02 1.560161e-10
3.46588e+01 1.025928e-01 3.065538e-10
3.46588e+01 1.448116e-01 4.535887e-10
3.46588e+01 2.023460e-01 6.914865e-10
3.46588e+01 2.834245e-01 1.161938e-09
3.46588e+01 3.967448e-01 1.799835e-09
3.46588e+01 5.552783e-01 2.754186e-09
3.46588e+01 7.774819e-01 3.963297e-09
3.46588e+01 1.088445e+00 5.408255e-09
3.46588e+01 1.523711e+00 7.273732e-09
3.46588e+01 2.088426e+00 9.879776e-09
3.46588e+01 2.685505e+00 1.260738e-08
3.537197e+01 1.570796e-02 0.e+00
3.537197e+01 2.346256e-02 0.e+00
3.537197e+01 3.503514e-02 0.e+00
3.537197e+01 5.263151e-02 0.e+00
3.537197e+01 7.314235e-02 0.e+00
3.537197e+01 1.025928e-01 0.e+00
3.537197e+01 1.448116e-01 0.e+00
3.537197e+01 2.023460e-01 0.e+00
3.537197e+01 2.834245e-01 0.e+00
3.537197e+01 3.967448e-01 0.e+00
3.537197e+01 5.552783e-01 0.e+00
3.537197e+01 7.774819e-01 0.e+00
3.537197e+01 1.088445e+00 0.e+00
3.537197e+01 1.523711e+00 0.e+00
3.537197e+01 2.088426e+00 0.e+00
3.537197e+01 2.685505e+00 0.e+00
