5.e+00 1.570796e-02 -1.13274e-04
5.e+00 2.346256e-02 -2.718861e-05
5.e+00 3.503514e-02 -3.482924e-05
5.e+00 5.263151e-02 -3.728107e-04
5.e+00 7.314235e-02 -3.522196e-04
5.e+00 1.025928e-01 -2.001488e-04
5.e+00 1.448116e-01 -1.328598e-04
5.e+00 2.023460e-01 -1.977396e-04
5.e+00 2.834245e-01 -1.446707e-04
5.e+00 3.967448e-01 -1.222851e-04
5.e+00 5.552783e-01 -1.413766e-04
5.e+00 7.774819e-01 -1.278275e-04
5.e+00 1.088445e+00 -1.211249e-04
5.e+00 1.523711e+00 -1.140126e-04
5.e+00 2.088426e+00 -1.202667e-04
5.e+00 2.685505e+00 -1.286824e-04
5.12e+00 1.570796e-02 -4.202768e-04
5.12e+00 2.346256e-02 -1.118904e-04
5.12e+00 3.503514e-02 -3.792175e-04
5.12e+00 5.263151e-02 -8.667458e-04
5.12e+00 7.314235e-02 -1.357661e-03
5.12e+00 1.025928e-01 -9.598334e-04
5.12e+00 1.448116e-01 -8.712627e-04
5.12e+00 2.023460e-01 -8.288451e-04
5.12e+00 2.834245e-01 -7.358004e-04
5.12e+00 3.967448e-01 -7.096227e-04
5.12e+00 5.552783e-01 -6.634129e-04
5.12e+00 7.774819e-01 -6.017229e-04
5.12e+00 1.088445e+00 -5.635425e-04
5.12e+00 1.523711e+00 -5.208753e-04
5.12e+00 2.088426e+00 -5.530266e-04
5.12e+00 2.685505e+00 -5.944276e-04
5.2424e+00 1.570796e-02 -8.848565e-04
5.2424e+00 2.346256e-02 -3.842204e-04
5.2424e+00 3.503514e-02 -1.101081e-03
5.2424e+00 5.263151e-02 -1.978616e-03
5.2424e+00 7.314235e-02 -3.011167e-03
5.2424e+00 1.025928e-01 -2.860772e-03
5.2424e+00 1.448116e-01 -2.860407e-03
5.2424e+00 2.023460e-01 -2.429903e-03
5.2424e+00 2.834245e-01 -2.509155e-03
5.2424e+00 3.967448e-01 -2.31069e-03
5.2424e+00 5.552783e-01 -2.105652e-03
5.2424e+00 7.774819e-01 -1.849257e-03
5.2424e+00 1.088445e+00 -1.719855e-03
5.2424e+00 1.523711e+00 -1.573984e-03
5.2424e+00 2.088426e+00 -1.663500e-03
5.2424e+00 2.685505e+00 -1.743233e-03
5.367248e+00 1.570796e-02 -1.22498e-03
5.367248e+00 2.346256e-02 -8.791106e-04
5.367248e+00 3.503514e-02 -1.881000e-03
5.367248e+00 5.263151e-02 -3.770551e-03
5.367248e+00 7.314235e-02 -5.569022e-03
5.367248e+00 1.025928e-01 -5.792523e-03
5.367248e+00 1.448116e-01 -6.025114e-03
5.367248e+00 2.023460e-01 -5.334871e-03
5.367248e+00 2.834245e-01 -5.514368e-03
5.367248e+00 3.967448e-01 -4.919271e-03
5.367248e+00 5.552783e-01 -4.505516e-03
5.367248e+00 7.774819e-01 -3.980650e-03
5.367248e+00 1.088445e+00 -3.577133e-03
5.367248e+00 1.523711e+00 -3.267338e-03
5.367248e+00 2.088426e+00 -3.383527e-03
5.367248e+00 2.685505e+00 -3.506779e-03
5.494593e+00 1.570796e-02 -1.48567e-03
5.494593e+00 2.346256e-02 -1.29771e-03
5.494593e+00 3.503514e-02 -2.572830e-03
5.494593e+00 5.263151e-02 -5.682355e-03
5.494593e+00 7.314235e-02 -8.61669e-03
5.494593e+00 1.025928e-01 -9.742467e-03
5.494593e+00 1.448116e-01 -1.029362e-02
5.494593e+00 2.023460e-01 -9.696172e-03
5.494593e+00 2.834245e-01 -1.003054e-02
5.494593e+00 3.967448e-01 -9.043551e-03
5.494593e+00 5.552783e-01 -8.145059e-03
5.494593e+00 7.774819e-01 -7.205176e-03
5.494593e+00 1.088445e+00 -6.294881e-03
5.494593e+00 1.523711e+00 -5.740689e-03
5.494593e+00 2.088426e+00 -5.894043e-03
5.494593e+00 2.685505e+00 -6.067709e-03
5.624485e+00 1.570796e-02 -1.486582e-03
5.624485e+00 2.346256e-02 -1.516731e-03
5.624485e+00 3.503514e-02 -2.907197e-03
5.624485e+00 5.263151e-02 -7.243283e-03
5.624485e+00 7.314235e-02 -1.116522e-02
5.624485e+00 1.025928e-01 -1.412452e-02
5.624485e+00 1.448116e-01 -1.524244e-02
5.624485e+00 2.023460e-01 -1.520973e-02
5.624485e+00 2.834245e-01 -1.528784e-02
5.624485e+00 3.967448e-01 -1.412453e-02
5.624485e+00 5.552783e-01 -1.257335e-02
5.624485e+00 7.774819e-01 -1.116449e-02
5.624485e+00 1.088445e+00 -9.759533e-03
5.624485e+00 1.523711e+00 -8.701594e-03
5.624485e+00 2.088426e+00 -8.910768e-03
5.624485e+00 2.685505e+00 -9.044123e-03
5.756975e+00 1.570796e-02 -1.423568e-03
5.756975e+00 2.346256e-02 -1.527633e-03
5.756975e+00 3.503514e-02 -3.018139e-03
5.756975e+00 5.263151e-02 -8.150826e-03
5.756975e+00 7.314235e-02 -1.343444e-02
5.756975e+00 1.025928e-01 -1.785322e-02
5.756975e+00 1.448116e-01 -1.976448e-02
5.756975e+00 2.023460e-01 -2.07688e-02
5.756975e+00 2.834245e-01 -2.072127e-02
5.756975e+00 3.967448e-01 -1.953104e-02
5.756975e+00 5.552783e-01 -1.74539e-02
5.756975e+00 7.774819e-01 -1.545127e-02
5.756975e+00 1.088445e+00 -1.340214e-02
5.756975e+00 1.523711e+00 -1.187736e-02
5.756975e+00 2.088426e+00 -1.202204e-02
5.756975e+00 2.685505e+00 -1.220877e-02
5.892114e+00 1.570796e-02 -1.370779e-03
5.892114e+00 2.346256e-02 -1.460362e-03
5.892114e+00 3.503514e-02 -3.00323e-03
5.892114e+00 5.263151e-02 -8.514422e-03
5.892114e+00 7.314235e-02 -1.464103e-02
5.892114e+00 1.025928e-01 -2.040459e-02
5.892114e+00 1.448116e-01 -2.347887e-02
5.892114e+00 2.023460e-01 -2.549616e-02
5.892114e+00 2.834245e-01 -2.589599e-02
5.892114e+00 3.967448e-01 -2.453735e-02
5.892114e+00 5.552783e-01 -2.210306e-02
5.892114e+00 7.774819e-01 -1.973744e-02
5.892114e+00 1.088445e+00 -1.701347e-02
5.892114e+00 1.523711e+00 -1.494398e-02
5.892114e+00 2.088426e+00 -1.499046e-02
5.892114e+00 2.685505e+00 -1.507220e-02
6.029956e+00 1.570796e-02 -1.286372e-03
6.029956e+00 2.346256e-02 -1.33351e-03
6.029956e+00 3.503514e-02 -2.891500e-03
6.029956e+00 5.263151e-02 -8.554179e-03
6.029956e+00 7.314235e-02 -1.490642e-02
6.029956e+00 1.025928e-01 -2.192892e-02
6.029956e+00 1.448116e-01 -2.604092e-02
6.029956e+00 2.023460e-01 -2.940848e-02
6.029956e+00 2.834245e-01 -3.044847e-02
6.029956e+00 3.967448e-01 -2.914229e-02
6.029956e+00 5.552783e-01 -2.660911e-02
6.029956e+00 7.774819e-01 -2.375169e-02
6.029956e+00 1.088445e+00 -2.039002e-02
6.029956e+00 1.523711e+00 -1.781723e-02
6.029956e+00 2.088426e+00 -1.770240e-02
6.029956e+00 2.685505e+00 -1.757499e-02
6.170555e+00 1.570796e-02 -1.178214e-03
6.170555e+00 2.346256e-02 -1.172228e-03
6.170555e+00 3.503514e-02 -2.754192e-03
6.170555e+00 5.263151e-02 -8.199709e-03
6.170555e+00 7.314235e-02 -1.452281e-02
6.170555e+00 1.025928e-01 -2.253449e-02
6.170555e+00 1.448116e-01 -2.751509e-02
6.170555e+00 2.023460e-01 -3.227928e-02
6.170555e+00 2.834245e-01 -3.428630e-02
6.170555e+00 3.967448e-01 -3.330827e-02
6.170555e+00 5.552783e-01 -3.060716e-02
6.170555e+00 7.774819e-01 -2.742314e-02
6.170555e+00 1.088445e+00 -2.356947e-02
6.170555e+00 1.523711e+00 -2.047556e-02
6.170555e+00 2.088426e+00 -2.010301e-02
6.170555e+00 2.685505e+00 -1.981254e-02
6.313967e+00 1.570796e-02 -1.068934e-03
6.313967e+00 2.346256e-02 -1.025388e-03
6.313967e+00 3.503514e-02 -2.618828e-03
6.313967e+00 5.263151e-02 -7.756767e-03
6.313967e+00 7.314235e-02 -1.38779e-02
6.313967e+00 1.025928e-01 -2.235261e-02
6.313967e+00 1.448116e-01 -2.817859e-02
6.313967e+00 2.023460e-01 -3.403582e-02
6.313967e+00 2.834245e-01 -3.718412e-02
6.313967e+00 3.967448e-01 -3.680828e-02
6.313967e+00 5.552783e-01 -3.405781e-02
6.313967e+00 7.774819e-01 -3.068284e-02
6.313967e+00 1.088445e+00 -2.631601e-02
6.313967e+00 1.523711e+00 -2.281262e-02
6.313967e+00 2.088426e+00 -2.231166e-02
6.313967e+00 2.685505e+00 -2.173028e-02
6.460246e+00 1.570796e-02 -9.879799e-04
6.460246e+00 2.346256e-02 -9.235624e-04
6.460246e+00 3.503514e-02 -2.466799e-03
6.460246e+00 5.263151e-02 -7.348769e-03
6.460246e+00 7.314235e-02 -1.312793e-02
6.460246e+00 1.025928e-01 -2.160076e-02
6.460246e+00 1.448116e-01 -2.800482e-02
6.460246e+00 2.023460e-01 -3.476708e-02
6.460246e+00 2.834245e-01 -3.904966e-02
6.460246e+00 3.967448e-01 -3.951526e-02
6.460246e+00 5.552783e-01 -3.696462e-02
6.460246e+00 7.774819e-01 -3.35107e-02
6.460246e+00 1.088445e+00 -2.875122e-02
6.460246e+00 1.523711e+00 -2.483233e-02
6.460246e+00 2.088426e+00 -2.414197e-02
6.460246e+00 2.685505e+00 -2.328691e-02
6.609451e+00 1.570796e-02 -9.339614e-04
6.609451e+00 2.346256e-02 -8.435548e-04
6.609451e+00 3.503514e-02 -2.272917e-03
6.609451e+00 5.263151e-02 -6.878922e-03
6.609451e+00 7.314235e-02 -1.226959e-02
6.609451e+00 1.025928e-01 -2.050416e-02
6.609451e+00 1.448116e-01 -2.72445e-02
6.609451e+00 2.023460e-01 -3.477370e-02
6.609451e+00 2.834245e-01 -4.014624e-02
6.609451e+00 3.967448e-01 -4.148433e-02
6.609451e+00 5.552783e-01 -3.934440e-02
6.609451e+00 7.774819e-01 -3.591069e-02
6.609451e+00 1.088445e+00 -3.08749e-02
6.609451e+00 1.523711e+00 -2.664349e-02
6.609451e+00 2.088426e+00 -2.577362e-02
6.609451e+00 2.685505e+00 -2.465710e-02
6.76164e+00 1.570796e-02 -8.655951e-04
6.76164e+00 2.346256e-02 -7.786496e-04
6.76164e+00 3.503514e-02 -2.083585e-03
6.76164e+00 5.263151e-02 -6.356900e-03
6.76164e+00 7.314235e-02 -1.129037e-02
6.76164e+00 1.025928e-01 -1.928312e-02
6.76164e+00 1.448116e-01 -2.614341e-02
6.76164e+00 2.023460e-01 -3.422962e-02
6.76164e+00 2.834245e-01 -4.045705e-02
6.76164e+00 3.967448e-01 -4.28236e-02
6.76164e+00 5.552783e-01 -4.116748e-02
6.76164e+00 7.774819e-01 -3.781140e-02
6.76164e+00 1.088445e+00 -3.267673e-02
6.76164e+00 1.523711e+00 -2.819299e-02
6.76164e+00 2.088426e+00 -2.713662e-02
6.76164e+00 2.685505e+00 -2.572445e-02
6.916873e+00 1.570796e-02 -7.979577e-04
6.916873e+00 2.346256e-02 -7.106638e-04
6.916873e+00 3.503514e-02 -1.8964e-03
6.916873e+00 5.263151e-02 -5.821497e-03
6.916873e+00 7.314235e-02 -1.032938e-02
6.916873e+00 1.025928e-01 -1.794477e-02
6.916873e+00 1.448116e-01 -2.474484e-02
6.916873e+00 2.023460e-01 -3.320272e-02
6.916873e+00 2.834245e-01 -4.010464e-02
6.916873e+00 3.967448e-01 -4.341044e-02
6.916873e+00 5.552783e-01 -4.237286e-02
6.916873e+00 7.774819e-01 -3.929895e-02
6.916873e+00 1.088445e+00 -3.4074e-02
6.916873e+00 1.523711e+00 -2.949162e-02
6.916873e+00 2.088426e+00 -2.829158e-02
6.916873e+00 2.685505e+00 -2.664346e-02
7.075210e+00 1.570796e-02 -7.317595e-04
7.075210e+00 2.346256e-02 -6.540054e-04
7.075210e+00 3.503514e-02 -1.726262e-03
7.075210e+00 5.263151e-02 -5.305397e-03
7.075210e+00 7.314235e-02 -9.391411e-03
7.075210e+00 1.025928e-01 -1.658486e-02
7.075210e+00 1.448116e-01 -2.317918e-02
7.075210e+00 2.023460e-01 -3.177804e-02
7.075210e+00 2.834245e-01 -3.920400e-02
7.075210e+00 3.967448e-01 -4.337352e-02
7.075210e+00 5.552783e-01 -4.304126e-02
7.075210e+00 7.774819e-01 -4.032472e-02
7.075210e+00 1.088445e+00 -3.519973e-02
7.075210e+00 1.523711e+00 -3.045361e-02
7.075210e+00 2.088426e+00 -2.91667e-02
7.075210e+00 2.685505e+00 -2.722628e-02
7.236714e+00 1.570796e-02 -6.695351e-04
7.236714e+00 2.346256e-02 -5.948404e-04
7.236714e+00 3.503514e-02 -1.574033e-03
7.236714e+00 5.263151e-02 -4.829730e-03
7.236714e+00 7.314235e-02 -8.545542e-03
7.236714e+00 1.025928e-01 -1.520814e-02
7.236714e+00 1.448116e-01 -2.148021e-02
7.236714e+00 2.023460e-01 -3.008744e-02
7.236714e+00 2.834245e-01 -3.791371e-02
7.236714e+00 3.967448e-01 -4.281174e-02
7.236714e+00 5.552783e-01 -4.31865e-02
7.236714e+00 7.774819e-01 -4.085469e-02
7.236714e+00 1.088445e+00 -3.592439e-02
7.236714e+00 1.523711e+00 -3.122440e-02
7.236714e+00 2.088426e+00 -2.984447e-02
7.236714e+00 2.685505e+00 -2.768095e-02
7.401449e+00 1.570796e-02 -6.155943e-04
7.401449e+00 2.346256e-02 -5.344378e-04
7.401449e+00 3.503514e-02 -1.424377e-03
7.401449e+00 5.263151e-02 -4.392936e-03
7.401449e+00 7.314235e-02 -7.808332e-03
7.401449e+00 1.025928e-01 -1.3885e-02
7.401449e+00 1.448116e-01 -1.980213e-02
7.401449e+00 2.023460e-01 -2.825597e-02
7.401449e+00 2.834245e-01 -3.626789e-02
7.401449e+00 3.967448e-01 -4.178576e-02
7.401449e+00 5.552783e-01 -4.286302e-02
7.401449e+00 7.774819e-01 -4.093255e-02
7.401449e+00 1.088445e+00 -3.625284e-02
7.401449e+00 1.523711e+00 -3.165164e-02
7.401449e+00 2.088426e+00 -3.031622e-02
7.401449e+00 2.685505e+00 -2.790489e-02
7.569477e+00 1.570796e-02 -5.630553e-04
7.569477e+00 2.346256e-02 -4.767767e-04
7.569477e+00 3.503514e-02 -1.288536e-03
7.569477e+00 5.263151e-02 -3.987336e-03
7.569477e+00 7.314235e-02 -7.113115e-03
7.569477e+00 1.025928e-01 -1.264735e-02
7.569477e+00 1.448116e-01 -1.814500e-02
7.569477e+00 2.023460e-01 -2.633398e-02
7.569477e+00 2.834245e-01 -3.436159e-02
7.569477e+00 3.967448e-01 -4.037802e-02
7.569477e+00 5.552783e-01 -4.205461e-02
7.569477e+00 7.774819e-01 -4.062031e-02
7.569477e+00 1.088445e+00 -3.629387e-02
7.569477e+00 1.523711e+00 -3.188160e-02
7.569477e+00 2.088426e+00 -3.052817e-02
7.569477e+00 2.685505e+00 -2.802838e-02
7.740867e+00 1.570796e-02 -5.133074e-04
7.740867e+00 2.346256e-02 -4.264004e-04
7.740867e+00 3.503514e-02 -1.166367e-03
7.740867e+00 5.263151e-02 -3.611295e-03
7.740867e+00 7.314235e-02 -6.490932e-03
7.740867e+00 1.025928e-01 -1.151163e-02
7.740867e+00 1.448116e-01 -1.655417e-02
7.740867e+00 2.023460e-01 -2.435604e-02
7.740867e+00 2.834245e-01 -3.229589e-02
7.740867e+00 3.967448e-01 -3.865196e-02
7.740867e+00 5.552783e-01 -4.092946e-02
7.740867e+00 7.774819e-01 -3.997142e-02
7.740867e+00 1.088445e+00 -3.601726e-02
7.740867e+00 1.523711e+00 -3.186467e-02
7.740867e+00 2.088426e+00 -3.057116e-02
7.740867e+00 2.685505e+00 -2.788614e-02
7.915684e+00 1.570796e-02 -4.662189e-04
7.915684e+00 2.346256e-02 -3.829063e-04
7.915684e+00 3.503514e-02 -1.050177e-03
7.915684e+00 5.263151e-02 -3.268119e-03
7.915684e+00 7.314235e-02 -5.908611e-03
7.915684e+00 1.025928e-01 -1.045443e-02
7.915684e+00 1.448116e-01 -1.506769e-02
7.915684e+00 2.023460e-01 -2.241992e-02
7.915684e+00 2.834245e-01 -3.01129e-02
7.915684e+00 3.967448e-01 -3.669737e-02
7.915684e+00 5.552783e-01 -3.944030e-02
7.915684e+00 7.774819e-01 -3.903899e-02
7.915684e+00 1.088445e+00 -3.550125e-02
7.915684e+00 1.523711e+00 -3.167633e-02
7.915684e+00 2.088426e+00 -3.041122e-02
7.915684e+00 2.685505e+00 -2.756402e-02
8.093998e+00 1.570796e-02 -4.235938e-04
8.093998e+00 2.346256e-02 -3.418982e-04
8.093998e+00 3.503514e-02 -9.501242e-04
8.093998e+00 5.263151e-02 -2.953612e-03
8.093998e+00 7.314235e-02 -5.355159e-03
8.093998e+00 1.025928e-01 -9.490047e-03
8.093998e+00 1.448116e-01 -1.370613e-02
8.093998e+00 2.023460e-01 -2.054086e-02
8.093998e+00 2.834245e-01 -2.790636e-02
8.093998e+00 3.967448e-01 -3.458487e-02
8.093998e+00 5.552783e-01 -3.773093e-02
8.093998e+00 7.774819e-01 -3.783405e-02
8.093998e+00 1.088445e+00 -3.475819e-02
8.093998e+00 1.523711e+00 -3.126583e-02
8.093998e+00 2.088426e+00 -3.009023e-02
8.093998e+00 2.685505e+00 -2.71381e-02
8.275878e+00 1.570796e-02 -3.81866e-04
8.275878e+00 2.346256e-02 -3.069032e-04
8.275878e+00 3.503514e-02 -8.538957e-04
8.275878e+00 5.263151e-02 -2.663293e-03
8.275878e+00 7.314235e-02 -4.848248e-03
8.275878e+00 1.025928e-01 -8.591864e-03
8.275878e+00 1.448116e-01 -1.243139e-02
8.275878e+00 2.023460e-01 -1.872779e-02
8.275878e+00 2.834245e-01 -2.572161e-02
8.275878e+00 3.967448e-01 -3.235501e-02
8.275878e+00 5.552783e-01 -3.580463e-02
8.275878e+00 7.774819e-01 -3.637866e-02
8.275878e+00 1.088445e+00 -3.380690e-02
8.275878e+00 1.523711e+00 -3.063279e-02
8.275878e+00 2.088426e+00 -2.962537e-02
8.275878e+00 2.685505e+00 -2.659043e-02
8.461396e+00 1.570796e-02 -3.446640e-04
8.461396e+00 2.346256e-02 -2.750047e-04
8.461396e+00 3.503514e-02 -7.667763e-04
8.461396e+00 5.263151e-02 -2.396562e-03
8.461396e+00 7.314235e-02 -4.36643e-03
8.461396e+00 1.025928e-01 -7.767375e-03
8.461396e+00 1.448116e-01 -1.124936e-02
8.461396e+00 2.023460e-01 -1.702832e-02
8.461396e+00 2.834245e-01 -2.358075e-02
8.461396e+00 3.967448e-01 -3.005818e-02
8.461396e+00 5.552783e-01 -3.372647e-02
8.461396e+00 7.774819e-01 -3.471419e-02
8.461396e+00 1.088445e+00 -3.263054e-02
8.461396e+00 1.523711e+00 -2.989574e-02
8.461396e+00 2.088426e+00 -2.898854e-02
8.461396e+00 2.685505e+00 -2.589369e-02
8.650623e+00 1.570796e-02 -3.109846e-04
8.650623e+00 2.346256e-02 -2.471415e-04
8.650623e+00 3.503514e-02 -6.866756e-04
8.650623e+00 5.263151e-02 -2.160001e-03
8.650623e+00 7.314235e-02 -3.927102e-03
8.650623e+00 1.025928e-01 -7.004577e-03
8.650623e+00 1.448116e-01 -1.016791e-02
8.650623e+00 2.023460e-01 -1.544064e-02
8.650623e+00 2.834245e-01 -2.15438e-02
8.650623e+00 3.967448e-01 -2.776038e-02
8.650623e+00 5.552783e-01 -3.159964e-02
8.650623e+00 7.774819e-01 -3.289625e-02
8.650623e+00 1.088445e+00 -3.132252e-02
8.650623e+00 1.523711e+00 -2.895355e-02
8.650623e+00 2.088426e+00 -2.824253e-02
8.650623e+00 2.685505e+00 -2.512437e-02
8.843636e+00 1.570796e-02 -2.794825e-04
8.843636e+00 2.346256e-02 -2.22539e-04
8.843636e+00 3.503514e-02 -6.160551e-04
8.843636e+00 5.263151e-02 -1.943132e-03
8.843636e+00 7.314235e-02 -3.524801e-03
8.843636e+00 1.025928e-01 -6.301426e-03
8.843636e+00 1.448116e-01 -9.166008e-03
8.843636e+00 2.023460e-01 -1.395844e-02
8.843636e+00 2.834245e-01 -1.959519e-02
8.843636e+00 3.967448e-01 -2.547724e-02
8.843636e+00 5.552783e-01 -2.940036e-02
8.843636e+00 7.774819e-01 -3.100731e-02
8.843636e+00 1.088445e+00 -2.986947e-02
8.843636e+00 1.523711e+00 -2.793535e-02
8.843636e+00 2.088426e+00 -2.737547e-02
8.843636e+00 2.685505e+00 -2.424413e-02
9.040509e+00 1.570796e-02 -2.508565e-04
9.040509e+00 2.346256e-02 -1.99088e-04
9.040509e+00 3.503514e-02 -5.516782e-04
9.040509e+00 5.263151e-02 -1.744151e-03
9.040509e+00 7.314235e-02 -3.157503e-03
9.040509e+00 1.025928e-01 -5.657242e-03
9.040509e+00 1.448116e-01 -8.247777e-03
9.040509e+00 2.023460e-01 -1.259420e-02
9.040509e+00 2.834245e-01 -1.776120e-02
9.040509e+00 3.967448e-01 -2.327772e-02
9.040509e+00 5.552783e-01 -2.718156e-02
9.040509e+00 7.774819e-01 -2.904416e-02
9.040509e+00 1.088445e+00 -2.832743e-02
9.040509e+00 1.523711e+00 -2.680272e-02
9.040509e+00 2.088426e+00 -2.643358e-02
9.040509e+00 2.685505e+00 -2.340675e-02
9.241319e+00 1.570796e-02 -2.245188e-04
9.241319e+00 2.346256e-02 -1.775305e-04
9.241319e+00 3.503514e-02 -4.928831e-04
9.241319e+00 5.263151e-02 -1.563277e-03
9.241319e+00 7.314235e-02 -2.826319e-03
9.241319e+00 1.025928e-01 -5.074535e-03
9.241319e+00 1.448116e-01 -7.405511e-03
9.241319e+00 2.023460e-01 -1.132929e-02
9.241319e+00 2.834245e-01 -1.602885e-02
9.241319e+00 3.967448e-01 -2.116062e-02
9.241319e+00 5.552783e-01 -2.50177e-02
9.241319e+00 7.774819e-01 -2.704867e-02
9.241319e+00 1.088445e+00 -2.671619e-02
9.241319e+00 1.523711e+00 -2.559022e-02
9.241319e+00 2.088426e+00 -2.538012e-02
9.241319e+00 2.685505e+00 -2.235969e-02
9.446145e+00 1.570796e-02 -2.019866e-04
9.446145e+00 2.346256e-02 -1.573851e-04
9.446145e+00 3.503514e-02 -4.399486e-04
9.446145e+00 5.263151e-02 -1.399645e-03
9.446145e+00 7.314235e-02 -2.522678e-03
9.446145e+00 1.025928e-01 -4.530311e-03
9.446145e+00 1.448116e-01 -6.624005e-03
9.446145e+00 2.023460e-01 -1.015223e-02
9.446145e+00 2.834245e-01 -1.440262e-02
9.446145e+00 3.967448e-01 -1.914815e-02
9.446145e+00 5.552783e-01 -2.288092e-02
9.446145e+00 7.774819e-01 -2.505362e-02
9.446145e+00 1.088445e+00 -2.503736e-02
9.446145e+00 1.523711e+00 -2.430050e-02
9.446145e+00 2.088426e+00 -2.419179e-02
9.446145e+00 2.685505e+00 -2.131684e-02
9.655068e+00 1.570796e-02 -1.795237e-04
9.655068e+00 2.346256e-02 -1.408912e-04
9.655068e+00 3.503514e-02 -3.903090e-04
9.655068e+00 5.263151e-02 -1.245110e-03
9.655068e+00 7.314235e-02 -2.244446e-03
9.655068e+00 1.025928e-01 -4.033631e-03
9.655068e+00 1.448116e-01 -5.901943e-03
9.655068e+00 2.023460e-01 -9.056158e-03
9.655068e+00 2.834245e-01 -1.288142e-02
9.655068e+00 3.967448e-01 -1.723696e-02
9.655068e+00 5.552783e-01 -2.081485e-02
9.655068e+00 7.774819e-01 -2.305613e-02
9.655068e+00 1.088445e+00 -2.332506e-02
9.655068e+00 1.523711e+00 -2.292414e-02
9.655068e+00 2.088426e+00 -2.296855e-02
9.655068e+00 2.685505e+00 -2.017625e-02
9.86817e+00 1.570796e-02 -1.588435e-04
9.86817e+00 2.346256e-02 -1.243066e-04
9.86817e+00 3.503514e-02 -3.465155e-04
9.86817e+00 5.263151e-02 -1.102941e-03
9.86817e+00 7.314235e-02 -1.98763e-03
9.86817e+00 1.025928e-01 -3.579519e-03
9.86817e+00 1.448116e-01 -5.245761e-03
9.86817e+00 2.023460e-01 -8.043976e-03
9.86817e+00 2.834245e-01 -1.146273e-02
9.86817e+00 3.967448e-01 -1.544672e-02
9.86817e+00 5.552783e-01 -1.882481e-02
9.86817e+00 7.774819e-01 -2.110328e-02
9.86817e+00 1.088445e+00 -2.162574e-02
9.86817e+00 1.523711e+00 -2.149422e-02
9.86817e+00 2.088426e+00 -2.170828e-02
9.86817e+00 2.685505e+00 -1.904301e-02
1.008553e+01 1.570796e-02 -1.394653e-04
1.008553e+01 2.346256e-02 -1.104836e-04
1.008553e+01 3.503514e-02 -3.063435e-04
1.008553e+01 5.263151e-02 -9.726427e-04
1.008553e+01 7.314235e-02 -1.755463e-03
1.008553e+01 1.025928e-01 -3.167782e-03
1.008553e+01 1.448116e-01 -4.642184e-03
1.008553e+01 2.023460e-01 -7.129891e-03
1.008553e+01 2.834245e-01 -1.017719e-02
1.008553e+01 3.967448e-01 -1.377422e-02
1.008553e+01 5.552783e-01 -1.692415e-02
1.008553e+01 7.774819e-01 -1.921085e-02
1.008553e+01 1.088445e+00 -1.992983e-02
1.008553e+01 1.523711e+00 -2.008466e-02
1.008553e+01 2.088426e+00 -2.041762e-02
1.008553e+01 2.685505e+00 -1.787591e-02
1.030724e+01 1.570796e-02 -1.225756e-04
1.030724e+01 2.346256e-02 -9.781142e-05
1.030724e+01 3.503514e-02 -2.692714e-04
1.030724e+01 5.263151e-02 -8.576542e-04
1.030724e+01 7.314235e-02 -1.545871e-03
1.030724e+01 1.025928e-01 -2.795406e-03
1.030724e+01 1.448116e-01 -4.094291e-03
1.030724e+01 2.023460e-01 -6.298732e-03
1.030724e+01 2.834245e-01 -8.994411e-03
1.030724e+01 3.967448e-01 -1.223304e-02
1.030724e+01 5.552783e-01 -1.515284e-02
1.030724e+01 7.774819e-01 -1.739001e-02
1.030724e+01 1.088445e+00 -1.825257e-02
1.030724e+01 1.523711e+00 -1.866882e-02
1.030724e+01 2.088426e+00 -1.90992e-02
1.030724e+01 2.685505e+00 -1.671215e-02
1.053339e+01 1.570796e-02 -1.078445e-04
1.053339e+01 2.346256e-02 -8.608539e-05
1.053339e+01 3.503514e-02 -2.364345e-04
1.053339e+01 5.263151e-02 -7.55317e-04
1.053339e+01 7.314235e-02 -1.352526e-03
1.053339e+01 1.025928e-01 -2.460507e-03
1.053339e+01 1.448116e-01 -3.598167e-03
1.053339e+01 2.023460e-01 -5.545172e-03
1.053339e+01 2.834245e-01 -7.926991e-03
1.053339e+01 3.967448e-01 -1.081862e-02
1.053339e+01 5.552783e-01 -1.349546e-02
1.053339e+01 7.774819e-01 -1.564142e-02
1.053339e+01 1.088445e+00 -1.662158e-02
1.053339e+01 1.523711e+00 -1.722508e-02
1.053339e+01 2.088426e+00 -1.7736e-02
1.053339e+01 2.685505e+00 -1.551163e-02
1.076406e+01 1.570796e-02 -9.469519e-05
1.076406e+01 2.346256e-02 -7.556093e-05
1.076406e+01 3.503514e-02 -2.053415e-04
1.076406e+01 5.263151e-02 -6.614930e-04
1.076406e+01 7.314235e-02 -1.185501e-03
1.076406e+01 1.025928e-01 -2.157082e-03
1.076406e+01 1.448116e-01 -3.152790e-03
1.076406e+01 2.023460e-01 -4.864553e-03
1.076406e+01 2.834245e-01 -6.963214e-03
1.076406e+01 3.967448e-01 -9.527209e-03
1.076406e+01 5.552783e-01 -1.195146e-02
1.076406e+01 7.774819e-01 -1.40011e-02
1.076406e+01 1.088445e+00 -1.507281e-02
1.076406e+01 1.523711e+00 -1.583939e-02
1.076406e+01 2.088426e+00 -1.640855e-02
1.076406e+01 2.685505e+00 -1.435039e-02
1.099934e+01 1.570796e-02 -8.302285e-05
1.099934e+01 2.346256e-02 -6.607511e-05
1.099934e+01 3.503514e-02 -1.790885e-04
1.099934e+01 5.263151e-02 -5.748940e-04
1.099934e+01 7.314235e-02 -1.031107e-03
1.099934e+01 1.025928e-01 -1.87989e-03
1.099934e+01 1.448116e-01 -2.745916e-03
1.099934e+01 2.023460e-01 -4.252402e-03
1.099934e+01 2.834245e-01 -6.084785e-03
1.099934e+01 3.967448e-01 -8.347427e-03
1.099934e+01 5.552783e-01 -1.052836e-02
1.099934e+01 7.774819e-01 -1.245327e-02
1.099934e+01 1.088445e+00 -1.358132e-02
1.099934e+01 1.523711e+00 -1.448562e-02
1.099934e+01 2.088426e+00 -1.511233e-02
1.099934e+01 2.685505e+00 -1.324647e-02
1.123932e+01 1.570796e-02 -7.170030e-05
1.123932e+01 2.346256e-02 -5.729351e-05
1.123932e+01 3.503514e-02 -1.545652e-04
1.123932e+01 5.263151e-02 -5.000670e-04
1.123932e+01 7.314235e-02 -8.969042e-04
1.123932e+01 1.025928e-01 -1.635007e-03
1.123932e+01 1.448116e-01 -2.389417e-03
1.123932e+01 2.023460e-01 -3.699803e-03
1.123932e+01 2.834245e-01 -5.299046e-03
1.123932e+01 3.967448e-01 -7.291298e-03
1.123932e+01 5.552783e-01 -9.235664e-03
1.123932e+01 7.774819e-01 -1.102160e-02
1.123932e+01 1.088445e+00 -1.216777e-02
1.123932e+01 1.523711e+00 -1.314396e-02
1.123932e+01 2.088426e+00 -1.379896e-02
1.123932e+01 2.685505e+00 -1.211185e-02
1.148411e+01 1.570796e-02 -6.189696e-05
1.148411e+01 2.346256e-02 -5.041201e-05
1.148411e+01 3.503514e-02 -1.328768e-04
1.148411e+01 5.263151e-02 -4.338413e-04
1.148411e+01 7.314235e-02 -7.787424e-04
1.148411e+01 1.025928e-01 -1.416663e-03
1.148411e+01 1.448116e-01 -2.072317e-03
1.148411e+01 2.023460e-01 -3.211504e-03
1.148411e+01 2.834245e-01 -4.603453e-03
1.148411e+01 3.967448e-01 -6.341460e-03
1.148411e+01 5.552783e-01 -8.073059e-03
1.148411e+01 7.774819e-01 -9.724571e-03
1.148411e+01 1.088445e+00 -1.085432e-02
1.148411e+01 1.523711e+00 -1.185729e-02
1.148411e+01 2.088426e+00 -1.256002e-02
1.148411e+01 2.685505e+00 -1.105510e-02
1.173379e+01 1.570796e-02 -5.27277e-05
1.173379e+01 2.346256e-02 -4.341078e-05
1.173379e+01 3.503514e-02 -1.137975e-04
1.173379e+01 5.263151e-02 -3.738146e-04
1.173379e+01 7.314235e-02 -6.690431e-04
1.173379e+01 1.025928e-01 -1.221417e-03
1.173379e+01 1.448116e-01 -1.78699e-03
1.173379e+01 2.023460e-01 -2.767086e-03
1.173379e+01 2.834245e-01 -3.968880e-03
1.173379e+01 3.967448e-01 -5.47107e-03
1.173379e+01 5.552783e-01 -7.005357e-03
1.173379e+01 7.774819e-01 -8.507904e-03
1.173379e+01 1.088445e+00 -9.62993e-03
1.173379e+01 1.523711e+00 -1.067179e-02
1.173379e+01 2.088426e+00 -1.141590e-02
1.173379e+01 2.685505e+00 -1.009651e-02
1.198847e+01 1.570796e-02 -4.461358e-05
1.198847e+01 2.346256e-02 -3.733474e-05
1.198847e+01 3.503514e-02 -9.666620e-05
1.198847e+01 5.263151e-02 -3.195720e-04
1.198847e+01 7.314235e-02 -5.744691e-04
1.198847e+01 1.025928e-01 -1.050439e-03
1.198847e+01 1.448116e-01 -1.535226e-03
1.198847e+01 2.023460e-01 -2.379557e-03
1.198847e+01 2.834245e-01 -3.407951e-03
1.198847e+01 3.967448e-01 -4.715544e-03
1.198847e+01 5.552783e-01 -6.05673e-03
1.198847e+01 7.774819e-01 -7.41144e-03
1.198847e+01 1.088445e+00 -8.496819e-03
1.198847e+01 1.523711e+00 -9.548404e-03
1.198847e+01 2.088426e+00 -1.029588e-02
1.198847e+01 2.685505e+00 -9.143647e-03
1.224824e+01 1.570796e-02 -3.829745e-05
1.224824e+01 2.346256e-02 -3.184606e-05
1.224824e+01 3.503514e-02 -8.212215e-05
1.224824e+01 5.263151e-02 -2.724555e-04
1.224824e+01 7.314235e-02 -4.909827e-04
1.224824e+01 1.025928e-01 -8.971099e-04
1.224824e+01 1.448116e-01 -1.313343e-03
1.224824e+01 2.023460e-01 -2.036405e-03
1.224824e+01 2.834245e-01 -2.915983e-03
1.224824e+01 3.967448e-01 -4.040266e-03
1.224824e+01 5.552783e-01 -5.213279e-03
1.224824e+01 7.774819e-01 -6.421485e-03
1.224824e+01 1.088445e+00 -7.448492e-03
1.224824e+01 1.523711e+00 -8.481766e-03
1.224824e+01 2.088426e+00 -9.208593e-03
1.224824e+01 2.685505e+00 -8.188724e-03
1.251320e+01 1.570796e-02 -3.226119e-05
1.251320e+01 2.346256e-02 -2.757749e-05
1.251320e+01 3.503514e-02 -6.914828e-05
1.251320e+01 5.263151e-02 -2.303259e-04
1.251320e+01 7.314235e-02 -4.151447e-04
1.251320e+01 1.025928e-01 -7.617697e-04
1.251320e+01 1.448116e-01 -1.116717e-03
1.251320e+01 2.023460e-01 -1.732469e-03
1.251320e+01 2.834245e-01 -2.479857e-03
1.251320e+01 3.967448e-01 -3.437216e-03
1.251320e+01 5.552783e-01 -4.453767e-03
1.251320e+01 7.774819e-01 -5.534427e-03
1.251320e+01 1.088445e+00 -6.494290e-03
1.251320e+01 1.523711e+00 -7.484731e-03
1.251320e+01 2.088426e+00 -8.191849e-03
1.251320e+01 2.685505e+00 -7.301765e-03
1.278347e+01 1.570796e-02 -2.719103e-05
1.278347e+01 2.346256e-02 -2.33683e-05
1.278347e+01 3.503514e-02 -5.883213e-05
1.278347e+01 5.263151e-02 -1.940592e-04
1.278347e+01 7.314235e-02 -3.502388e-04
1.278347e+01 1.025928e-01 -6.458847e-04
1.278347e+01 1.448116e-01 -9.463177e-04
1.278347e+01 2.023460e-01 -1.466895e-03
1.278347e+01 2.834245e-01 -2.101377e-03
1.278347e+01 3.967448e-01 -2.917619e-03
1.278347e+01 5.552783e-01 -3.800023e-03
1.278347e+01 7.774819e-01 -4.7542e-03
1.278347e+01 1.088445e+00 -5.643914e-03
1.278347e+01 1.523711e+00 -6.569014e-03
1.278347e+01 2.088426e+00 -7.243807e-03
1.278347e+01 2.685505e+00 -6.48585e-03
1.305914e+01 1.570796e-02 -2.299025e-05
1.305914e+01 2.346256e-02 -1.998311e-05
1.305914e+01 3.503514e-02 -4.926838e-05
1.305914e+01 5.263151e-02 -1.634071e-04
1.305914e+01 7.314235e-02 -2.939475e-04
1.305914e+01 1.025928e-01 -5.443505e-04
1.305914e+01 1.448116e-01 -7.983974e-04
1.305914e+01 2.023460e-01 -1.235436e-03
1.305914e+01 2.834245e-01 -1.76965e-03
1.305914e+01 3.967448e-01 -2.467134e-03
1.305914e+01 5.552783e-01 -3.220357e-03
1.305914e+01 7.774819e-01 -4.059845e-03
1.305914e+01 1.088445e+00 -4.867696e-03
1.305914e+01 1.523711e+00 -5.708208e-03
1.305914e+01 2.088426e+00 -6.323217e-03
1.305914e+01 2.685505e+00 -5.651331e-03
1.334032e+01 1.570796e-02 -1.910499e-05
1.334032e+01 2.346256e-02 -1.656518e-05
1.334032e+01 3.503514e-02 -4.085121e-05
1.334032e+01 5.263151e-02 -1.378340e-04
1.334032e+01 7.314235e-02 -2.465805e-04
1.334032e+01 1.025928e-01 -4.552813e-04
1.334032e+01 1.448116e-01 -6.699724e-04
1.334032e+01 2.023460e-01 -1.036679e-03
1.334032e+01 2.834245e-01 -1.485017e-03
1.334032e+01 3.967448e-01 -2.075732e-03
1.334032e+01 5.552783e-01 -2.713255e-03
1.334032e+01 7.774819e-01 -3.441299e-03
1.334032e+01 1.088445e+00 -4.171366e-03
1.334032e+01 1.523711e+00 -4.930489e-03
1.334032e+01 2.088426e+00 -5.483367e-03
1.334032e+01 2.685505e+00 -4.927472e-03
1.362713e+01 1.570796e-02 -1.595974e-05
1.362713e+01 2.346256e-02 -1.403927e-05
1.362713e+01 3.503514e-02 -3.410626e-05
1.362713e+01 5.263151e-02 -1.145743e-04
1.362713e+01 7.314235e-02 -2.053958e-04
1.362713e+01 1.025928e-01 -3.81577e-04
1.362713e+01 1.448116e-01 -5.592152e-04
1.362713e+01 2.023460e-01 -8.671215e-04
1.362713e+01 2.834245e-01 -1.243271e-03
1.362713e+01 3.967448e-01 -1.739869e-03
1.362713e+01 5.552783e-01 -2.278483e-03
1.362713e+01 7.774819e-01 -2.906425e-03
1.362713e+01 1.088445e+00 -3.561796e-03
1.362713e+01 1.523711e+00 -4.239669e-03
1.362713e+01 2.088426e+00 -4.730105e-03
1.362713e+01 2.685505e+00 -4.262564e-03
1.391967e+01 1.570796e-02 -1.336056e-05
1.391967e+01 2.346256e-02 -1.168455e-05
1.391967e+01 3.503514e-02 -2.782213e-05
1.391967e+01 5.263151e-02 -9.506591e-05
1.391967e+01 7.314235e-02 -1.715826e-04
1.391967e+01 1.025928e-01 -3.173845e-04
1.391967e+01 1.448116e-01 -4.654889e-04
1.391967e+01 2.023460e-01 -7.207207e-04
1.391967e+01 2.834245e-01 -1.033153e-03
1.391967e+01 3.967448e-01 -1.449987e-03
1.391967e+01 5.552783e-01 -1.903886e-03
1.391967e+01 7.774819e-01 -2.445457e-03
1.391967e+01 1.088445e+00 -3.017914e-03
1.391967e+01 1.523711e+00 -3.610271e-03
1.391967e+01 2.088426e+00 -4.038678e-03
1.391967e+01 2.685505e+00 -3.620554e-03
1.421806e+01 1.570796e-02 -1.094576e-05
1.421806e+01 2.346256e-02 -9.596996e-06
1.421806e+01 3.503514e-02 -2.305865e-05
1.421806e+01 5.263151e-02 -7.812678e-05
1.421806e+01 7.314235e-02 -1.423418e-04
1.421806e+01 1.025928e-01 -2.617524e-04
1.421806e+01 1.448116e-01 -3.846660e-04
1.421806e+01 2.023460e-01 -5.936405e-04
1.421806e+01 2.834245e-01 -8.526455e-04
1.421806e+01 3.967448e-01 -1.200733e-03
1.421806e+01 5.552783e-01 -1.578485e-03
1.421806e+01 7.774819e-01 -2.044485e-03
1.421806e+01 1.088445e+00 -2.534946e-03
1.421806e+01 1.523711e+00 -3.046622e-03
1.421806e+01 2.088426e+00 -3.412464e-03
1.421806e+01 2.685505e+00 -3.052631e-03
1.452242e+01 1.570796e-02 -8.941145e-06
1.452242e+01 2.346256e-02 -7.825150e-06
1.452242e+01 3.503514e-02 -1.875749e-05
1.452242e+01 5.263151e-02 -6.402709e-05
1.452242e+01 7.314235e-02 -1.166166e-04
1.452242e+01 1.025928e-01 -2.143430e-04
1.452242e+01 1.448116e-01 -3.145456e-04
1.452242e+01 2.023460e-01 -4.858708e-04
1.452242e+01 2.834245e-01 -7.002864e-04
1.452242e+01 3.967448e-01 -9.863573e-04
1.452242e+01 5.552783e-01 -1.302499e-03
1.452242e+01 7.774819e-01 -1.697558e-03
1.452242e+01 1.088445e+00 -2.120515e-03
1.452242e+01 1.523711e+00 -2.559269e-03
1.452242e+01 2.088426e+00 -2.867427e-03
1.452242e+01 2.685505e+00 -2.553522e-03
1.483287e+01 1.570796e-02 -7.292903e-06
1.483287e+01 2.346256e-02 -6.512428e-06
1.483287e+01 3.503514e-02 -1.510624e-05
1.483287e+01 5.263151e-02 -5.201735e-05
1.483287e+01 7.314235e-02 -9.497868e-05
1.483287e+01 1.025928e-01 -1.728423e-04
1.483287e+01 1.448116e-01 -2.561871e-04
1.483287e+01 2.023460e-01 -3.963984e-04
1.483287e+01 2.834245e-01 -5.693934e-04
1.483287e+01 3.967448e-01 -8.037447e-04
1.483287e+01 5.552783e-01 -1.069038e-03
1.483287e+01 7.774819e-01 -1.402164e-03
1.483287e+01 1.088445e+00 -1.758101e-03
1.483287e+01 1.523711e+00 -2.131585e-03
1.483287e+01 2.088426e+00 -2.390991e-03
1.483287e+01 2.685505e+00 -2.102952e-03
1.514953e+01 1.570796e-02 -5.895622e-06
1.514953e+01 2.346256e-02 -5.329783e-06
1.514953e+01 3.503514e-02 -1.211137e-05
1.514953e+01 5.263151e-02 -4.205182e-05
1.514953e+01 7.314235e-02 -7.696230e-05
1.514953e+01 1.025928e-01 -1.39295e-04
1.514953e+01 1.448116e-01 -2.071275e-04
1.514953e+01 2.023460e-01 -3.207421e-04
1.514953e+01 2.834245e-01 -4.618377e-04
1.514953e+01 3.967448e-01 -6.520647e-04
1.514953e+01 5.552783e-01 -8.723665e-04
1.514953e+01 7.774819e-01 -1.149724e-03
1.514953e+01 1.088445e+00 -1.447176e-03
1.514953e+01 1.523711e+00 -1.75919e-03
1.514953e+01 2.088426e+00 -1.972871e-03
1.514953e+01 2.685505e+00 -1.725334e-03
1.547252e+01 1.570796e-02 -4.802486e-06
1.547252e+01 2.346256e-02 -4.327368e-06
1.547252e+01 3.503514e-02 -9.679184e-06
1.547252e+01 5.263151e-02 -3.382673e-05
1.547252e+01 7.314235e-02 -6.182851e-05
1.547252e+01 1.025928e-01 -1.118245e-04
1.547252e+01 1.448116e-01 -1.659097e-04
1.547252e+01 2.023460e-01 -2.570513e-04
1.547252e+01 2.834245e-01 -3.710495e-04
1.547252e+01 3.967448e-01 -5.250132e-04
1.547252e+01 5.552783e-01 -7.068131e-04
1.547252e+01 7.774819e-01 -9.374198e-04
1.547252e+01 1.088445e+00 -1.185325e-03
1.547252e+01 1.523711e+00 -1.443854e-03
1.547252e+01 2.088426e+00 -1.611064e-03
1.547252e+01 2.685505e+00 -1.390938e-03
1.580197e+01 1.570796e-02 -3.830983e-06
1.580197e+01 2.346256e-02 -3.400439e-06
1.580197e+01 3.503514e-02 -7.73843e-06
1.580197e+01 5.263151e-02 -2.724122e-05
1.580197e+01 7.314235e-02 -4.961823e-05
1.580197e+01 1.025928e-01 -8.890911e-05
1.580197e+01 1.448116e-01 -1.326157e-04
1.580197e+01 2.023460e-01 -2.055637e-04
1.580197e+01 2.834245e-01 -2.970534e-04
1.580197e+01 3.967448e-01 -4.202470e-04
1.580197e+01 5.552783e-01 -5.693567e-04
1.580197e+01 7.774819e-01 -7.604695e-04
1.580197e+01 1.088445e+00 -9.660537e-04
1.580197e+01 1.523711e+00 -1.179463e-03
1.580197e+01 2.088426e+00 -1.3086e-03
1.580197e+01 2.685505e+00 -1.115329e-03
1.613801e+01 1.570796e-02 -2.997526e-06
1.613801e+01 2.346256e-02 -2.629085e-06
1.613801e+01 3.503514e-02 -6.057345e-06
1.613801e+01 5.263151e-02 -2.160882e-05
1.613801e+01 7.314235e-02 -3.922356e-05
1.613801e+01 1.025928e-01 -7.025504e-05
1.613801e+01 1.448116e-01 -1.047375e-04
1.613801e+01 2.023460e-01 -1.624019e-04
1.613801e+01 2.834245e-01 -2.347556e-04
1.613801e+01 3.967448e-01 -3.331871e-04
1.613801e+01 5.552783e-01 -4.559642e-04
1.613801e+01 7.774819e-01 -6.094093e-04
1.613801e+01 1.088445e+00 -7.794060e-04
1.613801e+01 1.523711e+00 -9.501973e-04
1.613801e+01 2.088426e+00 -1.045425e-03
1.613801e+01 2.685505e+00 -8.727896e-04
1.648077e+01 1.570796e-02 -2.332935e-06
1.648077e+01 2.346256e-02 -2.0088e-06
1.648077e+01 3.503514e-02 -4.814638e-06
1.648077e+01 5.263151e-02 -1.713251e-05
1.648077e+01 7.314235e-02 -3.056856e-05
1.648077e+01 1.025928e-01 -5.503837e-05
1.648077e+01 1.448116e-01 -8.170578e-05
1.648077e+01 2.023460e-01 -1.271467e-04
1.648077e+01 2.834245e-01 -1.840241e-04
1.648077e+01 3.967448e-01 -2.61524e-04
1.648077e+01 5.552783e-01 -3.614428e-04
1.648077e+01 7.774819e-01 -4.855077e-04
1.648077e+01 1.088445e+00 -6.228521e-04
1.648077e+01 1.523711e+00 -7.632393e-04
1.648077e+01 2.088426e+00 -8.349759e-04
1.648077e+01 2.685505e+00 -6.814580e-04
1.683038e+01 1.570796e-02 -1.840815e-06
1.683038e+01 2.346256e-02 -1.465258e-06
1.683038e+01 3.503514e-02 -3.659435e-06
1.683038e+01 5.263151e-02 -1.321887e-05
1.683038e+01 7.314235e-02 -2.345763e-05
1.683038e+01 1.025928e-01 -4.269929e-05
1.683038e+01 1.448116e-01 -6.320255e-05
1.683038e+01 2.023460e-01 -9.854977e-05
1.683038e+01 2.834245e-01 -1.430372e-04
1.683038e+01 3.967448e-01 -2.038061e-04
1.683038e+01 5.552783e-01 -2.830940e-04
1.683038e+01 7.774819e-01 -3.825577e-04
1.683038e+01 1.088445e+00 -4.934393e-04
1.683038e+01 1.523711e+00 -6.087623e-04
1.683038e+01 2.088426e+00 -6.629790e-04
1.683038e+01 2.685505e+00 -5.157042e-04
1.718699e+01 1.570796e-02 -1.427359e-06
1.718699e+01 2.346256e-02 -1.140944e-06
1.718699e+01 3.503514e-02 -2.815630e-06
1.718699e+01 5.263151e-02 -1.011142e-05
1.718699e+01 7.314235e-02 -1.781008e-05
1.718699e+01 1.025928e-01 -3.270643e-05
1.718699e+01 1.448116e-01 -4.792367e-05
1.718699e+01 2.023460e-01 -7.533507e-05
1.718699e+01 2.834245e-01 -1.093336e-04
1.718699e+01 3.967448e-01 -1.562754e-04
1.718699e+01 5.552783e-01 -2.188284e-04
1.718699e+01 7.774819e-01 -2.985326e-04
1.718699e+01 1.088445e+00 -3.874759e-04
1.718699e+01 1.523711e+00 -4.818643e-04
1.718699e+01 2.088426e+00 -5.201206e-04
1.718699e+01 2.685505e+00 -3.904513e-04
1.755073e+01 1.570796e-02 -1.098838e-06
1.755073e+01 2.346256e-02 -8.580571e-07
1.755073e+01 3.503514e-02 -2.088626e-06
1.755073e+01 5.263151e-02 -7.702609e-06
1.755073e+01 7.314235e-02 -1.360844e-05
1.755073e+01 1.025928e-01 -2.487353e-05
1.755073e+01 1.448116e-01 -3.635115e-05
1.755073e+01 2.023460e-01 -5.686597e-05
1.755073e+01 2.834245e-01 -8.288717e-05
1.755073e+01 3.967448e-01 -1.185950e-04
1.755073e+01 5.552783e-01 -1.681533e-04
1.755073e+01 7.774819e-01 -2.305105e-04
1.755073e+01 1.088445e+00 -3.019558e-04
1.755073e+01 1.523711e+00 -3.789981e-04
1.755073e+01 2.088426e+00 -4.096447e-04
1.755073e+01 2.685505e+00 -3.019011e-04
1.792175e+01 1.570796e-02 -8.325658e-07
1.792175e+01 2.346256e-02 -6.294342e-07
1.792175e+01 3.503514e-02 -1.578209e-06
1.792175e+01 5.263151e-02 -5.736341e-06
1.792175e+01 7.314235e-02 -1.019712e-05
1.792175e+01 1.025928e-01 -1.855893e-05
1.792175e+01 1.448116e-01 -2.703439e-05
1.792175e+01 2.023460e-01 -4.221691e-05
1.792175e+01 2.834245e-01 -6.213487e-05
1.792175e+01 3.967448e-01 -8.850760e-05
1.792175e+01 5.552783e-01 -1.265870e-04
1.792175e+01 7.774819e-01 -1.756931e-04
1.792175e+01 1.088445e+00 -2.316773e-04
1.792175e+01 1.523711e+00 -2.954343e-04
1.792175e+01 2.088426e+00 -3.211403e-04
1.792175e+01 2.685505e+00 -2.354606e-04
1.830018e+01 1.570796e-02 -6.13621e-07
1.830018e+01 2.346256e-02 -4.776539e-07
1.830018e+01 3.503514e-02 -1.151174e-06
1.830018e+01 5.263151e-02 -4.146889e-06
1.830018e+01 7.314235e-02 -7.387982e-06
1.830018e+01 1.025928e-01 -1.351402e-05
1.830018e+01 1.448116e-01 -1.950861e-05
1.830018e+01 2.023460e-01 -3.063242e-05
1.830018e+01 2.834245e-01 -4.492278e-05
1.830018e+01 3.967448e-01 -6.453969e-05
1.830018e+01 5.552783e-01 -9.277086e-05
1.830018e+01 7.774819e-01 -1.300011e-04
1.830018e+01 1.088445e+00 -1.739249e-04
1.830018e+01 1.523711e+00 -2.248920e-04
1.830018e+01 2.088426e+00 -2.473361e-04
1.830018e+01 2.685505e+00 -1.798673e-04
1.868618e+01 1.570796e-02 -4.44631e-07
1.868618e+01 2.346256e-02 -3.596095e-07
1.868618e+01 3.503514e-02 -8.291142e-07
1.868618e+01 5.263151e-02 -2.961712e-06
1.868618e+01 7.314235e-02 -5.314843e-06
1.868618e+01 1.025928e-01 -9.674692e-06
1.868618e+01 1.448116e-01 -1.393828e-05
1.868618e+01 2.023460e-01 -2.20378e-05
1.868618e+01 2.834245e-01 -3.217764e-05
1.868618e+01 3.967448e-01 -4.647002e-05
1.868618e+01 5.552783e-01 -6.704434e-05
1.868618e+01 7.774819e-01 -9.477806e-05
1.868618e+01 1.088445e+00 -1.283365e-04
1.868618e+01 1.523711e+00 -1.692595e-04
1.868618e+01 2.088426e+00 -1.895205e-04
1.868618e+01 2.685505e+00 -1.401011e-04
1.907991e+01 1.570796e-02 -3.028372e-07
1.907991e+01 2.346256e-02 -2.452271e-07
1.907991e+01 3.503514e-02 -5.834299e-07
1.907991e+01 5.263151e-02 -2.02404e-06
1.907991e+01 7.314235e-02 -3.694925e-06
1.907991e+01 1.025928e-01 -6.570869e-06
1.907991e+01 1.448116e-01 -9.541791e-06
1.907991e+01 2.023460e-01 -1.493303e-05
1.907991e+01 2.834245e-01 -2.190813e-05
1.907991e+01 3.967448e-01 -3.17059e-05
1.907991e+01 5.552783e-01 -4.637429e-05
1.907991e+01 7.774819e-01 -6.605467e-05
1.907991e+01 1.088445e+00 -9.035354e-05
1.907991e+01 1.523711e+00 -1.214384e-04
1.907991e+01 2.088426e+00 -1.392562e-04
1.907991e+01 2.685505e+00 -1.086548e-04
1.948151e+01 1.570796e-02 -2.097762e-07
1.948151e+01 2.346256e-02 -1.759131e-07
1.948151e+01 3.503514e-02 -3.954054e-07
1.948151e+01 5.263151e-02 -1.360365e-06
1.948151e+01 7.314235e-02 -2.498167e-06
1.948151e+01 1.025928e-01 -4.525574e-06
1.948151e+01 1.448116e-01 -6.508165e-06
1.948151e+01 2.023460e-01 -1.024527e-05
1.948151e+01 2.834245e-01 -1.500408e-05
1.948151e+01 3.967448e-01 -2.192568e-05
1.948151e+01 5.552783e-01 -3.216868e-05
1.948151e+01 7.774819e-01 -4.629293e-05
1.948151e+01 1.088445e+00 -6.424145e-05
1.948151e+01 1.523711e+00 -8.802065e-05
1.948151e+01 2.088426e+00 -1.037438e-04
1.948151e+01 2.685505e+00 -8.412662e-05
1.989114e+01 1.570796e-02 -1.502882e-07
1.989114e+01 2.346256e-02 -1.215488e-07
1.989114e+01 3.503514e-02 -2.486561e-07
1.989114e+01 5.263151e-02 -9.557518e-07
1.989114e+01 7.314235e-02 -1.731362e-06
1.989114e+01 1.025928e-01 -3.102040e-06
1.989114e+01 1.448116e-01 -4.399401e-06
1.989114e+01 2.023460e-01 -6.887829e-06
1.989114e+01 2.834245e-01 -1.024794e-05
1.989114e+01 3.967448e-01 -1.497854e-05
1.989114e+01 5.552783e-01 -2.200919e-05
1.989114e+01 7.774819e-01 -3.196086e-05
1.989114e+01 1.088445e+00 -4.480807e-05
1.989114e+01 1.523711e+00 -6.225086e-05
1.989114e+01 2.088426e+00 -7.49139e-05
1.989114e+01 2.685505e+00 -6.130188e-05
2.030896e+01 1.570796e-02 -1.063099e-07
2.030896e+01 2.346256e-02 -9.388840e-08
2.030896e+01 3.503514e-02 -1.653505e-07
2.030896e+01 5.263151e-02 -6.365768e-07
2.030896e+01 7.314235e-02 -1.175366e-06
2.030896e+01 1.025928e-01 -2.076277e-06
2.030896e+01 1.448116e-01 -2.948539e-06
2.030896e+01 2.023460e-01 -4.586784e-06
2.030896e+01 2.834245e-01 -6.911537e-06
2.030896e+01 3.967448e-01 -1.00955e-05
2.030896e+01 5.552783e-01 -1.479601e-05
2.030896e+01 7.774819e-01 -2.177866e-05
2.030896e+01 1.088445e+00 -3.076926e-05
2.030896e+01 1.523711e+00 -4.338572e-05
2.030896e+01 2.088426e+00 -5.280483e-05
2.030896e+01 2.685505e+00 -4.419529e-05
2.073514e+01 1.570796e-02 -6.831528e-08
2.073514e+01 2.346256e-02 -6.153737e-08
2.073514e+01 3.503514e-02 -1.089459e-07
2.073514e+01 5.263151e-02 -4.178202e-07
2.073514e+01 7.314235e-02 -7.740923e-07
2.073514e+01 1.025928e-01 -1.348610e-06
2.073514e+01 1.448116e-01 -1.872919e-06
2.073514e+01 2.023460e-01 -2.923425e-06
2.073514e+01 2.834245e-01 -4.416269e-06
2.073514e+01 3.967448e-01 -6.546593e-06
2.073514e+01 5.552783e-01 -9.643457e-06
2.073514e+01 7.774819e-01 -1.431276e-05
2.073514e+01 1.088445e+00 -2.046623e-05
2.073514e+01 1.523711e+00 -2.95102e-05
2.073514e+01 2.088426e+00 -3.655519e-05
2.073514e+01 2.685505e+00 -3.127731e-05
2.116984e+01 1.570796e-02 -4.287495e-08
2.116984e+01 2.346256e-02 -3.456425e-08
2.116984e+01 3.503514e-02 -6.436750e-08
2.116984e+01 5.263151e-02 -2.639205e-07
2.116984e+01 7.314235e-02 -4.79062e-07
2.116984e+01 1.025928e-01 -8.264605e-07
2.116984e+01 1.448116e-01 -1.175174e-06
2.116984e+01 2.023460e-01 -1.826773e-06
2.116984e+01 2.834245e-01 -2.802144e-06
2.116984e+01 3.967448e-01 -4.144239e-06
2.116984e+01 5.552783e-01 -6.146317e-06
2.116984e+01 7.774819e-01 -9.173119e-06
2.116984e+01 1.088445e+00 -1.321387e-05
2.116984e+01 1.523711e+00 -1.94212e-05
2.116984e+01 2.088426e+00 -2.480505e-05
2.116984e+01 2.685505e+00 -2.245758e-05
2.161324e+01 1.570796e-02 -2.900025e-08
2.161324e+01 2.346256e-02 -2.516267e-08
2.161324e+01 3.503514e-02 -4.222364e-08
2.161324e+01 5.263151e-02 -1.707739e-07
2.161324e+01 7.314235e-02 -2.983193e-07
2.161324e+01 1.025928e-01 -5.35087e-07
2.161324e+01 1.448116e-01 -7.450369e-07
2.161324e+01 2.023460e-01 -1.182077e-06
2.161324e+01 2.834245e-01 -1.821581e-06
2.161324e+01 3.967448e-01 -2.648055e-06
2.161324e+01 5.552783e-01 -3.963701e-06
2.161324e+01 7.774819e-01 -5.959368e-06
2.161324e+01 1.088445e+00 -8.639215e-06
2.161324e+01 1.523711e+00 -1.291513e-05
2.161324e+01 2.088426e+00 -1.67777e-05
2.161324e+01 2.685505e+00 -1.527066e-05
2.206550e+01 1.570796e-02 -1.937252e-08
2.206550e+01 2.346256e-02 -1.817116e-08
2.206550e+01 3.503514e-02 -2.202995e-08
2.206550e+01 5.263151e-02 -1.040254e-07
2.206550e+01 7.314235e-02 -1.807068e-07
2.206550e+01 1.025928e-01 -3.388582e-07
2.206550e+01 1.448116e-01 -4.641093e-07
2.206550e+01 2.023460e-01 -7.406485e-07
2.206550e+01 2.834245e-01 -1.13153e-06
2.206550e+01 3.967448e-01 -1.632257e-06
2.206550e+01 5.552783e-01 -2.482566e-06
2.206550e+01 7.774819e-01 -3.812511e-06
2.206550e+01 1.088445e+00 -5.500796e-06
2.206550e+01 1.523711e+00 -8.33034e-06
2.206550e+01 2.088426e+00 -1.115822e-05
2.206550e+01 2.685505e+00 -1.062265e-05
2.252681e+01 1.570796e-02 -3.570039e-10
2.252681e+01 2.346256e-02 -3.780437e-10
2.252681e+01 3.503514e-02 -3.783298e-10
2.252681e+01 5.263151e-02 -1.013463e-09
2.252681e+01 7.314235e-02 -1.803837e-09
2.252681e+01 1.025928e-01 -3.738452e-10
2.252681e+01 1.448116e-01 2.700849e-09
2.252681e+01 2.023460e-01 8.520071e-09
2.252681e+01 2.834245e-01 1.963586e-08
2.252681e+01 3.967448e-01 3.678017e-08
2.252681e+01 5.552783e-01 5.878505e-08
2.252681e+01 7.774819e-01 7.981822e-08
2.252681e+01 1.088445e+00 8.569558e-08
2.252681e+01 1.523711e+00 5.589685e-08
2.252681e+01 2.088426e+00 8.965020e-09
2.252681e+01 2.685505e+00 -1.617151e-08
2.299735e+01 1.570796e-02 -1.478897e-10
2.299735e+01 2.346256e-02 -1.832422e-10
2.299735e+01 3.503514e-02 1.751666e-11
2.299735e+01 5.263151e-02 1.293146e-10
2.299735e+01 7.314235e-02 2.064578e-10
2.299735e+01 1.025928e-01 2.561712e-09
2.299735e+01 1.448116e-01 6.198575e-09
2.299735e+01 2.023460e-01 1.277043e-08
2.299735e+01 2.834245e-01 2.439143e-08
2.299735e+01 3.967448e-01 4.201012e-08
2.299735e+01 5.552783e-01 6.487519e-08
2.299735e+01 7.774819e-01 8.733663e-08
2.299735e+01 1.088445e+00 9.516354e-08
2.299735e+01 1.523711e+00 6.859991e-08
2.299735e+01 2.088426e+00 2.38752e-08
2.299735e+01 2.685505e+00 -4.790476e-09
2.34773e+01 1.570796e-02 6.114002e-12
2.34773e+01 2.346256e-02 -3.947783e-11
2.34773e+01 3.503514e-02 3.108726e-10
2.34773e+01 5.263151e-02 9.524381e-10
2.34773e+01 7.314235e-02 1.676927e-09
2.34773e+01 1.025928e-01 4.676244e-09
2.34773e+01 1.448116e-01 8.718542e-09
2.34773e+01 2.023460e-01 1.578284e-08
2.34773e+01 2.834245e-01 2.769096e-08
2.34773e+01 3.967448e-01 4.554885e-08
2.34773e+01 5.552783e-01 6.900022e-08
2.34773e+01 7.774819e-01 9.241768e-08
2.34773e+01 1.088445e+00 1.018244e-07
2.34773e+01 1.523711e+00 7.861276e-08
2.34773e+01 2.088426e+00 3.580015e-08
2.34773e+01 2.685505e+00 3.643704e-09
2.396684e+01 1.570796e-02 1.169436e-10
2.396684e+01 2.346256e-02 6.211027e-11
2.396684e+01 3.503514e-02 5.152718e-10
2.396684e+01 5.263151e-02 1.534998e-09
2.396684e+01 7.314235e-02 2.725887e-09
2.396684e+01 1.025928e-01 6.153876e-09
2.396684e+01 1.448116e-01 1.044215e-08
2.396684e+01 2.023460e-01 1.77886e-08
2.396684e+01 2.834245e-01 2.984212e-08
2.396684e+01 3.967448e-01 4.780294e-08
2.396684e+01 5.552783e-01 7.153967e-08
2.396684e+01 7.774819e-01 9.547297e-08
2.396684e+01 1.088445e+00 1.064506e-07
2.396684e+01 1.523711e+00 8.632792e-08
2.396684e+01 2.088426e+00 4.56713e-08
2.396684e+01 2.685505e+00 1.201798e-08
2.446618e+01 1.570796e-02 1.938560e-10
2.446618e+01 2.346256e-02 1.348222e-10
2.446618e+01 3.503514e-02 6.534995e-10
2.446618e+01 5.263151e-02 1.922831e-09
2.446618e+01 7.314235e-02 3.436534e-09
2.446618e+01 1.025928e-01 7.116348e-09
2.446618e+01 1.448116e-01 1.151557e-08
2.446618e+01 2.023460e-01 1.899985e-08
2.446618e+01 2.834245e-01 3.105612e-08
2.446618e+01 3.967448e-01 4.8914e-08
2.446618e+01 5.552783e-01 7.263723e-08
2.446618e+01 7.774819e-01 9.690361e-08
2.446618e+01 1.088445e+00 1.091498e-07
2.446618e+01 1.523711e+00 9.225908e-08
2.446618e+01 2.088426e+00 5.360782e-08
2.446618e+01 2.685505e+00 1.755966e-08
2.497550e+01 1.570796e-02 2.446274e-10
2.497550e+01 2.346256e-02 1.838669e-10
2.497550e+01 3.503514e-02 7.352335e-10
2.497550e+01 5.263151e-02 2.158990e-09
2.497550e+01 7.314235e-02 3.873806e-09
2.497550e+01 1.025928e-01 7.673788e-09
2.497550e+01 1.448116e-01 1.209352e-08
2.497550e+01 2.023460e-01 1.955158e-08
2.497550e+01 2.834245e-01 3.146313e-08
2.497550e+01 3.967448e-01 4.905436e-08
2.497550e+01 5.552783e-01 7.255218e-08
2.497550e+01 7.774819e-01 9.687858e-08
2.497550e+01 1.088445e+00 1.102352e-07
2.497550e+01 1.523711e+00 9.64581e-08
2.497550e+01 2.088426e+00 6.059440e-08
2.497550e+01 2.685505e+00 2.326513e-08
2.549501e+01 1.570796e-02 2.744404e-10
2.549501e+01 2.346256e-02 2.144468e-10
2.549501e+01 3.503514e-02 7.752740e-10
2.549501e+01 5.263151e-02 2.276518e-09
2.549501e+01 7.314235e-02 4.102399e-09
2.549501e+01 1.025928e-01 7.911684e-09
2.549501e+01 1.448116e-01 1.227182e-08
2.549501e+01 2.023460e-01 1.958594e-08
2.549501e+01 2.834245e-01 3.124241e-08
2.549501e+01 3.967448e-01 4.843268e-08
2.549501e+01 5.552783e-01 7.144828e-08
2.549501e+01 7.774819e-01 9.565691e-08
2.549501e+01 1.088445e+00 1.099617e-07
2.549501e+01 1.523711e+00 9.925396e-08
2.549501e+01 2.088426e+00 6.620868e-08
2.549501e+01 2.685505e+00 2.833618e-08
2.602491e+01 1.570796e-02 2.896065e-10
2.602491e+01 2.346256e-02 2.298843e-10
2.602491e+01 3.503514e-02 7.85809e-10
2.602491e+01 5.263151e-02 2.304032e-09
2.602491e+01 7.314235e-02 4.170847e-09
2.602491e+01 1.025928e-01 7.898167e-09
2.602491e+01 1.448116e-01 1.213272e-08
2.602491e+01 2.023460e-01 1.921679e-08
2.602491e+01 2.834245e-01 3.050842e-08
2.602491e+01 3.967448e-01 4.716026e-08
2.602491e+01 5.552783e-01 6.952311e-08
2.602491e+01 7.774819e-01 9.329744e-08
2.602491e+01 1.088445e+00 1.084004e-07
2.602491e+01 1.523711e+00 1.006889e-07
2.602491e+01 2.088426e+00 7.060816e-08
2.602491e+01 2.685505e+00 3.245095e-08
2.656541e+01 1.570796e-02 2.920338e-10
2.656541e+01 2.346256e-02 2.346218e-10
2.656541e+01 3.503514e-02 7.717499e-10
2.656541e+01 5.263151e-02 2.261827e-09
2.656541e+01 7.314235e-02 4.112973e-09
2.656541e+01 1.025928e-01 7.696492e-09
2.656541e+01 1.448116e-01 1.175818e-08
2.656541e+01 2.023460e-01 1.853504e-08
2.656541e+01 2.834245e-01 2.936880e-08
2.656541e+01 3.967448e-01 4.534959e-08
2.656541e+01 5.552783e-01 6.68768e-08
2.656541e+01 7.774819e-01 9.001374e-08
2.656541e+01 1.088445e+00 1.057779e-07
2.656541e+01 1.523711e+00 1.009372e-07
2.656541e+01 2.088426e+00 7.411852e-08
2.656541e+01 2.685505e+00 3.624239e-08
2.711672e+01 1.570796e-02 2.859564e-10
2.711672e+01 2.346256e-02 2.308964e-10
2.711672e+01 3.503514e-02 7.406419e-10
2.711672e+01 5.263151e-02 2.169008e-09
2.711672e+01 7.314235e-02 3.965838e-09
2.711672e+01 1.025928e-01 7.353579e-09
2.711672e+01 1.448116e-01 1.119965e-08
2.711672e+01 2.023460e-01 1.761371e-08
2.711672e+01 2.834245e-01 2.790932e-08
2.711672e+01 3.967448e-01 4.310898e-08
2.711672e+01 5.552783e-01 6.360809e-08
2.711672e+01 7.774819e-01 8.595090e-08
2.711672e+01 1.088445e+00 1.021920e-07
2.711672e+01 1.523711e+00 1.000839e-07
2.711672e+01 2.088426e+00 7.673694e-08
2.711672e+01 2.685505e+00 3.993740e-08
2.767905e+01 1.570796e-02 2.728750e-10
2.767905e+01 2.346256e-02 2.207017e-10
2.767905e+01 3.503514e-02 6.979956e-10
2.767905e+01 5.263151e-02 2.038364e-09
2.767905e+01 7.314235e-02 3.750240e-09
2.767905e+01 1.025928e-01 6.908816e-09
2.767905e+01 1.448116e-01 1.050652e-08
2.767905e+01 2.023460e-01 1.650686e-08
2.767905e+01 2.834245e-01 2.620071e-08
2.767905e+01 3.967448e-01 4.051151e-08
2.767905e+01 5.552783e-01 5.986390e-08
2.767905e+01 7.774819e-01 8.128539e-08
2.767905e+01 1.088445e+00 9.774636e-08
2.767905e+01 1.523711e+00 9.829498e-08
2.767905e+01 2.088426e+00 7.855428e-08
2.767905e+01 2.685505e+00 4.357180e-08
2.825263e+01 1.570796e-02 2.551382e-10
2.825263e+01 2.346256e-02 2.063856e-10
2.825263e+01 3.503514e-02 6.465614e-10
2.825263e+01 5.263151e-02 1.882946e-09
2.825263e+01 7.314235e-02 3.486891e-09
2.825263e+01 1.025928e-01 6.390917e-09
2.825263e+01 1.448116e-01 9.716559e-09
2.825263e+01 2.023460e-01 1.526952e-08
2.825263e+01 2.834245e-01 2.430232e-08
2.825263e+01 3.967448e-01 3.76351e-08
2.825263e+01 5.552783e-01 5.570856e-08
2.825263e+01 7.774819e-01 7.598931e-08
2.825263e+01 1.088445e+00 9.247976e-08
2.825263e+01 1.523711e+00 9.544353e-08
2.825263e+01 2.088426e+00 7.953196e-08
2.825263e+01 2.685505e+00 4.701339e-08
2.883769e+01 1.570796e-02 2.342601e-10
2.883769e+01 2.346256e-02 1.891987e-10
2.883769e+01 3.503514e-02 5.889936e-10
2.883769e+01 5.263151e-02 1.711001e-09
2.883769e+01 7.314235e-02 3.189913e-09
2.883769e+01 1.025928e-01 5.822953e-09
2.883769e+01 1.448116e-01 8.857258e-09
2.883769e+01 2.023460e-01 1.393130e-08
2.883769e+01 2.834245e-01 2.225002e-08
2.883769e+01 3.967448e-01 3.452689e-08
2.883769e+01 5.552783e-01 5.119077e-08
2.883769e+01 7.774819e-01 7.022516e-08
2.883769e+01 1.088445e+00 8.652963e-08
2.883769e+01 1.523711e+00 9.166179e-08
2.883769e+01 2.088426e+00 7.97237e-08
2.883769e+01 2.685505e+00 5.060721e-08
2.943444e+01 1.570796e-02 2.110390e-10
2.943444e+01 2.346256e-02 1.700935e-10
2.943444e+01 3.503514e-02 5.277543e-10
2.943444e+01 5.263151e-02 1.529305e-09
2.943444e+01 7.314235e-02 2.869295e-09
2.943444e+01 1.025928e-01 5.222181e-09
2.943444e+01 1.448116e-01 7.951324e-09
2.943444e+01 2.023460e-01 1.252464e-08
2.943444e+01 2.834245e-01 2.007695e-08
2.943444e+01 3.967448e-01 3.122764e-08
2.943444e+01 5.552783e-01 4.639033e-08
2.943444e+01 7.774819e-01 6.400496e-08
2.943444e+01 1.088445e+00 7.987482e-08
2.943444e+01 1.523711e+00 8.684315e-08
2.943444e+01 2.088426e+00 7.890465e-08
2.943444e+01 2.685505e+00 5.387068e-08
3.004313e+01 1.570796e-02 1.865812e-10
3.004313e+01 2.346256e-02 1.496818e-10
3.004313e+01 3.503514e-02 4.64354e-10
3.004313e+01 5.263151e-02 1.342645e-09
3.004313e+01 7.314235e-02 2.534393e-09
3.004313e+01 1.025928e-01 4.60164e-09
3.004313e+01 1.448116e-01 7.015374e-09
3.004313e+01 2.023460e-01 1.107223e-08
3.004313e+01 2.834245e-01 1.781745e-08
3.004313e+01 3.967448e-01 2.778083e-08
3.004313e+01 5.552783e-01 4.135532e-08
3.004313e+01 7.774819e-01 5.739980e-08
3.004313e+01 1.088445e+00 7.253777e-08
3.004313e+01 1.523711e+00 8.100293e-08
3.004313e+01 2.088426e+00 7.710667e-08
3.004313e+01 2.685505e+00 5.698526e-08
3.066399e+01 1.570796e-02 1.612458e-10
3.066399e+01 2.346256e-02 1.287407e-10
3.066399e+01 3.503514e-02 4.000191e-10
3.066399e+01 5.263151e-02 1.154138e-09
3.066399e+01 7.314235e-02 2.190691e-09
3.066399e+01 1.025928e-01 3.971574e-09
3.066399e+01 1.448116e-01 6.064350e-09
3.066399e+01 2.023460e-01 9.592067e-09
3.066399e+01 2.834245e-01 1.549725e-08
3.066399e+01 3.967448e-01 2.421894e-08
3.066399e+01 5.552783e-01 3.613234e-08
3.066399e+01 7.774819e-01 5.043829e-08
3.066399e+01 1.088445e+00 6.455965e-08
3.066399e+01 1.523711e+00 7.408614e-08
3.066399e+01 2.088426e+00 7.393791e-08
3.066399e+01 2.685505e+00 5.942803e-08
3.129727e+01 1.570796e-02 1.355165e-10
3.129727e+01 2.346256e-02 1.074792e-10
3.129727e+01 3.503514e-02 3.357542e-10
3.129727e+01 5.263151e-02 9.659672e-10
3.129727e+01 7.314235e-02 1.843092e-09
3.129727e+01 1.025928e-01 3.337795e-09
3.129727e+01 1.448116e-01 5.107256e-09
3.129727e+01 2.023460e-01 8.097978e-09
3.129727e+01 2.834245e-01 1.313518e-08
3.129727e+01 3.967448e-01 2.057191e-08
3.129727e+01 5.552783e-01 3.075902e-08
3.129727e+01 7.774819e-01 4.318298e-08
3.129727e+01 1.088445e+00 5.596601e-08
3.129727e+01 1.523711e+00 6.603574e-08
3.129727e+01 2.088426e+00 6.929902e-08
3.129727e+01 2.685505e+00 6.058688e-08
3.194322e+01 1.570796e-02 1.098235e-10
3.194322e+01 2.346256e-02 8.642667e-11
3.194322e+01 3.503514e-02 2.716552e-10
3.194322e+01 5.263151e-02 7.80279e-10
3.194322e+01 7.314235e-02 1.495853e-09
3.194322e+01 1.025928e-01 2.706536e-09
3.194322e+01 1.448116e-01 4.149628e-09
3.194322e+01 2.023460e-01 6.597627e-09
3.194322e+01 2.834245e-01 1.074393e-08
3.194322e+01 3.967448e-01 1.684950e-08
3.194322e+01 5.552783e-01 2.524517e-08
3.194322e+01 7.774819e-01 3.56503e-08
3.194322e+01 1.088445e+00 4.679407e-08
3.194322e+01 1.523711e+00 5.677938e-08
3.194322e+01 2.088426e+00 6.279079e-08
3.194322e+01 2.685505e+00 5.970994e-08
3.260208e+01 1.570796e-02 8.441327e-11
3.260208e+01 2.346256e-02 6.582637e-11
3.260208e+01 3.503514e-02 2.083878e-10
3.260208e+01 5.263151e-02 5.976477e-10
3.260208e+01 7.314235e-02 1.150629e-09
3.260208e+01 1.025928e-01 2.081818e-09
3.260208e+01 1.448116e-01 3.199974e-09
3.260208e+01 2.023460e-01 5.100794e-09
3.260208e+01 2.834245e-01 8.33775e-09
3.260208e+01 3.967448e-01 1.309162e-08
3.260208e+01 5.552783e-01 1.965369e-08
3.260208e+01 7.774819e-01 2.790061e-08
3.260208e+01 1.088445e+00 3.709205e-08
3.260208e+01 1.523711e+00 4.629389e-08
3.260208e+01 2.088426e+00 5.413380e-08
3.260208e+01 2.685505e+00 5.609014e-08
3.327412e+01 1.570796e-02 5.938938e-11
3.327412e+01 2.346256e-02 4.563035e-11
3.327412e+01 3.503514e-02 1.461785e-10
3.327412e+01 5.263151e-02 4.184866e-10
3.327412e+01 7.314235e-02 8.094968e-10
3.327412e+01 1.025928e-01 1.465640e-09
3.327412e+01 1.448116e-01 2.257325e-09
3.327412e+01 2.023460e-01 3.609644e-09
3.327412e+01 2.834245e-01 5.920730e-09
3.327412e+01 3.967448e-01 9.312532e-09
3.327412e+01 5.552783e-01 1.40123e-08
3.327412e+01 7.774819e-01 2.000381e-08
3.327412e+01 1.088445e+00 2.691259e-08
3.327412e+01 1.523711e+00 3.456160e-08
3.327412e+01 2.088426e+00 4.276981e-08
3.327412e+01 2.685505e+00 4.814820e-08
3.395961e+01 1.570796e-02 3.590446e-11
3.395961e+01 2.346256e-02 2.756172e-11
3.395961e+01 3.503514e-02 8.890330e-11
3.395961e+01 5.263151e-02 2.540779e-10
3.395961e+01 7.314235e-02 4.919859e-10
3.395961e+01 1.025928e-01 8.901529e-10
3.395961e+01 1.448116e-01 1.371491e-09
3.395961e+01 2.023460e-01 2.191287e-09
3.395961e+01 2.834245e-01 3.588295e-09
3.395961e+01 3.967448e-01 5.619672e-09
3.395961e+01 5.552783e-01 8.422453e-09
3.395961e+01 7.774819e-01 1.20391e-08
3.395961e+01 1.088445e+00 1.632212e-08
3.395961e+01 1.523711e+00 2.149747e-08
3.395961e+01 2.088426e+00 2.803313e-08
3.395961e+01 2.685505e+00 3.385191e-08
3.46588e+01 1.570796e-02 1.087228e-11
3.46588e+01 2.346256e-02 9.16205e-12
3.46588e+01 3.503514e-02 2.770351e-11
3.46588e+01 5.263151e-02 7.745251e-11
3.46588e+01 7.314235e-02 1.527237e-10
3.46588e+01 1.025928e-01 2.79672e-10
3.46588e+01 1.448116e-01 4.356826e-10
3.46588e+01 2.023460e-01 6.969205e-10
3.46588e+01 2.834245e-01 1.15797e-09
3.46588e+01 3.967448e-01 1.820688e-09
3.46588e+01 5.552783e-01 2.747657e-09
3.46588e+01 7.774819e-01 3.956592e-09
3.46588e+01 1.088445e+00 5.430542e-09
3.46588e+01 1.523711e+00 7.31743e-09
3.46588e+01 2.088426e+00 1.003268e-08
3.46588e+01 2.685505e+00 1.300041e-08
3.537197e+01 1.570796e-02 0.e+00
3.537197e+01 2.346256e-02 0.e+00
3.537197e+01 3.503514e-02 0.e+00
3.537197e+01 5.263151e-02 0.e+00
3.537197e+01 7.314235e-02 0.e+00
3.537197e+01 1.025928e-01 0.e+00
3.537197e+01 1.448116e-01 0.e+00
3.537197e+01 2.023460e-01 0.e+00
3.537197e+01 2.834245e-01 0.e+00
3.537197e+01 3.967448e-01 0.e+00
3.537197e+01 5.552783e-01 0.e+00
3.537197e+01 7.774819e-01 0.e+00
3.537197e+01 1.088445e+00 0.e+00
3.537197e+01 1.523711e+00 0.e+00
3.537197e+01 2.088426e+00 0.e+00
3.537197e+01 2.685505e+00 0.e+00
