5.e+00 1.570796e-02 0.e+00
5.e+00 2.346256e-02 0.e+00
5.e+00 3.503514e-02 0.e+00
5.e+00 5.263151e-02 0.e+00
5.e+00 7.314235e-02 0.e+00
5.e+00 1.025928e-01 0.e+00
5.e+00 1.448116e-01 0.e+00
5.e+00 2.023460e-01 0.e+00
5.e+00 2.834245e-01 0.e+00
5.e+00 3.967448e-01 0.e+00
5.e+00 5.552783e-01 0.e+00
5.e+00 7.774819e-01 0.e+00
5.e+00 1.088445e+00 0.e+00
5.e+00 1.523711e+00 0.e+00
5.e+00 2.088426e+00 0.e+00
5.e+00 2.685505e+00 0.e+00
5.12e+00 1.570796e-02 0.e+00
5.12e+00 2.346256e-02 0.e+00
5.12e+00 3.503514e-02 0.e+00
5.12e+00 5.263151e-02 0.e+00
5.12e+00 7.314235e-02 0.e+00
5.12e+00 1.025928e-01 0.e+00
5.12e+00 1.448116e-01 0.e+00
5.12e+00 2.023460e-01 0.e+00
5.12e+00 2.834245e-01 0.e+00
5.12e+00 3.967448e-01 0.e+00
5.12e+00 5.552783e-01 0.e+00
5.12e+00 7.774819e-01 0.e+00
5.12e+00 1.088445e+00 0.e+00
5.12e+00 1.523711e+00 0.e+00
5.12e+00 2.088426e+00 0.e+00
5.12e+00 2.685505e+00 0.e+00
5.2424e+00 1.570796e-02 -8.876752e-05
5.2424e+00 2.346256e-02 -3.947715e-04
5.2424e+00 3.503514e-02 -2.591123e-04
5.2424e+00 5.263151e-02 -2.207277e-04
5.2424e+00 7.314235e-02 -4.275079e-04
5.2424e+00 1.025928e-01 -4.729867e-04
5.2424e+00 1.448116e-01 -2.860281e-04
5.2424e+00 2.023460e-01 -3.516944e-04
5.2424e+00 2.834245e-01 -3.565022e-04
5.2424e+00 3.967448e-01 -3.119195e-04
5.2424e+00 5.552783e-01 -2.943791e-04
5.2424e+00 7.774819e-01 -2.261813e-04
5.2424e+00 1.088445e+00 -2.174467e-04
5.2424e+00 1.523711e+00 -2.205118e-04
5.2424e+00 2.088426e+00 -2.217630e-04
5.2424e+00 2.685505e+00 -2.462043e-04
5.367248e+00 1.570796e-02 -1.819774e-04
5.367248e+00 2.346256e-02 -1.036765e-03
5.367248e+00 3.503514e-02 -6.86541e-04
5.367248e+00 5.263151e-02 -1.283204e-03
5.367248e+00 7.314235e-02 -1.713234e-03
5.367248e+00 1.025928e-01 -1.897674e-03
5.367248e+00 1.448116e-01 -1.832412e-03
5.367248e+00 2.023460e-01 -1.706089e-03
5.367248e+00 2.834245e-01 -1.61784e-03
5.367248e+00 3.967448e-01 -1.520122e-03
5.367248e+00 5.552783e-01 -1.378519e-03
5.367248e+00 7.774819e-01 -1.190762e-03
5.367248e+00 1.088445e+00 -1.065311e-03
5.367248e+00 1.523711e+00 -1.023056e-03
5.367248e+00 2.088426e+00 -1.067795e-03
5.367248e+00 2.685505e+00 -1.113080e-03
5.494593e+00 1.570796e-02 -1.958264e-04
5.494593e+00 2.346256e-02 -1.626025e-03
5.494593e+00 3.503514e-02 -1.142764e-03
5.494593e+00 5.263151e-02 -2.664065e-03
5.494593e+00 7.314235e-02 -4.079695e-03
5.494593e+00 1.025928e-01 -4.093451e-03
5.494593e+00 1.448116e-01 -4.207881e-03
5.494593e+00 2.023460e-01 -4.080671e-03
5.494593e+00 2.834245e-01 -4.015426e-03
5.494593e+00 3.967448e-01 -3.646058e-03
5.494593e+00 5.552783e-01 -3.252567e-03
5.494593e+00 7.774819e-01 -2.870392e-03
5.494593e+00 1.088445e+00 -2.526094e-03
5.494593e+00 1.523711e+00 -2.374296e-03
5.494593e+00 2.088426e+00 -2.459821e-03
5.494593e+00 2.685505e+00 -2.544587e-03
5.624485e+00 1.570796e-02 -2.118533e-04
5.624485e+00 2.346256e-02 -2.086293e-03
5.624485e+00 3.503514e-02 -1.541392e-03
5.624485e+00 5.263151e-02 -4.414984e-03
5.624485e+00 7.314235e-02 -7.414390e-03
5.624485e+00 1.025928e-01 -7.656901e-03
5.624485e+00 1.448116e-01 -8.135009e-03
5.624485e+00 2.023460e-01 -8.005031e-03
5.624485e+00 2.834245e-01 -7.793524e-03
5.624485e+00 3.967448e-01 -7.078808e-03
5.624485e+00 5.552783e-01 -6.318669e-03
5.624485e+00 7.774819e-01 -5.553424e-03
5.624485e+00 1.088445e+00 -4.903063e-03
5.624485e+00 1.523711e+00 -4.510159e-03
5.624485e+00 2.088426e+00 -4.677154e-03
5.624485e+00 2.685505e+00 -4.790552e-03
5.756975e+00 1.570796e-02 -2.436338e-04
5.756975e+00 2.346256e-02 -2.394887e-03
5.756975e+00 3.503514e-02 -1.925906e-03
5.756975e+00 5.263151e-02 -5.844233e-03
5.756975e+00 7.314235e-02 -1.07034e-02
5.756975e+00 1.025928e-01 -1.153346e-02
5.756975e+00 1.448116e-01 -1.299895e-02
5.756975e+00 2.023460e-01 -1.304096e-02
5.756975e+00 2.834245e-01 -1.255845e-02
5.756975e+00 3.967448e-01 -1.159255e-02
5.756975e+00 5.552783e-01 -1.035292e-02
5.756975e+00 7.774819e-01 -9.162389e-03
5.756975e+00 1.088445e+00 -8.049798e-03
5.756975e+00 1.523711e+00 -7.274887e-03
5.756975e+00 2.088426e+00 -7.460421e-03
5.756975e+00 2.685505e+00 -7.591855e-03
5.892114e+00 1.570796e-02 -2.74472e-04
5.892114e+00 2.346256e-02 -2.288387e-03
5.892114e+00 3.503514e-02 -2.235119e-03
5.892114e+00 5.263151e-02 -6.992376e-03
5.892114e+00 7.314235e-02 -1.348394e-02
5.892114e+00 1.025928e-01 -1.506727e-02
5.892114e+00 1.448116e-01 -1.726166e-02
5.892114e+00 2.023460e-01 -1.823294e-02
5.892114e+00 2.834245e-01 -1.757342e-02
5.892114e+00 3.967448e-01 -1.647196e-02
5.892114e+00 5.552783e-01 -1.500862e-02
5.892114e+00 7.774819e-01 -1.318891e-02
5.892114e+00 1.088445e+00 -1.146301e-02
5.892114e+00 1.523711e+00 -1.026038e-02
5.892114e+00 2.088426e+00 -1.044291e-02
5.892114e+00 2.685505e+00 -1.056603e-02
6.029956e+00 1.570796e-02 -2.782313e-04
6.029956e+00 2.346256e-02 -2.172735e-03
6.029956e+00 3.503514e-02 -2.396116e-03
6.029956e+00 5.263151e-02 -7.359677e-03
6.029956e+00 7.314235e-02 -1.541806e-02
6.029956e+00 1.025928e-01 -1.790255e-02
6.029956e+00 1.448116e-01 -2.075194e-02
6.029956e+00 2.023460e-01 -2.291738e-02
6.029956e+00 2.834245e-01 -2.249994e-02
6.029956e+00 3.967448e-01 -2.139414e-02
6.029956e+00 5.552783e-01 -1.957835e-02
6.029956e+00 7.774819e-01 -1.732248e-02
6.029956e+00 1.088445e+00 -1.492610e-02
6.029956e+00 1.523711e+00 -1.323639e-02
6.029956e+00 2.088426e+00 -1.336305e-02
6.029956e+00 2.685505e+00 -1.344764e-02
6.170555e+00 1.570796e-02 -2.823967e-04
6.170555e+00 2.346256e-02 -2.055186e-03
6.170555e+00 3.503514e-02 -2.439147e-03
6.170555e+00 5.263151e-02 -7.313048e-03
6.170555e+00 7.314235e-02 -1.637181e-02
6.170555e+00 1.025928e-01 -1.963270e-02
6.170555e+00 1.448116e-01 -2.347122e-02
6.170555e+00 2.023460e-01 -2.687163e-02
6.170555e+00 2.834245e-01 -2.685150e-02
6.170555e+00 3.967448e-01 -2.603614e-02
6.170555e+00 5.552783e-01 -2.394410e-02
6.170555e+00 7.774819e-01 -2.134162e-02
6.170555e+00 1.088445e+00 -1.828565e-02
6.170555e+00 1.523711e+00 -1.613824e-02
6.170555e+00 2.088426e+00 -1.614378e-02
6.170555e+00 2.685505e+00 -1.611479e-02
6.313967e+00 1.570796e-02 -2.732768e-04
6.313967e+00 2.346256e-02 -1.891221e-03
6.313967e+00 3.503514e-02 -2.322916e-03
6.313967e+00 5.263151e-02 -6.976467e-03
6.313967e+00 7.314235e-02 -1.639677e-02
6.313967e+00 1.025928e-01 -2.063004e-02
6.313967e+00 1.448116e-01 -2.553015e-02
6.313967e+00 2.023460e-01 -2.991556e-02
6.313967e+00 2.834245e-01 -3.068611e-02
6.313967e+00 3.967448e-01 -3.016193e-02
6.313967e+00 5.552783e-01 -2.808408e-02
6.313967e+00 7.774819e-01 -2.51452e-02
6.313967e+00 1.088445e+00 -2.149088e-02
6.313967e+00 1.523711e+00 -1.887691e-02
6.313967e+00 2.088426e+00 -1.874948e-02
6.313967e+00 2.685505e+00 -1.844048e-02
6.460246e+00 1.570796e-02 -2.575976e-04
6.460246e+00 2.346256e-02 -1.7704e-03
6.460246e+00 3.503514e-02 -2.152415e-03
6.460246e+00 5.263151e-02 -6.549947e-03
6.460246e+00 7.314235e-02 -1.573693e-02
6.460246e+00 1.025928e-01 -2.073302e-02
6.460246e+00 1.448116e-01 -2.651159e-02
6.460246e+00 2.023460e-01 -3.202103e-02
6.460246e+00 2.834245e-01 -3.356113e-02
6.460246e+00 3.967448e-01 -3.369839e-02
6.460246e+00 5.552783e-01 -3.166385e-02
6.460246e+00 7.774819e-01 -2.853324e-02
6.460246e+00 1.088445e+00 -2.440568e-02
6.460246e+00 1.523711e+00 -2.137791e-02
6.460246e+00 2.088426e+00 -2.100080e-02
6.460246e+00 2.685505e+00 -2.045214e-02
6.609451e+00 1.570796e-02 -2.350069e-04
6.609451e+00 2.346256e-02 -1.666675e-03
6.609451e+00 3.503514e-02 -2.004307e-03
6.609451e+00 5.263151e-02 -6.081366e-03
6.609451e+00 7.314235e-02 -1.482373e-02
6.609451e+00 1.025928e-01 -2.017463e-02
6.609451e+00 1.448116e-01 -2.671654e-02
6.609451e+00 2.023460e-01 -3.337748e-02
6.609451e+00 2.834245e-01 -3.577846e-02
6.609451e+00 3.967448e-01 -3.657888e-02
6.609451e+00 5.552783e-01 -3.487191e-02
6.609451e+00 7.774819e-01 -3.157266e-02
6.609451e+00 1.088445e+00 -2.706168e-02
6.609451e+00 1.523711e+00 -2.366263e-02
6.609451e+00 2.088426e+00 -2.308851e-02
6.609451e+00 2.685505e+00 -2.223649e-02
6.76164e+00 1.570796e-02 -2.16675e-04
6.76164e+00 2.346256e-02 -1.551992e-03
6.76164e+00 3.503514e-02 -1.859461e-03
6.76164e+00 5.263151e-02 -5.639431e-03
6.76164e+00 7.314235e-02 -1.378679e-02
6.76164e+00 1.025928e-01 -1.921254e-02
6.76164e+00 1.448116e-01 -2.629304e-02
6.76164e+00 2.023460e-01 -3.398275e-02
6.76164e+00 2.834245e-01 -3.730411e-02
6.76164e+00 3.967448e-01 -3.874675e-02
6.76164e+00 5.552783e-01 -3.746492e-02
6.76164e+00 7.774819e-01 -3.419069e-02
6.76164e+00 1.088445e+00 -2.936697e-02
6.76164e+00 1.523711e+00 -2.565398e-02
6.76164e+00 2.088426e+00 -2.492354e-02
6.76164e+00 2.685505e+00 -2.383389e-02
6.916873e+00 1.570796e-02 -2.018292e-04
6.916873e+00 2.346256e-02 -1.434202e-03
6.916873e+00 3.503514e-02 -1.726675e-03
6.916873e+00 5.263151e-02 -5.24813e-03
6.916873e+00 7.314235e-02 -1.280506e-02
6.916873e+00 1.025928e-01 -1.809697e-02
6.916873e+00 1.448116e-01 -2.533656e-02
6.916873e+00 2.023460e-01 -3.374634e-02
6.916873e+00 2.834245e-01 -3.799171e-02
6.916873e+00 3.967448e-01 -4.025051e-02
6.916873e+00 5.552783e-01 -3.943369e-02
6.916873e+00 7.774819e-01 -3.631324e-02
6.916873e+00 1.088445e+00 -3.134876e-02
6.916873e+00 1.523711e+00 -2.736411e-02
6.916873e+00 2.088426e+00 -2.647596e-02
6.916873e+00 2.685505e+00 -2.505035e-02
7.075210e+00 1.570796e-02 -1.897621e-04
7.075210e+00 2.346256e-02 -1.316233e-03
7.075210e+00 3.503514e-02 -1.595064e-03
7.075210e+00 5.263151e-02 -4.847752e-03
7.075210e+00 7.314235e-02 -1.179018e-02
7.075210e+00 1.025928e-01 -1.688325e-02
7.075210e+00 1.448116e-01 -2.414194e-02
7.075210e+00 2.023460e-01 -3.29492e-02
7.075210e+00 2.834245e-01 -3.812612e-02
7.075210e+00 3.967448e-01 -4.116399e-02
7.075210e+00 5.552783e-01 -4.086722e-02
7.075210e+00 7.774819e-01 -3.798178e-02
7.075210e+00 1.088445e+00 -3.294676e-02
7.075210e+00 1.523711e+00 -2.883558e-02
7.075210e+00 2.088426e+00 -2.781055e-02
7.075210e+00 2.685505e+00 -2.605013e-02
7.236714e+00 1.570796e-02 -1.733036e-04
7.236714e+00 2.346256e-02 -1.195753e-03
7.236714e+00 3.503514e-02 -1.470343e-03
7.236714e+00 5.263151e-02 -4.459469e-03
7.236714e+00 7.314235e-02 -1.081157e-02
7.236714e+00 1.025928e-01 -1.565700e-02
7.236714e+00 1.448116e-01 -2.274122e-02
7.236714e+00 2.023460e-01 -3.169282e-02
7.236714e+00 2.834245e-01 -3.763978e-02
7.236714e+00 3.967448e-01 -4.148208e-02
7.236714e+00 5.552783e-01 -4.180118e-02
7.236714e+00 7.774819e-01 -3.925999e-02
7.236714e+00 1.088445e+00 -3.425144e-02
7.236714e+00 1.523711e+00 -3.005209e-02
7.236714e+00 2.088426e+00 -2.891461e-02
7.236714e+00 2.685505e+00 -2.690295e-02
7.401449e+00 1.570796e-02 -1.579933e-04
7.401449e+00 2.346256e-02 -1.095722e-03
7.401449e+00 3.503514e-02 -1.358961e-03
7.401449e+00 5.263151e-02 -4.108995e-03
7.401449e+00 7.314235e-02 -9.908832e-03
7.401449e+00 1.025928e-01 -1.446434e-02
7.401449e+00 1.448116e-01 -2.124069e-02
7.401449e+00 2.023460e-01 -3.015190e-02
7.401449e+00 2.834245e-01 -3.666766e-02
7.401449e+00 3.967448e-01 -4.118887e-02
7.401449e+00 5.552783e-01 -4.222753e-02
7.401449e+00 7.774819e-01 -4.002817e-02
7.401449e+00 1.088445e+00 -3.517507e-02
7.401449e+00 1.523711e+00 -3.101497e-02
7.401449e+00 2.088426e+00 -2.979041e-02
7.401449e+00 2.685505e+00 -2.745832e-02
7.569477e+00 1.570796e-02 -1.441567e-04
7.569477e+00 2.346256e-02 -1.013304e-03
7.569477e+00 3.503514e-02 -1.256661e-03
7.569477e+00 5.263151e-02 -3.767192e-03
7.569477e+00 7.314235e-02 -9.065729e-03
7.569477e+00 1.025928e-01 -1.330936e-02
7.569477e+00 1.448116e-01 -1.971089e-02
7.569477e+00 2.023460e-01 -2.843329e-02
7.569477e+00 2.834245e-01 -3.531838e-02
7.569477e+00 3.967448e-01 -4.044873e-02
7.569477e+00 5.552783e-01 -4.218897e-02
7.569477e+00 7.774819e-01 -4.040033e-02
7.569477e+00 1.088445e+00 -3.582211e-02
7.569477e+00 1.523711e+00 -3.174577e-02
7.569477e+00 2.088426e+00 -3.049077e-02
7.569477e+00 2.685505e+00 -2.793197e-02
7.740867e+00 1.570796e-02 -1.329092e-04
7.740867e+00 2.346256e-02 -9.320436e-04
7.740867e+00 3.503514e-02 -1.162472e-03
7.740867e+00 5.263151e-02 -3.451927e-03
7.740867e+00 7.314235e-02 -8.287153e-03
7.740867e+00 1.025928e-01 -1.222726e-02
7.740867e+00 1.448116e-01 -1.821736e-02
7.740867e+00 2.023460e-01 -2.661429e-02
7.740867e+00 2.834245e-01 -3.36835e-02
7.740867e+00 3.967448e-01 -3.929618e-02
7.740867e+00 5.552783e-01 -4.166667e-02
7.740867e+00 7.774819e-01 -4.035841e-02
7.740867e+00 1.088445e+00 -3.610020e-02
7.740867e+00 1.523711e+00 -3.223070e-02
7.740867e+00 2.088426e+00 -3.097361e-02
7.740867e+00 2.685505e+00 -2.817966e-02
7.915684e+00 1.570796e-02 -1.222687e-04
7.915684e+00 2.346256e-02 -8.563232e-04
7.915684e+00 3.503514e-02 -1.070696e-03
7.915684e+00 5.263151e-02 -3.163790e-03
7.915684e+00 7.314235e-02 -7.584146e-03
7.915684e+00 1.025928e-01 -1.122269e-02
7.915684e+00 1.448116e-01 -1.679849e-02
7.915684e+00 2.023460e-01 -2.477439e-02
7.915684e+00 2.834245e-01 -3.184943e-02
7.915684e+00 3.967448e-01 -3.78174e-02
7.915684e+00 5.552783e-01 -4.072828e-02
7.915684e+00 7.774819e-01 -3.994778e-02
7.915684e+00 1.088445e+00 -3.613125e-02
7.915684e+00 1.523711e+00 -3.243035e-02
7.915684e+00 2.088426e+00 -3.123695e-02
7.915684e+00 2.685505e+00 -2.821805e-02
8.093998e+00 1.570796e-02 -1.118417e-04
8.093998e+00 2.346256e-02 -7.841927e-04
8.093998e+00 3.503514e-02 -9.846976e-04
8.093998e+00 5.263151e-02 -2.891707e-03
8.093998e+00 7.314235e-02 -6.932289e-03
8.093998e+00 1.025928e-01 -1.027339e-02
8.093998e+00 1.448116e-01 -1.543275e-02
8.093998e+00 2.023460e-01 -2.294259e-02
8.093998e+00 2.834245e-01 -2.989545e-02
8.093998e+00 3.967448e-01 -3.608046e-02
8.093998e+00 5.552783e-01 -3.948842e-02
8.093998e+00 7.774819e-01 -3.921981e-02
8.093998e+00 1.088445e+00 -3.584586e-02
8.093998e+00 1.523711e+00 -3.244549e-02
8.093998e+00 2.088426e+00 -3.131451e-02
8.093998e+00 2.685505e+00 -2.810583e-02
8.275878e+00 1.570796e-02 -1.023082e-04
8.275878e+00 2.346256e-02 -7.211873e-04
8.275878e+00 3.503514e-02 -9.038014e-04
8.275878e+00 5.263151e-02 -2.6396e-03
8.275878e+00 7.314235e-02 -6.337493e-03
8.275878e+00 1.025928e-01 -9.389344e-03
8.275878e+00 1.448116e-01 -1.414071e-02
8.275878e+00 2.023460e-01 -2.116586e-02
8.275878e+00 2.834245e-01 -2.791141e-02
8.275878e+00 3.967448e-01 -3.417321e-02
8.275878e+00 5.552783e-01 -3.797943e-02
8.275878e+00 7.774819e-01 -3.821553e-02
8.275878e+00 1.088445e+00 -3.532236e-02
8.275878e+00 1.523711e+00 -3.227806e-02
8.275878e+00 2.088426e+00 -3.124493e-02
8.275878e+00 2.685505e+00 -2.795861e-02
8.461396e+00 1.570796e-02 -9.323996e-05
8.461396e+00 2.346256e-02 -6.585332e-04
8.461396e+00 3.503514e-02 -8.249598e-04
8.461396e+00 5.263151e-02 -2.40071e-03
8.461396e+00 7.314235e-02 -5.772623e-03
8.461396e+00 1.025928e-01 -8.570863e-03
8.461396e+00 1.448116e-01 -1.290593e-02
8.461396e+00 2.023460e-01 -1.945264e-02
8.461396e+00 2.834245e-01 -2.589446e-02
8.461396e+00 3.967448e-01 -3.219082e-02
8.461396e+00 5.552783e-01 -3.628066e-02
8.461396e+00 7.774819e-01 -3.694322e-02
8.461396e+00 1.088445e+00 -3.458003e-02
8.461396e+00 1.523711e+00 -3.193231e-02
8.461396e+00 2.088426e+00 -3.100933e-02
8.461396e+00 2.685505e+00 -2.758236e-02
8.650623e+00 1.570796e-02 -8.450384e-05
8.650623e+00 2.346256e-02 -6.011390e-04
8.650623e+00 3.503514e-02 -7.49177e-04
8.650623e+00 5.263151e-02 -2.186391e-03
8.650623e+00 7.314235e-02 -5.253936e-03
8.650623e+00 1.025928e-01 -7.804263e-03
8.650623e+00 1.448116e-01 -1.176440e-02
8.650623e+00 2.023460e-01 -1.781458e-02
8.650623e+00 2.834245e-01 -2.39162e-02
8.650623e+00 3.967448e-01 -3.011623e-02
8.650623e+00 5.552783e-01 -3.438516e-02
8.650623e+00 7.774819e-01 -3.547744e-02
8.650623e+00 1.088445e+00 -3.364270e-02
8.650623e+00 1.523711e+00 -3.136504e-02
8.650623e+00 2.088426e+00 -3.057494e-02
8.650623e+00 2.685505e+00 -2.703868e-02
8.843636e+00 1.570796e-02 -7.714597e-05
8.843636e+00 2.346256e-02 -5.461834e-04
8.843636e+00 3.503514e-02 -6.794097e-04
8.843636e+00 5.263151e-02 -1.982802e-03
8.843636e+00 7.314235e-02 -4.768081e-03
8.843636e+00 1.025928e-01 -7.095333e-03
8.843636e+00 1.448116e-01 -1.069551e-02
8.843636e+00 2.023460e-01 -1.627166e-02
8.843636e+00 2.834245e-01 -2.200340e-02
8.843636e+00 3.967448e-01 -2.800937e-02
8.843636e+00 5.552783e-01 -3.239938e-02
8.843636e+00 7.774819e-01 -3.384861e-02
8.843636e+00 1.088445e+00 -3.251075e-02
8.843636e+00 1.523711e+00 -3.063871e-02
8.843636e+00 2.088426e+00 -2.998875e-02
8.843636e+00 2.685505e+00 -2.639967e-02
9.040509e+00 1.570796e-02 -7.005730e-05
9.040509e+00 2.346256e-02 -4.959799e-04
9.040509e+00 3.503514e-02 -6.188036e-04
9.040509e+00 5.263151e-02 -1.796848e-03
9.040509e+00 7.314235e-02 -4.319979e-03
9.040509e+00 1.025928e-01 -6.438684e-03
9.040509e+00 1.448116e-01 -9.716534e-03
9.040509e+00 2.023460e-01 -1.481736e-02
9.040509e+00 2.834245e-01 -2.016067e-02
9.040509e+00 3.967448e-01 -2.589833e-02
9.040509e+00 5.552783e-01 -3.034265e-02
9.040509e+00 7.774819e-01 -3.211480e-02
9.040509e+00 1.088445e+00 -3.123571e-02
9.040509e+00 1.523711e+00 -2.977368e-02
9.040509e+00 2.088426e+00 -2.927593e-02
9.040509e+00 2.685505e+00 -2.565787e-02
9.241319e+00 1.570796e-02 -6.428646e-05
9.241319e+00 2.346256e-02 -4.479565e-04
9.241319e+00 3.503514e-02 -5.610391e-04
9.241319e+00 5.263151e-02 -1.627640e-03
9.241319e+00 7.314235e-02 -3.911140e-03
9.241319e+00 1.025928e-01 -5.834486e-03
9.241319e+00 1.448116e-01 -8.815892e-03
9.241319e+00 2.023460e-01 -1.346804e-02
9.241319e+00 2.834245e-01 -1.841876e-02
9.241319e+00 3.967448e-01 -2.385258e-02
9.241319e+00 5.552783e-01 -2.825182e-02
9.241319e+00 7.774819e-01 -3.026236e-02
9.241319e+00 1.088445e+00 -2.981982e-02
9.241319e+00 1.523711e+00 -2.875765e-02
9.241319e+00 2.088426e+00 -2.843879e-02
9.241319e+00 2.685505e+00 -2.487338e-02
9.446145e+00 1.570796e-02 -5.823469e-05
9.446145e+00 2.346256e-02 -4.043969e-04
9.446145e+00 3.503514e-02 -5.077327e-04
9.446145e+00 5.263151e-02 -1.471305e-03
9.446145e+00 7.314235e-02 -3.534337e-03
9.446145e+00 1.025928e-01 -5.276372e-03
9.446145e+00 1.448116e-01 -7.980258e-03
9.446145e+00 2.023460e-01 -1.220696e-02
9.446145e+00 2.834245e-01 -1.676535e-02
9.446145e+00 3.967448e-01 -2.185622e-02
9.446145e+00 5.552783e-01 -2.61636e-02
9.446145e+00 7.774819e-01 -2.837859e-02
9.446145e+00 1.088445e+00 -2.831924e-02
9.446145e+00 1.523711e+00 -2.764983e-02
9.446145e+00 2.088426e+00 -2.750634e-02
9.446145e+00 2.685505e+00 -2.393817e-02
9.655068e+00 1.570796e-02 -5.28975e-05
9.655068e+00 2.346256e-02 -3.649533e-04
9.655068e+00 3.503514e-02 -4.586498e-04
9.655068e+00 5.263151e-02 -1.326896e-03
9.655068e+00 7.314235e-02 -3.190936e-03
9.655068e+00 1.025928e-01 -4.759395e-03
9.655068e+00 1.448116e-01 -7.212248e-03
9.655068e+00 2.023460e-01 -1.103283e-02
9.655068e+00 2.834245e-01 -1.521514e-02
9.655068e+00 3.967448e-01 -1.995418e-02
9.655068e+00 5.552783e-01 -2.410473e-02
9.655068e+00 7.774819e-01 -2.646881e-02
9.655068e+00 1.088445e+00 -2.674787e-02
9.655068e+00 1.523711e+00 -2.645547e-02
9.655068e+00 2.088426e+00 -2.647995e-02
9.655068e+00 2.685505e+00 -2.301974e-02
9.86817e+00 1.570796e-02 -4.776024e-05
9.86817e+00 2.346256e-02 -3.311634e-04
9.86817e+00 3.503514e-02 -4.145908e-04
9.86817e+00 5.263151e-02 -1.195244e-03
9.86817e+00 7.314235e-02 -2.871596e-03
9.86817e+00 1.025928e-01 -4.277105e-03
9.86817e+00 1.448116e-01 -6.494615e-03
9.86817e+00 2.023460e-01 -9.936308e-03
9.86817e+00 2.834245e-01 -1.374380e-02
9.86817e+00 3.967448e-01 -1.812267e-02
9.86817e+00 5.552783e-01 -2.208736e-02
9.86817e+00 7.774819e-01 -2.453668e-02
9.86817e+00 1.088445e+00 -2.514199e-02
9.86817e+00 1.523711e+00 -2.516286e-02
9.86817e+00 2.088426e+00 -2.534869e-02
9.86817e+00 2.685505e+00 -2.196136e-02
1.008553e+01 1.570796e-02 -4.298149e-05
1.008553e+01 2.346256e-02 -2.971385e-04
1.008553e+01 3.503514e-02 -3.727352e-04
1.008553e+01 5.263151e-02 -1.070542e-03
1.008553e+01 7.314235e-02 -2.574107e-03
1.008553e+01 1.025928e-01 -3.835467e-03
1.008553e+01 1.448116e-01 -5.82721e-03
1.008553e+01 2.023460e-01 -8.925482e-03
1.008553e+01 2.834245e-01 -1.237637e-02
1.008553e+01 3.967448e-01 -1.640545e-02
1.008553e+01 5.552783e-01 -2.013415e-02
1.008553e+01 7.774819e-01 -2.263136e-02
1.008553e+01 1.088445e+00 -2.348281e-02
1.008553e+01 1.523711e+00 -2.380085e-02
1.008553e+01 2.088426e+00 -2.410823e-02
1.008553e+01 2.685505e+00 -2.084103e-02
1.030724e+01 1.570796e-02 -3.864112e-05
1.030724e+01 2.346256e-02 -2.673598e-04
1.030724e+01 3.503514e-02 -3.339978e-04
1.030724e+01 5.263151e-02 -9.582048e-04
1.030724e+01 7.314235e-02 -2.305694e-03
1.030724e+01 1.025928e-01 -3.435176e-03
1.030724e+01 1.448116e-01 -5.215474e-03
1.030724e+01 2.023460e-01 -7.997787e-03
1.030724e+01 2.834245e-01 -1.11148e-02
1.030724e+01 3.967448e-01 -1.478408e-02
1.030724e+01 5.552783e-01 -1.826696e-02
1.030724e+01 7.774819e-01 -2.076765e-02
1.030724e+01 1.088445e+00 -2.182952e-02
1.030724e+01 1.523711e+00 -2.240274e-02
1.030724e+01 2.088426e+00 -2.283978e-02
1.030724e+01 2.685505e+00 -1.967947e-02
1.053339e+01 1.570796e-02 -3.453725e-05
1.053339e+01 2.346256e-02 -2.394625e-04
1.053339e+01 3.503514e-02 -2.97937e-04
1.053339e+01 5.263151e-02 -8.560832e-04
1.053339e+01 7.314235e-02 -2.056371e-03
1.053339e+01 1.025928e-01 -3.064043e-03
1.053339e+01 1.448116e-01 -4.651393e-03
1.053339e+01 2.023460e-01 -7.138881e-03
1.053339e+01 2.834245e-01 -9.937534e-03
1.053339e+01 3.967448e-01 -1.326241e-02
1.053339e+01 5.552783e-01 -1.649822e-02
1.053339e+01 7.774819e-01 -1.896454e-02
1.053339e+01 1.088445e+00 -2.017422e-02
1.053339e+01 1.523711e+00 -2.100859e-02
1.053339e+01 2.088426e+00 -2.156044e-02
1.053339e+01 2.685505e+00 -1.856486e-02
1.076406e+01 1.570796e-02 -3.073842e-05
1.076406e+01 2.346256e-02 -2.127034e-04
1.076406e+01 3.503514e-02 -2.642613e-04
1.076406e+01 5.263151e-02 -7.609029e-04
1.076406e+01 7.314235e-02 -1.828927e-03
1.076406e+01 1.025928e-01 -2.723193e-03
1.076406e+01 1.448116e-01 -4.141874e-03
1.076406e+01 2.023460e-01 -6.354654e-03
1.076406e+01 2.834245e-01 -8.849100e-03
1.076406e+01 3.967448e-01 -1.185235e-02
1.076406e+01 5.552783e-01 -1.482751e-02
1.076406e+01 7.774819e-01 -1.722740e-02
1.076406e+01 1.088445e+00 -1.855603e-02
1.076406e+01 1.523711e+00 -1.95762e-02
1.076406e+01 2.088426e+00 -2.02414e-02
1.076406e+01 2.685505e+00 -1.744509e-02
1.099934e+01 1.570796e-02 -2.703639e-05
1.099934e+01 2.346256e-02 -1.902183e-04
1.099934e+01 3.503514e-02 -2.338072e-04
1.099934e+01 5.263151e-02 -6.747242e-04
1.099934e+01 7.314235e-02 -1.618126e-03
1.099934e+01 1.025928e-01 -2.410102e-03
1.099934e+01 1.448116e-01 -3.678854e-03
1.099934e+01 2.023460e-01 -5.633785e-03
1.099934e+01 2.834245e-01 -7.850038e-03
1.099934e+01 3.967448e-01 -1.054603e-02
1.099934e+01 5.552783e-01 -1.326457e-02
1.099934e+01 7.774819e-01 -1.55648e-02
1.099934e+01 1.088445e+00 -1.699207e-02
1.099934e+01 1.523711e+00 -1.815236e-02
1.099934e+01 2.088426e+00 -1.889634e-02
1.099934e+01 2.685505e+00 -1.627638e-02
1.123932e+01 1.570796e-02 -2.392312e-05
1.123932e+01 2.346256e-02 -1.679343e-04
1.123932e+01 3.503514e-02 -2.070687e-04
1.123932e+01 5.263151e-02 -5.964575e-04
1.123932e+01 7.314235e-02 -1.430597e-03
1.123932e+01 1.025928e-01 -2.128457e-03
1.123932e+01 1.448116e-01 -3.250595e-03
1.123932e+01 2.023460e-01 -4.974770e-03
1.123932e+01 2.834245e-01 -6.943909e-03
1.123932e+01 3.967448e-01 -9.361324e-03
1.123932e+01 5.552783e-01 -1.181221e-02
1.123932e+01 7.774819e-01 -1.399186e-02
1.123932e+01 1.088445e+00 -1.547076e-02
1.123932e+01 1.523711e+00 -1.675366e-02
1.123932e+01 2.088426e+00 -1.755023e-02
1.123932e+01 2.685505e+00 -1.514723e-02
1.148411e+01 1.570796e-02 -2.106231e-05
1.148411e+01 2.346256e-02 -1.476134e-04
1.148411e+01 3.503514e-02 -1.815567e-04
1.148411e+01 5.263151e-02 -5.240293e-04
1.148411e+01 7.314235e-02 -1.260536e-03
1.148411e+01 1.025928e-01 -1.869064e-03
1.148411e+01 1.448116e-01 -2.865441e-03
1.148411e+01 2.023460e-01 -4.377948e-03
1.148411e+01 2.834245e-01 -6.116274e-03
1.148411e+01 3.967448e-01 -8.260095e-03
1.148411e+01 5.552783e-01 -1.047679e-02
1.148411e+01 7.774819e-01 -1.252157e-02
1.148411e+01 1.088445e+00 -1.402169e-02
1.148411e+01 1.523711e+00 -1.535703e-02
1.148411e+01 2.088426e+00 -1.621707e-02
1.148411e+01 2.685505e+00 -1.407104e-02
1.173379e+01 1.570796e-02 -1.849754e-05
1.173379e+01 2.346256e-02 -1.283538e-04
1.173379e+01 3.503514e-02 -1.589794e-04
1.173379e+01 5.263151e-02 -4.597544e-04
1.173379e+01 7.314235e-02 -1.107179e-03
1.173379e+01 1.025928e-01 -1.636585e-03
1.173379e+01 1.448116e-01 -2.515235e-03
1.173379e+01 2.023460e-01 -3.840903e-03
1.173379e+01 2.834245e-01 -5.36725e-03
1.173379e+01 3.967448e-01 -7.262873e-03
1.173379e+01 5.552783e-01 -9.243825e-03
1.173379e+01 7.774819e-01 -1.115790e-02
1.173379e+01 1.088445e+00 -1.263184e-02
1.173379e+01 1.523711e+00 -1.403645e-02
1.173379e+01 2.088426e+00 -1.493296e-02
1.173379e+01 2.685505e+00 -1.301350e-02
1.198847e+01 1.570796e-02 -1.629551e-05
1.198847e+01 2.346256e-02 -1.122156e-04
1.198847e+01 3.503514e-02 -1.388481e-04
1.198847e+01 5.263151e-02 -4.024504e-04
1.198847e+01 7.314235e-02 -9.653983e-04
1.198847e+01 1.025928e-01 -1.425050e-03
1.198847e+01 1.448116e-01 -2.194936e-03
1.198847e+01 2.023460e-01 -3.350859e-03
1.198847e+01 2.834245e-01 -4.693739e-03
1.198847e+01 3.967448e-01 -6.350982e-03
1.198847e+01 5.552783e-01 -8.112241e-03
1.198847e+01 7.774819e-01 -9.878720e-03
1.198847e+01 1.088445e+00 -1.133236e-02
1.198847e+01 1.523711e+00 -1.275273e-02
1.198847e+01 2.088426e+00 -1.364438e-02
1.198847e+01 2.685505e+00 -1.191681e-02
1.224824e+01 1.570796e-02 -1.422252e-05
1.224824e+01 2.346256e-02 -9.699652e-05
1.224824e+01 3.503514e-02 -1.213162e-04
1.224824e+01 5.263151e-02 -3.509055e-04
1.224824e+01 7.314235e-02 -8.379059e-04
1.224824e+01 1.025928e-01 -1.238928e-03
1.224824e+01 1.448116e-01 -1.910433e-03
1.224824e+01 2.023460e-01 -2.914198e-03
1.224824e+01 2.834245e-01 -4.087289e-03
1.224824e+01 3.967448e-01 -5.535825e-03
1.224824e+01 5.552783e-01 -7.094003e-03
1.224824e+01 7.774819e-01 -8.723279e-03
1.224824e+01 1.088445e+00 -1.012238e-02
1.224824e+01 1.523711e+00 -1.153289e-02
1.224824e+01 2.088426e+00 -1.242958e-02
1.224824e+01 2.685505e+00 -1.090382e-02
1.251320e+01 1.570796e-02 -1.216636e-05
1.251320e+01 2.346256e-02 -8.382241e-05
1.251320e+01 3.503514e-02 -1.049026e-04
1.251320e+01 5.263151e-02 -3.035831e-04
1.251320e+01 7.314235e-02 -7.270719e-04
1.251320e+01 1.025928e-01 -1.073854e-03
1.251320e+01 1.448116e-01 -1.660994e-03
1.251320e+01 2.023460e-01 -2.524137e-03
1.251320e+01 2.834245e-01 -3.546869e-03
1.251320e+01 3.967448e-01 -4.808362e-03
1.251320e+01 5.552783e-01 -6.183436e-03
1.251320e+01 7.774819e-01 -7.666594e-03
1.251320e+01 1.088445e+00 -9.001803e-03
1.251320e+01 1.523711e+00 -1.037560e-02
1.251320e+01 2.088426e+00 -1.126988e-02
1.251320e+01 2.685505e+00 -9.890958e-03
1.278347e+01 1.570796e-02 -1.044066e-05
1.278347e+01 2.346256e-02 -7.209024e-05
1.278347e+01 3.503514e-02 -9.0066e-05
1.278347e+01 5.263151e-02 -2.620508e-04
1.278347e+01 7.314235e-02 -6.245636e-04
1.278347e+01 1.025928e-01 -9.257061e-04
1.278347e+01 1.448116e-01 -1.432107e-03
1.278347e+01 2.023460e-01 -2.174291e-03
1.278347e+01 2.834245e-01 -3.060149e-03
1.278347e+01 3.967448e-01 -4.155821e-03
1.278347e+01 5.552783e-01 -5.359824e-03
1.278347e+01 7.774819e-01 -6.688972e-03
1.278347e+01 1.088445e+00 -7.957794e-03
1.278347e+01 1.523711e+00 -9.279893e-03
1.278347e+01 2.088426e+00 -1.014587e-02
1.278347e+01 2.685505e+00 -8.947201e-03
1.305914e+01 1.570796e-02 -8.818752e-06
1.305914e+01 2.346256e-02 -6.197681e-05
1.305914e+01 3.503514e-02 -7.783064e-05
1.305914e+01 5.263151e-02 -2.247173e-04
1.305914e+01 7.314235e-02 -5.368269e-04
1.305914e+01 1.025928e-01 -7.935575e-04
1.305914e+01 1.448116e-01 -1.230270e-03
1.305914e+01 2.023460e-01 -1.867258e-03
1.305914e+01 2.834245e-01 -2.633495e-03
1.305914e+01 3.967448e-01 -3.574147e-03
1.305914e+01 5.552783e-01 -4.626775e-03
1.305914e+01 7.774819e-01 -5.821904e-03
1.305914e+01 1.088445e+00 -7.004739e-03
1.305914e+01 1.523711e+00 -8.259233e-03
1.305914e+01 2.088426e+00 -9.115238e-03
1.305914e+01 2.685505e+00 -8.067099e-03
1.334032e+01 1.570796e-02 -7.636754e-06
1.334032e+01 2.346256e-02 -5.308551e-05
1.334032e+01 3.503514e-02 -6.645373e-05
1.334032e+01 5.263151e-02 -1.919737e-04
1.334032e+01 7.314235e-02 -4.591213e-04
1.334032e+01 1.025928e-01 -6.783719e-04
1.334032e+01 1.448116e-01 -1.053423e-03
1.334032e+01 2.023460e-01 -1.597986e-03
1.334032e+01 2.834245e-01 -2.259062e-03
1.334032e+01 3.967448e-01 -3.064407e-03
1.334032e+01 5.552783e-01 -3.978450e-03
1.334032e+01 7.774819e-01 -5.044290e-03
1.334032e+01 1.088445e+00 -6.131163e-03
1.334032e+01 1.523711e+00 -7.301934e-03
1.334032e+01 2.088426e+00 -8.115513e-03
1.334032e+01 2.685505e+00 -7.223251e-03
1.362713e+01 1.570796e-02 -6.465067e-06
1.362713e+01 2.346256e-02 -4.541616e-05
1.362713e+01 3.503514e-02 -5.635027e-05
1.362713e+01 5.263151e-02 -1.636746e-04
1.362713e+01 7.314235e-02 -3.904509e-04
1.362713e+01 1.025928e-01 -5.794846e-04
1.362713e+01 1.448116e-01 -8.965787e-04
1.362713e+01 2.023460e-01 -1.361395e-03
1.362713e+01 2.834245e-01 -1.926784e-03
1.362713e+01 3.967448e-01 -2.61694e-03
1.362713e+01 5.552783e-01 -3.408708e-03
1.362713e+01 7.774819e-01 -4.351747e-03
1.362713e+01 1.088445e+00 -5.347201e-03
1.362713e+01 1.523711e+00 -6.424408e-03
1.362713e+01 2.088426e+00 -7.192348e-03
1.362713e+01 2.685505e+00 -6.431151e-03
1.391967e+01 1.570796e-02 -5.572821e-06
1.391967e+01 2.346256e-02 -3.842941e-05
1.391967e+01 3.503514e-02 -4.808074e-05
1.391967e+01 5.263151e-02 -1.383376e-04
1.391967e+01 7.314235e-02 -3.306028e-04
1.391967e+01 1.025928e-01 -4.913146e-04
1.391967e+01 1.448116e-01 -7.594804e-04
1.391967e+01 2.023460e-01 -1.154236e-03
1.391967e+01 2.834245e-01 -1.634640e-03
1.391967e+01 3.967448e-01 -2.223421e-03
1.391967e+01 5.552783e-01 -2.901659e-03
1.391967e+01 7.774819e-01 -3.728482e-03
1.391967e+01 1.088445e+00 -4.625265e-03
1.391967e+01 1.523711e+00 -5.60096e-03
1.391967e+01 2.088426e+00 -6.312134e-03
1.391967e+01 2.685505e+00 -5.660388e-03
1.421806e+01 1.570796e-02 -4.750252e-06
1.421806e+01 2.346256e-02 -3.243083e-05
1.421806e+01 3.503514e-02 -4.065801e-05
1.421806e+01 5.263151e-02 -1.163388e-04
1.421806e+01 7.314235e-02 -2.785875e-04
1.421806e+01 1.025928e-01 -4.150804e-04
1.421806e+01 1.448116e-01 -6.402101e-04
1.421806e+01 2.023460e-01 -9.729683e-04
1.421806e+01 2.834245e-01 -1.380887e-03
1.421806e+01 3.967448e-01 -1.876844e-03
1.421806e+01 5.552783e-01 -2.460979e-03
1.421806e+01 7.774819e-01 -3.186221e-03
1.421806e+01 1.088445e+00 -3.980149e-03
1.421806e+01 1.523711e+00 -4.855091e-03
1.421806e+01 2.088426e+00 -5.488142e-03
1.421806e+01 2.685505e+00 -4.925576e-03
1.452242e+01 1.570796e-02 -4.024109e-06
1.452242e+01 2.346256e-02 -2.694093e-05
1.452242e+01 3.503514e-02 -3.42295e-05
1.452242e+01 5.263151e-02 -9.720367e-05
1.452242e+01 7.314235e-02 -2.335358e-04
1.452242e+01 1.025928e-01 -3.483907e-04
1.452242e+01 1.448116e-01 -5.379885e-04
1.452242e+01 2.023460e-01 -8.175201e-04
1.452242e+01 2.834245e-01 -1.161912e-03
1.452242e+01 3.967448e-01 -1.579924e-03
1.452242e+01 5.552783e-01 -2.078976e-03
1.452242e+01 7.774819e-01 -2.707883e-03
1.452242e+01 1.088445e+00 -3.405544e-03
1.452242e+01 1.523711e+00 -4.170201e-03
1.452242e+01 2.088426e+00 -4.726849e-03
1.452242e+01 2.685505e+00 -4.252470e-03
1.483287e+01 1.570796e-02 -3.425555e-06
1.483287e+01 2.346256e-02 -2.261588e-05
1.483287e+01 3.503514e-02 -2.863199e-05
1.483287e+01 5.263151e-02 -8.119344e-05
1.483287e+01 7.314235e-02 -1.951962e-04
1.483287e+01 1.025928e-01 -2.908889e-04
1.483287e+01 1.448116e-01 -4.487632e-04
1.483287e+01 2.023460e-01 -6.833919e-04
1.483287e+01 2.834245e-01 -9.725161e-04
1.483287e+01 3.967448e-01 -1.321316e-03
1.483287e+01 5.552783e-01 -1.745973e-03
1.483287e+01 7.774819e-01 -2.2828e-03
1.483287e+01 1.088445e+00 -2.893008e-03
1.483287e+01 1.523711e+00 -3.563746e-03
1.483287e+01 2.088426e+00 -4.045127e-03
1.483287e+01 2.685505e+00 -3.649233e-03
1.514953e+01 1.570796e-02 -2.866236e-06
1.514953e+01 2.346256e-02 -1.865791e-05
1.514953e+01 3.503514e-02 -2.405693e-05
1.514953e+01 5.263151e-02 -6.749523e-05
1.514953e+01 7.314235e-02 -1.622927e-04
1.514953e+01 1.025928e-01 -2.412612e-04
1.514953e+01 1.448116e-01 -3.723586e-04
1.514953e+01 2.023460e-01 -5.677328e-04
1.514953e+01 2.834245e-01 -8.085661e-04
1.514953e+01 3.967448e-01 -1.098665e-03
1.514953e+01 5.552783e-01 -1.457827e-03
1.514953e+01 7.774819e-01 -1.918946e-03
1.514953e+01 1.088445e+00 -2.445805e-03
1.514953e+01 1.523711e+00 -3.025808e-03
1.514953e+01 2.088426e+00 -3.447939e-03
1.514953e+01 2.685505e+00 -3.118827e-03
1.547252e+01 1.570796e-02 -2.386772e-06
1.547252e+01 2.346256e-02 -1.510667e-05
1.547252e+01 3.503514e-02 -1.988188e-05
1.547252e+01 5.263151e-02 -5.572879e-05
1.547252e+01 7.314235e-02 -1.337115e-04
1.547252e+01 1.025928e-01 -1.985139e-04
1.547252e+01 1.448116e-01 -3.077987e-04
1.547252e+01 2.023460e-01 -4.673599e-04
1.547252e+01 2.834245e-01 -6.685476e-04
1.547252e+01 3.967448e-01 -9.087417e-04
1.547252e+01 5.552783e-01 -1.211225e-03
1.547252e+01 7.774819e-01 -1.605541e-03
1.547252e+01 1.088445e+00 -2.058105e-03
1.547252e+01 1.523711e+00 -2.556161e-03
1.547252e+01 2.088426e+00 -2.923023e-03
1.547252e+01 2.685505e+00 -2.640386e-03
1.580197e+01 1.570796e-02 -1.967956e-06
1.580197e+01 2.346256e-02 -1.220113e-05
1.580197e+01 3.503514e-02 -1.629528e-05
1.580197e+01 5.263151e-02 -4.579287e-05
1.580197e+01 7.314235e-02 -1.100752e-04
1.580197e+01 1.025928e-01 -1.627385e-04
1.580197e+01 1.448116e-01 -2.52781e-04
1.580197e+01 2.023460e-01 -3.834837e-04
1.580197e+01 2.834245e-01 -5.490418e-04
1.580197e+01 3.967448e-01 -7.484863e-04
1.580197e+01 5.552783e-01 -1.003398e-03
1.580197e+01 7.774819e-01 -1.336053e-03
1.580197e+01 1.088445e+00 -1.719804e-03
1.580197e+01 1.523711e+00 -2.139417e-03
1.580197e+01 2.088426e+00 -2.446583e-03
1.580197e+01 2.685505e+00 -2.214178e-03
1.613801e+01 1.570796e-02 -1.591420e-06
1.613801e+01 2.346256e-02 -9.754877e-06
1.613801e+01 3.503514e-02 -1.324456e-05
1.613801e+01 5.263151e-02 -3.728047e-05
1.613801e+01 7.314235e-02 -8.978488e-05
1.613801e+01 1.025928e-01 -1.321671e-04
1.613801e+01 1.448116e-01 -2.067318e-04
1.613801e+01 2.023460e-01 -3.124156e-04
1.613801e+01 2.834245e-01 -4.487468e-04
1.613801e+01 3.967448e-01 -6.122869e-04
1.613801e+01 5.552783e-01 -8.225586e-04
1.613801e+01 7.774819e-01 -1.105052e-03
1.613801e+01 1.088445e+00 -1.425587e-03
1.613801e+01 1.523711e+00 -1.776577e-03
1.613801e+01 2.088426e+00 -2.030600e-03
1.613801e+01 2.685505e+00 -1.823434e-03
1.648077e+01 1.570796e-02 -1.306732e-06
1.648077e+01 2.346256e-02 -7.826715e-06
1.648077e+01 3.503514e-02 -1.063914e-05
1.648077e+01 5.263151e-02 -3.012446e-05
1.648077e+01 7.314235e-02 -7.261608e-05
1.648077e+01 1.025928e-01 -1.065016e-04
1.648077e+01 1.448116e-01 -1.674516e-04
1.648077e+01 2.023460e-01 -2.522792e-04
1.648077e+01 2.834245e-01 -3.63551e-04
1.648077e+01 3.967448e-01 -4.968582e-04
1.648077e+01 5.552783e-01 -6.695238e-04
1.648077e+01 7.774819e-01 -9.074068e-04
1.648077e+01 1.088445e+00 -1.172945e-03
1.648077e+01 1.523711e+00 -1.462504e-03
1.648077e+01 2.088426e+00 -1.676133e-03
1.648077e+01 2.685505e+00 -1.475429e-03
1.683038e+01 1.570796e-02 -1.058422e-06
1.683038e+01 2.346256e-02 -6.24979e-06
1.683038e+01 3.503514e-02 -8.448658e-06
1.683038e+01 5.263151e-02 -2.405919e-05
1.683038e+01 7.314235e-02 -5.786752e-05
1.683038e+01 1.025928e-01 -8.525544e-05
1.683038e+01 1.448116e-01 -1.344197e-04
1.683038e+01 2.023460e-01 -2.025932e-04
1.683038e+01 2.834245e-01 -2.925413e-04
1.683038e+01 3.967448e-01 -4.001725e-04
1.683038e+01 5.552783e-01 -5.418241e-04
1.683038e+01 7.774819e-01 -7.391446e-04
1.683038e+01 1.088445e+00 -9.589295e-04
1.683038e+01 1.523711e+00 -1.200137e-03
1.683038e+01 2.088426e+00 -1.367286e-03
1.683038e+01 2.685505e+00 -1.185837e-03
1.718699e+01 1.570796e-02 -8.548883e-07
1.718699e+01 2.346256e-02 -4.800536e-06
1.718699e+01 3.503514e-02 -6.727278e-06
1.718699e+01 5.263151e-02 -1.912499e-05
1.718699e+01 7.314235e-02 -4.604018e-05
1.718699e+01 1.025928e-01 -6.77636e-05
1.718699e+01 1.448116e-01 -1.071871e-04
1.718699e+01 2.023460e-01 -1.620949e-04
1.718699e+01 2.834245e-01 -2.332290e-04
1.718699e+01 3.967448e-01 -3.208006e-04
1.718699e+01 5.552783e-01 -4.362019e-04
1.718699e+01 7.774819e-01 -6.005343e-04
1.718699e+01 1.088445e+00 -7.808363e-04
1.718699e+01 1.523711e+00 -9.75706e-04
1.718699e+01 2.088426e+00 -1.10504e-03
1.718699e+01 2.685505e+00 -9.377516e-04
1.755073e+01 1.570796e-02 -6.845286e-07
1.755073e+01 2.346256e-02 -3.822162e-06
1.755073e+01 3.503514e-02 -5.284235e-06
1.755073e+01 5.263151e-02 -1.521708e-05
1.755073e+01 7.314235e-02 -3.631151e-05
1.755073e+01 1.025928e-01 -5.338951e-05
1.755073e+01 1.448116e-01 -8.384737e-05
1.755073e+01 2.023460e-01 -1.273004e-04
1.755073e+01 2.834245e-01 -1.839397e-04
1.755073e+01 3.967448e-01 -2.533291e-04
1.755073e+01 5.552783e-01 -3.462142e-04
1.755073e+01 7.774819e-01 -4.810046e-04
1.755073e+01 1.088445e+00 -6.280480e-04
1.755073e+01 1.523711e+00 -7.8373e-04
1.755073e+01 2.088426e+00 -8.824947e-04
1.755073e+01 2.685505e+00 -7.325885e-04
1.792175e+01 1.570796e-02 -5.289960e-07
1.792175e+01 2.346256e-02 -2.885572e-06
1.792175e+01 3.503514e-02 -4.169072e-06
1.792175e+01 5.263151e-02 -1.202881e-05
1.792175e+01 7.314235e-02 -2.837985e-05
1.792175e+01 1.025928e-01 -4.170109e-05
1.792175e+01 1.448116e-01 -6.529454e-05
1.792175e+01 2.023460e-01 -9.953755e-05
1.792175e+01 2.834245e-01 -1.435259e-04
1.792175e+01 3.967448e-01 -1.989801e-04
1.792175e+01 5.552783e-01 -2.733795e-04
1.792175e+01 7.774819e-01 -3.836025e-04
1.792175e+01 1.088445e+00 -5.024561e-04
1.792175e+01 1.523711e+00 -6.280776e-04
1.792175e+01 2.088426e+00 -7.011134e-04
1.792175e+01 2.685505e+00 -5.696567e-04
1.830018e+01 1.570796e-02 -4.290907e-07
1.830018e+01 2.346256e-02 -2.176294e-06
1.830018e+01 3.503514e-02 -3.189341e-06
1.830018e+01 5.263151e-02 -9.284303e-06
1.830018e+01 7.314235e-02 -2.207275e-05
1.830018e+01 1.025928e-01 -3.207637e-05
1.830018e+01 1.448116e-01 -5.041811e-05
1.830018e+01 2.023460e-01 -7.690163e-05
1.830018e+01 2.834245e-01 -1.112777e-04
1.830018e+01 3.967448e-01 -1.546639e-04
1.830018e+01 5.552783e-01 -2.143935e-04
1.830018e+01 7.774819e-01 -3.036550e-04
1.830018e+01 1.088445e+00 -3.997885e-04
1.830018e+01 1.523711e+00 -4.999643e-04
1.830018e+01 2.088426e+00 -5.532907e-04
1.830018e+01 2.685505e+00 -4.364629e-04
1.868618e+01 1.570796e-02 -3.331293e-07
1.868618e+01 2.346256e-02 -1.669403e-06
1.868618e+01 3.503514e-02 -2.407590e-06
1.868618e+01 5.263151e-02 -7.038707e-06
1.868618e+01 7.314235e-02 -1.691882e-05
1.868618e+01 1.025928e-01 -2.424177e-05
1.868618e+01 1.448116e-01 -3.818345e-05
1.868618e+01 2.023460e-01 -5.840293e-05
1.868618e+01 2.834245e-01 -8.498496e-05
1.868618e+01 3.967448e-01 -1.187628e-04
1.868618e+01 5.552783e-01 -1.660301e-04
1.868618e+01 7.774819e-01 -2.370124e-04
1.868618e+01 1.088445e+00 -3.149915e-04
1.868618e+01 1.523711e+00 -3.945936e-04
1.868618e+01 2.088426e+00 -4.352902e-04
1.868618e+01 2.685505e+00 -3.359384e-04
1.907991e+01 1.570796e-02 -2.695432e-07
1.907991e+01 2.346256e-02 -1.199987e-06
1.907991e+01 3.503514e-02 -1.759486e-06
1.907991e+01 5.263151e-02 -5.309797e-06
1.907991e+01 7.314235e-02 -1.273881e-05
1.907991e+01 1.025928e-01 -1.827245e-05
1.907991e+01 1.448116e-01 -2.905678e-05
1.907991e+01 2.023460e-01 -4.396419e-05
1.907991e+01 2.834245e-01 -6.452634e-05
1.907991e+01 3.967448e-01 -9.026028e-05
1.907991e+01 5.552783e-01 -1.276154e-04
1.907991e+01 7.774819e-01 -1.833489e-04
1.907991e+01 1.088445e+00 -2.456297e-04
1.907991e+01 1.523711e+00 -3.103692e-04
1.907991e+01 2.088426e+00 -3.424534e-04
1.907991e+01 2.685505e+00 -2.609199e-04
1.948151e+01 1.570796e-02 -2.015172e-07
1.948151e+01 2.346256e-02 -8.848649e-07
1.948151e+01 3.503514e-02 -1.295336e-06
1.948151e+01 5.263151e-02 -3.957534e-06
1.948151e+01 7.314235e-02 -9.49178e-06
1.948151e+01 1.025928e-01 -1.367151e-05
1.948151e+01 1.448116e-01 -2.152955e-05
1.948151e+01 2.023460e-01 -3.260351e-05
1.948151e+01 2.834245e-01 -4.825412e-05
1.948151e+01 3.967448e-01 -6.777453e-05
1.948151e+01 5.552783e-01 -9.679700e-05
1.948151e+01 7.774819e-01 -1.404595e-04
1.948151e+01 1.088445e+00 -1.89448e-04
1.948151e+01 1.523711e+00 -2.437364e-04
1.948151e+01 2.088426e+00 -2.701543e-04
1.948151e+01 2.685505e+00 -2.037784e-04
1.989114e+01 1.570796e-02 -1.479873e-07
1.989114e+01 2.346256e-02 -6.322204e-07
1.989114e+01 3.503514e-02 -9.168114e-07
1.989114e+01 5.263151e-02 -2.869976e-06
1.989114e+01 7.314235e-02 -6.822347e-06
1.989114e+01 1.025928e-01 -9.879588e-06
1.989114e+01 1.448116e-01 -1.565685e-05
1.989114e+01 2.023460e-01 -2.365886e-05
1.989114e+01 2.834245e-01 -3.507740e-05
1.989114e+01 3.967448e-01 -4.954476e-05
1.989114e+01 5.552783e-01 -7.15401e-05
1.989114e+01 7.774819e-01 -1.049076e-04
1.989114e+01 1.088445e+00 -1.429909e-04
1.989114e+01 1.523711e+00 -1.876719e-04
1.989114e+01 2.088426e+00 -2.097886e-04
1.989114e+01 2.685505e+00 -1.587801e-04
2.030896e+01 1.570796e-02 -1.044742e-07
2.030896e+01 2.346256e-02 -4.437967e-07
2.030896e+01 3.503514e-02 -6.643116e-07
2.030896e+01 5.263151e-02 -2.019194e-06
2.030896e+01 7.314235e-02 -4.896015e-06
2.030896e+01 1.025928e-01 -7.084411e-06
2.030896e+01 1.448116e-01 -1.118823e-05
2.030896e+01 2.023460e-01 -1.683174e-05
2.030896e+01 2.834245e-01 -2.524191e-05
2.030896e+01 3.967448e-01 -3.585465e-05
2.030896e+01 5.552783e-01 -5.230018e-05
2.030896e+01 7.774819e-01 -7.747988e-05
2.030896e+01 1.088445e+00 -1.06919e-04
2.030896e+01 1.523711e+00 -1.42357e-04
2.030896e+01 2.088426e+00 -1.617418e-04
2.030896e+01 2.685505e+00 -1.207938e-04
2.073514e+01 1.570796e-02 -7.626149e-08
2.073514e+01 2.346256e-02 -3.037898e-07
2.073514e+01 3.503514e-02 -4.805769e-07
2.073514e+01 5.263151e-02 -1.402842e-06
2.073514e+01 7.314235e-02 -3.384190e-06
2.073514e+01 1.025928e-01 -4.927428e-06
2.073514e+01 1.448116e-01 -7.828499e-06
2.073514e+01 2.023460e-01 -1.169255e-05
2.073514e+01 2.834245e-01 -1.768189e-05
2.073514e+01 3.967448e-01 -2.543427e-05
2.073514e+01 5.552783e-01 -3.698833e-05
2.073514e+01 7.774819e-01 -5.549997e-05
2.073514e+01 1.088445e+00 -7.764405e-05
2.073514e+01 1.523711e+00 -1.05672e-04
2.073514e+01 2.088426e+00 -1.221976e-04
2.073514e+01 2.685505e+00 -9.500596e-05
2.116984e+01 1.570796e-02 -5.218649e-08
2.116984e+01 2.346256e-02 -2.041355e-07
2.116984e+01 3.503514e-02 -3.288295e-07
2.116984e+01 5.263151e-02 -9.334480e-07
2.116984e+01 7.314235e-02 -2.299577e-06
2.116984e+01 1.025928e-01 -3.355412e-06
2.116984e+01 1.448116e-01 -5.305311e-06
2.116984e+01 2.023460e-01 -8.027654e-06
2.116984e+01 2.834245e-01 -1.202241e-05
2.116984e+01 3.967448e-01 -1.753984e-05
2.116984e+01 5.552783e-01 -2.566616e-05
2.116984e+01 7.774819e-01 -3.867104e-05
2.116984e+01 1.088445e+00 -5.501962e-05
2.116984e+01 1.523711e+00 -7.635984e-05
2.116984e+01 2.088426e+00 -9.089636e-05
2.116984e+01 2.685505e+00 -7.540438e-05
2.161324e+01 1.570796e-02 -3.531321e-08
2.161324e+01 2.346256e-02 -1.441516e-07
2.161324e+01 3.503514e-02 -2.183331e-07
2.161324e+01 5.263151e-02 -6.267815e-07
2.161324e+01 7.314235e-02 -1.566961e-06
2.161324e+01 1.025928e-01 -2.248231e-06
2.161324e+01 1.448116e-01 -3.631601e-06
2.161324e+01 2.023460e-01 -5.405816e-06
2.161324e+01 2.834245e-01 -8.264972e-06
2.161324e+01 3.967448e-01 -1.207354e-05
2.161324e+01 5.552783e-01 -1.768688e-05
2.161324e+01 7.774819e-01 -2.679456e-05
2.161324e+01 1.088445e+00 -3.861294e-05
2.161324e+01 1.523711e+00 -5.415878e-05
2.161324e+01 2.088426e+00 -6.515733e-05
2.161324e+01 2.685505e+00 -5.621221e-05
2.206550e+01 1.570796e-02 -2.451233e-08
2.206550e+01 2.346256e-02 -1.011261e-07
2.206550e+01 3.503514e-02 -1.440708e-07
2.206550e+01 5.263151e-02 -4.046911e-07
2.206550e+01 7.314235e-02 -1.060250e-06
2.206550e+01 1.025928e-01 -1.493937e-06
2.206550e+01 1.448116e-01 -2.412176e-06
2.206550e+01 2.023460e-01 -3.590683e-06
2.206550e+01 2.834245e-01 -5.505981e-06
2.206550e+01 3.967448e-01 -8.143628e-06
2.206550e+01 5.552783e-01 -1.196032e-05
2.206550e+01 7.774819e-01 -1.82552e-05
2.206550e+01 1.088445e+00 -2.656759e-05
2.206550e+01 1.523711e+00 -3.777376e-05
2.206550e+01 2.088426e+00 -4.637814e-05
2.206550e+01 2.685505e+00 -4.123483e-05
2.252681e+01 1.570796e-02 -1.602232e-08
2.252681e+01 2.346256e-02 -6.055317e-08
2.252681e+01 3.503514e-02 -9.529609e-08
2.252681e+01 5.263151e-02 -2.677581e-07
2.252681e+01 7.314235e-02 -6.947254e-07
2.252681e+01 1.025928e-01 -9.776876e-07
2.252681e+01 1.448116e-01 -1.578109e-06
2.252681e+01 2.023460e-01 -2.347187e-06
2.252681e+01 2.834245e-01 -3.591968e-06
2.252681e+01 3.967448e-01 -5.369489e-06
2.252681e+01 5.552783e-01 -7.987459e-06
2.252681e+01 7.774819e-01 -1.214192e-05
2.252681e+01 1.088445e+00 -1.785938e-05
2.252681e+01 1.523711e+00 -2.576974e-05
2.252681e+01 2.088426e+00 -3.243529e-05
2.252681e+01 2.685505e+00 -2.929545e-05
2.299735e+01 1.570796e-02 -1.036629e-08
2.299735e+01 2.346256e-02 -3.092378e-08
2.299735e+01 3.503514e-02 -6.345984e-08
2.299735e+01 5.263151e-02 -1.730532e-07
2.299735e+01 7.314235e-02 -4.37064e-07
2.299735e+01 1.025928e-01 -6.157882e-07
2.299735e+01 1.448116e-01 -1.004853e-06
2.299735e+01 2.023460e-01 -1.493376e-06
2.299735e+01 2.834245e-01 -2.291874e-06
2.299735e+01 3.967448e-01 -3.458945e-06
2.299735e+01 5.552783e-01 -5.157477e-06
2.299735e+01 7.774819e-01 -7.919245e-06
2.299735e+01 1.088445e+00 -1.170376e-05
2.299735e+01 1.523711e+00 -1.720367e-05
2.299735e+01 2.088426e+00 -2.206624e-05
2.299735e+01 2.685505e+00 -2.054993e-05
2.34773e+01 1.570796e-02 -5.611888e-09
2.34773e+01 2.346256e-02 -1.992651e-08
2.34773e+01 3.503514e-02 -3.858673e-08
2.34773e+01 5.263151e-02 -1.073895e-07
2.34773e+01 7.314235e-02 -2.696589e-07
2.34773e+01 1.025928e-01 -3.864747e-07
2.34773e+01 1.448116e-01 -6.161089e-07
2.34773e+01 2.023460e-01 -9.390556e-07
2.34773e+01 2.834245e-01 -1.425385e-06
2.34773e+01 3.967448e-01 -2.188142e-06
2.34773e+01 5.552783e-01 -3.303882e-06
2.34773e+01 7.774819e-01 -5.144772e-06
2.34773e+01 1.088445e+00 -7.583538e-06
2.34773e+01 1.523711e+00 -1.140786e-05
2.34773e+01 2.088426e+00 -1.509103e-05
2.34773e+01 2.685505e+00 -1.448584e-05
2.396684e+01 1.570796e-02 5.415407e-12
2.396684e+01 2.346256e-02 4.294030e-10
2.396684e+01 3.503514e-02 5.472776e-10
2.396684e+01 5.263151e-02 1.395966e-09
2.396684e+01 7.314235e-02 3.375611e-09
2.396684e+01 1.025928e-01 5.975485e-09
2.396684e+01 1.448116e-01 1.070345e-08
2.396684e+01 2.023460e-01 1.872732e-08
2.396684e+01 2.834245e-01 3.01026e-08
2.396684e+01 3.967448e-01 4.776788e-08
2.396684e+01 5.552783e-01 7.176127e-08
2.396684e+01 7.774819e-01 9.666502e-08
2.396684e+01 1.088445e+00 1.063367e-07
2.396684e+01 1.523711e+00 8.583997e-08
2.396684e+01 2.088426e+00 4.425507e-08
2.396684e+01 2.685505e+00 9.384502e-09
2.446618e+01 1.570796e-02 2.82544e-11
2.446618e+01 2.346256e-02 5.305537e-10
2.446618e+01 3.503514e-02 6.605422e-10
2.446618e+01 5.263151e-02 1.759966e-09
2.446618e+01 7.314235e-02 4.213691e-09
2.446618e+01 1.025928e-01 6.948112e-09
2.446618e+01 1.448116e-01 1.183629e-08
2.446618e+01 2.023460e-01 1.998733e-08
2.446618e+01 2.834245e-01 3.132469e-08
2.446618e+01 3.967448e-01 4.895808e-08
2.446618e+01 5.552783e-01 7.286973e-08
2.446618e+01 7.774819e-01 9.817178e-08
2.446618e+01 1.088445e+00 1.091195e-07
2.446618e+01 1.523711e+00 9.170050e-08
2.446618e+01 2.088426e+00 5.248705e-08
2.446618e+01 2.685505e+00 1.577244e-08
2.497550e+01 1.570796e-02 4.390874e-11
2.497550e+01 2.346256e-02 5.862506e-10
2.497550e+01 3.503514e-02 7.292786e-10
2.497550e+01 5.263151e-02 1.985177e-09
2.497550e+01 7.314235e-02 4.737752e-09
2.497550e+01 1.025928e-01 7.511522e-09
2.497550e+01 1.448116e-01 1.243083e-08
2.497550e+01 2.023460e-01 2.057799e-08
2.497550e+01 2.834245e-01 3.176384e-08
2.497550e+01 3.967448e-01 4.918541e-08
2.497550e+01 5.552783e-01 7.281273e-08
2.497550e+01 7.774819e-01 9.821419e-08
2.497550e+01 1.088445e+00 1.103422e-07
2.497550e+01 1.523711e+00 9.603122e-08
2.497550e+01 2.088426e+00 5.925560e-08
2.497550e+01 2.685505e+00 2.143476e-08
2.549501e+01 1.570796e-02 5.371183e-11
2.549501e+01 2.346256e-02 6.114628e-10
2.549501e+01 3.503514e-02 7.604779e-10
2.549501e+01 5.263151e-02 2.101728e-09
2.549501e+01 7.314235e-02 5.005107e-09
2.549501e+01 1.025928e-01 7.756515e-09
2.549501e+01 1.448116e-01 1.261444e-08
2.549501e+01 2.023460e-01 2.063145e-08
2.549501e+01 2.834245e-01 3.157199e-08
2.549501e+01 3.967448e-01 4.865332e-08
2.549501e+01 5.552783e-01 7.180528e-08
2.549501e+01 7.774819e-01 9.701568e-08
2.549501e+01 1.088445e+00 1.102219e-07
2.549501e+01 1.523711e+00 9.887734e-08
2.549501e+01 2.088426e+00 6.482995e-08
2.549501e+01 2.685505e+00 2.608994e-08
2.602491e+01 1.570796e-02 5.939301e-11
2.602491e+01 2.346256e-02 6.176133e-10
2.602491e+01 3.503514e-02 7.642881e-10
2.602491e+01 5.263151e-02 2.130368e-09
2.602491e+01 7.314235e-02 5.077247e-09
2.602491e+01 1.025928e-01 7.759079e-09
2.602491e+01 1.448116e-01 1.248022e-08
2.602491e+01 2.023460e-01 2.026615e-08
2.602491e+01 2.834245e-01 3.086587e-08
2.602491e+01 3.967448e-01 4.747736e-08
2.602491e+01 5.552783e-01 6.998047e-08
2.602491e+01 7.774819e-01 9.471077e-08
2.602491e+01 1.088445e+00 1.088596e-07
2.602491e+01 1.523711e+00 1.004519e-07
2.602491e+01 2.088426e+00 6.932084e-08
2.602491e+01 2.685505e+00 2.992615e-08
2.656541e+01 1.570796e-02 6.215625e-11
2.656541e+01 2.346256e-02 6.04859e-10
2.656541e+01 3.503514e-02 7.476378e-10
2.656541e+01 5.263151e-02 2.096461e-09
2.656541e+01 7.314235e-02 4.999950e-09
2.656541e+01 1.025928e-01 7.575598e-09
2.656541e+01 1.448116e-01 1.209353e-08
2.656541e+01 2.023460e-01 1.956857e-08
2.656541e+01 2.834245e-01 2.974369e-08
2.656541e+01 3.967448e-01 4.575391e-08
2.656541e+01 5.552783e-01 6.746193e-08
2.656541e+01 7.774819e-01 9.154566e-08
2.656541e+01 1.088445e+00 1.063513e-07
2.656541e+01 1.523711e+00 1.009602e-07
2.656541e+01 2.088426e+00 7.305838e-08
2.656541e+01 2.685505e+00 3.407770e-08
2.711672e+01 1.570796e-02 6.232544e-11
2.711672e+01 2.346256e-02 5.808239e-10
2.711672e+01 3.503514e-02 7.143182e-10
2.711672e+01 5.263151e-02 2.01403e-09
2.711672e+01 7.314235e-02 4.810567e-09
2.711672e+01 1.025928e-01 7.249517e-09
2.711672e+01 1.448116e-01 1.151727e-08
2.711672e+01 2.023460e-01 1.861036e-08
2.711672e+01 2.834245e-01 2.829694e-08
2.711672e+01 3.967448e-01 4.357773e-08
2.711672e+01 5.552783e-01 6.431814e-08
2.711672e+01 7.774819e-01 8.755193e-08
2.711672e+01 1.088445e+00 1.029222e-07
2.711672e+01 1.523711e+00 1.003240e-07
2.711672e+01 2.088426e+00 7.592097e-08
2.711672e+01 2.685505e+00 3.798198e-08
2.767905e+01 1.570796e-02 6.076228e-11
2.767905e+01 2.346256e-02 5.468763e-10
2.767905e+01 3.503514e-02 6.696632e-10
2.767905e+01 5.263151e-02 1.898016e-09
2.767905e+01 7.314235e-02 4.538337e-09
2.767905e+01 1.025928e-01 6.820245e-09
2.767905e+01 1.448116e-01 1.080563e-08
2.767905e+01 2.023460e-01 1.746034e-08
2.767905e+01 2.834245e-01 2.659036e-08
2.767905e+01 3.967448e-01 4.104522e-08
2.767905e+01 5.552783e-01 6.067024e-08
2.767905e+01 7.774819e-01 8.291559e-08
2.767905e+01 1.088445e+00 9.865002e-08
2.767905e+01 1.523711e+00 9.865570e-08
2.767905e+01 2.088426e+00 7.791886e-08
2.767905e+01 2.685505e+00 4.172362e-08
2.825263e+01 1.570796e-02 5.769344e-11
2.825263e+01 2.346256e-02 5.061615e-10
2.825263e+01 3.503514e-02 6.159036e-10
2.825263e+01 5.263151e-02 1.758425e-09
2.825263e+01 7.314235e-02 4.212695e-09
2.825263e+01 1.025928e-01 6.315931e-09
2.825263e+01 1.448116e-01 9.997467e-09
2.825263e+01 2.023460e-01 1.617520e-08
2.825263e+01 2.834245e-01 2.469612e-08
2.825263e+01 3.967448e-01 3.820963e-08
2.825263e+01 5.552783e-01 5.659624e-08
2.825263e+01 7.774819e-01 7.765004e-08
2.825263e+01 1.088445e+00 9.353257e-08
2.825263e+01 1.523711e+00 9.595784e-08
2.825263e+01 2.088426e+00 7.898358e-08
2.825263e+01 2.685505e+00 4.540971e-08
2.883769e+01 1.570796e-02 5.356991e-11
2.883769e+01 2.346256e-02 4.602566e-10
2.883769e+01 3.503514e-02 5.573580e-10
2.883769e+01 5.263151e-02 1.602594e-09
2.883769e+01 7.314235e-02 3.845486e-09
2.883769e+01 1.025928e-01 5.758663e-09
2.883769e+01 1.448116e-01 9.118679e-09
2.883769e+01 2.023460e-01 1.477760e-08
2.883769e+01 2.834245e-01 2.263742e-08
2.883769e+01 3.967448e-01 3.51289e-08
2.883769e+01 5.552783e-01 5.213266e-08
2.883769e+01 7.774819e-01 7.186279e-08
2.883769e+01 1.088445e+00 8.761279e-08
2.883769e+01 1.523711e+00 9.225469e-08
2.883769e+01 2.088426e+00 7.929941e-08
2.883769e+01 2.685505e+00 4.90332e-08
2.943444e+01 1.570796e-02 4.876353e-11
2.943444e+01 2.346256e-02 4.114503e-10
2.943444e+01 3.503514e-02 4.962942e-10
2.943444e+01 5.263151e-02 1.436041e-09
2.943444e+01 7.314235e-02 3.451365e-09
2.943444e+01 1.025928e-01 5.169373e-09
2.943444e+01 1.448116e-01 8.191605e-09
2.943444e+01 2.023460e-01 1.330657e-08
2.943444e+01 2.834245e-01 2.046204e-08
2.943444e+01 3.967448e-01 3.184091e-08
2.943444e+01 5.552783e-01 4.736208e-08
2.943444e+01 7.774819e-01 6.557371e-08
2.943444e+01 1.088445e+00 8.103182e-08
2.943444e+01 1.523711e+00 8.750352e-08
2.943444e+01 2.088426e+00 7.874304e-08
2.943444e+01 2.685505e+00 5.246065e-08
3.004313e+01 1.570796e-02 4.343273e-11
3.004313e+01 2.346256e-02 3.612612e-10
3.004313e+01 3.503514e-02 4.341333e-10
3.004313e+01 5.263151e-02 1.263440e-09
3.004313e+01 7.314235e-02 3.042808e-09
3.004313e+01 1.025928e-01 4.558683e-09
3.004313e+01 1.448116e-01 7.231061e-09
3.004313e+01 2.023460e-01 1.178352e-08
3.004313e+01 2.834245e-01 1.819535e-08
3.004313e+01 3.967448e-01 2.839875e-08
3.004313e+01 5.552783e-01 4.231714e-08
3.004313e+01 7.774819e-01 5.890129e-08
3.004313e+01 1.088445e+00 7.372477e-08
3.004313e+01 1.523711e+00 8.174581e-08
3.004313e+01 2.088426e+00 7.712114e-08
3.004313e+01 2.685505e+00 5.56458e-08
3.066399e+01 1.570796e-02 3.779469e-11
3.066399e+01 2.346256e-02 3.102098e-10
3.066399e+01 3.503514e-02 3.719245e-10
3.066399e+01 5.263151e-02 1.088198e-09
3.066399e+01 7.314235e-02 2.627833e-09
3.066399e+01 1.025928e-01 3.937144e-09
3.066399e+01 1.448116e-01 6.254530e-09
3.066399e+01 2.023460e-01 1.022516e-08
3.066399e+01 2.834245e-01 1.585509e-08
3.066399e+01 3.967448e-01 2.481789e-08
3.066399e+01 5.552783e-01 3.704106e-08
3.066399e+01 7.774819e-01 5.181408e-08
3.066399e+01 1.088445e+00 6.575623e-08
3.066399e+01 1.523711e+00 7.493128e-08
3.066399e+01 2.088426e+00 7.411178e-08
3.066399e+01 2.685505e+00 5.811929e-08
3.129727e+01 1.570796e-02 3.196179e-11
3.129727e+01 2.346256e-02 2.595898e-10
3.129727e+01 3.503514e-02 3.104231e-10
3.129727e+01 5.263151e-02 9.12609e-10
3.129727e+01 7.314235e-02 2.208093e-09
3.129727e+01 1.025928e-01 3.312358e-09
3.129727e+01 1.448116e-01 5.270554e-09
3.129727e+01 2.023460e-01 8.645168e-09
3.129727e+01 2.834245e-01 1.346349e-08
3.129727e+01 3.967448e-01 2.112170e-08
3.129727e+01 5.552783e-01 3.159044e-08
3.129727e+01 7.774819e-01 4.44189e-08
3.129727e+01 1.088445e+00 5.710708e-08
3.129727e+01 1.523711e+00 6.693357e-08
3.129727e+01 2.088426e+00 6.962354e-08
3.129727e+01 2.685505e+00 5.952356e-08
3.194322e+01 1.570796e-02 2.603383e-11
3.194322e+01 2.346256e-02 2.095645e-10
3.194322e+01 3.503514e-02 2.501792e-10
3.194322e+01 5.263151e-02 7.380116e-10
3.194322e+01 7.314235e-02 1.790806e-09
3.194322e+01 1.025928e-01 2.688933e-09
3.194322e+01 1.448116e-01 4.286054e-09
3.194322e+01 2.023460e-01 7.05671e-09
3.194322e+01 2.834245e-01 1.103338e-08
3.194322e+01 3.967448e-01 1.734199e-08
3.194322e+01 5.552783e-01 2.600536e-08
3.194322e+01 7.774819e-01 3.673274e-08
3.194322e+01 1.088445e+00 4.785288e-08
3.194322e+01 1.523711e+00 5.768445e-08
3.194322e+01 2.088426e+00 6.327440e-08
3.194322e+01 2.685505e+00 5.893208e-08
3.260208e+01 1.570796e-02 2.008168e-11
3.260208e+01 2.346256e-02 1.603942e-10
3.260208e+01 3.503514e-02 1.915576e-10
3.260208e+01 5.263151e-02 5.664176e-10
3.260208e+01 7.314235e-02 1.377895e-09
3.260208e+01 1.025928e-01 2.070071e-09
3.260208e+01 1.448116e-01 3.307196e-09
3.260208e+01 2.023460e-01 5.463629e-09
3.260208e+01 2.834245e-01 8.578892e-09
3.260208e+01 3.967448e-01 1.350656e-08
3.260208e+01 5.552783e-01 2.028561e-08
3.260208e+01 7.774819e-01 2.878706e-08
3.260208e+01 1.088445e+00 3.800792e-08
3.260208e+01 1.523711e+00 4.713161e-08
3.260208e+01 2.088426e+00 5.467256e-08
3.260208e+01 2.685505e+00 5.554734e-08
3.327412e+01 1.570796e-02 1.41535e-11
3.327412e+01 2.346256e-02 1.121654e-10
3.327412e+01 3.503514e-02 1.341289e-10
3.327412e+01 5.263151e-02 3.974075e-10
3.327412e+01 7.314235e-02 9.697683e-10
3.327412e+01 1.025928e-01 1.458274e-09
3.327412e+01 1.448116e-01 2.335862e-09
3.327412e+01 2.023460e-01 3.873335e-09
3.327412e+01 2.834245e-01 6.107619e-09
3.327412e+01 3.967448e-01 9.629971e-09
3.327412e+01 5.552783e-01 1.449478e-08
3.327412e+01 7.774819e-01 2.06644e-08
3.327412e+01 1.088445e+00 2.762378e-08
3.327412e+01 1.523711e+00 3.523477e-08
3.327412e+01 2.088426e+00 4.325365e-08
3.327412e+01 2.685505e+00 4.787828e-08
3.395961e+01 1.570796e-02 8.562773e-12
3.395961e+01 2.346256e-02 6.804841e-11
3.395961e+01 3.503514e-02 8.137367e-11
3.395961e+01 5.263151e-02 2.411446e-10
3.395961e+01 7.314235e-02 5.896304e-10
3.395961e+01 1.025928e-01 8.86718e-10
3.395961e+01 1.448116e-01 1.420352e-09
3.395961e+01 2.023460e-01 2.355313e-09
3.395961e+01 2.834245e-01 3.707301e-09
3.395961e+01 3.967448e-01 5.823433e-09
3.395961e+01 5.552783e-01 8.733900e-09
3.395961e+01 7.774819e-01 1.244478e-08
3.395961e+01 1.088445e+00 1.677579e-08
3.395961e+01 1.523711e+00 2.195446e-08
3.395961e+01 2.088426e+00 2.83963e-08
3.395961e+01 2.685505e+00 3.374672e-08
3.46588e+01 1.570796e-02 3.058067e-12
3.46588e+01 2.346256e-02 2.318379e-11
3.46588e+01 3.503514e-02 2.389095e-11
3.46588e+01 5.263151e-02 7.700974e-11
3.46588e+01 7.314235e-02 1.858618e-10
3.46588e+01 1.025928e-01 2.764825e-10
3.46588e+01 1.448116e-01 4.522165e-10
3.46588e+01 2.023460e-01 7.520762e-10
3.46588e+01 2.834245e-01 1.200630e-09
3.46588e+01 3.967448e-01 1.893695e-09
3.46588e+01 5.552783e-01 2.854353e-09
3.46588e+01 7.774819e-01 4.088841e-09
3.46588e+01 1.088445e+00 5.581393e-09
3.46588e+01 1.523711e+00 7.477821e-09
3.46588e+01 2.088426e+00 1.015937e-08
3.46588e+01 2.685505e+00 1.297429e-08
3.537197e+01 1.570796e-02 0.e+00
3.537197e+01 2.346256e-02 0.e+00
3.537197e+01 3.503514e-02 0.e+00
3.537197e+01 5.263151e-02 0.e+00
3.537197e+01 7.314235e-02 0.e+00
3.537197e+01 1.025928e-01 0.e+00
3.537197e+01 1.448116e-01 0.e+00
3.537197e+01 2.023460e-01 0.e+00
3.537197e+01 2.834245e-01 0.e+00
3.537197e+01 3.967448e-01 0.e+00
3.537197e+01 5.552783e-01 0.e+00
3.537197e+01 7.774819e-01 0.e+00
3.537197e+01 1.088445e+00 0.e+00
3.537197e+01 1.523711e+00 0.e+00
3.537197e+01 2.088426e+00 0.e+00
3.537197e+01 2.685505e+00 0.e+00
