5.e+00 1.570796e-02 -2.281853e-04
5.e+00 2.346256e-02 -6.291178e-04
5.e+00 3.503514e-02 -2.896881e-03
5.e+00 5.263151e-02 -3.143896e-03
5.e+00 7.314235e-02 -2.510732e-03
5.e+00 1.025928e-01 -2.933788e-03
5.e+00 1.448116e-01 -3.175403e-03
5.e+00 2.023460e-01 -2.973388e-03
5.e+00 2.834245e-01 -2.671659e-03
5.e+00 3.967448e-01 -2.520126e-03
5.e+00 5.552783e-01 -2.242881e-03
5.e+00 7.774819e-01 -2.086879e-03
5.e+00 1.088445e+00 -1.934701e-03
5.e+00 1.523711e+00 -1.768709e-03
5.e+00 2.088426e+00 -1.80436e-03
5.e+00 2.685505e+00 -1.949811e-03
5.12e+00 1.570796e-02 -3.334205e-04
5.12e+00 2.346256e-02 -1.025428e-03
5.12e+00 3.503514e-02 -4.341828e-03
5.12e+00 5.263151e-02 -6.129357e-03
5.12e+00 7.314235e-02 -5.219966e-03
5.12e+00 1.025928e-01 -6.295760e-03
5.12e+00 1.448116e-01 -6.815426e-03
5.12e+00 2.023460e-01 -6.248014e-03
5.12e+00 2.834245e-01 -5.921588e-03
5.12e+00 3.967448e-01 -5.365761e-03
5.12e+00 5.552783e-01 -4.831227e-03
5.12e+00 7.774819e-01 -4.39453e-03
5.12e+00 1.088445e+00 -4.056131e-03
5.12e+00 1.523711e+00 -3.639545e-03
5.12e+00 2.088426e+00 -3.705065e-03
5.12e+00 2.685505e+00 -3.904361e-03
5.2424e+00 1.570796e-02 -3.779202e-04
5.2424e+00 2.346256e-02 -1.290455e-03
5.2424e+00 3.503514e-02 -5.74089e-03
5.2424e+00 5.263151e-02 -8.386431e-03
5.2424e+00 7.314235e-02 -8.396051e-03
5.2424e+00 1.025928e-01 -1.076772e-02
5.2424e+00 1.448116e-01 -1.154215e-02
5.2424e+00 2.023460e-01 -1.065051e-02
5.2424e+00 2.834245e-01 -1.007958e-02
5.2424e+00 3.967448e-01 -9.429229e-03
5.2424e+00 5.552783e-01 -8.471246e-03
5.2424e+00 7.774819e-01 -7.646555e-03
5.2424e+00 1.088445e+00 -6.829507e-03
5.2424e+00 1.523711e+00 -6.094166e-03
5.2424e+00 2.088426e+00 -6.165263e-03
5.2424e+00 2.685505e+00 -6.453677e-03
5.367248e+00 1.570796e-02 -3.75875e-04
5.367248e+00 2.346256e-02 -1.409125e-03
5.367248e+00 3.503514e-02 -6.548418e-03
5.367248e+00 5.263151e-02 -1.033805e-02
5.367248e+00 7.314235e-02 -1.175016e-02
5.367248e+00 1.025928e-01 -1.620873e-02
5.367248e+00 1.448116e-01 -1.649554e-02
5.367248e+00 2.023460e-01 -1.576968e-02
5.367248e+00 2.834245e-01 -1.538779e-02
5.367248e+00 3.967448e-01 -1.438367e-02
5.367248e+00 5.552783e-01 -1.27723e-02
5.367248e+00 7.774819e-01 -1.153194e-02
5.367248e+00 1.088445e+00 -1.023020e-02
5.367248e+00 1.523711e+00 -9.040768e-03
5.367248e+00 2.088426e+00 -9.042962e-03
5.367248e+00 2.685505e+00 -9.418921e-03
5.494593e+00 1.570796e-02 -3.521742e-04
5.494593e+00 2.346256e-02 -1.365505e-03
5.494593e+00 3.503514e-02 -6.815397e-03
5.494593e+00 5.263151e-02 -1.177256e-02
5.494593e+00 7.314235e-02 -1.425149e-02
5.494593e+00 1.025928e-01 -2.074701e-02
5.494593e+00 1.448116e-01 -2.125794e-02
5.494593e+00 2.023460e-01 -2.101724e-02
5.494593e+00 2.834245e-01 -2.059214e-02
5.494593e+00 3.967448e-01 -1.962333e-02
5.494593e+00 5.552783e-01 -1.744318e-02
5.494593e+00 7.774819e-01 -1.572592e-02
5.494593e+00 1.088445e+00 -1.370288e-02
5.494593e+00 1.523711e+00 -1.20912e-02
5.494593e+00 2.088426e+00 -1.201314e-02
5.494593e+00 2.685505e+00 -1.236778e-02
5.624485e+00 1.570796e-02 -2.926881e-04
5.624485e+00 2.346256e-02 -1.328925e-03
5.624485e+00 3.503514e-02 -6.555032e-03
5.624485e+00 5.263151e-02 -1.236507e-02
5.624485e+00 7.314235e-02 -1.59594e-02
5.624485e+00 1.025928e-01 -2.394172e-02
5.624485e+00 1.448116e-01 -2.543016e-02
5.624485e+00 2.023460e-01 -2.568911e-02
5.624485e+00 2.834245e-01 -2.590094e-02
5.624485e+00 3.967448e-01 -2.500794e-02
5.624485e+00 5.552783e-01 -2.225549e-02
5.624485e+00 7.774819e-01 -1.998023e-02
5.624485e+00 1.088445e+00 -1.731374e-02
5.624485e+00 1.523711e+00 -1.506736e-02
5.624485e+00 2.088426e+00 -1.4849e-02
5.624485e+00 2.685505e+00 -1.509047e-02
5.756975e+00 1.570796e-02 -2.474336e-04
5.756975e+00 2.346256e-02 -1.194659e-03
5.756975e+00 3.503514e-02 -6.017702e-03
5.756975e+00 5.263151e-02 -1.239898e-02
5.756975e+00 7.314235e-02 -1.689395e-02
5.756975e+00 1.025928e-01 -2.622501e-02
5.756975e+00 1.448116e-01 -2.859835e-02
5.756975e+00 2.023460e-01 -2.984793e-02
5.756975e+00 2.834245e-01 -3.062139e-02
5.756975e+00 3.967448e-01 -2.986417e-02
5.756975e+00 5.552783e-01 -2.691354e-02
5.756975e+00 7.774819e-01 -2.419131e-02
5.756975e+00 1.088445e+00 -2.082909e-02
5.756975e+00 1.523711e+00 -1.794807e-02
5.756975e+00 2.088426e+00 -1.75391e-02
5.756975e+00 2.685505e+00 -1.764331e-02
5.892114e+00 1.570796e-02 -2.293491e-04
5.892114e+00 2.346256e-02 -1.098374e-03
5.892114e+00 3.503514e-02 -5.485978e-03
5.892114e+00 5.263151e-02 -1.19269e-02
5.892114e+00 7.314235e-02 -1.686107e-02
5.892114e+00 1.025928e-01 -2.703023e-02
5.892114e+00 1.448116e-01 -3.058684e-02
5.892114e+00 2.023460e-01 -3.282940e-02
5.892114e+00 2.834245e-01 -3.446437e-02
5.892114e+00 3.967448e-01 -3.407405e-02
5.892114e+00 5.552783e-01 -3.107148e-02
5.892114e+00 7.774819e-01 -2.796771e-02
5.892114e+00 1.088445e+00 -2.395640e-02
5.892114e+00 1.523711e+00 -2.053337e-02
5.892114e+00 2.088426e+00 -1.98926e-02
5.892114e+00 2.685505e+00 -1.971118e-02
6.029956e+00 1.570796e-02 -2.183351e-04
6.029956e+00 2.346256e-02 -1.026443e-03
6.029956e+00 3.503514e-02 -5.074173e-03
6.029956e+00 5.263151e-02 -1.117047e-02
6.029956e+00 7.314235e-02 -1.611658e-02
6.029956e+00 1.025928e-01 -2.686464e-02
6.029956e+00 1.448116e-01 -3.15189e-02
6.029956e+00 2.023460e-01 -3.488383e-02
6.029956e+00 2.834245e-01 -3.745287e-02
6.029956e+00 3.967448e-01 -3.757948e-02
6.029956e+00 5.552783e-01 -3.469670e-02
6.029956e+00 7.774819e-01 -3.120796e-02
6.029956e+00 1.088445e+00 -2.672945e-02
6.029956e+00 1.523711e+00 -2.282291e-02
6.029956e+00 2.088426e+00 -2.192787e-02
6.029956e+00 2.685505e+00 -2.156673e-02
6.170555e+00 1.570796e-02 -1.959024e-04
6.170555e+00 2.346256e-02 -9.359930e-04
6.170555e+00 3.503514e-02 -4.685153e-03
6.170555e+00 5.263151e-02 -1.039968e-02
6.170555e+00 7.314235e-02 -1.506432e-02
6.170555e+00 1.025928e-01 -2.586903e-02
6.170555e+00 1.448116e-01 -3.156697e-02
6.170555e+00 2.023460e-01 -3.599551e-02
6.170555e+00 2.834245e-01 -3.958294e-02
6.170555e+00 3.967448e-01 -4.019343e-02
6.170555e+00 5.552783e-01 -3.770086e-02
6.170555e+00 7.774819e-01 -3.401165e-02
6.170555e+00 1.088445e+00 -2.903732e-02
6.170555e+00 1.523711e+00 -2.476816e-02
6.170555e+00 2.088426e+00 -2.36897e-02
6.170555e+00 2.685505e+00 -2.294659e-02
6.313967e+00 1.570796e-02 -1.716254e-04
6.313967e+00 2.346256e-02 -8.49654e-04
6.313967e+00 3.503514e-02 -4.302877e-03
6.313967e+00 5.263151e-02 -9.608584e-03
6.313967e+00 7.314235e-02 -1.395108e-02
6.313967e+00 1.025928e-01 -2.441050e-02
6.313967e+00 1.448116e-01 -3.088297e-02
6.313967e+00 2.023460e-01 -3.625048e-02
6.313967e+00 2.834245e-01 -4.091757e-02
6.313967e+00 3.967448e-01 -4.207331e-02
6.313967e+00 5.552783e-01 -4.000032e-02
6.313967e+00 7.774819e-01 -3.634178e-02
6.313967e+00 1.088445e+00 -3.110024e-02
6.313967e+00 1.523711e+00 -2.644708e-02
6.313967e+00 2.088426e+00 -2.515791e-02
6.313967e+00 2.685505e+00 -2.420767e-02
6.460246e+00 1.570796e-02 -1.483451e-04
6.460246e+00 2.346256e-02 -7.642081e-04
6.460246e+00 3.503514e-02 -3.903388e-03
6.460246e+00 5.263151e-02 -8.732298e-03
6.460246e+00 7.314235e-02 -1.279309e-02
6.460246e+00 1.025928e-01 -2.274525e-02
6.460246e+00 1.448116e-01 -2.969022e-02
6.460246e+00 2.023460e-01 -3.576123e-02
6.460246e+00 2.834245e-01 -4.147946e-02
6.460246e+00 3.967448e-01 -4.32931e-02
6.460246e+00 5.552783e-01 -4.171487e-02
6.460246e+00 7.774819e-01 -3.815951e-02
6.460246e+00 1.088445e+00 -3.277805e-02
6.460246e+00 1.523711e+00 -2.783083e-02
6.460246e+00 2.088426e+00 -2.635627e-02
6.460246e+00 2.685505e+00 -2.514479e-02
6.609451e+00 1.570796e-02 -1.343686e-04
6.609451e+00 2.346256e-02 -6.921226e-04
6.609451e+00 3.503514e-02 -3.528538e-03
6.609451e+00 5.263151e-02 -7.873853e-03
6.609451e+00 7.314235e-02 -1.164832e-02
6.609451e+00 1.025928e-01 -2.102353e-02
6.609451e+00 1.448116e-01 -2.809720e-02
6.609451e+00 2.023460e-01 -3.468435e-02
6.609451e+00 2.834245e-01 -4.13651e-02
6.609451e+00 3.967448e-01 -4.382702e-02
6.609451e+00 5.552783e-01 -4.280382e-02
6.609451e+00 7.774819e-01 -3.946456e-02
6.609451e+00 1.088445e+00 -3.403383e-02
6.609451e+00 1.523711e+00 -2.894454e-02
6.609451e+00 2.088426e+00 -2.736909e-02
6.609451e+00 2.685505e+00 -2.586185e-02
6.76164e+00 1.570796e-02 -1.198122e-04
6.76164e+00 2.346256e-02 -6.248066e-04
6.76164e+00 3.503514e-02 -3.178774e-03
6.76164e+00 5.263151e-02 -7.090402e-03
6.76164e+00 7.314235e-02 -1.05118e-02
6.76164e+00 1.025928e-01 -1.925376e-02
6.76164e+00 1.448116e-01 -2.623048e-02
6.76164e+00 2.023460e-01 -3.317191e-02
6.76164e+00 2.834245e-01 -4.05955e-02
6.76164e+00 3.967448e-01 -4.372274e-02
6.76164e+00 5.552783e-01 -4.339306e-02
6.76164e+00 7.774819e-01 -4.02819e-02
6.76164e+00 1.088445e+00 -3.491580e-02
6.76164e+00 1.523711e+00 -2.97436e-02
6.76164e+00 2.088426e+00 -2.809777e-02
6.76164e+00 2.685505e+00 -2.64344e-02
6.916873e+00 1.570796e-02 -1.050799e-04
6.916873e+00 2.346256e-02 -5.622393e-04
6.916873e+00 3.503514e-02 -2.858428e-03
6.916873e+00 5.263151e-02 -6.390585e-03
6.916873e+00 7.314235e-02 -9.453596e-03
6.916873e+00 1.025928e-01 -1.751950e-02
6.916873e+00 1.448116e-01 -2.423708e-02
6.916873e+00 2.023460e-01 -3.13687e-02
6.916873e+00 2.834245e-01 -3.931072e-02
6.916873e+00 3.967448e-01 -4.306199e-02
6.916873e+00 5.552783e-01 -4.343613e-02
6.916873e+00 7.774819e-01 -4.073054e-02
6.916873e+00 1.088445e+00 -3.546703e-02
6.916873e+00 1.523711e+00 -3.031593e-02
6.916873e+00 2.088426e+00 -2.862206e-02
6.916873e+00 2.685505e+00 -2.683707e-02
7.075210e+00 1.570796e-02 -9.264339e-05
7.075210e+00 2.346256e-02 -5.101833e-04
7.075210e+00 3.503514e-02 -2.59396e-03
7.075210e+00 5.263151e-02 -5.784000e-03
7.075210e+00 7.314235e-02 -8.508927e-03
7.075210e+00 1.025928e-01 -1.590126e-02
7.075210e+00 1.448116e-01 -2.222393e-02
7.075210e+00 2.023460e-01 -2.929396e-02
7.075210e+00 2.834245e-01 -3.761584e-02
7.075210e+00 3.967448e-01 -4.19423e-02
7.075210e+00 5.552783e-01 -4.299105e-02
7.075210e+00 7.774819e-01 -4.071983e-02
7.075210e+00 1.088445e+00 -3.568655e-02
7.075210e+00 1.523711e+00 -3.061926e-02
7.075210e+00 2.088426e+00 -2.895641e-02
7.075210e+00 2.685505e+00 -2.691966e-02
7.236714e+00 1.570796e-02 -8.217412e-05
7.236714e+00 2.346256e-02 -4.621684e-04
7.236714e+00 3.503514e-02 -2.352861e-03
7.236714e+00 5.263151e-02 -5.224250e-03
7.236714e+00 7.314235e-02 -7.656614e-03
7.236714e+00 1.025928e-01 -1.438184e-02
7.236714e+00 1.448116e-01 -2.026075e-02
7.236714e+00 2.023460e-01 -2.711285e-02
7.236714e+00 2.834245e-01 -3.558007e-02
7.236714e+00 3.967448e-01 -4.046259e-02
7.236714e+00 5.552783e-01 -4.212845e-02
7.236714e+00 7.774819e-01 -4.031706e-02
7.236714e+00 1.088445e+00 -3.561531e-02
7.236714e+00 1.523711e+00 -3.068641e-02
7.236714e+00 2.088426e+00 -2.903246e-02
7.236714e+00 2.685505e+00 -2.690999e-02
7.401449e+00 1.570796e-02 -7.346314e-05
7.401449e+00 2.346256e-02 -4.188114e-04
7.401449e+00 3.503514e-02 -2.124042e-03
7.401449e+00 5.263151e-02 -4.713439e-03
7.401449e+00 7.314235e-02 -6.890237e-03
7.401449e+00 1.025928e-01 -1.299598e-02
7.401449e+00 1.448116e-01 -1.837176e-02
7.401449e+00 2.023460e-01 -2.492700e-02
7.401449e+00 2.834245e-01 -3.331123e-02
7.401449e+00 3.967448e-01 -3.869265e-02
7.401449e+00 5.552783e-01 -4.088823e-02
7.401449e+00 7.774819e-01 -3.951160e-02
7.401449e+00 1.088445e+00 -3.520017e-02
7.401449e+00 1.523711e+00 -3.053651e-02
7.401449e+00 2.088426e+00 -2.894708e-02
7.401449e+00 2.685505e+00 -2.670046e-02
7.569477e+00 1.570796e-02 -6.525806e-05
7.569477e+00 2.346256e-02 -3.784450e-04
7.569477e+00 3.503514e-02 -1.912307e-03
7.569477e+00 5.263151e-02 -4.246642e-03
7.569477e+00 7.314235e-02 -6.203737e-03
7.569477e+00 1.025928e-01 -1.171622e-02
7.569477e+00 1.448116e-01 -1.661768e-02
7.569477e+00 2.023460e-01 -2.278895e-02
7.569477e+00 2.834245e-01 -3.094881e-02
7.569477e+00 3.967448e-01 -3.668238e-02
7.569477e+00 5.552783e-01 -3.935161e-02
7.569477e+00 7.774819e-01 -3.840904e-02
7.569477e+00 1.088445e+00 -3.452417e-02
7.569477e+00 1.523711e+00 -3.021414e-02
7.569477e+00 2.088426e+00 -2.865846e-02
7.569477e+00 2.685505e+00 -2.627438e-02
7.740867e+00 1.570796e-02 -5.784345e-05
7.740867e+00 2.346256e-02 -3.429506e-04
7.740867e+00 3.503514e-02 -1.715399e-03
7.740867e+00 5.263151e-02 -3.825669e-03
7.740867e+00 7.314235e-02 -5.585368e-03
7.740867e+00 1.025928e-01 -1.054301e-02
7.740867e+00 1.448116e-01 -1.497563e-02
7.740867e+00 2.023460e-01 -2.073248e-02
7.740867e+00 2.834245e-01 -2.853404e-02
7.740867e+00 3.967448e-01 -3.446241e-02
7.740867e+00 5.552783e-01 -3.755147e-02
7.740867e+00 7.774819e-01 -3.708084e-02
7.740867e+00 1.088445e+00 -3.362745e-02
7.740867e+00 1.523711e+00 -2.966126e-02
7.740867e+00 2.088426e+00 -2.823787e-02
7.740867e+00 2.685505e+00 -2.578976e-02
7.915684e+00 1.570796e-02 -5.097512e-05
7.915684e+00 2.346256e-02 -3.089471e-04
7.915684e+00 3.503514e-02 -1.537819e-03
7.915684e+00 5.263151e-02 -3.44434e-03
7.915684e+00 7.314235e-02 -5.028813e-03
7.915684e+00 1.025928e-01 -9.463838e-03
7.915684e+00 1.448116e-01 -1.347865e-02
7.915684e+00 2.023460e-01 -1.881421e-02
7.915684e+00 2.834245e-01 -2.613382e-02
7.915684e+00 3.967448e-01 -3.211057e-02
7.915684e+00 5.552783e-01 -3.554248e-02
7.915684e+00 7.774819e-01 -3.548451e-02
7.915684e+00 1.088445e+00 -3.251381e-02
7.915684e+00 1.523711e+00 -2.895734e-02
7.915684e+00 2.088426e+00 -2.769857e-02
7.915684e+00 2.685505e+00 -2.509596e-02
8.093998e+00 1.570796e-02 -4.479344e-05
8.093998e+00 2.346256e-02 -2.776214e-04
8.093998e+00 3.503514e-02 -1.372964e-03
8.093998e+00 5.263151e-02 -3.091829e-03
8.093998e+00 7.314235e-02 -4.509673e-03
8.093998e+00 1.025928e-01 -8.483888e-03
8.093998e+00 1.448116e-01 -1.210763e-02
8.093998e+00 2.023460e-01 -1.699898e-02
8.093998e+00 2.834245e-01 -2.383456e-02
8.093998e+00 3.967448e-01 -2.971213e-02
8.093998e+00 5.552783e-01 -3.340056e-02
8.093998e+00 7.774819e-01 -3.374439e-02
8.093998e+00 1.088445e+00 -3.124632e-02
8.093998e+00 1.523711e+00 -2.809189e-02
8.093998e+00 2.088426e+00 -2.701120e-02
8.093998e+00 2.685505e+00 -2.438384e-02
8.275878e+00 1.570796e-02 -3.936758e-05
8.275878e+00 2.346256e-02 -2.469958e-04
8.275878e+00 3.503514e-02 -1.227889e-03
8.275878e+00 5.263151e-02 -2.768012e-03
8.275878e+00 7.314235e-02 -4.035012e-03
8.275878e+00 1.025928e-01 -7.580771e-03
8.275878e+00 1.448116e-01 -1.085536e-02
8.275878e+00 2.023460e-01 -1.529783e-02
8.275878e+00 2.834245e-01 -2.164758e-02
8.275878e+00 3.967448e-01 -2.730703e-02
8.275878e+00 5.552783e-01 -3.116492e-02
8.275878e+00 7.774819e-01 -3.186691e-02
8.275878e+00 1.088445e+00 -2.979889e-02
8.275878e+00 1.523711e+00 -2.713645e-02
8.275878e+00 2.088426e+00 -2.622496e-02
8.275878e+00 2.685505e+00 -2.349829e-02
8.461396e+00 1.570796e-02 -3.412627e-05
8.461396e+00 2.346256e-02 -2.190877e-04
8.461396e+00 3.503514e-02 -1.097472e-03
8.461396e+00 5.263151e-02 -2.469414e-03
8.461396e+00 7.314235e-02 -3.602508e-03
8.461396e+00 1.025928e-01 -6.762849e-03
8.461396e+00 1.448116e-01 -9.697024e-03
8.461396e+00 2.023460e-01 -1.3714e-02
8.461396e+00 2.834245e-01 -1.956189e-02
8.461396e+00 3.967448e-01 -2.4967e-02
8.461396e+00 5.552783e-01 -2.888664e-02
8.461396e+00 7.774819e-01 -2.987879e-02
8.461396e+00 1.088445e+00 -2.826038e-02
8.461396e+00 1.523711e+00 -2.60252e-02
8.461396e+00 2.088426e+00 -2.528778e-02
8.461396e+00 2.685505e+00 -2.255425e-02
8.650623e+00 1.570796e-02 -2.972068e-05
8.650623e+00 2.346256e-02 -1.9254e-04
8.650623e+00 3.503514e-02 -9.774024e-04
8.650623e+00 5.263151e-02 -2.199693e-03
8.650623e+00 7.314235e-02 -3.211891e-03
8.650623e+00 1.025928e-01 -6.015172e-03
8.650623e+00 1.448116e-01 -8.653252e-03
8.650623e+00 2.023460e-01 -1.225405e-02
8.650623e+00 2.834245e-01 -1.759225e-02
8.650623e+00 3.967448e-01 -2.269766e-02
8.650623e+00 5.552783e-01 -2.660864e-02
8.650623e+00 7.774819e-01 -2.786755e-02
8.650623e+00 1.088445e+00 -2.662578e-02
8.650623e+00 1.523711e+00 -2.483328e-02
8.650623e+00 2.088426e+00 -2.423163e-02
8.650623e+00 2.685505e+00 -2.155399e-02
8.843636e+00 1.570796e-02 -2.628643e-05
8.843636e+00 2.346256e-02 -1.693429e-04
8.843636e+00 3.503514e-02 -8.700460e-04
8.843636e+00 5.263151e-02 -1.95956e-03
8.843636e+00 7.314235e-02 -2.858141e-03
8.843636e+00 1.025928e-01 -5.342419e-03
8.843636e+00 1.448116e-01 -7.698186e-03
8.843636e+00 2.023460e-01 -1.091335e-02
8.843636e+00 2.834245e-01 -1.576327e-02
8.843636e+00 3.967448e-01 -2.051681e-02
8.843636e+00 5.552783e-01 -2.433971e-02
8.843636e+00 7.774819e-01 -2.584038e-02
8.843636e+00 1.088445e+00 -2.494312e-02
8.843636e+00 1.523711e+00 -2.356446e-02
8.843636e+00 2.088426e+00 -2.319702e-02
8.843636e+00 2.685505e+00 -2.059640e-02
9.040509e+00 1.570796e-02 -2.33166e-05
9.040509e+00 2.346256e-02 -1.499370e-04
9.040509e+00 3.503514e-02 -7.686692e-04
9.040509e+00 5.263151e-02 -1.737613e-03
9.040509e+00 7.314235e-02 -2.542731e-03
9.040509e+00 1.025928e-01 -4.737750e-03
9.040509e+00 1.448116e-01 -6.831096e-03
9.040509e+00 2.023460e-01 -9.703241e-03
9.040509e+00 2.834245e-01 -1.408521e-02
9.040509e+00 3.967448e-01 -1.845602e-02
9.040509e+00 5.552783e-01 -2.21332e-02
9.040509e+00 7.774819e-01 -2.379018e-02
9.040509e+00 1.088445e+00 -2.32498e-02
9.040509e+00 1.523711e+00 -2.224875e-02
9.040509e+00 2.088426e+00 -2.207459e-02
9.040509e+00 2.685505e+00 -1.956743e-02
9.241319e+00 1.570796e-02 -2.021323e-05
9.241319e+00 2.346256e-02 -1.314206e-04
9.241319e+00 3.503514e-02 -6.802461e-04
9.241319e+00 5.263151e-02 -1.537331e-03
9.241319e+00 7.314235e-02 -2.251500e-03
9.241319e+00 1.025928e-01 -4.192169e-03
9.241319e+00 1.448116e-01 -6.04356e-03
9.241319e+00 2.023460e-01 -8.606508e-03
9.241319e+00 2.834245e-01 -1.254156e-02
9.241319e+00 3.967448e-01 -1.650605e-02
9.241319e+00 5.552783e-01 -2.002119e-02
9.241319e+00 7.774819e-01 -2.177243e-02
9.241319e+00 1.088445e+00 -2.154634e-02
9.241319e+00 1.523711e+00 -2.093992e-02
9.241319e+00 2.088426e+00 -2.092114e-02
9.241319e+00 2.685505e+00 -1.848037e-02
9.446145e+00 1.570796e-02 -1.756387e-05
9.446145e+00 2.346256e-02 -1.150435e-04
9.446145e+00 3.503514e-02 -5.989537e-04
9.446145e+00 5.263151e-02 -1.35727e-03
9.446145e+00 7.314235e-02 -1.989762e-03
9.446145e+00 1.025928e-01 -3.686342e-03
9.446145e+00 1.448116e-01 -5.333668e-03
9.446145e+00 2.023460e-01 -7.608982e-03
9.446145e+00 2.834245e-01 -1.112015e-02
9.446145e+00 3.967448e-01 -1.470177e-02
9.446145e+00 5.552783e-01 -1.801218e-02
9.446145e+00 7.774819e-01 -1.981283e-02
9.446145e+00 1.088445e+00 -1.986081e-02
9.446145e+00 1.523711e+00 -1.957062e-02
9.446145e+00 2.088426e+00 -1.969195e-02
9.446145e+00 2.685505e+00 -1.732012e-02
9.655068e+00 1.570796e-02 -1.509713e-05
9.655068e+00 2.346256e-02 -9.902299e-05
9.655068e+00 3.503514e-02 -5.284489e-04
9.655068e+00 5.263151e-02 -1.192200e-03
9.655068e+00 7.314235e-02 -1.748331e-03
9.655068e+00 1.025928e-01 -3.233414e-03
9.655068e+00 1.448116e-01 -4.687533e-03
9.655068e+00 2.023460e-01 -6.699697e-03
9.655068e+00 2.834245e-01 -9.818631e-03
9.655068e+00 3.967448e-01 -1.303124e-02
9.655068e+00 5.552783e-01 -1.611098e-02
9.655068e+00 7.774819e-01 -1.791864e-02
9.655068e+00 1.088445e+00 -1.821776e-02
9.655068e+00 1.523711e+00 -1.819795e-02
9.655068e+00 2.088426e+00 -1.848428e-02
9.655068e+00 2.685505e+00 -1.625721e-02
9.86817e+00 1.570796e-02 -1.298789e-05
9.86817e+00 2.346256e-02 -8.66314e-05
9.86817e+00 3.503514e-02 -4.619840e-04
9.86817e+00 5.263151e-02 -1.043802e-03
9.86817e+00 7.314235e-02 -1.530234e-03
9.86817e+00 1.025928e-01 -2.8258e-03
9.86817e+00 1.448116e-01 -4.109910e-03
9.86817e+00 2.023460e-01 -5.878325e-03
9.86817e+00 2.834245e-01 -8.631530e-03
9.86817e+00 3.967448e-01 -1.150443e-02
9.86817e+00 5.552783e-01 -1.433604e-02
9.86817e+00 7.774819e-01 -1.612783e-02
9.86817e+00 1.088445e+00 -1.660322e-02
9.86817e+00 1.523711e+00 -1.687294e-02
9.86817e+00 2.088426e+00 -1.727114e-02
9.86817e+00 2.685505e+00 -1.513339e-02
1.008553e+01 1.570796e-02 -1.144454e-05
1.008553e+01 2.346256e-02 -7.415811e-05
1.008553e+01 3.503514e-02 -4.021927e-04
1.008553e+01 5.263151e-02 -9.121188e-04
1.008553e+01 7.314235e-02 -1.337327e-03
1.008553e+01 1.025928e-01 -2.465058e-03
1.008553e+01 1.448116e-01 -3.589578e-03
1.008553e+01 2.023460e-01 -5.146505e-03
1.008553e+01 2.834245e-01 -7.563034e-03
1.008553e+01 3.967448e-01 -1.011327e-02
1.008553e+01 5.552783e-01 -1.269689e-02
1.008553e+01 7.774819e-01 -1.444717e-02
1.008553e+01 1.088445e+00 -1.506341e-02
1.008553e+01 1.523711e+00 -1.554883e-02
1.008553e+01 2.088426e+00 -1.604469e-02
1.008553e+01 2.685505e+00 -1.407315e-02
1.030724e+01 1.570796e-02 -9.640042e-06
1.030724e+01 2.346256e-02 -6.437426e-05
1.030724e+01 3.503514e-02 -3.480397e-04
1.030724e+01 5.263151e-02 -7.932880e-04
1.030724e+01 7.314235e-02 -1.15988e-03
1.030724e+01 1.025928e-01 -2.139478e-03
1.030724e+01 1.448116e-01 -3.117982e-03
1.030724e+01 2.023460e-01 -4.474160e-03
1.030724e+01 2.834245e-01 -6.599475e-03
1.030724e+01 3.967448e-01 -8.850895e-03
1.030724e+01 5.552783e-01 -1.118681e-02
1.030724e+01 7.774819e-01 -1.286470e-02
1.030724e+01 1.088445e+00 -1.358161e-02
1.030724e+01 1.523711e+00 -1.425593e-02
1.030724e+01 2.088426e+00 -1.484916e-02
1.030724e+01 2.685505e+00 -1.304099e-02
1.053339e+01 1.570796e-02 -8.224312e-06
1.053339e+01 2.346256e-02 -5.459746e-05
1.053339e+01 3.503514e-02 -3.019148e-04
1.053339e+01 5.263151e-02 -6.894286e-04
1.053339e+01 7.314235e-02 -1.004337e-03
1.053339e+01 1.025928e-01 -1.847940e-03
1.053339e+01 1.448116e-01 -2.701784e-03
1.053339e+01 2.023460e-01 -3.88075e-03
1.053339e+01 2.834245e-01 -5.737381e-03
1.053339e+01 3.967448e-01 -7.716323e-03
1.053339e+01 5.552783e-01 -9.808915e-03
1.053339e+01 7.774819e-01 -1.13962e-02
1.053339e+01 1.088445e+00 -1.219446e-02
1.053339e+01 1.523711e+00 -1.301372e-02
1.053339e+01 2.088426e+00 -1.366633e-02
1.053339e+01 2.685505e+00 -1.208329e-02
1.076406e+01 1.570796e-02 -7.230769e-06
1.076406e+01 2.346256e-02 -4.701984e-05
1.076406e+01 3.503514e-02 -2.608884e-04
1.076406e+01 5.263151e-02 -5.950180e-04
1.076406e+01 7.314235e-02 -8.688092e-04
1.076406e+01 1.025928e-01 -1.593875e-03
1.076406e+01 1.448116e-01 -2.331954e-03
1.076406e+01 2.023460e-01 -3.353705e-03
1.076406e+01 2.834245e-01 -4.96652e-03
1.076406e+01 3.967448e-01 -6.695836e-03
1.076406e+01 5.552783e-01 -8.558087e-03
1.076406e+01 7.774819e-01 -1.0017e-02
1.076406e+01 1.088445e+00 -1.087810e-02
1.076406e+01 1.523711e+00 -1.178951e-02
1.076406e+01 2.088426e+00 -1.252280e-02
1.076406e+01 2.685505e+00 -1.109271e-02
1.099934e+01 1.570796e-02 -6.16618e-06
1.099934e+01 2.346256e-02 -4.048350e-05
1.099934e+01 3.503514e-02 -2.231639e-04
1.099934e+01 5.263151e-02 -5.129362e-04
1.099934e+01 7.314235e-02 -7.493068e-04
1.099934e+01 1.025928e-01 -1.366903e-03
1.099934e+01 1.448116e-01 -2.004892e-03
1.099934e+01 2.023460e-01 -2.883692e-03
1.099934e+01 2.834245e-01 -4.281174e-03
1.099934e+01 3.967448e-01 -5.782581e-03
1.099934e+01 5.552783e-01 -7.429270e-03
1.099934e+01 7.774819e-01 -8.785583e-03
1.099934e+01 1.088445e+00 -9.665270e-03
1.099934e+01 1.523711e+00 -1.06302e-02
1.099934e+01 2.088426e+00 -1.141858e-02
1.099934e+01 2.685505e+00 -1.009086e-02
1.123932e+01 1.570796e-02 -5.261772e-06
1.123932e+01 2.346256e-02 -3.447361e-05
1.123932e+01 3.503514e-02 -1.913938e-04
1.123932e+01 5.263151e-02 -4.403271e-04
1.123932e+01 7.314235e-02 -6.440559e-04
1.123932e+01 1.025928e-01 -1.170623e-03
1.123932e+01 1.448116e-01 -1.718494e-03
1.123932e+01 2.023460e-01 -2.468271e-03
1.123932e+01 2.834245e-01 -3.671970e-03
1.123932e+01 3.967448e-01 -4.971153e-03
1.123932e+01 5.552783e-01 -6.417696e-03
1.123932e+01 7.774819e-01 -7.662721e-03
1.123932e+01 1.088445e+00 -8.553492e-03
1.123932e+01 1.523711e+00 -9.564333e-03
1.123932e+01 2.088426e+00 -1.034999e-02
1.123932e+01 2.685505e+00 -9.188484e-03
1.148411e+01 1.570796e-02 -4.347498e-06
1.148411e+01 2.346256e-02 -2.880843e-05
1.148411e+01 3.503514e-02 -1.622901e-04
1.148411e+01 5.263151e-02 -3.766924e-04
1.148411e+01 7.314235e-02 -5.501048e-04
1.148411e+01 1.025928e-01 -9.979409e-04
1.148411e+01 1.448116e-01 -1.465382e-03
1.148411e+01 2.023460e-01 -2.105505e-03
1.148411e+01 2.834245e-01 -3.138927e-03
1.148411e+01 3.967448e-01 -4.257615e-03
1.148411e+01 5.552783e-01 -5.525318e-03
1.148411e+01 7.774819e-01 -6.652162e-03
1.148411e+01 1.088445e+00 -7.531219e-03
1.148411e+01 1.523711e+00 -8.552676e-03
1.148411e+01 2.088426e+00 -9.353254e-03
1.148411e+01 2.685505e+00 -8.340578e-03
1.173379e+01 1.570796e-02 -3.612128e-06
1.173379e+01 2.346256e-02 -2.441385e-05
1.173379e+01 3.503514e-02 -1.367507e-04
1.173379e+01 5.263151e-02 -3.200951e-04
1.173379e+01 7.314235e-02 -4.652032e-04
1.173379e+01 1.025928e-01 -8.44499e-04
1.173379e+01 1.448116e-01 -1.243868e-03
1.173379e+01 2.023460e-01 -1.786866e-03
1.173379e+01 2.834245e-01 -2.66755e-03
1.173379e+01 3.967448e-01 -3.625315e-03
1.173379e+01 5.552783e-01 -4.718098e-03
1.173379e+01 7.774819e-01 -5.744689e-03
1.173379e+01 1.088445e+00 -6.594866e-03
1.173379e+01 1.523711e+00 -7.610992e-03
1.173379e+01 2.088426e+00 -8.407738e-03
1.173379e+01 2.685505e+00 -7.488704e-03
1.198847e+01 1.570796e-02 -2.952625e-06
1.198847e+01 2.346256e-02 -2.036565e-05
1.198847e+01 3.503514e-02 -1.159383e-04
1.198847e+01 5.263151e-02 -2.710224e-04
1.198847e+01 7.314235e-02 -3.920118e-04
1.198847e+01 1.025928e-01 -7.108640e-04
1.198847e+01 1.448116e-01 -1.047637e-03
1.198847e+01 2.023460e-01 -1.508403e-03
1.198847e+01 2.834245e-01 -2.253101e-03
1.198847e+01 3.967448e-01 -3.06641e-03
1.198847e+01 5.552783e-01 -4.009376e-03
1.198847e+01 7.774819e-01 -4.933133e-03
1.198847e+01 1.088445e+00 -5.731827e-03
1.198847e+01 1.523711e+00 -6.725102e-03
1.198847e+01 2.088426e+00 -7.498740e-03
1.198847e+01 2.685505e+00 -6.680317e-03
1.224824e+01 1.570796e-02 -2.482427e-06
1.224824e+01 2.346256e-02 -1.692121e-05
1.224824e+01 3.503514e-02 -9.709488e-05
1.224824e+01 5.263151e-02 -2.276601e-04
1.224824e+01 7.314235e-02 -3.292491e-04
1.224824e+01 1.025928e-01 -5.960260e-04
1.224824e+01 1.448116e-01 -8.792434e-04
1.224824e+01 2.023460e-01 -1.266944e-03
1.224824e+01 2.834245e-01 -1.896419e-03
1.224824e+01 3.967448e-01 -2.585189e-03
1.224824e+01 5.552783e-01 -3.390746e-03
1.224824e+01 7.774819e-01 -4.216327e-03
1.224824e+01 1.088445e+00 -4.965620e-03
1.224824e+01 1.523711e+00 -5.915627e-03
1.224824e+01 2.088426e+00 -6.661158e-03
1.224824e+01 2.685505e+00 -5.982219e-03
1.251320e+01 1.570796e-02 -2.077128e-06
1.251320e+01 2.346256e-02 -1.418645e-05
1.251320e+01 3.503514e-02 -8.025769e-05
1.251320e+01 5.263151e-02 -1.900571e-04
1.251320e+01 7.314235e-02 -2.751463e-04
1.251320e+01 1.025928e-01 -4.972481e-04
1.251320e+01 1.448116e-01 -7.353137e-04
1.251320e+01 2.023460e-01 -1.058846e-03
1.251320e+01 2.834245e-01 -1.586426e-03
1.251320e+01 3.967448e-01 -2.164709e-03
1.251320e+01 5.552783e-01 -2.851487e-03
1.251320e+01 7.774819e-01 -3.582688e-03
1.251320e+01 1.088445e+00 -4.272172e-03
1.251320e+01 1.523711e+00 -5.171396e-03
1.251320e+01 2.088426e+00 -5.892140e-03
1.251320e+01 2.685505e+00 -5.309956e-03
1.278347e+01 1.570796e-02 -1.672651e-06
1.278347e+01 2.346256e-02 -1.176266e-05
1.278347e+01 3.503514e-02 -6.611035e-05
1.278347e+01 5.263151e-02 -1.594093e-04
1.278347e+01 7.314235e-02 -2.286096e-04
1.278347e+01 1.025928e-01 -4.123204e-04
1.278347e+01 1.448116e-01 -6.12917e-04
1.278347e+01 2.023460e-01 -8.802275e-04
1.278347e+01 2.834245e-01 -1.323641e-03
1.278347e+01 3.967448e-01 -1.808730e-03
1.278347e+01 5.552783e-01 -2.395857e-03
1.278347e+01 7.774819e-01 -3.034617e-03
1.278347e+01 1.088445e+00 -3.657137e-03
1.278347e+01 1.523711e+00 -4.49719e-03
1.278347e+01 2.088426e+00 -5.165698e-03
1.278347e+01 2.685505e+00 -4.660949e-03
1.305914e+01 1.570796e-02 -1.420935e-06
1.305914e+01 2.346256e-02 -9.649710e-06
1.305914e+01 3.503514e-02 -5.494610e-05
1.305914e+01 5.263151e-02 -1.319686e-04
1.305914e+01 7.314235e-02 -1.901940e-04
1.305914e+01 1.025928e-01 -3.408356e-04
1.305914e+01 1.448116e-01 -5.079623e-04
1.305914e+01 2.023460e-01 -7.278895e-04
1.305914e+01 2.834245e-01 -1.095978e-03
1.305914e+01 3.967448e-01 -1.503295e-03
1.305914e+01 5.552783e-01 -1.996721e-03
1.305914e+01 7.774819e-01 -2.550878e-03
1.305914e+01 1.088445e+00 -3.120419e-03
1.305914e+01 1.523711e+00 -3.88865e-03
1.305914e+01 2.088426e+00 -4.504329e-03
1.305914e+01 2.685505e+00 -4.090821e-03
1.334032e+01 1.570796e-02 -1.210603e-06
1.334032e+01 2.346256e-02 -7.787090e-06
1.334032e+01 3.503514e-02 -4.562117e-05
1.334032e+01 5.263151e-02 -1.085201e-04
1.334032e+01 7.314235e-02 -1.565185e-04
1.334032e+01 1.025928e-01 -2.808646e-04
1.334032e+01 1.448116e-01 -4.179671e-04
1.334032e+01 2.023460e-01 -6.000194e-04
1.334032e+01 2.834245e-01 -9.031617e-04
1.334032e+01 3.967448e-01 -1.239445e-03
1.334032e+01 5.552783e-01 -1.653762e-03
1.334032e+01 7.774819e-01 -2.135335e-03
1.334032e+01 1.088445e+00 -2.646312e-03
1.334032e+01 1.523711e+00 -3.341188e-03
1.334032e+01 2.088426e+00 -3.905932e-03
1.334032e+01 2.685505e+00 -3.565753e-03
1.362713e+01 1.570796e-02 -1.024325e-06
1.362713e+01 2.346256e-02 -6.390118e-06
1.362713e+01 3.503514e-02 -3.718171e-05
1.362713e+01 5.263151e-02 -8.872088e-05
1.362713e+01 7.314235e-02 -1.272237e-04
1.362713e+01 1.025928e-01 -2.279496e-04
1.362713e+01 1.448116e-01 -3.415734e-04
1.362713e+01 2.023460e-01 -4.904734e-04
1.362713e+01 2.834245e-01 -7.400628e-04
1.362713e+01 3.967448e-01 -1.016623e-03
1.362713e+01 5.552783e-01 -1.360799e-03
1.362713e+01 7.774819e-01 -1.771080e-03
1.362713e+01 1.088445e+00 -2.228058e-03
1.362713e+01 1.523711e+00 -2.842259e-03
1.362713e+01 2.088426e+00 -3.365694e-03
1.362713e+01 2.685505e+00 -3.079296e-03
1.391967e+01 1.570796e-02 -8.689763e-07
1.391967e+01 2.346256e-02 -5.213511e-06
1.391967e+01 3.503514e-02 -2.986566e-05
1.391967e+01 5.263151e-02 -7.252869e-05
1.391967e+01 7.314235e-02 -1.03263e-04
1.391967e+01 1.025928e-01 -1.86239e-04
1.391967e+01 1.448116e-01 -2.782484e-04
1.391967e+01 2.023460e-01 -3.992171e-04
1.391967e+01 2.834245e-01 -6.024435e-04
1.391967e+01 3.967448e-01 -8.302209e-04
1.391967e+01 5.552783e-01 -1.115823e-03
1.391967e+01 7.774819e-01 -1.462045e-03
1.391967e+01 1.088445e+00 -1.864731e-03
1.391967e+01 1.523711e+00 -2.413832e-03
1.391967e+01 2.088426e+00 -2.875287e-03
1.391967e+01 2.685505e+00 -2.634445e-03
1.421806e+01 1.570796e-02 -7.043778e-07
1.421806e+01 2.346256e-02 -4.127641e-06
1.421806e+01 3.503514e-02 -2.406529e-05
1.421806e+01 5.263151e-02 -5.85949e-05
1.421806e+01 7.314235e-02 -8.362087e-05
1.421806e+01 1.025928e-01 -1.517491e-04
1.421806e+01 1.448116e-01 -2.253058e-04
1.421806e+01 2.023460e-01 -3.231939e-04
1.421806e+01 2.834245e-01 -4.869967e-04
1.421806e+01 3.967448e-01 -6.748021e-04
1.421806e+01 5.552783e-01 -9.072732e-04
1.421806e+01 7.774819e-01 -1.197288e-03
1.421806e+01 1.088445e+00 -1.546159e-03
1.421806e+01 1.523711e+00 -2.023646e-03
1.421806e+01 2.088426e+00 -2.424773e-03
1.421806e+01 2.685505e+00 -2.226430e-03
1.452242e+01 1.570796e-02 -5.664089e-07
1.452242e+01 2.346256e-02 -3.288605e-06
1.452242e+01 3.503514e-02 -1.928e-05
1.452242e+01 5.263151e-02 -4.695612e-05
1.452242e+01 7.314235e-02 -6.704903e-05
1.452242e+01 1.025928e-01 -1.223509e-04
1.452242e+01 1.448116e-01 -1.808461e-04
1.452242e+01 2.023460e-01 -2.601247e-04
1.452242e+01 2.834245e-01 -3.918866e-04
1.452242e+01 3.967448e-01 -5.445933e-04
1.452242e+01 5.552783e-01 -7.363440e-04
1.452242e+01 7.774819e-01 -9.769975e-04
1.452242e+01 1.088445e+00 -1.276588e-03
1.452242e+01 1.523711e+00 -1.692845e-03
1.452242e+01 2.088426e+00 -2.037502e-03
1.452242e+01 2.685505e+00 -1.873075e-03
1.483287e+01 1.570796e-02 -4.882019e-07
1.483287e+01 2.346256e-02 -2.685262e-06
1.483287e+01 3.503514e-02 -1.518722e-05
1.483287e+01 5.263151e-02 -3.757459e-05
1.483287e+01 7.314235e-02 -5.296694e-05
1.483287e+01 1.025928e-01 -9.676989e-05
1.483287e+01 1.448116e-01 -1.449112e-04
1.483287e+01 2.023460e-01 -2.067202e-04
1.483287e+01 2.834245e-01 -3.127868e-04
1.483287e+01 3.967448e-01 -4.340114e-04
1.483287e+01 5.552783e-01 -5.917922e-04
1.483287e+01 7.774819e-01 -7.881811e-04
1.483287e+01 1.088445e+00 -1.045605e-03
1.483287e+01 1.523711e+00 -1.397422e-03
1.483287e+01 2.088426e+00 -1.69538e-03
1.483287e+01 2.685505e+00 -1.555695e-03
1.514953e+01 1.570796e-02 -3.856358e-07
1.514953e+01 2.346256e-02 -2.094572e-06
1.514953e+01 3.503514e-02 -1.200117e-05
1.514953e+01 5.263151e-02 -2.944766e-05
1.514953e+01 7.314235e-02 -4.218960e-05
1.514953e+01 1.025928e-01 -7.749443e-05
1.514953e+01 1.448116e-01 -1.147623e-04
1.514953e+01 2.023460e-01 -1.642011e-04
1.514953e+01 2.834245e-01 -2.484929e-04
1.514953e+01 3.967448e-01 -3.446595e-04
1.514953e+01 5.552783e-01 -4.729474e-04
1.514953e+01 7.774819e-01 -6.360189e-04
1.514953e+01 1.088445e+00 -8.524732e-04
1.514953e+01 1.523711e+00 -1.150544e-03
1.514953e+01 2.088426e+00 -1.405007e-03
1.514953e+01 2.685505e+00 -1.272716e-03
1.547252e+01 1.570796e-02 -2.932153e-07
1.547252e+01 2.346256e-02 -1.660790e-06
1.547252e+01 3.503514e-02 -9.44441e-06
1.547252e+01 5.263151e-02 -2.307922e-05
1.547252e+01 7.314235e-02 -3.358033e-05
1.547252e+01 1.025928e-01 -6.095212e-05
1.547252e+01 1.448116e-01 -9.084612e-05
1.547252e+01 2.023460e-01 -1.301186e-04
1.547252e+01 2.834245e-01 -1.951463e-04
1.547252e+01 3.967448e-01 -2.721042e-04
1.547252e+01 5.552783e-01 -3.751554e-04
1.547252e+01 7.774819e-01 -5.065146e-04
1.547252e+01 1.088445e+00 -6.854325e-04
1.547252e+01 1.523711e+00 -9.380413e-04
1.547252e+01 2.088426e+00 -1.156478e-03
1.547252e+01 2.685505e+00 -1.044238e-03
1.580197e+01 1.570796e-02 -2.108739e-07
1.580197e+01 2.346256e-02 -1.360088e-06
1.580197e+01 3.503514e-02 -7.009840e-06
1.580197e+01 5.263151e-02 -1.818804e-05
1.580197e+01 7.314235e-02 -2.591218e-05
1.580197e+01 1.025928e-01 -4.776848e-05
1.580197e+01 1.448116e-01 -7.091185e-05
1.580197e+01 2.023460e-01 -1.011632e-04
1.580197e+01 2.834245e-01 -1.529172e-04
1.580197e+01 3.967448e-01 -2.135166e-04
1.580197e+01 5.552783e-01 -2.952485e-04
1.580197e+01 7.774819e-01 -4.008795e-04
1.580197e+01 1.088445e+00 -5.450446e-04
1.580197e+01 1.523711e+00 -7.510988e-04
1.580197e+01 2.088426e+00 -9.286062e-04
1.580197e+01 2.685505e+00 -8.394872e-04
1.613801e+01 1.570796e-02 -1.734072e-07
1.613801e+01 2.346256e-02 -1.117594e-06
1.613801e+01 3.503514e-02 -5.261261e-06
1.613801e+01 5.263151e-02 -1.402946e-05
1.613801e+01 7.314235e-02 -2.001949e-05
1.613801e+01 1.025928e-01 -3.703015e-05
1.613801e+01 1.448116e-01 -5.497829e-05
1.613801e+01 2.023460e-01 -7.853047e-05
1.613801e+01 2.834245e-01 -1.187849e-04
1.613801e+01 3.967448e-01 -1.655326e-04
1.613801e+01 5.552783e-01 -2.311755e-04
1.613801e+01 7.774819e-01 -3.160134e-04
1.613801e+01 1.088445e+00 -4.323009e-04
1.613801e+01 1.523711e+00 -5.979595e-04
1.613801e+01 2.088426e+00 -7.385073e-04
1.613801e+01 2.685505e+00 -6.580894e-04
1.648077e+01 1.570796e-02 -1.538585e-07
1.648077e+01 2.346256e-02 -8.669436e-07
1.648077e+01 3.503514e-02 -4.039818e-06
1.648077e+01 5.263151e-02 -1.062231e-05
1.648077e+01 7.314235e-02 -1.502632e-05
1.648077e+01 1.025928e-01 -2.840507e-05
1.648077e+01 1.448116e-01 -4.154393e-05
1.648077e+01 2.023460e-01 -5.933386e-05
1.648077e+01 2.834245e-01 -8.933142e-05
1.648077e+01 3.967448e-01 -1.257961e-04
1.648077e+01 5.552783e-01 -1.751684e-04
1.648077e+01 7.774819e-01 -2.421072e-04
1.648077e+01 1.088445e+00 -3.323199e-04
1.648077e+01 1.523711e+00 -4.647522e-04
1.648077e+01 2.088426e+00 -5.773453e-04
1.648077e+01 2.685505e+00 -5.15976e-04
1.683038e+01 1.570796e-02 -1.203129e-07
1.683038e+01 2.346256e-02 -6.095163e-07
1.683038e+01 3.503514e-02 -2.988485e-06
1.683038e+01 5.263151e-02 -7.929943e-06
1.683038e+01 7.314235e-02 -1.144693e-05
1.683038e+01 1.025928e-01 -2.135042e-05
1.683038e+01 1.448116e-01 -3.130764e-05
1.683038e+01 2.023460e-01 -4.462131e-05
1.683038e+01 2.834245e-01 -6.758186e-05
1.683038e+01 3.967448e-01 -9.476974e-05
1.683038e+01 5.552783e-01 -1.329165e-04
1.683038e+01 7.774819e-01 -1.849414e-04
1.683038e+01 1.088445e+00 -2.55454e-04
1.683038e+01 1.523711e+00 -3.59162e-04
1.683038e+01 2.088426e+00 -4.445734e-04
1.683038e+01 2.685505e+00 -4.027749e-04
1.718699e+01 1.570796e-02 -9.308236e-08
1.718699e+01 2.346256e-02 -4.643926e-07
1.718699e+01 3.503514e-02 -2.211824e-06
1.718699e+01 5.263151e-02 -5.831643e-06
1.718699e+01 7.314235e-02 -8.524688e-06
1.718699e+01 1.025928e-01 -1.573457e-05
1.718699e+01 1.448116e-01 -2.277880e-05
1.718699e+01 2.023460e-01 -3.309951e-05
1.718699e+01 2.834245e-01 -4.993435e-05
1.718699e+01 3.967448e-01 -6.970749e-05
1.718699e+01 5.552783e-01 -9.86454e-05
1.718699e+01 7.774819e-01 -1.385027e-04
1.718699e+01 1.088445e+00 -1.925987e-04
1.718699e+01 1.523711e+00 -2.711412e-04
1.718699e+01 2.088426e+00 -3.37655e-04
1.718699e+01 2.685505e+00 -3.063848e-04
1.755073e+01 1.570796e-02 -6.736504e-08
1.755073e+01 2.346256e-02 -3.433142e-07
1.755073e+01 3.503514e-02 -1.628593e-06
1.755073e+01 5.263151e-02 -4.310095e-06
1.755073e+01 7.314235e-02 -6.256262e-06
1.755073e+01 1.025928e-01 -1.14781e-05
1.755073e+01 1.448116e-01 -1.665289e-05
1.755073e+01 2.023460e-01 -2.437799e-05
1.755073e+01 2.834245e-01 -3.628931e-05
1.755073e+01 3.967448e-01 -5.096169e-05
1.755073e+01 5.552783e-01 -7.258272e-05
1.755073e+01 7.774819e-01 -1.028509e-04
1.755073e+01 1.088445e+00 -1.439351e-04
1.755073e+01 1.523711e+00 -2.03827e-04
1.755073e+01 2.088426e+00 -2.541013e-04
1.755073e+01 2.685505e+00 -2.277332e-04
1.792175e+01 1.570796e-02 -4.656805e-08
1.792175e+01 2.346256e-02 -2.175339e-07
1.792175e+01 3.503514e-02 -1.151575e-06
1.792175e+01 5.263151e-02 -3.041411e-06
1.792175e+01 7.314235e-02 -4.441438e-06
1.792175e+01 1.025928e-01 -8.206979e-06
1.792175e+01 1.448116e-01 -1.217089e-05
1.792175e+01 2.023460e-01 -1.767719e-05
1.792175e+01 2.834245e-01 -2.616662e-05
1.792175e+01 3.967448e-01 -3.687951e-05
1.792175e+01 5.552783e-01 -5.281389e-05
1.792175e+01 7.774819e-01 -7.469197e-05
1.792175e+01 1.088445e+00 -1.053121e-04
1.792175e+01 1.523711e+00 -1.497695e-04
1.792175e+01 2.088426e+00 -1.873228e-04
1.792175e+01 2.685505e+00 -1.69877e-04
1.830018e+01 1.570796e-02 -2.784345e-08
1.830018e+01 2.346256e-02 -1.692071e-07
1.830018e+01 3.503514e-02 -7.966445e-07
1.830018e+01 5.263151e-02 -2.152235e-06
1.830018e+01 7.314235e-02 -3.162524e-06
1.830018e+01 1.025928e-01 -5.820982e-06
1.830018e+01 1.448116e-01 -8.580865e-06
1.830018e+01 2.023460e-01 -1.238581e-05
1.830018e+01 2.834245e-01 -1.845969e-05
1.830018e+01 3.967448e-01 -2.578875e-05
1.830018e+01 5.552783e-01 -3.709353e-05
1.830018e+01 7.774819e-01 -5.359533e-05
1.830018e+01 1.088445e+00 -7.580028e-05
1.830018e+01 1.523711e+00 -1.083031e-04
1.830018e+01 2.088426e+00 -1.367551e-04
1.830018e+01 2.685505e+00 -1.223782e-04
1.868618e+01 1.570796e-02 -2.355993e-08
1.868618e+01 2.346256e-02 -1.189363e-07
1.868618e+01 3.503514e-02 -5.690044e-07
1.868618e+01 5.263151e-02 -1.488078e-06
1.868618e+01 7.314235e-02 -2.211152e-06
1.868618e+01 1.025928e-01 -4.047799e-06
1.868618e+01 1.448116e-01 -6.186088e-06
1.868618e+01 2.023460e-01 -8.697690e-06
1.868618e+01 2.834245e-01 -1.305645e-05
1.868618e+01 3.967448e-01 -1.826588e-05
1.868618e+01 5.552783e-01 -2.635971e-05
1.868618e+01 7.774819e-01 -3.826247e-05
1.868618e+01 1.088445e+00 -5.423571e-05
1.868618e+01 1.523711e+00 -7.886585e-05
1.868618e+01 2.088426e+00 -9.937273e-05
1.868618e+01 2.685505e+00 -9.012520e-05
1.907991e+01 1.570796e-02 -2.03187e-08
1.907991e+01 2.346256e-02 -7.105116e-08
1.907991e+01 3.503514e-02 -3.911268e-07
1.907991e+01 5.263151e-02 -9.874068e-07
1.907991e+01 7.314235e-02 -1.497040e-06
1.907991e+01 1.025928e-01 -2.69559e-06
1.907991e+01 1.448116e-01 -4.235035e-06
1.907991e+01 2.023460e-01 -5.879969e-06
1.907991e+01 2.834245e-01 -8.856118e-06
1.907991e+01 3.967448e-01 -1.256242e-05
1.907991e+01 5.552783e-01 -1.835049e-05
1.907991e+01 7.774819e-01 -2.627733e-05
1.907991e+01 1.088445e+00 -3.788152e-05
1.907991e+01 1.523711e+00 -5.546349e-05
1.907991e+01 2.088426e+00 -7.098107e-05
1.907991e+01 2.685505e+00 -6.492901e-05
1.948151e+01 1.570796e-02 -1.383331e-08
1.948151e+01 2.346256e-02 -4.745294e-08
1.948151e+01 3.503514e-02 -2.605442e-07
1.948151e+01 5.263151e-02 -6.862025e-07
1.948151e+01 7.314235e-02 -9.853746e-07
1.948151e+01 1.025928e-01 -1.800476e-06
1.948151e+01 1.448116e-01 -2.864984e-06
1.948151e+01 2.023460e-01 -3.974393e-06
1.948151e+01 2.834245e-01 -6.034474e-06
1.948151e+01 3.967448e-01 -8.601452e-06
1.948151e+01 5.552783e-01 -1.256201e-05
1.948151e+01 7.774819e-01 -1.79629e-05
1.948151e+01 1.088445e+00 -2.651370e-05
1.948151e+01 1.523711e+00 -3.890831e-05
1.948151e+01 2.088426e+00 -4.956462e-05
1.948151e+01 2.685505e+00 -4.517190e-05
1.989114e+01 1.570796e-02 -7.563545e-09
1.989114e+01 2.346256e-02 -3.385272e-08
1.989114e+01 3.503514e-02 -1.879514e-07
1.989114e+01 5.263151e-02 -4.788795e-07
1.989114e+01 7.314235e-02 -6.668126e-07
1.989114e+01 1.025928e-01 -1.258506e-06
1.989114e+01 1.448116e-01 -1.954623e-06
1.989114e+01 2.023460e-01 -2.743227e-06
1.989114e+01 2.834245e-01 -4.157228e-06
1.989114e+01 3.967448e-01 -5.881226e-06
1.989114e+01 5.552783e-01 -8.654513e-06
1.989114e+01 7.774819e-01 -1.234473e-05
1.989114e+01 1.088445e+00 -1.846778e-05
1.989114e+01 1.523711e+00 -2.735629e-05
1.989114e+01 2.088426e+00 -3.419962e-05
1.989114e+01 2.685505e+00 -3.081201e-05
2.030896e+01 1.570796e-02 -6.337958e-09
2.030896e+01 2.346256e-02 -1.567279e-08
2.030896e+01 3.503514e-02 -1.303608e-07
2.030896e+01 5.263151e-02 -3.186639e-07
2.030896e+01 7.314235e-02 -4.345972e-07
2.030896e+01 1.025928e-01 -8.39831e-07
2.030896e+01 1.448116e-01 -1.301861e-06
2.030896e+01 2.023460e-01 -1.858091e-06
2.030896e+01 2.834245e-01 -2.813374e-06
2.030896e+01 3.967448e-01 -3.974058e-06
2.030896e+01 5.552783e-01 -5.834148e-06
2.030896e+01 7.774819e-01 -8.439358e-06
2.030896e+01 1.088445e+00 -1.271708e-05
2.030896e+01 1.523711e+00 -1.859641e-05
2.030896e+01 2.088426e+00 -2.330411e-05
2.030896e+01 2.685505e+00 -2.052042e-05
2.073514e+01 1.570796e-02 -3.575333e-09
2.073514e+01 2.346256e-02 -6.618145e-09
2.073514e+01 3.503514e-02 -8.456281e-08
2.073514e+01 5.263151e-02 -1.833506e-07
2.073514e+01 7.314235e-02 -2.561633e-07
2.073514e+01 1.025928e-01 -5.214662e-07
2.073514e+01 1.448116e-01 -8.259566e-07
2.073514e+01 2.023460e-01 -1.142216e-06
2.073514e+01 2.834245e-01 -1.753614e-06
2.073514e+01 3.967448e-01 -2.536562e-06
2.073514e+01 5.552783e-01 -3.700707e-06
2.073514e+01 7.774819e-01 -5.313227e-06
2.073514e+01 1.088445e+00 -8.177259e-06
2.073514e+01 1.523711e+00 -1.201578e-05
2.073514e+01 2.088426e+00 -1.524227e-05
2.073514e+01 2.685505e+00 -1.39328e-05
2.116984e+01 1.570796e-02 1.506839e-10
2.116984e+01 2.346256e-02 6.528735e-10
2.116984e+01 3.503514e-02 3.370679e-09
2.116984e+01 5.263151e-02 7.383239e-09
2.116984e+01 7.314235e-02 1.094465e-08
2.116984e+01 1.025928e-01 2.097941e-08
2.116984e+01 1.448116e-01 3.019218e-08
2.116984e+01 2.023460e-01 4.279756e-08
2.116984e+01 2.834245e-01 6.324314e-08
2.116984e+01 3.967448e-01 8.957610e-08
2.116984e+01 5.552783e-01 1.220755e-07
2.116984e+01 7.774819e-01 1.540792e-07
2.116984e+01 1.088445e+00 1.646424e-07
2.116984e+01 1.523711e+00 1.370037e-07
2.116984e+01 2.088426e+00 8.583251e-08
2.116984e+01 2.685505e+00 3.983994e-08
2.161324e+01 1.570796e-02 1.429181e-10
2.161324e+01 2.346256e-02 6.202216e-10
2.161324e+01 3.503514e-02 3.209408e-09
2.161324e+01 5.263151e-02 7.023569e-09
2.161324e+01 7.314235e-02 1.040840e-08
2.161324e+01 1.025928e-01 1.994976e-08
2.161324e+01 1.448116e-01 2.869221e-08
2.161324e+01 2.023460e-01 4.071274e-08
2.161324e+01 2.834245e-01 6.038076e-08
2.161324e+01 3.967448e-01 8.598040e-08
2.161324e+01 5.552783e-01 1.180413e-07
2.161324e+01 7.774819e-01 1.499552e-07
2.161324e+01 1.088445e+00 1.612701e-07
2.161324e+01 1.523711e+00 1.354075e-07
2.161324e+01 2.088426e+00 8.573256e-08
2.161324e+01 2.685505e+00 4.004749e-08
2.206550e+01 1.570796e-02 1.350646e-10
2.206550e+01 2.346256e-02 5.866809e-10
2.206550e+01 3.503514e-02 3.042286e-09
2.206550e+01 5.263151e-02 6.652147e-09
2.206550e+01 7.314235e-02 9.854173e-09
2.206550e+01 1.025928e-01 1.890152e-08
2.206550e+01 1.448116e-01 2.717158e-08
2.206550e+01 2.023460e-01 3.861153e-08
2.206550e+01 2.834245e-01 5.751312e-08
2.206550e+01 3.967448e-01 8.236793e-08
2.206550e+01 5.552783e-01 1.139049e-07
2.206550e+01 7.774819e-01 1.456224e-07
2.206550e+01 1.088445e+00 1.57605e-07
2.206550e+01 1.523711e+00 1.336004e-07
2.206550e+01 2.088426e+00 8.553034e-08
2.206550e+01 2.685505e+00 4.014126e-08
2.252681e+01 1.570796e-02 1.271979e-10
2.252681e+01 2.346256e-02 5.531641e-10
2.252681e+01 3.503514e-02 2.872307e-09
2.252681e+01 5.263151e-02 6.277145e-09
2.252681e+01 7.314235e-02 9.298382e-09
2.252681e+01 1.025928e-01 1.784823e-08
2.252681e+01 1.448116e-01 2.565542e-08
2.252681e+01 2.023460e-01 3.652105e-08
2.252681e+01 2.834245e-01 5.465197e-08
2.252681e+01 3.967448e-01 7.877624e-08
2.252681e+01 5.552783e-01 1.096686e-07
2.252681e+01 7.774819e-01 1.410589e-07
2.252681e+01 1.088445e+00 1.536792e-07
2.252681e+01 1.523711e+00 1.315157e-07
2.252681e+01 2.088426e+00 8.516061e-08
2.252681e+01 2.685505e+00 4.001814e-08
2.299735e+01 1.570796e-02 1.194788e-10
2.299735e+01 2.346256e-02 5.199923e-10
2.299735e+01 3.503514e-02 2.702853e-09
2.299735e+01 5.263151e-02 5.903373e-09
2.299735e+01 7.314235e-02 8.745492e-09
2.299735e+01 1.025928e-01 1.680738e-08
2.299735e+01 1.448116e-01 2.415805e-08
2.299735e+01 2.023460e-01 3.446137e-08
2.299735e+01 2.834245e-01 5.181977e-08
2.299735e+01 3.967448e-01 7.519479e-08
2.299735e+01 5.552783e-01 1.053770e-07
2.299735e+01 7.774819e-01 1.362888e-07
2.299735e+01 1.088445e+00 1.494846e-07
2.299735e+01 1.523711e+00 1.293773e-07
2.299735e+01 2.088426e+00 8.495018e-08
2.299735e+01 2.685505e+00 4.007324e-08
2.34773e+01 1.570796e-02 1.118984e-10
2.34773e+01 2.346256e-02 4.875855e-10
2.34773e+01 3.503514e-02 2.534327e-09
2.34773e+01 5.263151e-02 5.534709e-09
2.34773e+01 7.314235e-02 8.201612e-09
2.34773e+01 1.025928e-01 1.577902e-08
2.34773e+01 1.448116e-01 2.268228e-08
2.34773e+01 2.023460e-01 3.243863e-08
2.34773e+01 2.834245e-01 4.904108e-08
2.34773e+01 3.967448e-01 7.161880e-08
2.34773e+01 5.552783e-01 1.010644e-07
2.34773e+01 7.774819e-01 1.314621e-07
2.34773e+01 1.088445e+00 1.451712e-07
2.34773e+01 1.523711e+00 1.271846e-07
2.34773e+01 2.088426e+00 8.484363e-08
2.34773e+01 2.685505e+00 4.007634e-08
2.396684e+01 1.570796e-02 1.04478e-10
2.396684e+01 2.346256e-02 4.56243e-10
2.396684e+01 3.503514e-02 2.368984e-09
2.396684e+01 5.263151e-02 5.174058e-09
2.396684e+01 7.314235e-02 7.666629e-09
2.396684e+01 1.025928e-01 1.477325e-08
2.396684e+01 1.448116e-01 2.123817e-08
2.396684e+01 2.023460e-01 3.045734e-08
2.396684e+01 2.834245e-01 4.631102e-08
2.396684e+01 3.967448e-01 6.806065e-08
2.396684e+01 5.552783e-01 9.664415e-08
2.396684e+01 7.774819e-01 1.264363e-07
2.396684e+01 1.088445e+00 1.406499e-07
2.396684e+01 1.523711e+00 1.248896e-07
2.396684e+01 2.088426e+00 8.472790e-08
2.396684e+01 2.685505e+00 4.018129e-08
2.446618e+01 1.570796e-02 9.726597e-11
2.446618e+01 2.346256e-02 4.251126e-10
2.446618e+01 3.503514e-02 2.206991e-09
2.446618e+01 5.263151e-02 4.822020e-09
2.446618e+01 7.314235e-02 7.145870e-09
2.446618e+01 1.025928e-01 1.378954e-08
2.446618e+01 1.448116e-01 1.982352e-08
2.446618e+01 2.023460e-01 2.851641e-08
2.446618e+01 2.834245e-01 4.361571e-08
2.446618e+01 3.967448e-01 6.452045e-08
2.446618e+01 5.552783e-01 9.219993e-08
2.446618e+01 7.774819e-01 1.212165e-07
2.446618e+01 1.088445e+00 1.358297e-07
2.446618e+01 1.523711e+00 1.224233e-07
2.446618e+01 2.088426e+00 8.464156e-08
2.446618e+01 2.685505e+00 4.051322e-08
2.497550e+01 1.570796e-02 9.018528e-11
2.497550e+01 2.346256e-02 3.950545e-10
2.497550e+01 3.503514e-02 2.048860e-09
2.497550e+01 5.263151e-02 4.477750e-09
2.497550e+01 7.314235e-02 6.638193e-09
2.497550e+01 1.025928e-01 1.282971e-08
2.497550e+01 1.448116e-01 1.845145e-08
2.497550e+01 2.023460e-01 2.662528e-08
2.497550e+01 2.834245e-01 4.098325e-08
2.497550e+01 3.967448e-01 6.097552e-08
2.497550e+01 5.552783e-01 8.764728e-08
2.497550e+01 7.774819e-01 1.158888e-07
2.497550e+01 1.088445e+00 1.308697e-07
2.497550e+01 1.523711e+00 1.198224e-07
2.497550e+01 2.088426e+00 8.458192e-08
2.497550e+01 2.685505e+00 4.093367e-08
2.549501e+01 1.570796e-02 8.326425e-11
2.549501e+01 2.346256e-02 3.654625e-10
2.549501e+01 3.503514e-02 1.894993e-09
2.549501e+01 5.263151e-02 4.143208e-09
2.549501e+01 7.314235e-02 6.143824e-09
2.549501e+01 1.025928e-01 1.189763e-08
2.549501e+01 1.448116e-01 1.711482e-08
2.549501e+01 2.023460e-01 2.477041e-08
2.549501e+01 2.834245e-01 3.837126e-08
2.549501e+01 3.967448e-01 5.741787e-08
2.549501e+01 5.552783e-01 8.300937e-08
2.549501e+01 7.774819e-01 1.103508e-07
2.549501e+01 1.088445e+00 1.257311e-07
2.549501e+01 1.523711e+00 1.170862e-07
2.549501e+01 2.088426e+00 8.459006e-08
2.549501e+01 2.685505e+00 4.152876e-08
2.602491e+01 1.570796e-02 7.65725e-11
2.602491e+01 2.346256e-02 3.367869e-10
2.602491e+01 3.503514e-02 1.745872e-09
2.602491e+01 5.263151e-02 3.817980e-09
2.602491e+01 7.314235e-02 5.661500e-09
2.602491e+01 1.025928e-01 1.098866e-08
2.602491e+01 1.448116e-01 1.581358e-08
2.602491e+01 2.023460e-01 2.296213e-08
2.602491e+01 2.834245e-01 3.579389e-08
2.602491e+01 3.967448e-01 5.386703e-08
2.602491e+01 5.552783e-01 7.828328e-08
2.602491e+01 7.774819e-01 1.046442e-07
2.602491e+01 1.088445e+00 1.203329e-07
2.602491e+01 1.523711e+00 1.141255e-07
2.602491e+01 2.088426e+00 8.449979e-08
2.602491e+01 2.685505e+00 4.224479e-08
2.656541e+01 1.570796e-02 7.005445e-11
2.656541e+01 2.346256e-02 3.09046e-10
2.656541e+01 3.503514e-02 1.599766e-09
2.656541e+01 5.263151e-02 3.501515e-09
2.656541e+01 7.314235e-02 5.194053e-09
2.656541e+01 1.025928e-01 1.010341e-08
2.656541e+01 1.448116e-01 1.454306e-08
2.656541e+01 2.023460e-01 2.119469e-08
2.656541e+01 2.834245e-01 3.323560e-08
2.656541e+01 3.967448e-01 5.027639e-08
2.656541e+01 5.552783e-01 7.348254e-08
2.656541e+01 7.774819e-01 9.873147e-08
2.656541e+01 1.088445e+00 1.146625e-07
2.656541e+01 1.523711e+00 1.108486e-07
2.656541e+01 2.088426e+00 8.436349e-08
2.656541e+01 2.685505e+00 4.342275e-08
2.711672e+01 1.570796e-02 6.368867e-11
2.711672e+01 2.346256e-02 2.818411e-10
2.711672e+01 3.503514e-02 1.458419e-09
2.711672e+01 5.263151e-02 3.193876e-09
2.711672e+01 7.314235e-02 4.738712e-09
2.711672e+01 1.025928e-01 9.238974e-09
2.711672e+01 1.448116e-01 1.330628e-08
2.711672e+01 2.023460e-01 1.945984e-08
2.711672e+01 2.834245e-01 3.07119e-08
2.711672e+01 3.967448e-01 4.666538e-08
2.711672e+01 5.552783e-01 6.857335e-08
2.711672e+01 7.774819e-01 9.263450e-08
2.711672e+01 1.088445e+00 1.087052e-07
2.711672e+01 1.523711e+00 1.072911e-07
2.711672e+01 2.088426e+00 8.412978e-08
2.711672e+01 2.685505e+00 4.509318e-08
2.767905e+01 1.570796e-02 5.755236e-11
2.767905e+01 2.346256e-02 2.553785e-10
2.767905e+01 3.503514e-02 1.321094e-09
2.767905e+01 5.263151e-02 2.895591e-09
2.767905e+01 7.314235e-02 4.295428e-09
2.767905e+01 1.025928e-01 8.397377e-09
2.767905e+01 1.448116e-01 1.210161e-08
2.767905e+01 2.023460e-01 1.776183e-08
2.767905e+01 2.834245e-01 2.820606e-08
2.767905e+01 3.967448e-01 4.302498e-08
2.767905e+01 5.552783e-01 6.354868e-08
2.767905e+01 7.774819e-01 8.634285e-08
2.767905e+01 1.088445e+00 1.024514e-07
2.767905e+01 1.523711e+00 1.03339e-07
2.767905e+01 2.088426e+00 8.374786e-08
2.767905e+01 2.685505e+00 4.692976e-08
2.825263e+01 1.570796e-02 5.158414e-11
2.825263e+01 2.346256e-02 2.298652e-10
2.825263e+01 3.503514e-02 1.187055e-09
2.825263e+01 5.263151e-02 2.604822e-09
2.825263e+01 7.314235e-02 3.865562e-09
2.825263e+01 1.025928e-01 7.574149e-09
2.825263e+01 1.448116e-01 1.092309e-08
2.825263e+01 2.023460e-01 1.608864e-08
2.825263e+01 2.834245e-01 2.570715e-08
2.825263e+01 3.967448e-01 3.935072e-08
2.825263e+01 5.552783e-01 5.840569e-08
2.825263e+01 7.774819e-01 7.984274e-08
2.825263e+01 1.088445e+00 9.589281e-08
2.825263e+01 1.523711e+00 9.887168e-08
2.825263e+01 2.088426e+00 8.303494e-08
2.825263e+01 2.685505e+00 4.911479e-08
2.883769e+01 1.570796e-02 4.583716e-11
2.883769e+01 2.346256e-02 2.047282e-10
2.883769e+01 3.503514e-02 1.057504e-09
2.883769e+01 5.263151e-02 2.323038e-09
2.883769e+01 7.314235e-02 3.447454e-09
2.883769e+01 1.025928e-01 6.770789e-09
2.883769e+01 1.448116e-01 9.774236e-09
2.883769e+01 2.023460e-01 1.445114e-08
2.883769e+01 2.834245e-01 2.322071e-08
2.883769e+01 3.967448e-01 3.565246e-08
2.883769e+01 5.552783e-01 5.318509e-08
2.883769e+01 7.774819e-01 7.312176e-08
2.883769e+01 1.088445e+00 8.887585e-08
2.883769e+01 1.523711e+00 9.386501e-08
2.883769e+01 2.088426e+00 8.195077e-08
2.883769e+01 2.685505e+00 5.164049e-08
2.943444e+01 1.570796e-02 4.026452e-11
2.943444e+01 2.346256e-02 1.803548e-10
2.943444e+01 3.503514e-02 9.313512e-10
2.943444e+01 5.263151e-02 2.048499e-09
2.943444e+01 7.314235e-02 3.039883e-09
2.943444e+01 1.025928e-01 5.985633e-09
2.943444e+01 1.448116e-01 8.649810e-09
2.943444e+01 2.023460e-01 1.283688e-08
2.943444e+01 2.834245e-01 2.074404e-08
2.943444e+01 3.967448e-01 3.194154e-08
2.943444e+01 5.552783e-01 4.782031e-08
2.943444e+01 7.774819e-01 6.617747e-08
2.943444e+01 1.088445e+00 8.141113e-08
2.943444e+01 1.523711e+00 8.818713e-08
2.943444e+01 2.088426e+00 8.025911e-08
2.943444e+01 2.685505e+00 5.418368e-08
3.004313e+01 1.570796e-02 3.481980e-11
3.004313e+01 2.346256e-02 1.566419e-10
3.004313e+01 3.503514e-02 8.086791e-10
3.004313e+01 5.263151e-02 1.781438e-09
3.004313e+01 7.314235e-02 2.643795e-09
3.004313e+01 1.025928e-01 5.217721e-09
3.004313e+01 1.448116e-01 7.551969e-09
3.004313e+01 2.023460e-01 1.124577e-08
3.004313e+01 2.834245e-01 1.827354e-08
3.004313e+01 3.967448e-01 2.820475e-08
3.004313e+01 5.552783e-01 4.237264e-08
3.004313e+01 7.774819e-01 5.899658e-08
3.004313e+01 1.088445e+00 7.353169e-08
3.004313e+01 1.523711e+00 8.174843e-08
3.004313e+01 2.088426e+00 7.770206e-08
3.004313e+01 2.685505e+00 5.641114e-08
3.066399e+01 1.570796e-02 2.962861e-11
3.066399e+01 2.346256e-02 1.334556e-10
3.066399e+01 3.503514e-02 6.895856e-10
3.066399e+01 5.263151e-02 1.521890e-09
3.066399e+01 7.314235e-02 2.258318e-09
3.066399e+01 1.025928e-01 4.467762e-09
3.066399e+01 1.448116e-01 6.478201e-09
3.066399e+01 2.023460e-01 9.675961e-09
3.066399e+01 2.834245e-01 1.580762e-08
3.066399e+01 3.967448e-01 2.444083e-08
3.066399e+01 5.552783e-01 3.685089e-08
3.066399e+01 7.774819e-01 5.162032e-08
3.066399e+01 1.088445e+00 6.519661e-08
3.066399e+01 1.523711e+00 7.446223e-08
3.066399e+01 2.088426e+00 7.405826e-08
3.066399e+01 2.685505e+00 5.825139e-08
3.129727e+01 1.570796e-02 2.454796e-11
3.129727e+01 2.346256e-02 1.109149e-10
3.129727e+01 3.503514e-02 5.740951e-10
3.129727e+01 5.263151e-02 1.269004e-09
3.129727e+01 7.314235e-02 1.882963e-09
3.129727e+01 1.025928e-01 3.733622e-09
3.129727e+01 1.448116e-01 5.424189e-09
3.129727e+01 2.023460e-01 8.128555e-09
3.129727e+01 2.834245e-01 1.334365e-08
3.129727e+01 3.967448e-01 2.065842e-08
3.129727e+01 5.552783e-01 3.124309e-08
3.129727e+01 7.774819e-01 4.40186e-08
3.129727e+01 1.088445e+00 5.635593e-08
3.129727e+01 1.523711e+00 6.620316e-08
3.129727e+01 2.088426e+00 6.912885e-08
3.129727e+01 2.685505e+00 5.921357e-08
3.194322e+01 1.570796e-02 1.96682e-11
3.194322e+01 2.346256e-02 8.918267e-11
3.194322e+01 3.503514e-02 4.618508e-10
3.194322e+01 5.263151e-02 1.023194e-09
3.194322e+01 7.314235e-02 1.516676e-09
3.194322e+01 1.025928e-01 3.016591e-09
3.194322e+01 1.448116e-01 4.390638e-09
3.194322e+01 2.023460e-01 6.599511e-09
3.194322e+01 2.834245e-01 1.088308e-08
3.194322e+01 3.967448e-01 1.686502e-08
3.194322e+01 5.552783e-01 2.558051e-08
3.194322e+01 7.774819e-01 3.623735e-08
3.194322e+01 1.088445e+00 4.702730e-08
3.194322e+01 1.523711e+00 5.685117e-08
3.194322e+01 2.088426e+00 6.248105e-08
3.194322e+01 2.685505e+00 5.827618e-08
3.260208e+01 1.570796e-02 1.500574e-11
3.260208e+01 2.346256e-02 6.808605e-11
3.260208e+01 3.503514e-02 3.52986e-10
3.260208e+01 5.263151e-02 7.835828e-10
3.260208e+01 7.314235e-02 1.161438e-09
3.260208e+01 1.025928e-01 2.31475e-09
3.260208e+01 1.448116e-01 3.376758e-09
3.260208e+01 2.023460e-01 5.090951e-09
3.260208e+01 2.834245e-01 8.42892e-09
3.260208e+01 3.967448e-01 1.306989e-08
3.260208e+01 5.552783e-01 1.986616e-08
3.260208e+01 7.774819e-01 2.830005e-08
3.260208e+01 1.088445e+00 3.721879e-08
3.260208e+01 1.523711e+00 4.631647e-08
3.260208e+01 2.088426e+00 5.374456e-08
3.260208e+01 2.685505e+00 5.457828e-08
3.327412e+01 1.570796e-02 1.044638e-11
3.327412e+01 2.346256e-02 4.75368e-11
3.327412e+01 3.503514e-02 2.470116e-10
3.327412e+01 5.263151e-02 5.495390e-10
3.327412e+01 7.314235e-02 8.14418e-10
3.327412e+01 1.025928e-01 1.627737e-09
3.327412e+01 1.448116e-01 2.379577e-09
3.327412e+01 2.023460e-01 3.598122e-09
3.327412e+01 2.834245e-01 5.979606e-09
3.327412e+01 3.967448e-01 9.281466e-09
3.327412e+01 5.552783e-01 1.413547e-08
3.327412e+01 7.774819e-01 2.022057e-08
3.327412e+01 1.088445e+00 2.698381e-08
3.327412e+01 1.523711e+00 3.455309e-08
3.327412e+01 2.088426e+00 4.240738e-08
3.327412e+01 2.685505e+00 4.680682e-08
3.395961e+01 1.570796e-02 6.286717e-12
3.395961e+01 2.346256e-02 2.868794e-11
3.395961e+01 3.503514e-02 1.497349e-10
3.395961e+01 5.263151e-02 3.334892e-10
3.395961e+01 7.314235e-02 4.939424e-10
3.395961e+01 1.025928e-01 9.873285e-10
3.395961e+01 1.448116e-01 1.446346e-09
3.395961e+01 2.023460e-01 2.182619e-09
3.395961e+01 2.834245e-01 3.62195e-09
3.395961e+01 3.967448e-01 5.586184e-09
3.395961e+01 5.552783e-01 8.482972e-09
3.395961e+01 7.774819e-01 1.213731e-08
3.395961e+01 1.088445e+00 1.63445e-08
3.395961e+01 1.523711e+00 2.148672e-08
3.395961e+01 2.088426e+00 2.776161e-08
3.395961e+01 2.685505e+00 3.289877e-08
3.46588e+01 1.570796e-02 2.117363e-12
3.46588e+01 2.346256e-02 7.968026e-12
3.46588e+01 3.503514e-02 4.581401e-11
3.46588e+01 5.263151e-02 1.057591e-10
3.46588e+01 7.314235e-02 1.565235e-10
3.46588e+01 1.025928e-01 3.077355e-10
3.46588e+01 1.448116e-01 4.549461e-10
3.46588e+01 2.023460e-01 6.937317e-10
3.46588e+01 2.834245e-01 1.165338e-09
3.46588e+01 3.967448e-01 1.805316e-09
3.46588e+01 5.552783e-01 2.762917e-09
3.46588e+01 7.774819e-01 3.976452e-09
3.46588e+01 1.088445e+00 5.427211e-09
3.46588e+01 1.523711e+00 7.301080e-09
3.46588e+01 2.088426e+00 9.915335e-09
3.46588e+01 2.685505e+00 1.264350e-08
3.537197e+01 1.570796e-02 0.e+00
3.537197e+01 2.346256e-02 0.e+00
3.537197e+01 3.503514e-02 0.e+00
3.537197e+01 5.263151e-02 0.e+00
3.537197e+01 7.314235e-02 0.e+00
3.537197e+01 1.025928e-01 0.e+00
3.537197e+01 1.448116e-01 0.e+00
3.537197e+01 2.023460e-01 0.e+00
3.537197e+01 2.834245e-01 0.e+00
3.537197e+01 3.967448e-01 0.e+00
3.537197e+01 5.552783e-01 0.e+00
3.537197e+01 7.774819e-01 0.e+00
3.537197e+01 1.088445e+00 0.e+00
3.537197e+01 1.523711e+00 0.e+00
3.537197e+01 2.088426e+00 0.e+00
3.537197e+01 2.685505e+00 0.e+00
