5.e+00 1.570796e-02 -9.468356e-05
5.e+00 2.346256e-02 -1.125161e-04
5.e+00 3.503514e-02 -1.689054e-04
5.e+00 5.263151e-02 -2.188898e-04
5.e+00 7.314235e-02 -2.640721e-04
5.e+00 1.025928e-01 -1.54019e-04
5.e+00 1.448116e-01 -1.905969e-04
5.e+00 2.02346e-01 -2.090835e-04
5.e+00 2.834245e-01 -2.027686e-04
5.e+00 3.967448e-01 -1.638436e-04
5.e+00 5.552783e-01 -1.612455e-04
5.e+00 7.774819e-01 -1.465071e-04
5.e+00 1.088445e+00 -1.385581e-04
5.e+00 1.523711e+00 -1.318049e-04
5.e+00 2.088426e+00 -1.386029e-04
5.e+00 2.685505e+00 -1.487426e-04
5.12e+00 1.570796e-02 -2.803712e-04
5.12e+00 2.346256e-02 -3.938625e-04
5.12e+00 3.503514e-02 -6.909432e-04
5.12e+00 5.263151e-02 -9.055015e-04
5.12e+00 7.314235e-02 -1.138942e-03
5.12e+00 1.025928e-01 -1.102218e-03
5.12e+00 1.448116e-01 -1.028083e-03
5.12e+00 2.02346e-01 -1.063217e-03
5.12e+00 2.834245e-01 -9.629048e-04
5.12e+00 3.967448e-01 -8.70307e-04
5.12e+00 5.552783e-01 -7.978414e-04
5.12e+00 7.774819e-01 -7.231709e-04
5.12e+00 1.088445e+00 -6.624683e-04
5.12e+00 1.523711e+00 -6.285192e-04
5.12e+00 2.088426e+00 -6.607267e-04
5.12e+00 2.685505e+00 -7.046401e-04
5.2424e+00 1.570796e-02 -4.972138e-04
5.2424e+00 2.346256e-02 -8.604756e-04
5.2424e+00 3.503514e-02 -1.549923e-03
5.2424e+00 5.263151e-02 -2.342148e-03
5.2424e+00 7.314235e-02 -3.017128e-03
5.2424e+00 1.025928e-01 -2.828117e-03
5.2424e+00 1.448116e-01 -3.082075e-03
5.2424e+00 2.02346e-01 -2.841285e-03
5.2424e+00 2.834245e-01 -2.803392e-03
5.2424e+00 3.967448e-01 -2.497738e-03
5.2424e+00 5.552783e-01 -2.307997e-03
5.2424e+00 7.774819e-01 -2.063472e-03
5.2424e+00 1.088445e+00 -1.867244e-03
5.2424e+00 1.523711e+00 -1.741887e-03
5.2424e+00 2.088426e+00 -1.809770e-03
5.2424e+00 2.685505e+00 -1.906636e-03
5.367248e+00 1.570796e-02 -6.315123e-04
5.367248e+00 2.346256e-02 -1.379568e-03
5.367248e+00 3.503514e-02 -2.498711e-03
5.367248e+00 5.263151e-02 -4.270762e-03
5.367248e+00 7.314235e-02 -5.748615e-03
5.367248e+00 1.025928e-01 -5.745117e-03
5.367248e+00 1.448116e-01 -6.225301e-03
5.367248e+00 2.02346e-01 -5.959377e-03
5.367248e+00 2.834245e-01 -5.773903e-03
5.367248e+00 3.967448e-01 -5.215054e-03
5.367248e+00 5.552783e-01 -4.767069e-03
5.367248e+00 7.774819e-01 -4.270883e-03
5.367248e+00 1.088445e+00 -3.804262e-03
5.367248e+00 1.523711e+00 -3.489119e-03
5.367248e+00 2.088426e+00 -3.601875e-03
5.367248e+00 2.685505e+00 -3.747271e-03
5.494593e+00 1.570796e-02 -7.261042e-04
5.494593e+00 2.346256e-02 -1.763962e-03
5.494593e+00 3.503514e-02 -3.339285e-03
5.494593e+00 5.263151e-02 -6.117559e-03
5.494593e+00 7.314235e-02 -8.906945e-03
5.494593e+00 1.025928e-01 -9.619359e-03
5.494593e+00 1.448116e-01 -1.055757e-02
5.494593e+00 2.02346e-01 -1.029613e-02
5.494593e+00 2.834245e-01 -1.012976e-02
5.494593e+00 3.967448e-01 -9.135646e-03
5.494593e+00 5.552783e-01 -8.309119e-03
5.494593e+00 7.774819e-01 -7.449056e-03
5.494593e+00 1.088445e+00 -6.51616e-03
5.494593e+00 1.523711e+00 -5.898246e-03
5.494593e+00 2.088426e+00 -6.057690e-03
5.494593e+00 2.685505e+00 -6.266171e-03
5.624485e+00 1.570796e-02 -7.411803e-04
5.624485e+00 2.346256e-02 -1.935625e-03
5.624485e+00 3.503514e-02 -3.878836e-03
5.624485e+00 5.263151e-02 -7.675070e-03
5.624485e+00 7.314235e-02 -1.181557e-02
5.624485e+00 1.025928e-01 -1.397655e-02
5.624485e+00 1.448116e-01 -1.540701e-02
5.624485e+00 2.02346e-01 -1.547142e-02
5.624485e+00 2.834245e-01 -1.51896e-02
5.624485e+00 3.967448e-01 -1.40039e-02
5.624485e+00 5.552783e-01 -1.265304e-02
5.624485e+00 7.774819e-01 -1.129543e-02
5.624485e+00 1.088445e+00 -9.873216e-03
5.624485e+00 1.523711e+00 -8.809399e-03
5.624485e+00 2.088426e+00 -8.967654e-03
5.624485e+00 2.685505e+00 -9.185467e-03
5.756975e+00 1.570796e-02 -7.311222e-04
5.756975e+00 2.346256e-02 -1.881906e-03
5.756975e+00 3.503514e-02 -4.100724e-03
5.756975e+00 5.263151e-02 -8.724805e-03
5.756975e+00 7.314235e-02 -1.404257e-02
5.756975e+00 1.025928e-01 -1.756127e-02
5.756975e+00 1.448116e-01 -1.980400e-02
5.756975e+00 2.02346e-01 -2.058932e-02
5.756975e+00 2.834245e-01 -2.034901e-02
5.756975e+00 3.967448e-01 -1.908976e-02
5.756975e+00 5.552783e-01 -1.739189e-02
5.756975e+00 7.774819e-01 -1.544028e-02
5.756975e+00 1.088445e+00 -1.338385e-02
5.756975e+00 1.523711e+00 -1.184978e-02
5.756975e+00 2.088426e+00 -1.196709e-02
5.756975e+00 2.685505e+00 -1.218626e-02
5.892114e+00 1.570796e-02 -7.076188e-04
5.892114e+00 2.346256e-02 -1.80176e-03
5.892114e+00 3.503514e-02 -4.061287e-03
5.892114e+00 5.263151e-02 -9.052004e-03
5.892114e+00 7.314235e-02 -1.546985e-02
5.892114e+00 1.025928e-01 -2.02243e-02
5.892114e+00 1.448116e-01 -2.363695e-02
5.892114e+00 2.02346e-01 -2.523165e-02
5.892114e+00 2.834245e-01 -2.539405e-02
5.892114e+00 3.967448e-01 -2.41353e-02
5.892114e+00 5.552783e-01 -2.203193e-02
5.892114e+00 7.774819e-01 -1.967649e-02
5.892114e+00 1.088445e+00 -1.696267e-02
5.892114e+00 1.523711e+00 -1.488088e-02
5.892114e+00 2.088426e+00 -1.492336e-02
5.892114e+00 2.685505e+00 -1.506985e-02
6.029956e+00 1.570796e-02 -6.664320e-04
6.029956e+00 2.346256e-02 -1.679902e-03
6.029956e+00 3.503514e-02 -3.859674e-03
6.029956e+00 5.263151e-02 -9.006052e-03
6.029956e+00 7.314235e-02 -1.597957e-02
6.029956e+00 1.025928e-01 -2.189639e-02
6.029956e+00 1.448116e-01 -2.642016e-02
6.029956e+00 2.02346e-01 -2.912791e-02
6.029956e+00 2.834245e-01 -2.982658e-02
6.029956e+00 3.967448e-01 -2.881201e-02
6.029956e+00 5.552783e-01 -2.652423e-02
6.029956e+00 7.774819e-01 -2.374058e-02
6.029956e+00 1.088445e+00 -2.038174e-02
6.029956e+00 1.523711e+00 -1.778065e-02
6.029956e+00 2.088426e+00 -1.765957e-02
6.029956e+00 2.685505e+00 -1.760886e-02
6.170555e+00 1.570796e-02 -6.176072e-04
6.170555e+00 2.346256e-02 -1.543905e-03
6.170555e+00 3.503514e-02 -3.628603e-03
6.170555e+00 5.263151e-02 -8.647847e-03
6.170555e+00 7.314235e-02 -1.575049e-02
6.170555e+00 1.025928e-01 -2.260834e-02
6.170555e+00 1.448116e-01 -2.817531e-02
6.170555e+00 2.02346e-01 -3.204108e-02
6.170555e+00 2.834245e-01 -3.353334e-02
6.170555e+00 3.967448e-01 -3.287042e-02
6.170555e+00 5.552783e-01 -3.057709e-02
6.170555e+00 7.774819e-01 -2.743502e-02
6.170555e+00 1.088445e+00 -2.351586e-02
6.170555e+00 1.523711e+00 -2.042675e-02
6.170555e+00 2.088426e+00 -2.00613e-02
6.170555e+00 2.685505e+00 -1.978997e-02
6.313967e+00 1.570796e-02 -5.645613e-04
6.313967e+00 2.346256e-02 -1.423814e-03
6.313967e+00 3.503514e-02 -3.389991e-03
6.313967e+00 5.263151e-02 -8.135478e-03
6.313967e+00 7.314235e-02 -1.506404e-02
6.313967e+00 1.025928e-01 -2.249471e-02
6.313967e+00 1.448116e-01 -2.897237e-02
6.313967e+00 2.02346e-01 -3.393663e-02
6.313967e+00 2.834245e-01 -3.637147e-02
6.313967e+00 3.967448e-01 -3.629354e-02
6.313967e+00 5.552783e-01 -3.409382e-02
6.313967e+00 7.774819e-01 -3.070969e-02
6.313967e+00 1.088445e+00 -2.629387e-02
6.313967e+00 1.523711e+00 -2.277228e-02
6.313967e+00 2.088426e+00 -2.222627e-02
6.313967e+00 2.685505e+00 -2.16918e-02
6.460246e+00 1.570796e-02 -5.19882e-04
6.460246e+00 2.346256e-02 -1.323673e-03
6.460246e+00 3.503514e-02 -3.141916e-03
6.460246e+00 5.263151e-02 -7.608789e-03
6.460246e+00 7.314235e-02 -1.418089e-02
6.460246e+00 1.025928e-01 -2.173448e-02
6.460246e+00 1.448116e-01 -2.895074e-02
6.460246e+00 2.02346e-01 -3.493671e-02
6.460246e+00 2.834245e-01 -3.835138e-02
6.460246e+00 3.967448e-01 -3.895404e-02
6.460246e+00 5.552783e-01 -3.703662e-02
6.460246e+00 7.774819e-01 -3.35526e-02
6.460246e+00 1.088445e+00 -2.873793e-02
6.460246e+00 1.523711e+00 -2.482807e-02
6.460246e+00 2.088426e+00 -2.409721e-02
6.460246e+00 2.685505e+00 -2.327570e-02
6.609451e+00 1.570796e-02 -4.838912e-04
6.609451e+00 2.346256e-02 -1.218184e-03
6.609451e+00 3.503514e-02 -2.876617e-03
6.609451e+00 5.263151e-02 -7.057656e-03
6.609451e+00 7.314235e-02 -1.320475e-02
6.609451e+00 1.025928e-01 -2.062350e-02
6.609451e+00 1.448116e-01 -2.830612e-02
6.609451e+00 2.02346e-01 -3.514657e-02
6.609451e+00 2.834245e-01 -3.960034e-02
6.609451e+00 3.967448e-01 -4.089951e-02
6.609451e+00 5.552783e-01 -3.937684e-02
6.609451e+00 7.774819e-01 -3.594590e-02
6.609451e+00 1.088445e+00 -3.088977e-02
6.609451e+00 1.523711e+00 -2.663881e-02
6.609451e+00 2.088426e+00 -2.571382e-02
6.609451e+00 2.685505e+00 -2.459349e-02
6.76164e+00 1.570796e-02 -4.469394e-04
6.76164e+00 2.346256e-02 -1.11769e-03
6.76164e+00 3.503514e-02 -2.625542e-03
6.76164e+00 5.263151e-02 -6.491185e-03
6.76164e+00 7.314235e-02 -1.218388e-02
6.76164e+00 1.025928e-01 -1.936519e-02
6.76164e+00 1.448116e-01 -2.720678e-02
6.76164e+00 2.02346e-01 -3.467666e-02
6.76164e+00 2.834245e-01 -4.007046e-02
6.76164e+00 3.967448e-01 -4.218763e-02
6.76164e+00 5.552783e-01 -4.113226e-02
6.76164e+00 7.774819e-01 -3.78251e-02
6.76164e+00 1.088445e+00 -3.266726e-02
6.76164e+00 1.523711e+00 -2.815769e-02
6.76164e+00 2.088426e+00 -2.705507e-02
6.76164e+00 2.685505e+00 -2.567658e-02
6.916873e+00 1.570796e-02 -4.119116e-04
6.916873e+00 2.346256e-02 -1.025218e-03
6.916873e+00 3.503514e-02 -2.393204e-03
6.916873e+00 5.263151e-02 -5.93245e-03
6.916873e+00 7.314235e-02 -1.116178e-02
6.916873e+00 1.025928e-01 -1.800567e-02
6.916873e+00 1.448116e-01 -2.576512e-02
6.916873e+00 2.02346e-01 -3.366456e-02
6.916873e+00 2.834245e-01 -3.989284e-02
6.916873e+00 3.967448e-01 -4.279975e-02
6.916873e+00 5.552783e-01 -4.232291e-02
6.916873e+00 7.774819e-01 -3.927293e-02
6.916873e+00 1.088445e+00 -3.402742e-02
6.916873e+00 1.523711e+00 -2.941672e-02
6.916873e+00 2.088426e+00 -2.817970e-02
6.916873e+00 2.685505e+00 -2.657156e-02
7.07521e+00 1.570796e-02 -3.754133e-04
7.07521e+00 2.346256e-02 -9.364589e-04
7.07521e+00 3.503514e-02 -2.181696e-03
7.07521e+00 5.263151e-02 -5.413074e-03
7.07521e+00 7.314235e-02 -1.017163e-02
7.07521e+00 1.025928e-01 -1.659957e-02
7.07521e+00 1.448116e-01 -2.412350e-02
7.07521e+00 2.02346e-01 -3.223955e-02
7.07521e+00 2.834245e-01 -3.913341e-02
7.07521e+00 3.967448e-01 -4.281816e-02
7.07521e+00 5.552783e-01 -4.299143e-02
7.07521e+00 7.774819e-01 -4.02384e-02
7.07521e+00 1.088445e+00 -3.509243e-02
7.07521e+00 1.523711e+00 -3.039153e-02
7.07521e+00 2.088426e+00 -2.907508e-02
7.07521e+00 2.685505e+00 -2.720299e-02
7.236714e+00 1.570796e-02 -3.406497e-04
7.236714e+00 2.346256e-02 -8.566758e-04
7.236714e+00 3.503514e-02 -1.992088e-03
7.236714e+00 5.263151e-02 -4.937844e-03
7.236714e+00 7.314235e-02 -9.259391e-03
7.236714e+00 1.025928e-01 -1.521748e-02
7.236714e+00 1.448116e-01 -2.237678e-02
7.236714e+00 2.02346e-01 -3.053853e-02
7.236714e+00 2.834245e-01 -3.793014e-02
7.236714e+00 3.967448e-01 -4.230025e-02
7.236714e+00 5.552783e-01 -4.313205e-02
7.236714e+00 7.774819e-01 -4.078332e-02
7.236714e+00 1.088445e+00 -3.581624e-02
7.236714e+00 1.523711e+00 -3.113352e-02
7.236714e+00 2.088426e+00 -2.976326e-02
7.236714e+00 2.685505e+00 -2.765585e-02
7.401449e+00 1.570796e-02 -3.096423e-04
7.401449e+00 2.346256e-02 -7.830017e-04
7.401449e+00 3.503514e-02 -1.817648e-03
7.401449e+00 5.263151e-02 -4.498881e-03
7.401449e+00 7.314235e-02 -8.433388e-03
7.401449e+00 1.025928e-01 -1.390229e-02
7.401449e+00 1.448116e-01 -2.063658e-02
7.401449e+00 2.02346e-01 -2.864884e-02
7.401449e+00 2.834245e-01 -3.635315e-02
7.401449e+00 3.967448e-01 -4.131768e-02
7.401449e+00 5.552783e-01 -4.27921e-02
7.401449e+00 7.774819e-01 -4.086122e-02
7.401449e+00 1.088445e+00 -3.613945e-02
7.401449e+00 1.523711e+00 -3.15809e-02
7.401449e+00 2.088426e+00 -3.020222e-02
7.401449e+00 2.685505e+00 -2.786773e-02
7.569477e+00 1.570796e-02 -2.80896e-04
7.569477e+00 2.346256e-02 -7.152516e-04
7.569477e+00 3.503514e-02 -1.658101e-03
7.569477e+00 5.263151e-02 -4.091872e-03
7.569477e+00 7.314235e-02 -7.667575e-03
7.569477e+00 1.025928e-01 -1.266861e-02
7.569477e+00 1.448116e-01 -1.893050e-02
7.569477e+00 2.02346e-01 -2.66799e-02
7.569477e+00 2.834245e-01 -3.448687e-02
7.569477e+00 3.967448e-01 -3.996553e-02
7.569477e+00 5.552783e-01 -4.200217e-02
7.569477e+00 7.774819e-01 -4.055433e-02
7.569477e+00 1.088445e+00 -3.6174e-02
7.569477e+00 1.523711e+00 -3.179668e-02
7.569477e+00 2.088426e+00 -3.043448e-02
7.569477e+00 2.685505e+00 -2.794258e-02
7.740867e+00 1.570796e-02 -2.550399e-04
7.740867e+00 2.346256e-02 -6.528166e-04
7.740867e+00 3.503514e-02 -1.50803e-03
7.740867e+00 5.263151e-02 -3.716019e-03
7.740867e+00 7.314235e-02 -6.970818e-03
7.740867e+00 1.025928e-01 -1.152867e-02
7.740867e+00 1.448116e-01 -1.729946e-02
7.740867e+00 2.02346e-01 -2.467626e-02
7.740867e+00 2.834245e-01 -3.24344e-02
7.740867e+00 3.967448e-01 -3.829342e-02
7.740867e+00 5.552783e-01 -4.087486e-02
7.740867e+00 7.774819e-01 -3.991003e-02
7.740867e+00 1.088445e+00 -3.59131e-02
7.740867e+00 1.523711e+00 -3.180011e-02
7.740867e+00 2.088426e+00 -3.048650e-02
7.740867e+00 2.685505e+00 -2.785771e-02
7.915684e+00 1.570796e-02 -2.310348e-04
7.915684e+00 2.346256e-02 -5.929263e-04
7.915684e+00 3.503514e-02 -1.368592e-03
7.915684e+00 5.263151e-02 -3.371064e-03
7.915684e+00 7.314235e-02 -6.336005e-03
7.915684e+00 1.025928e-01 -1.047838e-02
7.915684e+00 1.448116e-01 -1.576633e-02
7.915684e+00 2.02346e-01 -2.271460e-02
7.915684e+00 2.834245e-01 -3.027891e-02
7.915684e+00 3.967448e-01 -3.637342e-02
7.915684e+00 5.552783e-01 -3.941654e-02
7.915684e+00 7.774819e-01 -3.895352e-02
7.915684e+00 1.088445e+00 -3.54034e-02
7.915684e+00 1.523711e+00 -3.157873e-02
7.915684e+00 2.088426e+00 -3.034832e-02
7.915684e+00 2.685505e+00 -2.758657e-02
8.093998e+00 1.570796e-02 -2.095124e-04
8.093998e+00 2.346256e-02 -5.374023e-04
8.093998e+00 3.503514e-02 -1.242314e-03
8.093998e+00 5.263151e-02 -3.058011e-03
8.093998e+00 7.314235e-02 -5.746381e-03
8.093998e+00 1.025928e-01 -9.512056e-03
8.093998e+00 1.448116e-01 -1.433973e-02
8.093998e+00 2.02346e-01 -2.081281e-02
8.093998e+00 2.834245e-01 -2.808587e-02
8.093998e+00 3.967448e-01 -3.429886e-02
8.093998e+00 5.552783e-01 -3.771634e-02
8.093998e+00 7.774819e-01 -3.774453e-02
8.093998e+00 1.088445e+00 -3.464223e-02
8.093998e+00 1.523711e+00 -3.11732e-02
8.093998e+00 2.088426e+00 -3.003312e-02
8.093998e+00 2.685505e+00 -2.713829e-02
8.275878e+00 1.570796e-02 -1.888819e-04
8.275878e+00 2.346256e-02 -4.872577e-04
8.275878e+00 3.503514e-02 -1.122773e-03
8.275878e+00 5.263151e-02 -2.767135e-03
8.275878e+00 7.314235e-02 -5.204936e-03
8.275878e+00 1.025928e-01 -8.616774e-03
8.275878e+00 1.448116e-01 -1.301182e-02
8.275878e+00 2.02346e-01 -1.898947e-02
8.275878e+00 2.834245e-01 -2.590189e-02
8.275878e+00 3.967448e-01 -3.208791e-02
8.275878e+00 5.552783e-01 -3.580271e-02
8.275878e+00 7.774819e-01 -3.627395e-02
8.275878e+00 1.088445e+00 -3.366178e-02
8.275878e+00 1.523711e+00 -3.057116e-02
8.275878e+00 2.088426e+00 -2.957004e-02
8.275878e+00 2.685505e+00 -2.655901e-02
8.461396e+00 1.570796e-02 -1.703259e-04
8.461396e+00 2.346256e-02 -4.408114e-04
8.461396e+00 3.503514e-02 -1.014626e-03
8.461396e+00 5.263151e-02 -2.497986e-03
8.461396e+00 7.314235e-02 -4.702172e-03
8.461396e+00 1.025928e-01 -7.795606e-03
8.461396e+00 1.448116e-01 -1.177411e-02
8.461396e+00 2.02346e-01 -1.726418e-02
8.461396e+00 2.834245e-01 -2.375474e-02
8.461396e+00 3.967448e-01 -2.983265e-02
8.461396e+00 5.552783e-01 -3.375643e-02
8.461396e+00 7.774819e-01 -3.461507e-02
8.461396e+00 1.088445e+00 -3.249466e-02
8.461396e+00 1.523711e+00 -2.981246e-02
8.461396e+00 2.088426e+00 -2.893041e-02
8.461396e+00 2.685505e+00 -2.586397e-02
8.650623e+00 1.570796e-02 -1.535615e-04
8.650623e+00 2.346256e-02 -3.971482e-04
8.650623e+00 3.503514e-02 -9.145231e-04
8.650623e+00 5.263151e-02 -2.250345e-03
8.650623e+00 7.314235e-02 -4.235165e-03
8.650623e+00 1.025928e-01 -7.028348e-03
8.650623e+00 1.448116e-01 -1.063064e-02
8.650623e+00 2.02346e-01 -1.56466e-02
8.650623e+00 2.834245e-01 -2.169723e-02
8.650623e+00 3.967448e-01 -2.75671e-02
8.650623e+00 5.552783e-01 -3.16194e-02
8.650623e+00 7.774819e-01 -3.281176e-02
8.650623e+00 1.088445e+00 -3.117606e-02
8.650623e+00 1.523711e+00 -2.8898e-02
8.650623e+00 2.088426e+00 -2.818436e-02
8.650623e+00 2.685505e+00 -2.511518e-02
8.843636e+00 1.570796e-02 -1.380316e-04
8.843636e+00 2.346256e-02 -3.568793e-04
8.843636e+00 3.503514e-02 -8.239289e-04
8.843636e+00 5.263151e-02 -2.026649e-03
8.843636e+00 7.314235e-02 -3.810640e-03
8.843636e+00 1.025928e-01 -6.322742e-03
8.843636e+00 1.448116e-01 -9.577805e-03
8.843636e+00 2.02346e-01 -1.413528e-02
8.843636e+00 2.834245e-01 -1.972961e-02
8.843636e+00 3.967448e-01 -2.532885e-02
8.843636e+00 5.552783e-01 -2.942881e-02
8.843636e+00 7.774819e-01 -3.093002e-02
8.843636e+00 1.088445e+00 -2.972493e-02
8.843636e+00 1.523711e+00 -2.788782e-02
8.843636e+00 2.088426e+00 -2.733664e-02
8.843636e+00 2.685505e+00 -2.426768e-02
9.040509e+00 1.570796e-02 -1.244427e-04
9.040509e+00 2.346256e-02 -3.191049e-04
9.040509e+00 3.503514e-02 -7.396073e-04
9.040509e+00 5.263151e-02 -1.820008e-03
9.040509e+00 7.314235e-02 -3.420852e-03
9.040509e+00 1.025928e-01 -5.677674e-03
9.040509e+00 1.448116e-01 -8.612021e-03
9.040509e+00 2.02346e-01 -1.273658e-02
9.040509e+00 2.834245e-01 -1.787293e-02
9.040509e+00 3.967448e-01 -2.314903e-02
9.040509e+00 5.552783e-01 -2.723284e-02
9.040509e+00 7.774819e-01 -2.898076e-02
9.040509e+00 1.088445e+00 -2.818629e-02
9.040509e+00 1.523711e+00 -2.675921e-02
9.040509e+00 2.088426e+00 -2.637099e-02
9.040509e+00 2.685505e+00 -2.335829e-02
9.241319e+00 1.570796e-02 -1.116671e-04
9.241319e+00 2.346256e-02 -2.842915e-04
9.241319e+00 3.503514e-02 -6.622642e-04
9.241319e+00 5.263151e-02 -1.633114e-03
9.241319e+00 7.314235e-02 -3.067521e-03
9.241319e+00 1.025928e-01 -5.093407e-03
9.241319e+00 1.448116e-01 -7.728418e-03
9.241319e+00 2.02346e-01 -1.145222e-02
9.241319e+00 2.834245e-01 -1.613959e-02
9.241319e+00 3.967448e-01 -2.106337e-02
9.241319e+00 5.552783e-01 -2.506327e-02
9.241319e+00 7.774819e-01 -2.699590e-02
9.241319e+00 1.088445e+00 -2.657689e-02
9.241319e+00 1.523711e+00 -2.553257e-02
9.241319e+00 2.088426e+00 -2.529526e-02
9.241319e+00 2.685505e+00 -2.229359e-02
9.446145e+00 1.570796e-02 -1.000665e-04
9.446145e+00 2.346256e-02 -2.530184e-04
9.446145e+00 3.503514e-02 -5.921216e-04
9.446145e+00 5.263151e-02 -1.461384e-03
9.446145e+00 7.314235e-02 -2.741854e-03
9.446145e+00 1.025928e-01 -4.549781e-03
9.446145e+00 1.448116e-01 -6.910663e-03
9.446145e+00 2.02346e-01 -1.025799e-02
9.446145e+00 2.834245e-01 -1.45097e-02
9.446145e+00 3.967448e-01 -1.906458e-02
9.446145e+00 5.552783e-01 -2.292938e-02
9.446145e+00 7.774819e-01 -2.499203e-02
9.446145e+00 1.088445e+00 -2.490830e-02
9.446145e+00 1.523711e+00 -2.423048e-02
9.446145e+00 2.088426e+00 -2.413656e-02
9.446145e+00 2.685505e+00 -2.122666e-02
9.655068e+00 1.570796e-02 -8.905768e-05
9.655068e+00 2.346256e-02 -2.251301e-04
9.655068e+00 3.503514e-02 -5.27041e-04
9.655068e+00 5.263151e-02 -1.302217e-03
9.655068e+00 7.314235e-02 -2.444274e-03
9.655068e+00 1.025928e-01 -4.050146e-03
9.655068e+00 1.448116e-01 -6.158883e-03
9.655068e+00 2.02346e-01 -9.153347e-03
9.655068e+00 2.834245e-01 -1.298841e-02
9.655068e+00 3.967448e-01 -1.716783e-02
9.655068e+00 5.552783e-01 -2.084996e-02
9.655068e+00 7.774819e-01 -2.29923e-02
9.655068e+00 1.088445e+00 -2.320248e-02
9.655068e+00 1.523711e+00 -2.286587e-02
9.655068e+00 2.088426e+00 -2.292315e-02
9.655068e+00 2.685505e+00 -2.009964e-02
9.86817e+00 1.570796e-02 -7.889025e-05
9.86817e+00 2.346256e-02 -1.992051e-04
9.86817e+00 3.503514e-02 -4.684857e-04
9.86817e+00 5.263151e-02 -1.156769e-03
9.86817e+00 7.314235e-02 -2.171094e-03
9.86817e+00 1.025928e-01 -3.59671e-03
9.86817e+00 1.448116e-01 -5.473106e-03
9.86817e+00 2.02346e-01 -8.142561e-03
9.86817e+00 2.834245e-01 -1.158194e-02
9.86817e+00 3.967448e-01 -1.539347e-02
9.86817e+00 5.552783e-01 -1.885811e-02
9.86817e+00 7.774819e-01 -2.103531e-02
9.86817e+00 1.088445e+00 -2.150098e-02
9.86817e+00 1.523711e+00 -2.144962e-02
9.86817e+00 2.088426e+00 -2.164916e-02
9.86817e+00 2.685505e+00 -1.895293e-02
1.008553e+01 1.570796e-02 -6.948014e-05
1.008553e+01 2.346256e-02 -1.765594e-04
1.008553e+01 3.503514e-02 -4.152367e-04
1.008553e+01 5.263151e-02 -1.023017e-03
1.008553e+01 7.314235e-02 -1.91925e-03
1.008553e+01 1.025928e-01 -3.183299e-03
1.008553e+01 1.448116e-01 -4.845419e-03
1.008553e+01 2.02346e-01 -7.221262e-03
1.008553e+01 2.834245e-01 -1.029297e-02
1.008553e+01 3.967448e-01 -1.373921e-02
1.008553e+01 5.552783e-01 -1.696530e-02
1.008553e+01 7.774819e-01 -1.914504e-02
1.008553e+01 1.088445e+00 -1.98209e-02
1.008553e+01 1.523711e+00 -2.003724e-02
1.008553e+01 2.088426e+00 -2.034708e-02
1.008553e+01 2.685505e+00 -1.778887e-02
1.030724e+01 1.570796e-02 -6.112169e-05
1.030724e+01 2.346256e-02 -1.561008e-04
1.030724e+01 3.503514e-02 -3.654736e-04
1.030724e+01 5.263151e-02 -9.02651e-04
1.030724e+01 7.314235e-02 -1.692003e-03
1.030724e+01 1.025928e-01 -2.80794e-03
1.030724e+01 1.448116e-01 -4.274649e-03
1.030724e+01 2.02346e-01 -6.37938e-03
1.030724e+01 2.834245e-01 -9.110205e-03
1.030724e+01 3.967448e-01 -1.221164e-02
1.030724e+01 5.552783e-01 -1.518188e-02
1.030724e+01 7.774819e-01 -1.732945e-02
1.030724e+01 1.088445e+00 -1.816196e-02
1.030724e+01 1.523711e+00 -1.861314e-02
1.030724e+01 2.088426e+00 -1.902244e-02
1.030724e+01 2.685505e+00 -1.663056e-02
1.053339e+01 1.570796e-02 -5.364708e-05
1.053339e+01 2.346256e-02 -1.372513e-04
1.053339e+01 3.503514e-02 -3.214413e-04
1.053339e+01 5.263151e-02 -7.941116e-04
1.053339e+01 7.314235e-02 -1.486262e-03
1.053339e+01 1.025928e-01 -2.470044e-03
1.053339e+01 1.448116e-01 -3.758639e-03
1.053339e+01 2.02346e-01 -5.616457e-03
1.053339e+01 2.834245e-01 -8.033949e-03
1.053339e+01 3.967448e-01 -1.080631e-02
1.053339e+01 5.552783e-01 -1.352127e-02
1.053339e+01 7.774819e-01 -1.560252e-02
1.053339e+01 1.088445e+00 -1.655052e-02
1.053339e+01 1.523711e+00 -1.719792e-02
1.053339e+01 2.088426e+00 -1.768025e-02
1.053339e+01 2.685505e+00 -1.544223e-02
1.076406e+01 1.570796e-02 -4.702589e-05
1.076406e+01 2.346256e-02 -1.202863e-04
1.076406e+01 3.503514e-02 -2.808313e-04
1.076406e+01 5.263151e-02 -6.960334e-04
1.076406e+01 7.314235e-02 -1.300858e-03
1.076406e+01 1.025928e-01 -2.164983e-03
1.076406e+01 1.448116e-01 -3.294286e-03
1.076406e+01 2.02346e-01 -4.926743e-03
1.076406e+01 2.834245e-01 -7.056732e-03
1.076406e+01 3.967448e-01 -9.519955e-03
1.076406e+01 5.552783e-01 -1.198286e-02
1.076406e+01 7.774819e-01 -1.396849e-02
1.076406e+01 1.088445e+00 -1.501015e-02
1.076406e+01 1.523711e+00 -1.579812e-02
1.076406e+01 2.088426e+00 -1.635517e-02
1.076406e+01 2.685505e+00 -1.427263e-02
1.099934e+01 1.570796e-02 -4.103099e-05
1.099934e+01 2.346256e-02 -1.047043e-04
1.099934e+01 3.503514e-02 -2.452873e-04
1.099934e+01 5.263151e-02 -6.070089e-04
1.099934e+01 7.314235e-02 -1.133795e-03
1.099934e+01 1.025928e-01 -1.885902e-03
1.099934e+01 1.448116e-01 -2.874592e-03
1.099934e+01 2.02346e-01 -4.303456e-03
1.099934e+01 2.834245e-01 -6.1686e-03
1.099934e+01 3.967448e-01 -8.344722e-03
1.099934e+01 5.552783e-01 -1.056009e-02
1.099934e+01 7.774819e-01 -1.242882e-02
1.099934e+01 1.088445e+00 -1.353258e-02
1.099934e+01 1.523711e+00 -1.442929e-02
1.099934e+01 2.088426e+00 -1.505384e-02
1.099934e+01 2.685505e+00 -1.314888e-02
1.123932e+01 1.570796e-02 -3.566187e-05
1.123932e+01 2.346256e-02 -9.091681e-05
1.123932e+01 3.503514e-02 -2.128932e-04
1.123932e+01 5.263151e-02 -5.282126e-04
1.123932e+01 7.314235e-02 -9.876514e-04
1.123932e+01 1.025928e-01 -1.6398e-03
1.123932e+01 1.448116e-01 -2.501142e-03
1.123932e+01 2.02346e-01 -3.744385e-03
1.123932e+01 2.834245e-01 -5.375534e-03
1.123932e+01 3.967448e-01 -7.287092e-03
1.123932e+01 5.552783e-01 -9.263797e-03
1.123932e+01 7.774819e-01 -1.100406e-02
1.123932e+01 1.088445e+00 -1.213552e-02
1.123932e+01 1.523711e+00 -1.310985e-02
1.123932e+01 2.088426e+00 -1.376657e-02
1.123932e+01 2.685505e+00 -1.204418e-02
1.148411e+01 1.570796e-02 -3.091982e-05
1.148411e+01 2.346256e-02 -7.844555e-05
1.148411e+01 3.503514e-02 -1.841944e-04
1.148411e+01 5.263151e-02 -4.583821e-04
1.148411e+01 7.314235e-02 -8.561214e-04
1.148411e+01 1.025928e-01 -1.420549e-03
1.148411e+01 1.448116e-01 -2.16988e-03
1.148411e+01 2.02346e-01 -3.249623e-03
1.148411e+01 2.834245e-01 -4.668558e-03
1.148411e+01 3.967448e-01 -6.340462e-03
1.148411e+01 5.552783e-01 -8.096972e-03
1.148411e+01 7.774819e-01 -9.70358e-03
1.148411e+01 1.088445e+00 -1.082621e-02
1.148411e+01 1.523711e+00 -1.183761e-02
1.148411e+01 2.088426e+00 -1.252524e-02
1.148411e+01 2.685505e+00 -1.098745e-02
1.173379e+01 1.570796e-02 -2.650548e-05
1.173379e+01 2.346256e-02 -6.685501e-05
1.173379e+01 3.503514e-02 -1.57884e-04
1.173379e+01 5.263151e-02 -3.944412e-04
1.173379e+01 7.314235e-02 -7.367648e-04
1.173379e+01 1.025928e-01 -1.221625e-03
1.173379e+01 1.448116e-01 -1.868284e-03
1.173379e+01 2.02346e-01 -2.797175e-03
1.173379e+01 2.834245e-01 -4.024176e-03
1.173379e+01 3.967448e-01 -5.471877e-03
1.173379e+01 5.552783e-01 -7.020183e-03
1.173379e+01 7.774819e-01 -8.492108e-03
1.173379e+01 1.088445e+00 -9.600039e-03
1.173379e+01 1.523711e+00 -1.065519e-02
1.173379e+01 2.088426e+00 -1.139112e-02
1.173379e+01 2.685505e+00 -1.003922e-02
1.198847e+01 1.570796e-02 -2.261046e-05
1.198847e+01 2.346256e-02 -5.696714e-05
1.198847e+01 3.503514e-02 -1.351839e-04
1.198847e+01 5.263151e-02 -3.383492e-04
1.198847e+01 7.314235e-02 -6.311451e-04
1.198847e+01 1.025928e-01 -1.046421e-03
1.198847e+01 1.448116e-01 -1.601204e-03
1.198847e+01 2.02346e-01 -2.400729e-03
1.198847e+01 2.834245e-01 -3.455162e-03
1.198847e+01 3.967448e-01 -4.706862e-03
1.198847e+01 5.552783e-01 -6.061545e-03
1.198847e+01 7.774819e-01 -7.400195e-03
1.198847e+01 1.088445e+00 -8.471215e-03
1.198847e+01 1.523711e+00 -9.527476e-03
1.198847e+01 2.088426e+00 -1.025780e-02
1.198847e+01 2.685505e+00 -9.060124e-03
1.224824e+01 1.570796e-02 -1.935874e-05
1.224824e+01 2.346256e-02 -4.856851e-05
1.224824e+01 3.503514e-02 -1.155102e-04
1.224824e+01 5.263151e-02 -2.890522e-04
1.224824e+01 7.314235e-02 -5.384834e-04
1.224824e+01 1.025928e-01 -8.933587e-04
1.224824e+01 1.448116e-01 -1.367694e-03
1.224824e+01 2.02346e-01 -2.051035e-03
1.224824e+01 2.834245e-01 -2.95515e-03
1.224824e+01 3.967448e-01 -4.031876e-03
1.224824e+01 5.552783e-01 -5.214405e-03
1.224824e+01 7.774819e-01 -6.418072e-03
1.224824e+01 1.088445e+00 -7.43618e-03
1.224824e+01 1.523711e+00 -8.467165e-03
1.224824e+01 2.088426e+00 -9.179751e-03
1.224824e+01 2.685505e+00 -8.133996e-03
1.25132e+01 1.570796e-02 -1.641109e-05
1.25132e+01 2.346256e-02 -4.100009e-05
1.25132e+01 3.503514e-02 -9.770949e-05
1.25132e+01 5.263151e-02 -2.460931e-04
1.25132e+01 7.314235e-02 -4.572307e-04
1.25132e+01 1.025928e-01 -7.587767e-04
1.25132e+01 1.448116e-01 -1.163629e-03
1.25132e+01 2.02346e-01 -1.743594e-03
1.25132e+01 2.834245e-01 -2.513948e-03
1.25132e+01 3.967448e-01 -3.43521e-03
1.25132e+01 5.552783e-01 -4.462602e-03
1.25132e+01 7.774819e-01 -5.541032e-03
1.25132e+01 1.088445e+00 -6.490399e-03
1.25132e+01 1.523711e+00 -7.480444e-03
1.25132e+01 2.088426e+00 -8.181475e-03
1.25132e+01 2.685505e+00 -7.273157e-03
1.278347e+01 1.570796e-02 -1.382555e-05
1.278347e+01 2.346256e-02 -3.462771e-05
1.278347e+01 3.503514e-02 -8.227905e-05
1.278347e+01 5.263151e-02 -2.084297e-04
1.278347e+01 7.314235e-02 -3.863556e-04
1.278347e+01 1.025928e-01 -6.417041e-04
1.278347e+01 1.448116e-01 -9.853286e-04
1.278347e+01 2.02346e-01 -1.476101e-03
1.278347e+01 2.834245e-01 -2.131605e-03
1.278347e+01 3.967448e-01 -2.916004e-03
1.278347e+01 5.552783e-01 -3.805287e-03
1.278347e+01 7.774819e-01 -4.759311e-03
1.278347e+01 1.088445e+00 -5.634928e-03
1.278347e+01 1.523711e+00 -6.562674e-03
1.278347e+01 2.088426e+00 -7.225889e-03
1.278347e+01 2.685505e+00 -6.443707e-03
1.305914e+01 1.570796e-02 -1.166367e-05
1.305914e+01 2.346256e-02 -2.913027e-05
1.305914e+01 3.503514e-02 -6.930522e-05
1.305914e+01 5.263151e-02 -1.753949e-04
1.305914e+01 7.314235e-02 -3.250273e-04
1.305914e+01 1.025928e-01 -5.398247e-04
1.305914e+01 1.448116e-01 -8.308319e-04
1.305914e+01 2.02346e-01 -1.244448e-03
1.305914e+01 2.834245e-01 -1.796902e-03
1.305914e+01 3.967448e-01 -2.462505e-03
1.305914e+01 5.552783e-01 -3.225162e-03
1.305914e+01 7.774819e-01 -4.064187e-03
1.305914e+01 1.088445e+00 -4.85957e-03
1.305914e+01 1.523711e+00 -5.707647e-03
1.305914e+01 2.088426e+00 -6.317881e-03
1.305914e+01 2.685505e+00 -5.636444e-03
1.334032e+01 1.570796e-02 -9.747804e-06
1.334032e+01 2.346256e-02 -2.431333e-05
1.334032e+01 3.503514e-02 -5.784463e-05
1.334032e+01 5.263151e-02 -1.468666e-04
1.334032e+01 7.314235e-02 -2.724513e-04
1.334032e+01 1.025928e-01 -4.521518e-04
1.334032e+01 1.448116e-01 -6.963104e-04
1.334032e+01 2.02346e-01 -1.042814e-03
1.334032e+01 2.834245e-01 -1.507825e-03
1.334032e+01 3.967448e-01 -2.068309e-03
1.334032e+01 5.552783e-01 -2.716965e-03
1.334032e+01 7.774819e-01 -3.447734e-03
1.334032e+01 1.088445e+00 -4.162277e-03
1.334032e+01 1.523711e+00 -4.925181e-03
1.334032e+01 2.088426e+00 -5.47477e-03
1.334032e+01 2.685505e+00 -4.899940e-03
1.362713e+01 1.570796e-02 -8.156291e-06
1.362713e+01 2.346256e-02 -2.030835e-05
1.362713e+01 3.503514e-02 -4.81734e-05
1.362713e+01 5.263151e-02 -1.223072e-04
1.362713e+01 7.314235e-02 -2.268340e-04
1.362713e+01 1.025928e-01 -3.772503e-04
1.362713e+01 1.448116e-01 -5.796521e-04
1.362713e+01 2.02346e-01 -8.708899e-04
1.362713e+01 2.834245e-01 -1.259549e-03
1.362713e+01 3.967448e-01 -1.73036e-03
1.362713e+01 5.552783e-01 -2.280014e-03
1.362713e+01 7.774819e-01 -2.911133e-03
1.362713e+01 1.088445e+00 -3.549767e-03
1.362713e+01 1.523711e+00 -4.226905e-03
1.362713e+01 2.088426e+00 -4.717142e-03
1.362713e+01 2.685505e+00 -4.230612e-03
1.391967e+01 1.570796e-02 -6.855926e-06
1.391967e+01 2.346256e-02 -1.687229e-05
1.391967e+01 3.503514e-02 -3.993808e-05
1.391967e+01 5.263151e-02 -1.017230e-04
1.391967e+01 7.314235e-02 -1.881455e-04
1.391967e+01 1.025928e-01 -3.130694e-04
1.391967e+01 1.448116e-01 -4.813243e-04
1.391967e+01 2.02346e-01 -7.234982e-04
1.391967e+01 2.834245e-01 -1.046036e-03
1.391967e+01 3.967448e-01 -1.440577e-03
1.391967e+01 5.552783e-01 -1.902627e-03
1.391967e+01 7.774819e-01 -2.444732e-03
1.391967e+01 1.088445e+00 -3.002514e-03
1.391967e+01 1.523711e+00 -3.593528e-03
1.391967e+01 2.088426e+00 -4.017001e-03
1.391967e+01 2.685505e+00 -3.599294e-03
1.421806e+01 1.570796e-02 -5.651262e-06
1.421806e+01 2.346256e-02 -1.373247e-05
1.421806e+01 3.503514e-02 -3.296097e-05
1.421806e+01 5.263151e-02 -8.371406e-05
1.421806e+01 7.314235e-02 -1.555689e-04
1.421806e+01 1.025928e-01 -2.582732e-04
1.421806e+01 1.448116e-01 -3.970659e-04
1.421806e+01 2.02346e-01 -5.965268e-04
1.421806e+01 2.834245e-01 -8.637427e-04
1.421806e+01 3.967448e-01 -1.192522e-03
1.421806e+01 5.552783e-01 -1.578977e-03
1.421806e+01 7.774819e-01 -2.041177e-03
1.421806e+01 1.088445e+00 -2.521870e-03
1.421806e+01 1.523711e+00 -3.031624e-03
1.421806e+01 2.088426e+00 -3.389239e-03
1.421806e+01 2.685505e+00 -3.031696e-03
1.452242e+01 1.570796e-02 -4.633644e-06
1.452242e+01 2.346256e-02 -1.117662e-05
1.452242e+01 3.503514e-02 -2.704104e-05
1.452242e+01 5.263151e-02 -6.837046e-05
1.452242e+01 7.314235e-02 -1.270971e-04
1.452242e+01 1.025928e-01 -2.112578e-04
1.452242e+01 1.448116e-01 -3.253395e-04
1.452242e+01 2.02346e-01 -4.886581e-04
1.452242e+01 2.834245e-01 -7.085124e-04
1.452242e+01 3.967448e-01 -9.796427e-04
1.452242e+01 5.552783e-01 -1.301384e-03
1.452242e+01 7.774819e-01 -1.691380e-03
1.452242e+01 1.088445e+00 -2.106226e-03
1.452242e+01 1.523711e+00 -2.541404e-03
1.452242e+01 2.088426e+00 -2.847126e-03
1.452242e+01 2.685505e+00 -2.544771e-03
1.483287e+01 1.570796e-02 -3.801047e-06
1.483287e+01 2.346256e-02 -9.062134e-06
1.483287e+01 3.503514e-02 -2.186061e-05
1.483287e+01 5.263151e-02 -5.579549e-05
1.483287e+01 7.314235e-02 -1.035603e-04
1.483287e+01 1.025928e-01 -1.718422e-04
1.483287e+01 1.448116e-01 -2.649979e-04
1.483287e+01 2.02346e-01 -3.990756e-04
1.483287e+01 2.834245e-01 -5.782249e-04
1.483287e+01 3.967448e-01 -8.000363e-04
1.483287e+01 5.552783e-01 -1.068406e-03
1.483287e+01 7.774819e-01 -1.393604e-03
1.483287e+01 1.088445e+00 -1.745944e-03
1.483287e+01 1.523711e+00 -2.113383e-03
1.483287e+01 2.088426e+00 -2.365318e-03
1.483287e+01 2.685505e+00 -2.101861e-03
1.514953e+01 1.570796e-02 -3.092495e-06
1.514953e+01 2.346256e-02 -7.245873e-06
1.514953e+01 3.503514e-02 -1.766056e-05
1.514953e+01 5.263151e-02 -4.498089e-05
1.514953e+01 7.314235e-02 -8.392058e-05
1.514953e+01 1.025928e-01 -1.390858e-04
1.514953e+01 1.448116e-01 -2.147356e-04
1.514953e+01 2.02346e-01 -3.234022e-04
1.514953e+01 2.834245e-01 -4.693037e-04
1.514953e+01 3.967448e-01 -6.497273e-04
1.514953e+01 5.552783e-01 -8.715802e-04
1.514953e+01 7.774819e-01 -1.142638e-03
1.514953e+01 1.088445e+00 -1.438453e-03
1.514953e+01 1.523711e+00 -1.745949e-03
1.514953e+01 2.088426e+00 -1.950866e-03
1.514953e+01 2.685505e+00 -1.712656e-03
1.547252e+01 1.570796e-02 -2.521740e-06
1.547252e+01 2.346256e-02 -5.830186e-06
1.547252e+01 3.503514e-02 -1.421442e-05
1.547252e+01 5.263151e-02 -3.612580e-05
1.547252e+01 7.314235e-02 -6.743862e-05
1.547252e+01 1.025928e-01 -1.115636e-04
1.547252e+01 1.448116e-01 -1.727399e-04
1.547252e+01 2.02346e-01 -2.599678e-04
1.547252e+01 2.834245e-01 -3.779723e-04
1.547252e+01 3.967448e-01 -5.237513e-04
1.547252e+01 5.552783e-01 -7.059421e-04
1.547252e+01 7.774819e-01 -9.314556e-04
1.547252e+01 1.088445e+00 -1.178545e-03
1.547252e+01 1.523711e+00 -1.435005e-03
1.547252e+01 2.088426e+00 -1.598525e-03
1.547252e+01 2.685505e+00 -1.380066e-03
1.580197e+01 1.570796e-02 -2.012118e-06
1.580197e+01 2.346256e-02 -4.637473e-06
1.580197e+01 3.503514e-02 -1.124189e-05
1.580197e+01 5.263151e-02 -2.892745e-05
1.580197e+01 7.314235e-02 -5.386091e-05
1.580197e+01 1.025928e-01 -8.881754e-05
1.580197e+01 1.448116e-01 -1.381827e-04
1.580197e+01 2.02346e-01 -2.075801e-04
1.580197e+01 2.834245e-01 -3.021318e-04
1.580197e+01 3.967448e-01 -4.19251e-04
1.580197e+01 5.552783e-01 -5.680232e-04
1.580197e+01 7.774819e-01 -7.531619e-04
1.580197e+01 1.088445e+00 -9.575733e-04
1.580197e+01 1.523711e+00 -1.169331e-03
1.580197e+01 2.088426e+00 -1.29677e-03
1.580197e+01 2.685505e+00 -1.100579e-03
1.613801e+01 1.570796e-02 -1.593648e-06
1.613801e+01 2.346256e-02 -3.624723e-06
1.613801e+01 3.503514e-02 -8.838999e-06
1.613801e+01 5.263151e-02 -2.29664e-05
1.613801e+01 7.314235e-02 -4.245278e-05
1.613801e+01 1.025928e-01 -7.018133e-05
1.613801e+01 1.448116e-01 -1.093684e-04
1.613801e+01 2.02346e-01 -1.641445e-04
1.613801e+01 2.834245e-01 -2.390442e-04
1.613801e+01 3.967448e-01 -3.326492e-04
1.613801e+01 5.552783e-01 -4.527970e-04
1.613801e+01 7.774819e-01 -6.039251e-04
1.613801e+01 1.088445e+00 -7.710947e-04
1.613801e+01 1.523711e+00 -9.430012e-04
1.613801e+01 2.088426e+00 -1.037913e-03
1.613801e+01 2.685505e+00 -8.579654e-04
1.648077e+01 1.570796e-02 -1.253902e-06
1.648077e+01 2.346256e-02 -2.773608e-06
1.648077e+01 3.503514e-02 -6.944407e-06
1.648077e+01 5.263151e-02 -1.796708e-05
1.648077e+01 7.314235e-02 -3.304295e-05
1.648077e+01 1.025928e-01 -5.474089e-05
1.648077e+01 1.448116e-01 -8.537854e-05
1.648077e+01 2.02346e-01 -1.284329e-04
1.648077e+01 2.834245e-01 -1.871125e-04
1.648077e+01 3.967448e-01 -2.605825e-04
1.648077e+01 5.552783e-01 -3.567761e-04
1.648077e+01 7.774819e-01 -4.794096e-04
1.648077e+01 1.088445e+00 -6.137072e-04
1.648077e+01 1.523711e+00 -7.529566e-04
1.648077e+01 2.088426e+00 -8.258875e-04
1.648077e+01 2.685505e+00 -6.624644e-04
1.683038e+01 1.570796e-02 -9.926136e-07
1.683038e+01 2.346256e-02 -2.104834e-06
1.683038e+01 3.503514e-02 -5.340379e-06
1.683038e+01 5.263151e-02 -1.384878e-05
1.683038e+01 7.314235e-02 -2.546409e-05
1.683038e+01 1.025928e-01 -4.230042e-05
1.683038e+01 1.448116e-01 -6.602808e-05
1.683038e+01 2.02346e-01 -9.943155e-05
1.683038e+01 2.834245e-01 -1.451289e-04
1.683038e+01 3.967448e-01 -2.023379e-04
1.683038e+01 5.552783e-01 -2.787402e-04
1.683038e+01 7.774819e-01 -3.777255e-04
1.683038e+01 1.088445e+00 -4.856846e-04
1.683038e+01 1.523711e+00 -5.997401e-04
1.683038e+01 2.088426e+00 -6.528004e-04
1.683038e+01 2.685505e+00 -5.067917e-04
1.718699e+01 1.570796e-02 -7.742627e-07
1.718699e+01 2.346256e-02 -1.60661e-06
1.718699e+01 3.503514e-02 -4.112441e-06
1.718699e+01 5.263151e-02 -1.057416e-05
1.718699e+01 7.314235e-02 -1.942901e-05
1.718699e+01 1.025928e-01 -3.222997e-05
1.718699e+01 1.448116e-01 -5.016441e-05
1.718699e+01 2.02346e-01 -7.600477e-05
1.718699e+01 2.834245e-01 -1.108105e-04
1.718699e+01 3.967448e-01 -1.549232e-04
1.718699e+01 5.552783e-01 -2.149735e-04
1.718699e+01 7.774819e-01 -2.94312e-04
1.718699e+01 1.088445e+00 -3.808594e-04
1.718699e+01 1.523711e+00 -4.721758e-04
1.718699e+01 2.088426e+00 -5.128702e-04
1.718699e+01 2.685505e+00 -3.887558e-04
1.755073e+01 1.570796e-02 -5.952001e-07
1.755073e+01 2.346256e-02 -1.174587e-06
1.755073e+01 3.503514e-02 -3.07962e-06
1.755073e+01 5.263151e-02 -8.011997e-06
1.755073e+01 7.314235e-02 -1.46716e-05
1.755073e+01 1.025928e-01 -2.435265e-05
1.755073e+01 1.448116e-01 -3.777240e-05
1.755073e+01 2.02346e-01 -5.736573e-05
1.755073e+01 2.834245e-01 -8.37834e-05
1.755073e+01 3.967448e-01 -1.17507e-04
1.755073e+01 5.552783e-01 -1.64225e-04
1.755073e+01 7.774819e-01 -2.271582e-04
1.755073e+01 1.088445e+00 -2.967117e-04
1.755073e+01 1.523711e+00 -3.71375e-04
1.755073e+01 2.088426e+00 -4.038571e-04
1.755073e+01 2.685505e+00 -3.013374e-04
1.792175e+01 1.570796e-02 -4.469141e-07
1.792175e+01 2.346256e-02 -8.65264e-07
1.792175e+01 3.503514e-02 -2.294853e-06
1.792175e+01 5.263151e-02 -5.970754e-06
1.792175e+01 7.314235e-02 -1.095176e-05
1.792175e+01 1.025928e-01 -1.802275e-05
1.792175e+01 1.448116e-01 -2.807673e-05
1.792175e+01 2.02346e-01 -4.258972e-05
1.792175e+01 2.834245e-01 -6.246879e-05
1.792175e+01 3.967448e-01 -8.769879e-05
1.792175e+01 5.552783e-01 -1.236467e-04
1.792175e+01 7.774819e-01 -1.728347e-04
1.792175e+01 1.088445e+00 -2.279675e-04
1.792175e+01 1.523711e+00 -2.895392e-04
1.792175e+01 2.088426e+00 -3.162038e-04
1.792175e+01 2.685505e+00 -2.335871e-04
1.830018e+01 1.570796e-02 -3.301986e-07
1.830018e+01 2.346256e-02 -6.103446e-07
1.830018e+01 3.503514e-02 -1.658049e-06
1.830018e+01 5.263151e-02 -4.313962e-06
1.830018e+01 7.314235e-02 -7.942522e-06
1.830018e+01 1.025928e-01 -1.300794e-05
1.830018e+01 1.448116e-01 -2.034178e-05
1.830018e+01 2.02346e-01 -3.090027e-05
1.830018e+01 2.834245e-01 -4.541938e-05
1.830018e+01 3.967448e-01 -6.390771e-05
1.830018e+01 5.552783e-01 -9.073796e-05
1.830018e+01 7.774819e-01 -1.283951e-04
1.830018e+01 1.088445e+00 -1.713363e-04
1.830018e+01 1.523711e+00 -2.210735e-04
1.830018e+01 2.088426e+00 -2.436194e-04
1.830018e+01 2.685505e+00 -1.794641e-04
1.868618e+01 1.570796e-02 -2.421867e-07
1.868618e+01 2.346256e-02 -4.405180e-07
1.868618e+01 3.503514e-02 -1.192666e-06
1.868618e+01 5.263151e-02 -3.068764e-06
1.868618e+01 7.314235e-02 -5.662928e-06
1.868618e+01 1.025928e-01 -9.224315e-06
1.868618e+01 1.448116e-01 -1.454969e-05
1.868618e+01 2.02346e-01 -2.207566e-05
1.868618e+01 2.834245e-01 -3.250593e-05
1.868618e+01 3.967448e-01 -4.583391e-05
1.868618e+01 5.552783e-01 -6.571305e-05
1.868618e+01 7.774819e-01 -9.38701e-05
1.868618e+01 1.088445e+00 -1.266196e-04
1.868618e+01 1.523711e+00 -1.661965e-04
1.868618e+01 2.088426e+00 -1.860188e-04
1.868618e+01 2.685505e+00 -1.389251e-04
1.907991e+01 1.570796e-02 -1.676623e-07
1.907991e+01 2.346256e-02 -2.902421e-07
1.907991e+01 3.503514e-02 -8.067174e-07
1.907991e+01 5.263151e-02 -2.096327e-06
1.907991e+01 7.314235e-02 -3.87591e-06
1.907991e+01 1.025928e-01 -6.300571e-06
1.907991e+01 1.448116e-01 -9.96272e-06
1.907991e+01 2.02346e-01 -1.511641e-05
1.907991e+01 2.834245e-01 -2.222442e-05
1.907991e+01 3.967448e-01 -3.151936e-05
1.907991e+01 5.552783e-01 -4.575843e-05
1.907991e+01 7.774819e-01 -6.57986e-05
1.907991e+01 1.088445e+00 -9.023322e-05
1.907991e+01 1.523711e+00 -1.207536e-04
1.907991e+01 2.088426e+00 -1.381439e-04
1.907991e+01 2.685505e+00 -1.069727e-04
1.948151e+01 1.570796e-02 -1.164033e-07
1.948151e+01 2.346256e-02 -2.030973e-07
1.948151e+01 3.503514e-02 -5.420299e-07
1.948151e+01 5.263151e-02 -1.414710e-06
1.948151e+01 7.314235e-02 -2.615007e-06
1.948151e+01 1.025928e-01 -4.280147e-06
1.948151e+01 1.448116e-01 -6.796849e-06
1.948151e+01 2.02346e-01 -1.026096e-05
1.948151e+01 2.834245e-01 -1.511406e-05
1.948151e+01 3.967448e-01 -2.158066e-05
1.948151e+01 5.552783e-01 -3.155809e-05
1.948151e+01 7.774819e-01 -4.584699e-05
1.948151e+01 1.088445e+00 -6.372359e-05
1.948151e+01 1.523711e+00 -8.720241e-05
1.948151e+01 2.088426e+00 -1.024273e-04
1.948151e+01 2.685505e+00 -8.274418e-05
1.989114e+01 1.570796e-02 -8.032218e-08
1.989114e+01 2.346256e-02 -1.299668e-07
1.989114e+01 3.503514e-02 -3.679574e-07
1.989114e+01 5.263151e-02 -9.594682e-07
1.989114e+01 7.314235e-02 -1.769988e-06
1.989114e+01 1.025928e-01 -2.910487e-06
1.989114e+01 1.448116e-01 -4.628089e-06
1.989114e+01 2.02346e-01 -6.937228e-06
1.989114e+01 2.834245e-01 -1.024225e-05
1.989114e+01 3.967448e-01 -1.477585e-05
1.989114e+01 5.552783e-01 -2.172415e-05
1.989114e+01 7.774819e-01 -3.183529e-05
1.989114e+01 1.088445e+00 -4.464856e-05
1.989114e+01 1.523711e+00 -6.182098e-05
1.989114e+01 2.088426e+00 -7.376315e-05
1.989114e+01 2.685505e+00 -6.046398e-05
2.030896e+01 1.570796e-02 -5.417274e-08
2.030896e+01 2.346256e-02 -8.711648e-08
2.030896e+01 3.503514e-02 -2.505562e-07
2.030896e+01 5.263151e-02 -6.334200e-07
2.030896e+01 7.314235e-02 -1.178814e-06
2.030896e+01 1.025928e-01 -1.948602e-06
2.030896e+01 1.448116e-01 -3.080837e-06
2.030896e+01 2.02346e-01 -4.638021e-06
2.030896e+01 2.834245e-01 -6.886013e-06
2.030896e+01 3.967448e-01 -9.992724e-06
2.030896e+01 5.552783e-01 -1.469762e-05
2.030896e+01 7.774819e-01 -2.174306e-05
2.030896e+01 1.088445e+00 -3.075113e-05
2.030896e+01 1.523711e+00 -4.312855e-05
2.030896e+01 2.088426e+00 -5.215691e-05
2.030896e+01 2.685505e+00 -4.371938e-05
2.073514e+01 1.570796e-02 -3.612705e-08
2.073514e+01 2.346256e-02 -5.5943e-08
2.073514e+01 3.503514e-02 -1.718512e-07
2.073514e+01 5.263151e-02 -4.22153e-07
2.073514e+01 7.314235e-02 -7.719763e-07
2.073514e+01 1.025928e-01 -1.269234e-06
2.073514e+01 1.448116e-01 -2.022185e-06
2.073514e+01 2.02346e-01 -3.030588e-06
2.073514e+01 2.834245e-01 -4.519982e-06
2.073514e+01 3.967448e-01 -6.576808e-06
2.073514e+01 5.552783e-01 -9.739002e-06
2.073514e+01 7.774819e-01 -1.448078e-05
2.073514e+01 1.088445e+00 -2.074936e-05
2.073514e+01 1.523711e+00 -2.948396e-05
2.073514e+01 2.088426e+00 -3.621856e-05
2.073514e+01 2.685505e+00 -3.079321e-05
2.116984e+01 1.570796e-02 -2.297082e-08
2.116984e+01 2.346256e-02 -3.521709e-08
2.116984e+01 3.503514e-02 -1.080616e-07
2.116984e+01 5.263151e-02 -2.675018e-07
2.116984e+01 7.314235e-02 -4.8691e-07
2.116984e+01 1.025928e-01 -7.875151e-07
2.116984e+01 1.448116e-01 -1.275324e-06
2.116984e+01 2.02346e-01 -1.907404e-06
2.116984e+01 2.834245e-01 -2.871291e-06
2.116984e+01 3.967448e-01 -4.204402e-06
2.116984e+01 5.552783e-01 -6.256733e-06
2.116984e+01 7.774819e-01 -9.361040e-06
2.116984e+01 1.088445e+00 -1.360941e-05
2.116984e+01 1.523711e+00 -1.965724e-05
2.116984e+01 2.088426e+00 -2.465614e-05
2.116984e+01 2.685505e+00 -2.198030e-05
2.161324e+01 1.570796e-02 -1.518174e-08
2.161324e+01 2.346256e-02 -2.447133e-08
2.161324e+01 3.503514e-02 -6.882002e-08
2.161324e+01 5.263151e-02 -1.734517e-07
2.161324e+01 7.314235e-02 -3.113825e-07
2.161324e+01 1.025928e-01 -5.036757e-07
2.161324e+01 1.448116e-01 -7.984390e-07
2.161324e+01 2.02346e-01 -1.206674e-06
2.161324e+01 2.834245e-01 -1.835377e-06
2.161324e+01 3.967448e-01 -2.668556e-06
2.161324e+01 5.552783e-01 -4.000191e-06
2.161324e+01 7.774819e-01 -6.040783e-06
2.161324e+01 1.088445e+00 -8.852896e-06
2.161324e+01 1.523711e+00 -1.303038e-05
2.161324e+01 2.088426e+00 -1.662106e-05
2.161324e+01 2.685505e+00 -1.51858e-05
2.20655e+01 1.570796e-02 -9.473889e-09
2.20655e+01 2.346256e-02 -1.604319e-08
2.20655e+01 3.503514e-02 -3.987816e-08
2.20655e+01 5.263151e-02 -1.052345e-07
2.20655e+01 7.314235e-02 -1.870392e-07
2.20655e+01 1.025928e-01 -3.084847e-07
2.20655e+01 1.448116e-01 -4.896633e-07
2.20655e+01 2.02346e-01 -7.311832e-07
2.20655e+01 2.834245e-01 -1.108455e-06
2.20655e+01 3.967448e-01 -1.631350e-06
2.20655e+01 5.552783e-01 -2.473599e-06
2.20655e+01 7.774819e-01 -3.740272e-06
2.20655e+01 1.088445e+00 -5.520121e-06
2.20655e+01 1.523711e+00 -8.273641e-06
2.20655e+01 2.088426e+00 -1.092973e-05
2.20655e+01 2.685505e+00 -1.037188e-05
2.252681e+01 1.570796e-02 -1.845938e-10
2.252681e+01 2.346256e-02 -1.723725e-10
2.252681e+01 3.503514e-02 -5.299478e-10
2.252681e+01 5.263151e-02 -1.265659e-09
2.252681e+01 7.314235e-02 -1.528845e-09
2.252681e+01 1.025928e-01 -1.770776e-10
2.252681e+01 1.448116e-01 3.049889e-09
2.252681e+01 2.02346e-01 9.155192e-09
2.252681e+01 2.834245e-01 2.012048e-08
2.252681e+01 3.967448e-01 3.682141e-08
2.252681e+01 5.552783e-01 5.914785e-08
2.252681e+01 7.774819e-01 8.042936e-08
2.252681e+01 1.088445e+00 8.502548e-08
2.252681e+01 1.523711e+00 5.516739e-08
2.252681e+01 2.088426e+00 8.384765e-09
2.252681e+01 2.685505e+00 -1.644482e-08
2.299735e+01 1.570796e-02 -7.648850e-11
2.299735e+01 2.346256e-02 3.992778e-11
2.299735e+01 3.503514e-02 -1.599965e-11
2.299735e+01 5.263151e-02 -4.619547e-11
2.299735e+01 7.314235e-02 5.518204e-10
2.299735e+01 1.025928e-01 2.686981e-09
2.299735e+01 1.448116e-01 6.627996e-09
2.299735e+01 2.02346e-01 1.336008e-08
2.299735e+01 2.834245e-01 2.481322e-08
2.299735e+01 3.967448e-01 4.195128e-08
2.299735e+01 5.552783e-01 6.501229e-08
2.299735e+01 7.774819e-01 8.760578e-08
2.299735e+01 1.088445e+00 9.424433e-08
2.299735e+01 1.523711e+00 6.753615e-08
2.299735e+01 2.088426e+00 2.251785e-08
2.299735e+01 2.685505e+00 -6.136127e-09
2.34773e+01 1.570796e-02 3.17853e-12
2.34773e+01 2.346256e-02 1.899077e-10
2.34773e+01 3.503514e-02 3.609529e-10
2.34773e+01 5.263151e-02 8.419335e-10
2.34773e+01 7.314235e-02 2.073011e-09
2.34773e+01 1.025928e-01 4.761998e-09
2.34773e+01 1.448116e-01 9.183393e-09
2.34773e+01 2.02346e-01 1.633396e-08
2.34773e+01 2.834245e-01 2.807674e-08
2.34773e+01 3.967448e-01 4.547468e-08
2.34773e+01 5.552783e-01 6.900584e-08
2.34773e+01 7.774819e-01 9.256197e-08
2.34773e+01 1.088445e+00 1.009146e-07
2.34773e+01 1.523711e+00 7.735452e-08
2.34773e+01 2.088426e+00 3.427995e-08
2.34773e+01 2.685505e+00 2.835428e-09
2.396684e+01 1.570796e-02 6.112940e-11
2.396684e+01 2.346256e-02 2.955266e-10
2.396684e+01 3.503514e-02 6.252373e-10
2.396684e+01 5.263151e-02 1.470492e-09
2.396684e+01 7.314235e-02 3.147907e-09
2.396684e+01 1.025928e-01 6.202369e-09
2.396684e+01 1.448116e-01 1.093019e-08
2.396684e+01 2.02346e-01 1.830903e-08
2.396684e+01 2.834245e-01 3.01787e-08
2.396684e+01 3.967448e-01 4.769147e-08
2.396684e+01 5.552783e-01 7.139988e-08
2.396684e+01 7.774819e-01 9.560828e-08
2.396684e+01 1.088445e+00 1.054579e-07
2.396684e+01 1.523711e+00 8.508648e-08
2.396684e+01 2.088426e+00 4.409512e-08
2.396684e+01 2.685505e+00 1.035657e-08
2.446618e+01 1.570796e-02 1.015831e-10
2.446618e+01 2.346256e-02 3.666155e-10
2.446618e+01 3.503514e-02 8.025416e-10
2.446618e+01 5.263151e-02 1.893932e-09
2.446618e+01 7.314235e-02 3.866673e-09
2.446618e+01 1.025928e-01 7.136242e-09
2.446618e+01 1.448116e-01 1.200988e-08
2.446618e+01 2.02346e-01 1.947683e-08
2.446618e+01 2.834245e-01 3.133354e-08
2.446618e+01 3.967448e-01 4.878135e-08
2.446618e+01 5.552783e-01 7.244166e-08
2.446618e+01 7.774819e-01 9.70049e-08
2.446618e+01 1.088445e+00 1.081758e-07
2.446618e+01 1.523711e+00 9.084339e-08
2.446618e+01 2.088426e+00 5.214143e-08
2.446618e+01 2.685505e+00 1.642374e-08
2.49755e+01 1.570796e-02 1.283611e-10
2.49755e+01 2.346256e-02 4.075786e-10
2.49755e+01 3.503514e-02 9.118628e-10
2.49755e+01 5.263151e-02 2.15803e-09
2.49755e+01 7.314235e-02 4.306537e-09
2.49755e+01 1.025928e-01 7.672322e-09
2.49755e+01 1.448116e-01 1.257354e-08
2.49755e+01 2.02346e-01 2.000252e-08
2.49755e+01 2.834245e-01 3.171474e-08
2.49755e+01 3.967448e-01 4.893274e-08
2.49755e+01 5.552783e-01 7.233445e-08
2.49755e+01 7.774819e-01 9.698071e-08
2.49755e+01 1.088445e+00 1.092858e-07
2.49755e+01 1.523711e+00 9.502609e-08
2.49755e+01 2.088426e+00 5.885712e-08
2.49755e+01 2.685505e+00 2.174587e-08
2.549501e+01 1.570796e-02 1.441074e-10
2.549501e+01 2.346256e-02 4.276483e-10
2.549501e+01 3.503514e-02 9.686392e-10
2.549501e+01 5.263151e-02 2.297486e-09
2.549501e+01 7.314235e-02 4.527724e-09
2.549501e+01 1.025928e-01 7.896516e-09
2.549501e+01 1.448116e-01 1.273199e-08
2.549501e+01 2.02346e-01 2.001411e-08
2.549501e+01 2.834245e-01 3.147337e-08
2.549501e+01 3.967448e-01 4.832783e-08
2.549501e+01 5.552783e-01 7.126399e-08
2.549501e+01 7.774819e-01 9.574896e-08
2.549501e+01 1.088445e+00 1.090685e-07
2.549501e+01 1.523711e+00 9.777492e-08
2.549501e+01 2.088426e+00 6.438611e-08
2.549501e+01 2.685505e+00 2.63422e-08
2.602491e+01 1.570796e-02 1.518734e-10
2.602491e+01 2.346256e-02 4.323525e-10
2.602491e+01 3.503514e-02 9.854790e-10
2.602491e+01 5.263151e-02 2.341444e-09
2.602491e+01 7.314235e-02 4.579707e-09
2.602491e+01 1.025928e-01 7.880305e-09
2.602491e+01 1.448116e-01 1.257247e-08
2.602491e+01 2.02346e-01 1.962484e-08
2.602491e+01 2.834245e-01 3.072944e-08
2.602491e+01 3.967448e-01 4.709198e-08
2.602491e+01 5.552783e-01 6.938354e-08
2.602491e+01 7.774819e-01 9.343820e-08
2.602491e+01 1.088445e+00 1.076072e-07
2.602491e+01 1.523711e+00 9.923553e-08
2.602491e+01 2.088426e+00 6.87511e-08
2.602491e+01 2.685505e+00 3.035595e-08
2.656541e+01 1.570796e-02 1.533348e-10
2.656541e+01 2.346256e-02 4.244686e-10
2.656541e+01 3.503514e-02 9.715494e-10
2.656541e+01 5.263151e-02 2.312156e-09
2.656541e+01 7.314235e-02 4.501972e-09
2.656541e+01 1.025928e-01 7.679371e-09
2.656541e+01 1.448116e-01 1.216751e-08
2.656541e+01 2.02346e-01 1.892521e-08
2.656541e+01 2.834245e-01 2.958050e-08
2.656541e+01 3.967448e-01 4.531307e-08
2.656541e+01 5.552783e-01 6.680198e-08
2.656541e+01 7.774819e-01 9.024263e-08
2.656541e+01 1.088445e+00 1.050602e-07
2.656541e+01 1.523711e+00 9.954721e-08
2.656541e+01 2.088426e+00 7.222532e-08
2.656541e+01 2.685505e+00 3.412754e-08
2.711672e+01 1.570796e-02 1.501279e-10
2.711672e+01 2.346256e-02 4.077821e-10
2.711672e+01 3.503514e-02 9.348973e-10
2.711672e+01 5.263151e-02 2.228398e-09
2.711672e+01 7.314235e-02 4.328956e-09
2.711672e+01 1.025928e-01 7.339977e-09
2.711672e+01 1.448116e-01 1.157859e-08
2.711672e+01 2.02346e-01 1.798045e-08
2.711672e+01 2.834245e-01 2.812084e-08
2.711672e+01 3.967448e-01 4.310206e-08
2.711672e+01 5.552783e-01 6.361813e-08
2.711672e+01 7.774819e-01 8.626574e-08
2.711672e+01 1.088445e+00 1.015933e-07
2.711672e+01 1.523711e+00 9.883081e-08
2.711672e+01 2.088426e+00 7.488669e-08
2.711672e+01 2.685505e+00 3.778561e-08
2.767905e+01 1.570796e-02 1.433635e-10
2.767905e+01 2.346256e-02 3.841491e-10
2.767905e+01 3.503514e-02 8.822236e-10
2.767905e+01 5.263151e-02 2.105244e-09
2.767905e+01 7.314235e-02 4.084753e-09
2.767905e+01 1.025928e-01 6.900055e-09
2.767905e+01 1.448116e-01 1.085575e-08
2.767905e+01 2.02346e-01 1.685682e-08
2.767905e+01 2.834245e-01 2.641105e-08
2.767905e+01 3.967448e-01 4.05381e-08
2.767905e+01 5.552783e-01 5.994834e-08
2.767905e+01 7.774819e-01 8.164443e-08
2.767905e+01 1.088445e+00 9.727798e-08
2.767905e+01 1.523711e+00 9.713795e-08
2.767905e+01 2.088426e+00 7.676764e-08
2.767905e+01 2.685505e+00 4.133552e-08
2.825263e+01 1.570796e-02 1.34156e-10
2.825263e+01 2.346256e-02 3.557106e-10
2.825263e+01 3.503514e-02 8.174162e-10
2.825263e+01 5.263151e-02 1.954417e-09
2.825263e+01 7.314235e-02 3.790944e-09
2.825263e+01 1.025928e-01 6.387670e-09
2.825263e+01 1.448116e-01 1.003566e-08
2.825263e+01 2.02346e-01 1.560019e-08
2.825263e+01 2.834245e-01 2.451033e-08
2.825263e+01 3.967448e-01 3.768277e-08
2.825263e+01 5.552783e-01 5.585975e-08
2.825263e+01 7.774819e-01 7.642156e-08
2.825263e+01 1.088445e+00 9.216958e-08
2.825263e+01 1.523711e+00 9.442910e-08
2.825263e+01 2.088426e+00 7.780927e-08
2.825263e+01 2.685505e+00 4.485257e-08
2.883769e+01 1.570796e-02 1.231807e-10
2.883769e+01 2.346256e-02 3.237325e-10
2.883769e+01 3.503514e-02 7.448204e-10
2.883769e+01 5.263151e-02 1.784401e-09
2.883769e+01 7.314235e-02 3.462009e-09
2.883769e+01 1.025928e-01 5.824058e-09
2.883769e+01 1.448116e-01 9.147618e-09
2.883769e+01 2.02346e-01 1.42443e-08
2.883769e+01 2.834245e-01 2.24552e-08
2.883769e+01 3.967448e-01 3.459809e-08
2.883769e+01 5.552783e-01 5.140839e-08
2.883769e+01 7.774819e-01 7.070365e-08
2.883769e+01 1.088445e+00 8.631759e-08
2.883769e+01 1.523711e+00 9.077625e-08
2.883769e+01 2.088426e+00 7.808384e-08
2.883769e+01 2.685505e+00 4.834593e-08
2.943444e+01 1.570796e-02 1.109981e-10
2.943444e+01 2.346256e-02 2.898261e-10
2.943444e+01 3.503514e-02 6.672498e-10
2.943444e+01 5.263151e-02 1.601848e-09
2.943444e+01 7.314235e-02 3.109230e-09
2.943444e+01 1.025928e-01 5.227550e-09
2.943444e+01 1.448116e-01 8.21239e-09
2.943444e+01 2.02346e-01 1.281786e-08
2.943444e+01 2.834245e-01 2.028262e-08
2.943444e+01 3.967448e-01 3.132145e-08
2.943444e+01 5.552783e-01 4.665106e-08
2.943444e+01 7.774819e-01 6.450564e-08
2.943444e+01 1.088445e+00 7.977825e-08
2.943444e+01 1.523711e+00 8.611910e-08
2.943444e+01 2.088426e+00 7.745206e-08
2.943444e+01 2.685505e+00 5.163948e-08
3.004313e+01 1.570796e-02 9.809381e-11
3.004313e+01 2.346256e-02 2.548505e-10
3.004313e+01 3.503514e-02 5.869218e-10
3.004313e+01 5.263151e-02 1.411938e-09
3.004313e+01 7.314235e-02 2.742578e-09
3.004313e+01 1.025928e-01 4.610533e-09
3.004313e+01 1.448116e-01 7.247829e-09
3.004313e+01 2.02346e-01 1.134362e-08
3.004313e+01 2.834245e-01 1.802026e-08
3.004313e+01 3.967448e-01 2.789098e-08
3.004313e+01 5.552783e-01 4.164654e-08
3.004313e+01 7.774819e-01 5.790900e-08
3.004313e+01 1.088445e+00 7.255119e-08
3.004313e+01 1.523711e+00 8.044377e-08
3.004313e+01 2.088426e+00 7.576721e-08
3.004313e+01 2.685505e+00 5.464496e-08
3.066399e+01 1.570796e-02 8.480353e-11
3.066399e+01 2.346256e-02 2.192103e-10
3.066399e+01 3.503514e-02 5.053527e-10
3.066399e+01 5.263151e-02 1.218318e-09
3.066399e+01 7.314235e-02 2.36891e-09
3.066399e+01 1.025928e-01 3.983357e-09
3.066399e+01 1.448116e-01 6.268439e-09
3.066399e+01 2.02346e-01 9.838543e-09
3.066399e+01 2.834245e-01 1.569250e-08
3.066399e+01 3.967448e-01 2.433894e-08
3.066399e+01 5.552783e-01 3.643425e-08
3.066399e+01 7.774819e-01 5.094029e-08
3.066399e+01 1.088445e+00 6.467575e-08
3.066399e+01 1.523711e+00 7.370852e-08
3.066399e+01 2.088426e+00 7.276361e-08
3.066399e+01 2.685505e+00 5.69895e-08
3.129727e+01 1.570796e-02 7.127367e-11
3.129727e+01 2.346256e-02 1.837464e-10
3.129727e+01 3.503514e-02 4.237585e-10
3.129727e+01 5.263151e-02 1.023342e-09
3.129727e+01 7.314235e-02 1.992336e-09
3.129727e+01 1.025928e-01 3.351662e-09
3.129727e+01 1.448116e-01 5.281771e-09
3.129727e+01 2.02346e-01 8.316015e-09
3.129727e+01 2.834245e-01 1.331617e-08
3.129727e+01 3.967448e-01 2.069051e-08
3.129727e+01 5.552783e-01 3.105317e-08
3.129727e+01 7.774819e-01 4.365294e-08
3.129727e+01 1.088445e+00 5.615861e-08
3.129727e+01 1.523711e+00 6.582488e-08
3.129727e+01 2.088426e+00 6.830651e-08
3.129727e+01 2.685505e+00 5.828195e-08
3.194322e+01 1.570796e-02 5.776080e-11
3.194322e+01 2.346256e-02 1.485786e-10
3.194322e+01 3.503514e-02 3.427661e-10
3.194322e+01 5.263151e-02 8.293602e-10
3.194322e+01 7.314235e-02 1.61648e-09
3.194322e+01 1.025928e-01 2.721773e-09
3.194322e+01 1.448116e-01 4.295303e-09
3.194322e+01 2.02346e-01 6.784957e-09
3.194322e+01 2.834245e-01 1.090512e-08
3.194322e+01 3.967448e-01 1.696621e-08
3.194322e+01 5.552783e-01 2.55342e-08
3.194322e+01 7.774819e-01 3.608497e-08
3.194322e+01 1.088445e+00 4.703629e-08
3.194322e+01 1.523711e+00 5.671422e-08
3.194322e+01 2.088426e+00 6.203612e-08
3.194322e+01 2.685505e+00 5.765697e-08
3.260208e+01 1.570796e-02 4.440946e-11
3.260208e+01 2.346256e-02 1.138923e-10
3.260208e+01 3.503514e-02 2.63088e-10
3.260208e+01 5.263151e-02 6.373875e-10
3.260208e+01 7.314235e-02 1.244318e-09
3.260208e+01 1.025928e-01 2.096729e-09
3.260208e+01 1.448116e-01 3.31521e-09
3.260208e+01 2.02346e-01 5.253335e-09
3.260208e+01 2.834245e-01 8.473268e-09
3.260208e+01 3.967448e-01 1.319832e-08
3.260208e+01 5.552783e-01 1.990489e-08
3.260208e+01 7.774819e-01 2.827263e-08
3.260208e+01 1.088445e+00 3.734306e-08
3.260208e+01 1.523711e+00 4.633377e-08
3.260208e+01 2.088426e+00 5.356425e-08
3.260208e+01 2.685505e+00 5.425529e-08
3.327412e+01 1.570796e-02 3.121793e-11
3.327412e+01 2.346256e-02 7.979867e-11
3.327412e+01 3.503514e-02 1.846751e-10
3.327412e+01 5.263151e-02 4.480658e-10
3.327412e+01 7.314235e-02 8.761230e-10
3.327412e+01 1.025928e-01 1.4784e-09
3.327412e+01 1.448116e-01 2.341937e-09
3.327412e+01 2.02346e-01 3.723728e-09
3.327412e+01 2.834245e-01 6.027316e-09
3.327412e+01 3.967448e-01 9.399859e-09
3.327412e+01 5.552783e-01 1.420995e-08
3.327412e+01 7.774819e-01 2.027893e-08
3.327412e+01 1.088445e+00 2.713947e-08
3.327412e+01 1.523711e+00 3.465267e-08
3.327412e+01 2.088426e+00 4.239109e-08
3.327412e+01 2.685505e+00 4.669674e-08
3.395961e+01 1.570796e-02 1.889260e-11
3.395961e+01 2.346256e-02 4.847596e-11
3.395961e+01 3.503514e-02 1.121254e-10
3.395961e+01 5.263151e-02 2.723094e-10
3.395961e+01 7.314235e-02 5.328159e-10
3.395961e+01 1.025928e-01 8.992358e-10
3.395961e+01 1.448116e-01 1.425065e-09
3.395961e+01 2.02346e-01 2.263953e-09
3.395961e+01 2.834245e-01 3.657193e-09
3.395961e+01 3.967448e-01 5.67629e-09
3.395961e+01 5.552783e-01 8.552683e-09
3.395961e+01 7.774819e-01 1.220697e-08
3.395961e+01 1.088445e+00 1.647574e-08
3.395961e+01 1.523711e+00 2.159005e-08
3.395961e+01 2.088426e+00 2.782398e-08
3.395961e+01 2.685505e+00 3.290588e-08
3.46588e+01 1.570796e-02 5.995330e-12
3.46588e+01 2.346256e-02 1.527054e-11
3.46588e+01 3.503514e-02 3.507213e-11
3.46588e+01 5.263151e-02 8.533305e-11
3.46588e+01 7.314235e-02 1.680558e-10
3.46588e+01 1.025928e-01 2.820351e-10
3.46588e+01 1.448116e-01 4.513017e-10
3.46588e+01 2.02346e-01 7.223352e-10
3.46588e+01 2.834245e-01 1.181325e-09
3.46588e+01 3.967448e-01 1.842267e-09
3.46588e+01 5.552783e-01 2.792327e-09
3.46588e+01 7.774819e-01 4.010862e-09
3.46588e+01 1.088445e+00 5.48219e-09
3.46588e+01 1.523711e+00 7.351039e-09
3.46588e+01 2.088426e+00 9.956891e-09
3.46588e+01 2.685505e+00 1.265607e-08
3.537197e+01 1.570796e-02 0.e+00
3.537197e+01 2.346256e-02 0.e+00
3.537197e+01 3.503514e-02 0.e+00
3.537197e+01 5.263151e-02 0.e+00
3.537197e+01 7.314235e-02 0.e+00
3.537197e+01 1.025928e-01 0.e+00
3.537197e+01 1.448116e-01 0.e+00
3.537197e+01 2.02346e-01 0.e+00
3.537197e+01 2.834245e-01 0.e+00
3.537197e+01 3.967448e-01 0.e+00
3.537197e+01 5.552783e-01 0.e+00
3.537197e+01 7.774819e-01 0.e+00
3.537197e+01 1.088445e+00 0.e+00
3.537197e+01 1.523711e+00 0.e+00
3.537197e+01 2.088426e+00 0.e+00
3.537197e+01 2.685505e+00 0.e+00
