5.e+00 1.570796e-02 0.e+00
5.e+00 2.346256e-02 0.e+00
5.e+00 3.503514e-02 0.e+00
5.e+00 5.263151e-02 0.e+00
5.e+00 7.314235e-02 0.e+00
5.e+00 1.025928e-01 0.e+00
5.e+00 1.448116e-01 0.e+00
5.e+00 2.023460e-01 0.e+00
5.e+00 2.834245e-01 0.e+00
5.e+00 3.967448e-01 0.e+00
5.e+00 5.552783e-01 0.e+00
5.e+00 7.774819e-01 0.e+00
5.e+00 1.088445e+00 0.e+00
5.e+00 1.523711e+00 0.e+00
5.e+00 2.088426e+00 0.e+00
5.e+00 2.685505e+00 0.e+00
5.12e+00 1.570796e-02 0.e+00
5.12e+00 2.346256e-02 0.e+00
5.12e+00 3.503514e-02 0.e+00
5.12e+00 5.263151e-02 0.e+00
5.12e+00 7.314235e-02 0.e+00
5.12e+00 1.025928e-01 0.e+00
5.12e+00 1.448116e-01 0.e+00
5.12e+00 2.023460e-01 0.e+00
5.12e+00 2.834245e-01 0.e+00
5.12e+00 3.967448e-01 0.e+00
5.12e+00 5.552783e-01 0.e+00
5.12e+00 7.774819e-01 0.e+00
5.12e+00 1.088445e+00 0.e+00
5.12e+00 1.523711e+00 0.e+00
5.12e+00 2.088426e+00 0.e+00
5.12e+00 2.685505e+00 0.e+00
5.2424e+00 1.570796e-02 0.e+00
5.2424e+00 2.346256e-02 0.e+00
5.2424e+00 3.503514e-02 0.e+00
5.2424e+00 5.263151e-02 0.e+00
5.2424e+00 7.314235e-02 0.e+00
5.2424e+00 1.025928e-01 0.e+00
5.2424e+00 1.448116e-01 0.e+00
5.2424e+00 2.023460e-01 0.e+00
5.2424e+00 2.834245e-01 0.e+00
5.2424e+00 3.967448e-01 0.e+00
5.2424e+00 5.552783e-01 0.e+00
5.2424e+00 7.774819e-01 0.e+00
5.2424e+00 1.088445e+00 0.e+00
5.2424e+00 1.523711e+00 0.e+00
5.2424e+00 2.088426e+00 0.e+00
5.2424e+00 2.685505e+00 0.e+00
5.367248e+00 1.570796e-02 -2.072212e-05
5.367248e+00 2.346256e-02 -9.810901e-05
5.367248e+00 3.503514e-02 -2.82721e-05
5.367248e+00 5.263151e-02 -1.033198e-04
5.367248e+00 7.314235e-02 -6.406576e-05
5.367248e+00 1.025928e-01 -8.120354e-05
5.367248e+00 1.448116e-01 -4.283452e-05
5.367248e+00 2.023460e-01 -7.414608e-05
5.367248e+00 2.834245e-01 -6.087022e-05
5.367248e+00 3.967448e-01 -6.724462e-05
5.367248e+00 5.552783e-01 -6.643731e-05
5.367248e+00 7.774819e-01 -4.453139e-05
5.367248e+00 1.088445e+00 -4.043948e-05
5.367248e+00 1.523711e+00 -4.280564e-05
5.367248e+00 2.088426e+00 -4.494112e-05
5.367248e+00 2.685505e+00 -4.675224e-05
5.494593e+00 1.570796e-02 -1.49987e-04
5.494593e+00 2.346256e-02 -7.36052e-04
5.494593e+00 3.503514e-02 -4.510701e-04
5.494593e+00 5.263151e-02 -8.772569e-04
5.494593e+00 7.314235e-02 -1.259399e-03
5.494593e+00 1.025928e-01 -1.420815e-03
5.494593e+00 1.448116e-01 -1.277659e-03
5.494593e+00 2.023460e-01 -1.185743e-03
5.494593e+00 2.834245e-01 -1.135769e-03
5.494593e+00 3.967448e-01 -1.076052e-03
5.494593e+00 5.552783e-01 -9.458680e-04
5.494593e+00 7.774819e-01 -7.741027e-04
5.494593e+00 1.088445e+00 -7.154298e-04
5.494593e+00 1.523711e+00 -6.957024e-04
5.494593e+00 2.088426e+00 -7.397995e-04
5.494593e+00 2.685505e+00 -7.766109e-04
5.624485e+00 1.570796e-02 -1.652741e-04
5.624485e+00 2.346256e-02 -1.224407e-03
5.624485e+00 3.503514e-02 -8.180342e-04
5.624485e+00 5.263151e-02 -2.06168e-03
5.624485e+00 7.314235e-02 -3.113103e-03
5.624485e+00 1.025928e-01 -3.151868e-03
5.624485e+00 1.448116e-01 -3.197601e-03
5.624485e+00 2.023460e-01 -3.110506e-03
5.624485e+00 2.834245e-01 -3.098756e-03
5.624485e+00 3.967448e-01 -2.776938e-03
5.624485e+00 5.552783e-01 -2.477875e-03
5.624485e+00 7.774819e-01 -2.132245e-03
5.624485e+00 1.088445e+00 -1.881483e-03
5.624485e+00 1.523711e+00 -1.776623e-03
5.624485e+00 2.088426e+00 -1.876612e-03
5.624485e+00 2.685505e+00 -1.91727e-03
5.756975e+00 1.570796e-02 -1.797276e-04
5.756975e+00 2.346256e-02 -1.722234e-03
5.756975e+00 3.503514e-02 -1.218295e-03
5.756975e+00 5.263151e-02 -3.580146e-03
5.756975e+00 7.314235e-02 -6.052263e-03
5.756975e+00 1.025928e-01 -6.319142e-03
5.756975e+00 1.448116e-01 -6.564408e-03
5.756975e+00 2.023460e-01 -6.569641e-03
5.756975e+00 2.834245e-01 -6.462816e-03
5.756975e+00 3.967448e-01 -5.780070e-03
5.756975e+00 5.552783e-01 -5.101942e-03
5.756975e+00 7.774819e-01 -4.438137e-03
5.756975e+00 1.088445e+00 -3.917455e-03
5.756975e+00 1.523711e+00 -3.656915e-03
5.756975e+00 2.088426e+00 -3.818345e-03
5.756975e+00 2.685505e+00 -3.917658e-03
5.892114e+00 1.570796e-02 -2.040583e-04
5.892114e+00 2.346256e-02 -2.036044e-03
5.892114e+00 3.503514e-02 -1.522679e-03
5.892114e+00 5.263151e-02 -4.934925e-03
5.892114e+00 7.314235e-02 -9.033326e-03
5.892114e+00 1.025928e-01 -9.868281e-03
5.892114e+00 1.448116e-01 -1.110954e-02
5.892114e+00 2.023460e-01 -1.113821e-02
5.892114e+00 2.834245e-01 -1.083225e-02
5.892114e+00 3.967448e-01 -9.858084e-03
5.892114e+00 5.552783e-01 -8.74221e-03
5.892114e+00 7.774819e-01 -7.693924e-03
5.892114e+00 1.088445e+00 -6.719187e-03
5.892114e+00 1.523711e+00 -6.134444e-03
5.892114e+00 2.088426e+00 -6.378015e-03
5.892114e+00 2.685505e+00 -6.415587e-03
6.029956e+00 1.570796e-02 -2.413201e-04
6.029956e+00 2.346256e-02 -2.008095e-03
6.029956e+00 3.503514e-02 -1.803650e-03
6.029956e+00 5.263151e-02 -5.933774e-03
6.029956e+00 7.314235e-02 -1.156168e-02
6.029956e+00 1.025928e-01 -1.308795e-02
6.029956e+00 1.448116e-01 -1.508133e-02
6.029956e+00 2.023460e-01 -1.593777e-02
6.029956e+00 2.834245e-01 -1.540327e-02
6.029956e+00 3.967448e-01 -1.433132e-02
6.029956e+00 5.552783e-01 -1.294629e-02
6.029956e+00 7.774819e-01 -1.130653e-02
6.029956e+00 1.088445e+00 -9.811512e-03
6.029956e+00 1.523711e+00 -8.858855e-03
6.029956e+00 2.088426e+00 -9.098338e-03
6.029956e+00 2.685505e+00 -9.169541e-03
6.170555e+00 1.570796e-02 -2.485837e-04
6.170555e+00 2.346256e-02 -1.903021e-03
6.170555e+00 3.503514e-02 -1.929601e-03
6.170555e+00 5.263151e-02 -6.416028e-03
6.170555e+00 7.314235e-02 -1.342456e-02
6.170555e+00 1.025928e-01 -1.582369e-02
6.170555e+00 1.448116e-01 -1.840183e-02
6.170555e+00 2.023460e-01 -2.030852e-02
6.170555e+00 2.834245e-01 -1.994113e-02
6.170555e+00 3.967448e-01 -1.895689e-02
6.170555e+00 5.552783e-01 -1.726119e-02
6.170555e+00 7.774819e-01 -1.513014e-02
6.170555e+00 1.088445e+00 -1.298229e-02
6.170555e+00 1.523711e+00 -1.165088e-02
6.170555e+00 2.088426e+00 -1.185913e-02
6.170555e+00 2.685505e+00 -1.187671e-02
6.313967e+00 1.570796e-02 -2.49767e-04
6.313967e+00 2.346256e-02 -1.827561e-03
6.313967e+00 3.503514e-02 -2.016392e-03
6.313967e+00 5.263151e-02 -6.434879e-03
6.313967e+00 7.314235e-02 -1.445663e-02
6.313967e+00 1.025928e-01 -1.758558e-02
6.313967e+00 1.448116e-01 -2.099730e-02
6.313967e+00 2.023460e-01 -2.413199e-02
6.313967e+00 2.834245e-01 -2.417689e-02
6.313967e+00 3.967448e-01 -2.338181e-02
6.313967e+00 5.552783e-01 -2.134953e-02
6.313967e+00 7.774819e-01 -1.891402e-02
6.313967e+00 1.088445e+00 -1.618147e-02
6.313967e+00 1.523711e+00 -1.436765e-02
6.313967e+00 2.088426e+00 -1.454573e-02
6.313967e+00 2.685505e+00 -1.445588e-02
6.460246e+00 1.570796e-02 -2.450749e-04
6.460246e+00 2.346256e-02 -1.712031e-03
6.460246e+00 3.503514e-02 -1.969698e-03
6.460246e+00 5.263151e-02 -6.201741e-03
6.460246e+00 7.314235e-02 -1.470536e-02
6.460246e+00 1.025928e-01 -1.861379e-02
6.460246e+00 1.448116e-01 -2.301623e-02
6.460246e+00 2.023460e-01 -2.710955e-02
6.460246e+00 2.834245e-01 -2.789214e-02
6.460246e+00 3.967448e-01 -2.732583e-02
6.460246e+00 5.552783e-01 -2.53594e-02
6.460246e+00 7.774819e-01 -2.256464e-02
6.460246e+00 1.088445e+00 -1.92598e-02
6.460246e+00 1.523711e+00 -1.707948e-02
6.460246e+00 2.088426e+00 -1.716235e-02
6.460246e+00 2.685505e+00 -1.683031e-02
6.609451e+00 1.570796e-02 -2.356098e-04
6.609451e+00 2.346256e-02 -1.598134e-03
6.609451e+00 3.503514e-02 -1.835262e-03
6.609451e+00 5.263151e-02 -5.876951e-03
6.609451e+00 7.314235e-02 -1.424204e-02
6.609451e+00 1.025928e-01 -1.887534e-02
6.609451e+00 1.448116e-01 -2.420289e-02
6.609451e+00 2.023460e-01 -2.929212e-02
6.609451e+00 2.834245e-01 -3.079693e-02
6.609451e+00 3.967448e-01 -3.082096e-02
6.609451e+00 5.552783e-01 -2.888359e-02
6.609451e+00 7.774819e-01 -2.59217e-02
6.609451e+00 1.088445e+00 -2.212759e-02
6.609451e+00 1.523711e+00 -1.958979e-02
6.609451e+00 2.088426e+00 -1.949076e-02
6.609451e+00 2.685505e+00 -1.890098e-02
6.76164e+00 1.570796e-02 -2.180703e-04
6.76164e+00 2.346256e-02 -1.508892e-03
6.76164e+00 3.503514e-02 -1.73188e-03
6.76164e+00 5.263151e-02 -5.506178e-03
6.76164e+00 7.314235e-02 -1.353766e-02
6.76164e+00 1.025928e-01 -1.854981e-02
6.76164e+00 1.448116e-01 -2.457130e-02
6.76164e+00 2.023460e-01 -3.073928e-02
6.76164e+00 2.834245e-01 -3.304630e-02
6.76164e+00 3.967448e-01 -3.375269e-02
6.76164e+00 5.552783e-01 -3.209171e-02
6.76164e+00 7.774819e-01 -2.892888e-02
6.76164e+00 1.088445e+00 -2.480532e-02
6.76164e+00 1.523711e+00 -2.18959e-02
6.76164e+00 2.088426e+00 -2.159085e-02
6.76164e+00 2.685505e+00 -2.085083e-02
6.916873e+00 1.570796e-02 -2.013076e-04
6.916873e+00 2.346256e-02 -1.423737e-03
6.916873e+00 3.503514e-02 -1.625771e-03
6.916873e+00 5.263151e-02 -5.138797e-03
6.916873e+00 7.314235e-02 -1.270204e-02
6.916873e+00 1.025928e-01 -1.781216e-02
6.916873e+00 1.448116e-01 -2.439097e-02
6.916873e+00 2.023460e-01 -3.154272e-02
6.916873e+00 2.834245e-01 -3.470576e-02
6.916873e+00 3.967448e-01 -3.605716e-02
6.916873e+00 5.552783e-01 -3.480194e-02
6.916873e+00 7.774819e-01 -3.166082e-02
6.916873e+00 1.088445e+00 -2.720579e-02
6.916873e+00 1.523711e+00 -2.400742e-02
6.916873e+00 2.088426e+00 -2.353082e-02
6.916873e+00 2.685505e+00 -2.244189e-02
7.075210e+00 1.570796e-02 -1.895736e-04
7.075210e+00 2.346256e-02 -1.325166e-03
7.075210e+00 3.503514e-02 -1.52132e-03
7.075210e+00 5.263151e-02 -4.808517e-03
7.075210e+00 7.314235e-02 -1.187317e-02
7.075210e+00 1.025928e-01 -1.689833e-02
7.075210e+00 1.448116e-01 -2.370847e-02
7.075210e+00 2.023460e-01 -3.157015e-02
7.075210e+00 2.834245e-01 -3.560898e-02
7.075210e+00 3.967448e-01 -3.772374e-02
7.075210e+00 5.552783e-01 -3.694046e-02
7.075210e+00 7.774819e-01 -3.393216e-02
7.075210e+00 1.088445e+00 -2.930954e-02
7.075210e+00 1.523711e+00 -2.582949e-02
7.075210e+00 2.088426e+00 -2.520938e-02
7.075210e+00 2.685505e+00 -2.377522e-02
7.236714e+00 1.570796e-02 -1.800924e-04
7.236714e+00 2.346256e-02 -1.228041e-03
7.236714e+00 3.503514e-02 -1.417078e-03
7.236714e+00 5.263151e-02 -4.485678e-03
7.236714e+00 7.314235e-02 -1.104423e-02
7.236714e+00 1.025928e-01 -1.588608e-02
7.236714e+00 1.448116e-01 -2.27475e-02
7.236714e+00 2.023460e-01 -3.106908e-02
7.236714e+00 2.834245e-01 -3.596750e-02
7.236714e+00 3.967448e-01 -3.888612e-02
7.236714e+00 5.552783e-01 -3.856959e-02
7.236714e+00 7.774819e-01 -3.582565e-02
7.236714e+00 1.088445e+00 -3.110983e-02
7.236714e+00 1.523711e+00 -2.749974e-02
7.236714e+00 2.088426e+00 -2.672455e-02
7.236714e+00 2.685505e+00 -2.494993e-02
7.401449e+00 1.570796e-02 -1.681756e-04
7.401449e+00 2.346256e-02 -1.128392e-03
7.401449e+00 3.503514e-02 -1.317668e-03
7.401449e+00 5.263151e-02 -4.168534e-03
7.401449e+00 7.314235e-02 -1.020407e-02
7.401449e+00 1.025928e-01 -1.483538e-02
7.401449e+00 1.448116e-01 -2.160946e-02
7.401449e+00 2.023460e-01 -3.014280e-02
7.401449e+00 2.834245e-01 -3.580748e-02
7.401449e+00 3.967448e-01 -3.94953e-02
7.401449e+00 5.552783e-01 -3.976589e-02
7.401449e+00 7.774819e-01 -3.729838e-02
7.401449e+00 1.088445e+00 -3.264227e-02
7.401449e+00 1.523711e+00 -2.893483e-02
7.401449e+00 2.088426e+00 -2.801598e-02
7.401449e+00 2.685505e+00 -2.587507e-02
7.569477e+00 1.570796e-02 -1.543848e-04
7.569477e+00 2.346256e-02 -1.042657e-03
7.569477e+00 3.503514e-02 -1.224534e-03
7.569477e+00 5.263151e-02 -3.868699e-03
7.569477e+00 7.314235e-02 -9.428741e-03
7.569477e+00 1.025928e-01 -1.380537e-02
7.569477e+00 1.448116e-01 -2.035336e-02
7.569477e+00 2.023460e-01 -2.891754e-02
7.569477e+00 2.834245e-01 -3.514428e-02
7.569477e+00 3.967448e-01 -3.955651e-02
7.569477e+00 5.552783e-01 -4.052371e-02
7.569477e+00 7.774819e-01 -3.843258e-02
7.569477e+00 1.088445e+00 -3.384456e-02
7.569477e+00 1.523711e+00 -3.010062e-02
7.569477e+00 2.088426e+00 -2.914026e-02
7.569477e+00 2.685505e+00 -2.671305e-02
7.740867e+00 1.570796e-02 -1.417535e-04
7.740867e+00 2.346256e-02 -9.676439e-04
7.740867e+00 3.503514e-02 -1.138912e-03
7.740867e+00 5.263151e-02 -3.585833e-03
7.740867e+00 7.314235e-02 -8.699848e-03
7.740867e+00 1.025928e-01 -1.281216e-02
7.740867e+00 1.448116e-01 -1.904050e-02
7.740867e+00 2.023460e-01 -2.746975e-02
7.740867e+00 2.834245e-01 -3.413145e-02
7.740867e+00 3.967448e-01 -3.913574e-02
7.740867e+00 5.552783e-01 -4.082475e-02
7.740867e+00 7.774819e-01 -3.912345e-02
7.740867e+00 1.088445e+00 -3.475435e-02
7.740867e+00 1.523711e+00 -3.111524e-02
7.740867e+00 2.088426e+00 -3.005526e-02
7.740867e+00 2.685505e+00 -2.736703e-02
7.915684e+00 1.570796e-02 -1.305504e-04
7.915684e+00 2.346256e-02 -8.981026e-04
7.915684e+00 3.503514e-02 -1.057040e-03
7.915684e+00 5.263151e-02 -3.311350e-03
7.915684e+00 7.314235e-02 -8.028136e-03
7.915684e+00 1.025928e-01 -1.18601e-02
7.915684e+00 1.448116e-01 -1.774029e-02
7.915684e+00 2.023460e-01 -2.593265e-02
7.915684e+00 2.834245e-01 -3.283757e-02
7.915684e+00 3.967448e-01 -3.833741e-02
7.915684e+00 5.552783e-01 -4.068678e-02
7.915684e+00 7.774819e-01 -3.943966e-02
7.915684e+00 1.088445e+00 -3.539884e-02
7.915684e+00 1.523711e+00 -3.190858e-02
7.915684e+00 2.088426e+00 -3.079619e-02
7.915684e+00 2.685505e+00 -2.788402e-02
8.093998e+00 1.570796e-02 -1.215302e-04
8.093998e+00 2.346256e-02 -8.330429e-04
8.093998e+00 3.503514e-02 -9.811818e-04
8.093998e+00 5.263151e-02 -3.059852e-03
8.093998e+00 7.314235e-02 -7.394580e-03
8.093998e+00 1.025928e-01 -1.098274e-02
8.093998e+00 1.448116e-01 -1.648932e-02
8.093998e+00 2.023460e-01 -2.434822e-02
8.093998e+00 2.834245e-01 -3.133257e-02
8.093998e+00 3.967448e-01 -3.720945e-02
8.093998e+00 5.552783e-01 -4.01047e-02
8.093998e+00 7.774819e-01 -3.941903e-02
8.093998e+00 1.088445e+00 -3.574069e-02
8.093998e+00 1.523711e+00 -3.245133e-02
8.093998e+00 2.088426e+00 -3.134992e-02
8.093998e+00 2.685505e+00 -2.812241e-02
8.275878e+00 1.570796e-02 -1.122478e-04
8.275878e+00 2.346256e-02 -7.727644e-04
8.275878e+00 3.503514e-02 -9.099712e-04
8.275878e+00 5.263151e-02 -2.820154e-03
8.275878e+00 7.314235e-02 -6.819664e-03
8.275878e+00 1.025928e-01 -1.014578e-02
8.275878e+00 1.448116e-01 -1.52922e-02
8.275878e+00 2.023460e-01 -2.275490e-02
8.275878e+00 2.834245e-01 -2.967590e-02
8.275878e+00 3.967448e-01 -3.581408e-02
8.275878e+00 5.552783e-01 -3.923405e-02
8.275878e+00 7.774819e-01 -3.904773e-02
8.275878e+00 1.088445e+00 -3.584736e-02
8.275878e+00 1.523711e+00 -3.280748e-02
8.275878e+00 2.088426e+00 -3.177562e-02
8.275878e+00 2.685505e+00 -2.830533e-02
8.461396e+00 1.570796e-02 -1.034210e-04
8.461396e+00 2.346256e-02 -7.148237e-04
8.461396e+00 3.503514e-02 -8.405402e-04
8.461396e+00 5.263151e-02 -2.598101e-03
8.461396e+00 7.314235e-02 -6.289314e-03
8.461396e+00 1.025928e-01 -9.359211e-03
8.461396e+00 1.448116e-01 -1.413813e-02
8.461396e+00 2.023460e-01 -2.119183e-02
8.461396e+00 2.834245e-01 -2.792936e-02
8.461396e+00 3.967448e-01 -3.424568e-02
8.461396e+00 5.552783e-01 -3.811032e-02
8.461396e+00 7.774819e-01 -3.840709e-02
8.461396e+00 1.088445e+00 -3.568157e-02
8.461396e+00 1.523711e+00 -3.297655e-02
8.461396e+00 2.088426e+00 -3.198816e-02
8.461396e+00 2.685505e+00 -2.833373e-02
8.650623e+00 1.570796e-02 -9.553125e-05
8.650623e+00 2.346256e-02 -6.613759e-04
8.650623e+00 3.503514e-02 -7.757605e-04
8.650623e+00 5.263151e-02 -2.39128e-03
8.650623e+00 7.314235e-02 -5.791022e-03
8.650623e+00 1.025928e-01 -8.618535e-03
8.650623e+00 1.448116e-01 -1.303711e-02
8.650623e+00 2.023460e-01 -1.96559e-02
8.650623e+00 2.834245e-01 -2.617052e-02
8.650623e+00 3.967448e-01 -3.255389e-02
8.650623e+00 5.552783e-01 -3.672689e-02
8.650623e+00 7.774819e-01 -3.749702e-02
8.650623e+00 1.088445e+00 -3.530380e-02
8.650623e+00 1.523711e+00 -3.296798e-02
8.650623e+00 2.088426e+00 -3.206096e-02
8.650623e+00 2.685505e+00 -2.817899e-02
8.843636e+00 1.570796e-02 -8.787067e-05
8.843636e+00 2.346256e-02 -6.091421e-04
8.843636e+00 3.503514e-02 -7.125654e-04
8.843636e+00 5.263151e-02 -2.196055e-03
8.843636e+00 7.314235e-02 -5.329762e-03
8.843636e+00 1.025928e-01 -7.935748e-03
8.843636e+00 1.448116e-01 -1.199766e-02
8.843636e+00 2.023460e-01 -1.818899e-02
8.843636e+00 2.834245e-01 -2.441408e-02
8.843636e+00 3.967448e-01 -3.075538e-02
8.843636e+00 5.552783e-01 -3.518619e-02
8.843636e+00 7.774819e-01 -3.639495e-02
8.843636e+00 1.088445e+00 -3.473748e-02
8.843636e+00 1.523711e+00 -3.273915e-02
8.843636e+00 2.088426e+00 -3.196258e-02
8.843636e+00 2.685505e+00 -2.795476e-02
9.040509e+00 1.570796e-02 -8.078119e-05
9.040509e+00 2.346256e-02 -5.606208e-04
9.040509e+00 3.503514e-02 -6.518362e-04
9.040509e+00 5.263151e-02 -2.014185e-03
9.040509e+00 7.314235e-02 -4.888060e-03
9.040509e+00 1.025928e-01 -7.294351e-03
9.040509e+00 1.448116e-01 -1.103111e-02
9.040509e+00 2.023460e-01 -1.677934e-02
9.040509e+00 2.834245e-01 -2.269283e-02
9.040509e+00 3.967448e-01 -2.891050e-02
9.040509e+00 5.552783e-01 -3.350916e-02
9.040509e+00 7.774819e-01 -3.512388e-02
9.040509e+00 1.088445e+00 -3.397279e-02
9.040509e+00 1.523711e+00 -3.239371e-02
9.040509e+00 2.088426e+00 -3.174095e-02
9.040509e+00 2.685505e+00 -2.763788e-02
9.241319e+00 1.570796e-02 -7.462842e-05
9.241319e+00 2.346256e-02 -5.144382e-04
9.241319e+00 3.503514e-02 -5.986948e-04
9.241319e+00 5.263151e-02 -1.84216e-03
9.241319e+00 7.314235e-02 -4.479285e-03
9.241319e+00 1.025928e-01 -6.692328e-03
9.241319e+00 1.448116e-01 -1.013621e-02
9.241319e+00 2.023460e-01 -1.546228e-02
9.241319e+00 2.834245e-01 -2.103515e-02
9.241319e+00 3.967448e-01 -2.704912e-02
9.241319e+00 5.552783e-01 -3.172594e-02
9.241319e+00 7.774819e-01 -3.367585e-02
9.241319e+00 1.088445e+00 -3.300841e-02
9.241319e+00 1.523711e+00 -3.183569e-02
9.241319e+00 2.088426e+00 -3.137140e-02
9.241319e+00 2.685505e+00 -2.721411e-02
9.446145e+00 1.570796e-02 -6.896171e-05
9.446145e+00 2.346256e-02 -4.721565e-04
9.446145e+00 3.503514e-02 -5.487090e-04
9.446145e+00 5.263151e-02 -1.689096e-03
9.446145e+00 7.314235e-02 -4.100883e-03
9.446145e+00 1.025928e-01 -6.137009e-03
9.446145e+00 1.448116e-01 -9.302098e-03
9.446145e+00 2.023460e-01 -1.421409e-02
9.446145e+00 2.834245e-01 -1.943632e-02
9.446145e+00 3.967448e-01 -2.518776e-02
9.446145e+00 5.552783e-01 -2.986964e-02
9.446145e+00 7.774819e-01 -3.213323e-02
9.446145e+00 1.088445e+00 -3.190228e-02
9.446145e+00 1.523711e+00 -3.115036e-02
9.446145e+00 2.088426e+00 -3.083556e-02
9.446145e+00 2.685505e+00 -2.659664e-02
9.655068e+00 1.570796e-02 -6.327912e-05
9.655068e+00 2.346256e-02 -4.316468e-04
9.655068e+00 3.503514e-02 -5.013258e-04
9.655068e+00 5.263151e-02 -1.546404e-03
9.655068e+00 7.314235e-02 -3.754286e-03
9.655068e+00 1.025928e-01 -5.617727e-03
9.655068e+00 1.448116e-01 -8.521564e-03
9.655068e+00 2.023460e-01 -1.303978e-02
9.655068e+00 2.834245e-01 -1.790882e-02
9.655068e+00 3.967448e-01 -2.336371e-02
9.655068e+00 5.552783e-01 -2.798824e-02
9.655068e+00 7.774819e-01 -3.047594e-02
9.655068e+00 1.088445e+00 -3.065816e-02
9.655068e+00 1.523711e+00 -3.033618e-02
9.655068e+00 2.088426e+00 -3.021276e-02
9.655068e+00 2.685505e+00 -2.596088e-02
9.86817e+00 1.570796e-02 -5.827935e-05
9.86817e+00 2.346256e-02 -3.950462e-04
9.86817e+00 3.503514e-02 -4.58754e-04
9.86817e+00 5.263151e-02 -1.413187e-03
9.86817e+00 7.314235e-02 -3.430088e-03
9.86817e+00 1.025928e-01 -5.138477e-03
9.86817e+00 1.448116e-01 -7.797184e-03
9.86817e+00 2.023460e-01 -1.193117e-02
9.86817e+00 2.834245e-01 -1.644856e-02
9.86817e+00 3.967448e-01 -2.157573e-02
9.86817e+00 5.552783e-01 -2.610038e-02
9.86817e+00 7.774819e-01 -2.877009e-02
9.86817e+00 1.088445e+00 -2.933976e-02
9.86817e+00 1.523711e+00 -2.938398e-02
9.86817e+00 2.088426e+00 -2.942438e-02
9.86817e+00 2.685505e+00 -2.521355e-02
1.008553e+01 1.570796e-02 -5.334567e-05
1.008553e+01 2.346256e-02 -3.605315e-04
1.008553e+01 3.503514e-02 -4.188158e-04
1.008553e+01 5.263151e-02 -1.287763e-03
1.008553e+01 7.314235e-02 -3.128566e-03
1.008553e+01 1.025928e-01 -4.679886e-03
1.008553e+01 1.448116e-01 -7.115994e-03
1.008553e+01 2.023460e-01 -1.089768e-02
1.008553e+01 2.834245e-01 -1.50623e-02
1.008553e+01 3.967448e-01 -1.988158e-02
1.008553e+01 5.552783e-01 -2.424002e-02
1.008553e+01 7.774819e-01 -2.703194e-02
1.008553e+01 1.088445e+00 -2.794534e-02
1.008553e+01 1.523711e+00 -2.833334e-02
1.008553e+01 2.088426e+00 -2.851069e-02
1.008553e+01 2.685505e+00 -2.436492e-02
1.030724e+01 1.570796e-02 -4.901133e-05
1.030724e+01 2.346256e-02 -3.292237e-04
1.030724e+01 3.503514e-02 -3.822374e-04
1.030724e+01 5.263151e-02 -1.173129e-03
1.030724e+01 7.314235e-02 -2.853161e-03
1.030724e+01 1.025928e-01 -4.263093e-03
1.030724e+01 1.448116e-01 -6.482369e-03
1.030724e+01 2.023460e-01 -9.942862e-03
1.030724e+01 2.834245e-01 -1.376557e-02
1.030724e+01 3.967448e-01 -1.824649e-02
1.030724e+01 5.552783e-01 -2.240642e-02
1.030724e+01 7.774819e-01 -2.528673e-02
1.030724e+01 1.088445e+00 -2.649449e-02
1.030724e+01 1.523711e+00 -2.719315e-02
1.030724e+01 2.088426e+00 -2.754152e-02
1.030724e+01 2.685505e+00 -2.344955e-02
1.053339e+01 1.570796e-02 -4.468990e-05
1.053339e+01 2.346256e-02 -3.005900e-04
1.053339e+01 3.503514e-02 -3.461241e-04
1.053339e+01 5.263151e-02 -1.066327e-03
1.053339e+01 7.314235e-02 -2.596202e-03
1.053339e+01 1.025928e-01 -3.875908e-03
1.053339e+01 1.448116e-01 -5.895972e-03
1.053339e+01 2.023460e-01 -9.046875e-03
1.053339e+01 2.834245e-01 -1.255102e-02
1.053339e+01 3.967448e-01 -1.668867e-02
1.053339e+01 5.552783e-01 -2.063421e-02
1.053339e+01 7.774819e-01 -2.354574e-02
1.053339e+01 1.088445e+00 -2.498487e-02
1.053339e+01 1.523711e+00 -2.601494e-02
1.053339e+01 2.088426e+00 -2.649834e-02
1.053339e+01 2.685505e+00 -2.252366e-02
1.076406e+01 1.570796e-02 -4.084102e-05
1.076406e+01 2.346256e-02 -2.733682e-04
1.076406e+01 3.503514e-02 -3.132260e-04
1.076406e+01 5.263151e-02 -9.668871e-04
1.076406e+01 7.314235e-02 -2.352064e-03
1.076406e+01 1.025928e-01 -3.513088e-03
1.076406e+01 1.448116e-01 -5.348494e-03
1.076406e+01 2.023460e-01 -8.210797e-03
1.076406e+01 2.834245e-01 -1.139996e-02
1.076406e+01 3.967448e-01 -1.521476e-02
1.076406e+01 5.552783e-01 -1.893187e-02
1.076406e+01 7.774819e-01 -2.182949e-02
1.076406e+01 1.088445e+00 -2.345890e-02
1.076406e+01 1.523711e+00 -2.473223e-02
1.076406e+01 2.088426e+00 -2.536317e-02
1.076406e+01 2.685505e+00 -2.154311e-02
1.099934e+01 1.570796e-02 -3.688712e-05
1.099934e+01 2.346256e-02 -2.488713e-04
1.099934e+01 3.503514e-02 -2.818621e-04
1.099934e+01 5.263151e-02 -8.751722e-04
1.099934e+01 7.314235e-02 -2.124722e-03
1.099934e+01 1.025928e-01 -3.173726e-03
1.099934e+01 1.448116e-01 -4.841566e-03
1.099934e+01 2.023460e-01 -7.426590e-03
1.099934e+01 2.834245e-01 -1.031386e-02
1.099934e+01 3.967448e-01 -1.381537e-02
1.099934e+01 5.552783e-01 -1.728776e-02
1.099934e+01 7.774819e-01 -2.013901e-02
1.099934e+01 1.088445e+00 -2.193455e-02
1.099934e+01 1.523711e+00 -2.339469e-02
1.099934e+01 2.088426e+00 -2.413438e-02
1.099934e+01 2.685505e+00 -2.051506e-02
1.123932e+01 1.570796e-02 -3.324591e-05
1.123932e+01 2.346256e-02 -2.241286e-04
1.123932e+01 3.503514e-02 -2.549963e-04
1.123932e+01 5.263151e-02 -7.888531e-04
1.123932e+01 7.314235e-02 -1.91653e-03
1.123932e+01 1.025928e-01 -2.863026e-03
1.123932e+01 1.448116e-01 -4.370234e-03
1.123932e+01 2.023460e-01 -6.693897e-03
1.123932e+01 2.834245e-01 -9.313246e-03
1.123932e+01 3.967448e-01 -1.251047e-02
1.123932e+01 5.552783e-01 -1.572407e-02
1.123932e+01 7.774819e-01 -1.848664e-02
1.123932e+01 1.088445e+00 -2.038978e-02
1.123932e+01 1.523711e+00 -2.202551e-02
1.123932e+01 2.088426e+00 -2.285557e-02
1.123932e+01 2.685505e+00 -1.945964e-02
1.148411e+01 1.570796e-02 -2.979386e-05
1.148411e+01 2.346256e-02 -2.010388e-04
1.148411e+01 3.503514e-02 -2.283129e-04
1.148411e+01 5.263151e-02 -7.09013e-04
1.148411e+01 7.314235e-02 -1.727443e-03
1.148411e+01 1.025928e-01 -2.573095e-03
1.148411e+01 1.448116e-01 -3.935675e-03
1.148411e+01 2.023460e-01 -6.021149e-03
1.148411e+01 2.834245e-01 -8.38378e-03
1.148411e+01 3.967448e-01 -1.128889e-02
1.148411e+01 5.552783e-01 -1.425087e-02
1.148411e+01 7.774819e-01 -1.691448e-02
1.148411e+01 1.088445e+00 -1.887512e-02
1.148411e+01 1.523711e+00 -2.062195e-02
1.148411e+01 2.088426e+00 -2.153189e-02
1.148411e+01 2.685505e+00 -1.839677e-02
1.173379e+01 1.570796e-02 -2.665491e-05
1.173379e+01 2.346256e-02 -1.800054e-04
1.173379e+01 3.503514e-02 -2.043692e-04
1.173379e+01 5.263151e-02 -6.360290e-04
1.173379e+01 7.314235e-02 -1.551517e-03
1.173379e+01 1.025928e-01 -2.304887e-03
1.173379e+01 1.448116e-01 -3.534718e-03
1.173379e+01 2.023460e-01 -5.405660e-03
1.173379e+01 2.834245e-01 -7.52375e-03
1.173379e+01 3.967448e-01 -1.015387e-02
1.173379e+01 5.552783e-01 -1.286014e-02
1.173379e+01 7.774819e-01 -1.540777e-02
1.173379e+01 1.088445e+00 -1.738292e-02
1.173379e+01 1.523711e+00 -1.922683e-02
1.173379e+01 2.088426e+00 -2.022480e-02
1.173379e+01 2.685505e+00 -1.735629e-02
1.198847e+01 1.570796e-02 -2.406747e-05
1.198847e+01 2.346256e-02 -1.609324e-04
1.198847e+01 3.503514e-02 -1.829587e-04
1.198847e+01 5.263151e-02 -5.690018e-04
1.198847e+01 7.314235e-02 -1.386231e-03
1.198847e+01 1.025928e-01 -2.056593e-03
1.198847e+01 1.448116e-01 -3.158927e-03
1.198847e+01 2.023460e-01 -4.832877e-03
1.198847e+01 2.834245e-01 -6.735721e-03
1.198847e+01 3.967448e-01 -9.0971e-03
1.198847e+01 5.552783e-01 -1.156085e-02
1.198847e+01 7.774819e-01 -1.396542e-02
1.198847e+01 1.088445e+00 -1.595429e-02
1.198847e+01 1.523711e+00 -1.783681e-02
1.198847e+01 2.088426e+00 -1.886769e-02
1.198847e+01 2.685505e+00 -1.623065e-02
1.224824e+01 1.570796e-02 -2.158437e-05
1.224824e+01 2.346256e-02 -1.43209e-04
1.224824e+01 3.503514e-02 -1.625125e-04
1.224824e+01 5.263151e-02 -5.072829e-04
1.224824e+01 7.314235e-02 -1.234258e-03
1.224824e+01 1.025928e-01 -1.832876e-03
1.224824e+01 1.448116e-01 -2.815409e-03
1.224824e+01 2.023460e-01 -4.306931e-03
1.224824e+01 2.834245e-01 -6.006486e-03
1.224824e+01 3.967448e-01 -8.121441e-03
1.224824e+01 5.552783e-01 -1.035636e-02
1.224824e+01 7.774819e-01 -1.261716e-02
1.224824e+01 1.088445e+00 -1.457627e-02
1.224824e+01 1.523711e+00 -1.647481e-02
1.224824e+01 2.088426e+00 -1.753327e-02
1.224824e+01 2.685505e+00 -1.514929e-02
1.251320e+01 1.570796e-02 -1.90372e-05
1.251320e+01 2.346256e-02 -1.265702e-04
1.251320e+01 3.503514e-02 -1.444424e-04
1.251320e+01 5.263151e-02 -4.509079e-04
1.251320e+01 7.314235e-02 -1.098523e-03
1.251320e+01 1.025928e-01 -1.627869e-03
1.251320e+01 1.448116e-01 -2.5052e-03
1.251320e+01 2.023460e-01 -3.825436e-03
1.251320e+01 2.834245e-01 -5.340908e-03
1.251320e+01 3.967448e-01 -7.227710e-03
1.251320e+01 5.552783e-01 -9.244204e-03
1.251320e+01 7.774819e-01 -1.135593e-02
1.251320e+01 1.088445e+00 -1.326461e-02
1.251320e+01 1.523711e+00 -1.513502e-02
1.251320e+01 2.088426e+00 -1.620964e-02
1.251320e+01 2.685505e+00 -1.40444e-02
1.278347e+01 1.570796e-02 -1.664276e-05
1.278347e+01 2.346256e-02 -1.123371e-04
1.278347e+01 3.503514e-02 -1.273589e-04
1.278347e+01 5.263151e-02 -3.987228e-04
1.278347e+01 7.314235e-02 -9.715178e-04
1.278347e+01 1.025928e-01 -1.44065e-03
1.278347e+01 1.448116e-01 -2.217319e-03
1.278347e+01 2.023460e-01 -3.385175e-03
1.278347e+01 2.834245e-01 -4.730602e-03
1.278347e+01 3.967448e-01 -6.410584e-03
1.278347e+01 5.552783e-01 -8.222314e-03
1.278347e+01 7.774819e-01 -1.016598e-02
1.278347e+01 1.088445e+00 -1.201273e-02
1.278347e+01 1.523711e+00 -1.383022e-02
1.278347e+01 2.088426e+00 -1.490486e-02
1.278347e+01 2.685505e+00 -1.299604e-02
1.305914e+01 1.570796e-02 -1.455587e-05
1.305914e+01 2.346256e-02 -9.925947e-05
1.305914e+01 3.503514e-02 -1.127389e-04
1.305914e+01 5.263151e-02 -3.519408e-04
1.305914e+01 7.314235e-02 -8.582241e-04
1.305914e+01 1.025928e-01 -1.268789e-03
1.305914e+01 1.448116e-01 -1.957205e-03
1.305914e+01 2.023460e-01 -2.984083e-03
1.305914e+01 2.834245e-01 -4.178222e-03
1.305914e+01 3.967448e-01 -5.663528e-03
1.305914e+01 5.552783e-01 -7.289765e-03
1.305914e+01 7.774819e-01 -9.082501e-03
1.305914e+01 1.088445e+00 -1.083609e-02
1.305914e+01 1.523711e+00 -1.258838e-02
1.305914e+01 2.088426e+00 -1.366872e-02
1.305914e+01 2.685505e+00 -1.199276e-02
1.334032e+01 1.570796e-02 -1.27692e-05
1.334032e+01 2.346256e-02 -8.718735e-05
1.334032e+01 3.503514e-02 -9.878057e-05
1.334032e+01 5.263151e-02 -3.084786e-04
1.334032e+01 7.314235e-02 -7.526533e-04
1.334032e+01 1.025928e-01 -1.115398e-03
1.334032e+01 1.448116e-01 -1.72053e-03
1.334032e+01 2.023460e-01 -2.622104e-03
1.334032e+01 2.834245e-01 -3.679301e-03
1.334032e+01 3.967448e-01 -4.984180e-03
1.334032e+01 5.552783e-01 -6.437156e-03
1.334032e+01 7.774819e-01 -8.07526e-03
1.334032e+01 1.088445e+00 -9.726476e-03
1.334032e+01 1.523711e+00 -1.139162e-02
1.334032e+01 2.088426e+00 -1.245601e-02
1.334032e+01 2.685505e+00 -1.10221e-02
1.362713e+01 1.570796e-02 -1.112563e-05
1.362713e+01 2.346256e-02 -7.651926e-05
1.362713e+01 3.503514e-02 -8.648541e-05
1.362713e+01 5.263151e-02 -2.701392e-04
1.362713e+01 7.314235e-02 -6.598215e-04
1.362713e+01 1.025928e-01 -9.788664e-04
1.362713e+01 1.448116e-01 -1.50613e-03
1.362713e+01 2.023460e-01 -2.297376e-03
1.362713e+01 2.834245e-01 -3.227065e-03
1.362713e+01 3.967448e-01 -4.375040e-03
1.362713e+01 5.552783e-01 -5.669613e-03
1.362713e+01 7.774819e-01 -7.155499e-03
1.362713e+01 1.088445e+00 -8.703817e-03
1.362713e+01 1.523711e+00 -1.027912e-02
1.362713e+01 2.088426e+00 -1.130532e-02
1.362713e+01 2.685505e+00 -1.006921e-02
1.391967e+01 1.570796e-02 -9.793091e-06
1.391967e+01 2.346256e-02 -6.672348e-05
1.391967e+01 3.503514e-02 -7.553099e-05
1.391967e+01 5.263151e-02 -2.352516e-04
1.391967e+01 7.314235e-02 -5.753117e-04
1.391967e+01 1.025928e-01 -8.526746e-04
1.391967e+01 1.448116e-01 -1.31184e-03
1.391967e+01 2.023460e-01 -2.002239e-03
1.391967e+01 2.834245e-01 -2.816934e-03
1.391967e+01 3.967448e-01 -3.820301e-03
1.391967e+01 5.552783e-01 -4.964852e-03
1.391967e+01 7.774819e-01 -6.305154e-03
1.391967e+01 1.088445e+00 -7.737413e-03
1.391967e+01 1.523711e+00 -9.210971e-03
1.391967e+01 2.088426e+00 -1.019843e-02
1.391967e+01 2.685505e+00 -9.125295e-03
1.421806e+01 1.570796e-02 -8.599104e-06
1.421806e+01 2.346256e-02 -5.779882e-05
1.421806e+01 3.503514e-02 -6.59652e-05
1.421806e+01 5.263151e-02 -2.036256e-04
1.421806e+01 7.314235e-02 -4.992395e-04
1.421806e+01 1.025928e-01 -7.404205e-04
1.421806e+01 1.448116e-01 -1.138486e-03
1.421806e+01 2.023460e-01 -1.739338e-03
1.421806e+01 2.834245e-01 -2.448794e-03
1.421806e+01 3.967448e-01 -3.318721e-03
1.421806e+01 5.552783e-01 -4.331559e-03
1.421806e+01 7.774819e-01 -5.537844e-03
1.421806e+01 1.088445e+00 -6.843982e-03
1.421806e+01 1.523711e+00 -8.217267e-03
1.421806e+01 2.088426e+00 -9.153081e-03
1.421806e+01 2.685505e+00 -8.219463e-03
1.452242e+01 1.570796e-02 -7.439922e-06
1.452242e+01 2.346256e-02 -4.998097e-05
1.452242e+01 3.503514e-02 -5.69202e-05
1.452242e+01 5.263151e-02 -1.754835e-04
1.452242e+01 7.314235e-02 -4.314476e-04
1.452242e+01 1.025928e-01 -6.409559e-04
1.452242e+01 1.448116e-01 -9.843549e-04
1.452242e+01 2.023460e-01 -1.503629e-03
1.452242e+01 2.834245e-01 -2.119377e-03
1.452242e+01 3.967448e-01 -2.872102e-03
1.452242e+01 5.552783e-01 -3.764393e-03
1.452242e+01 7.774819e-01 -4.842756e-03
1.452242e+01 1.088445e+00 -6.034933e-03
1.452242e+01 1.523711e+00 -7.289331e-03
1.452242e+01 2.088426e+00 -8.167377e-03
1.452242e+01 2.685505e+00 -7.378553e-03
1.483287e+01 1.570796e-02 -6.521419e-06
1.483287e+01 2.346256e-02 -4.32706e-05
1.483287e+01 3.503514e-02 -4.902199e-05
1.483287e+01 5.263151e-02 -1.510029e-04
1.483287e+01 7.314235e-02 -3.715179e-04
1.483287e+01 1.025928e-01 -5.511431e-04
1.483287e+01 1.448116e-01 -8.470086e-04
1.483287e+01 2.023460e-01 -1.295001e-03
1.483287e+01 2.834245e-01 -1.827216e-03
1.483287e+01 3.967448e-01 -2.476412e-03
1.483287e+01 5.552783e-01 -3.259319e-03
1.483287e+01 7.774819e-01 -4.210972e-03
1.483287e+01 1.088445e+00 -5.292072e-03
1.483287e+01 1.523711e+00 -6.438767e-03
1.483287e+01 2.088426e+00 -7.248685e-03
1.483287e+01 2.685505e+00 -6.587082e-03
1.514953e+01 1.570796e-02 -5.702613e-06
1.514953e+01 2.346256e-02 -3.711751e-05
1.514953e+01 3.503514e-02 -4.198426e-05
1.514953e+01 5.263151e-02 -1.292282e-04
1.514953e+01 7.314235e-02 -3.185186e-04
1.514953e+01 1.025928e-01 -4.722213e-04
1.514953e+01 1.448116e-01 -7.258257e-04
1.514953e+01 2.023460e-01 -1.110834e-03
1.514953e+01 2.834245e-01 -1.568113e-03
1.514953e+01 3.967448e-01 -2.125186e-03
1.514953e+01 5.552783e-01 -2.811564e-03
1.514953e+01 7.774819e-01 -3.654236e-03
1.514953e+01 1.088445e+00 -4.618938e-03
1.514953e+01 1.523711e+00 -5.643758e-03
1.514953e+01 2.088426e+00 -6.380923e-03
1.514953e+01 2.685505e+00 -5.827554e-03
1.547252e+01 1.570796e-02 -4.903867e-06
1.547252e+01 2.346256e-02 -3.133107e-05
1.547252e+01 3.503514e-02 -3.571818e-05
1.547252e+01 5.263151e-02 -1.103411e-04
1.547252e+01 7.314235e-02 -2.720779e-04
1.547252e+01 1.025928e-01 -4.025251e-04
1.547252e+01 1.448116e-01 -6.198393e-04
1.547252e+01 2.023460e-01 -9.466561e-04
1.547252e+01 2.834245e-01 -1.339356e-03
1.547252e+01 3.967448e-01 -1.816237e-03
1.547252e+01 5.552783e-01 -2.412582e-03
1.547252e+01 7.774819e-01 -3.155571e-03
1.547252e+01 1.088445e+00 -4.009087e-03
1.547252e+01 1.523711e+00 -4.917571e-03
1.547252e+01 2.088426e+00 -5.580189e-03
1.547252e+01 2.685505e+00 -5.116353e-03
1.580197e+01 1.570796e-02 -4.14285e-06
1.580197e+01 2.346256e-02 -2.621629e-05
1.580197e+01 3.503514e-02 -3.040840e-05
1.580197e+01 5.263151e-02 -9.360096e-05
1.580197e+01 7.314235e-02 -2.310272e-04
1.580197e+01 1.025928e-01 -3.411888e-04
1.580197e+01 1.448116e-01 -5.254490e-04
1.580197e+01 2.023460e-01 -8.040560e-04
1.580197e+01 2.834245e-01 -1.137092e-03
1.580197e+01 3.967448e-01 -1.545475e-03
1.580197e+01 5.552783e-01 -2.061689e-03
1.580197e+01 7.774819e-01 -2.710039e-03
1.580197e+01 1.088445e+00 -3.46001e-03
1.580197e+01 1.523711e+00 -4.247884e-03
1.580197e+01 2.088426e+00 -4.829790e-03
1.580197e+01 2.685505e+00 -4.473793e-03
1.613801e+01 1.570796e-02 -3.51633e-06
1.613801e+01 2.346256e-02 -2.193198e-05
1.613801e+01 3.503514e-02 -2.561130e-05
1.613801e+01 5.263151e-02 -7.928011e-05
1.613801e+01 7.314235e-02 -1.954359e-04
1.613801e+01 1.025928e-01 -2.879279e-04
1.613801e+01 1.448116e-01 -4.439778e-04
1.613801e+01 2.023460e-01 -6.788192e-04
1.613801e+01 2.834245e-01 -9.605734e-04
1.613801e+01 3.967448e-01 -1.308737e-03
1.613801e+01 5.552783e-01 -1.752530e-03
1.613801e+01 7.774819e-01 -2.317360e-03
1.613801e+01 1.088445e+00 -2.964886e-03
1.613801e+01 1.523711e+00 -3.64296e-03
1.613801e+01 2.088426e+00 -4.149352e-03
1.613801e+01 2.685505e+00 -3.865379e-03
1.648077e+01 1.570796e-02 -2.96264e-06
1.648077e+01 2.346256e-02 -1.836891e-05
1.648077e+01 3.503514e-02 -2.138812e-05
1.648077e+01 5.263151e-02 -6.662189e-05
1.648077e+01 7.314235e-02 -1.646884e-04
1.648077e+01 1.025928e-01 -2.412325e-04
1.648077e+01 1.448116e-01 -3.732942e-04
1.648077e+01 2.023460e-01 -5.693790e-04
1.648077e+01 2.834245e-01 -8.076206e-04
1.648077e+01 3.967448e-01 -1.102104e-03
1.648077e+01 5.552783e-01 -1.481321e-03
1.648077e+01 7.774819e-01 -1.971160e-03
1.648077e+01 1.088445e+00 -2.527234e-03
1.648077e+01 1.523711e+00 -3.104156e-03
1.648077e+01 2.088426e+00 -3.541476e-03
1.648077e+01 2.685505e+00 -3.300016e-03
1.683038e+01 1.570796e-02 -2.470255e-06
1.683038e+01 2.346256e-02 -1.51394e-05
1.683038e+01 3.503514e-02 -1.772745e-05
1.683038e+01 5.263151e-02 -5.55461e-05
1.683038e+01 7.314235e-02 -1.370941e-04
1.683038e+01 1.025928e-01 -2.011446e-04
1.683038e+01 1.448116e-01 -3.119403e-04
1.683038e+01 2.023460e-01 -4.751285e-04
1.683038e+01 2.834245e-01 -6.75157e-04
1.683038e+01 3.967448e-01 -9.218967e-04
1.683038e+01 5.552783e-01 -1.245738e-03
1.683038e+01 7.774819e-01 -1.667364e-03
1.683038e+01 1.088445e+00 -2.143377e-03
1.683038e+01 1.523711e+00 -2.632560e-03
1.683038e+01 2.088426e+00 -2.997257e-03
1.683038e+01 2.685505e+00 -2.792803e-03
1.718699e+01 1.570796e-02 -2.063055e-06
1.718699e+01 2.346256e-02 -1.232171e-05
1.718699e+01 3.503514e-02 -1.482541e-05
1.718699e+01 5.263151e-02 -4.606306e-05
1.718699e+01 7.314235e-02 -1.140878e-04
1.718699e+01 1.025928e-01 -1.666877e-04
1.718699e+01 1.448116e-01 -2.593361e-04
1.718699e+01 2.023460e-01 -3.949457e-04
1.718699e+01 2.834245e-01 -5.612226e-04
1.718699e+01 3.967448e-01 -7.692174e-04
1.718699e+01 5.552783e-01 -1.043119e-03
1.718699e+01 7.774819e-01 -1.404477e-03
1.718699e+01 1.088445e+00 -1.807612e-03
1.718699e+01 1.523711e+00 -2.210031e-03
1.718699e+01 2.088426e+00 -2.509889e-03
1.718699e+01 2.685505e+00 -2.330746e-03
1.755073e+01 1.570796e-02 -1.706014e-06
1.755073e+01 2.346256e-02 -1.004419e-05
1.755073e+01 3.503514e-02 -1.222468e-05
1.755073e+01 5.263151e-02 -3.801611e-05
1.755073e+01 7.314235e-02 -9.433051e-05
1.755073e+01 1.025928e-01 -1.376881e-04
1.755073e+01 1.448116e-01 -2.134402e-04
1.755073e+01 2.023460e-01 -3.255415e-04
1.755073e+01 2.834245e-01 -4.626359e-04
1.755073e+01 3.967448e-01 -6.360753e-04
1.755073e+01 5.552783e-01 -8.668180e-04
1.755073e+01 7.774819e-01 -1.174957e-03
1.755073e+01 1.088445e+00 -1.513374e-03
1.755073e+01 1.523711e+00 -1.845394e-03
1.755073e+01 2.088426e+00 -2.084554e-03
1.755073e+01 2.685505e+00 -1.924412e-03
1.792175e+01 1.570796e-02 -1.406527e-06
1.792175e+01 2.346256e-02 -8.182912e-06
1.792175e+01 3.503514e-02 -1.004456e-05
1.792175e+01 5.263151e-02 -3.142830e-05
1.792175e+01 7.314235e-02 -7.718283e-05
1.792175e+01 1.025928e-01 -1.129276e-04
1.792175e+01 1.448116e-01 -1.746959e-04
1.792175e+01 2.023460e-01 -2.673741e-04
1.792175e+01 2.834245e-01 -3.796685e-04
1.792175e+01 3.967448e-01 -5.241446e-04
1.792175e+01 5.552783e-01 -7.171821e-04
1.792175e+01 7.774819e-01 -9.793084e-04
1.792175e+01 1.088445e+00 -1.262473e-03
1.792175e+01 1.523711e+00 -1.535137e-03
1.792175e+01 2.088426e+00 -1.720866e-03
1.792175e+01 2.685505e+00 -1.580126e-03
1.830018e+01 1.570796e-02 -1.17662e-06
1.830018e+01 2.346256e-02 -6.533390e-06
1.830018e+01 3.503514e-02 -8.103519e-06
1.830018e+01 5.263151e-02 -2.545191e-05
1.830018e+01 7.314235e-02 -6.295248e-05
1.830018e+01 1.025928e-01 -9.140943e-05
1.830018e+01 1.448116e-01 -1.417803e-04
1.830018e+01 2.023460e-01 -2.170386e-04
1.830018e+01 2.834245e-01 -3.088276e-04
1.830018e+01 3.967448e-01 -4.274395e-04
1.830018e+01 5.552783e-01 -5.896913e-04
1.830018e+01 7.774819e-01 -8.102053e-04
1.830018e+01 1.088445e+00 -1.044635e-03
1.830018e+01 1.523711e+00 -1.26588e-03
1.830018e+01 2.088426e+00 -1.405892e-03
1.830018e+01 2.685505e+00 -1.262166e-03
1.868618e+01 1.570796e-02 -9.586653e-07
1.868618e+01 2.346256e-02 -5.304715e-06
1.868618e+01 3.503514e-02 -6.530779e-06
1.868618e+01 5.263151e-02 -2.040817e-05
1.868618e+01 7.314235e-02 -5.083853e-05
1.868618e+01 1.025928e-01 -7.341503e-05
1.868618e+01 1.448116e-01 -1.142032e-04
1.868618e+01 2.023460e-01 -1.750672e-04
1.868618e+01 2.834245e-01 -2.491681e-04
1.868618e+01 3.967448e-01 -3.464486e-04
1.868618e+01 5.552783e-01 -4.81855e-04
1.868618e+01 7.774819e-01 -6.657880e-04
1.868618e+01 1.088445e+00 -8.593755e-04
1.868618e+01 1.523711e+00 -1.035693e-03
1.868618e+01 2.088426e+00 -1.135294e-03
1.868618e+01 2.685505e+00 -9.978511e-04
1.907991e+01 1.570796e-02 -7.772841e-07
1.907991e+01 2.346256e-02 -4.049736e-06
1.907991e+01 3.503514e-02 -5.104166e-06
1.907991e+01 5.263151e-02 -1.61875e-05
1.907991e+01 7.314235e-02 -4.07824e-05
1.907991e+01 1.025928e-01 -5.852645e-05
1.907991e+01 1.448116e-01 -9.120877e-05
1.907991e+01 2.023460e-01 -1.397661e-04
1.907991e+01 2.834245e-01 -1.99241e-04
1.907991e+01 3.967448e-01 -2.786056e-04
1.907991e+01 5.552783e-01 -3.899028e-04
1.907991e+01 7.774819e-01 -5.424614e-04
1.907991e+01 1.088445e+00 -6.998051e-04
1.907991e+01 1.523711e+00 -8.416233e-04
1.907991e+01 2.088426e+00 -9.069474e-04
1.907991e+01 2.685505e+00 -7.750017e-04
1.948151e+01 1.570796e-02 -6.151191e-07
1.948151e+01 2.346256e-02 -3.183359e-06
1.948151e+01 3.503514e-02 -3.994314e-06
1.948151e+01 5.263151e-02 -1.283496e-05
1.948151e+01 7.314235e-02 -3.235963e-05
1.948151e+01 1.025928e-01 -4.641842e-05
1.948151e+01 1.448116e-01 -7.195092e-05
1.948151e+01 2.023460e-01 -1.106044e-04
1.948151e+01 2.834245e-01 -1.582681e-04
1.948151e+01 3.967448e-01 -2.223142e-04
1.948151e+01 5.552783e-01 -3.137942e-04
1.948151e+01 7.774819e-01 -4.397161e-04
1.948151e+01 1.088445e+00 -5.667162e-04
1.948151e+01 1.523711e+00 -6.807496e-04
1.948151e+01 2.088426e+00 -7.247226e-04
1.948151e+01 2.685505e+00 -5.976997e-04
1.989114e+01 1.570796e-02 -4.924758e-07
1.989114e+01 2.346256e-02 -2.427828e-06
1.989114e+01 3.503514e-02 -3.145901e-06
1.989114e+01 5.263151e-02 -1.004382e-05
1.989114e+01 7.314235e-02 -2.534685e-05
1.989114e+01 1.025928e-01 -3.637742e-05
1.989114e+01 1.448116e-01 -5.627606e-05
1.989114e+01 2.023460e-01 -8.688485e-05
1.989114e+01 2.834245e-01 -1.244605e-04
1.989114e+01 3.967448e-01 -1.756517e-04
1.989114e+01 5.552783e-01 -2.502598e-04
1.989114e+01 7.774819e-01 -3.529957e-04
1.989114e+01 1.088445e+00 -4.569632e-04
1.989114e+01 1.523711e+00 -5.489616e-04
1.989114e+01 2.088426e+00 -5.779485e-04
1.989114e+01 2.685505e+00 -4.595293e-04
2.030896e+01 1.570796e-02 -3.680847e-07
2.030896e+01 2.346256e-02 -1.828239e-06
2.030896e+01 3.503514e-02 -2.460163e-06
2.030896e+01 5.263151e-02 -7.701887e-06
2.030896e+01 7.314235e-02 -1.961287e-05
2.030896e+01 1.025928e-01 -2.815338e-05
2.030896e+01 1.448116e-01 -4.351063e-05
2.030896e+01 2.023460e-01 -6.70185e-05
2.030896e+01 2.834245e-01 -9.652756e-05
2.030896e+01 3.967448e-01 -1.370044e-04
2.030896e+01 5.552783e-01 -1.975540e-04
2.030896e+01 7.774819e-01 -2.808114e-04
2.030896e+01 1.088445e+00 -3.65241e-04
2.030896e+01 1.523711e+00 -4.397782e-04
2.030896e+01 2.088426e+00 -4.572247e-04
2.030896e+01 2.685505e+00 -3.491708e-04
2.073514e+01 1.570796e-02 -2.856922e-07
2.073514e+01 2.346256e-02 -1.373668e-06
2.073514e+01 3.503514e-02 -1.886023e-06
2.073514e+01 5.263151e-02 -5.859359e-06
2.073514e+01 7.314235e-02 -1.513925e-05
2.073514e+01 1.025928e-01 -2.148633e-05
2.073514e+01 1.448116e-01 -3.335627e-05
2.073514e+01 2.023460e-01 -5.122001e-05
2.073514e+01 2.834245e-01 -7.412654e-05
2.073514e+01 3.967448e-01 -1.063257e-04
2.073514e+01 5.552783e-01 -1.544353e-04
2.073514e+01 7.774819e-01 -2.214196e-04
2.073514e+01 1.088445e+00 -2.897355e-04
2.073514e+01 1.523711e+00 -3.515059e-04
2.073514e+01 2.088426e+00 -3.634072e-04
2.073514e+01 2.685505e+00 -2.698223e-04
2.116984e+01 1.570796e-02 -2.177675e-07
2.116984e+01 2.346256e-02 -9.978341e-07
2.116984e+01 3.503514e-02 -1.430571e-06
2.116984e+01 5.263151e-02 -4.416142e-06
2.116984e+01 7.314235e-02 -1.14593e-05
2.116984e+01 1.025928e-01 -1.624243e-05
2.116984e+01 1.448116e-01 -2.511912e-05
2.116984e+01 2.023460e-01 -3.877046e-05
2.116984e+01 2.834245e-01 -5.636078e-05
2.116984e+01 3.967448e-01 -8.146212e-05
2.116984e+01 5.552783e-01 -1.19391e-04
2.116984e+01 7.774819e-01 -1.728799e-04
2.116984e+01 1.088445e+00 -2.284974e-04
2.116984e+01 1.523711e+00 -2.797761e-04
2.116984e+01 2.088426e+00 -2.894394e-04
2.116984e+01 2.685505e+00 -2.127594e-04
2.161324e+01 1.570796e-02 -1.634025e-07
2.161324e+01 2.346256e-02 -7.435410e-07
2.161324e+01 3.503514e-02 -1.058609e-06
2.161324e+01 5.263151e-02 -3.242346e-06
2.161324e+01 7.314235e-02 -8.475371e-06
2.161324e+01 1.025928e-01 -1.207424e-05
2.161324e+01 1.448116e-01 -1.863720e-05
2.161324e+01 2.023460e-01 -2.881054e-05
2.161324e+01 2.834245e-01 -4.203793e-05
2.161324e+01 3.967448e-01 -6.136240e-05
2.161324e+01 5.552783e-01 -9.081179e-05
2.161324e+01 7.774819e-01 -1.324965e-04
2.161324e+01 1.088445e+00 -1.768795e-04
2.161324e+01 1.523711e+00 -2.197404e-04
2.161324e+01 2.088426e+00 -2.290265e-04
2.161324e+01 2.685505e+00 -1.678317e-04
2.206550e+01 1.570796e-02 -1.175540e-07
2.206550e+01 2.346256e-02 -5.382135e-07
2.206550e+01 3.503514e-02 -7.590275e-07
2.206550e+01 5.263151e-02 -2.351329e-06
2.206550e+01 7.314235e-02 -6.211235e-06
2.206550e+01 1.025928e-01 -8.796964e-06
2.206550e+01 1.448116e-01 -1.364693e-05
2.206550e+01 2.023460e-01 -2.104954e-05
2.206550e+01 2.834245e-01 -3.095962e-05
2.206550e+01 3.967448e-01 -4.547112e-05
2.206550e+01 5.552783e-01 -6.790283e-05
2.206550e+01 7.774819e-01 -9.991063e-05
2.206550e+01 1.088445e+00 -1.350426e-04
2.206550e+01 1.523711e+00 -1.704748e-04
2.206550e+01 2.088426e+00 -1.810771e-04
2.206550e+01 2.685505e+00 -1.33701e-04
2.252681e+01 1.570796e-02 -8.508654e-08
2.252681e+01 2.346256e-02 -3.931117e-07
2.252681e+01 3.503514e-02 -5.534717e-07
2.252681e+01 5.263151e-02 -1.692034e-06
2.252681e+01 7.314235e-02 -4.510874e-06
2.252681e+01 1.025928e-01 -6.350436e-06
2.252681e+01 1.448116e-01 -9.901812e-06
2.252681e+01 2.023460e-01 -1.52458e-05
2.252681e+01 2.834245e-01 -2.257648e-05
2.252681e+01 3.967448e-01 -3.347458e-05
2.252681e+01 5.552783e-01 -5.041395e-05
2.252681e+01 7.774819e-01 -7.479957e-05
2.252681e+01 1.088445e+00 -1.021899e-04
2.252681e+01 1.523711e+00 -1.316433e-04
2.252681e+01 2.088426e+00 -1.431306e-04
2.252681e+01 2.685505e+00 -1.0665e-04
2.299735e+01 1.570796e-02 -6.165041e-08
2.299735e+01 2.346256e-02 -2.701349e-07
2.299735e+01 3.503514e-02 -4.024694e-07
2.299735e+01 5.263151e-02 -1.188695e-06
2.299735e+01 7.314235e-02 -3.198727e-06
2.299735e+01 1.025928e-01 -4.492863e-06
2.299735e+01 1.448116e-01 -7.051999e-06
2.299735e+01 2.023460e-01 -1.087015e-05
2.299735e+01 2.834245e-01 -1.618129e-05
2.299735e+01 3.967448e-01 -2.419848e-05
2.299735e+01 5.552783e-01 -3.677475e-05
2.299735e+01 7.774819e-01 -5.510800e-05
2.299735e+01 1.088445e+00 -7.610030e-05
2.299735e+01 1.523711e+00 -1.001797e-04
2.299735e+01 2.088426e+00 -1.119293e-04
2.299735e+01 2.685505e+00 -8.680111e-05
2.34773e+01 1.570796e-02 -4.155723e-08
2.34773e+01 2.346256e-02 -1.850007e-07
2.34773e+01 3.503514e-02 -2.74296e-07
2.34773e+01 5.263151e-02 -8.117854e-07
2.34773e+01 7.314235e-02 -2.216462e-06
2.34773e+01 1.025928e-01 -3.12933e-06
2.34773e+01 1.448116e-01 -4.863817e-06
2.34773e+01 2.023460e-01 -7.563017e-06
2.34773e+01 2.834245e-01 -1.122123e-05
2.34773e+01 3.967448e-01 -1.693566e-05
2.34773e+01 5.552783e-01 -2.598755e-05
2.34773e+01 7.774819e-01 -3.936442e-05
2.34773e+01 1.088445e+00 -5.490057e-05
2.34773e+01 1.523711e+00 -7.394704e-05
2.34773e+01 2.088426e+00 -8.590244e-05
2.34773e+01 2.685505e+00 -7.126866e-05
2.396684e+01 1.570796e-02 -2.805521e-08
2.396684e+01 2.346256e-02 -1.292402e-07
2.396684e+01 3.503514e-02 -1.874796e-07
2.396684e+01 5.263151e-02 -5.555569e-07
2.396684e+01 7.314235e-02 -1.546176e-06
2.396684e+01 1.025928e-01 -2.152915e-06
2.396684e+01 1.448116e-01 -3.346448e-06
2.396684e+01 2.023460e-01 -5.237322e-06
2.396684e+01 2.834245e-01 -7.801930e-06
2.396684e+01 3.967448e-01 -1.183537e-05
2.396684e+01 5.552783e-01 -1.839433e-05
2.396684e+01 7.774819e-01 -2.786417e-05
2.396684e+01 1.088445e+00 -3.919149e-05
2.396684e+01 1.523711e+00 -5.348166e-05
2.396684e+01 2.088426e+00 -6.325148e-05
2.396684e+01 2.685505e+00 -5.461758e-05
2.446618e+01 1.570796e-02 -1.883519e-08
2.446618e+01 2.346256e-02 -8.554411e-08
2.446618e+01 3.503514e-02 -1.294647e-07
2.446618e+01 5.263151e-02 -3.745093e-07
2.446618e+01 7.314235e-02 -1.047827e-06
2.446618e+01 1.025928e-01 -1.459669e-06
2.446618e+01 1.448116e-01 -2.253787e-06
2.446618e+01 2.023460e-01 -3.557054e-06
2.446618e+01 2.834245e-01 -5.307102e-06
2.446618e+01 3.967448e-01 -8.113068e-06
2.446618e+01 5.552783e-01 -1.274769e-05
2.446618e+01 7.774819e-01 -1.937086e-05
2.446618e+01 1.088445e+00 -2.748324e-05
2.446618e+01 1.523711e+00 -3.81699e-05
2.446618e+01 2.088426e+00 -4.58899e-05
2.446618e+01 2.685505e+00 -4.063645e-05
2.497550e+01 1.570796e-02 -1.148808e-08
2.497550e+01 2.346256e-02 -5.670670e-08
2.497550e+01 3.503514e-02 -8.552841e-08
2.497550e+01 5.263151e-02 -2.528697e-07
2.497550e+01 7.314235e-02 -6.966487e-07
2.497550e+01 1.025928e-01 -9.79201e-07
2.497550e+01 1.448116e-01 -1.507530e-06
2.497550e+01 2.023460e-01 -2.381287e-06
2.497550e+01 2.834245e-01 -3.585004e-06
2.497550e+01 3.967448e-01 -5.492900e-06
2.497550e+01 5.552783e-01 -8.713452e-06
2.497550e+01 7.774819e-01 -1.327043e-05
2.497550e+01 1.088445e+00 -1.895955e-05
2.497550e+01 1.523711e+00 -2.681963e-05
2.497550e+01 2.088426e+00 -3.29173e-05
2.497550e+01 2.685505e+00 -3.004856e-05
2.549501e+01 1.570796e-02 -7.19814e-09
2.549501e+01 2.346256e-02 -3.793994e-08
2.549501e+01 3.503514e-02 -5.600134e-08
2.549501e+01 5.263151e-02 -1.650399e-07
2.549501e+01 7.314235e-02 -4.643453e-07
2.549501e+01 1.025928e-01 -6.518904e-07
2.549501e+01 1.448116e-01 -9.990581e-07
2.549501e+01 2.023460e-01 -1.578199e-06
2.549501e+01 2.834245e-01 -2.368405e-06
2.549501e+01 3.967448e-01 -3.672891e-06
2.549501e+01 5.552783e-01 -5.861341e-06
2.549501e+01 7.774819e-01 -8.965689e-06
2.549501e+01 1.088445e+00 -1.289654e-05
2.549501e+01 1.523711e+00 -1.85003e-05
2.549501e+01 2.088426e+00 -2.328770e-05
2.549501e+01 2.685505e+00 -2.218520e-05
2.602491e+01 1.570796e-02 -4.499546e-09
2.602491e+01 2.346256e-02 -2.495712e-08
2.602491e+01 3.503514e-02 -3.737106e-08
2.602491e+01 5.263151e-02 -1.059164e-07
2.602491e+01 7.314235e-02 -3.02651e-07
2.602491e+01 1.025928e-01 -4.240803e-07
2.602491e+01 1.448116e-01 -6.495888e-07
2.602491e+01 2.023460e-01 -1.026451e-06
2.602491e+01 2.834245e-01 -1.549269e-06
2.602491e+01 3.967448e-01 -2.419228e-06
2.602491e+01 5.552783e-01 -3.89359e-06
2.602491e+01 7.774819e-01 -5.968975e-06
2.602491e+01 1.088445e+00 -8.638279e-06
2.602491e+01 1.523711e+00 -1.258301e-05
2.602491e+01 2.088426e+00 -1.634037e-05
2.602491e+01 2.685505e+00 -1.642012e-05
2.656541e+01 1.570796e-02 -2.666038e-09
2.656541e+01 2.346256e-02 -1.733369e-08
2.656541e+01 3.503514e-02 -2.492072e-08
2.656541e+01 5.263151e-02 -6.561427e-08
2.656541e+01 7.314235e-02 -1.919504e-07
2.656541e+01 1.025928e-01 -2.699856e-07
2.656541e+01 1.448116e-01 -4.148972e-07
2.656541e+01 2.023460e-01 -6.572811e-07
2.656541e+01 2.834245e-01 -9.965212e-07
2.656541e+01 3.967448e-01 -1.575077e-06
2.656541e+01 5.552783e-01 -2.540650e-06
2.656541e+01 7.774819e-01 -3.900297e-06
2.656541e+01 1.088445e+00 -5.697139e-06
2.656541e+01 1.523711e+00 -8.459525e-06
2.656541e+01 2.088426e+00 -1.127598e-05
2.656541e+01 2.685505e+00 -1.181243e-05
2.711672e+01 1.570796e-02 6.232544e-11
2.711672e+01 2.346256e-02 5.808239e-10
2.711672e+01 3.503514e-02 7.143182e-10
2.711672e+01 5.263151e-02 2.01403e-09
2.711672e+01 7.314235e-02 4.810567e-09
2.711672e+01 1.025928e-01 7.249517e-09
2.711672e+01 1.448116e-01 1.151727e-08
2.711672e+01 2.023460e-01 1.861036e-08
2.711672e+01 2.834245e-01 2.829694e-08
2.711672e+01 3.967448e-01 4.357773e-08
2.711672e+01 5.552783e-01 6.431814e-08
2.711672e+01 7.774819e-01 8.755193e-08
2.711672e+01 1.088445e+00 1.029222e-07
2.711672e+01 1.523711e+00 1.003240e-07
2.711672e+01 2.088426e+00 7.592097e-08
2.711672e+01 2.685505e+00 3.798198e-08
2.767905e+01 1.570796e-02 6.076228e-11
2.767905e+01 2.346256e-02 5.468763e-10
2.767905e+01 3.503514e-02 6.696632e-10
2.767905e+01 5.263151e-02 1.898016e-09
2.767905e+01 7.314235e-02 4.538337e-09
2.767905e+01 1.025928e-01 6.820245e-09
2.767905e+01 1.448116e-01 1.080563e-08
2.767905e+01 2.023460e-01 1.746034e-08
2.767905e+01 2.834245e-01 2.659036e-08
2.767905e+01 3.967448e-01 4.104522e-08
2.767905e+01 5.552783e-01 6.067024e-08
2.767905e+01 7.774819e-01 8.291559e-08
2.767905e+01 1.088445e+00 9.865002e-08
2.767905e+01 1.523711e+00 9.865570e-08
2.767905e+01 2.088426e+00 7.791886e-08
2.767905e+01 2.685505e+00 4.172362e-08
2.825263e+01 1.570796e-02 5.769344e-11
2.825263e+01 2.346256e-02 5.061615e-10
2.825263e+01 3.503514e-02 6.159036e-10
2.825263e+01 5.263151e-02 1.758425e-09
2.825263e+01 7.314235e-02 4.212695e-09
2.825263e+01 1.025928e-01 6.315931e-09
2.825263e+01 1.448116e-01 9.997467e-09
2.825263e+01 2.023460e-01 1.617520e-08
2.825263e+01 2.834245e-01 2.469612e-08
2.825263e+01 3.967448e-01 3.820963e-08
2.825263e+01 5.552783e-01 5.659624e-08
2.825263e+01 7.774819e-01 7.765004e-08
2.825263e+01 1.088445e+00 9.353257e-08
2.825263e+01 1.523711e+00 9.595784e-08
2.825263e+01 2.088426e+00 7.898358e-08
2.825263e+01 2.685505e+00 4.540971e-08
2.883769e+01 1.570796e-02 5.356991e-11
2.883769e+01 2.346256e-02 4.602566e-10
2.883769e+01 3.503514e-02 5.573580e-10
2.883769e+01 5.263151e-02 1.602594e-09
2.883769e+01 7.314235e-02 3.845486e-09
2.883769e+01 1.025928e-01 5.758663e-09
2.883769e+01 1.448116e-01 9.118679e-09
2.883769e+01 2.023460e-01 1.477760e-08
2.883769e+01 2.834245e-01 2.263742e-08
2.883769e+01 3.967448e-01 3.51289e-08
2.883769e+01 5.552783e-01 5.213266e-08
2.883769e+01 7.774819e-01 7.186279e-08
2.883769e+01 1.088445e+00 8.761279e-08
2.883769e+01 1.523711e+00 9.225469e-08
2.883769e+01 2.088426e+00 7.929941e-08
2.883769e+01 2.685505e+00 4.90332e-08
2.943444e+01 1.570796e-02 4.876353e-11
2.943444e+01 2.346256e-02 4.114503e-10
2.943444e+01 3.503514e-02 4.962942e-10
2.943444e+01 5.263151e-02 1.436041e-09
2.943444e+01 7.314235e-02 3.451365e-09
2.943444e+01 1.025928e-01 5.169373e-09
2.943444e+01 1.448116e-01 8.191605e-09
2.943444e+01 2.023460e-01 1.330657e-08
2.943444e+01 2.834245e-01 2.046204e-08
2.943444e+01 3.967448e-01 3.184091e-08
2.943444e+01 5.552783e-01 4.736208e-08
2.943444e+01 7.774819e-01 6.557371e-08
2.943444e+01 1.088445e+00 8.103182e-08
2.943444e+01 1.523711e+00 8.750352e-08
2.943444e+01 2.088426e+00 7.874304e-08
2.943444e+01 2.685505e+00 5.246065e-08
3.004313e+01 1.570796e-02 4.343273e-11
3.004313e+01 2.346256e-02 3.612612e-10
3.004313e+01 3.503514e-02 4.341333e-10
3.004313e+01 5.263151e-02 1.263440e-09
3.004313e+01 7.314235e-02 3.042808e-09
3.004313e+01 1.025928e-01 4.558683e-09
3.004313e+01 1.448116e-01 7.231061e-09
3.004313e+01 2.023460e-01 1.178352e-08
3.004313e+01 2.834245e-01 1.819535e-08
3.004313e+01 3.967448e-01 2.839875e-08
3.004313e+01 5.552783e-01 4.231714e-08
3.004313e+01 7.774819e-01 5.890129e-08
3.004313e+01 1.088445e+00 7.372477e-08
3.004313e+01 1.523711e+00 8.174581e-08
3.004313e+01 2.088426e+00 7.712114e-08
3.004313e+01 2.685505e+00 5.56458e-08
3.066399e+01 1.570796e-02 3.779469e-11
3.066399e+01 2.346256e-02 3.102098e-10
3.066399e+01 3.503514e-02 3.719245e-10
3.066399e+01 5.263151e-02 1.088198e-09
3.066399e+01 7.314235e-02 2.627833e-09
3.066399e+01 1.025928e-01 3.937144e-09
3.066399e+01 1.448116e-01 6.254530e-09
3.066399e+01 2.023460e-01 1.022516e-08
3.066399e+01 2.834245e-01 1.585509e-08
3.066399e+01 3.967448e-01 2.481789e-08
3.066399e+01 5.552783e-01 3.704106e-08
3.066399e+01 7.774819e-01 5.181408e-08
3.066399e+01 1.088445e+00 6.575623e-08
3.066399e+01 1.523711e+00 7.493128e-08
3.066399e+01 2.088426e+00 7.411178e-08
3.066399e+01 2.685505e+00 5.811929e-08
3.129727e+01 1.570796e-02 3.196179e-11
3.129727e+01 2.346256e-02 2.595898e-10
3.129727e+01 3.503514e-02 3.104231e-10
3.129727e+01 5.263151e-02 9.12609e-10
3.129727e+01 7.314235e-02 2.208093e-09
3.129727e+01 1.025928e-01 3.312358e-09
3.129727e+01 1.448116e-01 5.270554e-09
3.129727e+01 2.023460e-01 8.645168e-09
3.129727e+01 2.834245e-01 1.346349e-08
3.129727e+01 3.967448e-01 2.112170e-08
3.129727e+01 5.552783e-01 3.159044e-08
3.129727e+01 7.774819e-01 4.44189e-08
3.129727e+01 1.088445e+00 5.710708e-08
3.129727e+01 1.523711e+00 6.693357e-08
3.129727e+01 2.088426e+00 6.962354e-08
3.129727e+01 2.685505e+00 5.952356e-08
3.194322e+01 1.570796e-02 2.603383e-11
3.194322e+01 2.346256e-02 2.095645e-10
3.194322e+01 3.503514e-02 2.501792e-10
3.194322e+01 5.263151e-02 7.380116e-10
3.194322e+01 7.314235e-02 1.790806e-09
3.194322e+01 1.025928e-01 2.688933e-09
3.194322e+01 1.448116e-01 4.286054e-09
3.194322e+01 2.023460e-01 7.05671e-09
3.194322e+01 2.834245e-01 1.103338e-08
3.194322e+01 3.967448e-01 1.734199e-08
3.194322e+01 5.552783e-01 2.600536e-08
3.194322e+01 7.774819e-01 3.673274e-08
3.194322e+01 1.088445e+00 4.785288e-08
3.194322e+01 1.523711e+00 5.768445e-08
3.194322e+01 2.088426e+00 6.327440e-08
3.194322e+01 2.685505e+00 5.893208e-08
3.260208e+01 1.570796e-02 2.008168e-11
3.260208e+01 2.346256e-02 1.603942e-10
3.260208e+01 3.503514e-02 1.915576e-10
3.260208e+01 5.263151e-02 5.664176e-10
3.260208e+01 7.314235e-02 1.377895e-09
3.260208e+01 1.025928e-01 2.070071e-09
3.260208e+01 1.448116e-01 3.307196e-09
3.260208e+01 2.023460e-01 5.463629e-09
3.260208e+01 2.834245e-01 8.578892e-09
3.260208e+01 3.967448e-01 1.350656e-08
3.260208e+01 5.552783e-01 2.028561e-08
3.260208e+01 7.774819e-01 2.878706e-08
3.260208e+01 1.088445e+00 3.800792e-08
3.260208e+01 1.523711e+00 4.713161e-08
3.260208e+01 2.088426e+00 5.467256e-08
3.260208e+01 2.685505e+00 5.554734e-08
3.327412e+01 1.570796e-02 1.41535e-11
3.327412e+01 2.346256e-02 1.121654e-10
3.327412e+01 3.503514e-02 1.341289e-10
3.327412e+01 5.263151e-02 3.974075e-10
3.327412e+01 7.314235e-02 9.697683e-10
3.327412e+01 1.025928e-01 1.458274e-09
3.327412e+01 1.448116e-01 2.335862e-09
3.327412e+01 2.023460e-01 3.873335e-09
3.327412e+01 2.834245e-01 6.107619e-09
3.327412e+01 3.967448e-01 9.629971e-09
3.327412e+01 5.552783e-01 1.449478e-08
3.327412e+01 7.774819e-01 2.06644e-08
3.327412e+01 1.088445e+00 2.762378e-08
3.327412e+01 1.523711e+00 3.523477e-08
3.327412e+01 2.088426e+00 4.325365e-08
3.327412e+01 2.685505e+00 4.787828e-08
3.395961e+01 1.570796e-02 8.562773e-12
3.395961e+01 2.346256e-02 6.804841e-11
3.395961e+01 3.503514e-02 8.137367e-11
3.395961e+01 5.263151e-02 2.411446e-10
3.395961e+01 7.314235e-02 5.896304e-10
3.395961e+01 1.025928e-01 8.86718e-10
3.395961e+01 1.448116e-01 1.420352e-09
3.395961e+01 2.023460e-01 2.355313e-09
3.395961e+01 2.834245e-01 3.707301e-09
3.395961e+01 3.967448e-01 5.823433e-09
3.395961e+01 5.552783e-01 8.733900e-09
3.395961e+01 7.774819e-01 1.244478e-08
3.395961e+01 1.088445e+00 1.677579e-08
3.395961e+01 1.523711e+00 2.195446e-08
3.395961e+01 2.088426e+00 2.83963e-08
3.395961e+01 2.685505e+00 3.374672e-08
3.46588e+01 1.570796e-02 3.058067e-12
3.46588e+01 2.346256e-02 2.318379e-11
3.46588e+01 3.503514e-02 2.389095e-11
3.46588e+01 5.263151e-02 7.700974e-11
3.46588e+01 7.314235e-02 1.858618e-10
3.46588e+01 1.025928e-01 2.764825e-10
3.46588e+01 1.448116e-01 4.522165e-10
3.46588e+01 2.023460e-01 7.520762e-10
3.46588e+01 2.834245e-01 1.200630e-09
3.46588e+01 3.967448e-01 1.893695e-09
3.46588e+01 5.552783e-01 2.854353e-09
3.46588e+01 7.774819e-01 4.088841e-09
3.46588e+01 1.088445e+00 5.581393e-09
3.46588e+01 1.523711e+00 7.477821e-09
3.46588e+01 2.088426e+00 1.015937e-08
3.46588e+01 2.685505e+00 1.297429e-08
3.537197e+01 1.570796e-02 0.e+00
3.537197e+01 2.346256e-02 0.e+00
3.537197e+01 3.503514e-02 0.e+00
3.537197e+01 5.263151e-02 0.e+00
3.537197e+01 7.314235e-02 0.e+00
3.537197e+01 1.025928e-01 0.e+00
3.537197e+01 1.448116e-01 0.e+00
3.537197e+01 2.023460e-01 0.e+00
3.537197e+01 2.834245e-01 0.e+00
3.537197e+01 3.967448e-01 0.e+00
3.537197e+01 5.552783e-01 0.e+00
3.537197e+01 7.774819e-01 0.e+00
3.537197e+01 1.088445e+00 0.e+00
3.537197e+01 1.523711e+00 0.e+00
3.537197e+01 2.088426e+00 0.e+00
3.537197e+01 2.685505e+00 0.e+00
