5.e+00 1.570796e-02 -2.469605e-04
5.e+00 2.346256e-02 -1.683851e-03
5.e+00 3.503514e-02 -1.207315e-03
5.e+00 5.263151e-02 -2.143651e-03
5.e+00 7.314235e-02 -2.841383e-03
5.e+00 1.025928e-01 -2.962896e-03
5.e+00 1.448116e-01 -2.847971e-03
5.e+00 2.023460e-01 -2.611127e-03
5.e+00 2.834245e-01 -2.536240e-03
5.e+00 3.967448e-01 -2.289309e-03
5.e+00 5.552783e-01 -2.126221e-03
5.e+00 7.774819e-01 -1.870742e-03
5.e+00 1.088445e+00 -1.651892e-03
5.e+00 1.523711e+00 -1.551249e-03
5.e+00 2.088426e+00 -1.593405e-03
5.e+00 2.685505e+00 -1.704277e-03
5.12e+00 1.570796e-02 -2.809747e-04
5.12e+00 2.346256e-02 -2.43194e-03
5.12e+00 3.503514e-02 -1.790399e-03
5.12e+00 5.263151e-02 -3.945641e-03
5.12e+00 7.314235e-02 -5.947634e-03
5.12e+00 1.025928e-01 -5.854431e-03
5.12e+00 1.448116e-01 -6.12315e-03
5.12e+00 2.023460e-01 -5.701650e-03
5.12e+00 2.834245e-01 -5.403935e-03
5.12e+00 3.967448e-01 -4.905874e-03
5.12e+00 5.552783e-01 -4.439046e-03
5.12e+00 7.774819e-01 -3.978647e-03
5.12e+00 1.088445e+00 -3.496068e-03
5.12e+00 1.523711e+00 -3.225802e-03
5.12e+00 2.088426e+00 -3.252413e-03
5.12e+00 2.685505e+00 -3.442671e-03
5.2424e+00 1.570796e-02 -3.032043e-04
5.2424e+00 2.346256e-02 -2.920203e-03
5.2424e+00 3.503514e-02 -2.271276e-03
5.2424e+00 5.263151e-02 -6.156359e-03
5.2424e+00 7.314235e-02 -1.013492e-02
5.2424e+00 1.025928e-01 -1.010473e-02
5.2424e+00 1.448116e-01 -1.081538e-02
5.2424e+00 2.023460e-01 -1.035168e-02
5.2424e+00 2.834245e-01 -9.939242e-03
5.2424e+00 3.967448e-01 -8.925606e-03
5.2424e+00 5.552783e-01 -8.025295e-03
5.2424e+00 7.774819e-01 -7.180371e-03
5.2424e+00 1.088445e+00 -6.354461e-03
5.2424e+00 1.523711e+00 -5.693494e-03
5.2424e+00 2.088426e+00 -5.759528e-03
5.2424e+00 2.685505e+00 -5.9947e-03
5.367248e+00 1.570796e-02 -3.390397e-04
5.367248e+00 2.346256e-02 -3.263756e-03
5.367248e+00 3.503514e-02 -2.789603e-03
5.367248e+00 5.263151e-02 -7.933020e-03
5.367248e+00 7.314235e-02 -1.423056e-02
5.367248e+00 1.025928e-01 -1.484289e-02
5.367248e+00 1.448116e-01 -1.649084e-02
5.367248e+00 2.023460e-01 -1.623812e-02
5.367248e+00 2.834245e-01 -1.536889e-02
5.367248e+00 3.967448e-01 -1.406637e-02
5.367248e+00 5.552783e-01 -1.261993e-02
5.367248e+00 7.774819e-01 -1.128034e-02
5.367248e+00 1.088445e+00 -9.951004e-03
5.367248e+00 1.523711e+00 -8.808060e-03
5.367248e+00 2.088426e+00 -8.780443e-03
5.367248e+00 2.685505e+00 -9.130320e-03
5.494593e+00 1.570796e-02 -3.662891e-04
5.494593e+00 2.346256e-02 -3.063256e-03
5.494593e+00 3.503514e-02 -3.157927e-03
5.494593e+00 5.263151e-02 -9.359336e-03
5.494593e+00 7.314235e-02 -1.760314e-02
5.494593e+00 1.025928e-01 -1.898460e-02
5.494593e+00 1.448116e-01 -2.153572e-02
5.494593e+00 2.023460e-01 -2.217977e-02
5.494593e+00 2.834245e-01 -2.101927e-02
5.494593e+00 3.967448e-01 -1.957839e-02
5.494593e+00 5.552783e-01 -1.781446e-02
5.494593e+00 7.774819e-01 -1.57512e-02
5.494593e+00 1.088445e+00 -1.372411e-02
5.494593e+00 1.523711e+00 -1.202298e-02
5.494593e+00 2.088426e+00 -1.193497e-02
5.494593e+00 2.685505e+00 -1.227761e-02
5.624485e+00 1.570796e-02 -3.645413e-04
5.624485e+00 2.346256e-02 -2.855575e-03
5.624485e+00 3.503514e-02 -3.317844e-03
5.624485e+00 5.263151e-02 -9.688064e-03
5.624485e+00 7.314235e-02 -1.985105e-02
5.624485e+00 1.025928e-01 -2.221574e-02
5.624485e+00 1.448116e-01 -2.540084e-02
5.624485e+00 2.023460e-01 -2.7494e-02
5.624485e+00 2.834245e-01 -2.649266e-02
5.624485e+00 3.967448e-01 -2.485633e-02
5.624485e+00 5.552783e-01 -2.272349e-02
5.624485e+00 7.774819e-01 -2.019660e-02
5.624485e+00 1.088445e+00 -1.745228e-02
5.624485e+00 1.523711e+00 -1.507924e-02
5.624485e+00 2.088426e+00 -1.485554e-02
5.624485e+00 2.685505e+00 -1.512737e-02
5.756975e+00 1.570796e-02 -3.698421e-04
5.756975e+00 2.346256e-02 -2.656808e-03
5.756975e+00 3.503514e-02 -3.289754e-03
5.756975e+00 5.263151e-02 -9.458007e-03
5.756975e+00 7.314235e-02 -2.076144e-02
5.756975e+00 1.025928e-01 -2.409220e-02
5.756975e+00 1.448116e-01 -2.835283e-02
5.756975e+00 2.023460e-01 -3.175495e-02
5.756975e+00 2.834245e-01 -3.110016e-02
5.756975e+00 3.967448e-01 -2.976616e-02
5.756975e+00 5.552783e-01 -2.720059e-02
5.756975e+00 7.774819e-01 -2.436038e-02
5.756975e+00 1.088445e+00 -2.088681e-02
5.756975e+00 1.523711e+00 -1.797448e-02
5.756975e+00 2.088426e+00 -1.749752e-02
5.756975e+00 2.685505e+00 -1.753437e-02
5.892114e+00 1.570796e-02 -3.535381e-04
5.892114e+00 2.346256e-02 -2.385762e-03
5.892114e+00 3.503514e-02 -3.090048e-03
5.892114e+00 5.263151e-02 -8.92237e-03
5.892114e+00 7.314235e-02 -2.053464e-02
5.892114e+00 1.025928e-01 -2.510233e-02
5.892114e+00 1.448116e-01 -3.047769e-02
5.892114e+00 2.023460e-01 -3.49383e-02
5.892114e+00 2.834245e-01 -3.504733e-02
5.892114e+00 3.967448e-01 -3.406469e-02
5.892114e+00 5.552783e-01 -3.140610e-02
5.892114e+00 7.774819e-01 -2.821014e-02
5.892114e+00 1.088445e+00 -2.406657e-02
5.892114e+00 1.523711e+00 -2.059029e-02
5.892114e+00 2.088426e+00 -1.986597e-02
5.892114e+00 2.685505e+00 -1.966463e-02
6.029956e+00 1.570796e-02 -3.211818e-04
6.029956e+00 2.346256e-02 -2.198633e-03
6.029956e+00 3.503514e-02 -2.809206e-03
6.029956e+00 5.263151e-02 -8.248599e-03
6.029956e+00 7.314235e-02 -1.947043e-02
6.029956e+00 1.025928e-01 -2.503922e-02
6.029956e+00 1.448116e-01 -3.131488e-02
6.029956e+00 2.023460e-01 -3.704434e-02
6.029956e+00 2.834245e-01 -3.798943e-02
6.029956e+00 3.967448e-01 -3.757168e-02
6.029956e+00 5.552783e-01 -3.497282e-02
6.029956e+00 7.774819e-01 -3.151793e-02
6.029956e+00 1.088445e+00 -2.689236e-02
6.029956e+00 1.523711e+00 -2.290644e-02
6.029956e+00 2.088426e+00 -2.191677e-02
6.029956e+00 2.685505e+00 -2.154568e-02
6.170555e+00 1.570796e-02 -2.929202e-04
6.170555e+00 2.346256e-02 -2.036951e-03
6.170555e+00 3.503514e-02 -2.560538e-03
6.170555e+00 5.263151e-02 -7.546369e-03
6.170555e+00 7.314235e-02 -1.810739e-02
6.170555e+00 1.025928e-01 -2.415054e-02
6.170555e+00 1.448116e-01 -3.12762e-02
6.170555e+00 2.023460e-01 -3.829540e-02
6.170555e+00 2.834245e-01 -4.008130e-02
6.170555e+00 3.967448e-01 -4.033924e-02
6.170555e+00 5.552783e-01 -3.801328e-02
6.170555e+00 7.774819e-01 -3.429625e-02
6.170555e+00 1.088445e+00 -2.923188e-02
6.170555e+00 1.523711e+00 -2.48948e-02
6.170555e+00 2.088426e+00 -2.364634e-02
6.170555e+00 2.685505e+00 -2.305390e-02
6.313967e+00 1.570796e-02 -2.648416e-04
6.313967e+00 2.346256e-02 -1.874659e-03
6.313967e+00 3.503514e-02 -2.326024e-03
6.313967e+00 5.263151e-02 -6.908436e-03
6.313967e+00 7.314235e-02 -1.665089e-02
6.313967e+00 1.025928e-01 -2.275814e-02
6.313967e+00 1.448116e-01 -3.050237e-02
6.313967e+00 2.023460e-01 -3.866404e-02
6.313967e+00 2.834245e-01 -4.140476e-02
6.313967e+00 3.967448e-01 -4.227821e-02
6.313967e+00 5.552783e-01 -4.035964e-02
6.313967e+00 7.774819e-01 -3.662483e-02
6.313967e+00 1.088445e+00 -3.124391e-02
6.313967e+00 1.523711e+00 -2.654500e-02
6.313967e+00 2.088426e+00 -2.515764e-02
6.313967e+00 2.685505e+00 -2.429061e-02
6.460246e+00 1.570796e-02 -2.416840e-04
6.460246e+00 2.346256e-02 -1.699215e-03
6.460246e+00 3.503514e-02 -2.125667e-03
6.460246e+00 5.263151e-02 -6.318744e-03
6.460246e+00 7.314235e-02 -1.523273e-02
6.460246e+00 1.025928e-01 -2.11864e-02
6.460246e+00 1.448116e-01 -2.914393e-02
6.460246e+00 2.023460e-01 -3.809757e-02
6.460246e+00 2.834245e-01 -4.190745e-02
6.460246e+00 3.967448e-01 -4.349113e-02
6.460246e+00 5.552783e-01 -4.198029e-02
6.460246e+00 7.774819e-01 -3.841316e-02
6.460246e+00 1.088445e+00 -3.284642e-02
6.460246e+00 1.523711e+00 -2.793526e-02
6.460246e+00 2.088426e+00 -2.638626e-02
6.460246e+00 2.685505e+00 -2.525176e-02
6.609451e+00 1.570796e-02 -2.225419e-04
6.609451e+00 2.346256e-02 -1.532479e-03
6.609451e+00 3.503514e-02 -1.930561e-03
6.609451e+00 5.263151e-02 -5.743523e-03
6.609451e+00 7.314235e-02 -1.383677e-02
6.609451e+00 1.025928e-01 -1.955289e-02
6.609451e+00 1.448116e-01 -2.751472e-02
6.609451e+00 2.023460e-01 -3.690828e-02
6.609451e+00 2.834245e-01 -4.168786e-02
6.609451e+00 3.967448e-01 -4.404073e-02
6.609451e+00 5.552783e-01 -4.301413e-02
6.609451e+00 7.774819e-01 -3.970896e-02
6.609451e+00 1.088445e+00 -3.409002e-02
6.609451e+00 1.523711e+00 -2.901537e-02
6.609451e+00 2.088426e+00 -2.736588e-02
6.609451e+00 2.685505e+00 -2.600513e-02
6.76164e+00 1.570796e-02 -2.015669e-04
6.76164e+00 2.346256e-02 -1.37069e-03
6.76164e+00 3.503514e-02 -1.754090e-03
6.76164e+00 5.263151e-02 -5.195128e-03
6.76164e+00 7.314235e-02 -1.2506e-02
6.76164e+00 1.025928e-01 -1.792818e-02
6.76164e+00 1.448116e-01 -2.566903e-02
6.76164e+00 2.023460e-01 -3.522292e-02
6.76164e+00 2.834245e-01 -4.087657e-02
6.76164e+00 3.967448e-01 -4.398199e-02
6.76164e+00 5.552783e-01 -4.353821e-02
6.76164e+00 7.774819e-01 -4.052577e-02
6.76164e+00 1.088445e+00 -3.493528e-02
6.76164e+00 1.523711e+00 -2.985740e-02
6.76164e+00 2.088426e+00 -2.802625e-02
6.76164e+00 2.685505e+00 -2.650071e-02
6.916873e+00 1.570796e-02 -1.801829e-04
6.916873e+00 2.346256e-02 -1.235503e-03
6.916873e+00 3.503514e-02 -1.594273e-03
6.916873e+00 5.263151e-02 -4.705644e-03
6.916873e+00 7.314235e-02 -1.12859e-02
6.916873e+00 1.025928e-01 -1.636009e-02
6.916873e+00 1.448116e-01 -2.372037e-02
6.916873e+00 2.023460e-01 -3.321414e-02
6.916873e+00 2.834245e-01 -3.948461e-02
6.916873e+00 3.967448e-01 -4.332949e-02
6.916873e+00 5.552783e-01 -4.357284e-02
6.916873e+00 7.774819e-01 -4.086299e-02
6.916873e+00 1.088445e+00 -3.544143e-02
6.916873e+00 1.523711e+00 -3.032934e-02
6.916873e+00 2.088426e+00 -2.854618e-02
6.916873e+00 2.685505e+00 -2.683079e-02
7.075210e+00 1.570796e-02 -1.617092e-04
7.075210e+00 2.346256e-02 -1.119804e-03
7.075210e+00 3.503514e-02 -1.453413e-03
7.075210e+00 5.263151e-02 -4.250198e-03
7.075210e+00 7.314235e-02 -1.017121e-02
7.075210e+00 1.025928e-01 -1.485685e-02
7.075210e+00 1.448116e-01 -2.176506e-02
7.075210e+00 2.023460e-01 -3.102598e-02
7.075210e+00 2.834245e-01 -3.774138e-02
7.075210e+00 3.967448e-01 -4.219607e-02
7.075210e+00 5.552783e-01 -4.315745e-02
7.075210e+00 7.774819e-01 -4.075853e-02
7.075210e+00 1.088445e+00 -3.560447e-02
7.075210e+00 1.523711e+00 -3.064540e-02
7.075210e+00 2.088426e+00 -2.887137e-02
7.075210e+00 2.685505e+00 -2.687188e-02
7.236714e+00 1.570796e-02 -1.465337e-04
7.236714e+00 2.346256e-02 -1.016818e-03
7.236714e+00 3.503514e-02 -1.322069e-03
7.236714e+00 5.263151e-02 -3.83525e-03
7.236714e+00 7.314235e-02 -9.158871e-03
7.236714e+00 1.025928e-01 -1.344868e-02
7.236714e+00 1.448116e-01 -1.987231e-02
7.236714e+00 2.023460e-01 -2.874789e-02
7.236714e+00 2.834245e-01 -3.569421e-02
7.236714e+00 3.967448e-01 -4.070412e-02
7.236714e+00 5.552783e-01 -4.224073e-02
7.236714e+00 7.774819e-01 -4.028245e-02
7.236714e+00 1.088445e+00 -3.548360e-02
7.236714e+00 1.523711e+00 -3.071836e-02
7.236714e+00 2.088426e+00 -2.896903e-02
7.236714e+00 2.685505e+00 -2.677286e-02
7.401449e+00 1.570796e-02 -1.333014e-04
7.401449e+00 2.346256e-02 -9.20911e-04
7.401449e+00 3.503514e-02 -1.205708e-03
7.401449e+00 5.263151e-02 -3.463036e-03
7.401449e+00 7.314235e-02 -8.252284e-03
7.401449e+00 1.025928e-01 -1.218429e-02
7.401449e+00 1.448116e-01 -1.808401e-02
7.401449e+00 2.023460e-01 -2.64616e-02
7.401449e+00 2.834245e-01 -3.343266e-02
7.401449e+00 3.967448e-01 -3.884821e-02
7.401449e+00 5.552783e-01 -4.090428e-02
7.401449e+00 7.774819e-01 -3.941504e-02
7.401449e+00 1.088445e+00 -3.503646e-02
7.401449e+00 1.523711e+00 -3.050720e-02
7.401449e+00 2.088426e+00 -2.883209e-02
7.401449e+00 2.685505e+00 -2.647083e-02
7.569477e+00 1.570796e-02 -1.209825e-04
7.569477e+00 2.346256e-02 -8.317361e-04
7.569477e+00 3.503514e-02 -1.091933e-03
7.569477e+00 5.263151e-02 -3.117793e-03
7.569477e+00 7.314235e-02 -7.427482e-03
7.569477e+00 1.025928e-01 -1.100066e-02
7.569477e+00 1.448116e-01 -1.640361e-02
7.569477e+00 2.023460e-01 -2.424042e-02
7.569477e+00 2.834245e-01 -3.107217e-02
7.569477e+00 3.967448e-01 -3.676205e-02
7.569477e+00 5.552783e-01 -3.931933e-02
7.569477e+00 7.774819e-01 -3.829129e-02
7.569477e+00 1.088445e+00 -3.437845e-02
7.569477e+00 1.523711e+00 -3.013658e-02
7.569477e+00 2.088426e+00 -2.851448e-02
7.569477e+00 2.685505e+00 -2.606314e-02
7.740867e+00 1.570796e-02 -1.089176e-04
7.740867e+00 2.346256e-02 -7.510817e-04
7.740867e+00 3.503514e-02 -9.864165e-04
7.740867e+00 5.263151e-02 -2.800197e-03
7.740867e+00 7.314235e-02 -6.683916e-03
7.740867e+00 1.025928e-01 -9.907523e-03
7.740867e+00 1.448116e-01 -1.482717e-02
7.740867e+00 2.023460e-01 -2.208621e-02
7.740867e+00 2.834245e-01 -2.871541e-02
7.740867e+00 3.967448e-01 -3.451069e-02
7.740867e+00 5.552783e-01 -3.748408e-02
7.740867e+00 7.774819e-01 -3.6901e-02
7.740867e+00 1.088445e+00 -3.344912e-02
7.740867e+00 1.523711e+00 -2.961343e-02
7.740867e+00 2.088426e+00 -2.812365e-02
7.740867e+00 2.685505e+00 -2.554732e-02
7.915684e+00 1.570796e-02 -9.728234e-05
7.915684e+00 2.346256e-02 -6.727245e-04
7.915684e+00 3.503514e-02 -8.876251e-04
7.915684e+00 5.263151e-02 -2.511313e-03
7.915684e+00 7.314235e-02 -6.002414e-03
7.915684e+00 1.025928e-01 -8.911316e-03
7.915684e+00 1.448116e-01 -1.335627e-02
7.915684e+00 2.023460e-01 -2.004711e-02
7.915684e+00 2.834245e-01 -2.636684e-02
7.915684e+00 3.967448e-01 -3.218345e-02
7.915684e+00 5.552783e-01 -3.546841e-02
7.915684e+00 7.774819e-01 -3.536211e-02
7.915684e+00 1.088445e+00 -3.236850e-02
7.915684e+00 1.523711e+00 -2.890964e-02
7.915684e+00 2.088426e+00 -2.756039e-02
7.915684e+00 2.685505e+00 -2.493835e-02
8.093998e+00 1.570796e-02 -8.71309e-05
8.093998e+00 2.346256e-02 -6.045116e-04
8.093998e+00 3.503514e-02 -7.958301e-04
8.093998e+00 5.263151e-02 -2.250335e-03
8.093998e+00 7.314235e-02 -5.380047e-03
8.093998e+00 1.025928e-01 -7.993984e-03
8.093998e+00 1.448116e-01 -1.199089e-02
8.093998e+00 2.023460e-01 -1.811737e-02
8.093998e+00 2.834245e-01 -2.408404e-02
8.093998e+00 3.967448e-01 -2.980215e-02
8.093998e+00 5.552783e-01 -3.329518e-02
8.093998e+00 7.774819e-01 -3.363974e-02
8.093998e+00 1.088445e+00 -3.111384e-02
8.093998e+00 1.523711e+00 -2.805681e-02
8.093998e+00 2.088426e+00 -2.689079e-02
8.093998e+00 2.685505e+00 -2.415253e-02
8.275878e+00 1.570796e-02 -7.797358e-05
8.275878e+00 2.346256e-02 -5.442401e-04
8.275878e+00 3.503514e-02 -7.101579e-04
8.275878e+00 5.263151e-02 -2.004481e-03
8.275878e+00 7.314235e-02 -4.805393e-03
8.275878e+00 1.025928e-01 -7.150918e-03
8.275878e+00 1.448116e-01 -1.073681e-02
8.275878e+00 2.023460e-01 -1.630678e-02
8.275878e+00 2.834245e-01 -2.189749e-02
8.275878e+00 3.967448e-01 -2.742731e-02
8.275878e+00 5.552783e-01 -3.10625e-02
8.275878e+00 7.774819e-01 -3.175951e-02
8.275878e+00 1.088445e+00 -2.973087e-02
8.275878e+00 1.523711e+00 -2.707934e-02
8.275878e+00 2.088426e+00 -2.608419e-02
8.275878e+00 2.685505e+00 -2.331865e-02
8.461396e+00 1.570796e-02 -7.011585e-05
8.461396e+00 2.346256e-02 -4.845679e-04
8.461396e+00 3.503514e-02 -6.344634e-04
8.461396e+00 5.263151e-02 -1.785486e-03
8.461396e+00 7.314235e-02 -4.283352e-03
8.461396e+00 1.025928e-01 -6.383155e-03
8.461396e+00 1.448116e-01 -9.588729e-03
8.461396e+00 2.023460e-01 -1.464175e-02
8.461396e+00 2.834245e-01 -1.980731e-02
8.461396e+00 3.967448e-01 -2.510364e-02
8.461396e+00 5.552783e-01 -2.878187e-02
8.461396e+00 7.774819e-01 -2.976886e-02
8.461396e+00 1.088445e+00 -2.821161e-02
8.461396e+00 1.523711e+00 -2.594658e-02
8.461396e+00 2.088426e+00 -2.516513e-02
8.461396e+00 2.685505e+00 -2.240268e-02
8.650623e+00 1.570796e-02 -6.256923e-05
8.650623e+00 2.346256e-02 -4.315179e-04
8.650623e+00 3.503514e-02 -5.665911e-04
8.650623e+00 5.263151e-02 -1.591843e-03
8.650623e+00 7.314235e-02 -3.812197e-03
8.650623e+00 1.025928e-01 -5.687977e-03
8.650623e+00 1.448116e-01 -8.554918e-03
8.650623e+00 2.023460e-01 -1.310173e-02
8.650623e+00 2.834245e-01 -1.784269e-02
8.650623e+00 3.967448e-01 -2.283216e-02
8.650623e+00 5.552783e-01 -2.648934e-02
8.650623e+00 7.774819e-01 -2.771106e-02
8.650623e+00 1.088445e+00 -2.658766e-02
8.650623e+00 1.523711e+00 -2.476049e-02
8.650623e+00 2.088426e+00 -2.415222e-02
8.650623e+00 2.685505e+00 -2.141515e-02
8.843636e+00 1.570796e-02 -5.636506e-05
8.843636e+00 2.346256e-02 -3.814798e-04
8.843636e+00 3.503514e-02 -5.038643e-04
8.843636e+00 5.263151e-02 -1.41409e-03
8.843636e+00 7.314235e-02 -3.385546e-03
8.843636e+00 1.025928e-01 -5.051877e-03
8.843636e+00 1.448116e-01 -7.616137e-03
8.843636e+00 2.023460e-01 -1.168984e-02
8.843636e+00 2.834245e-01 -1.600066e-02
8.843636e+00 3.967448e-01 -2.065106e-02
8.843636e+00 5.552783e-01 -2.424779e-02
8.843636e+00 7.774819e-01 -2.566670e-02
8.843636e+00 1.088445e+00 -2.492417e-02
8.843636e+00 1.523711e+00 -2.350744e-02
8.843636e+00 2.088426e+00 -2.308610e-02
8.843636e+00 2.685505e+00 -2.037003e-02
9.040509e+00 1.570796e-02 -4.999579e-05
9.040509e+00 2.346256e-02 -3.355809e-04
9.040509e+00 3.503514e-02 -4.486732e-04
9.040509e+00 5.263151e-02 -1.253928e-03
9.040509e+00 7.314235e-02 -2.999876e-03
9.040509e+00 1.025928e-01 -4.481203e-03
9.040509e+00 1.448116e-01 -6.75777e-03
9.040509e+00 2.023460e-01 -1.038592e-02
9.040509e+00 2.834245e-01 -1.429156e-02
9.040509e+00 3.967448e-01 -1.856687e-02
9.040509e+00 5.552783e-01 -2.207364e-02
9.040509e+00 7.774819e-01 -2.363745e-02
9.040509e+00 1.088445e+00 -2.325187e-02
9.040509e+00 1.523711e+00 -2.220502e-02
9.040509e+00 2.088426e+00 -2.196890e-02
9.040509e+00 2.685505e+00 -1.937196e-02
9.241319e+00 1.570796e-02 -4.414289e-05
9.241319e+00 2.346256e-02 -2.963593e-04
9.241319e+00 3.503514e-02 -3.969062e-04
9.241319e+00 5.263151e-02 -1.107122e-03
9.241319e+00 7.314235e-02 -2.651937e-03
9.241319e+00 1.025928e-01 -3.959551e-03
9.241319e+00 1.448116e-01 -5.988872e-03
9.241319e+00 2.023460e-01 -9.205833e-03
9.241319e+00 2.834245e-01 -1.271491e-02
9.241319e+00 3.967448e-01 -1.663237e-02
9.241319e+00 5.552783e-01 -1.997378e-02
9.241319e+00 7.774819e-01 -2.164775e-02
9.241319e+00 1.088445e+00 -2.155527e-02
9.241319e+00 1.523711e+00 -2.085700e-02
9.241319e+00 2.088426e+00 -2.077203e-02
9.241319e+00 2.685505e+00 -1.827138e-02
9.446145e+00 1.570796e-02 -3.911147e-05
9.446145e+00 2.346256e-02 -2.628980e-04
9.446145e+00 3.503514e-02 -3.503831e-04
9.446145e+00 5.263151e-02 -9.753321e-04
9.446145e+00 7.314235e-02 -2.339307e-03
9.446145e+00 1.025928e-01 -3.484474e-03
9.446145e+00 1.448116e-01 -5.284742e-03
9.446145e+00 2.023460e-01 -8.133563e-03
9.446145e+00 2.834245e-01 -1.127113e-02
9.446145e+00 3.967448e-01 -1.482913e-02
9.446145e+00 5.552783e-01 -1.796871e-02
9.446145e+00 7.774819e-01 -1.970845e-02
9.446145e+00 1.088445e+00 -1.986734e-02
9.446145e+00 1.523711e+00 -1.951115e-02
9.446145e+00 2.088426e+00 -1.958706e-02
9.446145e+00 2.685505e+00 -1.716448e-02
9.655068e+00 1.570796e-02 -3.429144e-05
9.655068e+00 2.346256e-02 -2.320044e-04
9.655068e+00 3.503514e-02 -3.093092e-04
9.655068e+00 5.263151e-02 -8.563905e-04
9.655068e+00 7.314235e-02 -2.053311e-03
9.655068e+00 1.025928e-01 -3.062692e-03
9.655068e+00 1.448116e-01 -4.647967e-03
9.655068e+00 2.023460e-01 -7.156633e-03
9.655068e+00 2.834245e-01 -9.949313e-03
9.655068e+00 3.967448e-01 -1.317116e-02
9.655068e+00 5.552783e-01 -1.60844e-02
9.655068e+00 7.774819e-01 -1.785165e-02
9.655068e+00 1.088445e+00 -1.820108e-02
9.655068e+00 1.523711e+00 -1.815843e-02
9.655068e+00 2.088426e+00 -1.839558e-02
9.655068e+00 2.685505e+00 -1.613736e-02
9.86817e+00 1.570796e-02 -3.026906e-05
9.86817e+00 2.346256e-02 -2.048683e-04
9.86817e+00 3.503514e-02 -2.713246e-04
9.86817e+00 5.263151e-02 -7.497525e-04
9.86817e+00 7.314235e-02 -1.798151e-03
9.86817e+00 1.025928e-01 -2.678171e-03
9.86817e+00 1.448116e-01 -4.061614e-03
9.86817e+00 2.023460e-01 -6.25527e-03
9.86817e+00 2.834245e-01 -8.737640e-03
9.86817e+00 3.967448e-01 -1.162055e-02
9.86817e+00 5.552783e-01 -1.43125e-02
9.86817e+00 7.774819e-01 -1.607256e-02
9.86817e+00 1.088445e+00 -1.661671e-02
9.86817e+00 1.523711e+00 -1.680538e-02
9.86817e+00 2.088426e+00 -1.719984e-02
9.86817e+00 2.685505e+00 -1.505584e-02
1.008553e+01 1.570796e-02 -2.617443e-05
1.008553e+01 2.346256e-02 -1.803971e-04
1.008553e+01 3.503514e-02 -2.356006e-04
1.008553e+01 5.263151e-02 -6.547347e-04
1.008553e+01 7.314235e-02 -1.565258e-03
1.008553e+01 1.025928e-01 -2.335526e-03
1.008553e+01 1.448116e-01 -3.545013e-03
1.008553e+01 2.023460e-01 -5.461304e-03
1.008553e+01 2.834245e-01 -7.648315e-03
1.008553e+01 3.967448e-01 -1.021264e-02
1.008553e+01 5.552783e-01 -1.266334e-02
1.008553e+01 7.774819e-01 -1.44121e-02
1.008553e+01 1.088445e+00 -1.508902e-02
1.008553e+01 1.523711e+00 -1.548403e-02
1.008553e+01 2.088426e+00 -1.598413e-02
1.008553e+01 2.685505e+00 -1.401029e-02
1.030724e+01 1.570796e-02 -2.273563e-05
1.030724e+01 2.346256e-02 -1.581127e-04
1.030724e+01 3.503514e-02 -2.05552e-04
1.030724e+01 5.263151e-02 -5.687612e-04
1.030724e+01 7.314235e-02 -1.358856e-03
1.030724e+01 1.025928e-01 -2.032575e-03
1.030724e+01 1.448116e-01 -3.086451e-03
1.030724e+01 2.023460e-01 -4.760358e-03
1.030724e+01 2.834245e-01 -6.673120e-03
1.030724e+01 3.967448e-01 -8.944283e-03
1.030724e+01 5.552783e-01 -1.115748e-02
1.030724e+01 7.774819e-01 -1.285129e-02
1.030724e+01 1.088445e+00 -1.362883e-02
1.030724e+01 1.523711e+00 -1.419656e-02
1.030724e+01 2.088426e+00 -1.478374e-02
1.030724e+01 2.685505e+00 -1.294402e-02
1.053339e+01 1.570796e-02 -1.956546e-05
1.053339e+01 2.346256e-02 -1.375748e-04
1.053339e+01 3.503514e-02 -1.781687e-04
1.053339e+01 5.263151e-02 -4.939336e-04
1.053339e+01 7.314235e-02 -1.177202e-03
1.053339e+01 1.025928e-01 -1.760751e-03
1.053339e+01 1.448116e-01 -2.680689e-03
1.053339e+01 2.023460e-01 -4.125452e-03
1.053339e+01 2.834245e-01 -5.801807e-03
1.053339e+01 3.967448e-01 -7.795367e-03
1.053339e+01 5.552783e-01 -9.767534e-03
1.053339e+01 7.774819e-01 -1.138503e-02
1.053339e+01 1.088445e+00 -1.222821e-02
1.053339e+01 1.523711e+00 -1.295976e-02
1.053339e+01 2.088426e+00 -1.363003e-02
1.053339e+01 2.685505e+00 -1.191914e-02
1.076406e+01 1.570796e-02 -1.674544e-05
1.076406e+01 2.346256e-02 -1.182388e-04
1.076406e+01 3.503514e-02 -1.532876e-04
1.076406e+01 5.263151e-02 -4.261818e-04
1.076406e+01 7.314235e-02 -1.015329e-03
1.076406e+01 1.025928e-01 -1.515951e-03
1.076406e+01 1.448116e-01 -2.314434e-03
1.076406e+01 2.023460e-01 -3.567177e-03
1.076406e+01 2.834245e-01 -5.013266e-03
1.076406e+01 3.967448e-01 -6.754621e-03
1.076406e+01 5.552783e-01 -8.510914e-03
1.076406e+01 7.774819e-01 -1.002834e-02
1.076406e+01 1.088445e+00 -1.092737e-02
1.076406e+01 1.523711e+00 -1.176206e-02
1.076406e+01 2.088426e+00 -1.249234e-02
1.076406e+01 2.685505e+00 -1.095523e-02
1.099934e+01 1.570796e-02 -1.447638e-05
1.099934e+01 2.346256e-02 -1.009856e-04
1.099934e+01 3.503514e-02 -1.317530e-04
1.099934e+01 5.263151e-02 -3.656761e-04
1.099934e+01 7.314235e-02 -8.725031e-04
1.099934e+01 1.025928e-01 -1.299546e-03
1.099934e+01 1.448116e-01 -1.990796e-03
1.099934e+01 2.023460e-01 -3.067438e-03
1.099934e+01 2.834245e-01 -4.313872e-03
1.099934e+01 3.967448e-01 -5.827168e-03
1.099934e+01 5.552783e-01 -7.375128e-03
1.099934e+01 7.774819e-01 -8.790510e-03
1.099934e+01 1.088445e+00 -9.711282e-03
1.099934e+01 1.523711e+00 -1.060472e-02
1.099934e+01 2.088426e+00 -1.139359e-02
1.099934e+01 2.685505e+00 -1.000453e-02
1.123932e+01 1.570796e-02 -1.243561e-05
1.123932e+01 2.346256e-02 -8.697054e-05
1.123932e+01 3.503514e-02 -1.128064e-04
1.123932e+01 5.263151e-02 -3.151421e-04
1.123932e+01 7.314235e-02 -7.473853e-04
1.123932e+01 1.025928e-01 -1.11208e-03
1.123932e+01 1.448116e-01 -1.709046e-03
1.123932e+01 2.023460e-01 -2.623375e-03
1.123932e+01 2.834245e-01 -3.697904e-03
1.123932e+01 3.967448e-01 -5.005985e-03
1.123932e+01 5.552783e-01 -6.368146e-03
1.123932e+01 7.774819e-01 -7.666392e-03
1.123932e+01 1.088445e+00 -8.586591e-03
1.123932e+01 1.523711e+00 -9.539038e-03
1.123932e+01 2.088426e+00 -1.034732e-02
1.123932e+01 2.685505e+00 -9.094939e-03
1.148411e+01 1.570796e-02 -1.065079e-05
1.148411e+01 2.346256e-02 -7.351931e-05
1.148411e+01 3.503514e-02 -9.609201e-05
1.148411e+01 5.263151e-02 -2.685433e-04
1.148411e+01 7.314235e-02 -6.368363e-04
1.148411e+01 1.025928e-01 -9.445602e-04
1.148411e+01 1.448116e-01 -1.459043e-03
1.148411e+01 2.023460e-01 -2.232973e-03
1.148411e+01 2.834245e-01 -3.151131e-03
1.148411e+01 3.967448e-01 -4.275735e-03
1.148411e+01 5.552783e-01 -5.467034e-03
1.148411e+01 7.774819e-01 -6.639879e-03
1.148411e+01 1.088445e+00 -7.545844e-03
1.148411e+01 1.523711e+00 -8.522269e-03
1.148411e+01 2.088426e+00 -9.339796e-03
1.148411e+01 2.685505e+00 -8.287695e-03
1.173379e+01 1.570796e-02 -9.049868e-06
1.173379e+01 2.346256e-02 -6.226265e-05
1.173379e+01 3.503514e-02 -8.222470e-05
1.173379e+01 5.263151e-02 -2.283555e-04
1.173379e+01 7.314235e-02 -5.418122e-04
1.173379e+01 1.025928e-01 -7.993353e-04
1.173379e+01 1.448116e-01 -1.241330e-03
1.173379e+01 2.023460e-01 -1.891701e-03
1.173379e+01 2.834245e-01 -2.679716e-03
1.173379e+01 3.967448e-01 -3.637982e-03
1.173379e+01 5.552783e-01 -4.673314e-03
1.173379e+01 7.774819e-01 -5.727964e-03
1.173379e+01 1.088445e+00 -6.593432e-03
1.173379e+01 1.523711e+00 -7.579105e-03
1.173379e+01 2.088426e+00 -8.393366e-03
1.173379e+01 2.685505e+00 -7.445359e-03
1.198847e+01 1.570796e-02 -7.586936e-06
1.198847e+01 2.346256e-02 -5.226074e-05
1.198847e+01 3.503514e-02 -6.893798e-05
1.198847e+01 5.263151e-02 -1.927403e-04
1.198847e+01 7.314235e-02 -4.567443e-04
1.198847e+01 1.025928e-01 -6.715799e-04
1.198847e+01 1.448116e-01 -1.048221e-03
1.198847e+01 2.023460e-01 -1.598644e-03
1.198847e+01 2.834245e-01 -2.26772e-03
1.198847e+01 3.967448e-01 -3.076421e-03
1.198847e+01 5.552783e-01 -3.970754e-03
1.198847e+01 7.774819e-01 -4.908021e-03
1.198847e+01 1.088445e+00 -5.740201e-03
1.198847e+01 1.523711e+00 -6.706518e-03
1.198847e+01 2.088426e+00 -7.478269e-03
1.198847e+01 2.685505e+00 -6.631246e-03
1.224824e+01 1.570796e-02 -6.388213e-06
1.224824e+01 2.346256e-02 -4.375563e-05
1.224824e+01 3.503514e-02 -5.817627e-05
1.224824e+01 5.263151e-02 -1.622756e-04
1.224824e+01 7.314235e-02 -3.835929e-04
1.224824e+01 1.025928e-01 -5.650608e-04
1.224824e+01 1.448116e-01 -8.822593e-04
1.224824e+01 2.023460e-01 -1.341513e-03
1.224824e+01 2.834245e-01 -1.908306e-03
1.224824e+01 3.967448e-01 -2.591591e-03
1.224824e+01 5.552783e-01 -3.360104e-03
1.224824e+01 7.774819e-01 -4.197604e-03
1.224824e+01 1.088445e+00 -4.972808e-03
1.224824e+01 1.523711e+00 -5.896749e-03
1.224824e+01 2.088426e+00 -6.641490e-03
1.224824e+01 2.685505e+00 -5.904392e-03
1.251320e+01 1.570796e-02 -5.388726e-06
1.251320e+01 2.346256e-02 -3.650456e-05
1.251320e+01 3.503514e-02 -4.833325e-05
1.251320e+01 5.263151e-02 -1.356245e-04
1.251320e+01 7.314235e-02 -3.205038e-04
1.251320e+01 1.025928e-01 -4.724753e-04
1.251320e+01 1.448116e-01 -7.397388e-04
1.251320e+01 2.023460e-01 -1.123293e-03
1.251320e+01 2.834245e-01 -1.599156e-03
1.251320e+01 3.967448e-01 -2.174249e-03
1.251320e+01 5.552783e-01 -2.832045e-03
1.251320e+01 7.774819e-01 -3.563749e-03
1.251320e+01 1.088445e+00 -4.279887e-03
1.251320e+01 1.523711e+00 -5.151715e-03
1.251320e+01 2.088426e+00 -5.871758e-03
1.251320e+01 2.685505e+00 -5.233567e-03
1.278347e+01 1.570796e-02 -4.416054e-06
1.278347e+01 2.346256e-02 -3.001754e-05
1.278347e+01 3.503514e-02 -4.000773e-05
1.278347e+01 5.263151e-02 -1.130632e-04
1.278347e+01 7.314235e-02 -2.654850e-04
1.278347e+01 1.025928e-01 -3.937962e-04
1.278347e+01 1.448116e-01 -6.150422e-04
1.278347e+01 2.023460e-01 -9.327934e-04
1.278347e+01 2.834245e-01 -1.330935e-03
1.278347e+01 3.967448e-01 -1.812303e-03
1.278347e+01 5.552783e-01 -2.370338e-03
1.278347e+01 7.774819e-01 -3.003858e-03
1.278347e+01 1.088445e+00 -3.662125e-03
1.278347e+01 1.523711e+00 -4.477257e-03
1.278347e+01 2.088426e+00 -5.143031e-03
1.278347e+01 2.685505e+00 -4.604843e-03
1.305914e+01 1.570796e-02 -3.631659e-06
1.305914e+01 2.346256e-02 -2.507473e-05
1.305914e+01 3.503514e-02 -3.365363e-05
1.305914e+01 5.263151e-02 -9.39177e-05
1.305914e+01 7.314235e-02 -2.20466e-04
1.305914e+01 1.025928e-01 -3.266564e-04
1.305914e+01 1.448116e-01 -5.123965e-04
1.305914e+01 2.023460e-01 -7.741763e-04
1.305914e+01 2.834245e-01 -1.107704e-03
1.305914e+01 3.967448e-01 -1.507235e-03
1.305914e+01 5.552783e-01 -1.977693e-03
1.305914e+01 7.774819e-01 -2.532437e-03
1.305914e+01 1.088445e+00 -3.127654e-03
1.305914e+01 1.523711e+00 -3.881598e-03
1.305914e+01 2.088426e+00 -4.500736e-03
1.305914e+01 2.685505e+00 -4.026983e-03
1.334032e+01 1.570796e-02 -3.003369e-06
1.334032e+01 2.346256e-02 -2.07521e-05
1.334032e+01 3.503514e-02 -2.769672e-05
1.334032e+01 5.263151e-02 -7.70929e-05
1.334032e+01 7.314235e-02 -1.809846e-04
1.334032e+01 1.025928e-01 -2.687879e-04
1.334032e+01 1.448116e-01 -4.220199e-04
1.334032e+01 2.023460e-01 -6.383451e-04
1.334032e+01 2.834245e-01 -9.164299e-04
1.334032e+01 3.967448e-01 -1.243420e-03
1.334032e+01 5.552783e-01 -1.636481e-03
1.334032e+01 7.774819e-01 -2.115466e-03
1.334032e+01 1.088445e+00 -2.647026e-03
1.334032e+01 1.523711e+00 -3.333934e-03
1.334032e+01 2.088426e+00 -3.911844e-03
1.334032e+01 2.685505e+00 -3.517785e-03
1.362713e+01 1.570796e-02 -2.398219e-06
1.362713e+01 2.346256e-02 -1.724944e-05
1.362713e+01 3.503514e-02 -2.252378e-05
1.362713e+01 5.263151e-02 -6.348231e-05
1.362713e+01 7.314235e-02 -1.483319e-04
1.362713e+01 1.025928e-01 -2.207247e-04
1.362713e+01 1.448116e-01 -3.450746e-04
1.362713e+01 2.023460e-01 -5.247722e-04
1.362713e+01 2.834245e-01 -7.54871e-04
1.362713e+01 3.967448e-01 -1.027497e-03
1.362713e+01 5.552783e-01 -1.352241e-03
1.362713e+01 7.774819e-01 -1.764848e-03
1.362713e+01 1.088445e+00 -2.237059e-03
1.362713e+01 1.523711e+00 -2.850365e-03
1.362713e+01 2.088426e+00 -3.377106e-03
1.362713e+01 2.685505e+00 -3.044482e-03
1.391967e+01 1.570796e-02 -2.003756e-06
1.391967e+01 2.346256e-02 -1.389183e-05
1.391967e+01 3.503514e-02 -1.850745e-05
1.391967e+01 5.263151e-02 -5.140311e-05
1.391967e+01 7.314235e-02 -1.200381e-04
1.391967e+01 1.025928e-01 -1.805246e-04
1.391967e+01 1.448116e-01 -2.814501e-04
1.391967e+01 2.023460e-01 -4.269944e-04
1.391967e+01 2.834245e-01 -6.145033e-04
1.391967e+01 3.967448e-01 -8.397e-04
1.391967e+01 5.552783e-01 -1.107688e-03
1.391967e+01 7.774819e-01 -1.452114e-03
1.391967e+01 1.088445e+00 -1.868711e-03
1.391967e+01 1.523711e+00 -2.408687e-03
1.391967e+01 2.088426e+00 -2.875125e-03
1.391967e+01 2.685505e+00 -2.602703e-03
1.421806e+01 1.570796e-02 -1.636265e-06
1.421806e+01 2.346256e-02 -1.124574e-05
1.421806e+01 3.503514e-02 -1.515806e-05
1.421806e+01 5.263151e-02 -4.156733e-05
1.421806e+01 7.314235e-02 -9.759420e-05
1.421806e+01 1.025928e-01 -1.471582e-04
1.421806e+01 1.448116e-01 -2.284088e-04
1.421806e+01 2.023460e-01 -3.466556e-04
1.421806e+01 2.834245e-01 -5.002053e-04
1.421806e+01 3.967448e-01 -6.824074e-04
1.421806e+01 5.552783e-01 -9.029858e-04
1.421806e+01 7.774819e-01 -1.194846e-03
1.421806e+01 1.088445e+00 -1.551366e-03
1.421806e+01 1.523711e+00 -2.027316e-03
1.421806e+01 2.088426e+00 -2.432429e-03
1.421806e+01 2.685505e+00 -2.199260e-03
1.452242e+01 1.570796e-02 -1.314142e-06
1.452242e+01 2.346256e-02 -8.666956e-06
1.452242e+01 3.503514e-02 -1.222842e-05
1.452242e+01 5.263151e-02 -3.340069e-05
1.452242e+01 7.314235e-02 -7.837934e-05
1.452242e+01 1.025928e-01 -1.177564e-04
1.452242e+01 1.448116e-01 -1.848050e-04
1.452242e+01 2.023460e-01 -2.794845e-04
1.452242e+01 2.834245e-01 -4.038340e-04
1.452242e+01 3.967448e-01 -5.515333e-04
1.452242e+01 5.552783e-01 -7.319299e-04
1.452242e+01 7.774819e-01 -9.77179e-04
1.452242e+01 1.088445e+00 -1.282499e-03
1.452242e+01 1.523711e+00 -1.691021e-03
1.452242e+01 2.088426e+00 -2.038753e-03
1.452242e+01 2.685505e+00 -1.839447e-03
1.483287e+01 1.570796e-02 -1.075712e-06
1.483287e+01 2.346256e-02 -6.908795e-06
1.483287e+01 3.503514e-02 -9.881575e-06
1.483287e+01 5.263151e-02 -2.650746e-05
1.483287e+01 7.314235e-02 -6.270724e-05
1.483287e+01 1.025928e-01 -9.424963e-05
1.483287e+01 1.448116e-01 -1.467911e-04
1.483287e+01 2.023460e-01 -2.232214e-04
1.483287e+01 2.834245e-01 -3.241432e-04
1.483287e+01 3.967448e-01 -4.406164e-04
1.483287e+01 5.552783e-01 -5.89049e-04
1.483287e+01 7.774819e-01 -7.903392e-04
1.483287e+01 1.088445e+00 -1.048571e-03
1.483287e+01 1.523711e+00 -1.402460e-03
1.483287e+01 2.088426e+00 -1.698373e-03
1.483287e+01 2.685505e+00 -1.540898e-03
1.514953e+01 1.570796e-02 -8.594378e-07
1.514953e+01 2.346256e-02 -5.374731e-06
1.514953e+01 3.503514e-02 -7.887485e-06
1.514953e+01 5.263151e-02 -2.111960e-05
1.514953e+01 7.314235e-02 -4.951812e-05
1.514953e+01 1.025928e-01 -7.449914e-05
1.514953e+01 1.448116e-01 -1.166440e-04
1.514953e+01 2.023460e-01 -1.77276e-04
1.514953e+01 2.834245e-01 -2.586119e-04
1.514953e+01 3.967448e-01 -3.500676e-04
1.514953e+01 5.552783e-01 -4.711478e-04
1.514953e+01 7.774819e-01 -6.372387e-04
1.514953e+01 1.088445e+00 -8.538125e-04
1.514953e+01 1.523711e+00 -1.151724e-03
1.514953e+01 2.088426e+00 -1.405459e-03
1.514953e+01 2.685505e+00 -1.279259e-03
1.547252e+01 1.570796e-02 -6.855440e-07
1.547252e+01 2.346256e-02 -4.261369e-06
1.547252e+01 3.503514e-02 -6.174672e-06
1.547252e+01 5.263151e-02 -1.671848e-05
1.547252e+01 7.314235e-02 -3.882234e-05
1.547252e+01 1.025928e-01 -5.842318e-05
1.547252e+01 1.448116e-01 -9.245176e-05
1.547252e+01 2.023460e-01 -1.382018e-04
1.547252e+01 2.834245e-01 -2.040687e-04
1.547252e+01 3.967448e-01 -2.766899e-04
1.547252e+01 5.552783e-01 -3.737647e-04
1.547252e+01 7.774819e-01 -5.107090e-04
1.547252e+01 1.088445e+00 -6.918551e-04
1.547252e+01 1.523711e+00 -9.414321e-04
1.547252e+01 2.088426e+00 -1.15365e-03
1.547252e+01 2.685505e+00 -1.040640e-03
1.580197e+01 1.570796e-02 -5.101136e-07
1.580197e+01 2.346256e-02 -3.336244e-06
1.580197e+01 3.503514e-02 -4.678541e-06
1.580197e+01 5.263151e-02 -1.294634e-05
1.580197e+01 7.314235e-02 -3.028216e-05
1.580197e+01 1.025928e-01 -4.525092e-05
1.580197e+01 1.448116e-01 -7.206074e-05
1.580197e+01 2.023460e-01 -1.069410e-04
1.580197e+01 2.834245e-01 -1.584484e-04
1.580197e+01 3.967448e-01 -2.154422e-04
1.580197e+01 5.552783e-01 -2.922519e-04
1.580197e+01 7.774819e-01 -4.030740e-04
1.580197e+01 1.088445e+00 -5.478594e-04
1.580197e+01 1.523711e+00 -7.528083e-04
1.580197e+01 2.088426e+00 -9.279855e-04
1.580197e+01 2.685505e+00 -8.390785e-04
1.613801e+01 1.570796e-02 -3.935235e-07
1.613801e+01 2.346256e-02 -2.480974e-06
1.613801e+01 3.503514e-02 -3.653046e-06
1.613801e+01 5.263151e-02 -9.992099e-06
1.613801e+01 7.314235e-02 -2.307559e-05
1.613801e+01 1.025928e-01 -3.479159e-05
1.613801e+01 1.448116e-01 -5.573262e-05
1.613801e+01 2.023460e-01 -8.233105e-05
1.613801e+01 2.834245e-01 -1.21879e-04
1.613801e+01 3.967448e-01 -1.660058e-04
1.613801e+01 5.552783e-01 -2.250456e-04
1.613801e+01 7.774819e-01 -3.136739e-04
1.613801e+01 1.088445e+00 -4.311394e-04
1.613801e+01 1.523711e+00 -5.955823e-04
1.613801e+01 2.088426e+00 -7.361302e-04
1.613801e+01 2.685505e+00 -6.692231e-04
1.648077e+01 1.570796e-02 -3.190575e-07
1.648077e+01 2.346256e-02 -1.854486e-06
1.648077e+01 3.503514e-02 -2.705942e-06
1.648077e+01 5.263151e-02 -7.515038e-06
1.648077e+01 7.314235e-02 -1.767325e-05
1.648077e+01 1.025928e-01 -2.603859e-05
1.648077e+01 1.448116e-01 -4.238230e-05
1.648077e+01 2.023460e-01 -6.273504e-05
1.648077e+01 2.834245e-01 -9.304879e-05
1.648077e+01 3.967448e-01 -1.266786e-04
1.648077e+01 5.552783e-01 -1.722855e-04
1.648077e+01 7.774819e-01 -2.423302e-04
1.648077e+01 1.088445e+00 -3.331469e-04
1.648077e+01 1.523711e+00 -4.636986e-04
1.648077e+01 2.088426e+00 -5.783069e-04
1.648077e+01 2.685505e+00 -5.198569e-04
1.683038e+01 1.570796e-02 -2.37108e-07
1.683038e+01 2.346256e-02 -1.368616e-06
1.683038e+01 3.503514e-02 -1.936513e-06
1.683038e+01 5.263151e-02 -5.436686e-06
1.683038e+01 7.314235e-02 -1.291828e-05
1.683038e+01 1.025928e-01 -1.957513e-05
1.683038e+01 1.448116e-01 -3.174563e-05
1.683038e+01 2.023460e-01 -4.704546e-05
1.683038e+01 2.834245e-01 -6.904777e-05
1.683038e+01 3.967448e-01 -9.424013e-05
1.683038e+01 5.552783e-01 -1.290339e-04
1.683038e+01 7.774819e-01 -1.841652e-04
1.683038e+01 1.088445e+00 -2.53465e-04
1.683038e+01 1.523711e+00 -3.565581e-04
1.683038e+01 2.088426e+00 -4.460859e-04
1.683038e+01 2.685505e+00 -4.036422e-04
1.718699e+01 1.570796e-02 -1.702708e-07
1.718699e+01 2.346256e-02 -9.506555e-07
1.718699e+01 3.503514e-02 -1.523626e-06
1.718699e+01 5.263151e-02 -4.046902e-06
1.718699e+01 7.314235e-02 -9.482715e-06
1.718699e+01 1.025928e-01 -1.419375e-05
1.718699e+01 1.448116e-01 -2.348794e-05
1.718699e+01 2.023460e-01 -3.497772e-05
1.718699e+01 2.834245e-01 -5.097044e-05
1.718699e+01 3.967448e-01 -6.979027e-05
1.718699e+01 5.552783e-01 -9.608961e-05
1.718699e+01 7.774819e-01 -1.387047e-04
1.718699e+01 1.088445e+00 -1.92136e-04
1.718699e+01 1.523711e+00 -2.695109e-04
1.718699e+01 2.088426e+00 -3.394380e-04
1.718699e+01 2.685505e+00 -3.088576e-04
1.755073e+01 1.570796e-02 -1.325688e-07
1.755073e+01 2.346256e-02 -7.313783e-07
1.755073e+01 3.503514e-02 -1.116242e-06
1.755073e+01 5.263151e-02 -3.010174e-06
1.755073e+01 7.314235e-02 -6.896629e-06
1.755073e+01 1.025928e-01 -1.031628e-05
1.755073e+01 1.448116e-01 -1.668357e-05
1.755073e+01 2.023460e-01 -2.521625e-05
1.755073e+01 2.834245e-01 -3.690473e-05
1.755073e+01 3.967448e-01 -5.083461e-05
1.755073e+01 5.552783e-01 -7.013053e-05
1.755073e+01 7.774819e-01 -1.02104e-04
1.755073e+01 1.088445e+00 -1.431334e-04
1.755073e+01 1.523711e+00 -2.011502e-04
1.755073e+01 2.088426e+00 -2.540748e-04
1.755073e+01 2.685505e+00 -2.319073e-04
1.792175e+01 1.570796e-02 -1.021726e-07
1.792175e+01 2.346256e-02 -4.935110e-07
1.792175e+01 3.503514e-02 -8.192764e-07
1.792175e+01 5.263151e-02 -2.227384e-06
1.792175e+01 7.314235e-02 -5.122017e-06
1.792175e+01 1.025928e-01 -7.463566e-06
1.792175e+01 1.448116e-01 -1.202377e-05
1.792175e+01 2.023460e-01 -1.824921e-05
1.792175e+01 2.834245e-01 -2.666917e-05
1.792175e+01 3.967448e-01 -3.703140e-05
1.792175e+01 5.552783e-01 -5.136724e-05
1.792175e+01 7.774819e-01 -7.525746e-05
1.792175e+01 1.088445e+00 -1.057710e-04
1.792175e+01 1.523711e+00 -1.492031e-04
1.792175e+01 2.088426e+00 -1.878557e-04
1.792175e+01 2.685505e+00 -1.728179e-04
1.830018e+01 1.570796e-02 -7.559189e-08
1.830018e+01 2.346256e-02 -3.117080e-07
1.830018e+01 3.503514e-02 -5.531456e-07
1.830018e+01 5.263151e-02 -1.532469e-06
1.830018e+01 7.314235e-02 -3.664139e-06
1.830018e+01 1.025928e-01 -5.352006e-06
1.830018e+01 1.448116e-01 -8.549886e-06
1.830018e+01 2.023460e-01 -1.286575e-05
1.830018e+01 2.834245e-01 -1.93485e-05
1.830018e+01 3.967448e-01 -2.663329e-05
1.830018e+01 5.552783e-01 -3.668741e-05
1.830018e+01 7.774819e-01 -5.454425e-05
1.830018e+01 1.088445e+00 -7.702445e-05
1.830018e+01 1.523711e+00 -1.088979e-04
1.830018e+01 2.088426e+00 -1.385782e-04
1.830018e+01 2.685505e+00 -1.285388e-04
1.868618e+01 1.570796e-02 -5.822961e-08
1.868618e+01 2.346256e-02 -2.307464e-07
1.868618e+01 3.503514e-02 -3.996936e-07
1.868618e+01 5.263151e-02 -1.010451e-06
1.868618e+01 7.314235e-02 -2.520135e-06
1.868618e+01 1.025928e-01 -3.660829e-06
1.868618e+01 1.448116e-01 -5.920210e-06
1.868618e+01 2.023460e-01 -8.954295e-06
1.868618e+01 2.834245e-01 -1.363411e-05
1.868618e+01 3.967448e-01 -1.887714e-05
1.868618e+01 5.552783e-01 -2.612969e-05
1.868618e+01 7.774819e-01 -3.902351e-05
1.868618e+01 1.088445e+00 -5.582855e-05
1.868618e+01 1.523711e+00 -7.899838e-05
1.868618e+01 2.088426e+00 -1.014339e-04
1.868618e+01 2.685505e+00 -9.532988e-05
1.907991e+01 1.570796e-02 -4.662315e-08
1.907991e+01 2.346256e-02 -1.400843e-07
1.907991e+01 3.503514e-02 -2.415685e-07
1.907991e+01 5.263151e-02 -6.950468e-07
1.907991e+01 7.314235e-02 -1.80271e-06
1.907991e+01 1.025928e-01 -2.508362e-06
1.907991e+01 1.448116e-01 -4.132225e-06
1.907991e+01 2.023460e-01 -6.165529e-06
1.907991e+01 2.834245e-01 -9.504635e-06
1.907991e+01 3.967448e-01 -1.310813e-05
1.907991e+01 5.552783e-01 -1.837671e-05
1.907991e+01 7.774819e-01 -2.748843e-05
1.907991e+01 1.088445e+00 -3.908696e-05
1.907991e+01 1.523711e+00 -5.558547e-05
1.907991e+01 2.088426e+00 -7.206897e-05
1.907991e+01 2.685505e+00 -6.723387e-05
1.948151e+01 1.570796e-02 -2.63875e-08
1.948151e+01 2.346256e-02 -1.131502e-07
1.948151e+01 3.503514e-02 -1.66785e-07
1.948151e+01 5.263151e-02 -4.680025e-07
1.948151e+01 7.314235e-02 -1.171194e-06
1.948151e+01 1.025928e-01 -1.684572e-06
1.948151e+01 1.448116e-01 -2.730831e-06
1.948151e+01 2.023460e-01 -4.131220e-06
1.948151e+01 2.834245e-01 -6.349594e-06
1.948151e+01 3.967448e-01 -8.785612e-06
1.948151e+01 5.552783e-01 -1.260407e-05
1.948151e+01 7.774819e-01 -1.875002e-05
1.948151e+01 1.088445e+00 -2.690368e-05
1.948151e+01 1.523711e+00 -3.837103e-05
1.948151e+01 2.088426e+00 -4.988920e-05
1.948151e+01 2.685505e+00 -4.600118e-05
1.989114e+01 1.570796e-02 -2.224759e-08
1.989114e+01 2.346256e-02 -7.839900e-08
1.989114e+01 3.503514e-02 -1.054727e-07
1.989114e+01 5.263151e-02 -3.14616e-07
1.989114e+01 7.314235e-02 -7.591018e-07
1.989114e+01 1.025928e-01 -1.123666e-06
1.989114e+01 1.448116e-01 -1.826481e-06
1.989114e+01 2.023460e-01 -2.725614e-06
1.989114e+01 2.834245e-01 -4.201506e-06
1.989114e+01 3.967448e-01 -5.821533e-06
1.989114e+01 5.552783e-01 -8.441594e-06
1.989114e+01 7.774819e-01 -1.261924e-05
1.989114e+01 1.088445e+00 -1.823256e-05
1.989114e+01 1.523711e+00 -2.639504e-05
1.989114e+01 2.088426e+00 -3.419085e-05
1.989114e+01 2.685505e+00 -3.218674e-05
2.030896e+01 1.570796e-02 -1.461631e-08
2.030896e+01 2.346256e-02 -4.464968e-08
2.030896e+01 3.503514e-02 -7.001818e-08
2.030896e+01 5.263151e-02 -2.19998e-07
2.030896e+01 7.314235e-02 -5.023485e-07
2.030896e+01 1.025928e-01 -7.349964e-07
2.030896e+01 1.448116e-01 -1.168976e-06
2.030896e+01 2.023460e-01 -1.765006e-06
2.030896e+01 2.834245e-01 -2.812494e-06
2.030896e+01 3.967448e-01 -3.925877e-06
2.030896e+01 5.552783e-01 -5.615578e-06
2.030896e+01 7.774819e-01 -8.5053e-06
2.030896e+01 1.088445e+00 -1.244240e-05
2.030896e+01 1.523711e+00 -1.799065e-05
2.030896e+01 2.088426e+00 -2.317331e-05
2.030896e+01 2.685505e+00 -2.124656e-05
2.073514e+01 1.570796e-02 -8.534545e-09
2.073514e+01 2.346256e-02 -3.149160e-08
2.073514e+01 3.503514e-02 -5.130753e-08
2.073514e+01 5.263151e-02 -1.347405e-07
2.073514e+01 7.314235e-02 -2.967790e-07
2.073514e+01 1.025928e-01 -4.140759e-07
2.073514e+01 1.448116e-01 -7.345803e-07
2.073514e+01 2.023460e-01 -1.063854e-06
2.073514e+01 2.834245e-01 -1.641358e-06
2.073514e+01 3.967448e-01 -2.403444e-06
2.073514e+01 5.552783e-01 -3.446723e-06
2.073514e+01 7.774819e-01 -5.210745e-06
2.073514e+01 1.088445e+00 -7.759155e-06
2.073514e+01 1.523711e+00 -1.141944e-05
2.073514e+01 2.088426e+00 -1.483329e-05
2.073514e+01 2.685505e+00 -1.365065e-05
2.116984e+01 1.570796e-02 1.986899e-10
2.116984e+01 2.346256e-02 1.563872e-09
2.116984e+01 3.503514e-02 1.836352e-09
2.116984e+01 5.263151e-02 5.417578e-09
2.116984e+01 7.314235e-02 1.303110e-08
2.116984e+01 1.025928e-01 1.941891e-08
2.116984e+01 1.448116e-01 2.984986e-08
2.116984e+01 2.023460e-01 4.566652e-08
2.116984e+01 2.834245e-01 6.447240e-08
2.116984e+01 3.967448e-01 9.021412e-08
2.116984e+01 5.552783e-01 1.226714e-07
2.116984e+01 7.774819e-01 1.553663e-07
2.116984e+01 1.088445e+00 1.658018e-07
2.116984e+01 1.523711e+00 1.378861e-07
2.116984e+01 2.088426e+00 8.586694e-08
2.116984e+01 2.685505e+00 3.925278e-08
2.161324e+01 1.570796e-02 1.895900e-10
2.161324e+01 2.346256e-02 1.485841e-09
2.161324e+01 3.503514e-02 1.747757e-09
2.161324e+01 5.263151e-02 5.155628e-09
2.161324e+01 7.314235e-02 1.239647e-08
2.161324e+01 1.025928e-01 1.845118e-08
2.161324e+01 1.448116e-01 2.836786e-08
2.161324e+01 2.023460e-01 4.34367e-08
2.161324e+01 2.834245e-01 6.154113e-08
2.161324e+01 3.967448e-01 8.661444e-08
2.161324e+01 5.552783e-01 1.186752e-07
2.161324e+01 7.774819e-01 1.51293e-07
2.161324e+01 1.088445e+00 1.625748e-07
2.161324e+01 1.523711e+00 1.364247e-07
2.161324e+01 2.088426e+00 8.588212e-08
2.161324e+01 2.685505e+00 3.948034e-08
2.206550e+01 1.570796e-02 1.800406e-10
2.206550e+01 2.346256e-02 1.406643e-09
2.206550e+01 3.503514e-02 1.655902e-09
2.206550e+01 5.263151e-02 4.885227e-09
2.206550e+01 7.314235e-02 1.174482e-08
2.206550e+01 1.025928e-01 1.746517e-08
2.206550e+01 1.448116e-01 2.68631e-08
2.206550e+01 2.023460e-01 4.120114e-08
2.206550e+01 2.834245e-01 5.859232e-08
2.206550e+01 3.967448e-01 8.300778e-08
2.206550e+01 5.552783e-01 1.145635e-07
2.206550e+01 7.774819e-01 1.469890e-07
2.206550e+01 1.088445e+00 1.590155e-07
2.206550e+01 1.523711e+00 1.347255e-07
2.206550e+01 2.088426e+00 8.570635e-08
2.206550e+01 2.685505e+00 3.953425e-08
2.252681e+01 1.570796e-02 1.701466e-10
2.252681e+01 2.346256e-02 1.327216e-09
2.252681e+01 3.503514e-02 1.562486e-09
2.252681e+01 5.263151e-02 4.612025e-09
2.252681e+01 7.314235e-02 1.108731e-08
2.252681e+01 1.025928e-01 1.647760e-08
2.252681e+01 1.448116e-01 2.537142e-08
2.252681e+01 2.023460e-01 3.897970e-08
2.252681e+01 2.834245e-01 5.568458e-08
2.252681e+01 3.967448e-01 7.940233e-08
2.252681e+01 5.552783e-01 1.104089e-07
2.252681e+01 7.774819e-01 1.424771e-07
2.252681e+01 1.088445e+00 1.551467e-07
2.252681e+01 1.523711e+00 1.328379e-07
2.252681e+01 2.088426e+00 8.547828e-08
2.252681e+01 2.685505e+00 3.946161e-08
2.299735e+01 1.570796e-02 1.602778e-10
2.299735e+01 2.346256e-02 1.248552e-09
2.299735e+01 3.503514e-02 1.469462e-09
2.299735e+01 5.263151e-02 4.339681e-09
2.299735e+01 7.314235e-02 1.043478e-08
2.299735e+01 1.025928e-01 1.550195e-08
2.299735e+01 1.448116e-01 2.389555e-08
2.299735e+01 2.023460e-01 3.679792e-08
2.299735e+01 2.834245e-01 5.280680e-08
2.299735e+01 3.967448e-01 7.581093e-08
2.299735e+01 5.552783e-01 1.061941e-07
2.299735e+01 7.774819e-01 1.378477e-07
2.299735e+01 1.088445e+00 1.510732e-07
2.299735e+01 1.523711e+00 1.309163e-07
2.299735e+01 2.088426e+00 8.528275e-08
2.299735e+01 2.685505e+00 3.947899e-08
2.34773e+01 1.570796e-02 1.504151e-10
2.34773e+01 2.346256e-02 1.171147e-09
2.34773e+01 3.503514e-02 1.377652e-09
2.34773e+01 5.263151e-02 4.070212e-09
2.34773e+01 7.314235e-02 9.791061e-09
2.34773e+01 1.025928e-01 1.454142e-08
2.34773e+01 1.448116e-01 2.244221e-08
2.34773e+01 2.023460e-01 3.465729e-08
2.34773e+01 2.834245e-01 4.997927e-08
2.34773e+01 3.967448e-01 7.228311e-08
2.34773e+01 5.552783e-01 1.019125e-07
2.34773e+01 7.774819e-01 1.330281e-07
2.34773e+01 1.088445e+00 1.468498e-07
2.34773e+01 1.523711e+00 1.288494e-07
2.34773e+01 2.088426e+00 8.525366e-08
2.34773e+01 2.685505e+00 3.971076e-08
2.396684e+01 1.570796e-02 1.407259e-10
2.396684e+01 2.346256e-02 1.096119e-09
2.396684e+01 3.503514e-02 1.287483e-09
2.396684e+01 5.263151e-02 3.806012e-09
2.396684e+01 7.314235e-02 9.158114e-09
2.396684e+01 1.025928e-01 1.360343e-08
2.396684e+01 1.448116e-01 2.102034e-08
2.396684e+01 2.023460e-01 3.255973e-08
2.396684e+01 2.834245e-01 4.720623e-08
2.396684e+01 3.967448e-01 6.876319e-08
2.396684e+01 5.552783e-01 9.756081e-08
2.396684e+01 7.774819e-01 1.280355e-07
2.396684e+01 1.088445e+00 1.423774e-07
2.396684e+01 1.523711e+00 1.267719e-07
2.396684e+01 2.088426e+00 8.524259e-08
2.396684e+01 2.685505e+00 3.992985e-08
2.446618e+01 1.570796e-02 1.312233e-10
2.446618e+01 2.346256e-02 1.021749e-09
2.446618e+01 3.503514e-02 1.199180e-09
2.446618e+01 5.263151e-02 3.547548e-09
2.446618e+01 7.314235e-02 8.539013e-09
2.446618e+01 1.025928e-01 1.268739e-08
2.446618e+01 1.448116e-01 1.963054e-08
2.446618e+01 2.023460e-01 3.051748e-08
2.446618e+01 2.834245e-01 4.446115e-08
2.446618e+01 3.967448e-01 6.524106e-08
2.446618e+01 5.552783e-01 9.312553e-08
2.446618e+01 7.774819e-01 1.228765e-07
2.446618e+01 1.088445e+00 1.377044e-07
2.446618e+01 1.523711e+00 1.244081e-07
2.446618e+01 2.088426e+00 8.523318e-08
2.446618e+01 2.685505e+00 4.015105e-08
2.497550e+01 1.570796e-02 1.218663e-10
2.497550e+01 2.346256e-02 9.487376e-10
2.497550e+01 3.503514e-02 1.113306e-09
2.497550e+01 5.263151e-02 3.295726e-09
2.497550e+01 7.314235e-02 7.936151e-09
2.497550e+01 1.025928e-01 1.179429e-08
2.497550e+01 1.448116e-01 1.827474e-08
2.497550e+01 2.023460e-01 2.851861e-08
2.497550e+01 2.834245e-01 4.176701e-08
2.497550e+01 3.967448e-01 6.172887e-08
2.497550e+01 5.552783e-01 8.861456e-08
2.497550e+01 7.774819e-01 1.175349e-07
2.497550e+01 1.088445e+00 1.328076e-07
2.497550e+01 1.523711e+00 1.218993e-07
2.497550e+01 2.088426e+00 8.523105e-08
2.497550e+01 2.685505e+00 4.057727e-08
2.549501e+01 1.570796e-02 1.127907e-10
2.549501e+01 2.346256e-02 8.778756e-10
2.549501e+01 3.503514e-02 1.02984e-09
2.549501e+01 5.263151e-02 3.050368e-09
2.549501e+01 7.314235e-02 7.347828e-09
2.549501e+01 1.025928e-01 1.092452e-08
2.549501e+01 1.448116e-01 1.695593e-08
2.549501e+01 2.023460e-01 2.65612e-08
2.549501e+01 2.834245e-01 3.912060e-08
2.549501e+01 3.967448e-01 5.823190e-08
2.549501e+01 5.552783e-01 8.401062e-08
2.549501e+01 7.774819e-01 1.120283e-07
2.549501e+01 1.088445e+00 1.277325e-07
2.549501e+01 1.523711e+00 1.191812e-07
2.549501e+01 2.088426e+00 8.532637e-08
2.549501e+01 2.685505e+00 4.132582e-08
2.602491e+01 1.570796e-02 1.039225e-10
2.602491e+01 2.346256e-02 8.09359e-10
2.602491e+01 3.503514e-02 9.484111e-10
2.602491e+01 5.263151e-02 2.811538e-09
2.602491e+01 7.314235e-02 6.776861e-09
2.602491e+01 1.025928e-01 1.007811e-08
2.602491e+01 1.448116e-01 1.567143e-08
2.602491e+01 2.023460e-01 2.464811e-08
2.602491e+01 2.834245e-01 3.650643e-08
2.602491e+01 3.967448e-01 5.472928e-08
2.602491e+01 5.552783e-01 7.931495e-08
2.602491e+01 7.774819e-01 1.062682e-07
2.602491e+01 1.088445e+00 1.223834e-07
2.602491e+01 1.523711e+00 1.162563e-07
2.602491e+01 2.088426e+00 8.542862e-08
2.602491e+01 2.685505e+00 4.216596e-08
2.656541e+01 1.570796e-02 9.521851e-11
2.656541e+01 2.346256e-02 7.417736e-10
2.656541e+01 3.503514e-02 8.696287e-10
2.656541e+01 5.263151e-02 2.579429e-09
2.656541e+01 7.314235e-02 6.218982e-09
2.656541e+01 1.025928e-01 9.255335e-09
2.656541e+01 1.448116e-01 1.441838e-08
2.656541e+01 2.023460e-01 2.277673e-08
2.656541e+01 2.834245e-01 3.39198e-08
2.656541e+01 3.967448e-01 5.119369e-08
2.656541e+01 5.552783e-01 7.451736e-08
2.656541e+01 7.774819e-01 1.003392e-07
2.656541e+01 1.088445e+00 1.167155e-07
2.656541e+01 1.523711e+00 1.131358e-07
2.656541e+01 2.088426e+00 8.551469e-08
2.656541e+01 2.685505e+00 4.355835e-08
2.711672e+01 1.570796e-02 8.686628e-11
2.711672e+01 2.346256e-02 6.765788e-10
2.711672e+01 3.503514e-02 7.929478e-10
2.711672e+01 5.263151e-02 2.353518e-09
2.711672e+01 7.314235e-02 5.678072e-09
2.711672e+01 1.025928e-01 8.453422e-09
2.711672e+01 1.448116e-01 1.319527e-08
2.711672e+01 2.023460e-01 2.094044e-08
2.711672e+01 2.834245e-01 3.136494e-08
2.711672e+01 3.967448e-01 4.761641e-08
2.711672e+01 5.552783e-01 6.960160e-08
2.711672e+01 7.774819e-01 9.418397e-08
2.711672e+01 1.088445e+00 1.107856e-07
2.711672e+01 1.523711e+00 1.095822e-07
2.711672e+01 2.088426e+00 8.544788e-08
2.711672e+01 2.685505e+00 4.52249e-08
2.767905e+01 1.570796e-02 7.867585e-11
2.767905e+01 2.346256e-02 6.122972e-10
2.767905e+01 3.503514e-02 7.184489e-10
2.767905e+01 5.263151e-02 2.134811e-09
2.767905e+01 7.314235e-02 5.15044e-09
2.767905e+01 1.025928e-01 7.67509e-09
2.767905e+01 1.448116e-01 1.200223e-08
2.767905e+01 2.023460e-01 1.913347e-08
2.767905e+01 2.834245e-01 2.881985e-08
2.767905e+01 3.967448e-01 4.400679e-08
2.767905e+01 5.552783e-01 6.457809e-08
2.767905e+01 7.774819e-01 8.785931e-08
2.767905e+01 1.088445e+00 1.045354e-07
2.767905e+01 1.523711e+00 1.05596e-07
2.767905e+01 2.088426e+00 8.514838e-08
2.767905e+01 2.685505e+00 4.723324e-08
2.825263e+01 1.570796e-02 7.069163e-11
2.825263e+01 2.346256e-02 5.506962e-10
2.825263e+01 3.503514e-02 6.460764e-10
2.825263e+01 5.263151e-02 1.920813e-09
2.825263e+01 7.314235e-02 4.638350e-09
2.825263e+01 1.025928e-01 6.916084e-09
2.825263e+01 1.448116e-01 1.084082e-08
2.825263e+01 2.023460e-01 1.73621e-08
2.825263e+01 2.834245e-01 2.629363e-08
2.825263e+01 3.967448e-01 4.035676e-08
2.825263e+01 5.552783e-01 5.945929e-08
2.825263e+01 7.774819e-01 8.128849e-08
2.825263e+01 1.088445e+00 9.790788e-08
2.825263e+01 1.523711e+00 1.011198e-07
2.825263e+01 2.088426e+00 8.441779e-08
2.825263e+01 2.685505e+00 4.950443e-08
2.883769e+01 1.570796e-02 6.292905e-11
2.883769e+01 2.346256e-02 4.900172e-10
2.883769e+01 3.503514e-02 5.757066e-10
2.883769e+01 5.263151e-02 1.71267e-09
2.883769e+01 7.314235e-02 4.139558e-09
2.883769e+01 1.025928e-01 6.175267e-09
2.883769e+01 1.448116e-01 9.704811e-09
2.883769e+01 2.023460e-01 1.561006e-08
2.883769e+01 2.834245e-01 2.377286e-08
2.883769e+01 3.967448e-01 3.6672e-08
2.883769e+01 5.552783e-01 5.420959e-08
2.883769e+01 7.774819e-01 7.452007e-08
2.883769e+01 1.088445e+00 9.082651e-08
2.883769e+01 1.523711e+00 9.607958e-08
2.883769e+01 2.088426e+00 8.337327e-08
2.883769e+01 2.685505e+00 5.212337e-08
2.943444e+01 1.570796e-02 5.537146e-11
2.943444e+01 2.346256e-02 4.311036e-10
2.943444e+01 3.503514e-02 5.073711e-10
2.943444e+01 5.263151e-02 1.509969e-09
2.943444e+01 7.314235e-02 3.652246e-09
2.943444e+01 1.025928e-01 5.454550e-09
2.943444e+01 1.448116e-01 8.594602e-09
2.943444e+01 2.023460e-01 1.388429e-08
2.943444e+01 2.834245e-01 2.125831e-08
2.943444e+01 3.967448e-01 3.293437e-08
2.943444e+01 5.552783e-01 4.884465e-08
2.943444e+01 7.774819e-01 6.748254e-08
2.943444e+01 1.088445e+00 8.335997e-08
2.943444e+01 1.523711e+00 9.029945e-08
2.943444e+01 2.088426e+00 8.174356e-08
2.943444e+01 2.685505e+00 5.467682e-08
3.004313e+01 1.570796e-02 4.801398e-11
3.004313e+01 2.346256e-02 3.741279e-10
3.004313e+01 3.503514e-02 4.409308e-10
3.004313e+01 5.263151e-02 1.312295e-09
3.004313e+01 7.314235e-02 3.178522e-09
3.004313e+01 1.025928e-01 4.750722e-09
3.004313e+01 1.448116e-01 7.503591e-09
3.004313e+01 2.023460e-01 1.217816e-08
3.004313e+01 2.834245e-01 1.874479e-08
3.004313e+01 3.967448e-01 2.916102e-08
3.004313e+01 5.552783e-01 4.335904e-08
3.004313e+01 7.774819e-01 6.024969e-08
3.004313e+01 1.088445e+00 7.538444e-08
3.004313e+01 1.523711e+00 8.376275e-08
3.004313e+01 2.088426e+00 7.929323e-08
3.004313e+01 2.685505e+00 5.723098e-08
3.066399e+01 1.570796e-02 4.090364e-11
3.066399e+01 2.346256e-02 3.184934e-10
3.066399e+01 3.503514e-02 3.760233e-10
3.066399e+01 5.263151e-02 1.120334e-09
3.066399e+01 7.314235e-02 2.717597e-09
3.066399e+01 1.025928e-01 4.064328e-09
3.066399e+01 1.448116e-01 6.435219e-09
3.066399e+01 2.023460e-01 1.049053e-08
3.066399e+01 2.834245e-01 1.622737e-08
3.066399e+01 3.967448e-01 2.533849e-08
3.066399e+01 5.552783e-01 3.775801e-08
3.066399e+01 7.774819e-01 5.274750e-08
3.066399e+01 1.088445e+00 6.691506e-08
3.066399e+01 1.523711e+00 7.635148e-08
3.066399e+01 2.088426e+00 7.565483e-08
3.066399e+01 2.685505e+00 5.923665e-08
3.129727e+01 1.570796e-02 3.402753e-11
3.129727e+01 2.346256e-02 2.647703e-10
3.129727e+01 3.503514e-02 3.130542e-10
3.129727e+01 5.263151e-02 9.332451e-10
3.129727e+01 7.314235e-02 2.266375e-09
3.129727e+01 1.025928e-01 3.394567e-09
3.129727e+01 1.448116e-01 5.387853e-09
3.129727e+01 2.023460e-01 8.81898e-09
3.129727e+01 2.834245e-01 1.370989e-08
3.129727e+01 3.967448e-01 2.146898e-08
3.129727e+01 5.552783e-01 3.207215e-08
3.129727e+01 7.774819e-01 4.504842e-08
3.129727e+01 1.088445e+00 5.789598e-08
3.129727e+01 1.523711e+00 6.791195e-08
3.129727e+01 2.088426e+00 7.070529e-08
3.129727e+01 2.685505e+00 6.031637e-08
3.194322e+01 1.570796e-02 2.735013e-11
3.194322e+01 2.346256e-02 2.124814e-10
3.194322e+01 3.503514e-02 2.519128e-10
3.194322e+01 5.263151e-02 7.509488e-10
3.194322e+01 7.314235e-02 1.827574e-09
3.194322e+01 1.025928e-01 2.739764e-09
3.194322e+01 1.448116e-01 4.359296e-09
3.194322e+01 2.023460e-01 7.166772e-09
3.194322e+01 2.834245e-01 1.119147e-08
3.194322e+01 3.967448e-01 1.756629e-08
3.194322e+01 5.552783e-01 2.631837e-08
3.194322e+01 7.774819e-01 3.714211e-08
3.194322e+01 1.088445e+00 4.83722e-08
3.194322e+01 1.523711e+00 5.833718e-08
3.194322e+01 2.088426e+00 6.39992e-08
3.194322e+01 2.685505e+00 5.949453e-08
3.260208e+01 1.570796e-02 2.084816e-11
3.260208e+01 2.346256e-02 1.62083e-10
3.260208e+01 3.503514e-02 1.926025e-10
3.260208e+01 5.263151e-02 5.741099e-10
3.260208e+01 7.314235e-02 1.399887e-09
3.260208e+01 1.025928e-01 2.100736e-09
3.260208e+01 1.448116e-01 3.350998e-09
3.260208e+01 2.023460e-01 5.530509e-09
3.260208e+01 2.834245e-01 8.674557e-09
3.260208e+01 3.967448e-01 1.364407e-08
3.260208e+01 5.552783e-01 2.047886e-08
3.260208e+01 7.774819e-01 2.90409e-08
3.260208e+01 1.088445e+00 3.833232e-08
3.260208e+01 1.523711e+00 4.754444e-08
3.260208e+01 2.088426e+00 5.514031e-08
3.260208e+01 2.685505e+00 5.591935e-08
3.327412e+01 1.570796e-02 1.458968e-11
3.327412e+01 2.346256e-02 1.130963e-10
3.327412e+01 3.503514e-02 1.347861e-10
3.327412e+01 5.263151e-02 4.016538e-10
3.327412e+01 7.314235e-02 9.820349e-10
3.327412e+01 1.025928e-01 1.47541e-09
3.327412e+01 1.448116e-01 2.360563e-09
3.327412e+01 2.023460e-01 3.910765e-09
3.327412e+01 2.834245e-01 6.161696e-09
3.327412e+01 3.967448e-01 9.707920e-09
3.327412e+01 5.552783e-01 1.460466e-08
3.327412e+01 7.774819e-01 2.080839e-08
3.327412e+01 1.088445e+00 2.780962e-08
3.327412e+01 1.523711e+00 3.547381e-08
3.327412e+01 2.088426e+00 4.353067e-08
3.327412e+01 2.685505e+00 4.81013e-08
3.395961e+01 1.570796e-02 8.789537e-12
3.395961e+01 2.346256e-02 6.854744e-11
3.395961e+01 3.503514e-02 8.153099e-11
3.395961e+01 5.263151e-02 2.431593e-10
3.395961e+01 7.314235e-02 5.953628e-10
3.395961e+01 1.025928e-01 8.947551e-10
3.395961e+01 1.448116e-01 1.431774e-09
3.395961e+01 2.023460e-01 2.372382e-09
3.395961e+01 2.834245e-01 3.731844e-09
3.395961e+01 3.967448e-01 5.858173e-09
3.395961e+01 5.552783e-01 8.782878e-09
3.395961e+01 7.774819e-01 1.250937e-08
3.395961e+01 1.088445e+00 1.686144e-08
3.395961e+01 1.523711e+00 2.207050e-08
3.395961e+01 2.088426e+00 2.853681e-08
3.395961e+01 2.685505e+00 3.387289e-08
3.46588e+01 1.570796e-02 3.087958e-12
3.46588e+01 2.346256e-02 2.321316e-11
3.46588e+01 3.503514e-02 2.389341e-11
3.46588e+01 5.263151e-02 7.723587e-11
3.46588e+01 7.314235e-02 1.866752e-10
3.46588e+01 1.025928e-01 2.774895e-10
3.46588e+01 1.448116e-01 4.53596e-10
3.46588e+01 2.023460e-01 7.544024e-10
3.46588e+01 2.834245e-01 1.204346e-09
3.46588e+01 3.967448e-01 1.899288e-09
3.46588e+01 5.552783e-01 2.863415e-09
3.46588e+01 7.774819e-01 4.102419e-09
3.46588e+01 1.088445e+00 5.600906e-09
3.46588e+01 1.523711e+00 7.506725e-09
3.46588e+01 2.088426e+00 1.019714e-08
3.46588e+01 2.685505e+00 1.30132e-08
3.537197e+01 1.570796e-02 0.e+00
3.537197e+01 2.346256e-02 0.e+00
3.537197e+01 3.503514e-02 0.e+00
3.537197e+01 5.263151e-02 0.e+00
3.537197e+01 7.314235e-02 0.e+00
3.537197e+01 1.025928e-01 0.e+00
3.537197e+01 1.448116e-01 0.e+00
3.537197e+01 2.023460e-01 0.e+00
3.537197e+01 2.834245e-01 0.e+00
3.537197e+01 3.967448e-01 0.e+00
3.537197e+01 5.552783e-01 0.e+00
3.537197e+01 7.774819e-01 0.e+00
3.537197e+01 1.088445e+00 0.e+00
3.537197e+01 1.523711e+00 0.e+00
3.537197e+01 2.088426e+00 0.e+00
3.537197e+01 2.685505e+00 0.e+00
