5.e+00 1.570796e-02 -1.884705e-04
5.e+00 2.346256e-02 -1.536016e-04
5.e+00 3.503514e-02 -2.287138e-04
5.e+00 5.263151e-02 -3.314524e-04
5.e+00 7.314235e-02 -4.175587e-04
5.e+00 1.025928e-01 -2.079393e-04
5.e+00 1.448116e-01 -2.945781e-04
5.e+00 2.023460e-01 -3.309215e-04
5.e+00 2.834245e-01 -3.872704e-04
5.e+00 3.967448e-01 -2.682346e-04
5.e+00 5.552783e-01 -2.505407e-04
5.e+00 7.774819e-01 -2.555809e-04
5.e+00 1.088445e+00 -2.213138e-04
5.e+00 1.523711e+00 -2.075995e-04
5.e+00 2.088426e+00 -2.242713e-04
5.e+00 2.685505e+00 -2.432964e-04
5.12e+00 1.570796e-02 -4.203680e-04
5.12e+00 2.346256e-02 -4.679031e-04
5.12e+00 3.503514e-02 -6.221294e-04
5.12e+00 5.263151e-02 -1.124302e-03
5.12e+00 7.314235e-02 -1.559665e-03
5.12e+00 1.025928e-01 -1.190024e-03
5.12e+00 1.448116e-01 -1.482315e-03
5.12e+00 2.023460e-01 -1.423694e-03
5.12e+00 2.834245e-01 -1.384399e-03
5.12e+00 3.967448e-01 -1.067706e-03
5.12e+00 5.552783e-01 -9.993719e-04
5.12e+00 7.774819e-01 -9.678083e-04
5.12e+00 1.088445e+00 -8.652979e-04
5.12e+00 1.523711e+00 -8.242945e-04
5.12e+00 2.088426e+00 -8.654092e-04
5.12e+00 2.685505e+00 -9.129259e-04
5.2424e+00 1.570796e-02 -6.895695e-04
5.2424e+00 2.346256e-02 -1.066327e-03
5.2424e+00 3.503514e-02 -1.589378e-03
5.2424e+00 5.263151e-02 -2.609081e-03
5.2424e+00 7.314235e-02 -4.087227e-03
5.2424e+00 1.025928e-01 -2.895561e-03
5.2424e+00 1.448116e-01 -3.642414e-03
5.2424e+00 2.023460e-01 -3.506433e-03
5.2424e+00 2.834245e-01 -3.505307e-03
5.2424e+00 3.967448e-01 -2.865085e-03
5.2424e+00 5.552783e-01 -2.753003e-03
5.2424e+00 7.774819e-01 -2.514088e-03
5.2424e+00 1.088445e+00 -2.252581e-03
5.2424e+00 1.523711e+00 -2.109479e-03
5.2424e+00 2.088426e+00 -2.184943e-03
5.2424e+00 2.685505e+00 -2.307832e-03
5.367248e+00 1.570796e-02 -7.775824e-04
5.367248e+00 2.346256e-02 -1.676015e-03
5.367248e+00 3.503514e-02 -2.867761e-03
5.367248e+00 5.263151e-02 -4.230172e-03
5.367248e+00 7.314235e-02 -6.947278e-03
5.367248e+00 1.025928e-01 -5.559206e-03
5.367248e+00 1.448116e-01 -6.421854e-03
5.367248e+00 2.023460e-01 -6.750256e-03
5.367248e+00 2.834245e-01 -6.343176e-03
5.367248e+00 3.967448e-01 -5.552822e-03
5.367248e+00 5.552783e-01 -5.253304e-03
5.367248e+00 7.774819e-01 -4.762251e-03
5.367248e+00 1.088445e+00 -4.200057e-03
5.367248e+00 1.523711e+00 -3.854258e-03
5.367248e+00 2.088426e+00 -3.976622e-03
5.367248e+00 2.685505e+00 -4.161125e-03
5.494593e+00 1.570796e-02 -8.397242e-04
5.494593e+00 2.346256e-02 -2.13489e-03
5.494593e+00 3.503514e-02 -3.920500e-03
5.494593e+00 5.263151e-02 -5.909259e-03
5.494593e+00 7.314235e-02 -9.790649e-03
5.494593e+00 1.025928e-01 -8.901779e-03
5.494593e+00 1.448116e-01 -1.048498e-02
5.494593e+00 2.023460e-01 -1.081273e-02
5.494593e+00 2.834245e-01 -1.052505e-02
5.494593e+00 3.967448e-01 -9.167333e-03
5.494593e+00 5.552783e-01 -8.549865e-03
5.494593e+00 7.774819e-01 -7.814956e-03
5.494593e+00 1.088445e+00 -6.770054e-03
5.494593e+00 1.523711e+00 -6.091999e-03
5.494593e+00 2.088426e+00 -6.283947e-03
5.494593e+00 2.685505e+00 -6.524755e-03
5.624485e+00 1.570796e-02 -8.631809e-04
5.624485e+00 2.346256e-02 -2.316010e-03
5.624485e+00 3.503514e-02 -4.615692e-03
5.624485e+00 5.263151e-02 -7.309643e-03
5.624485e+00 7.314235e-02 -1.246703e-02
5.624485e+00 1.025928e-01 -1.265125e-02
5.624485e+00 1.448116e-01 -1.524164e-02
5.624485e+00 2.023460e-01 -1.566626e-02
5.624485e+00 2.834245e-01 -1.535797e-02
5.624485e+00 3.967448e-01 -1.362951e-02
5.624485e+00 5.552783e-01 -1.276166e-02
5.624485e+00 7.774819e-01 -1.147864e-02
5.624485e+00 1.088445e+00 -9.957854e-03
5.624485e+00 1.523711e+00 -8.892134e-03
5.624485e+00 2.088426e+00 -9.062596e-03
5.624485e+00 2.685505e+00 -9.290413e-03
5.756975e+00 1.570796e-02 -8.922770e-04
5.756975e+00 2.346256e-02 -2.285114e-03
5.756975e+00 3.503514e-02 -4.899421e-03
5.756975e+00 5.263151e-02 -8.323466e-03
5.756975e+00 7.314235e-02 -1.422351e-02
5.756975e+00 1.025928e-01 -1.592502e-02
5.756975e+00 1.448116e-01 -1.959915e-02
5.756975e+00 2.023460e-01 -2.040069e-02
5.756975e+00 2.834245e-01 -2.023386e-02
5.756975e+00 3.967448e-01 -1.829878e-02
5.756975e+00 5.552783e-01 -1.726481e-02
5.756975e+00 7.774819e-01 -1.544637e-02
5.756975e+00 1.088445e+00 -1.340673e-02
5.756975e+00 1.523711e+00 -1.177727e-02
5.756975e+00 2.088426e+00 -1.191586e-02
5.756975e+00 2.685505e+00 -1.211228e-02
5.892114e+00 1.570796e-02 -8.977826e-04
5.892114e+00 2.346256e-02 -2.202085e-03
5.892114e+00 3.503514e-02 -4.888319e-03
5.892114e+00 5.263151e-02 -8.595903e-03
5.892114e+00 7.314235e-02 -1.537358e-02
5.892114e+00 1.025928e-01 -1.840361e-02
5.892114e+00 1.448116e-01 -2.397382e-02
5.892114e+00 2.023460e-01 -2.503386e-02
5.892114e+00 2.834245e-01 -2.512801e-02
5.892114e+00 3.967448e-01 -2.325698e-02
5.892114e+00 5.552783e-01 -2.187207e-02
5.892114e+00 7.774819e-01 -1.964584e-02
5.892114e+00 1.088445e+00 -1.693613e-02
5.892114e+00 1.523711e+00 -1.484741e-02
5.892114e+00 2.088426e+00 -1.487936e-02
5.892114e+00 2.685505e+00 -1.504763e-02
6.029956e+00 1.570796e-02 -8.450106e-04
6.029956e+00 2.346256e-02 -2.119807e-03
6.029956e+00 3.503514e-02 -4.640153e-03
6.029956e+00 5.263151e-02 -8.501339e-03
6.029956e+00 7.314235e-02 -1.573823e-02
6.029956e+00 1.025928e-01 -1.999540e-02
6.029956e+00 1.448116e-01 -2.702716e-02
6.029956e+00 2.023460e-01 -2.906433e-02
6.029956e+00 2.834245e-01 -2.959223e-02
6.029956e+00 3.967448e-01 -2.791739e-02
6.029956e+00 5.552783e-01 -2.631522e-02
6.029956e+00 7.774819e-01 -2.363537e-02
6.029956e+00 1.088445e+00 -2.039236e-02
6.029956e+00 1.523711e+00 -1.776587e-02
6.029956e+00 2.088426e+00 -1.760543e-02
6.029956e+00 2.685505e+00 -1.765710e-02
6.170555e+00 1.570796e-02 -7.849379e-04
6.170555e+00 2.346256e-02 -1.983298e-03
6.170555e+00 3.503514e-02 -4.405510e-03
6.170555e+00 5.263151e-02 -8.254438e-03
6.170555e+00 7.314235e-02 -1.557213e-02
6.170555e+00 1.025928e-01 -2.081419e-02
6.170555e+00 1.448116e-01 -2.887141e-02
6.170555e+00 2.023460e-01 -3.214568e-02
6.170555e+00 2.834245e-01 -3.3261e-02
6.170555e+00 3.967448e-01 -3.188167e-02
6.170555e+00 5.552783e-01 -3.035618e-02
6.170555e+00 7.774819e-01 -2.728104e-02
6.170555e+00 1.088445e+00 -2.349693e-02
6.170555e+00 1.523711e+00 -2.037682e-02
6.170555e+00 2.088426e+00 -2.002146e-02
6.170555e+00 2.685505e+00 -1.980425e-02
6.313967e+00 1.570796e-02 -7.152383e-04
6.313967e+00 2.346256e-02 -1.833405e-03
6.313967e+00 3.503514e-02 -4.092125e-03
6.313967e+00 5.263151e-02 -7.809768e-03
6.313967e+00 7.314235e-02 -1.499292e-02
6.313967e+00 1.025928e-01 -2.086799e-02
6.313967e+00 1.448116e-01 -2.980796e-02
6.313967e+00 2.023460e-01 -3.419285e-02
6.313967e+00 2.834245e-01 -3.609311e-02
6.313967e+00 3.967448e-01 -3.530030e-02
6.313967e+00 5.552783e-01 -3.383779e-02
6.313967e+00 7.774819e-01 -3.053246e-02
6.313967e+00 1.088445e+00 -2.627707e-02
6.313967e+00 1.523711e+00 -2.271465e-02
6.313967e+00 2.088426e+00 -2.219193e-02
6.313967e+00 2.685505e+00 -2.171833e-02
6.460246e+00 1.570796e-02 -6.610518e-04
6.460246e+00 2.346256e-02 -1.726731e-03
6.460246e+00 3.503514e-02 -3.734346e-03
6.460246e+00 5.263151e-02 -7.257806e-03
6.460246e+00 7.314235e-02 -1.41459e-02
6.460246e+00 1.025928e-01 -2.025292e-02
6.460246e+00 1.448116e-01 -2.988713e-02
6.460246e+00 2.023460e-01 -3.522391e-02
6.460246e+00 2.834245e-01 -3.809398e-02
6.460246e+00 3.967448e-01 -3.802398e-02
6.460246e+00 5.552783e-01 -3.672417e-02
6.460246e+00 7.774819e-01 -3.33607e-02
6.460246e+00 1.088445e+00 -2.873952e-02
6.460246e+00 1.523711e+00 -2.475569e-02
6.460246e+00 2.088426e+00 -2.403760e-02
6.460246e+00 2.685505e+00 -2.329009e-02
6.609451e+00 1.570796e-02 -6.128628e-04
6.609451e+00 2.346256e-02 -1.596674e-03
6.609451e+00 3.503514e-02 -3.362288e-03
6.609451e+00 5.263151e-02 -6.687953e-03
6.609451e+00 7.314235e-02 -1.323208e-02
6.609451e+00 1.025928e-01 -1.931088e-02
6.609451e+00 1.448116e-01 -2.934427e-02
6.609451e+00 2.023460e-01 -3.549257e-02
6.609451e+00 2.834245e-01 -3.938425e-02
6.609451e+00 3.967448e-01 -4.00292e-02
6.609451e+00 5.552783e-01 -3.902504e-02
6.609451e+00 7.774819e-01 -3.574685e-02
6.609451e+00 1.088445e+00 -3.086728e-02
6.609451e+00 1.523711e+00 -2.653536e-02
6.609451e+00 2.088426e+00 -2.56065e-02
6.609451e+00 2.685505e+00 -2.449903e-02
6.76164e+00 1.570796e-02 -5.669093e-04
6.76164e+00 2.346256e-02 -1.467741e-03
6.76164e+00 3.503514e-02 -3.020867e-03
6.76164e+00 5.263151e-02 -6.135807e-03
6.76164e+00 7.314235e-02 -1.222242e-02
6.76164e+00 1.025928e-01 -1.821454e-02
6.76164e+00 1.448116e-01 -2.82619e-02
6.76164e+00 2.023460e-01 -3.509078e-02
6.76164e+00 2.834245e-01 -3.990971e-02
6.76164e+00 3.967448e-01 -4.134323e-02
6.76164e+00 5.552783e-01 -4.07733e-02
6.76164e+00 7.774819e-01 -3.758033e-02
6.76164e+00 1.088445e+00 -3.264262e-02
6.76164e+00 1.523711e+00 -2.804493e-02
6.76164e+00 2.088426e+00 -2.693895e-02
6.76164e+00 2.685505e+00 -2.557142e-02
6.916873e+00 1.570796e-02 -5.217499e-04
6.916873e+00 2.346256e-02 -1.365269e-03
6.916873e+00 3.503514e-02 -2.743173e-03
6.916873e+00 5.263151e-02 -5.613508e-03
6.916873e+00 7.314235e-02 -1.123214e-02
6.916873e+00 1.025928e-01 -1.693074e-02
6.916873e+00 1.448116e-01 -2.674525e-02
6.916873e+00 2.023460e-01 -3.409159e-02
6.916873e+00 2.834245e-01 -3.975804e-02
6.916873e+00 3.967448e-01 -4.199342e-02
6.916873e+00 5.552783e-01 -4.197527e-02
6.916873e+00 7.774819e-01 -3.899114e-02
6.916873e+00 1.088445e+00 -3.397682e-02
6.916873e+00 1.523711e+00 -2.927397e-02
6.916873e+00 2.088426e+00 -2.803593e-02
6.916873e+00 2.685505e+00 -2.641885e-02
7.075210e+00 1.570796e-02 -4.747263e-04
7.075210e+00 2.346256e-02 -1.258180e-03
7.075210e+00 3.503514e-02 -2.507796e-03
7.075210e+00 5.263151e-02 -5.143428e-03
7.075210e+00 7.314235e-02 -1.027044e-02
7.075210e+00 1.025928e-01 -1.557406e-02
7.075210e+00 1.448116e-01 -2.499893e-02
7.075210e+00 2.023460e-01 -3.266254e-02
7.075210e+00 2.834245e-01 -3.907738e-02
7.075210e+00 3.967448e-01 -4.208425e-02
7.075210e+00 5.552783e-01 -4.262754e-02
7.075210e+00 7.774819e-01 -3.992220e-02
7.075210e+00 1.088445e+00 -3.49984e-02
7.075210e+00 1.523711e+00 -3.025914e-02
7.075210e+00 2.088426e+00 -2.893342e-02
7.075210e+00 2.685505e+00 -2.702569e-02
7.236714e+00 1.570796e-02 -4.276939e-04
7.236714e+00 2.346256e-02 -1.157713e-03
7.236714e+00 3.503514e-02 -2.285934e-03
7.236714e+00 5.263151e-02 -4.696989e-03
7.236714e+00 7.314235e-02 -9.364023e-03
7.236714e+00 1.025928e-01 -1.424104e-02
7.236714e+00 1.448116e-01 -2.317164e-02
7.236714e+00 2.023460e-01 -3.096458e-02
7.236714e+00 2.834245e-01 -3.793552e-02
7.236714e+00 3.967448e-01 -4.169237e-02
7.236714e+00 5.552783e-01 -4.276832e-02
7.236714e+00 7.774819e-01 -4.046607e-02
7.236714e+00 1.088445e+00 -3.570451e-02
7.236714e+00 1.523711e+00 -3.101635e-02
7.236714e+00 2.088426e+00 -2.963050e-02
7.236714e+00 2.685505e+00 -2.748702e-02
7.401449e+00 1.570796e-02 -3.850893e-04
7.401449e+00 2.346256e-02 -1.067668e-03
7.401449e+00 3.503514e-02 -2.077500e-03
7.401449e+00 5.263151e-02 -4.278097e-03
7.401449e+00 7.314235e-02 -8.528812e-03
7.401449e+00 1.025928e-01 -1.298053e-02
7.401449e+00 1.448116e-01 -2.137182e-02
7.401449e+00 2.023460e-01 -2.906777e-02
7.401449e+00 2.834245e-01 -3.643466e-02
7.401449e+00 3.967448e-01 -4.083717e-02
7.401449e+00 5.552783e-01 -4.24188e-02
7.401449e+00 7.774819e-01 -4.056257e-02
7.401449e+00 1.088445e+00 -3.60062e-02
7.401449e+00 1.523711e+00 -3.141921e-02
7.401449e+00 2.088426e+00 -3.005823e-02
7.401449e+00 2.685505e+00 -2.777426e-02
7.569477e+00 1.570796e-02 -3.440417e-04
7.569477e+00 2.346256e-02 -9.827456e-04
7.569477e+00 3.503514e-02 -1.890187e-03
7.569477e+00 5.263151e-02 -3.882253e-03
7.569477e+00 7.314235e-02 -7.756553e-03
7.569477e+00 1.025928e-01 -1.1795e-02
7.569477e+00 1.448116e-01 -1.958257e-02
7.569477e+00 2.023460e-01 -2.708723e-02
7.569477e+00 2.834245e-01 -3.466206e-02
7.569477e+00 3.967448e-01 -3.958096e-02
7.569477e+00 5.552783e-01 -4.165868e-02
7.569477e+00 7.774819e-01 -4.030286e-02
7.569477e+00 1.088445e+00 -3.603810e-02
7.569477e+00 1.523711e+00 -3.161083e-02
7.569477e+00 2.088426e+00 -3.028307e-02
7.569477e+00 2.685505e+00 -2.786691e-02
7.740867e+00 1.570796e-02 -3.088022e-04
7.740867e+00 2.346256e-02 -9.012414e-04
7.740867e+00 3.503514e-02 -1.717471e-03
7.740867e+00 5.263151e-02 -3.521487e-03
7.740867e+00 7.314235e-02 -7.047875e-03
7.740867e+00 1.025928e-01 -1.069601e-02
7.740867e+00 1.448116e-01 -1.788761e-02
7.740867e+00 2.023460e-01 -2.50778e-02
7.740867e+00 2.834245e-01 -3.266521e-02
7.740867e+00 3.967448e-01 -3.797315e-02
7.740867e+00 5.552783e-01 -4.057729e-02
7.740867e+00 7.774819e-01 -3.969391e-02
7.740867e+00 1.088445e+00 -3.576971e-02
7.740867e+00 1.523711e+00 -3.163813e-02
7.740867e+00 2.088426e+00 -3.033200e-02
7.740867e+00 2.685505e+00 -2.782710e-02
7.915684e+00 1.570796e-02 -2.789836e-04
7.915684e+00 2.346256e-02 -8.225539e-04
7.915684e+00 3.503514e-02 -1.562718e-03
7.915684e+00 5.263151e-02 -3.194134e-03
7.915684e+00 7.314235e-02 -6.397049e-03
7.915684e+00 1.025928e-01 -9.719052e-03
7.915684e+00 1.448116e-01 -1.629822e-02
7.915684e+00 2.023460e-01 -2.308457e-02
7.915684e+00 2.834245e-01 -3.054804e-02
7.915684e+00 3.967448e-01 -3.610747e-02
7.915684e+00 5.552783e-01 -3.914046e-02
7.915684e+00 7.774819e-01 -3.874895e-02
7.915684e+00 1.088445e+00 -3.525659e-02
7.915684e+00 1.523711e+00 -3.141479e-02
7.915684e+00 2.088426e+00 -3.026637e-02
7.915684e+00 2.685505e+00 -2.757017e-02
8.093998e+00 1.570796e-02 -2.525357e-04
8.093998e+00 2.346256e-02 -7.464990e-04
8.093998e+00 3.503514e-02 -1.4198e-03
8.093998e+00 5.263151e-02 -2.898097e-03
8.093998e+00 7.314235e-02 -5.794827e-03
8.093998e+00 1.025928e-01 -8.833733e-03
8.093998e+00 1.448116e-01 -1.482068e-02
8.093998e+00 2.023460e-01 -2.114312e-02
8.093998e+00 2.834245e-01 -2.838071e-02
8.093998e+00 3.967448e-01 -3.409023e-02
8.093998e+00 5.552783e-01 -3.746904e-02
8.093998e+00 7.774819e-01 -3.754467e-02
8.093998e+00 1.088445e+00 -3.448504e-02
8.093998e+00 1.523711e+00 -3.105376e-02
8.093998e+00 2.088426e+00 -2.993634e-02
8.093998e+00 2.685505e+00 -2.711388e-02
8.275878e+00 1.570796e-02 -2.282712e-04
8.275878e+00 2.346256e-02 -6.786998e-04
8.275878e+00 3.503514e-02 -1.288382e-03
8.275878e+00 5.263151e-02 -2.623481e-03
8.275878e+00 7.314235e-02 -5.247894e-03
8.275878e+00 1.025928e-01 -8.009358e-03
8.275878e+00 1.448116e-01 -1.345181e-02
8.275878e+00 2.023460e-01 -1.928282e-02
8.275878e+00 2.834245e-01 -2.618573e-02
8.275878e+00 3.967448e-01 -3.191743e-02
8.275878e+00 5.552783e-01 -3.559437e-02
8.275878e+00 7.774819e-01 -3.609921e-02
8.275878e+00 1.088445e+00 -3.352131e-02
8.275878e+00 1.523711e+00 -3.043300e-02
8.275878e+00 2.088426e+00 -2.944631e-02
8.275878e+00 2.685505e+00 -2.646262e-02
8.461396e+00 1.570796e-02 -2.066271e-04
8.461396e+00 2.346256e-02 -6.159432e-04
8.461396e+00 3.503514e-02 -1.170195e-03
8.461396e+00 5.263151e-02 -2.370437e-03
8.461396e+00 7.314235e-02 -4.746464e-03
8.461396e+00 1.025928e-01 -7.257764e-03
8.461396e+00 1.448116e-01 -1.2181e-02
8.461396e+00 2.023460e-01 -1.750479e-02
8.461396e+00 2.834245e-01 -2.401352e-02
8.461396e+00 3.967448e-01 -2.970686e-02
8.461396e+00 5.552783e-01 -3.358829e-02
8.461396e+00 7.774819e-01 -3.447727e-02
8.461396e+00 1.088445e+00 -3.234670e-02
8.461396e+00 1.523711e+00 -2.967544e-02
8.461396e+00 2.088426e+00 -2.882433e-02
8.461396e+00 2.685505e+00 -2.578187e-02
8.650623e+00 1.570796e-02 -1.859134e-04
8.650623e+00 2.346256e-02 -5.562722e-04
8.650623e+00 3.503514e-02 -1.059607e-03
8.650623e+00 5.263151e-02 -2.134518e-03
8.650623e+00 7.314235e-02 -4.275815e-03
8.650623e+00 1.025928e-01 -6.551293e-03
8.650623e+00 1.448116e-01 -1.098946e-02
8.650623e+00 2.023460e-01 -1.584049e-02
8.650623e+00 2.834245e-01 -2.191576e-02
8.650623e+00 3.967448e-01 -2.745687e-02
8.650623e+00 5.552783e-01 -3.148699e-02
8.650623e+00 7.774819e-01 -3.268401e-02
8.650623e+00 1.088445e+00 -3.106843e-02
8.650623e+00 1.523711e+00 -2.879675e-02
8.650623e+00 2.088426e+00 -2.810304e-02
8.650623e+00 2.685505e+00 -2.507805e-02
8.843636e+00 1.570796e-02 -1.675913e-04
8.843636e+00 2.346256e-02 -4.991268e-04
8.843636e+00 3.503514e-02 -9.571459e-04
8.843636e+00 5.263151e-02 -1.919166e-03
8.843636e+00 7.314235e-02 -3.847476e-03
8.843636e+00 1.025928e-01 -5.895411e-03
8.843636e+00 1.448116e-01 -9.892778e-03
8.843636e+00 2.023460e-01 -1.428705e-02
8.843636e+00 2.834245e-01 -1.991014e-02
8.843636e+00 3.967448e-01 -2.525094e-02
8.843636e+00 5.552783e-01 -2.931058e-02
8.843636e+00 7.774819e-01 -3.082046e-02
8.843636e+00 1.088445e+00 -2.962574e-02
8.843636e+00 1.523711e+00 -2.781539e-02
8.843636e+00 2.088426e+00 -2.726245e-02
8.843636e+00 2.685505e+00 -2.423489e-02
9.040509e+00 1.570796e-02 -1.523636e-04
9.040509e+00 2.346256e-02 -4.453948e-04
9.040509e+00 3.503514e-02 -8.592608e-04
9.040509e+00 5.263151e-02 -1.722706e-03
9.040509e+00 7.314235e-02 -3.457451e-03
9.040509e+00 1.025928e-01 -5.289312e-03
9.040509e+00 1.448116e-01 -8.880749e-03
9.040509e+00 2.023460e-01 -1.285112e-02
9.040509e+00 2.834245e-01 -1.801528e-02
9.040509e+00 3.967448e-01 -2.308637e-02
9.040509e+00 5.552783e-01 -2.715196e-02
9.040509e+00 7.774819e-01 -2.890766e-02
9.040509e+00 1.088445e+00 -2.810231e-02
9.040509e+00 1.523711e+00 -2.670054e-02
9.040509e+00 2.088426e+00 -2.628644e-02
9.040509e+00 2.685505e+00 -2.329121e-02
9.241319e+00 1.570796e-02 -1.369318e-04
9.241319e+00 2.346256e-02 -3.961971e-04
9.241319e+00 3.503514e-02 -7.688006e-04
9.241319e+00 5.263151e-02 -1.54756e-03
9.241319e+00 7.314235e-02 -3.102309e-03
9.241319e+00 1.025928e-01 -4.737513e-03
9.241319e+00 1.448116e-01 -7.946738e-03
9.241319e+00 2.023460e-01 -1.15446e-02
9.241319e+00 2.834245e-01 -1.624694e-02
9.241319e+00 3.967448e-01 -2.101051e-02
9.241319e+00 5.552783e-01 -2.500445e-02
9.241319e+00 7.774819e-01 -2.694599e-02
9.241319e+00 1.088445e+00 -2.651102e-02
9.241319e+00 1.523711e+00 -2.5478e-02
9.241319e+00 2.088426e+00 -2.521642e-02
9.241319e+00 2.685505e+00 -2.221237e-02
9.446145e+00 1.570796e-02 -1.223085e-04
9.446145e+00 2.346256e-02 -3.525684e-04
9.446145e+00 3.503514e-02 -6.854842e-04
9.446145e+00 5.263151e-02 -1.384323e-03
9.446145e+00 7.314235e-02 -2.770160e-03
9.446145e+00 1.025928e-01 -4.231455e-03
9.446145e+00 1.448116e-01 -7.096239e-03
9.446145e+00 2.023460e-01 -1.032739e-02
9.446145e+00 2.834245e-01 -1.458978e-02
9.446145e+00 3.967448e-01 -1.902782e-02
9.446145e+00 5.552783e-01 -2.290291e-02
9.446145e+00 7.774819e-01 -2.493024e-02
9.446145e+00 1.088445e+00 -2.484895e-02
9.446145e+00 1.523711e+00 -2.418084e-02
9.446145e+00 2.088426e+00 -2.408767e-02
9.446145e+00 2.685505e+00 -2.116628e-02
9.655068e+00 1.570796e-02 -1.089784e-04
9.655068e+00 2.346256e-02 -3.121721e-04
9.655068e+00 3.503514e-02 -6.100644e-04
9.655068e+00 5.263151e-02 -1.236244e-03
9.655068e+00 7.314235e-02 -2.470831e-03
9.655068e+00 1.025928e-01 -3.768316e-03
9.655068e+00 1.448116e-01 -6.315798e-03
9.655068e+00 2.023460e-01 -9.209641e-03
9.655068e+00 2.834245e-01 -1.305083e-02
9.655068e+00 3.967448e-01 -1.713784e-02
9.655068e+00 5.552783e-01 -2.083986e-02
9.655068e+00 7.774819e-01 -2.295911e-02
9.655068e+00 1.088445e+00 -2.316700e-02
9.655068e+00 1.523711e+00 -2.285317e-02
9.655068e+00 2.088426e+00 -2.289776e-02
9.655068e+00 2.685505e+00 -2.001627e-02
9.86817e+00 1.570796e-02 -9.680313e-05
9.86817e+00 2.346256e-02 -2.750012e-04
9.86817e+00 3.503514e-02 -5.413308e-04
9.86817e+00 5.263151e-02 -1.098675e-03
9.86817e+00 7.314235e-02 -2.193326e-03
9.86817e+00 1.025928e-01 -3.347521e-03
9.86817e+00 1.448116e-01 -5.601100e-03
9.86817e+00 2.023460e-01 -8.194831e-03
9.86817e+00 2.834245e-01 -1.163791e-02
9.86817e+00 3.967448e-01 -1.538144e-02
9.86817e+00 5.552783e-01 -1.885221e-02
9.86817e+00 7.774819e-01 -2.10002e-02
9.86817e+00 1.088445e+00 -2.146115e-02
9.86817e+00 1.523711e+00 -2.143422e-02
9.86817e+00 2.088426e+00 -2.163109e-02
9.86817e+00 2.685505e+00 -1.890545e-02
1.008553e+01 1.570796e-02 -8.555712e-05
1.008553e+01 2.346256e-02 -2.435344e-04
1.008553e+01 3.503514e-02 -4.802178e-04
1.008553e+01 5.263151e-02 -9.720572e-04
1.008553e+01 7.314235e-02 -1.937162e-03
1.008553e+01 1.025928e-01 -2.963568e-03
1.008553e+01 1.448116e-01 -4.957492e-03
1.008553e+01 2.023460e-01 -7.271640e-03
1.008553e+01 2.834245e-01 -1.033771e-02
1.008553e+01 3.967448e-01 -1.372824e-02
1.008553e+01 5.552783e-01 -1.697276e-02
1.008553e+01 7.774819e-01 -1.911235e-02
1.008553e+01 1.088445e+00 -1.979972e-02
1.008553e+01 1.523711e+00 -2.003526e-02
1.008553e+01 2.088426e+00 -2.034227e-02
1.008553e+01 2.685505e+00 -1.775021e-02
1.030724e+01 1.570796e-02 -7.492754e-05
1.030724e+01 2.346256e-02 -2.159851e-04
1.030724e+01 3.503514e-02 -4.224246e-04
1.030724e+01 5.263151e-02 -8.564554e-04
1.030724e+01 7.314235e-02 -1.705645e-03
1.030724e+01 1.025928e-01 -2.613925e-03
1.030724e+01 1.448116e-01 -4.371504e-03
1.030724e+01 2.023460e-01 -6.419303e-03
1.030724e+01 2.834245e-01 -9.148872e-03
1.030724e+01 3.967448e-01 -1.220270e-02
1.030724e+01 5.552783e-01 -1.517554e-02
1.030724e+01 7.774819e-01 -1.730222e-02
1.030724e+01 1.088445e+00 -1.816054e-02
1.030724e+01 1.523711e+00 -1.861577e-02
1.030724e+01 2.088426e+00 -1.901461e-02
1.030724e+01 2.685505e+00 -1.660226e-02
1.053339e+01 1.570796e-02 -6.572177e-05
1.053339e+01 2.346256e-02 -1.895640e-04
1.053339e+01 3.503514e-02 -3.724678e-04
1.053339e+01 5.263151e-02 -7.518827e-04
1.053339e+01 7.314235e-02 -1.500478e-03
1.053339e+01 1.025928e-01 -2.303442e-03
1.053339e+01 1.448116e-01 -3.840234e-03
1.053339e+01 2.023460e-01 -5.652049e-03
1.053339e+01 2.834245e-01 -8.066245e-03
1.053339e+01 3.967448e-01 -1.080168e-02
1.053339e+01 5.552783e-01 -1.351539e-02
1.053339e+01 7.774819e-01 -1.558342e-02
1.053339e+01 1.088445e+00 -1.655273e-02
1.053339e+01 1.523711e+00 -1.721751e-02
1.053339e+01 2.088426e+00 -1.770773e-02
1.053339e+01 2.685505e+00 -1.541481e-02
1.076406e+01 1.570796e-02 -5.745671e-05
1.076406e+01 2.346256e-02 -1.660341e-04
1.076406e+01 3.503514e-02 -3.264459e-04
1.076406e+01 5.263151e-02 -6.576816e-04
1.076406e+01 7.314235e-02 -1.311102e-03
1.076406e+01 1.025928e-01 -2.021694e-03
1.076406e+01 1.448116e-01 -3.360490e-03
1.076406e+01 2.023460e-01 -4.954315e-03
1.076406e+01 2.834245e-01 -7.084193e-03
1.076406e+01 3.967448e-01 -9.510225e-03
1.076406e+01 5.552783e-01 -1.198202e-02
1.076406e+01 7.774819e-01 -1.397487e-02
1.076406e+01 1.088445e+00 -1.502734e-02
1.076406e+01 1.523711e+00 -1.581964e-02
1.076406e+01 2.088426e+00 -1.637658e-02
1.076406e+01 2.685505e+00 -1.421303e-02
1.099934e+01 1.570796e-02 -5.003447e-05
1.099934e+01 2.346256e-02 -1.432252e-04
1.099934e+01 3.503514e-02 -2.844754e-04
1.099934e+01 5.263151e-02 -5.727131e-04
1.099934e+01 7.314235e-02 -1.141350e-03
1.099934e+01 1.025928e-01 -1.761587e-03
1.099934e+01 1.448116e-01 -2.930591e-03
1.099934e+01 2.023460e-01 -4.325535e-03
1.099934e+01 2.834245e-01 -6.190195e-03
1.099934e+01 3.967448e-01 -8.324054e-03
1.099934e+01 5.552783e-01 -1.055378e-02
1.099934e+01 7.774819e-01 -1.241985e-02
1.099934e+01 1.088445e+00 -1.355389e-02
1.099934e+01 1.523711e+00 -1.444245e-02
1.099934e+01 2.088426e+00 -1.506232e-02
1.099934e+01 2.685505e+00 -1.309943e-02
1.123932e+01 1.570796e-02 -4.39568e-05
1.123932e+01 2.346256e-02 -1.238631e-04
1.123932e+01 3.503514e-02 -2.478689e-04
1.123932e+01 5.263151e-02 -4.967290e-04
1.123932e+01 7.314235e-02 -9.928902e-04
1.123932e+01 1.025928e-01 -1.532233e-03
1.123932e+01 1.448116e-01 -2.545755e-03
1.123932e+01 2.023460e-01 -3.760765e-03
1.123932e+01 2.834245e-01 -5.392738e-03
1.123932e+01 3.967448e-01 -7.266352e-03
1.123932e+01 5.552783e-01 -9.257976e-03
1.123932e+01 7.774819e-01 -1.100512e-02
1.123932e+01 1.088445e+00 -1.215584e-02
1.123932e+01 1.523711e+00 -1.313029e-02
1.123932e+01 2.088426e+00 -1.379398e-02
1.123932e+01 2.685505e+00 -1.201642e-02
1.148411e+01 1.570796e-02 -3.831309e-05
1.148411e+01 2.346256e-02 -1.060173e-04
1.148411e+01 3.503514e-02 -2.153045e-04
1.148411e+01 5.263151e-02 -4.291505e-04
1.148411e+01 7.314235e-02 -8.577422e-04
1.148411e+01 1.025928e-01 -1.326662e-03
1.148411e+01 1.448116e-01 -2.203371e-03
1.148411e+01 2.023460e-01 -3.264868e-03
1.148411e+01 2.834245e-01 -4.679184e-03
1.148411e+01 3.967448e-01 -6.321127e-03
1.148411e+01 5.552783e-01 -8.082327e-03
1.148411e+01 7.774819e-01 -9.690740e-03
1.148411e+01 1.088445e+00 -1.084454e-02
1.148411e+01 1.523711e+00 -1.186846e-02
1.148411e+01 2.088426e+00 -1.256216e-02
1.148411e+01 2.685505e+00 -1.092910e-02
1.173379e+01 1.570796e-02 -3.309435e-05
1.173379e+01 2.346256e-02 -8.971668e-05
1.173379e+01 3.503514e-02 -1.851708e-04
1.173379e+01 5.263151e-02 -3.676880e-04
1.173379e+01 7.314235e-02 -7.3726e-04
1.173379e+01 1.025928e-01 -1.141594e-03
1.173379e+01 1.448116e-01 -1.892592e-03
1.173379e+01 2.023460e-01 -2.811100e-03
1.173379e+01 2.834245e-01 -4.033452e-03
1.173379e+01 3.967448e-01 -5.457704e-03
1.173379e+01 5.552783e-01 -6.997589e-03
1.173379e+01 7.774819e-01 -8.476169e-03
1.173379e+01 1.088445e+00 -9.611779e-03
1.173379e+01 1.523711e+00 -1.067432e-02
1.173379e+01 2.088426e+00 -1.141189e-02
1.173379e+01 2.685505e+00 -1.001994e-02
1.198847e+01 1.570796e-02 -2.854595e-05
1.198847e+01 2.346256e-02 -7.560494e-05
1.198847e+01 3.503514e-02 -1.586963e-04
1.198847e+01 5.263151e-02 -3.154628e-04
1.198847e+01 7.314235e-02 -6.290387e-04
1.198847e+01 1.025928e-01 -9.782623e-04
1.198847e+01 1.448116e-01 -1.620524e-03
1.198847e+01 2.023460e-01 -2.410984e-03
1.198847e+01 2.834245e-01 -3.459662e-03
1.198847e+01 3.967448e-01 -4.690382e-03
1.198847e+01 5.552783e-01 -6.040107e-03
1.198847e+01 7.774819e-01 -7.385868e-03
1.198847e+01 1.088445e+00 -8.482036e-03
1.198847e+01 1.523711e+00 -9.546196e-03
1.198847e+01 2.088426e+00 -1.027591e-02
1.198847e+01 2.685505e+00 -9.055916e-03
1.224824e+01 1.570796e-02 -2.453315e-05
1.224824e+01 2.346256e-02 -6.490694e-05
1.224824e+01 3.503514e-02 -1.352070e-04
1.224824e+01 5.263151e-02 -2.690884e-04
1.224824e+01 7.314235e-02 -5.360830e-04
1.224824e+01 1.025928e-01 -8.349279e-04
1.224824e+01 1.448116e-01 -1.379916e-03
1.224824e+01 2.023460e-01 -2.059021e-03
1.224824e+01 2.834245e-01 -2.952990e-03
1.224824e+01 3.967448e-01 -4.013642e-03
1.224824e+01 5.552783e-01 -5.195386e-03
1.224824e+01 7.774819e-01 -6.402387e-03
1.224824e+01 1.088445e+00 -7.447334e-03
1.224824e+01 1.523711e+00 -8.481438e-03
1.224824e+01 2.088426e+00 -9.201602e-03
1.224824e+01 2.685505e+00 -8.117161e-03
1.251320e+01 1.570796e-02 -2.096651e-05
1.251320e+01 2.346256e-02 -5.442161e-05
1.251320e+01 3.503514e-02 -1.152756e-04
1.251320e+01 5.263151e-02 -2.301586e-04
1.251320e+01 7.314235e-02 -4.556355e-04
1.251320e+01 1.025928e-01 -7.100328e-04
1.251320e+01 1.448116e-01 -1.173916e-03
1.251320e+01 2.023460e-01 -1.751218e-03
1.251320e+01 2.834245e-01 -2.512380e-03
1.251320e+01 3.967448e-01 -3.418598e-03
1.251320e+01 5.552783e-01 -4.452398e-03
1.251320e+01 7.774819e-01 -5.531254e-03
1.251320e+01 1.088445e+00 -6.499825e-03
1.251320e+01 1.523711e+00 -7.493898e-03
1.251320e+01 2.088426e+00 -8.212117e-03
1.251320e+01 2.685505e+00 -7.280815e-03
1.278347e+01 1.570796e-02 -1.764469e-05
1.278347e+01 2.346256e-02 -4.565597e-05
1.278347e+01 3.503514e-02 -9.729599e-05
1.278347e+01 5.263151e-02 -1.950333e-04
1.278347e+01 7.314235e-02 -3.865253e-04
1.278347e+01 1.025928e-01 -5.995267e-04
1.278347e+01 1.448116e-01 -9.938044e-04
1.278347e+01 2.023460e-01 -1.484428e-03
1.278347e+01 2.834245e-01 -2.130403e-03
1.278347e+01 3.967448e-01 -2.899835e-03
1.278347e+01 5.552783e-01 -3.793071e-03
1.278347e+01 7.774819e-01 -4.751586e-03
1.278347e+01 1.088445e+00 -5.644933e-03
1.278347e+01 1.523711e+00 -6.575327e-03
1.278347e+01 2.088426e+00 -7.251755e-03
1.278347e+01 2.685505e+00 -6.445891e-03
1.305914e+01 1.570796e-02 -1.488333e-05
1.305914e+01 2.346256e-02 -3.822475e-05
1.305914e+01 3.503514e-02 -8.197778e-05
1.305914e+01 5.263151e-02 -1.640177e-04
1.305914e+01 7.314235e-02 -3.241523e-04
1.305914e+01 1.025928e-01 -5.024005e-04
1.305914e+01 1.448116e-01 -8.339633e-04
1.305914e+01 2.023460e-01 -1.25069e-03
1.305914e+01 2.834245e-01 -1.793093e-03
1.305914e+01 3.967448e-01 -2.443095e-03
1.305914e+01 5.552783e-01 -3.212903e-03
1.305914e+01 7.774819e-01 -4.052554e-03
1.305914e+01 1.088445e+00 -4.858927e-03
1.305914e+01 1.523711e+00 -5.705671e-03
1.305914e+01 2.088426e+00 -6.338531e-03
1.305914e+01 2.685505e+00 -5.636296e-03
1.334032e+01 1.570796e-02 -1.242379e-05
1.334032e+01 2.346256e-02 -3.169252e-05
1.334032e+01 3.503514e-02 -6.816889e-05
1.334032e+01 5.263151e-02 -1.367695e-04
1.334032e+01 7.314235e-02 -2.715862e-04
1.334032e+01 1.025928e-01 -4.204821e-04
1.334032e+01 1.448116e-01 -6.975666e-04
1.334032e+01 2.023460e-01 -1.047054e-03
1.334032e+01 2.834245e-01 -1.500425e-03
1.334032e+01 3.967448e-01 -2.049193e-03
1.334032e+01 5.552783e-01 -2.704239e-03
1.334032e+01 7.774819e-01 -3.435609e-03
1.334032e+01 1.088445e+00 -4.161343e-03
1.334032e+01 1.523711e+00 -4.92244e-03
1.334032e+01 2.088426e+00 -5.486274e-03
1.334032e+01 2.685505e+00 -4.890939e-03
1.362713e+01 1.570796e-02 -1.042164e-05
1.362713e+01 2.346256e-02 -2.631614e-05
1.362713e+01 3.503514e-02 -5.672588e-05
1.362713e+01 5.263151e-02 -1.137196e-04
1.362713e+01 7.314235e-02 -2.252646e-04
1.362713e+01 1.025928e-01 -3.498654e-04
1.362713e+01 1.448116e-01 -5.800141e-04
1.362713e+01 2.023460e-01 -8.73341e-04
1.362713e+01 2.834245e-01 -1.250246e-03
1.362713e+01 3.967448e-01 -1.708476e-03
1.362713e+01 5.552783e-01 -2.266507e-03
1.362713e+01 7.774819e-01 -2.899949e-03
1.362713e+01 1.088445e+00 -3.544240e-03
1.362713e+01 1.523711e+00 -4.225221e-03
1.362713e+01 2.088426e+00 -4.725653e-03
1.362713e+01 2.685505e+00 -4.221994e-03
1.391967e+01 1.570796e-02 -8.731473e-06
1.391967e+01 2.346256e-02 -2.190167e-05
1.391967e+01 3.503514e-02 -4.742865e-05
1.391967e+01 5.263151e-02 -9.451498e-05
1.391967e+01 7.314235e-02 -1.857695e-04
1.391967e+01 1.025928e-01 -2.89319e-04
1.391967e+01 1.448116e-01 -4.797875e-04
1.391967e+01 2.023460e-01 -7.245133e-04
1.391967e+01 2.834245e-01 -1.036805e-03
1.391967e+01 3.967448e-01 -1.419172e-03
1.391967e+01 5.552783e-01 -1.889269e-03
1.391967e+01 7.774819e-01 -2.43321e-03
1.391967e+01 1.088445e+00 -2.992843e-03
1.391967e+01 1.523711e+00 -3.585975e-03
1.391967e+01 2.088426e+00 -4.008896e-03
1.391967e+01 2.685505e+00 -3.585435e-03
1.421806e+01 1.570796e-02 -7.270676e-06
1.421806e+01 2.346256e-02 -1.763064e-05
1.421806e+01 3.503514e-02 -3.902331e-05
1.421806e+01 5.263151e-02 -7.770515e-05
1.421806e+01 7.314235e-02 -1.540877e-04
1.421806e+01 1.025928e-01 -2.384531e-04
1.421806e+01 1.448116e-01 -3.960079e-04
1.421806e+01 2.023460e-01 -5.976511e-04
1.421806e+01 2.834245e-01 -8.567059e-04
1.421806e+01 3.967448e-01 -1.177682e-03
1.421806e+01 5.552783e-01 -1.571386e-03
1.421806e+01 7.774819e-01 -2.029752e-03
1.421806e+01 1.088445e+00 -2.514497e-03
1.421806e+01 1.523711e+00 -3.027020e-03
1.421806e+01 2.088426e+00 -3.377443e-03
1.421806e+01 2.685505e+00 -3.027847e-03
1.452242e+01 1.570796e-02 -6.019739e-06
1.452242e+01 2.346256e-02 -1.431874e-05
1.452242e+01 3.503514e-02 -3.20709e-05
1.452242e+01 5.263151e-02 -6.346822e-05
1.452242e+01 7.314235e-02 -1.256790e-04
1.452242e+01 1.025928e-01 -1.946028e-04
1.452242e+01 1.448116e-01 -3.237696e-04
1.452242e+01 2.023460e-01 -4.881269e-04
1.452242e+01 2.834245e-01 -7.016189e-04
1.452242e+01 3.967448e-01 -9.640506e-04
1.452242e+01 5.552783e-01 -1.290793e-03
1.452242e+01 7.774819e-01 -1.674452e-03
1.452242e+01 1.088445e+00 -2.097304e-03
1.452242e+01 1.523711e+00 -2.535962e-03
1.452242e+01 2.088426e+00 -2.849288e-03
1.452242e+01 2.685505e+00 -2.551424e-03
1.483287e+01 1.570796e-02 -4.938803e-06
1.483287e+01 2.346256e-02 -1.139246e-05
1.483287e+01 3.503514e-02 -2.600404e-05
1.483287e+01 5.263151e-02 -5.147971e-05
1.483287e+01 7.314235e-02 -1.018122e-04
1.483287e+01 1.025928e-01 -1.584069e-04
1.483287e+01 1.448116e-01 -2.635277e-04
1.483287e+01 2.023460e-01 -3.987448e-04
1.483287e+01 2.834245e-01 -5.714794e-04
1.483287e+01 3.967448e-01 -7.888328e-04
1.483287e+01 5.552783e-01 -1.059013e-03
1.483287e+01 7.774819e-01 -1.378238e-03
1.483287e+01 1.088445e+00 -1.736448e-03
1.483287e+01 1.523711e+00 -2.103114e-03
1.483287e+01 2.088426e+00 -2.353419e-03
1.483287e+01 2.685505e+00 -2.116295e-03
1.514953e+01 1.570796e-02 -4.040941e-06
1.514953e+01 2.346256e-02 -9.062031e-06
1.514953e+01 3.503514e-02 -2.118309e-05
1.514953e+01 5.263151e-02 -4.147432e-05
1.514953e+01 7.314235e-02 -8.238256e-05
1.514953e+01 1.025928e-01 -1.281726e-04
1.514953e+01 1.448116e-01 -2.134864e-04
1.514953e+01 2.023460e-01 -3.234154e-04
1.514953e+01 2.834245e-01 -4.634366e-04
1.514953e+01 3.967448e-01 -6.407511e-04
1.514953e+01 5.552783e-01 -8.641868e-04
1.514953e+01 7.774819e-01 -1.129339e-03
1.514953e+01 1.088445e+00 -1.429623e-03
1.514953e+01 1.523711e+00 -1.734403e-03
1.514953e+01 2.088426e+00 -1.932952e-03
1.514953e+01 2.685505e+00 -1.718619e-03
1.547252e+01 1.570796e-02 -3.280102e-06
1.547252e+01 2.346256e-02 -7.257951e-06
1.547252e+01 3.503514e-02 -1.710895e-05
1.547252e+01 5.263151e-02 -3.309964e-05
1.547252e+01 7.314235e-02 -6.623331e-05
1.547252e+01 1.025928e-01 -1.023653e-04
1.547252e+01 1.448116e-01 -1.712261e-04
1.547252e+01 2.023460e-01 -2.601331e-04
1.547252e+01 2.834245e-01 -3.727881e-04
1.547252e+01 3.967448e-01 -5.159228e-04
1.547252e+01 5.552783e-01 -6.985276e-04
1.547252e+01 7.774819e-01 -9.167287e-04
1.547252e+01 1.088445e+00 -1.167514e-03
1.547252e+01 1.523711e+00 -1.419803e-03
1.547252e+01 2.088426e+00 -1.58049e-03
1.547252e+01 2.685505e+00 -1.379141e-03
1.580197e+01 1.570796e-02 -2.636721e-06
1.580197e+01 2.346256e-02 -5.780213e-06
1.580197e+01 3.503514e-02 -1.367685e-05
1.580197e+01 5.263151e-02 -2.637031e-05
1.580197e+01 7.314235e-02 -5.249323e-05
1.580197e+01 1.025928e-01 -8.158137e-05
1.580197e+01 1.448116e-01 -1.366496e-04
1.580197e+01 2.023460e-01 -2.071016e-04
1.580197e+01 2.834245e-01 -2.973079e-04
1.580197e+01 3.967448e-01 -4.125331e-04
1.580197e+01 5.552783e-01 -5.619049e-04
1.580197e+01 7.774819e-01 -7.383891e-04
1.580197e+01 1.088445e+00 -9.47926e-04
1.580197e+01 1.523711e+00 -1.158319e-03
1.580197e+01 2.088426e+00 -1.283522e-03
1.580197e+01 2.685505e+00 -1.096777e-03
1.613801e+01 1.570796e-02 -2.113524e-06
1.613801e+01 2.346256e-02 -4.540393e-06
1.613801e+01 3.503514e-02 -1.101517e-05
1.613801e+01 5.263151e-02 -2.085835e-05
1.613801e+01 7.314235e-02 -4.105871e-05
1.613801e+01 1.025928e-01 -6.435496e-05
1.613801e+01 1.448116e-01 -1.080893e-04
1.613801e+01 2.023460e-01 -1.637912e-04
1.613801e+01 2.834245e-01 -2.349611e-04
1.613801e+01 3.967448e-01 -3.271690e-04
1.613801e+01 5.552783e-01 -4.468345e-04
1.613801e+01 7.774819e-01 -5.916371e-04
1.613801e+01 1.088445e+00 -7.60707e-04
1.613801e+01 1.523711e+00 -9.332368e-04
1.613801e+01 2.088426e+00 -1.027506e-03
1.613801e+01 2.685505e+00 -8.586828e-04
1.648077e+01 1.570796e-02 -1.65124e-06
1.648077e+01 2.346256e-02 -3.418885e-06
1.648077e+01 3.503514e-02 -8.666440e-06
1.648077e+01 5.263151e-02 -1.625545e-05
1.648077e+01 7.314235e-02 -3.179344e-05
1.648077e+01 1.025928e-01 -4.971582e-05
1.648077e+01 1.448116e-01 -8.413475e-05
1.648077e+01 2.023460e-01 -1.278599e-04
1.648077e+01 2.834245e-01 -1.833909e-04
1.648077e+01 3.967448e-01 -2.554401e-04
1.648077e+01 5.552783e-01 -3.497491e-04
1.648077e+01 7.774819e-01 -4.667929e-04
1.648077e+01 1.088445e+00 -6.02227e-04
1.648077e+01 1.523711e+00 -7.393701e-04
1.648077e+01 2.088426e+00 -8.133675e-04
1.648077e+01 2.685505e+00 -6.630235e-04
1.683038e+01 1.570796e-02 -1.306922e-06
1.683038e+01 2.346256e-02 -2.643347e-06
1.683038e+01 3.503514e-02 -6.752827e-06
1.683038e+01 5.263151e-02 -1.264675e-05
1.683038e+01 7.314235e-02 -2.451173e-05
1.683038e+01 1.025928e-01 -3.831593e-05
1.683038e+01 1.448116e-01 -6.499447e-05
1.683038e+01 2.023460e-01 -9.874991e-05
1.683038e+01 2.834245e-01 -1.419269e-04
1.683038e+01 3.967448e-01 -1.980426e-04
1.683038e+01 5.552783e-01 -2.730670e-04
1.683038e+01 7.774819e-01 -3.681647e-04
1.683038e+01 1.088445e+00 -4.749700e-04
1.683038e+01 1.523711e+00 -5.868627e-04
1.683038e+01 2.088426e+00 -6.413200e-04
1.683038e+01 2.685505e+00 -5.079966e-04
1.718699e+01 1.570796e-02 -1.034942e-06
1.718699e+01 2.346256e-02 -2.045094e-06
1.718699e+01 3.503514e-02 -5.130590e-06
1.718699e+01 5.263151e-02 -9.591578e-06
1.718699e+01 7.314235e-02 -1.878044e-05
1.718699e+01 1.025928e-01 -2.909620e-05
1.718699e+01 1.448116e-01 -4.931111e-05
1.718699e+01 2.023460e-01 -7.509506e-05
1.718699e+01 2.834245e-01 -1.081817e-04
1.718699e+01 3.967448e-01 -1.516761e-04
1.718699e+01 5.552783e-01 -2.105417e-04
1.718699e+01 7.774819e-01 -2.870505e-04
1.718699e+01 1.088445e+00 -3.718949e-04
1.718699e+01 1.523711e+00 -4.605279e-04
1.718699e+01 2.088426e+00 -5.021794e-04
1.718699e+01 2.685505e+00 -3.890492e-04
1.755073e+01 1.570796e-02 -7.95351e-07
1.755073e+01 2.346256e-02 -1.47149e-06
1.755073e+01 3.503514e-02 -3.816548e-06
1.755073e+01 5.263151e-02 -7.221151e-06
1.755073e+01 7.314235e-02 -1.414159e-05
1.755073e+01 1.025928e-01 -2.173800e-05
1.755073e+01 1.448116e-01 -3.684456e-05
1.755073e+01 2.023460e-01 -5.629938e-05
1.755073e+01 2.834245e-01 -8.144511e-05
1.755073e+01 3.967448e-01 -1.14814e-04
1.755073e+01 5.552783e-01 -1.596907e-04
1.755073e+01 7.774819e-01 -2.209968e-04
1.755073e+01 1.088445e+00 -2.884963e-04
1.755073e+01 1.523711e+00 -3.601734e-04
1.755073e+01 2.088426e+00 -3.943443e-04
1.755073e+01 2.685505e+00 -3.011448e-04
1.792175e+01 1.570796e-02 -5.91481e-07
1.792175e+01 2.346256e-02 -1.083769e-06
1.792175e+01 3.503514e-02 -2.842562e-06
1.792175e+01 5.263151e-02 -5.429284e-06
1.792175e+01 7.314235e-02 -1.058058e-05
1.792175e+01 1.025928e-01 -1.612077e-05
1.792175e+01 1.448116e-01 -2.751683e-05
1.792175e+01 2.023460e-01 -4.194955e-05
1.792175e+01 2.834245e-01 -6.079764e-05
1.792175e+01 3.967448e-01 -8.599291e-05
1.792175e+01 5.552783e-01 -1.208704e-04
1.792175e+01 7.774819e-01 -1.690751e-04
1.792175e+01 1.088445e+00 -2.22797e-04
1.792175e+01 1.523711e+00 -2.80991e-04
1.792175e+01 2.088426e+00 -3.087539e-04
1.792175e+01 2.685505e+00 -2.339167e-04
1.830018e+01 1.570796e-02 -4.359743e-07
1.830018e+01 2.346256e-02 -7.321321e-07
1.830018e+01 3.503514e-02 -2.057614e-06
1.830018e+01 5.263151e-02 -3.951342e-06
1.830018e+01 7.314235e-02 -7.669757e-06
1.830018e+01 1.025928e-01 -1.151401e-05
1.830018e+01 1.448116e-01 -1.991416e-05
1.830018e+01 2.023460e-01 -3.049306e-05
1.830018e+01 2.834245e-01 -4.380519e-05
1.830018e+01 3.967448e-01 -6.257473e-05
1.830018e+01 5.552783e-01 -8.879875e-05
1.830018e+01 7.774819e-01 -1.259621e-04
1.830018e+01 1.088445e+00 -1.676043e-04
1.830018e+01 1.523711e+00 -2.158308e-04
1.830018e+01 2.088426e+00 -2.383585e-04
1.830018e+01 2.685505e+00 -1.813301e-04
1.868618e+01 1.570796e-02 -3.248782e-07
1.868618e+01 2.346256e-02 -4.943586e-07
1.868618e+01 3.503514e-02 -1.478509e-06
1.868618e+01 5.263151e-02 -2.809147e-06
1.868618e+01 7.314235e-02 -5.395472e-06
1.868618e+01 1.025928e-01 -8.016063e-06
1.868618e+01 1.448116e-01 -1.406203e-05
1.868618e+01 2.023460e-01 -2.182847e-05
1.868618e+01 2.834245e-01 -3.102352e-05
1.868618e+01 3.967448e-01 -4.461074e-05
1.868618e+01 5.552783e-01 -6.407298e-05
1.868618e+01 7.774819e-01 -9.216712e-05
1.868618e+01 1.088445e+00 -1.236007e-04
1.868618e+01 1.523711e+00 -1.612281e-04
1.868618e+01 2.088426e+00 -1.817247e-04
1.868618e+01 2.685505e+00 -1.400333e-04
1.907991e+01 1.570796e-02 -2.271479e-07
1.907991e+01 2.346256e-02 -3.332662e-07
1.907991e+01 3.503514e-02 -9.929809e-07
1.907991e+01 5.263151e-02 -1.943251e-06
1.907991e+01 7.314235e-02 -3.716840e-06
1.907991e+01 1.025928e-01 -5.526226e-06
1.907991e+01 1.448116e-01 -9.747157e-06
1.907991e+01 2.023460e-01 -1.522862e-05
1.907991e+01 2.834245e-01 -2.154348e-05
1.907991e+01 3.967448e-01 -3.125734e-05
1.907991e+01 5.552783e-01 -4.532510e-05
1.907991e+01 7.774819e-01 -6.550776e-05
1.907991e+01 1.088445e+00 -8.960475e-05
1.907991e+01 1.523711e+00 -1.185965e-04
1.907991e+01 2.088426e+00 -1.368089e-04
1.907991e+01 2.685505e+00 -1.075084e-04
1.948151e+01 1.570796e-02 -1.602317e-07
1.948151e+01 2.346256e-02 -2.202924e-07
1.948151e+01 3.503514e-02 -6.493997e-07
1.948151e+01 5.263151e-02 -1.298115e-06
1.948151e+01 7.314235e-02 -2.456862e-06
1.948151e+01 1.025928e-01 -3.673297e-06
1.948151e+01 1.448116e-01 -6.532155e-06
1.948151e+01 2.023460e-01 -1.020664e-05
1.948151e+01 2.834245e-01 -1.447032e-05
1.948151e+01 3.967448e-01 -2.103488e-05
1.948151e+01 5.552783e-01 -3.083278e-05
1.948151e+01 7.774819e-01 -4.520019e-05
1.948151e+01 1.088445e+00 -6.221350e-05
1.948151e+01 1.523711e+00 -8.457913e-05
1.948151e+01 2.088426e+00 -1.006646e-04
1.948151e+01 2.685505e+00 -8.236105e-05
1.989114e+01 1.570796e-02 -1.067011e-07
1.989114e+01 2.346256e-02 -1.410097e-07
1.989114e+01 3.503514e-02 -4.475056e-07
1.989114e+01 5.263151e-02 -8.698143e-07
1.989114e+01 7.314235e-02 -1.657323e-06
1.989114e+01 1.025928e-01 -2.475496e-06
1.989114e+01 1.448116e-01 -4.464528e-06
1.989114e+01 2.023460e-01 -6.949084e-06
1.989114e+01 2.834245e-01 -9.732662e-06
1.989114e+01 3.967448e-01 -1.440232e-05
1.989114e+01 5.552783e-01 -2.132631e-05
1.989114e+01 7.774819e-01 -3.156799e-05
1.989114e+01 1.088445e+00 -4.329101e-05
1.989114e+01 1.523711e+00 -5.949161e-05
1.989114e+01 2.088426e+00 -7.209846e-05
1.989114e+01 2.685505e+00 -5.999436e-05
2.030896e+01 1.570796e-02 -6.805410e-08
2.030896e+01 2.346256e-02 -9.101877e-08
2.030896e+01 3.503514e-02 -3.034461e-07
2.030896e+01 5.263151e-02 -5.608269e-07
2.030896e+01 7.314235e-02 -1.087934e-06
2.030896e+01 1.025928e-01 -1.692407e-06
2.030896e+01 1.448116e-01 -3.008158e-06
2.030896e+01 2.023460e-01 -4.663899e-06
2.030896e+01 2.834245e-01 -6.528995e-06
2.030896e+01 3.967448e-01 -9.733764e-06
2.030896e+01 5.552783e-01 -1.456887e-05
2.030896e+01 7.774819e-01 -2.170713e-05
2.030896e+01 1.088445e+00 -2.992909e-05
2.030896e+01 1.523711e+00 -4.168521e-05
2.030896e+01 2.088426e+00 -5.105634e-05
2.030896e+01 2.685505e+00 -4.427199e-05
2.073514e+01 1.570796e-02 -4.377796e-08
2.073514e+01 2.346256e-02 -6.422281e-08
2.073514e+01 3.503514e-02 -2.044982e-07
2.073514e+01 5.263151e-02 -3.85911e-07
2.073514e+01 7.314235e-02 -6.992875e-07
2.073514e+01 1.025928e-01 -1.10261e-06
2.073514e+01 1.448116e-01 -1.990804e-06
2.073514e+01 2.023460e-01 -3.103531e-06
2.073514e+01 2.834245e-01 -4.335393e-06
2.073514e+01 3.967448e-01 -6.451757e-06
2.073514e+01 5.552783e-01 -9.728145e-06
2.073514e+01 7.774819e-01 -1.470589e-05
2.073514e+01 1.088445e+00 -2.035115e-05
2.073514e+01 1.523711e+00 -2.853523e-05
2.073514e+01 2.088426e+00 -3.582529e-05
2.073514e+01 2.685505e+00 -3.111565e-05
2.116984e+01 1.570796e-02 -2.754268e-08
2.116984e+01 2.346256e-02 -3.738366e-08
2.116984e+01 3.503514e-02 -1.300228e-07
2.116984e+01 5.263151e-02 -2.420168e-07
2.116984e+01 7.314235e-02 -4.637791e-07
2.116984e+01 1.025928e-01 -6.897247e-07
2.116984e+01 1.448116e-01 -1.285698e-06
2.116984e+01 2.023460e-01 -2.002411e-06
2.116984e+01 2.834245e-01 -2.75017e-06
2.116984e+01 3.967448e-01 -4.144555e-06
2.116984e+01 5.552783e-01 -6.315684e-06
2.116984e+01 7.774819e-01 -9.491712e-06
2.116984e+01 1.088445e+00 -1.344079e-05
2.116984e+01 1.523711e+00 -1.934752e-05
2.116984e+01 2.088426e+00 -2.475449e-05
2.116984e+01 2.685505e+00 -2.220316e-05
2.161324e+01 1.570796e-02 -1.855754e-08
2.161324e+01 2.346256e-02 -2.713123e-08
2.161324e+01 3.503514e-02 -8.145121e-08
2.161324e+01 5.263151e-02 -1.617608e-07
2.161324e+01 7.314235e-02 -3.087095e-07
2.161324e+01 1.025928e-01 -4.396565e-07
2.161324e+01 1.448116e-01 -8.095364e-07
2.161324e+01 2.023460e-01 -1.272182e-06
2.161324e+01 2.834245e-01 -1.770479e-06
2.161324e+01 3.967448e-01 -2.622353e-06
2.161324e+01 5.552783e-01 -4.046537e-06
2.161324e+01 7.774819e-01 -6.142559e-06
2.161324e+01 1.088445e+00 -8.910060e-06
2.161324e+01 1.523711e+00 -1.296473e-05
2.161324e+01 2.088426e+00 -1.685651e-05
2.161324e+01 2.685505e+00 -1.534409e-05
2.206550e+01 1.570796e-02 -1.038804e-08
2.206550e+01 2.346256e-02 -1.857895e-08
2.206550e+01 3.503514e-02 -4.906229e-08
2.206550e+01 5.263151e-02 -9.897786e-08
2.206550e+01 7.314235e-02 -1.858954e-07
2.206550e+01 1.025928e-01 -2.763759e-07
2.206550e+01 1.448116e-01 -5.071462e-07
2.206550e+01 2.023460e-01 -7.891108e-07
2.206550e+01 2.834245e-01 -1.077023e-06
2.206550e+01 3.967448e-01 -1.663266e-06
2.206550e+01 5.552783e-01 -2.578350e-06
2.206550e+01 7.774819e-01 -3.884386e-06
2.206550e+01 1.088445e+00 -5.615713e-06
2.206550e+01 1.523711e+00 -8.384794e-06
2.206550e+01 2.088426e+00 -1.099631e-05
2.206550e+01 2.685505e+00 -1.034425e-05
2.252681e+01 1.570796e-02 -1.938006e-10
2.252681e+01 2.346256e-02 9.908639e-11
2.252681e+01 3.503514e-02 -9.000915e-10
2.252681e+01 5.263151e-02 -1.102159e-09
2.252681e+01 7.314235e-02 -1.115363e-09
2.252681e+01 1.025928e-01 3.999727e-10
2.252681e+01 1.448116e-01 3.665662e-09
2.252681e+01 2.023460e-01 9.78422e-09
2.252681e+01 2.834245e-01 2.131061e-08
2.252681e+01 3.967448e-01 3.695982e-08
2.252681e+01 5.552783e-01 5.881037e-08
2.252681e+01 7.774819e-01 7.912369e-08
2.252681e+01 1.088445e+00 8.44166e-08
2.252681e+01 1.523711e+00 5.4205e-08
2.252681e+01 2.088426e+00 8.246235e-09
2.252681e+01 2.685505e+00 -1.535028e-08
2.299735e+01 1.570796e-02 -6.550592e-11
2.299735e+01 2.346256e-02 3.144893e-10
2.299735e+01 3.503514e-02 -2.632868e-10
2.299735e+01 5.263151e-02 1.821932e-11
2.299735e+01 7.314235e-02 9.088050e-10
2.299735e+01 1.025928e-01 2.92196e-09
2.299735e+01 1.448116e-01 7.180249e-09
2.299735e+01 2.023460e-01 1.392224e-08
2.299735e+01 2.834245e-01 2.577932e-08
2.299735e+01 3.967448e-01 4.187985e-08
2.299735e+01 5.552783e-01 6.445688e-08
2.299735e+01 7.774819e-01 8.613395e-08
2.299735e+01 1.088445e+00 9.323115e-08
2.299735e+01 1.523711e+00 6.604419e-08
2.299735e+01 2.088426e+00 2.155853e-08
2.299735e+01 2.685505e+00 -5.755989e-09
2.34773e+01 1.570796e-02 2.944667e-11
2.34773e+01 2.346256e-02 4.630097e-10
2.34773e+01 3.503514e-02 2.110785e-10
2.34773e+01 5.263151e-02 8.395805e-10
2.34773e+01 7.314235e-02 2.390404e-09
2.34773e+01 1.025928e-01 4.743880e-09
2.34773e+01 1.448116e-01 9.697009e-09
2.34773e+01 2.023460e-01 1.685878e-08
2.34773e+01 2.834245e-01 2.887887e-08
2.34773e+01 3.967448e-01 4.528370e-08
2.34773e+01 5.552783e-01 6.832727e-08
2.34773e+01 7.774819e-01 9.103979e-08
2.34773e+01 1.088445e+00 9.96806e-08
2.34773e+01 1.523711e+00 7.53955e-08
2.34773e+01 2.088426e+00 3.287966e-08
2.34773e+01 2.685505e+00 2.647801e-09
2.396684e+01 1.570796e-02 9.948758e-11
2.396684e+01 2.346256e-02 5.606632e-10
2.396684e+01 3.503514e-02 5.485279e-10
2.396684e+01 5.263151e-02 1.412735e-09
2.396684e+01 7.314235e-02 3.434208e-09
2.396684e+01 1.025928e-01 5.994167e-09
2.396684e+01 1.448116e-01 1.141169e-08
2.396684e+01 2.023460e-01 1.880140e-08
2.396684e+01 2.834245e-01 3.086338e-08
2.396684e+01 3.967448e-01 4.740436e-08
2.396684e+01 5.552783e-01 7.061701e-08
2.396684e+01 7.774819e-01 9.406875e-08
2.396684e+01 1.088445e+00 1.039175e-07
2.396684e+01 1.523711e+00 8.277849e-08
2.396684e+01 2.088426e+00 4.223181e-08
2.396684e+01 2.685505e+00 9.826336e-09
2.446618e+01 1.570796e-02 1.482972e-10
2.446618e+01 2.346256e-02 6.184483e-10
2.446618e+01 3.503514e-02 7.809046e-10
2.446618e+01 5.263151e-02 1.803193e-09
2.446618e+01 7.314235e-02 4.120211e-09
2.446618e+01 1.025928e-01 6.794256e-09
2.446618e+01 1.448116e-01 1.247166e-08
2.446618e+01 2.023460e-01 1.99354e-08
2.446618e+01 2.834245e-01 3.192781e-08
2.446618e+01 3.967448e-01 4.844507e-08
2.446618e+01 5.552783e-01 7.162922e-08
2.446618e+01 7.774819e-01 9.551305e-08
2.446618e+01 1.088445e+00 1.065771e-07
2.446618e+01 1.523711e+00 8.839059e-08
2.446618e+01 2.088426e+00 5.005825e-08
2.446618e+01 2.685505e+00 1.547774e-08
2.497550e+01 1.570796e-02 1.806172e-10
2.497550e+01 2.346256e-02 6.435257e-10
2.497550e+01 3.503514e-02 9.311192e-10
2.497550e+01 5.263151e-02 2.045343e-09
2.497550e+01 7.314235e-02 4.535667e-09
2.497550e+01 1.025928e-01 7.240433e-09
2.497550e+01 1.448116e-01 1.301394e-08
2.497550e+01 2.023460e-01 2.043392e-08
2.497550e+01 2.834245e-01 3.222831e-08
2.497550e+01 3.967448e-01 4.859288e-08
2.497550e+01 5.552783e-01 7.152738e-08
2.497550e+01 7.774819e-01 9.551821e-08
2.497550e+01 1.088445e+00 1.075864e-07
2.497550e+01 1.523711e+00 9.249354e-08
2.497550e+01 2.088426e+00 5.638287e-08
2.497550e+01 2.685505e+00 1.988073e-08
2.549501e+01 1.570796e-02 1.988216e-10
2.549501e+01 2.346256e-02 6.488934e-10
2.549501e+01 3.503514e-02 1.017449e-09
2.549501e+01 5.263151e-02 2.173263e-09
2.549501e+01 7.314235e-02 4.734708e-09
2.549501e+01 1.025928e-01 7.404541e-09
2.549501e+01 1.448116e-01 1.314817e-08
2.549501e+01 2.023460e-01 2.042637e-08
2.549501e+01 2.834245e-01 3.193017e-08
2.549501e+01 3.967448e-01 4.801495e-08
2.549501e+01 5.552783e-01 7.050408e-08
2.549501e+01 7.774819e-01 9.43293e-08
2.549501e+01 1.088445e+00 1.072951e-07
2.549501e+01 1.523711e+00 9.513501e-08
2.549501e+01 2.088426e+00 6.17034e-08
2.549501e+01 2.685505e+00 2.406667e-08
2.602491e+01 1.570796e-02 2.069169e-10
2.602491e+01 2.346256e-02 6.386139e-10
2.602491e+01 3.503514e-02 1.054173e-09
2.602491e+01 5.263151e-02 2.215390e-09
2.602491e+01 7.314235e-02 4.771509e-09
2.602491e+01 1.025928e-01 7.357946e-09
2.602491e+01 1.448116e-01 1.295847e-08
2.602491e+01 2.023460e-01 2.001846e-08
2.602491e+01 2.834245e-01 3.114713e-08
2.602491e+01 3.967448e-01 4.680663e-08
2.602491e+01 5.552783e-01 6.867896e-08
2.602491e+01 7.774819e-01 9.209369e-08
2.602491e+01 1.088445e+00 1.058421e-07
2.602491e+01 1.523711e+00 9.654064e-08
2.602491e+01 2.088426e+00 6.587056e-08
2.602491e+01 2.685505e+00 2.779977e-08
2.656541e+01 1.570796e-02 2.07426e-10
2.656541e+01 2.346256e-02 6.153475e-10
2.656541e+01 3.503514e-02 1.053351e-09
2.656541e+01 5.263151e-02 2.189404e-09
2.656541e+01 7.314235e-02 4.682668e-09
2.656541e+01 1.025928e-01 7.148958e-09
2.656541e+01 1.448116e-01 1.252893e-08
2.656541e+01 2.023460e-01 1.930624e-08
2.656541e+01 2.834245e-01 2.997083e-08
2.656541e+01 3.967448e-01 4.507259e-08
2.656541e+01 5.552783e-01 6.614928e-08
2.656541e+01 7.774819e-01 8.905624e-08
2.656541e+01 1.088445e+00 1.033947e-07
2.656541e+01 1.523711e+00 9.687159e-08
2.656541e+01 2.088426e+00 6.920057e-08
2.656541e+01 2.685505e+00 3.139082e-08
2.711672e+01 1.570796e-02 2.019984e-10
2.711672e+01 2.346256e-02 5.838853e-10
2.711672e+01 3.503514e-02 1.024759e-09
2.711672e+01 5.263151e-02 2.113673e-09
2.711672e+01 7.314235e-02 4.496324e-09
2.711672e+01 1.025928e-01 6.820222e-09
2.711672e+01 1.448116e-01 1.191631e-08
2.711672e+01 2.023460e-01 1.834656e-08
2.711672e+01 2.834245e-01 2.849634e-08
2.711672e+01 3.967448e-01 4.290826e-08
2.711672e+01 5.552783e-01 6.303317e-08
2.711672e+01 7.774819e-01 8.524981e-08
2.711672e+01 1.088445e+00 1.000947e-07
2.711672e+01 1.523711e+00 9.631667e-08
2.711672e+01 2.088426e+00 7.185911e-08
2.711672e+01 2.685505e+00 3.489148e-08
2.767905e+01 1.570796e-02 1.921113e-10
2.767905e+01 2.346256e-02 5.457159e-10
2.767905e+01 3.503514e-02 9.758066e-10
2.767905e+01 5.263151e-02 2.000803e-09
2.767905e+01 7.314235e-02 4.242577e-09
2.767905e+01 1.025928e-01 6.402653e-09
2.767905e+01 1.448116e-01 1.116966e-08
2.767905e+01 2.023460e-01 1.721357e-08
2.767905e+01 2.834245e-01 2.677201e-08
2.767905e+01 3.967448e-01 4.039334e-08
2.767905e+01 5.552783e-01 5.945439e-08
2.767905e+01 7.774819e-01 8.075144e-08
2.767905e+01 1.088445e+00 9.592584e-08
2.767905e+01 1.523711e+00 9.481490e-08
2.767905e+01 2.088426e+00 7.375014e-08
2.767905e+01 2.685505e+00 3.830165e-08
2.825263e+01 1.570796e-02 1.792372e-10
2.825263e+01 2.346256e-02 5.024849e-10
2.825263e+01 3.503514e-02 9.114918e-10
2.825263e+01 5.263151e-02 1.861641e-09
2.825263e+01 7.314235e-02 3.936105e-09
2.825263e+01 1.025928e-01 5.923488e-09
2.825263e+01 1.448116e-01 1.032410e-08
2.825263e+01 2.023460e-01 1.594425e-08
2.825263e+01 2.834245e-01 2.485420e-08
2.825263e+01 3.967448e-01 3.757974e-08
2.825263e+01 5.552783e-01 5.546045e-08
2.825263e+01 7.774819e-01 7.568735e-08
2.825263e+01 1.088445e+00 9.097642e-08
2.825263e+01 1.523711e+00 9.233311e-08
2.825263e+01 2.088426e+00 7.485928e-08
2.825263e+01 2.685505e+00 4.171423e-08
2.883769e+01 1.570796e-02 1.640669e-10
2.883769e+01 2.346256e-02 4.558515e-10
2.883769e+01 3.503514e-02 8.363982e-10
2.883769e+01 5.263151e-02 1.703332e-09
2.883769e+01 7.314235e-02 3.596633e-09
2.883769e+01 1.025928e-01 5.398456e-09
2.883769e+01 1.448116e-01 9.409908e-09
2.883769e+01 2.023460e-01 1.457145e-08
2.883769e+01 2.834245e-01 2.278849e-08
2.883769e+01 3.967448e-01 3.454539e-08
2.883769e+01 5.552783e-01 5.110265e-08
2.883769e+01 7.774819e-01 7.013844e-08
2.883769e+01 1.088445e+00 8.533408e-08
2.883769e+01 1.523711e+00 8.894493e-08
2.883769e+01 2.088426e+00 7.521383e-08
2.883769e+01 2.685505e+00 4.497607e-08
2.943444e+01 1.570796e-02 1.474006e-10
2.943444e+01 2.346256e-02 4.077138e-10
2.943444e+01 3.503514e-02 7.538410e-10
2.943444e+01 5.263151e-02 1.53241e-09
2.943444e+01 7.314235e-02 3.232865e-09
2.943444e+01 1.025928e-01 4.846155e-09
2.943444e+01 1.448116e-01 8.448218e-09
2.943444e+01 2.023460e-01 1.312488e-08
2.943444e+01 2.834245e-01 2.059995e-08
2.943444e+01 3.967448e-01 3.130627e-08
2.943444e+01 5.552783e-01 4.643781e-08
2.943444e+01 7.774819e-01 6.408748e-08
2.943444e+01 1.088445e+00 7.902378e-08
2.943444e+01 1.523711e+00 8.458982e-08
2.943444e+01 2.088426e+00 7.473818e-08
2.943444e+01 2.685505e+00 4.816360e-08
3.004313e+01 1.570796e-02 1.298924e-10
3.004313e+01 2.346256e-02 3.587287e-10
3.004313e+01 3.503514e-02 6.665649e-10
3.004313e+01 5.263151e-02 1.354027e-09
3.004313e+01 7.314235e-02 2.85413e-09
3.004313e+01 1.025928e-01 4.275924e-09
3.004313e+01 1.448116e-01 7.457546e-09
3.004313e+01 2.023460e-01 1.162958e-08
3.004313e+01 2.834245e-01 1.831399e-08
3.004313e+01 3.967448e-01 2.789537e-08
3.004313e+01 5.552783e-01 4.152691e-08
3.004313e+01 7.774819e-01 5.762391e-08
3.004313e+01 1.088445e+00 7.199632e-08
3.004313e+01 1.523711e+00 7.918266e-08
3.004313e+01 2.088426e+00 7.319518e-08
3.004313e+01 2.685505e+00 5.109016e-08
3.066399e+01 1.570796e-02 1.121115e-10
3.066399e+01 2.346256e-02 3.09032e-10
3.066399e+01 3.503514e-02 5.76594e-10
3.066399e+01 5.263151e-02 1.171143e-09
3.066399e+01 7.314235e-02 2.467405e-09
3.066399e+01 1.025928e-01 3.697129e-09
3.066399e+01 1.448116e-01 6.452314e-09
3.066399e+01 2.023460e-01 1.009983e-08
3.066399e+01 2.834245e-01 1.596143e-08
3.066399e+01 3.967448e-01 2.43655e-08
3.066399e+01 5.552783e-01 3.639128e-08
3.066399e+01 7.774819e-01 5.07802e-08
3.066399e+01 1.088445e+00 6.429921e-08
3.066399e+01 1.523711e+00 7.269587e-08
3.066399e+01 2.088426e+00 7.041070e-08
3.066399e+01 2.685505e+00 5.328749e-08
3.129727e+01 1.570796e-02 9.403025e-11
3.129727e+01 2.346256e-02 2.600727e-10
3.129727e+01 3.503514e-02 4.854475e-10
3.129727e+01 5.263151e-02 9.857203e-10
3.129727e+01 7.314235e-02 2.078619e-09
3.129727e+01 1.025928e-01 3.114108e-09
3.129727e+01 1.448116e-01 5.439636e-09
3.129727e+01 2.023460e-01 8.549153e-09
3.129727e+01 2.834245e-01 1.355487e-08
3.129727e+01 3.967448e-01 2.073391e-08
3.129727e+01 5.552783e-01 3.107569e-08
3.129727e+01 7.774819e-01 4.359083e-08
3.129727e+01 1.088445e+00 5.596151e-08
3.129727e+01 1.523711e+00 6.504978e-08
3.129727e+01 2.088426e+00 6.619534e-08
3.129727e+01 2.685505e+00 5.459092e-08
3.194322e+01 1.570796e-02 7.610086e-11
3.194322e+01 2.346256e-02 2.110410e-10
3.194322e+01 3.503514e-02 3.939152e-10
3.194322e+01 5.263151e-02 8.007301e-10
3.194322e+01 7.314235e-02 1.689542e-09
3.194322e+01 1.025928e-01 2.532177e-09
3.194322e+01 1.448116e-01 4.427064e-09
3.194322e+01 2.023460e-01 6.985255e-09
3.194322e+01 2.834245e-01 1.110849e-08
3.194322e+01 3.967448e-01 1.7017e-08
3.194322e+01 5.552783e-01 2.560037e-08
3.194322e+01 7.774819e-01 3.611073e-08
3.194322e+01 1.088445e+00 4.696695e-08
3.194322e+01 1.523711e+00 5.615720e-08
3.194322e+01 2.088426e+00 6.028277e-08
3.194322e+01 2.685505e+00 5.424e-08
3.260208e+01 1.570796e-02 5.846594e-11
3.260208e+01 2.346256e-02 1.624710e-10
3.260208e+01 3.503514e-02 3.031886e-10
3.260208e+01 5.263151e-02 6.167016e-10
3.260208e+01 7.314235e-02 1.303298e-09
3.260208e+01 1.025928e-01 1.954345e-09
3.260208e+01 1.448116e-01 3.420089e-09
3.260208e+01 2.023460e-01 5.418098e-09
3.260208e+01 2.834245e-01 8.637926e-09
3.260208e+01 3.967448e-01 1.325245e-08
3.260208e+01 5.552783e-01 1.999618e-08
3.260208e+01 7.774819e-01 2.834554e-08
3.260208e+01 1.088445e+00 3.736523e-08
3.260208e+01 1.523711e+00 4.598452e-08
3.260208e+01 2.088426e+00 5.214796e-08
3.260208e+01 2.685505e+00 5.115377e-08
3.327412e+01 1.570796e-02 4.104529e-11
3.327412e+01 2.346256e-02 1.145537e-10
3.327412e+01 3.503514e-02 2.135807e-10
3.327412e+01 5.263151e-02 4.347615e-10
3.327412e+01 7.314235e-02 9.195332e-10
3.327412e+01 1.025928e-01 1.380847e-09
3.327412e+01 1.448116e-01 2.418670e-09
3.327412e+01 2.023460e-01 3.847649e-09
3.327412e+01 2.834245e-01 6.152331e-09
3.327412e+01 3.967448e-01 9.447471e-09
3.327412e+01 5.552783e-01 1.430002e-08
3.327412e+01 7.774819e-01 2.036402e-08
3.327412e+01 1.088445e+00 2.721447e-08
3.327412e+01 1.523711e+00 3.448914e-08
3.327412e+01 2.088426e+00 4.139510e-08
3.327412e+01 2.685505e+00 4.416871e-08
3.395961e+01 1.570796e-02 2.490931e-11
3.395961e+01 2.346256e-02 6.990214e-11
3.395961e+01 3.503514e-02 1.293432e-10
3.395961e+01 5.263151e-02 2.645907e-10
3.395961e+01 7.314235e-02 5.598994e-10
3.395961e+01 1.025928e-01 8.415872e-10
3.395961e+01 1.448116e-01 1.473056e-09
3.395961e+01 2.023460e-01 2.341827e-09
3.395961e+01 2.834245e-01 3.733976e-09
3.395961e+01 3.967448e-01 5.707814e-09
3.395961e+01 5.552783e-01 8.617095e-09
3.395961e+01 7.774819e-01 1.226834e-08
3.395961e+01 1.088445e+00 1.654212e-08
3.395961e+01 1.523711e+00 2.153074e-08
3.395961e+01 2.088426e+00 2.723776e-08
3.395961e+01 2.685505e+00 3.124687e-08
3.46588e+01 1.570796e-02 7.940581e-12
3.46588e+01 2.346256e-02 2.080703e-11
3.46588e+01 3.503514e-02 4.300674e-11
3.46588e+01 5.263151e-02 8.159807e-11
3.46588e+01 7.314235e-02 1.776216e-10
3.46588e+01 1.025928e-01 2.654322e-10
3.46588e+01 1.448116e-01 4.637189e-10
3.46588e+01 2.023460e-01 7.488576e-10
3.46588e+01 2.834245e-01 1.204763e-09
3.46588e+01 3.967448e-01 1.854848e-09
3.46588e+01 5.552783e-01 2.813113e-09
3.46588e+01 7.774819e-01 4.034719e-09
3.46588e+01 1.088445e+00 5.508570e-09
3.46588e+01 1.523711e+00 7.335172e-09
3.46588e+01 2.088426e+00 9.755737e-09
3.46588e+01 2.685505e+00 1.204221e-08
3.537197e+01 1.570796e-02 0.e+00
3.537197e+01 2.346256e-02 0.e+00
3.537197e+01 3.503514e-02 0.e+00
3.537197e+01 5.263151e-02 0.e+00
3.537197e+01 7.314235e-02 0.e+00
3.537197e+01 1.025928e-01 0.e+00
3.537197e+01 1.448116e-01 0.e+00
3.537197e+01 2.023460e-01 0.e+00
3.537197e+01 2.834245e-01 0.e+00
3.537197e+01 3.967448e-01 0.e+00
3.537197e+01 5.552783e-01 0.e+00
3.537197e+01 7.774819e-01 0.e+00
3.537197e+01 1.088445e+00 0.e+00
3.537197e+01 1.523711e+00 0.e+00
3.537197e+01 2.088426e+00 0.e+00
3.537197e+01 2.685505e+00 0.e+00
