5.e+00 1.570796e-02 0.e+00
5.e+00 2.346256e-02 0.e+00
5.e+00 3.503514e-02 0.e+00
5.e+00 5.263151e-02 0.e+00
5.e+00 7.314235e-02 0.e+00
5.e+00 1.025928e-01 0.e+00
5.e+00 1.448116e-01 0.e+00
5.e+00 2.023460e-01 0.e+00
5.e+00 2.834245e-01 0.e+00
5.e+00 3.967448e-01 0.e+00
5.e+00 5.552783e-01 0.e+00
5.e+00 7.774819e-01 0.e+00
5.e+00 1.088445e+00 0.e+00
5.e+00 1.523711e+00 0.e+00
5.e+00 2.088426e+00 0.e+00
5.e+00 2.685505e+00 0.e+00
5.12e+00 1.570796e-02 0.e+00
5.12e+00 2.346256e-02 0.e+00
5.12e+00 3.503514e-02 0.e+00
5.12e+00 5.263151e-02 0.e+00
5.12e+00 7.314235e-02 0.e+00
5.12e+00 1.025928e-01 0.e+00
5.12e+00 1.448116e-01 0.e+00
5.12e+00 2.023460e-01 0.e+00
5.12e+00 2.834245e-01 0.e+00
5.12e+00 3.967448e-01 0.e+00
5.12e+00 5.552783e-01 0.e+00
5.12e+00 7.774819e-01 0.e+00
5.12e+00 1.088445e+00 0.e+00
5.12e+00 1.523711e+00 0.e+00
5.12e+00 2.088426e+00 0.e+00
5.12e+00 2.685505e+00 0.e+00
5.2424e+00 1.570796e-02 0.e+00
5.2424e+00 2.346256e-02 0.e+00
5.2424e+00 3.503514e-02 0.e+00
5.2424e+00 5.263151e-02 0.e+00
5.2424e+00 7.314235e-02 0.e+00
5.2424e+00 1.025928e-01 0.e+00
5.2424e+00 1.448116e-01 0.e+00
5.2424e+00 2.023460e-01 0.e+00
5.2424e+00 2.834245e-01 0.e+00
5.2424e+00 3.967448e-01 0.e+00
5.2424e+00 5.552783e-01 0.e+00
5.2424e+00 7.774819e-01 0.e+00
5.2424e+00 1.088445e+00 0.e+00
5.2424e+00 1.523711e+00 0.e+00
5.2424e+00 2.088426e+00 0.e+00
5.2424e+00 2.685505e+00 0.e+00
5.367248e+00 1.570796e-02 0.e+00
5.367248e+00 2.346256e-02 0.e+00
5.367248e+00 3.503514e-02 0.e+00
5.367248e+00 5.263151e-02 0.e+00
5.367248e+00 7.314235e-02 0.e+00
5.367248e+00 1.025928e-01 0.e+00
5.367248e+00 1.448116e-01 0.e+00
5.367248e+00 2.023460e-01 0.e+00
5.367248e+00 2.834245e-01 0.e+00
5.367248e+00 3.967448e-01 0.e+00
5.367248e+00 5.552783e-01 0.e+00
5.367248e+00 7.774819e-01 0.e+00
5.367248e+00 1.088445e+00 0.e+00
5.367248e+00 1.523711e+00 0.e+00
5.367248e+00 2.088426e+00 0.e+00
5.367248e+00 2.685505e+00 0.e+00
5.494593e+00 1.570796e-02 -5.692907e-05
5.494593e+00 2.346256e-02 -2.446413e-04
5.494593e+00 3.503514e-02 -1.575749e-04
5.494593e+00 5.263151e-02 -2.209997e-04
5.494593e+00 7.314235e-02 -4.365882e-04
5.494593e+00 1.025928e-01 -5.268425e-04
5.494593e+00 1.448116e-01 -2.780962e-04
5.494593e+00 2.023460e-01 -3.160024e-04
5.494593e+00 2.834245e-01 -2.967552e-04
5.494593e+00 3.967448e-01 -2.888344e-04
5.494593e+00 5.552783e-01 -2.664494e-04
5.494593e+00 7.774819e-01 -2.021711e-04
5.494593e+00 1.088445e+00 -1.856975e-04
5.494593e+00 1.523711e+00 -1.946957e-04
5.494593e+00 2.088426e+00 -2.052500e-04
5.494593e+00 2.685505e+00 -2.107552e-04
5.624485e+00 1.570796e-02 -1.565725e-04
5.624485e+00 2.346256e-02 -8.500667e-04
5.624485e+00 3.503514e-02 -5.230442e-04
5.624485e+00 5.263151e-02 -1.30093e-03
5.624485e+00 7.314235e-02 -1.856515e-03
5.624485e+00 1.025928e-01 -1.932217e-03
5.624485e+00 1.448116e-01 -1.949465e-03
5.624485e+00 2.023460e-01 -1.805969e-03
5.624485e+00 2.834245e-01 -1.801939e-03
5.624485e+00 3.967448e-01 -1.660800e-03
5.624485e+00 5.552783e-01 -1.446678e-03
5.624485e+00 7.774819e-01 -1.211363e-03
5.624485e+00 1.088445e+00 -1.077062e-03
5.624485e+00 1.523711e+00 -1.042493e-03
5.624485e+00 2.088426e+00 -1.120050e-03
5.624485e+00 2.685505e+00 -1.151574e-03
5.756975e+00 1.570796e-02 -1.594519e-04
5.756975e+00 2.346256e-02 -1.354924e-03
5.756975e+00 3.503514e-02 -9.122313e-04
5.756975e+00 5.263151e-02 -2.574625e-03
5.756975e+00 7.314235e-02 -4.321355e-03
5.756975e+00 1.025928e-01 -4.347736e-03
5.756975e+00 1.448116e-01 -4.4428e-03
5.756975e+00 2.023460e-01 -4.447574e-03
5.756975e+00 2.834245e-01 -4.412748e-03
5.756975e+00 3.967448e-01 -3.9421e-03
5.756975e+00 5.552783e-01 -3.463539e-03
5.756975e+00 7.774819e-01 -3.005837e-03
5.756975e+00 1.088445e+00 -2.644090e-03
5.756975e+00 1.523711e+00 -2.482122e-03
5.756975e+00 2.088426e+00 -2.633366e-03
5.756975e+00 2.685505e+00 -2.700045e-03
5.892114e+00 1.570796e-02 -1.780699e-04
5.892114e+00 2.346256e-02 -1.781770e-03
5.892114e+00 3.503514e-02 -1.248061e-03
5.892114e+00 5.263151e-02 -4.101394e-03
5.892114e+00 7.314235e-02 -7.329313e-03
5.892114e+00 1.025928e-01 -7.902902e-03
5.892114e+00 1.448116e-01 -8.684349e-03
5.892114e+00 2.023460e-01 -8.739070e-03
5.892114e+00 2.834245e-01 -8.484097e-03
5.892114e+00 3.967448e-01 -7.618413e-03
5.892114e+00 5.552783e-01 -6.765216e-03
5.892114e+00 7.774819e-01 -5.830852e-03
5.892114e+00 1.088445e+00 -5.142358e-03
5.892114e+00 1.523711e+00 -4.758927e-03
5.892114e+00 2.088426e+00 -4.986847e-03
5.892114e+00 2.685505e+00 -5.022397e-03
6.029956e+00 1.570796e-02 -2.094286e-04
6.029956e+00 2.346256e-02 -1.901715e-03
6.029956e+00 3.503514e-02 -1.521023e-03
6.029956e+00 5.263151e-02 -5.117967e-03
6.029956e+00 7.314235e-02 -9.796136e-03
6.029956e+00 1.025928e-01 -1.108800e-02
6.029956e+00 1.448116e-01 -1.274090e-02
6.029956e+00 2.023460e-01 -1.321358e-02
6.029956e+00 2.834245e-01 -1.284436e-02
6.029956e+00 3.967448e-01 -1.184209e-02
6.029956e+00 5.552783e-01 -1.057162e-02
6.029956e+00 7.774819e-01 -9.242803e-03
6.029956e+00 1.088445e+00 -7.993893e-03
6.029956e+00 1.523711e+00 -7.322162e-03
6.029956e+00 2.088426e+00 -7.566547e-03
6.029956e+00 2.685505e+00 -7.610111e-03
6.170555e+00 1.570796e-02 -2.299291e-04
6.170555e+00 2.346256e-02 -1.763711e-03
6.170555e+00 3.503514e-02 -1.664070e-03
6.170555e+00 5.263151e-02 -5.821779e-03
6.170555e+00 7.314235e-02 -1.186368e-02
6.170555e+00 1.025928e-01 -1.39519e-02
6.170555e+00 1.448116e-01 -1.622650e-02
6.170555e+00 2.023460e-01 -1.768843e-02
6.170555e+00 2.834245e-01 -1.732473e-02
6.170555e+00 3.967448e-01 -1.627754e-02
6.170555e+00 5.552783e-01 -1.475223e-02
6.170555e+00 7.774819e-01 -1.287329e-02
6.170555e+00 1.088445e+00 -1.107734e-02
6.170555e+00 1.523711e+00 -1.002432e-02
6.170555e+00 2.088426e+00 -1.027856e-02
6.170555e+00 2.685505e+00 -1.03123e-02
6.313967e+00 1.570796e-02 -2.351918e-04
6.313967e+00 2.346256e-02 -1.730128e-03
6.313967e+00 3.503514e-02 -1.764456e-03
6.313967e+00 5.263151e-02 -5.983672e-03
6.313967e+00 7.314235e-02 -1.317327e-02
6.313967e+00 1.025928e-01 -1.606234e-02
6.313967e+00 1.448116e-01 -1.896097e-02
6.313967e+00 2.023460e-01 -2.159383e-02
6.313967e+00 2.834245e-01 -2.160135e-02
6.313967e+00 3.967448e-01 -2.074882e-02
6.313967e+00 5.552783e-01 -1.887125e-02
6.313967e+00 7.774819e-01 -1.658765e-02
6.313967e+00 1.088445e+00 -1.417354e-02
6.313967e+00 1.523711e+00 -1.270029e-02
6.313967e+00 2.088426e+00 -1.296961e-02
6.313967e+00 2.685505e+00 -1.287394e-02
6.460246e+00 1.570796e-02 -2.299767e-04
6.460246e+00 2.346256e-02 -1.636896e-03
6.460246e+00 3.503514e-02 -1.805291e-03
6.460246e+00 5.263151e-02 -5.867909e-03
6.460246e+00 7.314235e-02 -1.376223e-02
6.460246e+00 1.025928e-01 -1.73098e-02
6.460246e+00 1.448116e-01 -2.117897e-02
6.460246e+00 2.023460e-01 -2.487338e-02
6.460246e+00 2.834245e-01 -2.542054e-02
6.460246e+00 3.967448e-01 -2.47982e-02
6.460246e+00 5.552783e-01 -2.288100e-02
6.460246e+00 7.774819e-01 -2.026199e-02
6.460246e+00 1.088445e+00 -1.728680e-02
6.460246e+00 1.523711e+00 -1.539812e-02
6.460246e+00 2.088426e+00 -1.561239e-02
6.460246e+00 2.685505e+00 -1.534492e-02
6.609451e+00 1.570796e-02 -2.242964e-04
6.609451e+00 2.346256e-02 -1.527844e-03
6.609451e+00 3.503514e-02 -1.700153e-03
6.609451e+00 5.263151e-02 -5.595491e-03
6.609451e+00 7.314235e-02 -1.358623e-02
6.609451e+00 1.025928e-01 -1.78755e-02
6.609451e+00 1.448116e-01 -2.270043e-02
6.609451e+00 2.023460e-01 -2.733207e-02
6.609451e+00 2.834245e-01 -2.860626e-02
6.609451e+00 3.967448e-01 -2.841147e-02
6.609451e+00 5.552783e-01 -2.657273e-02
6.609451e+00 7.774819e-01 -2.371093e-02
6.609451e+00 1.088445e+00 -2.021527e-02
6.609451e+00 1.523711e+00 -1.800554e-02
6.609451e+00 2.088426e+00 -1.804971e-02
6.609451e+00 2.685505e+00 -1.757403e-02
6.76164e+00 1.570796e-02 -2.124211e-04
6.76164e+00 2.346256e-02 -1.443612e-03
6.76164e+00 3.503514e-02 -1.603854e-03
6.76164e+00 5.263151e-02 -5.287185e-03
6.76164e+00 7.314235e-02 -1.302147e-02
6.76164e+00 1.025928e-01 -1.779221e-02
6.76164e+00 1.448116e-01 -2.336810e-02
6.76164e+00 2.023460e-01 -2.899324e-02
6.76164e+00 2.834245e-01 -3.108424e-02
6.76164e+00 3.967448e-01 -3.1555e-02
6.76164e+00 5.552783e-01 -2.985849e-02
6.76164e+00 7.774819e-01 -2.680870e-02
6.76164e+00 1.088445e+00 -2.297947e-02
6.76164e+00 1.523711e+00 -2.041261e-02
6.76164e+00 2.088426e+00 -2.027057e-02
6.76164e+00 2.685505e+00 -1.962597e-02
6.916873e+00 1.570796e-02 -1.958694e-04
6.916873e+00 2.346256e-02 -1.367899e-03
6.916873e+00 3.503514e-02 -1.521099e-03
6.916873e+00 5.263151e-02 -4.962097e-03
6.916873e+00 7.314235e-02 -1.233191e-02
6.916873e+00 1.025928e-01 -1.726664e-02
6.916873e+00 1.448116e-01 -2.343618e-02
6.916873e+00 2.023460e-01 -3.009142e-02
6.916873e+00 2.834245e-01 -3.296296e-02
6.916873e+00 3.967448e-01 -3.409961e-02
6.916873e+00 5.552783e-01 -3.277119e-02
6.916873e+00 7.774819e-01 -2.968477e-02
6.916873e+00 1.088445e+00 -2.550209e-02
6.916873e+00 1.523711e+00 -2.264379e-02
6.916873e+00 2.088426e+00 -2.237400e-02
6.916873e+00 2.685505e+00 -2.143758e-02
7.075210e+00 1.570796e-02 -1.850099e-04
7.075210e+00 2.346256e-02 -1.285620e-03
7.075210e+00 3.503514e-02 -1.43495e-03
7.075210e+00 5.263151e-02 -4.64238e-03
7.075210e+00 7.314235e-02 -1.156250e-02
7.075210e+00 1.025928e-01 -1.648640e-02
7.075210e+00 1.448116e-01 -2.303175e-02
7.075210e+00 2.023460e-01 -3.045109e-02
7.075210e+00 2.834245e-01 -3.419086e-02
7.075210e+00 3.967448e-01 -3.602153e-02
7.075210e+00 5.552783e-01 -3.514958e-02
7.075210e+00 7.774819e-01 -3.219169e-02
7.075210e+00 1.088445e+00 -2.778340e-02
7.075210e+00 1.523711e+00 -2.463973e-02
7.075210e+00 2.088426e+00 -2.420501e-02
7.075210e+00 2.685505e+00 -2.291251e-02
7.236714e+00 1.570796e-02 -1.758695e-04
7.236714e+00 2.346256e-02 -1.199409e-03
7.236714e+00 3.503514e-02 -1.342032e-03
7.236714e+00 5.263151e-02 -4.362665e-03
7.236714e+00 7.314235e-02 -1.083415e-02
7.236714e+00 1.025928e-01 -1.560663e-02
7.236714e+00 1.448116e-01 -2.225953e-02
7.236714e+00 2.023460e-01 -3.022185e-02
7.236714e+00 2.834245e-01 -3.477283e-02
7.236714e+00 3.967448e-01 -3.742019e-02
7.236714e+00 5.552783e-01 -3.703955e-02
7.236714e+00 7.774819e-01 -3.428945e-02
7.236714e+00 1.088445e+00 -2.977193e-02
7.236714e+00 1.523711e+00 -2.643119e-02
7.236714e+00 2.088426e+00 -2.585716e-02
7.236714e+00 2.685505e+00 -2.424249e-02
7.401449e+00 1.570796e-02 -1.671914e-04
7.401449e+00 2.346256e-02 -1.112326e-03
7.401449e+00 3.503514e-02 -1.256159e-03
7.401449e+00 5.263151e-02 -4.085799e-03
7.401449e+00 7.314235e-02 -1.008169e-02
7.401449e+00 1.025928e-01 -1.466661e-02
7.401449e+00 1.448116e-01 -2.130325e-02
7.401449e+00 2.023460e-01 -2.957448e-02
7.401449e+00 2.834245e-01 -3.490657e-02
7.401449e+00 3.967448e-01 -3.835274e-02
7.401449e+00 5.552783e-01 -3.848414e-02
7.401449e+00 7.774819e-01 -3.599618e-02
7.401449e+00 1.088445e+00 -3.147674e-02
7.401449e+00 1.523711e+00 -2.804548e-02
7.401449e+00 2.088426e+00 -2.731120e-02
7.401449e+00 2.685505e+00 -2.531228e-02
7.569477e+00 1.570796e-02 -1.558240e-04
7.569477e+00 2.346256e-02 -1.031362e-03
7.569477e+00 3.503514e-02 -1.171524e-03
7.569477e+00 5.263151e-02 -3.809581e-03
7.569477e+00 7.314235e-02 -9.363866e-03
7.569477e+00 1.025928e-01 -1.372422e-02
7.569477e+00 1.448116e-01 -2.021223e-02
7.569477e+00 2.023460e-01 -2.859641e-02
7.569477e+00 2.834245e-01 -3.453802e-02
7.569477e+00 3.967448e-01 -3.873585e-02
7.569477e+00 5.552783e-01 -3.950246e-02
7.569477e+00 7.774819e-01 -3.739301e-02
7.569477e+00 1.088445e+00 -3.293205e-02
7.569477e+00 1.523711e+00 -2.940815e-02
7.569477e+00 2.088426e+00 -2.860983e-02
7.569477e+00 2.685505e+00 -2.629396e-02
7.740867e+00 1.570796e-02 -1.434698e-04
7.740867e+00 2.346256e-02 -9.594992e-04
7.740867e+00 3.503514e-02 -1.094134e-03
7.740867e+00 5.263151e-02 -3.554815e-03
7.740867e+00 7.314235e-02 -8.681515e-03
7.740867e+00 1.025928e-01 -1.280584e-02
7.740867e+00 1.448116e-01 -1.903847e-02
7.740867e+00 2.023460e-01 -2.737739e-02
7.740867e+00 2.834245e-01 -3.381707e-02
7.740867e+00 3.967448e-01 -3.863895e-02
7.740867e+00 5.552783e-01 -4.01106e-02
7.740867e+00 7.774819e-01 -3.838242e-02
7.740867e+00 1.088445e+00 -3.407652e-02
7.740867e+00 1.523711e+00 -3.062203e-02
7.740867e+00 2.088426e+00 -2.96919e-02
7.740867e+00 2.685505e+00 -2.709387e-02
7.915684e+00 1.570796e-02 -1.327189e-04
7.915684e+00 2.346256e-02 -8.955350e-04
7.915684e+00 3.503514e-02 -1.020616e-03
7.915684e+00 5.263151e-02 -3.310305e-03
7.915684e+00 7.314235e-02 -8.06185e-03
7.915684e+00 1.025928e-01 -1.193776e-02
7.915684e+00 1.448116e-01 -1.784776e-02
7.915684e+00 2.023460e-01 -2.601517e-02
7.915684e+00 2.834245e-01 -3.278325e-02
7.915684e+00 3.967448e-01 -3.8122e-02
7.915684e+00 5.552783e-01 -4.030834e-02
7.915684e+00 7.774819e-01 -3.898746e-02
7.915684e+00 1.088445e+00 -3.496208e-02
7.915684e+00 1.523711e+00 -3.162199e-02
7.915684e+00 2.088426e+00 -3.063084e-02
7.915684e+00 2.685505e+00 -2.771329e-02
8.093998e+00 1.570796e-02 -1.234235e-04
8.093998e+00 2.346256e-02 -8.375148e-04
8.093998e+00 3.503514e-02 -9.493156e-04
8.093998e+00 5.263151e-02 -3.072592e-03
8.093998e+00 7.314235e-02 -7.473353e-03
8.093998e+00 1.025928e-01 -1.110151e-02
8.093998e+00 1.448116e-01 -1.669202e-02
8.093998e+00 2.023460e-01 -2.460732e-02
8.093998e+00 2.834245e-01 -3.153181e-02
8.093998e+00 3.967448e-01 -3.728185e-02
8.093998e+00 5.552783e-01 -4.006579e-02
8.093998e+00 7.774819e-01 -3.926582e-02
8.093998e+00 1.088445e+00 -3.557581e-02
8.093998e+00 1.523711e+00 -3.241900e-02
8.093998e+00 2.088426e+00 -3.136731e-02
8.093998e+00 2.685505e+00 -2.816986e-02
8.275878e+00 1.570796e-02 -1.1532e-04
8.275878e+00 2.346256e-02 -7.793737e-04
8.275878e+00 3.503514e-02 -8.869722e-04
8.275878e+00 5.263151e-02 -2.851539e-03
8.275878e+00 7.314235e-02 -6.931164e-03
8.275878e+00 1.025928e-01 -1.033442e-02
8.275878e+00 1.448116e-01 -1.558587e-02
8.275878e+00 2.023460e-01 -2.316130e-02
8.275878e+00 2.834245e-01 -3.011964e-02
8.275878e+00 3.967448e-01 -3.618691e-02
8.275878e+00 5.552783e-01 -3.947496e-02
8.275878e+00 7.774819e-01 -3.921303e-02
8.275878e+00 1.088445e+00 -3.593978e-02
8.275878e+00 1.523711e+00 -3.302005e-02
8.275878e+00 2.088426e+00 -3.199483e-02
8.275878e+00 2.685505e+00 -2.852162e-02
8.461396e+00 1.570796e-02 -1.068253e-04
8.461396e+00 2.346256e-02 -7.268165e-04
8.461396e+00 3.503514e-02 -8.23318e-04
8.461396e+00 5.263151e-02 -2.643656e-03
8.461396e+00 7.314235e-02 -6.435734e-03
8.461396e+00 1.025928e-01 -9.599718e-03
8.461396e+00 1.448116e-01 -1.452221e-02
8.461396e+00 2.023460e-01 -2.173739e-02
8.461396e+00 2.834245e-01 -2.856026e-02
8.461396e+00 3.967448e-01 -3.487988e-02
8.461396e+00 5.552783e-01 -3.866077e-02
8.461396e+00 7.774819e-01 -3.886291e-02
8.461396e+00 1.088445e+00 -3.608271e-02
8.461396e+00 1.523711e+00 -3.345195e-02
8.461396e+00 2.088426e+00 -3.244739e-02
8.461396e+00 2.685505e+00 -2.873460e-02
8.650623e+00 1.570796e-02 -9.946414e-05
8.650623e+00 2.346256e-02 -6.8023e-04
8.650623e+00 3.503514e-02 -7.651611e-04
8.650623e+00 5.263151e-02 -2.453746e-03
8.650623e+00 7.314235e-02 -5.970073e-03
8.650623e+00 1.025928e-01 -8.908015e-03
8.650623e+00 1.448116e-01 -1.35025e-02
8.650623e+00 2.023460e-01 -2.033930e-02
8.650623e+00 2.834245e-01 -2.698245e-02
8.650623e+00 3.967448e-01 -3.341007e-02
8.650623e+00 5.552783e-01 -3.757363e-02
8.650623e+00 7.774819e-01 -3.827252e-02
8.650623e+00 1.088445e+00 -3.600125e-02
8.650623e+00 1.523711e+00 -3.370816e-02
8.650623e+00 2.088426e+00 -3.279358e-02
8.650623e+00 2.685505e+00 -2.882058e-02
8.843636e+00 1.570796e-02 -9.276790e-05
8.843636e+00 2.346256e-02 -6.317493e-04
8.843636e+00 3.503514e-02 -7.07582e-04
8.843636e+00 5.263151e-02 -2.270824e-03
8.843636e+00 7.314235e-02 -5.53487e-03
8.843636e+00 1.025928e-01 -8.264200e-03
8.843636e+00 1.448116e-01 -1.252901e-02
8.843636e+00 2.023460e-01 -1.896491e-02
8.843636e+00 2.834245e-01 -2.539480e-02
8.843636e+00 3.967448e-01 -3.186133e-02
8.843636e+00 5.552783e-01 -3.632288e-02
8.843636e+00 7.774819e-01 -3.745627e-02
8.843636e+00 1.088445e+00 -3.573838e-02
8.843636e+00 1.523711e+00 -3.377675e-02
8.843636e+00 2.088426e+00 -3.293783e-02
8.843636e+00 2.685505e+00 -2.875013e-02
9.040509e+00 1.570796e-02 -8.580637e-05
9.040509e+00 2.346256e-02 -5.867169e-04
9.040509e+00 3.503514e-02 -6.555751e-04
9.040509e+00 5.263151e-02 -2.101164e-03
9.040509e+00 7.314235e-02 -5.127243e-03
9.040509e+00 1.025928e-01 -7.660249e-03
9.040509e+00 1.448116e-01 -1.161583e-02
9.040509e+00 2.023460e-01 -1.765298e-02
9.040509e+00 2.834245e-01 -2.380602e-02
9.040509e+00 3.967448e-01 -3.022191e-02
9.040509e+00 5.552783e-01 -3.491069e-02
9.040509e+00 7.774819e-01 -3.647643e-02
9.040509e+00 1.088445e+00 -3.526351e-02
9.040509e+00 1.523711e+00 -3.371287e-02
9.040509e+00 2.088426e+00 -3.297119e-02
9.040509e+00 2.685505e+00 -2.862837e-02
9.241319e+00 1.570796e-02 -7.982909e-05
9.241319e+00 2.346256e-02 -5.44019e-04
9.241319e+00 3.503514e-02 -6.042953e-04
9.241319e+00 5.263151e-02 -1.941287e-03
9.241319e+00 7.314235e-02 -4.743984e-03
9.241319e+00 1.025928e-01 -7.096199e-03
9.241319e+00 1.448116e-01 -1.076722e-02
9.241319e+00 2.023460e-01 -1.640888e-02
9.241319e+00 2.834245e-01 -2.227412e-02
9.241319e+00 3.967448e-01 -2.855907e-02
9.241319e+00 5.552783e-01 -3.335703e-02
9.241319e+00 7.774819e-01 -3.532118e-02
9.241319e+00 1.088445e+00 -3.46155e-02
9.241319e+00 1.523711e+00 -3.345797e-02
9.241319e+00 2.088426e+00 -3.288287e-02
9.241319e+00 2.685505e+00 -2.847365e-02
9.446145e+00 1.570796e-02 -7.435433e-05
9.446145e+00 2.346256e-02 -5.032439e-04
9.446145e+00 3.503514e-02 -5.578838e-04
9.446145e+00 5.263151e-02 -1.792915e-03
9.446145e+00 7.314235e-02 -4.384037e-03
9.446145e+00 1.025928e-01 -6.565965e-03
9.446145e+00 1.448116e-01 -9.974352e-03
9.446145e+00 2.023460e-01 -1.522959e-02
9.446145e+00 2.834245e-01 -2.078753e-02
9.446145e+00 3.967448e-01 -2.686286e-02
9.446145e+00 5.552783e-01 -3.173794e-02
9.446145e+00 7.774819e-01 -3.403129e-02
9.446145e+00 1.088445e+00 -3.379075e-02
9.446145e+00 1.523711e+00 -3.309426e-02
9.446145e+00 2.088426e+00 -3.268029e-02
9.446145e+00 2.685505e+00 -2.807460e-02
9.655068e+00 1.570796e-02 -6.913285e-05
9.655068e+00 2.346256e-02 -4.66505e-04
9.655068e+00 3.503514e-02 -5.143107e-04
9.655068e+00 5.263151e-02 -1.656587e-03
9.655068e+00 7.314235e-02 -4.049182e-03
9.655068e+00 1.025928e-01 -6.074869e-03
9.655068e+00 1.448116e-01 -9.238006e-03
9.655068e+00 2.023460e-01 -1.411783e-02
9.655068e+00 2.834245e-01 -1.935389e-02
9.655068e+00 3.967448e-01 -2.518813e-02
9.655068e+00 5.552783e-01 -3.005538e-02
9.655068e+00 7.774819e-01 -3.263912e-02
9.655068e+00 1.088445e+00 -3.282631e-02
9.655068e+00 1.523711e+00 -3.258788e-02
9.655068e+00 2.088426e+00 -3.239822e-02
9.655068e+00 2.685505e+00 -2.776301e-02
9.86817e+00 1.570796e-02 -6.42649e-05
9.86817e+00 2.346256e-02 -4.324163e-04
9.86817e+00 3.503514e-02 -4.763692e-04
9.86817e+00 5.263151e-02 -1.529265e-03
9.86817e+00 7.314235e-02 -3.740285e-03
9.86817e+00 1.025928e-01 -5.613733e-03
9.86817e+00 1.448116e-01 -8.535734e-03
9.86817e+00 2.023460e-01 -1.306524e-02
9.86817e+00 2.834245e-01 -1.797644e-02
9.86817e+00 3.967448e-01 -2.353276e-02
9.86817e+00 5.552783e-01 -2.834913e-02
9.86817e+00 7.774819e-01 -3.115739e-02
9.86817e+00 1.088445e+00 -3.179536e-02
9.86817e+00 1.523711e+00 -3.196072e-02
9.86817e+00 2.088426e+00 -3.197269e-02
9.86817e+00 2.685505e+00 -2.729478e-02
1.008553e+01 1.570796e-02 -5.971761e-05
1.008553e+01 2.346256e-02 -3.983050e-04
1.008553e+01 3.503514e-02 -4.381029e-04
1.008553e+01 5.263151e-02 -1.412902e-03
1.008553e+01 7.314235e-02 -3.450373e-03
1.008553e+01 1.025928e-01 -5.181123e-03
1.008553e+01 1.448116e-01 -7.885629e-03
1.008553e+01 2.023460e-01 -1.20792e-02
1.008553e+01 2.834245e-01 -1.665969e-02
1.008553e+01 3.967448e-01 -2.193789e-02
1.008553e+01 5.552783e-01 -2.664841e-02
1.008553e+01 7.774819e-01 -2.963116e-02
1.008553e+01 1.088445e+00 -3.066002e-02
1.008553e+01 1.523711e+00 -3.123155e-02
1.008553e+01 2.088426e+00 -3.141343e-02
1.008553e+01 2.685505e+00 -2.671794e-02
1.030724e+01 1.570796e-02 -5.570332e-05
1.030724e+01 2.346256e-02 -3.684012e-04
1.030724e+01 3.503514e-02 -4.040854e-04
1.030724e+01 5.263151e-02 -1.303156e-03
1.030724e+01 7.314235e-02 -3.184497e-03
1.030724e+01 1.025928e-01 -4.777835e-03
1.030724e+01 1.448116e-01 -7.276004e-03
1.030724e+01 2.023460e-01 -1.115733e-02
1.030724e+01 2.834245e-01 -1.542463e-02
1.030724e+01 3.967448e-01 -2.040605e-02
1.030724e+01 5.552783e-01 -2.496101e-02
1.030724e+01 7.774819e-01 -2.807636e-02
1.030724e+01 1.088445e+00 -2.94482e-02
1.030724e+01 1.523711e+00 -3.040477e-02
1.030724e+01 2.088426e+00 -3.076938e-02
1.030724e+01 2.685505e+00 -2.603086e-02
1.053339e+01 1.570796e-02 -5.163595e-05
1.053339e+01 2.346256e-02 -3.409129e-04
1.053339e+01 3.503514e-02 -3.703903e-04
1.053339e+01 5.263151e-02 -1.201239e-03
1.053339e+01 7.314235e-02 -2.935512e-03
1.053339e+01 1.025928e-01 -4.401941e-03
1.053339e+01 1.448116e-01 -6.707909e-03
1.053339e+01 2.023460e-01 -1.029045e-02
1.053339e+01 2.834245e-01 -1.424945e-02
1.053339e+01 3.967448e-01 -1.891333e-02
1.053339e+01 5.552783e-01 -2.330391e-02
1.053339e+01 7.774819e-01 -2.650636e-02
1.053339e+01 1.088445e+00 -2.817930e-02
1.053339e+01 1.523711e+00 -2.952594e-02
1.053339e+01 2.088426e+00 -3.006191e-02
1.053339e+01 2.685505e+00 -2.535018e-02
1.076406e+01 1.570796e-02 -4.784266e-05
1.076406e+01 2.346256e-02 -3.149245e-04
1.076406e+01 3.503514e-02 -3.392297e-04
1.076406e+01 5.263151e-02 -1.104895e-03
1.076406e+01 7.314235e-02 -2.700309e-03
1.076406e+01 1.025928e-01 -4.048534e-03
1.076406e+01 1.448116e-01 -6.174622e-03
1.076406e+01 2.023460e-01 -9.479582e-03
1.076406e+01 2.834245e-01 -1.314024e-02
1.076406e+01 3.967448e-01 -1.749961e-02
1.076406e+01 5.552783e-01 -2.169737e-02
1.076406e+01 7.774819e-01 -2.494409e-02
1.076406e+01 1.088445e+00 -2.686857e-02
1.076406e+01 1.523711e+00 -2.855439e-02
1.076406e+01 2.088426e+00 -2.926487e-02
1.076406e+01 2.685505e+00 -2.464743e-02
1.099934e+01 1.570796e-02 -4.414411e-05
1.099934e+01 2.346256e-02 -2.922085e-04
1.099934e+01 3.503514e-02 -3.106594e-04
1.099934e+01 5.263151e-02 -1.016982e-03
1.099934e+01 7.314235e-02 -2.480051e-03
1.099934e+01 1.025928e-01 -3.717839e-03
1.099934e+01 1.448116e-01 -5.676393e-03
1.099934e+01 2.023460e-01 -8.710026e-03
1.099934e+01 2.834245e-01 -1.208432e-02
1.099934e+01 3.967448e-01 -1.614842e-02
1.099934e+01 5.552783e-01 -2.014554e-02
1.099934e+01 7.774819e-01 -2.339924e-02
1.099934e+01 1.088445e+00 -2.556480e-02
1.099934e+01 1.523711e+00 -2.752199e-02
1.099934e+01 2.088426e+00 -2.838349e-02
1.099934e+01 2.685505e+00 -2.386875e-02
1.123932e+01 1.570796e-02 -4.048819e-05
1.123932e+01 2.346256e-02 -2.668451e-04
1.123932e+01 3.503514e-02 -2.849525e-04
1.123932e+01 5.263151e-02 -9.329041e-04
1.123932e+01 7.314235e-02 -2.274411e-03
1.123932e+01 1.025928e-01 -3.409545e-03
1.123932e+01 1.448116e-01 -5.212670e-03
1.123932e+01 2.023460e-01 -7.987218e-03
1.123932e+01 2.834245e-01 -1.109537e-02
1.123932e+01 3.967448e-01 -1.488066e-02
1.123932e+01 5.552783e-01 -1.864469e-02
1.123932e+01 7.774819e-01 -2.187194e-02
1.123932e+01 1.088445e+00 -2.42311e-02
1.123932e+01 1.523711e+00 -2.643445e-02
1.123932e+01 2.088426e+00 -2.745451e-02
1.123932e+01 2.685505e+00 -2.307721e-02
1.148411e+01 1.570796e-02 -3.704936e-05
1.148411e+01 2.346256e-02 -2.449755e-04
1.148411e+01 3.503514e-02 -2.600872e-04
1.148411e+01 5.263151e-02 -8.531159e-04
1.148411e+01 7.314235e-02 -2.087074e-03
1.148411e+01 1.025928e-01 -3.123267e-03
1.148411e+01 1.448116e-01 -4.781038e-03
1.148411e+01 2.023460e-01 -7.319675e-03
1.148411e+01 2.834245e-01 -1.017245e-02
1.148411e+01 3.967448e-01 -1.367834e-02
1.148411e+01 5.552783e-01 -1.722484e-02
1.148411e+01 7.774819e-01 -2.03998e-02
1.148411e+01 1.088445e+00 -2.28939e-02
1.148411e+01 1.523711e+00 -2.528695e-02
1.148411e+01 2.088426e+00 -2.643766e-02
1.148411e+01 2.685505e+00 -2.226773e-02
1.173379e+01 1.570796e-02 -3.389141e-05
1.173379e+01 2.346256e-02 -2.22356e-04
1.173379e+01 3.503514e-02 -2.373862e-04
1.173379e+01 5.263151e-02 -7.805835e-04
1.173379e+01 7.314235e-02 -1.912475e-03
1.173379e+01 1.025928e-01 -2.858326e-03
1.173379e+01 1.448116e-01 -4.377538e-03
1.173379e+01 2.023460e-01 -6.700922e-03
1.173379e+01 2.834245e-01 -9.316246e-03
1.173379e+01 3.967448e-01 -1.255024e-02
1.173379e+01 5.552783e-01 -1.585786e-02
1.173379e+01 7.774819e-01 -1.897162e-02
1.173379e+01 1.088445e+00 -2.154379e-02
1.173379e+01 1.523711e+00 -2.41203e-02
1.173379e+01 2.088426e+00 -2.539416e-02
1.173379e+01 2.685505e+00 -2.142470e-02
1.198847e+01 1.570796e-02 -3.087225e-05
1.198847e+01 2.346256e-02 -2.03521e-04
1.198847e+01 3.503514e-02 -2.166153e-04
1.198847e+01 5.263151e-02 -7.130890e-04
1.198847e+01 7.314235e-02 -1.746395e-03
1.198847e+01 1.025928e-01 -2.60649e-03
1.198847e+01 1.448116e-01 -3.999667e-03
1.198847e+01 2.023460e-01 -6.121497e-03
1.198847e+01 2.834245e-01 -8.516596e-03
1.198847e+01 3.967448e-01 -1.149176e-02
1.198847e+01 5.552783e-01 -1.457316e-02
1.198847e+01 7.774819e-01 -1.757911e-02
1.198847e+01 1.088445e+00 -2.023186e-02
1.198847e+01 1.523711e+00 -2.291716e-02
1.198847e+01 2.088426e+00 -2.424867e-02
1.198847e+01 2.685505e+00 -2.042933e-02
1.224824e+01 1.570796e-02 -2.838871e-05
1.224824e+01 2.346256e-02 -1.859788e-04
1.224824e+01 3.503514e-02 -1.967735e-04
1.224824e+01 5.263151e-02 -6.490323e-04
1.224824e+01 7.314235e-02 -1.590634e-03
1.224824e+01 1.025928e-01 -2.376225e-03
1.224824e+01 1.448116e-01 -3.646750e-03
1.224824e+01 2.023460e-01 -5.581379e-03
1.224824e+01 2.834245e-01 -7.766935e-03
1.224824e+01 3.967448e-01 -1.049085e-02
1.224824e+01 5.552783e-01 -1.335679e-02
1.224824e+01 7.774819e-01 -1.625204e-02
1.224824e+01 1.088445e+00 -1.893904e-02
1.224824e+01 1.523711e+00 -2.169930e-02
1.224824e+01 2.088426e+00 -2.309537e-02
1.224824e+01 2.685505e+00 -1.950023e-02
1.251320e+01 1.570796e-02 -2.589469e-05
1.251320e+01 2.346256e-02 -1.690983e-04
1.251320e+01 3.503514e-02 -1.785837e-04
1.251320e+01 5.263151e-02 -5.90688e-04
1.251320e+01 7.314235e-02 -1.449678e-03
1.251320e+01 1.025928e-01 -2.161237e-03
1.251320e+01 1.448116e-01 -3.321901e-03
1.251320e+01 2.023460e-01 -5.077869e-03
1.251320e+01 2.834245e-01 -7.071684e-03
1.251320e+01 3.967448e-01 -9.563509e-03
1.251320e+01 5.552783e-01 -1.221466e-02
1.251320e+01 7.774819e-01 -1.499076e-02
1.251320e+01 1.088445e+00 -1.767925e-02
1.251320e+01 1.523711e+00 -2.046727e-02
1.251320e+01 2.088426e+00 -2.190955e-02
1.251320e+01 2.685505e+00 -1.85068e-02
1.278347e+01 1.570796e-02 -2.323293e-05
1.278347e+01 2.346256e-02 -1.537948e-04
1.278347e+01 3.503514e-02 -1.611344e-04
1.278347e+01 5.263151e-02 -5.362349e-04
1.278347e+01 7.314235e-02 -1.316275e-03
1.278347e+01 1.025928e-01 -1.961727e-03
1.278347e+01 1.448116e-01 -3.015073e-03
1.278347e+01 2.023460e-01 -4.609409e-03
1.278347e+01 2.834245e-01 -6.424875e-03
1.278347e+01 3.967448e-01 -8.698708e-03
1.278347e+01 5.552783e-01 -1.114364e-02
1.278347e+01 7.774819e-01 -1.377992e-02
1.278347e+01 1.088445e+00 -1.645378e-02
1.278347e+01 1.523711e+00 -1.923057e-02
1.278347e+01 2.088426e+00 -2.070679e-02
1.278347e+01 2.685505e+00 -1.755376e-02
1.305914e+01 1.570796e-02 -2.08431e-05
1.305914e+01 2.346256e-02 -1.391018e-04
1.305914e+01 3.503514e-02 -1.460581e-04
1.305914e+01 5.263151e-02 -4.855413e-04
1.305914e+01 7.314235e-02 -1.195614e-03
1.305914e+01 1.025928e-01 -1.776150e-03
1.305914e+01 1.448116e-01 -2.733017e-03
1.305914e+01 2.023460e-01 -4.176163e-03
1.305914e+01 2.834245e-01 -5.829459e-03
1.305914e+01 3.967448e-01 -7.898469e-03
1.305914e+01 5.552783e-01 -1.015132e-02
1.305914e+01 7.774819e-01 -1.265887e-02
1.305914e+01 1.088445e+00 -1.527071e-02
1.305914e+01 1.523711e+00 -1.80144e-02
1.305914e+01 2.088426e+00 -1.953069e-02
1.305914e+01 2.685505e+00 -1.663788e-02
1.334032e+01 1.570796e-02 -1.879654e-05
1.334032e+01 2.346256e-02 -1.259843e-04
1.334032e+01 3.503514e-02 -1.319177e-04
1.334032e+01 5.263151e-02 -4.38691e-04
1.334032e+01 7.314235e-02 -1.079754e-03
1.334032e+01 1.025928e-01 -1.605428e-03
1.334032e+01 1.448116e-01 -2.471699e-03
1.334032e+01 2.023460e-01 -3.776547e-03
1.334032e+01 2.834245e-01 -5.277893e-03
1.334032e+01 3.967448e-01 -7.155718e-03
1.334032e+01 5.552783e-01 -9.228e-03
1.334032e+01 7.774819e-01 -1.159437e-02
1.334032e+01 1.088445e+00 -1.41342e-02
1.334032e+01 1.523711e+00 -1.681192e-02
1.334032e+01 2.088426e+00 -1.833616e-02
1.334032e+01 2.685505e+00 -1.57436e-02
1.362713e+01 1.570796e-02 -1.689330e-05
1.362713e+01 2.346256e-02 -1.141530e-04
1.362713e+01 3.503514e-02 -1.189123e-04
1.362713e+01 5.263151e-02 -3.958252e-04
1.362713e+01 7.314235e-02 -9.732183e-04
1.362713e+01 1.025928e-01 -1.449627e-03
1.362713e+01 1.448116e-01 -2.230765e-03
1.362713e+01 2.023460e-01 -3.408085e-03
1.362713e+01 2.834245e-01 -4.76952e-03
1.362713e+01 3.967448e-01 -6.466354e-03
1.362713e+01 5.552783e-01 -8.368443e-03
1.362713e+01 7.774819e-01 -1.05892e-02
1.362713e+01 1.088445e+00 -1.304791e-02
1.362713e+01 1.523711e+00 -1.564795e-02
1.362713e+01 2.088426e+00 -1.716872e-02
1.362713e+01 2.685505e+00 -1.484072e-02
1.391967e+01 1.570796e-02 -1.530839e-05
1.391967e+01 2.346256e-02 -1.03445e-04
1.391967e+01 3.503514e-02 -1.068711e-04
1.391967e+01 5.263151e-02 -3.568307e-04
1.391967e+01 7.314235e-02 -8.768971e-04
1.391967e+01 1.025928e-01 -1.305124e-03
1.391967e+01 1.448116e-01 -2.007122e-03
1.391967e+01 2.023460e-01 -3.069583e-03
1.391967e+01 2.834245e-01 -4.298373e-03
1.391967e+01 3.967448e-01 -5.832259e-03
1.391967e+01 5.552783e-01 -7.569822e-03
1.391967e+01 7.774819e-01 -9.650654e-03
1.391967e+01 1.088445e+00 -1.199673e-02
1.391967e+01 1.523711e+00 -1.450186e-02
1.391967e+01 2.088426e+00 -1.602106e-02
1.391967e+01 2.685505e+00 -1.391626e-02
1.421806e+01 1.570796e-02 -1.379966e-05
1.421806e+01 2.346256e-02 -9.259224e-05
1.421806e+01 3.503514e-02 -9.635751e-05
1.421806e+01 5.263151e-02 -3.198405e-04
1.421806e+01 7.314235e-02 -7.874122e-04
1.421806e+01 1.025928e-01 -1.172710e-03
1.421806e+01 1.448116e-01 -1.801542e-03
1.421806e+01 2.023460e-01 -2.756636e-03
1.421806e+01 2.834245e-01 -3.865521e-03
1.421806e+01 3.967448e-01 -5.24138e-03
1.421806e+01 5.552783e-01 -6.832059e-03
1.421806e+01 7.774819e-01 -8.772674e-03
1.421806e+01 1.088445e+00 -1.098994e-02
1.421806e+01 1.523711e+00 -1.340324e-02
1.421806e+01 2.088426e+00 -1.490556e-02
1.421806e+01 2.685505e+00 -1.302371e-02
1.452242e+01 1.570796e-02 -1.250626e-05
1.452242e+01 2.346256e-02 -8.289905e-05
1.452242e+01 3.503514e-02 -8.642467e-05
1.452242e+01 5.263151e-02 -2.859936e-04
1.452242e+01 7.314235e-02 -7.055366e-04
1.452242e+01 1.025928e-01 -1.050979e-03
1.452242e+01 1.448116e-01 -1.613897e-03
1.452242e+01 2.023460e-01 -2.469495e-03
1.452242e+01 2.834245e-01 -3.466825e-03
1.452242e+01 3.967448e-01 -4.696965e-03
1.452242e+01 5.552783e-01 -6.151049e-03
1.452242e+01 7.774819e-01 -7.952065e-03
1.452242e+01 1.088445e+00 -1.004560e-02
1.452242e+01 1.523711e+00 -1.232217e-02
1.452242e+01 2.088426e+00 -1.381523e-02
1.452242e+01 2.685505e+00 -1.216255e-02
1.483287e+01 1.570796e-02 -1.120332e-05
1.483287e+01 2.346256e-02 -7.427067e-05
1.483287e+01 3.503514e-02 -7.718083e-05
1.483287e+01 5.263151e-02 -2.556038e-04
1.483287e+01 7.314235e-02 -6.295404e-04
1.483287e+01 1.025928e-01 -9.366822e-04
1.483287e+01 1.448116e-01 -1.441109e-03
1.483287e+01 2.023460e-01 -2.205023e-03
1.483287e+01 2.834245e-01 -3.098691e-03
1.483287e+01 3.967448e-01 -4.200116e-03
1.483287e+01 5.552783e-01 -5.523022e-03
1.483287e+01 7.774819e-01 -7.176548e-03
1.483287e+01 1.088445e+00 -9.148328e-03
1.483287e+01 1.523711e+00 -1.130298e-02
1.483287e+01 2.088426e+00 -1.275638e-02
1.483287e+01 2.685505e+00 -1.134503e-02
1.514953e+01 1.570796e-02 -1.018745e-05
1.514953e+01 2.346256e-02 -6.621283e-05
1.514953e+01 3.503514e-02 -6.842335e-05
1.514953e+01 5.263151e-02 -2.276784e-04
1.514953e+01 7.314235e-02 -5.611021e-04
1.514953e+01 1.025928e-01 -8.346238e-04
1.514953e+01 1.448116e-01 -1.282522e-03
1.514953e+01 2.023460e-01 -1.965622e-03
1.514953e+01 2.834245e-01 -2.763761e-03
1.514953e+01 3.967448e-01 -3.747064e-03
1.514953e+01 5.552783e-01 -4.949238e-03
1.514953e+01 7.774819e-01 -6.480146e-03
1.514953e+01 1.088445e+00 -8.314907e-03
1.514953e+01 1.523711e+00 -1.032691e-02
1.514953e+01 2.088426e+00 -1.173477e-02
1.514953e+01 2.685505e+00 -1.053414e-02
1.547252e+01 1.570796e-02 -9.118568e-06
1.547252e+01 2.346256e-02 -5.873536e-05
1.547252e+01 3.503514e-02 -6.049003e-05
1.547252e+01 5.263151e-02 -2.023103e-04
1.547252e+01 7.314235e-02 -4.980159e-04
1.547252e+01 1.025928e-01 -7.410359e-04
1.547252e+01 1.448116e-01 -1.139241e-03
1.547252e+01 2.023460e-01 -1.745318e-03
1.547252e+01 2.834245e-01 -2.456559e-03
1.547252e+01 3.967448e-01 -3.333318e-03
1.547252e+01 5.552783e-01 -4.423310e-03
1.547252e+01 7.774819e-01 -5.832752e-03
1.547252e+01 1.088445e+00 -7.528457e-03
1.547252e+01 1.523711e+00 -9.402139e-03
1.547252e+01 2.088426e+00 -1.076586e-02
1.547252e+01 2.685505e+00 -9.765547e-03
1.580197e+01 1.570796e-02 -8.144786e-06
1.580197e+01 2.346256e-02 -5.157295e-05
1.580197e+01 3.503514e-02 -5.385110e-05
1.580197e+01 5.263151e-02 -1.793662e-04
1.580197e+01 7.314235e-02 -4.411320e-04
1.580197e+01 1.025928e-01 -6.564189e-04
1.580197e+01 1.448116e-01 -1.008711e-03
1.580197e+01 2.023460e-01 -1.545958e-03
1.580197e+01 2.834245e-01 -2.176466e-03
1.580197e+01 3.967448e-01 -2.956631e-03
1.580197e+01 5.552783e-01 -3.942968e-03
1.580197e+01 7.774819e-01 -5.228624e-03
1.580197e+01 1.088445e+00 -6.789259e-03
1.580197e+01 1.523711e+00 -8.515165e-03
1.580197e+01 2.088426e+00 -9.822693e-03
1.580197e+01 2.685505e+00 -9.040005e-03
1.613801e+01 1.570796e-02 -7.210841e-06
1.613801e+01 2.346256e-02 -4.548677e-05
1.613801e+01 3.503514e-02 -4.732235e-05
1.613801e+01 5.263151e-02 -1.588547e-04
1.613801e+01 7.314235e-02 -3.901085e-04
1.613801e+01 1.025928e-01 -5.797496e-04
1.613801e+01 1.448116e-01 -8.914007e-04
1.613801e+01 2.023460e-01 -1.365197e-03
1.613801e+01 2.834245e-01 -1.921681e-03
1.613801e+01 3.967448e-01 -2.619069e-03
1.613801e+01 5.552783e-01 -3.505941e-03
1.613801e+01 7.774819e-01 -4.679091e-03
1.613801e+01 1.088445e+00 -6.105899e-03
1.613801e+01 1.523711e+00 -7.688049e-03
1.613801e+01 2.088426e+00 -8.930531e-03
1.613801e+01 2.685505e+00 -8.327106e-03
1.648077e+01 1.570796e-02 -6.348238e-06
1.648077e+01 2.346256e-02 -4.013769e-05
1.648077e+01 3.503514e-02 -4.150282e-05
1.648077e+01 5.263151e-02 -1.403497e-04
1.648077e+01 7.314235e-02 -3.441333e-04
1.648077e+01 1.025928e-01 -5.090203e-04
1.648077e+01 1.448116e-01 -7.841681e-04
1.648077e+01 2.023460e-01 -1.201418e-03
1.648077e+01 2.834245e-01 -1.691159e-03
1.648077e+01 3.967448e-01 -2.30991e-03
1.648077e+01 5.552783e-01 -3.10852e-03
1.648077e+01 7.774819e-01 -4.171573e-03
1.648077e+01 1.088445e+00 -5.468664e-03
1.648077e+01 1.523711e+00 -6.902912e-03
1.648077e+01 2.088426e+00 -8.086351e-03
1.648077e+01 2.685505e+00 -7.613888e-03
1.683038e+01 1.570796e-02 -5.571365e-06
1.683038e+01 2.346256e-02 -3.508905e-05
1.683038e+01 3.503514e-02 -3.627076e-05
1.683038e+01 5.263151e-02 -1.233534e-04
1.683038e+01 7.314235e-02 -3.015651e-04
1.683038e+01 1.025928e-01 -4.456481e-04
1.683038e+01 1.448116e-01 -6.883470e-04
1.683038e+01 2.023460e-01 -1.053574e-03
1.683038e+01 2.834245e-01 -1.48428e-03
1.683038e+01 3.967448e-01 -2.030818e-03
1.683038e+01 5.552783e-01 -2.745416e-03
1.683038e+01 7.774819e-01 -3.705954e-03
1.683038e+01 1.088445e+00 -4.884536e-03
1.683038e+01 1.523711e+00 -6.183836e-03
1.683038e+01 2.088426e+00 -7.282803e-03
1.683038e+01 2.685505e+00 -6.932969e-03
1.718699e+01 1.570796e-02 -4.888631e-06
1.718699e+01 2.346256e-02 -3.049251e-05
1.718699e+01 3.503514e-02 -3.197315e-05
1.718699e+01 5.263151e-02 -1.07954e-04
1.718699e+01 7.314235e-02 -2.637887e-04
1.718699e+01 1.025928e-01 -3.897277e-04
1.718699e+01 1.448116e-01 -6.02078e-04
1.718699e+01 2.023460e-01 -9.202933e-04
1.718699e+01 2.834245e-01 -1.299216e-03
1.718699e+01 3.967448e-01 -1.781417e-03
1.718699e+01 5.552783e-01 -2.418556e-03
1.718699e+01 7.774819e-01 -3.288205e-03
1.718699e+01 1.088445e+00 -4.348998e-03
1.718699e+01 1.523711e+00 -5.509189e-03
1.718699e+01 2.088426e+00 -6.539843e-03
1.718699e+01 2.685505e+00 -6.294969e-03
1.755073e+01 1.570796e-02 -4.299053e-06
1.755073e+01 2.346256e-02 -2.619182e-05
1.755073e+01 3.503514e-02 -2.785434e-05
1.755073e+01 5.263151e-02 -9.432887e-05
1.755073e+01 7.314235e-02 -2.29567e-04
1.755073e+01 1.025928e-01 -3.398437e-04
1.755073e+01 1.448116e-01 -5.243178e-04
1.755073e+01 2.023460e-01 -8.014147e-04
1.755073e+01 2.834245e-01 -1.130842e-03
1.755073e+01 3.967448e-01 -1.556490e-03
1.755073e+01 5.552783e-01 -2.124225e-03
1.755073e+01 7.774819e-01 -2.905250e-03
1.755073e+01 1.088445e+00 -3.851965e-03
1.755073e+01 1.523711e+00 -4.887913e-03
1.755073e+01 2.088426e+00 -5.830718e-03
1.755073e+01 2.685505e+00 -5.678439e-03
1.792175e+01 1.570796e-02 -3.763424e-06
1.792175e+01 2.346256e-02 -2.272441e-05
1.792175e+01 3.503514e-02 -2.435932e-05
1.792175e+01 5.263151e-02 -8.259642e-05
1.792175e+01 7.314235e-02 -2.000913e-04
1.792175e+01 1.025928e-01 -2.953407e-04
1.792175e+01 1.448116e-01 -4.553566e-04
1.792175e+01 2.023460e-01 -6.964288e-04
1.792175e+01 2.834245e-01 -9.828647e-04
1.792175e+01 3.967448e-01 -1.357186e-03
1.792175e+01 5.552783e-01 -1.860332e-03
1.792175e+01 7.774819e-01 -2.558181e-03
1.792175e+01 1.088445e+00 -3.400579e-03
1.792175e+01 1.523711e+00 -4.318966e-03
1.792175e+01 2.088426e+00 -5.179380e-03
1.792175e+01 2.685505e+00 -5.105470e-03
1.830018e+01 1.570796e-02 -3.279194e-06
1.830018e+01 2.346256e-02 -1.951018e-05
1.830018e+01 3.503514e-02 -2.102620e-05
1.830018e+01 5.263151e-02 -7.148408e-05
1.830018e+01 7.314235e-02 -1.729875e-04
1.830018e+01 1.025928e-01 -2.546789e-04
1.830018e+01 1.448116e-01 -3.931548e-04
1.830018e+01 2.023460e-01 -6.014158e-04
1.830018e+01 2.834245e-01 -8.499039e-04
1.830018e+01 3.967448e-01 -1.175292e-03
1.830018e+01 5.552783e-01 -1.622505e-03
1.830018e+01 7.774819e-01 -2.242683e-03
1.830018e+01 1.088445e+00 -2.983575e-03
1.830018e+01 1.523711e+00 -3.78751e-03
1.830018e+01 2.088426e+00 -4.558323e-03
1.830018e+01 2.685505e+00 -4.522169e-03
1.868618e+01 1.570796e-02 -2.825510e-06
1.868618e+01 2.346256e-02 -1.67188e-05
1.868618e+01 3.503514e-02 -1.79868e-05
1.868618e+01 5.263151e-02 -6.121871e-05
1.868618e+01 7.314235e-02 -1.490148e-04
1.868618e+01 1.025928e-01 -2.187899e-04
1.868618e+01 1.448116e-01 -3.375498e-04
1.868618e+01 2.023460e-01 -5.168797e-04
1.868618e+01 2.834245e-01 -7.294944e-04
1.868618e+01 3.967448e-01 -1.013496e-03
1.868618e+01 5.552783e-01 -1.408457e-03
1.868618e+01 7.774819e-01 -1.954996e-03
1.868618e+01 1.088445e+00 -2.602737e-03
1.868618e+01 1.523711e+00 -3.300269e-03
1.868618e+01 2.088426e+00 -3.983865e-03
1.868618e+01 2.685505e+00 -3.992283e-03
1.907991e+01 1.570796e-02 -2.423215e-06
1.907991e+01 2.346256e-02 -1.393084e-05
1.907991e+01 3.503514e-02 -1.527962e-05
1.907991e+01 5.263151e-02 -5.237964e-05
1.907991e+01 7.314235e-02 -1.278393e-04
1.907991e+01 1.025928e-01 -1.867365e-04
1.907991e+01 1.448116e-01 -2.881763e-04
1.907991e+01 2.023460e-01 -4.420494e-04
1.907991e+01 2.834245e-01 -6.235969e-04
1.907991e+01 3.967448e-01 -8.712245e-04
1.907991e+01 5.552783e-01 -1.216563e-03
1.907991e+01 7.774819e-01 -1.694353e-03
1.907991e+01 1.088445e+00 -2.255702e-03
1.907991e+01 1.523711e+00 -2.857544e-03
1.907991e+01 2.088426e+00 -3.449314e-03
1.907991e+01 2.685505e+00 -3.496206e-03
1.948151e+01 1.570796e-02 -2.050579e-06
1.948151e+01 2.346256e-02 -1.167209e-05
1.948151e+01 3.503514e-02 -1.302562e-05
1.948151e+01 5.263151e-02 -4.450372e-05
1.948151e+01 7.314235e-02 -1.094485e-04
1.948151e+01 1.025928e-01 -1.589349e-04
1.948151e+01 1.448116e-01 -2.450971e-04
1.948151e+01 2.023460e-01 -3.768675e-04
1.948151e+01 2.834245e-01 -5.325194e-04
1.948151e+01 3.967448e-01 -7.455068e-04
1.948151e+01 5.552783e-01 -1.048533e-03
1.948151e+01 7.774819e-01 -1.467034e-03
1.948151e+01 1.088445e+00 -1.949624e-03
1.948151e+01 1.523711e+00 -2.463704e-03
1.948151e+01 2.088426e+00 -2.974935e-03
1.948151e+01 2.685505e+00 -3.026743e-03
1.989114e+01 1.570796e-02 -1.758960e-06
1.989114e+01 2.346256e-02 -9.6787e-06
1.989114e+01 3.503514e-02 -1.101656e-05
1.989114e+01 5.263151e-02 -3.758477e-05
1.989114e+01 7.314235e-02 -9.278645e-05
1.989114e+01 1.025928e-01 -1.344676e-04
1.989114e+01 1.448116e-01 -2.072681e-04
1.989114e+01 2.023460e-01 -3.197442e-04
1.989114e+01 2.834245e-01 -4.519931e-04
1.989114e+01 3.967448e-01 -6.350409e-04
1.989114e+01 5.552783e-01 -8.982573e-04
1.989114e+01 7.774819e-01 -1.262066e-03
1.989114e+01 1.088445e+00 -1.673989e-03
1.989114e+01 1.523711e+00 -2.108258e-03
1.989114e+01 2.088426e+00 -2.540287e-03
1.989114e+01 2.685505e+00 -2.598605e-03
2.030896e+01 1.570796e-02 -1.45716e-06
2.030896e+01 2.346256e-02 -7.970679e-06
2.030896e+01 3.503514e-02 -9.361973e-06
2.030896e+01 5.263151e-02 -3.139268e-05
2.030896e+01 7.314235e-02 -7.827841e-05
2.030896e+01 1.025928e-01 -1.130048e-04
2.030896e+01 1.448116e-01 -1.741928e-04
2.030896e+01 2.023460e-01 -2.688017e-04
2.030896e+01 2.834245e-01 -3.810469e-04
2.030896e+01 3.967448e-01 -5.374693e-04
2.030896e+01 5.552783e-01 -7.652460e-04
2.030896e+01 7.774819e-01 -1.078712e-03
2.030896e+01 1.088445e+00 -1.425857e-03
2.030896e+01 1.523711e+00 -1.784392e-03
2.030896e+01 2.088426e+00 -2.136303e-03
2.030896e+01 2.685505e+00 -2.194728e-03
2.073514e+01 1.570796e-02 -1.222491e-06
2.073514e+01 2.346256e-02 -6.511437e-06
2.073514e+01 3.503514e-02 -7.816796e-06
2.073514e+01 5.263151e-02 -2.612539e-05
2.073514e+01 7.314235e-02 -6.585877e-05
2.073514e+01 1.025928e-01 -9.448220e-05
2.073514e+01 1.448116e-01 -1.455782e-04
2.073514e+01 2.023460e-01 -2.244889e-04
2.073514e+01 2.834245e-01 -3.194206e-04
2.073514e+01 3.967448e-01 -4.525664e-04
2.073514e+01 5.552783e-01 -6.490794e-04
2.073514e+01 7.774819e-01 -9.175505e-04
2.073514e+01 1.088445e+00 -1.207025e-03
2.073514e+01 1.523711e+00 -1.501746e-03
2.073514e+01 2.088426e+00 -1.781892e-03
2.073514e+01 2.685505e+00 -1.827761e-03
2.116984e+01 1.570796e-02 -1.008672e-06
2.116984e+01 2.346256e-02 -5.211788e-06
2.116984e+01 3.503514e-02 -6.509636e-06
2.116984e+01 5.263151e-02 -2.148937e-05
2.116984e+01 7.314235e-02 -5.494841e-05
2.116984e+01 1.025928e-01 -7.849034e-05
2.116984e+01 1.448116e-01 -1.203559e-04
2.116984e+01 2.023460e-01 -1.862648e-04
2.116984e+01 2.834245e-01 -2.659661e-04
2.116984e+01 3.967448e-01 -3.789351e-04
2.116984e+01 5.552783e-01 -5.466884e-04
2.116984e+01 7.774819e-01 -7.753596e-04
2.116984e+01 1.088445e+00 -1.01572e-03
2.116984e+01 1.523711e+00 -1.251105e-03
2.116984e+01 2.088426e+00 -1.469209e-03
2.116984e+01 2.685505e+00 -1.506196e-03
2.161324e+01 1.570796e-02 -8.26738e-07
2.161324e+01 2.346256e-02 -4.159465e-06
2.161324e+01 3.503514e-02 -5.43332e-06
2.161324e+01 5.263151e-02 -1.743775e-05
2.161324e+01 7.314235e-02 -4.550223e-05
2.161324e+01 1.025928e-01 -6.456459e-05
2.161324e+01 1.448116e-01 -9.890180e-05
2.161324e+01 2.023460e-01 -1.535215e-04
2.161324e+01 2.834245e-01 -2.200937e-04
2.161324e+01 3.967448e-01 -3.153662e-04
2.161324e+01 5.552783e-01 -4.584535e-04
2.161324e+01 7.774819e-01 -6.510915e-04
2.161324e+01 1.088445e+00 -8.496903e-04
2.161324e+01 1.523711e+00 -1.034570e-03
2.161324e+01 2.088426e+00 -1.195862e-03
2.161324e+01 2.685505e+00 -1.226662e-03
2.206550e+01 1.570796e-02 -6.757372e-07
2.206550e+01 2.346256e-02 -3.250577e-06
2.206550e+01 3.503514e-02 -4.408181e-06
2.206550e+01 5.263151e-02 -1.404708e-05
2.206550e+01 7.314235e-02 -3.750293e-05
2.206550e+01 1.025928e-01 -5.293855e-05
2.206550e+01 1.448116e-01 -8.069077e-05
2.206550e+01 2.023460e-01 -1.258981e-04
2.206550e+01 2.834245e-01 -1.811629e-04
2.206550e+01 3.967448e-01 -2.611588e-04
2.206550e+01 5.552783e-01 -3.821006e-04
2.206550e+01 7.774819e-01 -5.439309e-04
2.206550e+01 1.088445e+00 -7.068549e-04
2.206550e+01 1.523711e+00 -8.496757e-04
2.206550e+01 2.088426e+00 -9.685763e-04
2.206550e+01 2.685505e+00 -9.835379e-04
2.252681e+01 1.570796e-02 -5.411123e-07
2.252681e+01 2.346256e-02 -2.529418e-06
2.252681e+01 3.503514e-02 -3.586779e-06
2.252681e+01 5.263151e-02 -1.121336e-05
2.252681e+01 7.314235e-02 -3.061488e-05
2.252681e+01 1.025928e-01 -4.295027e-05
2.252681e+01 1.448116e-01 -6.552862e-05
2.252681e+01 2.023460e-01 -1.023095e-04
2.252681e+01 2.834245e-01 -1.480869e-04
2.252681e+01 3.967448e-01 -2.153523e-04
2.252681e+01 5.552783e-01 -3.167071e-04
2.252681e+01 7.774819e-01 -4.518088e-04
2.252681e+01 1.088445e+00 -5.851470e-04
2.252681e+01 1.523711e+00 -6.96071e-04
2.252681e+01 2.088426e+00 -7.770271e-04
2.252681e+01 2.685505e+00 -7.754629e-04
2.299735e+01 1.570796e-02 -4.254387e-07
2.299735e+01 2.346256e-02 -1.979225e-06
2.299735e+01 3.503514e-02 -2.926039e-06
2.299735e+01 5.263151e-02 -8.959936e-06
2.299735e+01 7.314235e-02 -2.483062e-05
2.299735e+01 1.025928e-01 -3.478686e-05
2.299735e+01 1.448116e-01 -5.298244e-05
2.299735e+01 2.023460e-01 -8.315159e-05
2.299735e+01 2.834245e-01 -1.209099e-04
2.299735e+01 3.967448e-01 -1.769444e-04
2.299735e+01 5.552783e-01 -2.623941e-04
2.299735e+01 7.774819e-01 -3.753752e-04
2.299735e+01 1.088445e+00 -4.844932e-04
2.299735e+01 1.523711e+00 -5.711428e-04
2.299735e+01 2.088426e+00 -6.238164e-04
2.299735e+01 2.685505e+00 -6.053358e-04
2.34773e+01 1.570796e-02 -3.361663e-07
2.34773e+01 2.346256e-02 -1.521954e-06
2.34773e+01 3.503514e-02 -2.347152e-06
2.34773e+01 5.263151e-02 -7.063502e-06
2.34773e+01 7.314235e-02 -1.999154e-05
2.34773e+01 1.025928e-01 -2.793268e-05
2.34773e+01 1.448116e-01 -4.242129e-05
2.34773e+01 2.023460e-01 -6.684007e-05
2.34773e+01 2.834245e-01 -9.768776e-05
2.34773e+01 3.967448e-01 -1.443438e-04
2.34773e+01 5.552783e-01 -2.154137e-04
2.34773e+01 7.774819e-01 -3.098013e-04
2.34773e+01 1.088445e+00 -3.987895e-04
2.34773e+01 1.523711e+00 -4.669038e-04
2.34773e+01 2.088426e+00 -4.978719e-04
2.34773e+01 2.685505e+00 -4.649823e-04
2.396684e+01 1.570796e-02 -2.581703e-07
2.396684e+01 2.346256e-02 -1.167359e-06
2.396684e+01 3.503514e-02 -1.870115e-06
2.396684e+01 5.263151e-02 -5.501430e-06
2.396684e+01 7.314235e-02 -1.598714e-05
2.396684e+01 1.025928e-01 -2.221753e-05
2.396684e+01 1.448116e-01 -3.367166e-05
2.396684e+01 2.023460e-01 -5.339150e-05
2.396684e+01 2.834245e-01 -7.851594e-05
2.396684e+01 3.967448e-01 -1.167726e-04
2.396684e+01 5.552783e-01 -1.75996e-04
2.396684e+01 7.774819e-01 -2.538388e-04
2.396684e+01 1.088445e+00 -3.267252e-04
2.396684e+01 1.523711e+00 -3.814679e-04
2.396684e+01 2.088426e+00 -3.989774e-04
2.396684e+01 2.685505e+00 -3.606329e-04
2.446618e+01 1.570796e-02 -1.968914e-07
2.446618e+01 2.346256e-02 -8.773098e-07
2.446618e+01 3.503514e-02 -1.469572e-06
2.446618e+01 5.263151e-02 -4.287472e-06
2.446618e+01 7.314235e-02 -1.26025e-05
2.446618e+01 1.025928e-01 -1.747769e-05
2.446618e+01 1.448116e-01 -2.644139e-05
2.446618e+01 2.023460e-01 -4.220712e-05
2.446618e+01 2.834245e-01 -6.229579e-05
2.446618e+01 3.967448e-01 -9.354516e-05
2.446618e+01 5.552783e-01 -1.424790e-04
2.446618e+01 7.774819e-01 -2.061836e-04
2.446618e+01 1.088445e+00 -2.664862e-04
2.446618e+01 1.523711e+00 -3.118746e-04
2.446618e+01 2.088426e+00 -3.199596e-04
2.446618e+01 2.685505e+00 -2.738626e-04
2.497550e+01 1.570796e-02 -1.498066e-07
2.497550e+01 2.346256e-02 -6.634092e-07
2.497550e+01 3.503514e-02 -1.135054e-06
2.497550e+01 5.263151e-02 -3.312209e-06
2.497550e+01 7.314235e-02 -9.817109e-06
2.497550e+01 1.025928e-01 -1.359637e-05
2.497550e+01 1.448116e-01 -2.053673e-05
2.497550e+01 2.023460e-01 -3.303005e-05
2.497550e+01 2.834245e-01 -4.904777e-05
2.497550e+01 3.967448e-01 -7.421043e-05
2.497550e+01 5.552783e-01 -1.142366e-04
2.497550e+01 7.774819e-01 -1.658088e-04
2.497550e+01 1.088445e+00 -2.155754e-04
2.497550e+01 1.523711e+00 -2.540986e-04
2.497550e+01 2.088426e+00 -2.579115e-04
2.497550e+01 2.685505e+00 -2.084038e-04
2.549501e+01 1.570796e-02 -1.126691e-07
2.549501e+01 2.346256e-02 -4.947289e-07
2.549501e+01 3.503514e-02 -8.709325e-07
2.549501e+01 5.263151e-02 -2.526819e-06
2.549501e+01 7.314235e-02 -7.546527e-06
2.549501e+01 1.025928e-01 -1.046658e-05
2.549501e+01 1.448116e-01 -1.581621e-05
2.549501e+01 2.023460e-01 -2.550662e-05
2.549501e+01 2.834245e-01 -3.808443e-05
2.549501e+01 3.967448e-01 -5.817025e-05
2.549501e+01 5.552783e-01 -9.025791e-05
2.549501e+01 7.774819e-01 -1.318091e-04
2.549501e+01 1.088445e+00 -1.724626e-04
2.549501e+01 1.523711e+00 -2.053739e-04
2.549501e+01 2.088426e+00 -2.067463e-04
2.549501e+01 2.685505e+00 -1.597114e-04
2.602491e+01 1.570796e-02 -8.24595e-08
2.602491e+01 2.346256e-02 -3.656007e-07
2.602491e+01 3.503514e-02 -6.548011e-07
2.602491e+01 5.263151e-02 -1.890469e-06
2.602491e+01 7.314235e-02 -5.728554e-06
2.602491e+01 1.025928e-01 -7.935231e-06
2.602491e+01 1.448116e-01 -1.198922e-05
2.602491e+01 2.023460e-01 -1.935788e-05
2.602491e+01 2.834245e-01 -2.912866e-05
2.602491e+01 3.967448e-01 -4.487284e-05
2.602491e+01 5.552783e-01 -7.023428e-05
2.602491e+01 7.774819e-01 -1.033089e-04
2.602491e+01 1.088445e+00 -1.362569e-04
2.602491e+01 1.523711e+00 -1.646687e-04
2.602491e+01 2.088426e+00 -1.679942e-04
2.602491e+01 2.685505e+00 -1.275554e-04
2.656541e+01 1.570796e-02 -5.980986e-08
2.656541e+01 2.346256e-02 -2.6911e-07
2.656541e+01 3.503514e-02 -4.893123e-07
2.656541e+01 5.263151e-02 -1.398585e-06
2.656541e+01 7.314235e-02 -4.257867e-06
2.656541e+01 1.025928e-01 -5.880791e-06
2.656541e+01 1.448116e-01 -8.932474e-06
2.656541e+01 2.023460e-01 -1.452448e-05
2.656541e+01 2.834245e-01 -2.197029e-05
2.656541e+01 3.967448e-01 -3.415280e-05
2.656541e+01 5.552783e-01 -5.376581e-05
2.656541e+01 7.774819e-01 -7.95982e-05
2.656541e+01 1.088445e+00 -1.063357e-04
2.656541e+01 1.523711e+00 -1.312051e-04
2.656541e+01 2.088426e+00 -1.355811e-04
2.656541e+01 2.685505e+00 -1.014341e-04
2.711672e+01 1.570796e-02 -4.451925e-08
2.711672e+01 2.346256e-02 -1.976965e-07
2.711672e+01 3.503514e-02 -3.589316e-07
2.711672e+01 5.263151e-02 -1.015795e-06
2.711672e+01 7.314235e-02 -3.125990e-06
2.711672e+01 1.025928e-01 -4.299929e-06
2.711672e+01 1.448116e-01 -6.544347e-06
2.711672e+01 2.023460e-01 -1.073313e-05
2.711672e+01 2.834245e-01 -1.630996e-05
2.711672e+01 3.967448e-01 -2.556548e-05
2.711672e+01 5.552783e-01 -4.05391e-05
2.711672e+01 7.774819e-01 -6.037908e-05
2.711672e+01 1.088445e+00 -8.166028e-05
2.711672e+01 1.523711e+00 -1.027594e-04
2.711672e+01 2.088426e+00 -1.092641e-04
2.711672e+01 2.685505e+00 -8.295895e-05
2.767905e+01 1.570796e-02 -3.081507e-08
2.767905e+01 2.346256e-02 -1.368014e-07
2.767905e+01 3.503514e-02 -2.597732e-07
2.767905e+01 5.263151e-02 -7.38621e-07
2.767905e+01 7.314235e-02 -2.261833e-06
2.767905e+01 1.025928e-01 -3.114455e-06
2.767905e+01 1.448116e-01 -4.732593e-06
2.767905e+01 2.023460e-01 -7.827094e-06
2.767905e+01 2.834245e-01 -1.196323e-05
2.767905e+01 3.967448e-01 -1.885271e-05
2.767905e+01 5.552783e-01 -3.010311e-05
2.767905e+01 7.774819e-01 -4.516541e-05
2.767905e+01 1.088445e+00 -6.171064e-05
2.767905e+01 1.523711e+00 -7.956363e-05
2.767905e+01 2.088426e+00 -8.794886e-05
2.767905e+01 2.685505e+00 -7.051350e-05
2.825263e+01 1.570796e-02 -2.153561e-08
2.825263e+01 2.346256e-02 -9.350403e-08
2.825263e+01 3.503514e-02 -1.863881e-07
2.825263e+01 5.263151e-02 -5.217142e-07
2.825263e+01 7.314235e-02 -1.608577e-06
2.825263e+01 1.025928e-01 -2.21453e-06
2.825263e+01 1.448116e-01 -3.37524e-06
2.825263e+01 2.023460e-01 -5.583982e-06
2.825263e+01 2.834245e-01 -8.560198e-06
2.825263e+01 3.967448e-01 -1.36176e-05
2.825263e+01 5.552783e-01 -2.189900e-05
2.825263e+01 7.774819e-01 -3.301314e-05
2.825263e+01 1.088445e+00 -4.577495e-05
2.825263e+01 1.523711e+00 -6.046935e-05
2.825263e+01 2.088426e+00 -7.021982e-05
2.825263e+01 2.685505e+00 -6.027726e-05
2.883769e+01 1.570796e-02 -1.521295e-08
2.883769e+01 2.346256e-02 -6.166968e-08
2.883769e+01 3.503514e-02 -1.338346e-07
2.883769e+01 5.263151e-02 -3.729550e-07
2.883769e+01 7.314235e-02 -1.164264e-06
2.883769e+01 1.025928e-01 -1.597719e-06
2.883769e+01 1.448116e-01 -2.429979e-06
2.883769e+01 2.023460e-01 -4.046136e-06
2.883769e+01 2.834245e-01 -6.233819e-06
2.883769e+01 3.967448e-01 -9.987433e-06
2.883769e+01 5.552783e-01 -1.611595e-05
2.883769e+01 7.774819e-01 -2.439680e-05
2.883769e+01 1.088445e+00 -3.402772e-05
2.883769e+01 1.523711e+00 -4.558193e-05
2.883769e+01 2.088426e+00 -5.426824e-05
2.883769e+01 2.685505e+00 -4.804621e-05
2.943444e+01 1.570796e-02 -1.081298e-08
2.943444e+01 2.346256e-02 -3.989381e-08
2.943444e+01 3.503514e-02 -9.502875e-08
2.943444e+01 5.263151e-02 -2.628347e-07
2.943444e+01 7.314235e-02 -8.337322e-07
2.943444e+01 1.025928e-01 -1.140400e-06
2.943444e+01 1.448116e-01 -1.732386e-06
2.943444e+01 2.023460e-01 -2.896888e-06
2.943444e+01 2.834245e-01 -4.494288e-06
2.943444e+01 3.967448e-01 -7.244776e-06
2.943444e+01 5.552783e-01 -1.171241e-05
2.943444e+01 7.774819e-01 -1.776712e-05
2.943444e+01 1.088445e+00 -2.49989e-05
2.943444e+01 1.523711e+00 -3.396126e-05
2.943444e+01 2.088426e+00 -4.141651e-05
2.943444e+01 2.685505e+00 -3.732239e-05
3.004313e+01 1.570796e-02 -7.585252e-09
3.004313e+01 2.346256e-02 -2.632048e-08
3.004313e+01 3.503514e-02 -6.614611e-08
3.004313e+01 5.263151e-02 -1.823164e-07
3.004313e+01 7.314235e-02 -5.876418e-07
3.004313e+01 1.025928e-01 -8.028218e-07
3.004313e+01 1.448116e-01 -1.216557e-06
3.004313e+01 2.023460e-01 -2.050975e-06
3.004313e+01 2.834245e-01 -3.201345e-06
3.004313e+01 3.967448e-01 -5.186582e-06
3.004313e+01 5.552783e-01 -8.398763e-06
3.004313e+01 7.774819e-01 -1.277144e-05
3.004313e+01 1.088445e+00 -1.809007e-05
3.004313e+01 1.523711e+00 -2.507416e-05
3.004313e+01 2.088426e+00 -3.122044e-05
3.004313e+01 2.685505e+00 -2.907288e-05
3.066399e+01 1.570796e-02 -5.248617e-09
3.066399e+01 2.346256e-02 -1.788517e-08
3.066399e+01 3.503514e-02 -4.599544e-08
3.066399e+01 5.263151e-02 -1.257633e-07
3.066399e+01 7.314235e-02 -4.074712e-07
3.066399e+01 1.025928e-01 -5.562987e-07
3.066399e+01 1.448116e-01 -8.455403e-07
3.066399e+01 2.023460e-01 -1.437143e-06
3.066399e+01 2.834245e-01 -2.259677e-06
3.066399e+01 3.967448e-01 -3.659427e-06
3.066399e+01 5.552783e-01 -5.949366e-06
3.066399e+01 7.774819e-01 -9.052091e-06
3.066399e+01 1.088445e+00 -1.293636e-05
3.066399e+01 1.523711e+00 -1.81772e-05
3.066399e+01 2.088426e+00 -2.322727e-05
3.066399e+01 2.685505e+00 -2.253172e-05
3.129727e+01 1.570796e-02 -3.790554e-09
3.129727e+01 2.346256e-02 -1.096084e-08
3.129727e+01 3.503514e-02 -3.167635e-08
3.129727e+01 5.263151e-02 -8.546717e-08
3.129727e+01 7.314235e-02 -2.795591e-07
3.129727e+01 1.025928e-01 -3.792983e-07
3.129727e+01 1.448116e-01 -5.822608e-07
3.129727e+01 2.023460e-01 -9.931558e-07
3.129727e+01 2.834245e-01 -1.570178e-06
3.129727e+01 3.967448e-01 -2.548278e-06
3.129727e+01 5.552783e-01 -4.146580e-06
3.129727e+01 7.774819e-01 -6.304352e-06
3.129727e+01 1.088445e+00 -9.111791e-06
3.129727e+01 1.523711e+00 -1.30319e-05
3.129727e+01 2.088426e+00 -1.723532e-05
3.129727e+01 2.685505e+00 -1.750802e-05
3.194322e+01 1.570796e-02 -2.620181e-09
3.194322e+01 2.346256e-02 -7.258048e-09
3.194322e+01 3.503514e-02 -2.112464e-08
3.194322e+01 5.263151e-02 -5.817477e-08
3.194322e+01 7.314235e-02 -1.913483e-07
3.194322e+01 1.025928e-01 -2.56309e-07
3.194322e+01 1.448116e-01 -3.932095e-07
3.194322e+01 2.023460e-01 -6.754478e-07
3.194322e+01 2.834245e-01 -1.076222e-06
3.194322e+01 3.967448e-01 -1.746024e-06
3.194322e+01 5.552783e-01 -2.851158e-06
3.194322e+01 7.774819e-01 -4.328501e-06
3.194322e+01 1.088445e+00 -6.305213e-06
3.194322e+01 1.523711e+00 -9.191869e-06
3.194322e+01 2.088426e+00 -1.249016e-05
3.194322e+01 2.685505e+00 -1.370829e-05
3.260208e+01 1.570796e-02 2.008168e-11
3.260208e+01 2.346256e-02 1.603942e-10
3.260208e+01 3.503514e-02 1.915576e-10
3.260208e+01 5.263151e-02 5.664176e-10
3.260208e+01 7.314235e-02 1.377895e-09
3.260208e+01 1.025928e-01 2.070071e-09
3.260208e+01 1.448116e-01 3.307196e-09
3.260208e+01 2.023460e-01 5.463629e-09
3.260208e+01 2.834245e-01 8.578892e-09
3.260208e+01 3.967448e-01 1.350656e-08
3.260208e+01 5.552783e-01 2.028561e-08
3.260208e+01 7.774819e-01 2.878706e-08
3.260208e+01 1.088445e+00 3.800792e-08
3.260208e+01 1.523711e+00 4.713161e-08
3.260208e+01 2.088426e+00 5.467256e-08
3.260208e+01 2.685505e+00 5.554734e-08
3.327412e+01 1.570796e-02 1.41535e-11
3.327412e+01 2.346256e-02 1.121654e-10
3.327412e+01 3.503514e-02 1.341289e-10
3.327412e+01 5.263151e-02 3.974075e-10
3.327412e+01 7.314235e-02 9.697683e-10
3.327412e+01 1.025928e-01 1.458274e-09
3.327412e+01 1.448116e-01 2.335862e-09
3.327412e+01 2.023460e-01 3.873335e-09
3.327412e+01 2.834245e-01 6.107619e-09
3.327412e+01 3.967448e-01 9.629971e-09
3.327412e+01 5.552783e-01 1.449478e-08
3.327412e+01 7.774819e-01 2.06644e-08
3.327412e+01 1.088445e+00 2.762378e-08
3.327412e+01 1.523711e+00 3.523477e-08
3.327412e+01 2.088426e+00 4.325365e-08
3.327412e+01 2.685505e+00 4.787828e-08
3.395961e+01 1.570796e-02 8.562773e-12
3.395961e+01 2.346256e-02 6.804841e-11
3.395961e+01 3.503514e-02 8.137367e-11
3.395961e+01 5.263151e-02 2.411446e-10
3.395961e+01 7.314235e-02 5.896304e-10
3.395961e+01 1.025928e-01 8.86718e-10
3.395961e+01 1.448116e-01 1.420352e-09
3.395961e+01 2.023460e-01 2.355313e-09
3.395961e+01 2.834245e-01 3.707301e-09
3.395961e+01 3.967448e-01 5.823433e-09
3.395961e+01 5.552783e-01 8.733900e-09
3.395961e+01 7.774819e-01 1.244478e-08
3.395961e+01 1.088445e+00 1.677579e-08
3.395961e+01 1.523711e+00 2.195446e-08
3.395961e+01 2.088426e+00 2.83963e-08
3.395961e+01 2.685505e+00 3.374672e-08
3.46588e+01 1.570796e-02 3.058067e-12
3.46588e+01 2.346256e-02 2.318379e-11
3.46588e+01 3.503514e-02 2.389095e-11
3.46588e+01 5.263151e-02 7.700974e-11
3.46588e+01 7.314235e-02 1.858618e-10
3.46588e+01 1.025928e-01 2.764825e-10
3.46588e+01 1.448116e-01 4.522165e-10
3.46588e+01 2.023460e-01 7.520762e-10
3.46588e+01 2.834245e-01 1.200630e-09
3.46588e+01 3.967448e-01 1.893695e-09
3.46588e+01 5.552783e-01 2.854353e-09
3.46588e+01 7.774819e-01 4.088841e-09
3.46588e+01 1.088445e+00 5.581393e-09
3.46588e+01 1.523711e+00 7.477821e-09
3.46588e+01 2.088426e+00 1.015937e-08
3.46588e+01 2.685505e+00 1.297429e-08
3.537197e+01 1.570796e-02 0.e+00
3.537197e+01 2.346256e-02 0.e+00
3.537197e+01 3.503514e-02 0.e+00
3.537197e+01 5.263151e-02 0.e+00
3.537197e+01 7.314235e-02 0.e+00
3.537197e+01 1.025928e-01 0.e+00
3.537197e+01 1.448116e-01 0.e+00
3.537197e+01 2.023460e-01 0.e+00
3.537197e+01 2.834245e-01 0.e+00
3.537197e+01 3.967448e-01 0.e+00
3.537197e+01 5.552783e-01 0.e+00
3.537197e+01 7.774819e-01 0.e+00
3.537197e+01 1.088445e+00 0.e+00
3.537197e+01 1.523711e+00 0.e+00
3.537197e+01 2.088426e+00 0.e+00
3.537197e+01 2.685505e+00 0.e+00
