5.e+00 1.570796e-02 0.e+00
5.e+00 2.346256e-02 0.e+00
5.e+00 3.503514e-02 0.e+00
5.e+00 5.263151e-02 0.e+00
5.e+00 7.314235e-02 0.e+00
5.e+00 1.025928e-01 0.e+00
5.e+00 1.448116e-01 0.e+00
5.e+00 2.023460e-01 0.e+00
5.e+00 2.834245e-01 0.e+00
5.e+00 3.967448e-01 0.e+00
5.e+00 5.552783e-01 0.e+00
5.e+00 7.774819e-01 0.e+00
5.e+00 1.088445e+00 0.e+00
5.e+00 1.523711e+00 0.e+00
5.e+00 2.088426e+00 0.e+00
5.e+00 2.685505e+00 0.e+00
5.12e+00 1.570796e-02 0.e+00
5.12e+00 2.346256e-02 0.e+00
5.12e+00 3.503514e-02 0.e+00
5.12e+00 5.263151e-02 0.e+00
5.12e+00 7.314235e-02 0.e+00
5.12e+00 1.025928e-01 0.e+00
5.12e+00 1.448116e-01 0.e+00
5.12e+00 2.023460e-01 0.e+00
5.12e+00 2.834245e-01 0.e+00
5.12e+00 3.967448e-01 0.e+00
5.12e+00 5.552783e-01 0.e+00
5.12e+00 7.774819e-01 0.e+00
5.12e+00 1.088445e+00 0.e+00
5.12e+00 1.523711e+00 0.e+00
5.12e+00 2.088426e+00 0.e+00
5.12e+00 2.685505e+00 0.e+00
5.2424e+00 1.570796e-02 0.e+00
5.2424e+00 2.346256e-02 0.e+00
5.2424e+00 3.503514e-02 0.e+00
5.2424e+00 5.263151e-02 0.e+00
5.2424e+00 7.314235e-02 0.e+00
5.2424e+00 1.025928e-01 0.e+00
5.2424e+00 1.448116e-01 0.e+00
5.2424e+00 2.023460e-01 0.e+00
5.2424e+00 2.834245e-01 0.e+00
5.2424e+00 3.967448e-01 0.e+00
5.2424e+00 5.552783e-01 0.e+00
5.2424e+00 7.774819e-01 0.e+00
5.2424e+00 1.088445e+00 0.e+00
5.2424e+00 1.523711e+00 0.e+00
5.2424e+00 2.088426e+00 0.e+00
5.2424e+00 2.685505e+00 0.e+00
5.367248e+00 1.570796e-02 -4.172615e-05
5.367248e+00 2.346256e-02 -5.339319e-07
5.367248e+00 3.503514e-02 3.444794e-05
5.367248e+00 5.263151e-02 -1.499332e-04
5.367248e+00 7.314235e-02 -9.547063e-05
5.367248e+00 1.025928e-01 -7.2789e-05
5.367248e+00 1.448116e-01 -7.113927e-05
5.367248e+00 2.023460e-01 -5.002297e-05
5.367248e+00 2.834245e-01 -6.883219e-05
5.367248e+00 3.967448e-01 -6.182112e-05
5.367248e+00 5.552783e-01 -6.21343e-05
5.367248e+00 7.774819e-01 -5.149475e-05
5.367248e+00 1.088445e+00 -5.017847e-05
5.367248e+00 1.523711e+00 -4.713006e-05
5.367248e+00 2.088426e+00 -4.923817e-05
5.367248e+00 2.685505e+00 -5.495026e-05
5.494593e+00 1.570796e-02 -2.162368e-04
5.494593e+00 2.346256e-02 -6.279256e-05
5.494593e+00 3.503514e-02 -1.665474e-04
5.494593e+00 5.263151e-02 -5.013440e-04
5.494593e+00 7.314235e-02 -9.645094e-04
5.494593e+00 1.025928e-01 -6.397096e-04
5.494593e+00 1.448116e-01 -5.907813e-04
5.494593e+00 2.023460e-01 -5.34235e-04
5.494593e+00 2.834245e-01 -4.686949e-04
5.494593e+00 3.967448e-01 -4.032946e-04
5.494593e+00 5.552783e-01 -4.024112e-04
5.494593e+00 7.774819e-01 -3.428182e-04
5.494593e+00 1.088445e+00 -3.30222e-04
5.494593e+00 1.523711e+00 -3.106931e-04
5.494593e+00 2.088426e+00 -3.372512e-04
5.494593e+00 2.685505e+00 -3.588337e-04
5.624485e+00 1.570796e-02 -5.927730e-04
5.624485e+00 2.346256e-02 -2.160688e-04
5.624485e+00 3.503514e-02 -7.271008e-04
5.624485e+00 5.263151e-02 -1.352462e-03
5.624485e+00 7.314235e-02 -2.202311e-03
5.624485e+00 1.025928e-01 -2.212655e-03
5.624485e+00 1.448116e-01 -2.221099e-03
5.624485e+00 2.023460e-01 -1.925082e-03
5.624485e+00 2.834245e-01 -1.926167e-03
5.624485e+00 3.967448e-01 -1.659520e-03
5.624485e+00 5.552783e-01 -1.577938e-03
5.624485e+00 7.774819e-01 -1.334143e-03
5.624485e+00 1.088445e+00 -1.232015e-03
5.624485e+00 1.523711e+00 -1.156769e-03
5.624485e+00 2.088426e+00 -1.244038e-03
5.624485e+00 2.685505e+00 -1.287495e-03
5.756975e+00 1.570796e-02 -8.931017e-04
5.756975e+00 2.346256e-02 -7.011370e-04
5.756975e+00 3.503514e-02 -1.304353e-03
5.756975e+00 5.263151e-02 -2.765693e-03
5.756975e+00 7.314235e-02 -4.330246e-03
5.756975e+00 1.025928e-01 -4.923051e-03
5.756975e+00 1.448116e-01 -5.148258e-03
5.756975e+00 2.023460e-01 -4.579721e-03
5.756975e+00 2.834245e-01 -4.711794e-03
5.756975e+00 3.967448e-01 -4.172512e-03
5.756975e+00 5.552783e-01 -3.766416e-03
5.756975e+00 7.774819e-01 -3.272717e-03
5.756975e+00 1.088445e+00 -2.892699e-03
5.756975e+00 1.523711e+00 -2.711789e-03
5.756975e+00 2.088426e+00 -2.866572e-03
5.756975e+00 2.685505e+00 -2.920336e-03
5.892114e+00 1.570796e-02 -1.062396e-03
5.892114e+00 2.346256e-02 -9.848407e-04
5.892114e+00 3.503514e-02 -1.803992e-03
5.892114e+00 5.263151e-02 -4.199933e-03
5.892114e+00 7.314235e-02 -6.799907e-03
5.892114e+00 1.025928e-01 -8.131003e-03
5.892114e+00 1.448116e-01 -8.603787e-03
5.892114e+00 2.023460e-01 -8.405496e-03
5.892114e+00 2.834245e-01 -8.602817e-03
5.892114e+00 3.967448e-01 -7.73816e-03
5.892114e+00 5.552783e-01 -6.897487e-03
5.892114e+00 7.774819e-01 -5.905702e-03
5.892114e+00 1.088445e+00 -5.221761e-03
5.892114e+00 1.523711e+00 -4.848239e-03
5.892114e+00 2.088426e+00 -5.056769e-03
5.892114e+00 2.685505e+00 -5.116046e-03
6.029956e+00 1.570796e-02 -1.063793e-03
6.029956e+00 2.346256e-02 -1.117055e-03
6.029956e+00 3.503514e-02 -2.128901e-03
6.029956e+00 5.263151e-02 -5.311944e-03
6.029956e+00 7.314235e-02 -9.005077e-03
6.029956e+00 1.025928e-01 -1.139620e-02
6.029956e+00 1.448116e-01 -1.270266e-02
6.029956e+00 2.023460e-01 -1.299137e-02
6.029956e+00 2.834245e-01 -1.312245e-02
6.029956e+00 3.967448e-01 -1.220573e-02
6.029956e+00 5.552783e-01 -1.076120e-02
6.029956e+00 7.774819e-01 -9.364358e-03
6.029956e+00 1.088445e+00 -8.164678e-03
6.029956e+00 1.523711e+00 -7.46668e-03
6.029956e+00 2.088426e+00 -7.745314e-03
6.029956e+00 2.685505e+00 -7.737632e-03
6.170555e+00 1.570796e-02 -1.038831e-03
6.170555e+00 2.346256e-02 -1.110613e-03
6.170555e+00 3.503514e-02 -2.171428e-03
6.170555e+00 5.263151e-02 -5.853227e-03
6.170555e+00 7.314235e-02 -1.054605e-02
6.170555e+00 1.025928e-01 -1.42454e-02
6.170555e+00 1.448116e-01 -1.627554e-02
6.170555e+00 2.023460e-01 -1.736666e-02
6.170555e+00 2.834245e-01 -1.775587e-02
6.170555e+00 3.967448e-01 -1.675395e-02
6.170555e+00 5.552783e-01 -1.487411e-02
6.170555e+00 7.774819e-01 -1.307929e-02
6.170555e+00 1.088445e+00 -1.122483e-02
6.170555e+00 1.523711e+00 -1.022607e-02
6.170555e+00 2.088426e+00 -1.050459e-02
6.170555e+00 2.685505e+00 -1.043833e-02
6.313967e+00 1.570796e-02 -1.007108e-03
6.313967e+00 2.346256e-02 -1.040242e-03
6.313967e+00 3.503514e-02 -2.192291e-03
6.313967e+00 5.263151e-02 -6.105551e-03
6.313967e+00 7.314235e-02 -1.129286e-02
6.313967e+00 1.025928e-01 -1.622037e-02
6.313967e+00 1.448116e-01 -1.921015e-02
6.313967e+00 2.023460e-01 -2.144503e-02
6.313967e+00 2.834245e-01 -2.207767e-02
6.313967e+00 3.967448e-01 -2.124393e-02
6.313967e+00 5.552783e-01 -1.900276e-02
6.313967e+00 7.774819e-01 -1.682260e-02
6.313967e+00 1.088445e+00 -1.445484e-02
6.313967e+00 1.523711e+00 -1.297262e-02
6.313967e+00 2.088426e+00 -1.325086e-02
6.313967e+00 2.685505e+00 -1.303216e-02
6.460246e+00 1.570796e-02 -9.454874e-04
6.460246e+00 2.346256e-02 -9.86848e-04
6.460246e+00 3.503514e-02 -2.158985e-03
6.460246e+00 5.263151e-02 -6.136653e-03
6.460246e+00 7.314235e-02 -1.149424e-02
6.460246e+00 1.025928e-01 -1.736764e-02
6.460246e+00 1.448116e-01 -2.126019e-02
6.460246e+00 2.023460e-01 -2.461359e-02
6.460246e+00 2.834245e-01 -2.600912e-02
6.460246e+00 3.967448e-01 -2.529985e-02
6.460246e+00 5.552783e-01 -2.302960e-02
6.460246e+00 7.774819e-01 -2.046504e-02
6.460246e+00 1.088445e+00 -1.753528e-02
6.460246e+00 1.523711e+00 -1.564856e-02
6.460246e+00 2.088426e+00 -1.582466e-02
6.460246e+00 2.685505e+00 -1.549789e-02
6.609451e+00 1.570796e-02 -8.823179e-04
6.609451e+00 2.346256e-02 -9.059997e-04
6.609451e+00 3.503514e-02 -2.082618e-03
6.609451e+00 5.263151e-02 -5.935350e-03
6.609451e+00 7.314235e-02 -1.127082e-02
6.609451e+00 1.025928e-01 -1.786269e-02
6.609451e+00 1.448116e-01 -2.236339e-02
6.609451e+00 2.023460e-01 -2.690862e-02
6.609451e+00 2.834245e-01 -2.927135e-02
6.609451e+00 3.967448e-01 -2.889579e-02
6.609451e+00 5.552783e-01 -2.669129e-02
6.609451e+00 7.774819e-01 -2.381325e-02
6.609451e+00 1.088445e+00 -2.045395e-02
6.609451e+00 1.523711e+00 -1.820761e-02
6.609451e+00 2.088426e+00 -1.829093e-02
6.609451e+00 2.685505e+00 -1.779239e-02
6.76164e+00 1.570796e-02 -8.207912e-04
6.76164e+00 2.346256e-02 -8.253622e-04
6.76164e+00 3.503514e-02 -2.003018e-03
6.76164e+00 5.263151e-02 -5.716124e-03
6.76164e+00 7.314235e-02 -1.086901e-02
6.76164e+00 1.025928e-01 -1.778394e-02
6.76164e+00 1.448116e-01 -2.290365e-02
6.76164e+00 2.023460e-01 -2.835066e-02
6.76164e+00 2.834245e-01 -3.169531e-02
6.76164e+00 3.967448e-01 -3.199323e-02
6.76164e+00 5.552783e-01 -2.984579e-02
6.76164e+00 7.774819e-01 -2.689412e-02
6.76164e+00 1.088445e+00 -2.317995e-02
6.76164e+00 1.523711e+00 -2.056394e-02
6.76164e+00 2.088426e+00 -2.052033e-02
6.76164e+00 2.685505e+00 -1.975351e-02
6.916873e+00 1.570796e-02 -7.755040e-04
6.916873e+00 2.346256e-02 -7.618540e-04
6.916873e+00 3.503514e-02 -1.898737e-03
6.916873e+00 5.263151e-02 -5.503089e-03
6.916873e+00 7.314235e-02 -1.039573e-02
6.916873e+00 1.025928e-01 -1.73385e-02
6.916873e+00 1.448116e-01 -2.284921e-02
6.916873e+00 2.023460e-01 -2.905231e-02
6.916873e+00 2.834245e-01 -3.341633e-02
6.916873e+00 3.967448e-01 -3.451931e-02
6.916873e+00 5.552783e-01 -3.263737e-02
6.916873e+00 7.774819e-01 -2.965355e-02
6.916873e+00 1.088445e+00 -2.563357e-02
6.916873e+00 1.523711e+00 -2.274827e-02
6.916873e+00 2.088426e+00 -2.251069e-02
6.916873e+00 2.685505e+00 -2.147129e-02
7.075210e+00 1.570796e-02 -7.407103e-04
7.075210e+00 2.346256e-02 -7.093071e-04
7.075210e+00 3.503514e-02 -1.775728e-03
7.075210e+00 5.263151e-02 -5.250601e-03
7.075210e+00 7.314235e-02 -9.830028e-03
7.075210e+00 1.025928e-01 -1.661801e-02
7.075210e+00 1.448116e-01 -2.241668e-02
7.075210e+00 2.023460e-01 -2.925294e-02
7.075210e+00 2.834245e-01 -3.453444e-02
7.075210e+00 3.967448e-01 -3.646157e-02
7.075210e+00 5.552783e-01 -3.503102e-02
7.075210e+00 7.774819e-01 -3.211241e-02
7.075210e+00 1.088445e+00 -2.786079e-02
7.075210e+00 1.523711e+00 -2.476825e-02
7.075210e+00 2.088426e+00 -2.429211e-02
7.075210e+00 2.685505e+00 -2.289027e-02
7.236714e+00 1.570796e-02 -6.96961e-04
7.236714e+00 2.346256e-02 -6.628551e-04
7.236714e+00 3.503514e-02 -1.646358e-03
7.236714e+00 5.263151e-02 -4.933281e-03
7.236714e+00 7.314235e-02 -9.165918e-03
7.236714e+00 1.025928e-01 -1.577386e-02
7.236714e+00 1.448116e-01 -2.169549e-02
7.236714e+00 2.023460e-01 -2.899954e-02
7.236714e+00 2.834245e-01 -3.504508e-02
7.236714e+00 3.967448e-01 -3.785056e-02
7.236714e+00 5.552783e-01 -3.695355e-02
7.236714e+00 7.774819e-01 -3.420369e-02
7.236714e+00 1.088445e+00 -2.992544e-02
7.236714e+00 1.523711e+00 -2.657423e-02
7.236714e+00 2.088426e+00 -2.595414e-02
7.236714e+00 2.685505e+00 -2.426984e-02
7.401449e+00 1.570796e-02 -6.519866e-04
7.401449e+00 2.346256e-02 -6.223125e-04
7.401449e+00 3.503514e-02 -1.519991e-03
7.401449e+00 5.263151e-02 -4.590640e-03
7.401449e+00 7.314235e-02 -8.508025e-03
7.401449e+00 1.025928e-01 -1.486424e-02
7.401449e+00 1.448116e-01 -2.076133e-02
7.401449e+00 2.023460e-01 -2.837389e-02
7.401449e+00 2.834245e-01 -3.500963e-02
7.401449e+00 3.967448e-01 -3.867786e-02
7.401449e+00 5.552783e-01 -3.841921e-02
7.401449e+00 7.774819e-01 -3.592717e-02
7.401449e+00 1.088445e+00 -3.164385e-02
7.401449e+00 1.523711e+00 -2.817515e-02
7.401449e+00 2.088426e+00 -2.743386e-02
7.401449e+00 2.685505e+00 -2.535738e-02
7.569477e+00 1.570796e-02 -6.076978e-04
7.569477e+00 2.346256e-02 -5.835129e-04
7.569477e+00 3.503514e-02 -1.407268e-03
7.569477e+00 5.263151e-02 -4.258847e-03
7.569477e+00 7.314235e-02 -7.887890e-03
7.569477e+00 1.025928e-01 -1.393008e-02
7.569477e+00 1.448116e-01 -1.96735e-02
7.569477e+00 2.023460e-01 -2.74326e-02
7.569477e+00 2.834245e-01 -3.454982e-02
7.569477e+00 3.967448e-01 -3.897808e-02
7.569477e+00 5.552783e-01 -3.943025e-02
7.569477e+00 7.774819e-01 -3.734153e-02
7.569477e+00 1.088445e+00 -3.307496e-02
7.569477e+00 1.523711e+00 -2.955429e-02
7.569477e+00 2.088426e+00 -2.871535e-02
7.569477e+00 2.685505e+00 -2.634216e-02
7.740867e+00 1.570796e-02 -5.667030e-04
7.740867e+00 2.346256e-02 -5.404486e-04
7.740867e+00 3.503514e-02 -1.306848e-03
7.740867e+00 5.263151e-02 -3.948270e-03
7.740867e+00 7.314235e-02 -7.315438e-03
7.740867e+00 1.025928e-01 -1.299316e-02
7.740867e+00 1.448116e-01 -1.850418e-02
7.740867e+00 2.023460e-01 -2.626158e-02
7.740867e+00 2.834245e-01 -3.373313e-02
7.740867e+00 3.967448e-01 -3.881375e-02
7.740867e+00 5.552783e-01 -3.997863e-02
7.740867e+00 7.774819e-01 -3.831299e-02
7.740867e+00 1.088445e+00 -3.423123e-02
7.740867e+00 1.523711e+00 -3.074022e-02
7.740867e+00 2.088426e+00 -2.981734e-02
7.740867e+00 2.685505e+00 -2.712465e-02
7.915684e+00 1.570796e-02 -5.291138e-04
7.915684e+00 2.346256e-02 -4.985703e-04
7.915684e+00 3.503514e-02 -1.206405e-03
7.915684e+00 5.263151e-02 -3.658755e-03
7.915684e+00 7.314235e-02 -6.797567e-03
7.915684e+00 1.025928e-01 -1.206301e-02
7.915684e+00 1.448116e-01 -1.732651e-02
7.915684e+00 2.023460e-01 -2.498108e-02
7.915684e+00 2.834245e-01 -3.262654e-02
7.915684e+00 3.967448e-01 -3.830809e-02
7.915684e+00 5.552783e-01 -4.008895e-02
7.915684e+00 7.774819e-01 -3.892539e-02
7.915684e+00 1.088445e+00 -3.511213e-02
7.915684e+00 1.523711e+00 -3.171789e-02
7.915684e+00 2.088426e+00 -3.071109e-02
7.915684e+00 2.685505e+00 -2.772485e-02
8.093998e+00 1.570796e-02 -4.917204e-04
8.093998e+00 2.346256e-02 -4.571680e-04
8.093998e+00 3.503514e-02 -1.112034e-03
8.093998e+00 5.263151e-02 -3.374182e-03
8.093998e+00 7.314235e-02 -6.313655e-03
8.093998e+00 1.025928e-01 -1.118419e-02
8.093998e+00 1.448116e-01 -1.617499e-02
8.093998e+00 2.023460e-01 -2.362323e-02
8.093998e+00 2.834245e-01 -3.132539e-02
8.093998e+00 3.967448e-01 -3.747558e-02
8.093998e+00 5.552783e-01 -3.983893e-02
8.093998e+00 7.774819e-01 -3.917869e-02
8.093998e+00 1.088445e+00 -3.571211e-02
8.093998e+00 1.523711e+00 -3.245867e-02
8.093998e+00 2.088426e+00 -3.145998e-02
8.093998e+00 2.685505e+00 -2.822700e-02
8.275878e+00 1.570796e-02 -4.573848e-04
8.275878e+00 2.346256e-02 -4.218133e-04
8.275878e+00 3.503514e-02 -1.024842e-03
8.275878e+00 5.263151e-02 -3.110565e-03
8.275878e+00 7.314235e-02 -5.869287e-03
8.275878e+00 1.025928e-01 -1.035105e-02
8.275878e+00 1.448116e-01 -1.503109e-02
8.275878e+00 2.023460e-01 -2.220993e-02
8.275878e+00 2.834245e-01 -2.988069e-02
8.275878e+00 3.967448e-01 -3.636972e-02
8.275878e+00 5.552783e-01 -3.926769e-02
8.275878e+00 7.774819e-01 -3.912467e-02
8.275878e+00 1.088445e+00 -3.607876e-02
8.275878e+00 1.523711e+00 -3.304456e-02
8.275878e+00 2.088426e+00 -3.204854e-02
8.275878e+00 2.685505e+00 -2.855615e-02
8.461396e+00 1.570796e-02 -4.24558e-04
8.461396e+00 2.346256e-02 -3.877479e-04
8.461396e+00 3.503514e-02 -9.460675e-04
8.461396e+00 5.263151e-02 -2.871339e-03
8.461396e+00 7.314235e-02 -5.449575e-03
8.461396e+00 1.025928e-01 -9.593228e-03
8.461396e+00 1.448116e-01 -1.395332e-02
8.461396e+00 2.023460e-01 -2.080630e-02
8.461396e+00 2.834245e-01 -2.832207e-02
8.461396e+00 3.967448e-01 -3.503371e-02
8.461396e+00 5.552783e-01 -3.839156e-02
8.461396e+00 7.774819e-01 -3.877636e-02
8.461396e+00 1.088445e+00 -3.619494e-02
8.461396e+00 1.523711e+00 -3.346734e-02
8.461396e+00 2.088426e+00 -3.248072e-02
8.461396e+00 2.685505e+00 -2.877314e-02
8.650623e+00 1.570796e-02 -3.943425e-04
8.650623e+00 2.346256e-02 -3.564406e-04
8.650623e+00 3.503514e-02 -8.744947e-04
8.650623e+00 5.263151e-02 -2.648451e-03
8.650623e+00 7.314235e-02 -5.056089e-03
8.650623e+00 1.025928e-01 -8.885536e-03
8.650623e+00 1.448116e-01 -1.294297e-02
8.650623e+00 2.023460e-01 -1.942315e-02
8.650623e+00 2.834245e-01 -2.671179e-02
8.650623e+00 3.967448e-01 -3.353571e-02
8.650623e+00 5.552783e-01 -3.729655e-02
8.650623e+00 7.774819e-01 -3.818331e-02
8.650623e+00 1.088445e+00 -3.608401e-02
8.650623e+00 1.523711e+00 -3.366666e-02
8.650623e+00 2.088426e+00 -3.281206e-02
8.650623e+00 2.685505e+00 -2.889915e-02
8.843636e+00 1.570796e-02 -3.636751e-04
8.843636e+00 2.346256e-02 -3.28394e-04
8.843636e+00 3.503514e-02 -8.062884e-04
8.843636e+00 5.263151e-02 -2.442603e-03
8.843636e+00 7.314235e-02 -4.677773e-03
8.843636e+00 1.025928e-01 -8.228814e-03
8.843636e+00 1.448116e-01 -1.199906e-02
8.843636e+00 2.023460e-01 -1.808245e-02
8.843636e+00 2.834245e-01 -2.508079e-02
8.843636e+00 3.967448e-01 -3.191584e-02
8.843636e+00 5.552783e-01 -3.599131e-02
8.843636e+00 7.774819e-01 -3.733640e-02
8.843636e+00 1.088445e+00 -3.574472e-02
8.843636e+00 1.523711e+00 -3.369560e-02
8.843636e+00 2.088426e+00 -3.296755e-02
8.843636e+00 2.685505e+00 -2.881441e-02
9.040509e+00 1.570796e-02 -3.359872e-04
9.040509e+00 2.346256e-02 -3.027378e-04
9.040509e+00 3.503514e-02 -7.431717e-04
9.040509e+00 5.263151e-02 -2.253832e-03
9.040509e+00 7.314235e-02 -4.317919e-03
9.040509e+00 1.025928e-01 -7.613702e-03
9.040509e+00 1.448116e-01 -1.111623e-02
9.040509e+00 2.023460e-01 -1.680288e-02
9.040509e+00 2.834245e-01 -2.348268e-02
9.040509e+00 3.967448e-01 -3.022915e-02
9.040509e+00 5.552783e-01 -3.454638e-02
9.040509e+00 7.774819e-01 -3.630767e-02
9.040509e+00 1.088445e+00 -3.523485e-02
9.040509e+00 1.523711e+00 -3.357853e-02
9.040509e+00 2.088426e+00 -3.297090e-02
9.040509e+00 2.685505e+00 -2.870796e-02
9.241319e+00 1.570796e-02 -3.098102e-04
9.241319e+00 2.346256e-02 -2.806576e-04
9.241319e+00 3.503514e-02 -6.842798e-04
9.241319e+00 5.263151e-02 -2.076353e-03
9.241319e+00 7.314235e-02 -3.986456e-03
9.241319e+00 1.025928e-01 -7.043945e-03
9.241319e+00 1.448116e-01 -1.029136e-02
9.241319e+00 2.023460e-01 -1.559238e-02
9.241319e+00 2.834245e-01 -2.192205e-02
9.241319e+00 3.967448e-01 -2.848379e-02
9.241319e+00 5.552783e-01 -3.297961e-02
9.241319e+00 7.774819e-01 -3.508879e-02
9.241319e+00 1.088445e+00 -3.453243e-02
9.241319e+00 1.523711e+00 -3.332535e-02
9.241319e+00 2.088426e+00 -3.289234e-02
9.241319e+00 2.685505e+00 -2.856496e-02
9.446145e+00 1.570796e-02 -2.867579e-04
9.446145e+00 2.346256e-02 -2.602745e-04
9.446145e+00 3.503514e-02 -6.302379e-04
9.446145e+00 5.263151e-02 -1.914852e-03
9.446145e+00 7.314235e-02 -3.675528e-03
9.446145e+00 1.025928e-01 -6.511768e-03
9.446145e+00 1.448116e-01 -9.525906e-03
9.446145e+00 2.023460e-01 -1.446423e-02
9.446145e+00 2.834245e-01 -2.043361e-02
9.446145e+00 3.967448e-01 -2.674602e-02
9.446145e+00 5.552783e-01 -3.133866e-02
9.446145e+00 7.774819e-01 -3.374917e-02
9.446145e+00 1.088445e+00 -3.366878e-02
9.446145e+00 1.523711e+00 -3.293888e-02
9.446145e+00 2.088426e+00 -3.264017e-02
9.446145e+00 2.685505e+00 -2.821079e-02
9.655068e+00 1.570796e-02 -2.653361e-04
9.655068e+00 2.346256e-02 -2.410207e-04
9.655068e+00 3.503514e-02 -5.807316e-04
9.655068e+00 5.263151e-02 -1.766979e-03
9.655068e+00 7.314235e-02 -3.397205e-03
9.655068e+00 1.025928e-01 -6.016875e-03
9.655068e+00 1.448116e-01 -8.805702e-03
9.655068e+00 2.023460e-01 -1.339634e-02
9.655068e+00 2.834245e-01 -1.89941e-02
9.655068e+00 3.967448e-01 -2.501994e-02
9.655068e+00 5.552783e-01 -2.966685e-02
9.655068e+00 7.774819e-01 -3.231608e-02
9.655068e+00 1.088445e+00 -3.270035e-02
9.655068e+00 1.523711e+00 -3.239847e-02
9.655068e+00 2.088426e+00 -3.22599e-02
9.655068e+00 2.685505e+00 -2.77888e-02
9.86817e+00 1.570796e-02 -2.446428e-04
9.86817e+00 2.346256e-02 -2.203418e-04
9.86817e+00 3.503514e-02 -5.342844e-04
9.86817e+00 5.263151e-02 -1.628897e-03
9.86817e+00 7.314235e-02 -3.129100e-03
9.86817e+00 1.025928e-01 -5.547197e-03
9.86817e+00 1.448116e-01 -8.130391e-03
9.86817e+00 2.023460e-01 -1.237301e-02
9.86817e+00 2.834245e-01 -1.758545e-02
9.86817e+00 3.967448e-01 -2.333629e-02
9.86817e+00 5.552783e-01 -2.792521e-02
9.86817e+00 7.774819e-01 -3.081476e-02
9.86817e+00 1.088445e+00 -3.161541e-02
9.86817e+00 1.523711e+00 -3.171256e-02
9.86817e+00 2.088426e+00 -3.179209e-02
9.86817e+00 2.685505e+00 -2.727938e-02
1.008553e+01 1.570796e-02 -2.249549e-04
1.008553e+01 2.346256e-02 -2.028243e-04
1.008553e+01 3.503514e-02 -4.914883e-04
1.008553e+01 5.263151e-02 -1.499226e-03
1.008553e+01 7.314235e-02 -2.882420e-03
1.008553e+01 1.025928e-01 -5.109002e-03
1.008553e+01 1.448116e-01 -7.489143e-03
1.008553e+01 2.023460e-01 -1.142398e-02
1.008553e+01 2.834245e-01 -1.625955e-02
1.008553e+01 3.967448e-01 -2.169047e-02
1.008553e+01 5.552783e-01 -2.621016e-02
1.008553e+01 7.774819e-01 -2.927515e-02
1.008553e+01 1.088445e+00 -3.041044e-02
1.008553e+01 1.523711e+00 -3.093672e-02
1.008553e+01 2.088426e+00 -3.120668e-02
1.008553e+01 2.685505e+00 -2.666303e-02
1.030724e+01 1.570796e-02 -2.068567e-04
1.030724e+01 2.346256e-02 -1.877698e-04
1.030724e+01 3.503514e-02 -4.517560e-04
1.030724e+01 5.263151e-02 -1.378053e-03
1.030724e+01 7.314235e-02 -2.651233e-03
1.030724e+01 1.025928e-01 -4.704004e-03
1.030724e+01 1.448116e-01 -6.8921e-03
1.030724e+01 2.023460e-01 -1.051941e-02
1.030724e+01 2.834245e-01 -1.500171e-02
1.030724e+01 3.967448e-01 -2.010478e-02
1.030724e+01 5.552783e-01 -2.451955e-02
1.030724e+01 7.774819e-01 -2.770674e-02
1.030724e+01 1.088445e+00 -2.915165e-02
1.030724e+01 1.523711e+00 -3.007218e-02
1.030724e+01 2.088426e+00 -3.050576e-02
1.030724e+01 2.685505e+00 -2.601149e-02
1.053339e+01 1.570796e-02 -1.898792e-04
1.053339e+01 2.346256e-02 -1.73237e-04
1.053339e+01 3.503514e-02 -4.143309e-04
1.053339e+01 5.263151e-02 -1.264206e-03
1.053339e+01 7.314235e-02 -2.432563e-03
1.053339e+01 1.025928e-01 -4.322554e-03
1.053339e+01 1.448116e-01 -6.334171e-03
1.053339e+01 2.023460e-01 -9.673279e-03
1.053339e+01 2.834245e-01 -1.380913e-02
1.053339e+01 3.967448e-01 -1.858962e-02
1.053339e+01 5.552783e-01 -2.284487e-02
1.053339e+01 7.774819e-01 -2.610369e-02
1.053339e+01 1.088445e+00 -2.783055e-02
1.053339e+01 1.523711e+00 -2.91016e-02
1.053339e+01 2.088426e+00 -2.973381e-02
1.053339e+01 2.685505e+00 -2.529156e-02
1.076406e+01 1.570796e-02 -1.741090e-04
1.076406e+01 2.346256e-02 -1.598269e-04
1.076406e+01 3.503514e-02 -3.799959e-04
1.076406e+01 5.263151e-02 -1.157966e-03
1.076406e+01 7.314235e-02 -2.229737e-03
1.076406e+01 1.025928e-01 -3.966955e-03
1.076406e+01 1.448116e-01 -5.817786e-03
1.076406e+01 2.023460e-01 -8.888974e-03
1.076406e+01 2.834245e-01 -1.269534e-02
1.076406e+01 3.967448e-01 -1.714442e-02
1.076406e+01 5.552783e-01 -2.120819e-02
1.076406e+01 7.774819e-01 -2.450707e-02
1.076406e+01 1.088445e+00 -2.648268e-02
1.076406e+01 1.523711e+00 -2.807639e-02
1.076406e+01 2.088426e+00 -2.884447e-02
1.076406e+01 2.685505e+00 -2.456526e-02
1.099934e+01 1.570796e-02 -1.595494e-04
1.099934e+01 2.346256e-02 -1.470562e-04
1.099934e+01 3.503514e-02 -3.476786e-04
1.099934e+01 5.263151e-02 -1.060658e-03
1.099934e+01 7.314235e-02 -2.040154e-03
1.099934e+01 1.025928e-01 -3.635936e-03
1.099934e+01 1.448116e-01 -5.331364e-03
1.099934e+01 2.023460e-01 -8.150357e-03
1.099934e+01 2.834245e-01 -1.164898e-02
1.099934e+01 3.967448e-01 -1.577854e-02
1.099934e+01 5.552783e-01 -1.963229e-02
1.099934e+01 7.774819e-01 -2.293493e-02
1.099934e+01 1.088445e+00 -2.510497e-02
1.099934e+01 1.523711e+00 -2.697249e-02
1.099934e+01 2.088426e+00 -2.788435e-02
1.099934e+01 2.685505e+00 -2.373336e-02
1.123932e+01 1.570796e-02 -1.455105e-04
1.123932e+01 2.346256e-02 -1.347645e-04
1.123932e+01 3.503514e-02 -3.171090e-04
1.123932e+01 5.263151e-02 -9.700480e-04
1.123932e+01 7.314235e-02 -1.865577e-03
1.123932e+01 1.025928e-01 -3.32657e-03
1.123932e+01 1.448116e-01 -4.87726e-03
1.123932e+01 2.023460e-01 -7.456491e-03
1.123932e+01 2.834245e-01 -1.066493e-02
1.123932e+01 3.967448e-01 -1.448594e-02
1.123932e+01 5.552783e-01 -1.810794e-02
1.123932e+01 7.774819e-01 -2.136297e-02
1.123932e+01 1.088445e+00 -2.370473e-02
1.123932e+01 1.523711e+00 -2.580354e-02
1.123932e+01 2.088426e+00 -2.683083e-02
1.123932e+01 2.685505e+00 -2.285932e-02
1.148411e+01 1.570796e-02 -1.329819e-04
1.148411e+01 2.346256e-02 -1.240385e-04
1.148411e+01 3.503514e-02 -2.889613e-04
1.148411e+01 5.263151e-02 -8.842207e-04
1.148411e+01 7.314235e-02 -1.706183e-03
1.148411e+01 1.025928e-01 -3.037246e-03
1.148411e+01 1.448116e-01 -4.454758e-03
1.148411e+01 2.023460e-01 -6.815855e-03
1.148411e+01 2.834245e-01 -9.751747e-03
1.148411e+01 3.967448e-01 -1.327439e-02
1.148411e+01 5.552783e-01 -1.666354e-02
1.148411e+01 7.774819e-01 -1.986189e-02
1.148411e+01 1.088445e+00 -2.231275e-02
1.148411e+01 1.523711e+00 -2.458009e-02
1.148411e+01 2.088426e+00 -2.575115e-02
1.148411e+01 2.685505e+00 -2.195290e-02
1.173379e+01 1.570796e-02 -1.206825e-04
1.173379e+01 2.346256e-02 -1.134422e-04
1.173379e+01 3.503514e-02 -2.623620e-04
1.173379e+01 5.263151e-02 -8.061054e-04
1.173379e+01 7.314235e-02 -1.55343e-03
1.173379e+01 1.025928e-01 -2.770883e-03
1.173379e+01 1.448116e-01 -4.064699e-03
1.173379e+01 2.023460e-01 -6.220144e-03
1.173379e+01 2.834245e-01 -8.896772e-03
1.173379e+01 3.967448e-01 -1.212525e-02
1.173379e+01 5.552783e-01 -1.529545e-02
1.173379e+01 7.774819e-01 -1.839529e-02
1.173379e+01 1.088445e+00 -2.092318e-02
1.173379e+01 1.523711e+00 -2.333644e-02
1.173379e+01 2.088426e+00 -2.458561e-02
1.173379e+01 2.685505e+00 -2.099534e-02
1.198847e+01 1.570796e-02 -1.097955e-04
1.198847e+01 2.346256e-02 -1.034331e-04
1.198847e+01 3.503514e-02 -2.378307e-04
1.198847e+01 5.263151e-02 -7.320323e-04
1.198847e+01 7.314235e-02 -1.413383e-03
1.198847e+01 1.025928e-01 -2.522532e-03
1.198847e+01 1.448116e-01 -3.698869e-03
1.198847e+01 2.023460e-01 -5.661459e-03
1.198847e+01 2.834245e-01 -8.097473e-03
1.198847e+01 3.967448e-01 -1.105908e-02
1.198847e+01 5.552783e-01 -1.399312e-02
1.198847e+01 7.774819e-01 -1.697877e-02
1.198847e+01 1.088445e+00 -1.955578e-02
1.198847e+01 1.523711e+00 -2.204929e-02
1.198847e+01 2.088426e+00 -2.337677e-02
1.198847e+01 2.685505e+00 -2.000875e-02
1.224824e+01 1.570796e-02 -9.913325e-05
1.224824e+01 2.346256e-02 -9.414747e-05
1.224824e+01 3.503514e-02 -2.149449e-04
1.224824e+01 5.263151e-02 -6.627591e-04
1.224824e+01 7.314235e-02 -1.280148e-03
1.224824e+01 1.025928e-01 -2.2899e-03
1.224824e+01 1.448116e-01 -3.359457e-03
1.224824e+01 2.023460e-01 -5.136646e-03
1.224824e+01 2.834245e-01 -7.352336e-03
1.224824e+01 3.967448e-01 -1.005078e-02
1.224824e+01 5.552783e-01 -1.276876e-02
1.224824e+01 7.774819e-01 -1.560427e-02
1.224824e+01 1.088445e+00 -1.818744e-02
1.224824e+01 1.523711e+00 -2.073668e-02
1.224824e+01 2.088426e+00 -2.212771e-02
1.224824e+01 2.685505e+00 -1.898104e-02
1.251320e+01 1.570796e-02 -8.957648e-05
1.251320e+01 2.346256e-02 -8.590567e-05
1.251320e+01 3.503514e-02 -1.941116e-04
1.251320e+01 5.263151e-02 -5.992796e-04
1.251320e+01 7.314235e-02 -1.158098e-03
1.251320e+01 1.025928e-01 -2.073903e-03
1.251320e+01 1.448116e-01 -3.039745e-03
1.251320e+01 2.023460e-01 -4.652469e-03
1.251320e+01 2.834245e-01 -6.656056e-03
1.251320e+01 3.967448e-01 -9.107199e-03
1.251320e+01 5.552783e-01 -1.162024e-02
1.251320e+01 7.774819e-01 -1.430994e-02
1.251320e+01 1.088445e+00 -1.685902e-02
1.251320e+01 1.523711e+00 -1.942566e-02
1.251320e+01 2.088426e+00 -2.086294e-02
1.251320e+01 2.685505e+00 -1.796709e-02
1.278347e+01 1.570796e-02 -8.067414e-05
1.278347e+01 2.346256e-02 -7.788774e-05
1.278347e+01 3.503514e-02 -1.754564e-04
1.278347e+01 5.263151e-02 -5.404615e-04
1.278347e+01 7.314235e-02 -1.045822e-03
1.278347e+01 1.025928e-01 -1.869841e-03
1.278347e+01 1.448116e-01 -2.747438e-03
1.278347e+01 2.023460e-01 -4.201897e-03
1.278347e+01 2.834245e-01 -6.010882e-03
1.278347e+01 3.967448e-01 -8.235385e-03
1.278347e+01 5.552783e-01 -1.05455e-02
1.278347e+01 7.774819e-01 -1.308291e-02
1.278347e+01 1.088445e+00 -1.558651e-02
1.278347e+01 1.523711e+00 -1.811900e-02
1.278347e+01 2.088426e+00 -1.961577e-02
1.278347e+01 2.685505e+00 -1.697391e-02
1.305914e+01 1.570796e-02 -7.229179e-05
1.305914e+01 2.346256e-02 -7.079921e-05
1.305914e+01 3.503514e-02 -1.576935e-04
1.305914e+01 5.263151e-02 -4.859021e-04
1.305914e+01 7.314235e-02 -9.410016e-04
1.305914e+01 1.025928e-01 -1.682598e-03
1.305914e+01 1.448116e-01 -2.473642e-03
1.305914e+01 2.023460e-01 -3.784462e-03
1.305914e+01 2.834245e-01 -5.411912e-03
1.305914e+01 3.967448e-01 -7.427077e-03
1.305914e+01 5.552783e-01 -9.541672e-03
1.305914e+01 7.774819e-01 -1.191963e-02
1.305914e+01 1.088445e+00 -1.435288e-02
1.305914e+01 1.523711e+00 -1.682527e-02
1.305914e+01 2.088426e+00 -1.833549e-02
1.305914e+01 2.685505e+00 -1.595519e-02
1.334032e+01 1.570796e-02 -6.474229e-05
1.334032e+01 2.346256e-02 -6.393317e-05
1.334032e+01 3.503514e-02 -1.412292e-04
1.334032e+01 5.263151e-02 -4.357905e-04
1.334032e+01 7.314235e-02 -8.440263e-04
1.334032e+01 1.025928e-01 -1.509733e-03
1.334032e+01 1.448116e-01 -2.221303e-03
1.334032e+01 2.023460e-01 -3.398904e-03
1.334032e+01 2.834245e-01 -4.859067e-03
1.334032e+01 3.967448e-01 -6.682195e-03
1.334032e+01 5.552783e-01 -8.604321e-03
1.334032e+01 7.774819e-01 -1.082276e-02
1.334032e+01 1.088445e+00 -1.316815e-02
1.334032e+01 1.523711e+00 -1.557195e-02
1.334032e+01 2.088426e+00 -1.708107e-02
1.334032e+01 2.685505e+00 -1.499917e-02
1.362713e+01 1.570796e-02 -5.792406e-05
1.362713e+01 2.346256e-02 -5.755856e-05
1.362713e+01 3.503514e-02 -1.259537e-04
1.362713e+01 5.263151e-02 -3.901186e-04
1.362713e+01 7.314235e-02 -7.560629e-04
1.362713e+01 1.025928e-01 -1.352818e-03
1.362713e+01 1.448116e-01 -1.992709e-03
1.362713e+01 2.023460e-01 -3.04614e-03
1.362713e+01 2.834245e-01 -4.355208e-03
1.362713e+01 3.967448e-01 -5.9936e-03
1.362713e+01 5.552783e-01 -7.744662e-03
1.362713e+01 7.774819e-01 -9.809758e-03
1.362713e+01 1.088445e+00 -1.205468e-02
1.362713e+01 1.523711e+00 -1.435861e-02
1.362713e+01 2.088426e+00 -1.586506e-02
1.362713e+01 2.685505e+00 -1.402437e-02
1.391967e+01 1.570796e-02 -5.182674e-05
1.391967e+01 2.346256e-02 -5.138148e-05
1.391967e+01 3.503514e-02 -1.122805e-04
1.391967e+01 5.263151e-02 -3.476369e-04
1.391967e+01 7.314235e-02 -6.747539e-04
1.391967e+01 1.025928e-01 -1.208336e-03
1.391967e+01 1.448116e-01 -1.778838e-03
1.391967e+01 2.023460e-01 -2.718429e-03
1.391967e+01 2.834245e-01 -3.891524e-03
1.391967e+01 3.967448e-01 -5.359068e-03
1.391967e+01 5.552783e-01 -6.950118e-03
1.391967e+01 7.774819e-01 -8.865598e-03
1.391967e+01 1.088445e+00 -1.098313e-02
1.391967e+01 1.523711e+00 -1.317992e-02
1.391967e+01 2.088426e+00 -1.465588e-02
1.391967e+01 2.685505e+00 -1.305235e-02
1.421806e+01 1.570796e-02 -4.615013e-05
1.421806e+01 2.346256e-02 -4.560917e-05
1.421806e+01 3.503514e-02 -9.966659e-05
1.421806e+01 5.263151e-02 -3.093052e-04
1.421806e+01 7.314235e-02 -5.999052e-04
1.421806e+01 1.025928e-01 -1.075128e-03
1.421806e+01 1.448116e-01 -1.583017e-03
1.421806e+01 2.023460e-01 -2.417237e-03
1.421806e+01 2.834245e-01 -3.467065e-03
1.421806e+01 3.967448e-01 -4.777639e-03
1.421806e+01 5.552783e-01 -6.214092e-03
1.421806e+01 7.774819e-01 -7.988889e-03
1.421806e+01 1.088445e+00 -9.968938e-03
1.421806e+01 1.523711e+00 -1.204485e-02
1.421806e+01 2.088426e+00 -1.346695e-02
1.421806e+01 2.685505e+00 -1.210421e-02
1.452242e+01 1.570796e-02 -4.091928e-05
1.452242e+01 2.346256e-02 -4.036679e-05
1.452242e+01 3.503514e-02 -8.769854e-05
1.452242e+01 5.263151e-02 -2.743398e-04
1.452242e+01 7.314235e-02 -5.325357e-04
1.452242e+01 1.025928e-01 -9.527962e-04
1.452242e+01 1.448116e-01 -1.403607e-03
1.452242e+01 2.023460e-01 -2.144100e-03
1.452242e+01 2.834245e-01 -3.071839e-03
1.452242e+01 3.967448e-01 -4.241575e-03
1.452242e+01 5.552783e-01 -5.543761e-03
1.452242e+01 7.774819e-01 -7.169995e-03
1.452242e+01 1.088445e+00 -9.014506e-03
1.452242e+01 1.523711e+00 -1.095175e-02
1.452242e+01 2.088426e+00 -1.232316e-02
1.452242e+01 2.685505e+00 -1.115952e-02
1.483287e+01 1.570796e-02 -3.608843e-05
1.483287e+01 2.346256e-02 -3.5691e-05
1.483287e+01 3.503514e-02 -7.678828e-05
1.483287e+01 5.263151e-02 -2.424421e-04
1.483287e+01 7.314235e-02 -4.705035e-04
1.483287e+01 1.025928e-01 -8.409009e-04
1.483287e+01 1.448116e-01 -1.239e-03
1.483287e+01 2.023460e-01 -1.893324e-03
1.483287e+01 2.834245e-01 -2.714675e-03
1.483287e+01 3.967448e-01 -3.752144e-03
1.483287e+01 5.552783e-01 -4.929969e-03
1.483287e+01 7.774819e-01 -6.412305e-03
1.483287e+01 1.088445e+00 -8.119611e-03
1.483287e+01 1.523711e+00 -9.916045e-03
1.483287e+01 2.088426e+00 -1.123779e-02
1.483287e+01 2.685505e+00 -1.026332e-02
1.514953e+01 1.570796e-02 -3.175931e-05
1.514953e+01 2.346256e-02 -3.158921e-05
1.514953e+01 3.503514e-02 -6.688999e-05
1.514953e+01 5.263151e-02 -2.134285e-04
1.514953e+01 7.314235e-02 -4.147501e-04
1.514953e+01 1.025928e-01 -7.391819e-04
1.514953e+01 1.448116e-01 -1.090564e-03
1.514953e+01 2.023460e-01 -1.665996e-03
1.514953e+01 2.834245e-01 -2.391707e-03
1.514953e+01 3.967448e-01 -3.306774e-03
1.514953e+01 5.552783e-01 -4.366112e-03
1.514953e+01 7.774819e-01 -5.715896e-03
1.514953e+01 1.088445e+00 -7.277054e-03
1.514953e+01 1.523711e+00 -8.929471e-03
1.514953e+01 2.088426e+00 -1.018346e-02
1.514953e+01 2.685505e+00 -9.397157e-03
1.547252e+01 1.570796e-02 -2.805836e-05
1.547252e+01 2.346256e-02 -2.779187e-05
1.547252e+01 3.503514e-02 -5.837658e-05
1.547252e+01 5.263151e-02 -1.864281e-04
1.547252e+01 7.314235e-02 -3.631758e-04
1.547252e+01 1.025928e-01 -6.469311e-04
1.547252e+01 1.448116e-01 -9.558919e-04
1.547252e+01 2.023460e-01 -1.461878e-03
1.547252e+01 2.834245e-01 -2.098828e-03
1.547252e+01 3.967448e-01 -2.906026e-03
1.547252e+01 5.552783e-01 -3.853123e-03
1.547252e+01 7.774819e-01 -5.077537e-03
1.547252e+01 1.088445e+00 -6.498554e-03
1.547252e+01 1.523711e+00 -8.005288e-03
1.547252e+01 2.088426e+00 -9.189268e-03
1.547252e+01 2.685505e+00 -8.563860e-03
1.580197e+01 1.570796e-02 -2.448029e-05
1.580197e+01 2.346256e-02 -2.439436e-05
1.580197e+01 3.503514e-02 -5.083061e-05
1.580197e+01 5.263151e-02 -1.628019e-04
1.580197e+01 7.314235e-02 -3.171712e-04
1.580197e+01 1.025928e-01 -5.646611e-04
1.580197e+01 1.448116e-01 -8.343195e-04
1.580197e+01 2.023460e-01 -1.27654e-03
1.580197e+01 2.834245e-01 -1.834543e-03
1.580197e+01 3.967448e-01 -2.544068e-03
1.580197e+01 5.552783e-01 -3.391246e-03
1.580197e+01 7.774819e-01 -4.493545e-03
1.580197e+01 1.088445e+00 -5.779075e-03
1.580197e+01 1.523711e+00 -7.1562e-03
1.580197e+01 2.088426e+00 -8.261417e-03
1.580197e+01 2.685505e+00 -7.799752e-03
1.613801e+01 1.570796e-02 -2.138387e-05
1.613801e+01 2.346256e-02 -2.120248e-05
1.613801e+01 3.503514e-02 -4.420467e-05
1.613801e+01 5.263151e-02 -1.418143e-04
1.613801e+01 7.314235e-02 -2.764195e-04
1.613801e+01 1.025928e-01 -4.911244e-04
1.613801e+01 1.448116e-01 -7.263602e-04
1.613801e+01 2.023460e-01 -1.110360e-03
1.613801e+01 2.834245e-01 -1.597954e-03
1.613801e+01 3.967448e-01 -2.222054e-03
1.613801e+01 5.552783e-01 -2.977790e-03
1.613801e+01 7.774819e-01 -3.966902e-03
1.613801e+01 1.088445e+00 -5.120815e-03
1.613801e+01 1.523711e+00 -6.355343e-03
1.613801e+01 2.088426e+00 -7.372415e-03
1.613801e+01 2.685505e+00 -7.047931e-03
1.648077e+01 1.570796e-02 -1.850877e-05
1.648077e+01 2.346256e-02 -1.831442e-05
1.648077e+01 3.503514e-02 -3.821496e-05
1.648077e+01 5.263151e-02 -1.228565e-04
1.648077e+01 7.314235e-02 -2.398468e-04
1.648077e+01 1.025928e-01 -4.246978e-04
1.648077e+01 1.448116e-01 -6.28991e-04
1.648077e+01 2.023460e-01 -9.637595e-04
1.648077e+01 2.834245e-01 -1.383788e-03
1.648077e+01 3.967448e-01 -1.930672e-03
1.648077e+01 5.552783e-01 -2.600107e-03
1.648077e+01 7.774819e-01 -3.486843e-03
1.648077e+01 1.088445e+00 -4.516885e-03
1.648077e+01 1.523711e+00 -5.618118e-03
1.648077e+01 2.088426e+00 -6.549961e-03
1.648077e+01 2.685505e+00 -6.322015e-03
1.683038e+01 1.570796e-02 -1.594697e-05
1.683038e+01 2.346256e-02 -1.582609e-05
1.683038e+01 3.503514e-02 -3.295416e-05
1.683038e+01 5.263151e-02 -1.056743e-04
1.683038e+01 7.314235e-02 -2.064224e-04
1.683038e+01 1.025928e-01 -3.656393e-04
1.683038e+01 1.448116e-01 -5.430205e-04
1.683038e+01 2.023460e-01 -8.311149e-04
1.683038e+01 2.834245e-01 -1.194255e-03
1.683038e+01 3.967448e-01 -1.670734e-03
1.683038e+01 5.552783e-01 -2.262957e-03
1.683038e+01 7.774819e-01 -3.049295e-03
1.683038e+01 1.088445e+00 -3.961710e-03
1.683038e+01 1.523711e+00 -4.93757e-03
1.683038e+01 2.088426e+00 -5.782538e-03
1.683038e+01 2.685505e+00 -5.611916e-03
1.718699e+01 1.570796e-02 -1.367338e-05
1.718699e+01 2.346256e-02 -1.354439e-05
1.718699e+01 3.503514e-02 -2.826057e-05
1.718699e+01 5.263151e-02 -9.086308e-05
1.718699e+01 7.314235e-02 -1.763965e-04
1.718699e+01 1.025928e-01 -3.129626e-04
1.718699e+01 1.448116e-01 -4.657634e-04
1.718699e+01 2.023460e-01 -7.148696e-04
1.718699e+01 2.834245e-01 -1.025523e-03
1.718699e+01 3.967448e-01 -1.438086e-03
1.718699e+01 5.552783e-01 -1.959469e-03
1.718699e+01 7.774819e-01 -2.656958e-03
1.718699e+01 1.088445e+00 -3.457093e-03
1.718699e+01 1.523711e+00 -4.310180e-03
1.718699e+01 2.088426e+00 -5.050922e-03
1.718699e+01 2.685505e+00 -4.933810e-03
1.755073e+01 1.570796e-02 -1.167315e-05
1.755073e+01 2.346256e-02 -1.156776e-05
1.755073e+01 3.503514e-02 -2.410768e-05
1.755073e+01 5.263151e-02 -7.753753e-05
1.755073e+01 7.314235e-02 -1.505764e-04
1.755073e+01 1.025928e-01 -2.669170e-04
1.755073e+01 1.448116e-01 -3.974917e-04
1.755073e+01 2.023460e-01 -6.111753e-04
1.755073e+01 2.834245e-01 -8.765238e-04
1.755073e+01 3.967448e-01 -1.231835e-03
1.755073e+01 5.552783e-01 -1.689758e-03
1.755073e+01 7.774819e-01 -2.301231e-03
1.755073e+01 1.088445e+00 -2.996048e-03
1.755073e+01 1.523711e+00 -3.734224e-03
1.755073e+01 2.088426e+00 -4.373922e-03
1.755073e+01 2.685505e+00 -4.299528e-03
1.792175e+01 1.570796e-02 -9.913053e-06
1.792175e+01 2.346256e-02 -9.763380e-06
1.792175e+01 3.503514e-02 -2.041111e-05
1.792175e+01 5.263151e-02 -6.612951e-05
1.792175e+01 7.314235e-02 -1.280624e-04
1.792175e+01 1.025928e-01 -2.262260e-04
1.792175e+01 1.448116e-01 -3.378796e-04
1.792175e+01 2.023460e-01 -5.184745e-04
1.792175e+01 2.834245e-01 -7.451604e-04
1.792175e+01 3.967448e-01 -1.050378e-03
1.792175e+01 5.552783e-01 -1.452349e-03
1.792175e+01 7.774819e-01 -1.98223e-03
1.792175e+01 1.088445e+00 -2.581978e-03
1.792175e+01 1.523711e+00 -3.207593e-03
1.792175e+01 2.088426e+00 -3.757615e-03
1.792175e+01 2.685505e+00 -3.723660e-03
1.830018e+01 1.570796e-02 -8.390064e-06
1.830018e+01 2.346256e-02 -8.244259e-06
1.830018e+01 3.503514e-02 -1.716519e-05
1.830018e+01 5.263151e-02 -5.579906e-05
1.830018e+01 7.314235e-02 -1.080640e-04
1.830018e+01 1.025928e-01 -1.906738e-04
1.830018e+01 1.448116e-01 -2.854622e-04
1.830018e+01 2.023460e-01 -4.379151e-04
1.830018e+01 2.834245e-01 -6.301508e-04
1.830018e+01 3.967448e-01 -8.912068e-04
1.830018e+01 5.552783e-01 -1.240688e-03
1.830018e+01 7.774819e-01 -1.698598e-03
1.830018e+01 1.088445e+00 -2.214214e-03
1.830018e+01 1.523711e+00 -2.739611e-03
1.830018e+01 2.088426e+00 -3.203343e-03
1.830018e+01 2.685505e+00 -3.186978e-03
1.868618e+01 1.570796e-02 -7.051633e-06
1.868618e+01 2.346256e-02 -6.887102e-06
1.868618e+01 3.503514e-02 -1.435200e-05
1.868618e+01 5.263151e-02 -4.701784e-05
1.868618e+01 7.314235e-02 -9.052377e-05
1.868618e+01 1.025928e-01 -1.596252e-04
1.868618e+01 1.448116e-01 -2.402745e-04
1.868618e+01 2.023460e-01 -3.676539e-04
1.868618e+01 2.834245e-01 -5.296004e-04
1.868618e+01 3.967448e-01 -7.526528e-04
1.868618e+01 5.552783e-01 -1.054261e-03
1.868618e+01 7.774819e-01 -1.447973e-03
1.868618e+01 1.088445e+00 -1.886475e-03
1.868618e+01 1.523711e+00 -2.325067e-03
1.868618e+01 2.088426e+00 -2.707724e-03
1.868618e+01 2.685505e+00 -2.69331e-03
1.907991e+01 1.570796e-02 -5.856540e-06
1.907991e+01 2.346256e-02 -5.707577e-06
1.907991e+01 3.503514e-02 -1.194499e-05
1.907991e+01 5.263151e-02 -3.927161e-05
1.907991e+01 7.314235e-02 -7.565742e-05
1.907991e+01 1.025928e-01 -1.326444e-04
1.907991e+01 1.448116e-01 -2.006313e-04
1.907991e+01 2.023460e-01 -3.071996e-04
1.907991e+01 2.834245e-01 -4.426694e-04
1.907991e+01 3.967448e-01 -6.310293e-04
1.907991e+01 5.552783e-01 -8.903917e-04
1.907991e+01 7.774819e-01 -1.227242e-03
1.907991e+01 1.088445e+00 -1.598236e-03
1.907991e+01 1.523711e+00 -1.958145e-03
1.907991e+01 2.088426e+00 -2.2657e-03
1.907991e+01 2.685505e+00 -2.255606e-03
1.948151e+01 1.570796e-02 -4.89342e-06
1.948151e+01 2.346256e-02 -4.710355e-06
1.948151e+01 3.503514e-02 -9.815105e-06
1.948151e+01 5.263151e-02 -3.248298e-05
1.948151e+01 7.314235e-02 -6.244373e-05
1.948151e+01 1.025928e-01 -1.096649e-04
1.948151e+01 1.448116e-01 -1.662527e-04
1.948151e+01 2.023460e-01 -2.547762e-04
1.948151e+01 2.834245e-01 -3.679236e-04
1.948151e+01 3.967448e-01 -5.268733e-04
1.948151e+01 5.552783e-01 -7.476384e-04
1.948151e+01 7.774819e-01 -1.034240e-03
1.948151e+01 1.088445e+00 -1.344029e-03
1.948151e+01 1.523711e+00 -1.637674e-03
1.948151e+01 2.088426e+00 -1.876479e-03
1.948151e+01 2.685505e+00 -1.8498e-03
1.989114e+01 1.570796e-02 -4.046997e-06
1.989114e+01 2.346256e-02 -3.832964e-06
1.989114e+01 3.503514e-02 -8.020571e-06
1.989114e+01 5.263151e-02 -2.665237e-05
1.989114e+01 7.314235e-02 -5.131855e-05
1.989114e+01 1.025928e-01 -8.992755e-05
1.989114e+01 1.448116e-01 -1.368821e-04
1.989114e+01 2.023460e-01 -2.094393e-04
1.989114e+01 2.834245e-01 -3.029151e-04
1.989114e+01 3.967448e-01 -4.36504e-04
1.989114e+01 5.552783e-01 -6.229696e-04
1.989114e+01 7.774819e-01 -8.643819e-04
1.989114e+01 1.088445e+00 -1.122395e-03
1.989114e+01 1.523711e+00 -1.35657e-03
1.989114e+01 2.088426e+00 -1.535460e-03
1.989114e+01 2.685505e+00 -1.499013e-03
2.030896e+01 1.570796e-02 -3.320388e-06
2.030896e+01 2.346256e-02 -3.089769e-06
2.030896e+01 3.503514e-02 -6.45491e-06
2.030896e+01 5.263151e-02 -2.168526e-05
2.030896e+01 7.314235e-02 -4.170545e-05
2.030896e+01 1.025928e-01 -7.305109e-05
2.030896e+01 1.448116e-01 -1.118662e-04
2.030896e+01 2.023460e-01 -1.707901e-04
2.030896e+01 2.834245e-01 -2.476719e-04
2.030896e+01 3.967448e-01 -3.585929e-04
2.030896e+01 5.552783e-01 -5.146228e-04
2.030896e+01 7.774819e-01 -7.172703e-04
2.030896e+01 1.088445e+00 -9.305912e-04
2.030896e+01 1.523711e+00 -1.117126e-03
2.030896e+01 2.088426e+00 -1.241172e-03
2.030896e+01 2.685505e+00 -1.191555e-03
2.073514e+01 1.570796e-02 -2.677508e-06
2.073514e+01 2.346256e-02 -2.504930e-06
2.073514e+01 3.503514e-02 -5.189954e-06
2.073514e+01 5.263151e-02 -1.754929e-05
2.073514e+01 7.314235e-02 -3.376051e-05
2.073514e+01 1.025928e-01 -5.905113e-05
2.073514e+01 1.448116e-01 -9.068934e-05
2.073514e+01 2.023460e-01 -1.385703e-04
2.073514e+01 2.834245e-01 -2.010749e-04
2.073514e+01 3.967448e-01 -2.929126e-04
2.073514e+01 5.552783e-01 -4.240181e-04
2.073514e+01 7.774819e-01 -5.932346e-04
2.073514e+01 1.088445e+00 -7.689280e-04
2.073514e+01 1.523711e+00 -9.16016e-04
2.073514e+01 2.088426e+00 -9.987162e-04
2.073514e+01 2.685505e+00 -9.370351e-04
2.116984e+01 1.570796e-02 -2.148068e-06
2.116984e+01 2.346256e-02 -1.980437e-06
2.116984e+01 3.503514e-02 -4.126179e-06
2.116984e+01 5.263151e-02 -1.401016e-05
2.116984e+01 7.314235e-02 -2.703268e-05
2.116984e+01 1.025928e-01 -4.705225e-05
2.116984e+01 1.448116e-01 -7.264519e-05
2.116984e+01 2.023460e-01 -1.111448e-04
2.116984e+01 2.834245e-01 -1.617918e-04
2.116984e+01 3.967448e-01 -2.378723e-04
2.116984e+01 5.552783e-01 -3.463282e-04
2.116984e+01 7.774819e-01 -4.865640e-04
2.116984e+01 1.088445e+00 -6.304107e-04
2.116984e+01 1.523711e+00 -7.452503e-04
2.116984e+01 2.088426e+00 -7.980087e-04
2.116984e+01 2.685505e+00 -7.312656e-04
2.161324e+01 1.570796e-02 -1.718773e-06
2.161324e+01 2.346256e-02 -1.568472e-06
2.161324e+01 3.503514e-02 -3.20261e-06
2.161324e+01 5.263151e-02 -1.106809e-05
2.161324e+01 7.314235e-02 -2.129961e-05
2.161324e+01 1.025928e-01 -3.713583e-05
2.161324e+01 1.448116e-01 -5.764179e-05
2.161324e+01 2.023460e-01 -8.840349e-05
2.161324e+01 2.834245e-01 -1.286617e-04
2.161324e+01 3.967448e-01 -1.910197e-04
2.161324e+01 5.552783e-01 -2.803474e-04
2.161324e+01 7.774819e-01 -3.955534e-04
2.161324e+01 1.088445e+00 -5.132022e-04
2.161324e+01 1.523711e+00 -6.053711e-04
2.161324e+01 2.088426e+00 -6.338731e-04
2.161324e+01 2.685505e+00 -5.544618e-04
2.206550e+01 1.570796e-02 -1.356044e-06
2.206550e+01 2.346256e-02 -1.231205e-06
2.206550e+01 3.503514e-02 -2.497505e-06
2.206550e+01 5.263151e-02 -8.647745e-06
2.206550e+01 7.314235e-02 -1.676893e-05
2.206550e+01 1.025928e-01 -2.912404e-05
2.206550e+01 1.448116e-01 -4.525309e-05
2.206550e+01 2.023460e-01 -6.953412e-05
2.206550e+01 2.834245e-01 -1.016036e-04
2.206550e+01 3.967448e-01 -1.518321e-04
2.206550e+01 5.552783e-01 -2.250349e-04
2.206550e+01 7.774819e-01 -3.193912e-04
2.206550e+01 1.088445e+00 -4.147197e-04
2.206550e+01 1.523711e+00 -4.890621e-04
2.206550e+01 2.088426e+00 -5.036379e-04
2.206550e+01 2.685505e+00 -4.249913e-04
2.252681e+01 1.570796e-02 -1.053247e-06
2.252681e+01 2.346256e-02 -9.282936e-07
2.252681e+01 3.503514e-02 -1.930061e-06
2.252681e+01 5.263151e-02 -6.678732e-06
2.252681e+01 7.314235e-02 -1.298068e-05
2.252681e+01 1.025928e-01 -2.259832e-05
2.252681e+01 1.448116e-01 -3.511145e-05
2.252681e+01 2.023460e-01 -5.402261e-05
2.252681e+01 2.834245e-01 -7.918318e-05
2.252681e+01 3.967448e-01 -1.193554e-04
2.252681e+01 5.552783e-01 -1.787157e-04
2.252681e+01 7.774819e-01 -2.550710e-04
2.252681e+01 1.088445e+00 -3.32536e-04
2.252681e+01 1.523711e+00 -3.938574e-04
2.252681e+01 2.088426e+00 -4.010628e-04
2.252681e+01 2.685505e+00 -3.256363e-04
2.299735e+01 1.570796e-02 -8.12809e-07
2.299735e+01 2.346256e-02 -6.944499e-07
2.299735e+01 3.503514e-02 -1.489785e-06
2.299735e+01 5.263151e-02 -5.090114e-06
2.299735e+01 7.314235e-02 -9.940097e-06
2.299735e+01 1.025928e-01 -1.734149e-05
2.299735e+01 1.448116e-01 -2.699445e-05
2.299735e+01 2.023460e-01 -4.166545e-05
2.299735e+01 2.834245e-01 -6.145297e-05
2.299735e+01 3.967448e-01 -9.324288e-05
2.299735e+01 5.552783e-01 -1.410616e-04
2.299735e+01 7.774819e-01 -2.021276e-04
2.299735e+01 1.088445e+00 -2.650884e-04
2.299735e+01 1.523711e+00 -3.157059e-04
2.299735e+01 2.088426e+00 -3.199882e-04
2.299735e+01 2.685505e+00 -2.491858e-04
2.34773e+01 1.570796e-02 -6.139039e-07
2.34773e+01 2.346256e-02 -5.142771e-07
2.34773e+01 3.503514e-02 -1.131121e-06
2.34773e+01 5.263151e-02 -3.849365e-06
2.34773e+01 7.314235e-02 -7.529817e-06
2.34773e+01 1.025928e-01 -1.314349e-05
2.34773e+01 1.448116e-01 -2.04723e-05
2.34773e+01 2.023460e-01 -3.16767e-05
2.34773e+01 2.834245e-01 -4.695463e-05
2.34773e+01 3.967448e-01 -7.194886e-05
2.34773e+01 5.552783e-01 -1.096481e-04
2.34773e+01 7.774819e-01 -1.581729e-04
2.34773e+01 1.088445e+00 -2.088355e-04
2.34773e+01 1.523711e+00 -2.509505e-04
2.34773e+01 2.088426e+00 -2.540168e-04
2.34773e+01 2.685505e+00 -1.931636e-04
2.396684e+01 1.570796e-02 -4.575438e-07
2.396684e+01 2.346256e-02 -3.886809e-07
2.396684e+01 3.503514e-02 -8.408366e-07
2.396684e+01 5.263151e-02 -2.871332e-06
2.396684e+01 7.314235e-02 -5.609885e-06
2.396684e+01 1.025928e-01 -9.799104e-06
2.396684e+01 1.448116e-01 -1.53012e-05
2.396684e+01 2.023460e-01 -2.374901e-05
2.396684e+01 2.834245e-01 -3.536904e-05
2.396684e+01 3.967448e-01 -5.461431e-05
2.396684e+01 5.552783e-01 -8.399372e-05
2.396684e+01 7.774819e-01 -1.222112e-04
2.396684e+01 1.088445e+00 -1.625861e-04
2.396684e+01 1.523711e+00 -1.984002e-04
2.396684e+01 2.088426e+00 -2.032754e-04
2.396684e+01 2.685505e+00 -1.529571e-04
2.446618e+01 1.570796e-02 -3.365999e-07
2.446618e+01 2.346256e-02 -2.844212e-07
2.446618e+01 3.503514e-02 -6.079795e-07
2.446618e+01 5.263151e-02 -2.100306e-06
2.446618e+01 7.314235e-02 -4.117086e-06
2.446618e+01 1.025928e-01 -7.203229e-06
2.446618e+01 1.448116e-01 -1.126493e-05
2.446618e+01 2.023460e-01 -1.752997e-05
2.446618e+01 2.834245e-01 -2.627141e-05
2.446618e+01 3.967448e-01 -4.085141e-05
2.446618e+01 5.552783e-01 -6.331733e-05
2.446618e+01 7.774819e-01 -9.293104e-05
2.446618e+01 1.088445e+00 -1.248753e-04
2.446618e+01 1.523711e+00 -1.551963e-04
2.446618e+01 2.088426e+00 -1.629953e-04
2.446618e+01 2.685505e+00 -1.232811e-04
2.497550e+01 1.570796e-02 -2.440906e-07
2.497550e+01 2.346256e-02 -2.058235e-07
2.497550e+01 3.503514e-02 -4.270648e-07
2.497550e+01 5.263151e-02 -1.512151e-06
2.497550e+01 7.314235e-02 -2.960484e-06
2.497550e+01 1.025928e-01 -5.188193e-06
2.497550e+01 1.448116e-01 -8.168978e-06
2.497550e+01 2.023460e-01 -1.274229e-05
2.497550e+01 2.834245e-01 -1.916692e-05
2.497550e+01 3.967448e-01 -3.011704e-05
2.497550e+01 5.552783e-01 -4.700793e-05
2.497550e+01 7.774819e-01 -6.945062e-05
2.497550e+01 1.088445e+00 -9.443227e-05
2.497550e+01 1.523711e+00 -1.194197e-04
2.497550e+01 2.088426e+00 -1.288053e-04
2.497550e+01 2.685505e+00 -1.005094e-04
2.549501e+01 1.570796e-02 -1.763058e-07
2.549501e+01 2.346256e-02 -1.466644e-07
2.549501e+01 3.503514e-02 -3.059783e-07
2.549501e+01 5.263151e-02 -1.079806e-06
2.549501e+01 7.314235e-02 -2.108993e-06
2.549501e+01 1.025928e-01 -3.709262e-06
2.549501e+01 1.448116e-01 -5.841374e-06
2.549501e+01 2.023460e-01 -9.161962e-06
2.549501e+01 2.834245e-01 -1.384934e-05
2.549501e+01 3.967448e-01 -2.191328e-05
2.549501e+01 5.552783e-01 -3.445568e-05
2.549501e+01 7.774819e-01 -5.117046e-05
2.549501e+01 1.088445e+00 -7.055121e-05
2.549501e+01 1.523711e+00 -9.119709e-05
2.549501e+01 2.088426e+00 -1.016054e-04
2.549501e+01 2.685505e+00 -8.183620e-05
2.602491e+01 1.570796e-02 -1.232803e-07
2.602491e+01 2.346256e-02 -1.020200e-07
2.602491e+01 3.503514e-02 -2.150290e-07
2.602491e+01 5.263151e-02 -7.604491e-07
2.602491e+01 7.314235e-02 -1.483643e-06
2.602491e+01 1.025928e-01 -2.619367e-06
2.602491e+01 1.448116e-01 -4.133375e-06
2.602491e+01 2.023460e-01 -6.499507e-06
2.602491e+01 2.834245e-01 -9.859546e-06
2.602491e+01 3.967448e-01 -1.574268e-05
2.602491e+01 5.552783e-01 -2.487288e-05
2.602491e+01 7.774819e-01 -3.717201e-05
2.602491e+01 1.088445e+00 -5.183268e-05
2.602491e+01 1.523711e+00 -6.860371e-05
2.602491e+01 2.088426e+00 -7.984261e-05
2.602491e+01 2.685505e+00 -6.861135e-05
2.656541e+01 1.570796e-02 -8.669272e-08
2.656541e+01 2.346256e-02 -6.956954e-08
2.656541e+01 3.503514e-02 -1.49354e-07
2.656541e+01 5.263151e-02 -5.299567e-07
2.656541e+01 7.314235e-02 -1.034266e-06
2.656541e+01 1.025928e-01 -1.835999e-06
2.656541e+01 1.448116e-01 -2.896361e-06
2.656541e+01 2.023460e-01 -4.574496e-06
2.656541e+01 2.834245e-01 -6.984893e-06
2.656541e+01 3.967448e-01 -1.121754e-05
2.656541e+01 5.552783e-01 -1.778149e-05
2.656541e+01 7.774819e-01 -2.668208e-05
2.656541e+01 1.088445e+00 -3.746624e-05
2.656541e+01 1.523711e+00 -5.024403e-05
2.656541e+01 2.088426e+00 -5.98024e-05
2.656541e+01 2.685505e+00 -5.28612e-05
2.711672e+01 1.570796e-02 -5.916264e-08
2.711672e+01 2.346256e-02 -4.646257e-08
2.711672e+01 3.503514e-02 -1.033044e-07
2.711672e+01 5.263151e-02 -3.629736e-07
2.711672e+01 7.314235e-02 -7.090168e-07
2.711672e+01 1.025928e-01 -1.268427e-06
2.711672e+01 1.448116e-01 -1.996643e-06
2.711672e+01 2.023460e-01 -3.171672e-06
2.711672e+01 2.834245e-01 -4.875021e-06
2.711672e+01 3.967448e-01 -7.883447e-06
2.711672e+01 5.552783e-01 -1.250885e-05
2.711672e+01 7.774819e-01 -1.885717e-05
2.711672e+01 1.088445e+00 -2.662670e-05
2.711672e+01 1.523711e+00 -3.632338e-05
2.711672e+01 2.088426e+00 -4.402112e-05
2.711672e+01 2.685505e+00 -4.033778e-05
2.767905e+01 1.570796e-02 -4.018067e-08
2.767905e+01 2.346256e-02 -3.073534e-08
2.767905e+01 3.503514e-02 -6.971910e-08
2.767905e+01 5.263151e-02 -2.462394e-07
2.767905e+01 7.314235e-02 -4.789030e-07
2.767905e+01 1.025928e-01 -8.631880e-07
2.767905e+01 1.448116e-01 -1.357896e-06
2.767905e+01 2.023460e-01 -2.163683e-06
2.767905e+01 2.834245e-01 -3.353659e-06
2.767905e+01 3.967448e-01 -5.455642e-06
2.767905e+01 5.552783e-01 -8.669531e-06
2.767905e+01 7.774819e-01 -1.313635e-05
2.767905e+01 1.088445e+00 -1.866217e-05
2.767905e+01 1.523711e+00 -2.582489e-05
2.767905e+01 2.088426e+00 -3.215595e-05
2.767905e+01 2.685505e+00 -3.050139e-05
2.825263e+01 1.570796e-02 -2.698574e-08
2.825263e+01 2.346256e-02 -2.008606e-08
2.825263e+01 3.503514e-02 -4.608632e-08
2.825263e+01 5.263151e-02 -1.643488e-07
2.825263e+01 7.314235e-02 -3.201920e-07
2.825263e+01 1.025928e-01 -5.788448e-07
2.825263e+01 1.448116e-01 -9.071288e-07
2.825263e+01 2.023460e-01 -1.455410e-06
2.825263e+01 2.834245e-01 -2.265801e-06
2.825263e+01 3.967448e-01 -3.714163e-06
2.825263e+01 5.552783e-01 -5.899095e-06
2.825263e+01 7.774819e-01 -8.981745e-06
2.825263e+01 1.088445e+00 -1.284523e-05
2.825263e+01 1.523711e+00 -1.806136e-05
2.825263e+01 2.088426e+00 -2.301038e-05
2.825263e+01 2.685505e+00 -2.294466e-05
2.883769e+01 1.570796e-02 -1.781267e-08
2.883769e+01 2.346256e-02 -1.204976e-08
2.883769e+01 3.503514e-02 -2.953021e-08
2.883769e+01 5.263151e-02 -1.080994e-07
2.883769e+01 7.314235e-02 -2.081541e-07
2.883769e+01 1.025928e-01 -3.809469e-07
2.883769e+01 1.448116e-01 -5.918125e-07
2.883769e+01 2.023460e-01 -9.576612e-07
2.883769e+01 2.834245e-01 -1.499063e-06
2.883769e+01 3.967448e-01 -2.470223e-06
2.883769e+01 5.552783e-01 -3.92481e-06
2.883769e+01 7.774819e-01 -6.009892e-06
2.883769e+01 1.088445e+00 -8.666777e-06
2.883769e+01 1.523711e+00 -1.240063e-05
2.883769e+01 2.088426e+00 -1.626977e-05
2.883769e+01 2.685505e+00 -1.703034e-05
2.943444e+01 1.570796e-02 -1.165341e-08
2.943444e+01 2.346256e-02 -7.148203e-09
2.943444e+01 3.503514e-02 -1.907337e-08
2.943444e+01 5.263151e-02 -6.917642e-08
2.943444e+01 7.314235e-02 -1.335537e-07
2.943444e+01 1.025928e-01 -2.476443e-07
2.943444e+01 1.448116e-01 -3.805061e-07
2.943444e+01 2.023460e-01 -6.188022e-07
2.943444e+01 2.834245e-01 -9.735532e-07
2.943444e+01 3.967448e-01 -1.626567e-06
2.943444e+01 5.552783e-01 -2.576705e-06
2.943444e+01 7.774819e-01 -3.955192e-06
2.943444e+01 1.088445e+00 -5.755362e-06
2.943444e+01 1.523711e+00 -8.369370e-06
2.943444e+01 2.088426e+00 -1.134474e-05
2.943444e+01 2.685505e+00 -1.260878e-05
3.004313e+01 1.570796e-02 1.865812e-10
3.004313e+01 2.346256e-02 1.496818e-10
3.004313e+01 3.503514e-02 4.64354e-10
3.004313e+01 5.263151e-02 1.342645e-09
3.004313e+01 7.314235e-02 2.534393e-09
3.004313e+01 1.025928e-01 4.60164e-09
3.004313e+01 1.448116e-01 7.015374e-09
3.004313e+01 2.023460e-01 1.107223e-08
3.004313e+01 2.834245e-01 1.781745e-08
3.004313e+01 3.967448e-01 2.778083e-08
3.004313e+01 5.552783e-01 4.135532e-08
3.004313e+01 7.774819e-01 5.739980e-08
3.004313e+01 1.088445e+00 7.253777e-08
3.004313e+01 1.523711e+00 8.100293e-08
3.004313e+01 2.088426e+00 7.710667e-08
3.004313e+01 2.685505e+00 5.698526e-08
3.066399e+01 1.570796e-02 1.612458e-10
3.066399e+01 2.346256e-02 1.287407e-10
3.066399e+01 3.503514e-02 4.000191e-10
3.066399e+01 5.263151e-02 1.154138e-09
3.066399e+01 7.314235e-02 2.190691e-09
3.066399e+01 1.025928e-01 3.971574e-09
3.066399e+01 1.448116e-01 6.064350e-09
3.066399e+01 2.023460e-01 9.592067e-09
3.066399e+01 2.834245e-01 1.549725e-08
3.066399e+01 3.967448e-01 2.421894e-08
3.066399e+01 5.552783e-01 3.613234e-08
3.066399e+01 7.774819e-01 5.043829e-08
3.066399e+01 1.088445e+00 6.455965e-08
3.066399e+01 1.523711e+00 7.408614e-08
3.066399e+01 2.088426e+00 7.393791e-08
3.066399e+01 2.685505e+00 5.942803e-08
3.129727e+01 1.570796e-02 1.355165e-10
3.129727e+01 2.346256e-02 1.074792e-10
3.129727e+01 3.503514e-02 3.357542e-10
3.129727e+01 5.263151e-02 9.659672e-10
3.129727e+01 7.314235e-02 1.843092e-09
3.129727e+01 1.025928e-01 3.337795e-09
3.129727e+01 1.448116e-01 5.107256e-09
3.129727e+01 2.023460e-01 8.097978e-09
3.129727e+01 2.834245e-01 1.313518e-08
3.129727e+01 3.967448e-01 2.057191e-08
3.129727e+01 5.552783e-01 3.075902e-08
3.129727e+01 7.774819e-01 4.318298e-08
3.129727e+01 1.088445e+00 5.596601e-08
3.129727e+01 1.523711e+00 6.603574e-08
3.129727e+01 2.088426e+00 6.929902e-08
3.129727e+01 2.685505e+00 6.058688e-08
3.194322e+01 1.570796e-02 1.098235e-10
3.194322e+01 2.346256e-02 8.642667e-11
3.194322e+01 3.503514e-02 2.716552e-10
3.194322e+01 5.263151e-02 7.80279e-10
3.194322e+01 7.314235e-02 1.495853e-09
3.194322e+01 1.025928e-01 2.706536e-09
3.194322e+01 1.448116e-01 4.149628e-09
3.194322e+01 2.023460e-01 6.597627e-09
3.194322e+01 2.834245e-01 1.074393e-08
3.194322e+01 3.967448e-01 1.684950e-08
3.194322e+01 5.552783e-01 2.524517e-08
3.194322e+01 7.774819e-01 3.56503e-08
3.194322e+01 1.088445e+00 4.679407e-08
3.194322e+01 1.523711e+00 5.677938e-08
3.194322e+01 2.088426e+00 6.279079e-08
3.194322e+01 2.685505e+00 5.970994e-08
3.260208e+01 1.570796e-02 8.441327e-11
3.260208e+01 2.346256e-02 6.582637e-11
3.260208e+01 3.503514e-02 2.083878e-10
3.260208e+01 5.263151e-02 5.976477e-10
3.260208e+01 7.314235e-02 1.150629e-09
3.260208e+01 1.025928e-01 2.081818e-09
3.260208e+01 1.448116e-01 3.199974e-09
3.260208e+01 2.023460e-01 5.100794e-09
3.260208e+01 2.834245e-01 8.33775e-09
3.260208e+01 3.967448e-01 1.309162e-08
3.260208e+01 5.552783e-01 1.965369e-08
3.260208e+01 7.774819e-01 2.790061e-08
3.260208e+01 1.088445e+00 3.709205e-08
3.260208e+01 1.523711e+00 4.629389e-08
3.260208e+01 2.088426e+00 5.413380e-08
3.260208e+01 2.685505e+00 5.609014e-08
3.327412e+01 1.570796e-02 5.938938e-11
3.327412e+01 2.346256e-02 4.563035e-11
3.327412e+01 3.503514e-02 1.461785e-10
3.327412e+01 5.263151e-02 4.184866e-10
3.327412e+01 7.314235e-02 8.094968e-10
3.327412e+01 1.025928e-01 1.465640e-09
3.327412e+01 1.448116e-01 2.257325e-09
3.327412e+01 2.023460e-01 3.609644e-09
3.327412e+01 2.834245e-01 5.920730e-09
3.327412e+01 3.967448e-01 9.312532e-09
3.327412e+01 5.552783e-01 1.40123e-08
3.327412e+01 7.774819e-01 2.000381e-08
3.327412e+01 1.088445e+00 2.691259e-08
3.327412e+01 1.523711e+00 3.456160e-08
3.327412e+01 2.088426e+00 4.276981e-08
3.327412e+01 2.685505e+00 4.814820e-08
3.395961e+01 1.570796e-02 3.590446e-11
3.395961e+01 2.346256e-02 2.756172e-11
3.395961e+01 3.503514e-02 8.890330e-11
3.395961e+01 5.263151e-02 2.540779e-10
3.395961e+01 7.314235e-02 4.919859e-10
3.395961e+01 1.025928e-01 8.901529e-10
3.395961e+01 1.448116e-01 1.371491e-09
3.395961e+01 2.023460e-01 2.191287e-09
3.395961e+01 2.834245e-01 3.588295e-09
3.395961e+01 3.967448e-01 5.619672e-09
3.395961e+01 5.552783e-01 8.422453e-09
3.395961e+01 7.774819e-01 1.20391e-08
3.395961e+01 1.088445e+00 1.632212e-08
3.395961e+01 1.523711e+00 2.149747e-08
3.395961e+01 2.088426e+00 2.803313e-08
3.395961e+01 2.685505e+00 3.385191e-08
3.46588e+01 1.570796e-02 1.087228e-11
3.46588e+01 2.346256e-02 9.16205e-12
3.46588e+01 3.503514e-02 2.770351e-11
3.46588e+01 5.263151e-02 7.745251e-11
3.46588e+01 7.314235e-02 1.527237e-10
3.46588e+01 1.025928e-01 2.79672e-10
3.46588e+01 1.448116e-01 4.356826e-10
3.46588e+01 2.023460e-01 6.969205e-10
3.46588e+01 2.834245e-01 1.15797e-09
3.46588e+01 3.967448e-01 1.820688e-09
3.46588e+01 5.552783e-01 2.747657e-09
3.46588e+01 7.774819e-01 3.956592e-09
3.46588e+01 1.088445e+00 5.430542e-09
3.46588e+01 1.523711e+00 7.31743e-09
3.46588e+01 2.088426e+00 1.003268e-08
3.46588e+01 2.685505e+00 1.300041e-08
3.537197e+01 1.570796e-02 0.e+00
3.537197e+01 2.346256e-02 0.e+00
3.537197e+01 3.503514e-02 0.e+00
3.537197e+01 5.263151e-02 0.e+00
3.537197e+01 7.314235e-02 0.e+00
3.537197e+01 1.025928e-01 0.e+00
3.537197e+01 1.448116e-01 0.e+00
3.537197e+01 2.023460e-01 0.e+00
3.537197e+01 2.834245e-01 0.e+00
3.537197e+01 3.967448e-01 0.e+00
3.537197e+01 5.552783e-01 0.e+00
3.537197e+01 7.774819e-01 0.e+00
3.537197e+01 1.088445e+00 0.e+00
3.537197e+01 1.523711e+00 0.e+00
3.537197e+01 2.088426e+00 0.e+00
3.537197e+01 2.685505e+00 0.e+00
