5.e+00 1.570796e-02 -3.923738e-05
5.e+00 2.346256e-02 -1.682064e-04
5.e+00 3.503514e-02 -1.204998e-04
5.e+00 5.263151e-02 -4.983273e-05
5.e+00 7.314235e-02 -1.336457e-04
5.e+00 1.025928e-01 -7.456692e-05
5.e+00 1.448116e-01 -1.023914e-04
5.e+00 2.023460e-01 -1.105841e-04
5.e+00 2.834245e-01 -8.593434e-05
5.e+00 3.967448e-01 -9.811546e-05
5.e+00 5.552783e-01 -8.84834e-05
5.e+00 7.774819e-01 -6.688259e-05
5.e+00 1.088445e+00 -6.663912e-05
5.e+00 1.523711e+00 -6.431791e-05
5.e+00 2.088426e+00 -6.438218e-05
5.e+00 2.685505e+00 -7.089992e-05
5.12e+00 1.570796e-02 -1.683934e-04
5.12e+00 2.346256e-02 -7.972849e-04
5.12e+00 3.503514e-02 -4.997110e-04
5.12e+00 5.263151e-02 -6.391558e-04
5.12e+00 7.314235e-02 -9.603167e-04
5.12e+00 1.025928e-01 -1.151678e-03
5.12e+00 1.448116e-01 -7.968893e-04
5.12e+00 2.023460e-01 -9.252856e-04
5.12e+00 2.834245e-01 -8.041879e-04
5.12e+00 3.967448e-01 -8.111531e-04
5.12e+00 5.552783e-01 -7.315968e-04
5.12e+00 7.774819e-01 -5.985723e-04
5.12e+00 1.088445e+00 -5.49758e-04
5.12e+00 1.523711e+00 -5.346140e-04
5.12e+00 2.088426e+00 -5.558107e-04
5.12e+00 2.685505e+00 -6.004731e-04
5.2424e+00 1.570796e-02 -2.055164e-04
5.2424e+00 2.346256e-02 -1.436903e-03
5.2424e+00 3.503514e-02 -1.016462e-03
5.2424e+00 5.263151e-02 -1.951286e-03
5.2424e+00 7.314235e-02 -2.629942e-03
5.2424e+00 1.025928e-01 -2.778428e-03
5.2424e+00 1.448116e-01 -2.721616e-03
5.2424e+00 2.023460e-01 -2.521916e-03
5.2424e+00 2.834245e-01 -2.519897e-03
5.2424e+00 3.967448e-01 -2.295070e-03
5.2424e+00 5.552783e-01 -2.122387e-03
5.2424e+00 7.774819e-01 -1.828373e-03
5.2424e+00 1.088445e+00 -1.612670e-03
5.2424e+00 1.523711e+00 -1.532765e-03
5.2424e+00 2.088426e+00 -1.575e-03
5.2424e+00 2.685505e+00 -1.675852e-03
5.367248e+00 1.570796e-02 -2.314225e-04
5.367248e+00 2.346256e-02 -2.071437e-03
5.367248e+00 3.503514e-02 -1.523393e-03
5.367248e+00 5.263151e-02 -3.582194e-03
5.367248e+00 7.314235e-02 -5.637327e-03
5.367248e+00 1.025928e-01 -5.617794e-03
5.367248e+00 1.448116e-01 -5.854028e-03
5.367248e+00 2.023460e-01 -5.66338e-03
5.367248e+00 2.834245e-01 -5.415235e-03
5.367248e+00 3.967448e-01 -4.953847e-03
5.367248e+00 5.552783e-01 -4.452128e-03
5.367248e+00 7.774819e-01 -3.947733e-03
5.367248e+00 1.088445e+00 -3.456155e-03
5.367248e+00 1.523711e+00 -3.220144e-03
5.367248e+00 2.088426e+00 -3.302584e-03
5.367248e+00 2.685505e+00 -3.436665e-03
5.494593e+00 1.570796e-02 -2.521478e-04
5.494593e+00 2.346256e-02 -2.509613e-03
5.494593e+00 3.503514e-02 -1.920457e-03
5.494593e+00 5.263151e-02 -5.491127e-03
5.494593e+00 7.314235e-02 -9.414571e-03
5.494593e+00 1.025928e-01 -9.615602e-03
5.494593e+00 1.448116e-01 -1.046449e-02
5.494593e+00 2.023460e-01 -1.03173e-02
5.494593e+00 2.834245e-01 -9.933814e-03
5.494593e+00 3.967448e-01 -8.956855e-03
5.494593e+00 5.552783e-01 -8.091687e-03
5.494593e+00 7.774819e-01 -7.166767e-03
5.494593e+00 1.088445e+00 -6.290774e-03
5.494593e+00 1.523711e+00 -5.70115e-03
5.494593e+00 2.088426e+00 -5.848318e-03
5.494593e+00 2.685505e+00 -6.070278e-03
5.624485e+00 1.570796e-02 -2.903416e-04
5.624485e+00 2.346256e-02 -2.737916e-03
5.624485e+00 3.503514e-02 -2.393346e-03
5.624485e+00 5.263151e-02 -7.033637e-03
5.624485e+00 7.314235e-02 -1.290986e-02
5.624485e+00 1.025928e-01 -1.390485e-02
5.624485e+00 1.448116e-01 -1.565812e-02
5.624485e+00 2.023460e-01 -1.578670e-02
5.624485e+00 2.834245e-01 -1.501514e-02
5.624485e+00 3.967448e-01 -1.407664e-02
5.624485e+00 5.552783e-01 -1.261243e-02
5.624485e+00 7.774819e-01 -1.115525e-02
5.624485e+00 1.088445e+00 -9.773447e-03
5.624485e+00 1.523711e+00 -8.702522e-03
5.624485e+00 2.088426e+00 -8.836318e-03
5.624485e+00 2.685505e+00 -9.107292e-03
5.756975e+00 1.570796e-02 -3.097487e-04
5.756975e+00 2.346256e-02 -2.560476e-03
5.756975e+00 3.503514e-02 -2.685298e-03
5.756975e+00 5.263151e-02 -8.132309e-03
5.756975e+00 7.314235e-02 -1.576596e-02
5.756975e+00 1.025928e-01 -1.750613e-02
5.756975e+00 1.448116e-01 -2.002792e-02
5.756975e+00 2.023460e-01 -2.122444e-02
5.756975e+00 2.834245e-01 -2.045801e-02
5.756975e+00 3.967448e-01 -1.925753e-02
5.756975e+00 5.552783e-01 -1.759251e-02
5.756975e+00 7.774819e-01 -1.547252e-02
5.756975e+00 1.088445e+00 -1.337739e-02
5.756975e+00 1.523711e+00 -1.184838e-02
5.756975e+00 2.088426e+00 -1.194494e-02
5.756975e+00 2.685505e+00 -1.220493e-02
5.892114e+00 1.570796e-02 -3.118968e-04
5.892114e+00 2.346256e-02 -2.428086e-03
5.892114e+00 3.503514e-02 -2.816843e-03
5.892114e+00 5.263151e-02 -8.312569e-03
5.892114e+00 7.314235e-02 -1.761116e-02
5.892114e+00 1.025928e-01 -2.024532e-02
5.892114e+00 1.448116e-01 -2.348801e-02
5.892114e+00 2.023460e-01 -2.602802e-02
5.892114e+00 2.834245e-01 -2.554744e-02
5.892114e+00 3.967448e-01 -2.430772e-02
5.892114e+00 5.552783e-01 -2.226423e-02
5.892114e+00 7.774819e-01 -1.976306e-02
5.892114e+00 1.088445e+00 -1.69885e-02
5.892114e+00 1.523711e+00 -1.485436e-02
5.892114e+00 2.088426e+00 -1.489799e-02
5.892114e+00 2.685505e+00 -1.509471e-02
6.029956e+00 1.570796e-02 -3.176628e-04
6.029956e+00 2.346256e-02 -2.262074e-03
6.029956e+00 3.503514e-02 -2.806065e-03
6.029956e+00 5.263151e-02 -8.156149e-03
6.029956e+00 7.314235e-02 -1.830678e-02
6.029956e+00 1.025928e-01 -2.18947e-02
6.029956e+00 1.448116e-01 -2.622193e-02
6.029956e+00 2.023460e-01 -2.991415e-02
6.029956e+00 2.834245e-01 -2.989817e-02
6.029956e+00 3.967448e-01 -2.904485e-02
6.029956e+00 5.552783e-01 -2.673001e-02
6.029956e+00 7.774819e-01 -2.387781e-02
6.029956e+00 1.088445e+00 -2.039627e-02
6.029956e+00 1.523711e+00 -1.776540e-02
6.029956e+00 2.088426e+00 -1.763604e-02
6.029956e+00 2.685505e+00 -1.763613e-02
6.170555e+00 1.570796e-02 -3.009572e-04
6.170555e+00 2.346256e-02 -2.062819e-03
6.170555e+00 3.503514e-02 -2.622008e-03
6.170555e+00 5.263151e-02 -7.712453e-03
6.170555e+00 7.314235e-02 -1.804639e-02
6.170555e+00 1.025928e-01 -2.270831e-02
6.170555e+00 1.448116e-01 -2.809214e-02
6.170555e+00 2.023460e-01 -3.288415e-02
6.170555e+00 2.834245e-01 -3.359482e-02
6.170555e+00 3.967448e-01 -3.316074e-02
6.170555e+00 5.552783e-01 -3.081752e-02
6.170555e+00 7.774819e-01 -2.763298e-02
6.170555e+00 1.088445e+00 -2.354143e-02
6.170555e+00 1.523711e+00 -2.044875e-02
6.170555e+00 2.088426e+00 -2.003884e-02
6.170555e+00 2.685505e+00 -1.979639e-02
6.313967e+00 1.570796e-02 -2.780137e-04
6.313967e+00 2.346256e-02 -1.935081e-03
6.313967e+00 3.503514e-02 -2.416714e-03
6.313967e+00 5.263151e-02 -7.164829e-03
6.313967e+00 7.314235e-02 -1.71547e-02
6.313967e+00 1.025928e-01 -2.256395e-02
6.313967e+00 1.448116e-01 -2.882428e-02
6.313967e+00 2.023460e-01 -3.47958e-02
6.313967e+00 2.834245e-01 -3.639151e-02
6.313967e+00 3.967448e-01 -3.655170e-02
6.313967e+00 5.552783e-01 -3.437828e-02
6.313967e+00 7.774819e-01 -3.091234e-02
6.313967e+00 1.088445e+00 -2.635888e-02
6.313967e+00 1.523711e+00 -2.280365e-02
6.313967e+00 2.088426e+00 -2.217333e-02
6.313967e+00 2.685505e+00 -2.164616e-02
6.460246e+00 1.570796e-02 -2.534076e-04
6.460246e+00 2.346256e-02 -1.813621e-03
6.460246e+00 3.503514e-02 -2.229499e-03
6.460246e+00 5.263151e-02 -6.620148e-03
6.460246e+00 7.314235e-02 -1.605286e-02
6.460246e+00 1.025928e-01 -2.176749e-02
6.460246e+00 1.448116e-01 -2.880581e-02
6.460246e+00 2.023460e-01 -3.598703e-02
6.460246e+00 2.834245e-01 -3.841813e-02
6.460246e+00 3.967448e-01 -3.923085e-02
6.460246e+00 5.552783e-01 -3.738497e-02
6.460246e+00 7.774819e-01 -3.380545e-02
6.460246e+00 1.088445e+00 -2.883449e-02
6.460246e+00 1.523711e+00 -2.492641e-02
6.460246e+00 2.088426e+00 -2.409233e-02
6.460246e+00 2.685505e+00 -2.326997e-02
6.609451e+00 1.570796e-02 -2.328274e-04
6.609451e+00 2.346256e-02 -1.671614e-03
6.609451e+00 3.503514e-02 -2.052297e-03
6.609451e+00 5.263151e-02 -6.118756e-03
6.609451e+00 7.314235e-02 -1.484304e-02
6.609451e+00 1.025928e-01 -2.059023e-02
6.609451e+00 1.448116e-01 -2.811204e-02
6.609451e+00 2.023460e-01 -3.626821e-02
6.609451e+00 2.834245e-01 -3.967420e-02
6.609451e+00 3.967448e-01 -4.115102e-02
6.609451e+00 5.552783e-01 -3.971993e-02
6.609451e+00 7.774819e-01 -3.620051e-02
6.609451e+00 1.088445e+00 -3.097782e-02
6.609451e+00 1.523711e+00 -2.674506e-02
6.609451e+00 2.088426e+00 -2.57434e-02
6.609451e+00 2.685505e+00 -2.464033e-02
6.76164e+00 1.570796e-02 -2.161025e-04
6.76164e+00 2.346256e-02 -1.531296e-03
6.76164e+00 3.503514e-02 -1.895227e-03
6.76164e+00 5.263151e-02 -5.655351e-03
6.76164e+00 7.314235e-02 -1.369897e-02
6.76164e+00 1.025928e-01 -1.926746e-02
6.76164e+00 1.448116e-01 -2.691198e-02
6.76164e+00 2.023460e-01 -3.577992e-02
6.76164e+00 2.834245e-01 -4.016188e-02
6.76164e+00 3.967448e-01 -4.240329e-02
6.76164e+00 5.552783e-01 -4.141337e-02
6.76164e+00 7.774819e-01 -3.807008e-02
6.76164e+00 1.088445e+00 -3.272981e-02
6.76164e+00 1.523711e+00 -2.823077e-02
6.76164e+00 2.088426e+00 -2.707038e-02
6.76164e+00 2.685505e+00 -2.573506e-02
6.916873e+00 1.570796e-02 -2.01152e-04
6.916873e+00 2.346256e-02 -1.393400e-03
6.916873e+00 3.503514e-02 -1.739764e-03
6.916873e+00 5.263151e-02 -5.182567e-03
6.916873e+00 7.314235e-02 -1.253827e-02
6.916873e+00 1.025928e-01 -1.789071e-02
6.916873e+00 1.448116e-01 -2.549051e-02
6.916873e+00 2.023460e-01 -3.471587e-02
6.916873e+00 2.834245e-01 -4.001585e-02
6.916873e+00 3.967448e-01 -4.302538e-02
6.916873e+00 5.552783e-01 -4.257542e-02
6.916873e+00 7.774819e-01 -3.951003e-02
6.916873e+00 1.088445e+00 -3.405263e-02
6.916873e+00 1.523711e+00 -2.947194e-02
6.916873e+00 2.088426e+00 -2.817787e-02
6.916873e+00 2.685505e+00 -2.663525e-02
7.075210e+00 1.570796e-02 -1.823905e-04
7.075210e+00 2.346256e-02 -1.261165e-03
7.075210e+00 3.503514e-02 -1.594022e-03
7.075210e+00 5.263151e-02 -4.73467e-03
7.075210e+00 7.314235e-02 -1.143128e-02
7.075210e+00 1.025928e-01 -1.650365e-02
7.075210e+00 1.448116e-01 -2.388724e-02
7.075210e+00 2.023460e-01 -3.320081e-02
7.075210e+00 2.834245e-01 -3.925251e-02
7.075210e+00 3.967448e-01 -4.305037e-02
7.075210e+00 5.552783e-01 -4.322899e-02
7.075210e+00 7.774819e-01 -4.0452e-02
7.075210e+00 1.088445e+00 -3.508371e-02
7.075210e+00 1.523711e+00 -3.044726e-02
7.075210e+00 2.088426e+00 -2.9087e-02
7.075210e+00 2.685505e+00 -2.728895e-02
7.236714e+00 1.570796e-02 -1.650994e-04
7.236714e+00 2.346256e-02 -1.150409e-03
7.236714e+00 3.503514e-02 -1.465267e-03
7.236714e+00 5.263151e-02 -4.334008e-03
7.236714e+00 7.314235e-02 -1.040821e-02
7.236714e+00 1.025928e-01 -1.516251e-02
7.236714e+00 1.448116e-01 -2.218083e-02
7.236714e+00 2.023460e-01 -3.140321e-02
7.236714e+00 2.834245e-01 -3.801569e-02
7.236714e+00 3.967448e-01 -4.248862e-02
7.236714e+00 5.552783e-01 -4.338516e-02
7.236714e+00 7.774819e-01 -4.096865e-02
7.236714e+00 1.088445e+00 -3.579355e-02
7.236714e+00 1.523711e+00 -3.116183e-02
7.236714e+00 2.088426e+00 -2.976344e-02
7.236714e+00 2.685505e+00 -2.776228e-02
7.401449e+00 1.570796e-02 -1.493176e-04
7.401449e+00 2.346256e-02 -1.053469e-03
7.401449e+00 3.503514e-02 -1.346417e-03
7.401449e+00 5.263151e-02 -3.949596e-03
7.401449e+00 7.314235e-02 -9.468265e-03
7.401449e+00 1.025928e-01 -1.386891e-02
7.401449e+00 1.448116e-01 -2.046362e-02
7.401449e+00 2.023460e-01 -2.944908e-02
7.401449e+00 2.834245e-01 -3.64323e-02
7.401449e+00 3.967448e-01 -4.145751e-02
7.401449e+00 5.552783e-01 -4.3013e-02
7.401449e+00 7.774819e-01 -4.097951e-02
7.401449e+00 1.088445e+00 -3.610294e-02
7.401449e+00 1.523711e+00 -3.163805e-02
7.401449e+00 2.088426e+00 -3.016784e-02
7.401449e+00 2.685505e+00 -2.783712e-02
7.569477e+00 1.570796e-02 -1.371867e-04
7.569477e+00 2.346256e-02 -9.667827e-04
7.569477e+00 3.503514e-02 -1.237916e-03
7.569477e+00 5.263151e-02 -3.599322e-03
7.569477e+00 7.314235e-02 -8.606032e-03
7.569477e+00 1.025928e-01 -1.266644e-02
7.569477e+00 1.448116e-01 -1.881575e-02
7.569477e+00 2.023460e-01 -2.742585e-02
7.569477e+00 2.834245e-01 -3.452963e-02
7.569477e+00 3.967448e-01 -4.005484e-02
7.569477e+00 5.552783e-01 -4.219182e-02
7.569477e+00 7.774819e-01 -4.064355e-02
7.569477e+00 1.088445e+00 -3.611279e-02
7.569477e+00 1.523711e+00 -3.181356e-02
7.569477e+00 2.088426e+00 -3.040459e-02
7.569477e+00 2.685505e+00 -2.783592e-02
7.740867e+00 1.570796e-02 -1.259814e-04
7.740867e+00 2.346256e-02 -8.843708e-04
7.740867e+00 3.503514e-02 -1.134889e-03
7.740867e+00 5.263151e-02 -3.276826e-03
7.740867e+00 7.314235e-02 -7.815668e-03
7.740867e+00 1.025928e-01 -1.155859e-02
7.740867e+00 1.448116e-01 -1.724967e-02
7.740867e+00 2.023460e-01 -2.537251e-02
7.740867e+00 2.834245e-01 -3.246079e-02
7.740867e+00 3.967448e-01 -3.832170e-02
7.740867e+00 5.552783e-01 -4.101364e-02
7.740867e+00 7.774819e-01 -3.995508e-02
7.740867e+00 1.088445e+00 -3.585878e-02
7.740867e+00 1.523711e+00 -3.181022e-02
7.740867e+00 2.088426e+00 -3.045065e-02
7.740867e+00 2.685505e+00 -2.776283e-02
7.915684e+00 1.570796e-02 -1.140506e-04
7.915684e+00 2.346256e-02 -8.013433e-04
7.915684e+00 3.503514e-02 -1.036270e-03
7.915684e+00 5.263151e-02 -2.973124e-03
7.915684e+00 7.314235e-02 -7.10679e-03
7.915684e+00 1.025928e-01 -1.051839e-02
7.915684e+00 1.448116e-01 -1.575478e-02
7.915684e+00 2.023460e-01 -2.337044e-02
7.915684e+00 2.834245e-01 -3.031684e-02
7.915684e+00 3.967448e-01 -3.637163e-02
7.915684e+00 5.552783e-01 -3.953379e-02
7.915684e+00 7.774819e-01 -3.895626e-02
7.915684e+00 1.088445e+00 -3.534973e-02
7.915684e+00 1.523711e+00 -3.157097e-02
7.915684e+00 2.088426e+00 -3.029120e-02
7.915684e+00 2.685505e+00 -2.750352e-02
8.093998e+00 1.570796e-02 -1.038556e-04
8.093998e+00 2.346256e-02 -7.297365e-04
8.093998e+00 3.503514e-02 -9.456737e-04
8.093998e+00 5.263151e-02 -2.697024e-03
8.093998e+00 7.314235e-02 -6.450934e-03
8.093998e+00 1.025928e-01 -9.549054e-03
8.093998e+00 1.448116e-01 -1.433907e-02
8.093998e+00 2.023460e-01 -2.143016e-02
8.093998e+00 2.834245e-01 -2.814234e-02
8.093998e+00 3.967448e-01 -3.427184e-02
8.093998e+00 5.552783e-01 -3.780154e-02
8.093998e+00 7.774819e-01 -3.773913e-02
8.093998e+00 1.088445e+00 -3.458846e-02
8.093998e+00 1.523711e+00 -3.116189e-02
8.093998e+00 2.088426e+00 -2.998099e-02
8.093998e+00 2.685505e+00 -2.704801e-02
8.275878e+00 1.570796e-02 -9.37351e-05
8.275878e+00 2.346256e-02 -6.617575e-04
8.275878e+00 3.503514e-02 -8.563210e-04
8.275878e+00 5.263151e-02 -2.43797e-03
8.275878e+00 7.314235e-02 -5.837964e-03
8.275878e+00 1.025928e-01 -8.65493e-03
8.275878e+00 1.448116e-01 -1.301160e-02
8.275878e+00 2.023460e-01 -1.957396e-02
8.275878e+00 2.834245e-01 -2.597616e-02
8.275878e+00 3.967448e-01 -3.206563e-02
8.275878e+00 5.552783e-01 -3.587036e-02
8.275878e+00 7.774819e-01 -3.625681e-02
8.275878e+00 1.088445e+00 -3.361167e-02
8.275878e+00 1.523711e+00 -3.0575e-02
8.275878e+00 2.088426e+00 -2.953206e-02
8.275878e+00 2.685505e+00 -2.649698e-02
8.461396e+00 1.570796e-02 -8.437383e-05
8.461396e+00 2.346256e-02 -6.006916e-04
8.461396e+00 3.503514e-02 -7.724806e-04
8.461396e+00 5.263151e-02 -2.201015e-03
8.461396e+00 7.314235e-02 -5.271621e-03
8.461396e+00 1.025928e-01 -7.830937e-03
8.461396e+00 1.448116e-01 -1.176638e-02
8.461396e+00 2.023460e-01 -1.780680e-02
8.461396e+00 2.834245e-01 -2.383217e-02
8.461396e+00 3.967448e-01 -2.983174e-02
8.461396e+00 5.552783e-01 -3.381752e-02
8.461396e+00 7.774819e-01 -3.458885e-02
8.461396e+00 1.088445e+00 -3.244384e-02
8.461396e+00 1.523711e+00 -2.981524e-02
8.461396e+00 2.088426e+00 -2.888517e-02
8.461396e+00 2.685505e+00 -2.5762e-02
8.650623e+00 1.570796e-02 -7.677577e-05
8.650623e+00 2.346256e-02 -5.415186e-04
8.650623e+00 3.503514e-02 -6.962918e-04
8.650623e+00 5.263151e-02 -1.983118e-03
8.650623e+00 7.314235e-02 -4.748031e-03
8.650623e+00 1.025928e-01 -7.060662e-03
8.650623e+00 1.448116e-01 -1.061775e-02
8.650623e+00 2.023460e-01 -1.614819e-02
8.650623e+00 2.834245e-01 -2.178731e-02
8.650623e+00 3.967448e-01 -2.758337e-02
8.650623e+00 5.552783e-01 -3.164513e-02
8.650623e+00 7.774819e-01 -3.276387e-02
8.650623e+00 1.088445e+00 -3.112367e-02
8.650623e+00 1.523711e+00 -2.889827e-02
8.650623e+00 2.088426e+00 -2.812282e-02
8.650623e+00 2.685505e+00 -2.501647e-02
8.843636e+00 1.570796e-02 -6.933522e-05
8.843636e+00 2.346256e-02 -4.878751e-04
8.843636e+00 3.503514e-02 -6.278306e-04
8.843636e+00 5.263151e-02 -1.78484e-03
8.843636e+00 7.314235e-02 -4.2712e-03
8.843636e+00 1.025928e-01 -6.350777e-03
8.843636e+00 1.448116e-01 -9.568041e-03
8.843636e+00 2.023460e-01 -1.460514e-02
8.843636e+00 2.834245e-01 -1.983183e-02
8.843636e+00 3.967448e-01 -2.534744e-02
8.843636e+00 5.552783e-01 -2.945194e-02
8.843636e+00 7.774819e-01 -3.086419e-02
8.843636e+00 1.088445e+00 -2.968103e-02
8.843636e+00 1.523711e+00 -2.786847e-02
8.843636e+00 2.088426e+00 -2.728608e-02
8.843636e+00 2.685505e+00 -2.417779e-02
9.040509e+00 1.570796e-02 -6.268443e-05
9.040509e+00 2.346256e-02 -4.383535e-04
9.040509e+00 3.503514e-02 -5.655571e-04
9.040509e+00 5.263151e-02 -1.602056e-03
9.040509e+00 7.314235e-02 -3.829908e-03
9.040509e+00 1.025928e-01 -5.711310e-03
9.040509e+00 1.448116e-01 -8.610188e-03
9.040509e+00 2.023460e-01 -1.316851e-02
9.040509e+00 2.834245e-01 -1.797251e-02
9.040509e+00 3.967448e-01 -2.316575e-02
9.040509e+00 5.552783e-01 -2.725588e-02
9.040509e+00 7.774819e-01 -2.890441e-02
9.040509e+00 1.088445e+00 -2.813371e-02
9.040509e+00 1.523711e+00 -2.673899e-02
9.040509e+00 2.088426e+00 -2.631455e-02
9.040509e+00 2.685505e+00 -2.323224e-02
9.241319e+00 1.570796e-02 -5.669588e-05
9.241319e+00 2.346256e-02 -3.909644e-04
9.241319e+00 3.503514e-02 -5.074318e-04
9.241319e+00 5.263151e-02 -1.436563e-03
9.241319e+00 7.314235e-02 -3.433881e-03
9.241319e+00 1.025928e-01 -5.125973e-03
9.241319e+00 1.448116e-01 -7.739293e-03
9.241319e+00 2.023460e-01 -1.184145e-02
9.241319e+00 2.834245e-01 -1.624710e-02
9.241319e+00 3.967448e-01 -2.10984e-02
9.241319e+00 5.552783e-01 -2.507962e-02
9.241319e+00 7.774819e-01 -2.691348e-02
9.241319e+00 1.088445e+00 -2.652451e-02
9.241319e+00 1.523711e+00 -2.548724e-02
9.241319e+00 2.088426e+00 -2.520998e-02
9.241319e+00 2.685505e+00 -2.216791e-02
9.446145e+00 1.570796e-02 -5.072064e-05
9.446145e+00 2.346256e-02 -3.483294e-04
9.446145e+00 3.503514e-02 -4.551836e-04
9.446145e+00 5.263151e-02 -1.284353e-03
9.446145e+00 7.314235e-02 -3.070643e-03
9.446145e+00 1.025928e-01 -4.583628e-03
9.446145e+00 1.448116e-01 -6.927106e-03
9.446145e+00 2.023460e-01 -1.061654e-02
9.446145e+00 2.834245e-01 -1.462533e-02
9.446145e+00 3.967448e-01 -1.910763e-02
9.446145e+00 5.552783e-01 -2.294113e-02
9.446145e+00 7.774819e-01 -2.492236e-02
9.446145e+00 1.088445e+00 -2.486748e-02
9.446145e+00 1.523711e+00 -2.417117e-02
9.446145e+00 2.088426e+00 -2.405157e-02
9.446145e+00 2.685505e+00 -2.107798e-02
9.655068e+00 1.570796e-02 -4.538048e-05
9.655068e+00 2.346256e-02 -3.120374e-04
9.655068e+00 3.503514e-02 -4.061317e-04
9.655068e+00 5.263151e-02 -1.144286e-03
9.655068e+00 7.314235e-02 -2.738229e-03
9.655068e+00 1.025928e-01 -4.078324e-03
9.655068e+00 1.448116e-01 -6.182190e-03
9.655068e+00 2.023460e-01 -9.476194e-03
9.655068e+00 2.834245e-01 -1.310059e-02
9.655068e+00 3.967448e-01 -1.721532e-02
9.655068e+00 5.552783e-01 -2.085208e-02
9.655068e+00 7.774819e-01 -2.291647e-02
9.655068e+00 1.088445e+00 -2.313512e-02
9.655068e+00 1.523711e+00 -2.280743e-02
9.655068e+00 2.088426e+00 -2.283420e-02
9.655068e+00 2.685505e+00 -2.000243e-02
9.86817e+00 1.570796e-02 -4.049956e-05
9.86817e+00 2.346256e-02 -2.786185e-04
9.86817e+00 3.503514e-02 -3.629223e-04
9.86817e+00 5.263151e-02 -1.014834e-03
9.86817e+00 7.314235e-02 -2.436039e-03
9.86817e+00 1.025928e-01 -3.623103e-03
9.86817e+00 1.448116e-01 -5.499188e-03
9.86817e+00 2.023460e-01 -8.42601e-03
9.86817e+00 2.834245e-01 -1.16905e-02
9.86817e+00 3.967448e-01 -1.544070e-02
9.86817e+00 5.552783e-01 -1.885370e-02
9.86817e+00 7.774819e-01 -2.096292e-02
9.86817e+00 1.088445e+00 -2.144300e-02
9.86817e+00 1.523711e+00 -2.138424e-02
9.86817e+00 2.088426e+00 -2.155343e-02
9.86817e+00 2.685505e+00 -1.884913e-02
1.008553e+01 1.570796e-02 -3.581736e-05
1.008553e+01 2.346256e-02 -2.484062e-04
1.008553e+01 3.503514e-02 -3.2205e-04
1.008553e+01 5.263151e-02 -8.996419e-04
1.008553e+01 7.314235e-02 -2.153232e-03
1.008553e+01 1.025928e-01 -3.207965e-03
1.008553e+01 1.448116e-01 -4.868724e-03
1.008553e+01 2.023460e-01 -7.469046e-03
1.008553e+01 2.834245e-01 -1.039387e-02
1.008553e+01 3.967448e-01 -1.379839e-02
1.008553e+01 5.552783e-01 -1.696659e-02
1.008553e+01 7.774819e-01 -1.909506e-02
1.008553e+01 1.088445e+00 -1.977870e-02
1.008553e+01 1.523711e+00 -1.995984e-02
1.008553e+01 2.088426e+00 -2.024622e-02
1.008553e+01 2.685505e+00 -1.765595e-02
1.030724e+01 1.570796e-02 -3.195698e-05
1.030724e+01 2.346256e-02 -2.195857e-04
1.030724e+01 3.503514e-02 -2.842831e-04
1.030724e+01 5.263151e-02 -7.944793e-04
1.030724e+01 7.314235e-02 -1.900676e-03
1.030724e+01 1.025928e-01 -2.831598e-03
1.030724e+01 1.448116e-01 -4.292922e-03
1.030724e+01 2.023460e-01 -6.598553e-03
1.030724e+01 2.834245e-01 -9.202523e-03
1.030724e+01 3.967448e-01 -1.226819e-02
1.030724e+01 5.552783e-01 -1.518131e-02
1.030724e+01 7.774819e-01 -1.728159e-02
1.030724e+01 1.088445e+00 -1.812567e-02
1.030724e+01 1.523711e+00 -1.853490e-02
1.030724e+01 2.088426e+00 -1.893931e-02
1.030724e+01 2.685505e+00 -1.64885e-02
1.053339e+01 1.570796e-02 -2.789992e-05
1.053339e+01 2.346256e-02 -1.942822e-04
1.053339e+01 3.503514e-02 -2.496589e-04
1.053339e+01 5.263151e-02 -6.988633e-04
1.053339e+01 7.314235e-02 -1.670963e-03
1.053339e+01 1.025928e-01 -2.491137e-03
1.053339e+01 1.448116e-01 -3.779549e-03
1.053339e+01 2.023460e-01 -5.807962e-03
1.053339e+01 2.834245e-01 -8.112765e-03
1.053339e+01 3.967448e-01 -1.08493e-02
1.053339e+01 5.552783e-01 -1.351778e-02
1.053339e+01 7.774819e-01 -1.556446e-02
1.053339e+01 1.088445e+00 -1.651609e-02
1.053339e+01 1.523711e+00 -1.713084e-02
1.053339e+01 2.088426e+00 -1.761710e-02
1.053339e+01 2.685505e+00 -1.530575e-02
1.076406e+01 1.570796e-02 -2.449358e-05
1.076406e+01 2.346256e-02 -1.703515e-04
1.076406e+01 3.503514e-02 -2.17989e-04
1.076406e+01 5.263151e-02 -6.128363e-04
1.076406e+01 7.314235e-02 -1.46262e-03
1.076406e+01 1.025928e-01 -2.181511e-03
1.076406e+01 1.448116e-01 -3.318774e-03
1.076406e+01 2.023460e-01 -5.095797e-03
1.076406e+01 2.834245e-01 -7.12331e-03
1.076406e+01 3.967448e-01 -9.561739e-03
1.076406e+01 5.552783e-01 -1.197981e-02
1.076406e+01 7.774819e-01 -1.393592e-02
1.076406e+01 1.088445e+00 -1.497704e-02
1.076406e+01 1.523711e+00 -1.57339e-02
1.076406e+01 2.088426e+00 -1.629932e-02
1.076406e+01 2.685505e+00 -1.416260e-02
1.099934e+01 1.570796e-02 -2.112552e-05
1.099934e+01 2.346256e-02 -1.496074e-04
1.099934e+01 3.503514e-02 -1.903365e-04
1.099934e+01 5.263151e-02 -5.349503e-04
1.099934e+01 7.314235e-02 -1.275948e-03
1.099934e+01 1.025928e-01 -1.900897e-03
1.099934e+01 1.448116e-01 -2.902005e-03
1.099934e+01 2.023460e-01 -4.454908e-03
1.099934e+01 2.834245e-01 -6.225552e-03
1.099934e+01 3.967448e-01 -8.386642e-03
1.099934e+01 5.552783e-01 -1.055526e-02
1.099934e+01 7.774819e-01 -1.241053e-02
1.099934e+01 1.088445e+00 -1.351083e-02
1.099934e+01 1.523711e+00 -1.436846e-02
1.099934e+01 2.088426e+00 -1.499328e-02
1.099934e+01 2.685505e+00 -1.303610e-02
1.123932e+01 1.570796e-02 -1.850244e-05
1.123932e+01 2.346256e-02 -1.308185e-04
1.123932e+01 3.503514e-02 -1.653468e-04
1.123932e+01 5.263151e-02 -4.659222e-04
1.123932e+01 7.314235e-02 -1.111598e-03
1.123932e+01 1.025928e-01 -1.651894e-03
1.123932e+01 1.448116e-01 -2.526785e-03
1.123932e+01 2.023460e-01 -3.873800e-03
1.123932e+01 2.834245e-01 -5.425125e-03
1.123932e+01 3.967448e-01 -7.325954e-03
1.123932e+01 5.552783e-01 -9.262066e-03
1.123932e+01 7.774819e-01 -1.099315e-02
1.123932e+01 1.088445e+00 -1.212426e-02
1.123932e+01 1.523711e+00 -1.305852e-02
1.123932e+01 2.088426e+00 -1.371426e-02
1.123932e+01 2.685505e+00 -1.195301e-02
1.148411e+01 1.570796e-02 -1.626621e-05
1.148411e+01 2.346256e-02 -1.131533e-04
1.148411e+01 3.503514e-02 -1.432006e-04
1.148411e+01 5.263151e-02 -4.037984e-04
1.148411e+01 7.314235e-02 -9.640645e-04
1.148411e+01 1.025928e-01 -1.430403e-03
1.148411e+01 1.448116e-01 -2.194263e-03
1.148411e+01 2.023460e-01 -3.360239e-03
1.148411e+01 2.834245e-01 -4.708614e-03
1.148411e+01 3.967448e-01 -6.370033e-03
1.148411e+01 5.552783e-01 -8.094022e-03
1.148411e+01 7.774819e-01 -9.693510e-03
1.148411e+01 1.088445e+00 -1.080984e-02
1.148411e+01 1.523711e+00 -1.178006e-02
1.148411e+01 2.088426e+00 -1.246629e-02
1.148411e+01 2.685505e+00 -1.092999e-02
1.173379e+01 1.570796e-02 -1.39893e-05
1.173379e+01 2.346256e-02 -9.625425e-05
1.173379e+01 3.503514e-02 -1.229871e-04
1.173379e+01 5.263151e-02 -3.483117e-04
1.173379e+01 7.314235e-02 -8.304231e-04
1.173379e+01 1.025928e-01 -1.227508e-03
1.173379e+01 1.448116e-01 -1.893407e-03
1.173379e+01 2.023460e-01 -2.889135e-03
1.173379e+01 2.834245e-01 -4.055055e-03
1.173379e+01 3.967448e-01 -5.495072e-03
1.173379e+01 5.552783e-01 -7.014984e-03
1.173379e+01 7.774819e-01 -8.482016e-03
1.173379e+01 1.088445e+00 -9.579465e-03
1.173379e+01 1.523711e+00 -1.061073e-02
1.173379e+01 2.088426e+00 -1.134745e-02
1.173379e+01 2.685505e+00 -1.0002e-02
1.198847e+01 1.570796e-02 -1.201893e-05
1.198847e+01 2.346256e-02 -8.243261e-05
1.198847e+01 3.503514e-02 -1.052723e-04
1.198847e+01 5.263151e-02 -2.991765e-04
1.198847e+01 7.314235e-02 -7.112349e-04
1.198847e+01 1.025928e-01 -1.047528e-03
1.198847e+01 1.448116e-01 -1.622204e-03
1.198847e+01 2.023460e-01 -2.476564e-03
1.198847e+01 2.834245e-01 -3.484448e-03
1.198847e+01 3.967448e-01 -4.720819e-03
1.198847e+01 5.552783e-01 -6.046139e-03
1.198847e+01 7.774819e-01 -7.389656e-03
1.198847e+01 1.088445e+00 -8.451725e-03
1.198847e+01 1.523711e+00 -9.490414e-03
1.198847e+01 2.088426e+00 -1.021125e-02
1.198847e+01 2.685505e+00 -8.999046e-03
1.224824e+01 1.570796e-02 -1.023001e-05
1.224824e+01 2.346256e-02 -7.037766e-05
1.224824e+01 3.503514e-02 -9.061801e-05
1.224824e+01 5.263151e-02 -2.558392e-04
1.224824e+01 7.314235e-02 -6.061169e-04
1.224824e+01 1.025928e-01 -8.953761e-04
1.224824e+01 1.448116e-01 -1.388038e-03
1.224824e+01 2.023460e-01 -2.113214e-03
1.224824e+01 2.834245e-01 -2.984428e-03
1.224824e+01 3.967448e-01 -4.044297e-03
1.224824e+01 5.552783e-01 -5.201388e-03
1.224824e+01 7.774819e-01 -6.413566e-03
1.224824e+01 1.088445e+00 -7.422912e-03
1.224824e+01 1.523711e+00 -8.437828e-03
1.224824e+01 2.088426e+00 -9.135108e-03
1.224824e+01 2.685505e+00 -8.06874e-03
1.251320e+01 1.570796e-02 -8.71724e-06
1.251320e+01 2.346256e-02 -5.898541e-05
1.251320e+01 3.503514e-02 -7.64463e-05
1.251320e+01 5.263151e-02 -2.179712e-04
1.251320e+01 7.314235e-02 -5.156120e-04
1.251320e+01 1.025928e-01 -7.614114e-04
1.251320e+01 1.448116e-01 -1.183524e-03
1.251320e+01 2.023460e-01 -1.797349e-03
1.251320e+01 2.834245e-01 -2.539844e-03
1.251320e+01 3.967448e-01 -3.448563e-03
1.251320e+01 5.552783e-01 -4.452315e-03
1.251320e+01 7.774819e-01 -5.534374e-03
1.251320e+01 1.088445e+00 -6.483574e-03
1.251320e+01 1.523711e+00 -7.454957e-03
1.251320e+01 2.088426e+00 -8.144064e-03
1.251320e+01 2.685505e+00 -7.196176e-03
1.278347e+01 1.570796e-02 -7.275414e-06
1.278347e+01 2.346256e-02 -4.988814e-05
1.278347e+01 3.503514e-02 -6.421398e-05
1.278347e+01 5.263151e-02 -1.846970e-04
1.278347e+01 7.314235e-02 -4.348946e-04
1.278347e+01 1.025928e-01 -6.440965e-04
1.278347e+01 1.448116e-01 -1.001595e-03
1.278347e+01 2.023460e-01 -1.520635e-03
1.278347e+01 2.834245e-01 -2.151302e-03
1.278347e+01 3.967448e-01 -2.925196e-03
1.278347e+01 5.552783e-01 -3.7926e-03
1.278347e+01 7.774819e-01 -4.74165e-03
1.278347e+01 1.088445e+00 -5.624006e-03
1.278347e+01 1.523711e+00 -6.534023e-03
1.278347e+01 2.088426e+00 -7.180674e-03
1.278347e+01 2.685505e+00 -6.376846e-03
1.305914e+01 1.570796e-02 -6.034455e-06
1.305914e+01 2.346256e-02 -4.195023e-05
1.305914e+01 3.503514e-02 -5.462146e-05
1.305914e+01 5.263151e-02 -1.557702e-04
1.305914e+01 7.314235e-02 -3.667738e-04
1.305914e+01 1.025928e-01 -5.425612e-04
1.305914e+01 1.448116e-01 -8.469360e-04
1.305914e+01 2.023460e-01 -1.284084e-03
1.305914e+01 2.834245e-01 -1.819001e-03
1.305914e+01 3.967448e-01 -2.472743e-03
1.305914e+01 5.552783e-01 -3.216194e-03
1.305914e+01 7.774819e-01 -4.057213e-03
1.305914e+01 1.088445e+00 -4.859171e-03
1.305914e+01 1.523711e+00 -5.698897e-03
1.305914e+01 2.088426e+00 -6.291982e-03
1.305914e+01 2.685505e+00 -5.571078e-03
1.334032e+01 1.570796e-02 -5.175528e-06
1.334032e+01 2.346256e-02 -3.542077e-05
1.334032e+01 3.503514e-02 -4.565645e-05
1.334032e+01 5.263151e-02 -1.301341e-04
1.334032e+01 7.314235e-02 -3.078736e-04
1.334032e+01 1.025928e-01 -4.551924e-04
1.334032e+01 1.448116e-01 -7.108876e-04
1.334032e+01 2.023460e-01 -1.076781e-03
1.334032e+01 2.834245e-01 -1.531691e-03
1.334032e+01 3.967448e-01 -2.078197e-03
1.334032e+01 5.552783e-01 -2.713429e-03
1.334032e+01 7.774819e-01 -3.446563e-03
1.334032e+01 1.088445e+00 -4.160359e-03
1.334032e+01 1.523711e+00 -4.916889e-03
1.334032e+01 2.088426e+00 -5.456016e-03
1.334032e+01 2.685505e+00 -4.847004e-03
1.362713e+01 1.570796e-02 -4.255331e-06
1.362713e+01 2.346256e-02 -2.964086e-05
1.362713e+01 3.503514e-02 -3.805173e-05
1.362713e+01 5.263151e-02 -1.08679e-04
1.362713e+01 7.314235e-02 -2.562491e-04
1.362713e+01 1.025928e-01 -3.812666e-04
1.362713e+01 1.448116e-01 -5.921065e-04
1.362713e+01 2.023460e-01 -8.993490e-04
1.362713e+01 2.834245e-01 -1.279496e-03
1.362713e+01 3.967448e-01 -1.740394e-03
1.362713e+01 5.552783e-01 -2.276914e-03
1.362713e+01 7.774819e-01 -2.911545e-03
1.362713e+01 1.088445e+00 -3.549368e-03
1.362713e+01 1.523711e+00 -4.218659e-03
1.362713e+01 2.088426e+00 -4.706798e-03
1.362713e+01 2.685505e+00 -4.188332e-03
1.391967e+01 1.570796e-02 -3.627264e-06
1.391967e+01 2.346256e-02 -2.466369e-05
1.391967e+01 3.503514e-02 -3.180263e-05
1.391967e+01 5.263151e-02 -9.036014e-05
1.391967e+01 7.314235e-02 -2.128035e-04
1.391967e+01 1.025928e-01 -3.163276e-04
1.391967e+01 1.448116e-01 -4.916835e-04
1.391967e+01 2.023460e-01 -7.473700e-04
1.391967e+01 2.834245e-01 -1.063932e-03
1.391967e+01 3.967448e-01 -1.449433e-03
1.391967e+01 5.552783e-01 -1.898738e-03
1.391967e+01 7.774819e-01 -2.442209e-03
1.391967e+01 1.088445e+00 -2.999103e-03
1.391967e+01 1.523711e+00 -3.581e-03
1.391967e+01 2.088426e+00 -4.008109e-03
1.391967e+01 2.685505e+00 -3.570699e-03
1.421806e+01 1.570796e-02 -3.015878e-06
1.421806e+01 2.346256e-02 -2.010436e-05
1.421806e+01 3.503514e-02 -2.629686e-05
1.421806e+01 5.263151e-02 -7.450611e-05
1.421806e+01 7.314235e-02 -1.750964e-04
1.421806e+01 1.025928e-01 -2.614833e-04
1.421806e+01 1.448116e-01 -4.062837e-04
1.421806e+01 2.023460e-01 -6.164667e-04
1.421806e+01 2.834245e-01 -8.801646e-04
1.421806e+01 3.967448e-01 -1.196861e-03
1.421806e+01 5.552783e-01 -1.575097e-03
1.421806e+01 7.774819e-01 -2.041062e-03
1.421806e+01 1.088445e+00 -2.516685e-03
1.421806e+01 1.523711e+00 -3.024146e-03
1.421806e+01 2.088426e+00 -3.382679e-03
1.421806e+01 2.685505e+00 -2.995553e-03
1.452242e+01 1.570796e-02 -2.497633e-06
1.452242e+01 2.346256e-02 -1.646280e-05
1.452242e+01 3.503514e-02 -2.180903e-05
1.452242e+01 5.263151e-02 -6.067974e-05
1.452242e+01 7.314235e-02 -1.428304e-04
1.452242e+01 1.025928e-01 -2.134234e-04
1.452242e+01 1.448116e-01 -3.337801e-04
1.452242e+01 2.023460e-01 -5.068675e-04
1.452242e+01 2.834245e-01 -7.232035e-04
1.452242e+01 3.967448e-01 -9.851872e-04
1.452242e+01 5.552783e-01 -1.299711e-03
1.452242e+01 7.774819e-01 -1.693323e-03
1.452242e+01 1.088445e+00 -2.103791e-03
1.452242e+01 1.523711e+00 -2.530413e-03
1.452242e+01 2.088426e+00 -2.834143e-03
1.452242e+01 2.685505e+00 -2.507029e-03
1.483287e+01 1.570796e-02 -2.051490e-06
1.483287e+01 2.346256e-02 -1.336457e-05
1.483287e+01 3.503514e-02 -1.775761e-05
1.483287e+01 5.263151e-02 -4.969244e-05
1.483287e+01 7.314235e-02 -1.170844e-04
1.483287e+01 1.025928e-01 -1.746985e-04
1.483287e+01 1.448116e-01 -2.716932e-04
1.483287e+01 2.023460e-01 -4.139302e-04
1.483287e+01 2.834245e-01 -5.925559e-04
1.483287e+01 3.967448e-01 -8.058162e-04
1.483287e+01 5.552783e-01 -1.068307e-03
1.483287e+01 7.774819e-01 -1.395858e-03
1.483287e+01 1.088445e+00 -1.745006e-03
1.483287e+01 1.523711e+00 -2.109572e-03
1.483287e+01 2.088426e+00 -2.359971e-03
1.483287e+01 2.685505e+00 -2.079766e-03
1.514953e+01 1.570796e-02 -1.699936e-06
1.514953e+01 2.346256e-02 -1.058803e-05
1.514953e+01 3.503514e-02 -1.456489e-05
1.514953e+01 5.263151e-02 -4.020369e-05
1.514953e+01 7.314235e-02 -9.493924e-05
1.514953e+01 1.025928e-01 -1.416428e-04
1.514953e+01 1.448116e-01 -2.202878e-04
1.514953e+01 2.023460e-01 -3.35979e-04
1.514953e+01 2.834245e-01 -4.815688e-04
1.514953e+01 3.967448e-01 -6.540394e-04
1.514953e+01 5.552783e-01 -8.705505e-04
1.514953e+01 7.774819e-01 -1.144662e-03
1.514953e+01 1.088445e+00 -1.437108e-03
1.514953e+01 1.523711e+00 -1.742596e-03
1.514953e+01 2.088426e+00 -1.948428e-03
1.514953e+01 2.685505e+00 -1.701245e-03
1.547252e+01 1.570796e-02 -1.39399e-06
1.547252e+01 2.346256e-02 -8.496472e-06
1.547252e+01 3.503514e-02 -1.169221e-05
1.547252e+01 5.263151e-02 -3.258537e-05
1.547252e+01 7.314235e-02 -7.628840e-05
1.547252e+01 1.025928e-01 -1.133922e-04
1.547252e+01 1.448116e-01 -1.779252e-04
1.547252e+01 2.023460e-01 -2.695143e-04
1.547252e+01 2.834245e-01 -3.891195e-04
1.547252e+01 3.967448e-01 -5.284647e-04
1.547252e+01 5.552783e-01 -7.055467e-04
1.547252e+01 7.774819e-01 -9.355198e-04
1.547252e+01 1.088445e+00 -1.179266e-03
1.547252e+01 1.523711e+00 -1.43627e-03
1.547252e+01 2.088426e+00 -1.601295e-03
1.547252e+01 2.685505e+00 -1.373307e-03
1.580197e+01 1.570796e-02 -1.120445e-06
1.580197e+01 2.346256e-02 -6.755591e-06
1.580197e+01 3.503514e-02 -9.169031e-06
1.580197e+01 5.263151e-02 -2.602078e-05
1.580197e+01 7.314235e-02 -6.116592e-05
1.580197e+01 1.025928e-01 -9.009016e-05
1.580197e+01 1.448116e-01 -1.426933e-04
1.580197e+01 2.023460e-01 -2.155462e-04
1.580197e+01 2.834245e-01 -3.113123e-04
1.580197e+01 3.967448e-01 -4.237724e-04
1.580197e+01 5.552783e-01 -5.677034e-04
1.580197e+01 7.774819e-01 -7.575063e-04
1.580197e+01 1.088445e+00 -9.581603e-04
1.580197e+01 1.523711e+00 -1.169037e-03
1.580197e+01 2.088426e+00 -1.297450e-03
1.580197e+01 2.685505e+00 -1.093583e-03
1.613801e+01 1.570796e-02 -8.909772e-07
1.613801e+01 2.346256e-02 -5.259614e-06
1.613801e+01 3.503514e-02 -7.282150e-06
1.613801e+01 5.263151e-02 -2.075497e-05
1.613801e+01 7.314235e-02 -4.807159e-05
1.613801e+01 1.025928e-01 -7.11593e-05
1.613801e+01 1.448116e-01 -1.130740e-04
1.613801e+01 2.023460e-01 -1.698884e-04
1.613801e+01 2.834245e-01 -2.462336e-04
1.613801e+01 3.967448e-01 -3.358198e-04
1.613801e+01 5.552783e-01 -4.502690e-04
1.613801e+01 7.774819e-01 -6.078543e-04
1.613801e+01 1.088445e+00 -7.710781e-04
1.613801e+01 1.523711e+00 -9.409972e-04
1.613801e+01 2.088426e+00 -1.038455e-03
1.613801e+01 2.685505e+00 -8.510426e-04
1.648077e+01 1.570796e-02 -7.150729e-07
1.648077e+01 2.346256e-02 -3.969709e-06
1.648077e+01 3.503514e-02 -5.633085e-06
1.648077e+01 5.263151e-02 -1.611980e-05
1.648077e+01 7.314235e-02 -3.755963e-05
1.648077e+01 1.025928e-01 -5.508308e-05
1.648077e+01 1.448116e-01 -8.850267e-05
1.648077e+01 2.023460e-01 -1.330253e-04
1.648077e+01 2.834245e-01 -1.931305e-04
1.648077e+01 3.967448e-01 -2.627021e-04
1.648077e+01 5.552783e-01 -3.549686e-04
1.648077e+01 7.774819e-01 -4.834221e-04
1.648077e+01 1.088445e+00 -6.138439e-04
1.648077e+01 1.523711e+00 -7.509393e-04
1.648077e+01 2.088426e+00 -8.273315e-04
1.648077e+01 2.685505e+00 -6.529745e-04
1.683038e+01 1.570796e-02 -5.674509e-07
1.683038e+01 2.346256e-02 -3.073885e-06
1.683038e+01 3.503514e-02 -4.262685e-06
1.683038e+01 5.263151e-02 -1.232615e-05
1.683038e+01 7.314235e-02 -2.882464e-05
1.683038e+01 1.025928e-01 -4.245483e-05
1.683038e+01 1.448116e-01 -6.817421e-05
1.683038e+01 2.023460e-01 -1.029172e-04
1.683038e+01 2.834245e-01 -1.496173e-04
1.683038e+01 3.967448e-01 -2.036071e-04
1.683038e+01 5.552783e-01 -2.764297e-04
1.683038e+01 7.774819e-01 -3.802947e-04
1.683038e+01 1.088445e+00 -4.849247e-04
1.683038e+01 1.523711e+00 -5.975479e-04
1.683038e+01 2.088426e+00 -6.541710e-04
1.683038e+01 2.685505e+00 -4.991471e-04
1.718699e+01 1.570796e-02 -4.338728e-07
1.718699e+01 2.346256e-02 -2.352695e-06
1.718699e+01 3.503514e-02 -3.301741e-06
1.718699e+01 5.263151e-02 -9.495707e-06
1.718699e+01 7.314235e-02 -2.186974e-05
1.718699e+01 1.025928e-01 -3.234025e-05
1.718699e+01 1.448116e-01 -5.203214e-05
1.718699e+01 2.023460e-01 -7.889454e-05
1.718699e+01 2.834245e-01 -1.143562e-04
1.718699e+01 3.967448e-01 -1.562721e-04
1.718699e+01 5.552783e-01 -2.133737e-04
1.718699e+01 7.774819e-01 -2.971077e-04
1.718699e+01 1.088445e+00 -3.816448e-04
1.718699e+01 1.523711e+00 -4.712958e-04
1.718699e+01 2.088426e+00 -5.168518e-04
1.718699e+01 2.685505e+00 -3.850834e-04
1.755073e+01 1.570796e-02 -3.342471e-07
1.755073e+01 2.346256e-02 -1.711961e-06
1.755073e+01 3.503514e-02 -2.479657e-06
1.755073e+01 5.263151e-02 -7.245288e-06
1.755073e+01 7.314235e-02 -1.645828e-05
1.755073e+01 1.025928e-01 -2.445699e-05
1.755073e+01 1.448116e-01 -3.899557e-05
1.755073e+01 2.023460e-01 -5.952082e-05
1.755073e+01 2.834245e-01 -8.619195e-05
1.755073e+01 3.967448e-01 -1.181696e-04
1.755073e+01 5.552783e-01 -1.627745e-04
1.755073e+01 7.774819e-01 -2.289848e-04
1.755073e+01 1.088445e+00 -2.979961e-04
1.755073e+01 1.523711e+00 -3.707457e-04
1.755073e+01 2.088426e+00 -4.085075e-04
1.755073e+01 2.685505e+00 -3.000952e-04
1.792175e+01 1.570796e-02 -2.533644e-07
1.792175e+01 2.346256e-02 -1.264469e-06
1.792175e+01 3.503514e-02 -1.848772e-06
1.792175e+01 5.263151e-02 -5.417885e-06
1.792175e+01 7.314235e-02 -1.231079e-05
1.792175e+01 1.025928e-01 -1.814054e-05
1.792175e+01 1.448116e-01 -2.886958e-05
1.792175e+01 2.023460e-01 -4.419944e-05
1.792175e+01 2.834245e-01 -6.417941e-05
1.792175e+01 3.967448e-01 -8.842063e-05
1.792175e+01 5.552783e-01 -1.223642e-04
1.792175e+01 7.774819e-01 -1.742524e-04
1.792175e+01 1.088445e+00 -2.292438e-04
1.792175e+01 1.523711e+00 -2.897563e-04
1.792175e+01 2.088426e+00 -3.203516e-04
1.792175e+01 2.685505e+00 -2.342085e-04
1.830018e+01 1.570796e-02 -1.9266e-07
1.830018e+01 2.346256e-02 -8.764249e-07
1.830018e+01 3.503514e-02 -1.314931e-06
1.830018e+01 5.263151e-02 -3.928986e-06
1.830018e+01 7.314235e-02 -8.979296e-06
1.830018e+01 1.025928e-01 -1.309573e-05
1.830018e+01 1.448116e-01 -2.093853e-05
1.830018e+01 2.023460e-01 -3.199025e-05
1.830018e+01 2.834245e-01 -4.716175e-05
1.830018e+01 3.967448e-01 -6.453683e-05
1.830018e+01 5.552783e-01 -9.007954e-05
1.830018e+01 7.774819e-01 -1.298668e-04
1.830018e+01 1.088445e+00 -1.72805e-04
1.830018e+01 1.523711e+00 -2.208202e-04
1.830018e+01 2.088426e+00 -2.468526e-04
1.830018e+01 2.685505e+00 -1.827406e-04
1.868618e+01 1.570796e-02 -1.426846e-07
1.868618e+01 2.346256e-02 -6.532872e-07
1.868618e+01 3.503514e-02 -9.198573e-07
1.868618e+01 5.263151e-02 -2.799294e-06
1.868618e+01 7.314235e-02 -6.439235e-06
1.868618e+01 1.025928e-01 -9.270922e-06
1.868618e+01 1.448116e-01 -1.493418e-05
1.868618e+01 2.023460e-01 -2.265236e-05
1.868618e+01 2.834245e-01 -3.40001e-05
1.868618e+01 3.967448e-01 -4.641118e-05
1.868618e+01 5.552783e-01 -6.555915e-05
1.868618e+01 7.774819e-01 -9.507226e-05
1.868618e+01 1.088445e+00 -1.283434e-04
1.868618e+01 1.523711e+00 -1.661267e-04
1.868618e+01 2.088426e+00 -1.875032e-04
1.868618e+01 2.685505e+00 -1.401500e-04
1.907991e+01 1.570796e-02 -1.025662e-07
1.907991e+01 2.346256e-02 -4.163635e-07
1.907991e+01 3.503514e-02 -6.250098e-07
1.907991e+01 5.263151e-02 -1.891078e-06
1.907991e+01 7.314235e-02 -4.318361e-06
1.907991e+01 1.025928e-01 -6.321026e-06
1.907991e+01 1.448116e-01 -1.018551e-05
1.907991e+01 2.023460e-01 -1.541607e-05
1.907991e+01 2.834245e-01 -2.306795e-05
1.907991e+01 3.967448e-01 -3.174993e-05
1.907991e+01 5.552783e-01 -4.542338e-05
1.907991e+01 7.774819e-01 -6.643515e-05
1.907991e+01 1.088445e+00 -9.127117e-05
1.907991e+01 1.523711e+00 -1.206281e-04
1.907991e+01 2.088426e+00 -1.382392e-04
1.907991e+01 2.685505e+00 -1.069546e-04
1.948151e+01 1.570796e-02 -6.793550e-08
1.948151e+01 2.346256e-02 -3.036652e-07
1.948151e+01 3.503514e-02 -4.191905e-07
1.948151e+01 5.263151e-02 -1.270683e-06
1.948151e+01 7.314235e-02 -2.927104e-06
1.948151e+01 1.025928e-01 -4.306119e-06
1.948151e+01 1.448116e-01 -7.002142e-06
1.948151e+01 2.023460e-01 -1.041406e-05
1.948151e+01 2.834245e-01 -1.56301e-05
1.948151e+01 3.967448e-01 -2.189325e-05
1.948151e+01 5.552783e-01 -3.149097e-05
1.948151e+01 7.774819e-01 -4.643177e-05
1.948151e+01 1.088445e+00 -6.457003e-05
1.948151e+01 1.523711e+00 -8.743344e-05
1.948151e+01 2.088426e+00 -1.028497e-04
1.948151e+01 2.685505e+00 -8.231463e-05
1.989114e+01 1.570796e-02 -4.693433e-08
1.989114e+01 2.346256e-02 -1.897668e-07
1.989114e+01 3.503514e-02 -2.949586e-07
1.989114e+01 5.263151e-02 -8.481036e-07
1.989114e+01 7.314235e-02 -1.982775e-06
1.989114e+01 1.025928e-01 -2.927728e-06
1.989114e+01 1.448116e-01 -4.757534e-06
1.989114e+01 2.023460e-01 -7.034802e-06
1.989114e+01 2.834245e-01 -1.063431e-05
1.989114e+01 3.967448e-01 -1.500709e-05
1.989114e+01 5.552783e-01 -2.158957e-05
1.989114e+01 7.774819e-01 -3.217361e-05
1.989114e+01 1.088445e+00 -4.53258e-05
1.989114e+01 1.523711e+00 -6.228727e-05
1.989114e+01 2.088426e+00 -7.428554e-05
1.989114e+01 2.685505e+00 -6.070989e-05
2.030896e+01 1.570796e-02 -3.189320e-08
2.030896e+01 2.346256e-02 -1.201649e-07
2.030896e+01 3.503514e-02 -1.979701e-07
2.030896e+01 5.263151e-02 -5.559531e-07
2.030896e+01 7.314235e-02 -1.321868e-06
2.030896e+01 1.025928e-01 -1.956963e-06
2.030896e+01 1.448116e-01 -3.111603e-06
2.030896e+01 2.023460e-01 -4.678596e-06
2.030896e+01 2.834245e-01 -7.083523e-06
2.030896e+01 3.967448e-01 -1.021904e-05
2.030896e+01 5.552783e-01 -1.461936e-05
2.030896e+01 7.774819e-01 -2.200890e-05
2.030896e+01 1.088445e+00 -3.114723e-05
2.030896e+01 1.523711e+00 -4.334661e-05
2.030896e+01 2.088426e+00 -5.225709e-05
2.030896e+01 2.685505e+00 -4.349654e-05
2.073514e+01 1.570796e-02 -2.171387e-08
2.073514e+01 2.346256e-02 -7.413225e-08
2.073514e+01 3.503514e-02 -1.346618e-07
2.073514e+01 5.263151e-02 -3.657947e-07
2.073514e+01 7.314235e-02 -8.748822e-07
2.073514e+01 1.025928e-01 -1.278177e-06
2.073514e+01 1.448116e-01 -2.060512e-06
2.073514e+01 2.023460e-01 -3.031990e-06
2.073514e+01 2.834245e-01 -4.642836e-06
2.073514e+01 3.967448e-01 -6.732009e-06
2.073514e+01 5.552783e-01 -9.665493e-06
2.073514e+01 7.774819e-01 -1.451314e-05
2.073514e+01 1.088445e+00 -2.093475e-05
2.073514e+01 1.523711e+00 -2.961264e-05
2.073514e+01 2.088426e+00 -3.609503e-05
2.073514e+01 2.685505e+00 -3.074158e-05
2.116984e+01 1.570796e-02 -1.414047e-08
2.116984e+01 2.346256e-02 -5.620856e-08
2.116984e+01 3.503514e-02 -8.219275e-08
2.116984e+01 5.263151e-02 -2.289386e-07
2.116984e+01 7.314235e-02 -5.513708e-07
2.116984e+01 1.025928e-01 -7.956191e-07
2.116984e+01 1.448116e-01 -1.262743e-06
2.116984e+01 2.023460e-01 -1.878449e-06
2.116984e+01 2.834245e-01 -2.975094e-06
2.116984e+01 3.967448e-01 -4.294443e-06
2.116984e+01 5.552783e-01 -6.197789e-06
2.116984e+01 7.774819e-01 -9.321487e-06
2.116984e+01 1.088445e+00 -1.374692e-05
2.116984e+01 1.523711e+00 -1.970609e-05
2.116984e+01 2.088426e+00 -2.439131e-05
2.116984e+01 2.685505e+00 -2.201707e-05
2.161324e+01 1.570796e-02 -9.106052e-09
2.161324e+01 2.346256e-02 -3.689846e-08
2.161324e+01 3.503514e-02 -5.100794e-08
2.161324e+01 5.263151e-02 -1.46547e-07
2.161324e+01 7.314235e-02 -3.585316e-07
2.161324e+01 1.025928e-01 -5.194105e-07
2.161324e+01 1.448116e-01 -8.157981e-07
2.161324e+01 2.023460e-01 -1.210817e-06
2.161324e+01 2.834245e-01 -1.935973e-06
2.161324e+01 3.967448e-01 -2.796801e-06
2.161324e+01 5.552783e-01 -4.052515e-06
2.161324e+01 7.774819e-01 -6.100118e-06
2.161324e+01 1.088445e+00 -9.082979e-06
2.161324e+01 1.523711e+00 -1.319022e-05
2.161324e+01 2.088426e+00 -1.648807e-05
2.161324e+01 2.685505e+00 -1.538872e-05
2.206550e+01 1.570796e-02 -5.307952e-09
2.206550e+01 2.346256e-02 -2.367762e-08
2.206550e+01 3.503514e-02 -2.862387e-08
2.206550e+01 5.263151e-02 -9.237775e-08
2.206550e+01 7.314235e-02 -2.157047e-07
2.206550e+01 1.025928e-01 -3.07198e-07
2.206550e+01 1.448116e-01 -4.931616e-07
2.206550e+01 2.023460e-01 -7.181880e-07
2.206550e+01 2.834245e-01 -1.154121e-06
2.206550e+01 3.967448e-01 -1.688152e-06
2.206550e+01 5.552783e-01 -2.445015e-06
2.206550e+01 7.774819e-01 -3.690807e-06
2.206550e+01 1.088445e+00 -5.581932e-06
2.206550e+01 1.523711e+00 -8.305084e-06
2.206550e+01 2.088426e+00 -1.093073e-05
2.206550e+01 2.685505e+00 -1.061951e-05
2.252681e+01 1.570796e-02 -1.319308e-10
2.252681e+01 2.346256e-02 -2.304611e-10
2.252681e+01 3.503514e-02 -2.171544e-10
2.252681e+01 5.263151e-02 -1.005026e-09
2.252681e+01 7.314235e-02 -2.027787e-09
2.252681e+01 1.025928e-01 -5.49086e-10
2.252681e+01 1.448116e-01 2.487106e-09
2.252681e+01 2.023460e-01 9.017211e-09
2.252681e+01 2.834245e-01 1.947357e-08
2.252681e+01 3.967448e-01 3.634821e-08
2.252681e+01 5.552783e-01 5.912259e-08
2.252681e+01 7.774819e-01 8.111689e-08
2.252681e+01 1.088445e+00 8.516808e-08
2.252681e+01 1.523711e+00 5.490669e-08
2.252681e+01 2.088426e+00 7.804013e-09
2.252681e+01 2.685505e+00 -1.603181e-08
2.299735e+01 1.570796e-02 -7.146547e-11
2.299735e+01 2.346256e-02 7.12924e-11
2.299735e+01 3.503514e-02 1.278376e-10
2.299735e+01 5.263151e-02 7.288781e-11
2.299735e+01 7.314235e-02 3.734670e-10
2.299735e+01 1.025928e-01 2.373761e-09
2.299735e+01 1.448116e-01 6.231507e-09
2.299735e+01 2.023460e-01 1.347378e-08
2.299735e+01 2.834245e-01 2.442797e-08
2.299735e+01 3.967448e-01 4.171969e-08
2.299735e+01 5.552783e-01 6.515715e-08
2.299735e+01 7.774819e-01 8.845882e-08
2.299735e+01 1.088445e+00 9.470815e-08
2.299735e+01 1.523711e+00 6.769843e-08
2.299735e+01 2.088426e+00 2.224707e-08
2.299735e+01 2.685505e+00 -6.221272e-09
2.34773e+01 1.570796e-02 -2.696518e-11
2.34773e+01 2.346256e-02 2.802384e-10
2.34773e+01 3.503514e-02 3.756213e-10
2.34773e+01 5.263151e-02 8.479352e-10
2.34773e+01 7.314235e-02 2.132725e-09
2.34773e+01 1.025928e-01 4.489385e-09
2.34773e+01 1.448116e-01 8.883428e-09
2.34773e+01 2.023460e-01 1.661679e-08
2.34773e+01 2.834245e-01 2.787782e-08
2.34773e+01 3.967448e-01 4.541455e-08
2.34773e+01 5.552783e-01 6.928141e-08
2.34773e+01 7.774819e-01 9.344806e-08
2.34773e+01 1.088445e+00 1.016206e-07
2.34773e+01 1.523711e+00 7.772461e-08
2.34773e+01 2.088426e+00 3.41983e-08
2.34773e+01 2.685505e+00 2.874362e-09
2.396684e+01 1.570796e-02 5.415407e-12
2.396684e+01 2.346256e-02 4.294030e-10
2.396684e+01 3.503514e-02 5.472776e-10
2.396684e+01 5.263151e-02 1.395966e-09
2.396684e+01 7.314235e-02 3.375611e-09
2.396684e+01 1.025928e-01 5.975485e-09
2.396684e+01 1.448116e-01 1.070345e-08
2.396684e+01 2.023460e-01 1.872732e-08
2.396684e+01 2.834245e-01 3.01026e-08
2.396684e+01 3.967448e-01 4.776788e-08
2.396684e+01 5.552783e-01 7.176127e-08
2.396684e+01 7.774819e-01 9.666502e-08
2.396684e+01 1.088445e+00 1.063367e-07
2.396684e+01 1.523711e+00 8.583997e-08
2.396684e+01 2.088426e+00 4.425507e-08
2.396684e+01 2.685505e+00 9.384502e-09
2.446618e+01 1.570796e-02 2.82544e-11
2.446618e+01 2.346256e-02 5.305537e-10
2.446618e+01 3.503514e-02 6.605422e-10
2.446618e+01 5.263151e-02 1.759966e-09
2.446618e+01 7.314235e-02 4.213691e-09
2.446618e+01 1.025928e-01 6.948112e-09
2.446618e+01 1.448116e-01 1.183629e-08
2.446618e+01 2.023460e-01 1.998733e-08
2.446618e+01 2.834245e-01 3.132469e-08
2.446618e+01 3.967448e-01 4.895808e-08
2.446618e+01 5.552783e-01 7.286973e-08
2.446618e+01 7.774819e-01 9.817178e-08
2.446618e+01 1.088445e+00 1.091195e-07
2.446618e+01 1.523711e+00 9.170050e-08
2.446618e+01 2.088426e+00 5.248705e-08
2.446618e+01 2.685505e+00 1.577244e-08
2.497550e+01 1.570796e-02 4.390874e-11
2.497550e+01 2.346256e-02 5.862506e-10
2.497550e+01 3.503514e-02 7.292786e-10
2.497550e+01 5.263151e-02 1.985177e-09
2.497550e+01 7.314235e-02 4.737752e-09
2.497550e+01 1.025928e-01 7.511522e-09
2.497550e+01 1.448116e-01 1.243083e-08
2.497550e+01 2.023460e-01 2.057799e-08
2.497550e+01 2.834245e-01 3.176384e-08
2.497550e+01 3.967448e-01 4.918541e-08
2.497550e+01 5.552783e-01 7.281273e-08
2.497550e+01 7.774819e-01 9.821419e-08
2.497550e+01 1.088445e+00 1.103422e-07
2.497550e+01 1.523711e+00 9.603122e-08
2.497550e+01 2.088426e+00 5.925560e-08
2.497550e+01 2.685505e+00 2.143476e-08
2.549501e+01 1.570796e-02 5.371183e-11
2.549501e+01 2.346256e-02 6.114628e-10
2.549501e+01 3.503514e-02 7.604779e-10
2.549501e+01 5.263151e-02 2.101728e-09
2.549501e+01 7.314235e-02 5.005107e-09
2.549501e+01 1.025928e-01 7.756515e-09
2.549501e+01 1.448116e-01 1.261444e-08
2.549501e+01 2.023460e-01 2.063145e-08
2.549501e+01 2.834245e-01 3.157199e-08
2.549501e+01 3.967448e-01 4.865332e-08
2.549501e+01 5.552783e-01 7.180528e-08
2.549501e+01 7.774819e-01 9.701568e-08
2.549501e+01 1.088445e+00 1.102219e-07
2.549501e+01 1.523711e+00 9.887734e-08
2.549501e+01 2.088426e+00 6.482995e-08
2.549501e+01 2.685505e+00 2.608994e-08
2.602491e+01 1.570796e-02 5.939301e-11
2.602491e+01 2.346256e-02 6.176133e-10
2.602491e+01 3.503514e-02 7.642881e-10
2.602491e+01 5.263151e-02 2.130368e-09
2.602491e+01 7.314235e-02 5.077247e-09
2.602491e+01 1.025928e-01 7.759079e-09
2.602491e+01 1.448116e-01 1.248022e-08
2.602491e+01 2.023460e-01 2.026615e-08
2.602491e+01 2.834245e-01 3.086587e-08
2.602491e+01 3.967448e-01 4.747736e-08
2.602491e+01 5.552783e-01 6.998047e-08
2.602491e+01 7.774819e-01 9.471077e-08
2.602491e+01 1.088445e+00 1.088596e-07
2.602491e+01 1.523711e+00 1.004519e-07
2.602491e+01 2.088426e+00 6.932084e-08
2.602491e+01 2.685505e+00 2.992615e-08
2.656541e+01 1.570796e-02 6.215625e-11
2.656541e+01 2.346256e-02 6.04859e-10
2.656541e+01 3.503514e-02 7.476378e-10
2.656541e+01 5.263151e-02 2.096461e-09
2.656541e+01 7.314235e-02 4.999950e-09
2.656541e+01 1.025928e-01 7.575598e-09
2.656541e+01 1.448116e-01 1.209353e-08
2.656541e+01 2.023460e-01 1.956857e-08
2.656541e+01 2.834245e-01 2.974369e-08
2.656541e+01 3.967448e-01 4.575391e-08
2.656541e+01 5.552783e-01 6.746193e-08
2.656541e+01 7.774819e-01 9.154566e-08
2.656541e+01 1.088445e+00 1.063513e-07
2.656541e+01 1.523711e+00 1.009602e-07
2.656541e+01 2.088426e+00 7.305838e-08
2.656541e+01 2.685505e+00 3.407770e-08
2.711672e+01 1.570796e-02 6.232544e-11
2.711672e+01 2.346256e-02 5.808239e-10
2.711672e+01 3.503514e-02 7.143182e-10
2.711672e+01 5.263151e-02 2.01403e-09
2.711672e+01 7.314235e-02 4.810567e-09
2.711672e+01 1.025928e-01 7.249517e-09
2.711672e+01 1.448116e-01 1.151727e-08
2.711672e+01 2.023460e-01 1.861036e-08
2.711672e+01 2.834245e-01 2.829694e-08
2.711672e+01 3.967448e-01 4.357773e-08
2.711672e+01 5.552783e-01 6.431814e-08
2.711672e+01 7.774819e-01 8.755193e-08
2.711672e+01 1.088445e+00 1.029222e-07
2.711672e+01 1.523711e+00 1.003240e-07
2.711672e+01 2.088426e+00 7.592097e-08
2.711672e+01 2.685505e+00 3.798198e-08
2.767905e+01 1.570796e-02 6.076228e-11
2.767905e+01 2.346256e-02 5.468763e-10
2.767905e+01 3.503514e-02 6.696632e-10
2.767905e+01 5.263151e-02 1.898016e-09
2.767905e+01 7.314235e-02 4.538337e-09
2.767905e+01 1.025928e-01 6.820245e-09
2.767905e+01 1.448116e-01 1.080563e-08
2.767905e+01 2.023460e-01 1.746034e-08
2.767905e+01 2.834245e-01 2.659036e-08
2.767905e+01 3.967448e-01 4.104522e-08
2.767905e+01 5.552783e-01 6.067024e-08
2.767905e+01 7.774819e-01 8.291559e-08
2.767905e+01 1.088445e+00 9.865002e-08
2.767905e+01 1.523711e+00 9.865570e-08
2.767905e+01 2.088426e+00 7.791886e-08
2.767905e+01 2.685505e+00 4.172362e-08
2.825263e+01 1.570796e-02 5.769344e-11
2.825263e+01 2.346256e-02 5.061615e-10
2.825263e+01 3.503514e-02 6.159036e-10
2.825263e+01 5.263151e-02 1.758425e-09
2.825263e+01 7.314235e-02 4.212695e-09
2.825263e+01 1.025928e-01 6.315931e-09
2.825263e+01 1.448116e-01 9.997467e-09
2.825263e+01 2.023460e-01 1.617520e-08
2.825263e+01 2.834245e-01 2.469612e-08
2.825263e+01 3.967448e-01 3.820963e-08
2.825263e+01 5.552783e-01 5.659624e-08
2.825263e+01 7.774819e-01 7.765004e-08
2.825263e+01 1.088445e+00 9.353257e-08
2.825263e+01 1.523711e+00 9.595784e-08
2.825263e+01 2.088426e+00 7.898358e-08
2.825263e+01 2.685505e+00 4.540971e-08
2.883769e+01 1.570796e-02 5.356991e-11
2.883769e+01 2.346256e-02 4.602566e-10
2.883769e+01 3.503514e-02 5.573580e-10
2.883769e+01 5.263151e-02 1.602594e-09
2.883769e+01 7.314235e-02 3.845486e-09
2.883769e+01 1.025928e-01 5.758663e-09
2.883769e+01 1.448116e-01 9.118679e-09
2.883769e+01 2.023460e-01 1.477760e-08
2.883769e+01 2.834245e-01 2.263742e-08
2.883769e+01 3.967448e-01 3.51289e-08
2.883769e+01 5.552783e-01 5.213266e-08
2.883769e+01 7.774819e-01 7.186279e-08
2.883769e+01 1.088445e+00 8.761279e-08
2.883769e+01 1.523711e+00 9.225469e-08
2.883769e+01 2.088426e+00 7.929941e-08
2.883769e+01 2.685505e+00 4.90332e-08
2.943444e+01 1.570796e-02 4.876353e-11
2.943444e+01 2.346256e-02 4.114503e-10
2.943444e+01 3.503514e-02 4.962942e-10
2.943444e+01 5.263151e-02 1.436041e-09
2.943444e+01 7.314235e-02 3.451365e-09
2.943444e+01 1.025928e-01 5.169373e-09
2.943444e+01 1.448116e-01 8.191605e-09
2.943444e+01 2.023460e-01 1.330657e-08
2.943444e+01 2.834245e-01 2.046204e-08
2.943444e+01 3.967448e-01 3.184091e-08
2.943444e+01 5.552783e-01 4.736208e-08
2.943444e+01 7.774819e-01 6.557371e-08
2.943444e+01 1.088445e+00 8.103182e-08
2.943444e+01 1.523711e+00 8.750352e-08
2.943444e+01 2.088426e+00 7.874304e-08
2.943444e+01 2.685505e+00 5.246065e-08
3.004313e+01 1.570796e-02 4.343273e-11
3.004313e+01 2.346256e-02 3.612612e-10
3.004313e+01 3.503514e-02 4.341333e-10
3.004313e+01 5.263151e-02 1.263440e-09
3.004313e+01 7.314235e-02 3.042808e-09
3.004313e+01 1.025928e-01 4.558683e-09
3.004313e+01 1.448116e-01 7.231061e-09
3.004313e+01 2.023460e-01 1.178352e-08
3.004313e+01 2.834245e-01 1.819535e-08
3.004313e+01 3.967448e-01 2.839875e-08
3.004313e+01 5.552783e-01 4.231714e-08
3.004313e+01 7.774819e-01 5.890129e-08
3.004313e+01 1.088445e+00 7.372477e-08
3.004313e+01 1.523711e+00 8.174581e-08
3.004313e+01 2.088426e+00 7.712114e-08
3.004313e+01 2.685505e+00 5.56458e-08
3.066399e+01 1.570796e-02 3.779469e-11
3.066399e+01 2.346256e-02 3.102098e-10
3.066399e+01 3.503514e-02 3.719245e-10
3.066399e+01 5.263151e-02 1.088198e-09
3.066399e+01 7.314235e-02 2.627833e-09
3.066399e+01 1.025928e-01 3.937144e-09
3.066399e+01 1.448116e-01 6.254530e-09
3.066399e+01 2.023460e-01 1.022516e-08
3.066399e+01 2.834245e-01 1.585509e-08
3.066399e+01 3.967448e-01 2.481789e-08
3.066399e+01 5.552783e-01 3.704106e-08
3.066399e+01 7.774819e-01 5.181408e-08
3.066399e+01 1.088445e+00 6.575623e-08
3.066399e+01 1.523711e+00 7.493128e-08
3.066399e+01 2.088426e+00 7.411178e-08
3.066399e+01 2.685505e+00 5.811929e-08
3.129727e+01 1.570796e-02 3.196179e-11
3.129727e+01 2.346256e-02 2.595898e-10
3.129727e+01 3.503514e-02 3.104231e-10
3.129727e+01 5.263151e-02 9.12609e-10
3.129727e+01 7.314235e-02 2.208093e-09
3.129727e+01 1.025928e-01 3.312358e-09
3.129727e+01 1.448116e-01 5.270554e-09
3.129727e+01 2.023460e-01 8.645168e-09
3.129727e+01 2.834245e-01 1.346349e-08
3.129727e+01 3.967448e-01 2.112170e-08
3.129727e+01 5.552783e-01 3.159044e-08
3.129727e+01 7.774819e-01 4.44189e-08
3.129727e+01 1.088445e+00 5.710708e-08
3.129727e+01 1.523711e+00 6.693357e-08
3.129727e+01 2.088426e+00 6.962354e-08
3.129727e+01 2.685505e+00 5.952356e-08
3.194322e+01 1.570796e-02 2.603383e-11
3.194322e+01 2.346256e-02 2.095645e-10
3.194322e+01 3.503514e-02 2.501792e-10
3.194322e+01 5.263151e-02 7.380116e-10
3.194322e+01 7.314235e-02 1.790806e-09
3.194322e+01 1.025928e-01 2.688933e-09
3.194322e+01 1.448116e-01 4.286054e-09
3.194322e+01 2.023460e-01 7.05671e-09
3.194322e+01 2.834245e-01 1.103338e-08
3.194322e+01 3.967448e-01 1.734199e-08
3.194322e+01 5.552783e-01 2.600536e-08
3.194322e+01 7.774819e-01 3.673274e-08
3.194322e+01 1.088445e+00 4.785288e-08
3.194322e+01 1.523711e+00 5.768445e-08
3.194322e+01 2.088426e+00 6.327440e-08
3.194322e+01 2.685505e+00 5.893208e-08
3.260208e+01 1.570796e-02 2.008168e-11
3.260208e+01 2.346256e-02 1.603942e-10
3.260208e+01 3.503514e-02 1.915576e-10
3.260208e+01 5.263151e-02 5.664176e-10
3.260208e+01 7.314235e-02 1.377895e-09
3.260208e+01 1.025928e-01 2.070071e-09
3.260208e+01 1.448116e-01 3.307196e-09
3.260208e+01 2.023460e-01 5.463629e-09
3.260208e+01 2.834245e-01 8.578892e-09
3.260208e+01 3.967448e-01 1.350656e-08
3.260208e+01 5.552783e-01 2.028561e-08
3.260208e+01 7.774819e-01 2.878706e-08
3.260208e+01 1.088445e+00 3.800792e-08
3.260208e+01 1.523711e+00 4.713161e-08
3.260208e+01 2.088426e+00 5.467256e-08
3.260208e+01 2.685505e+00 5.554734e-08
3.327412e+01 1.570796e-02 1.41535e-11
3.327412e+01 2.346256e-02 1.121654e-10
3.327412e+01 3.503514e-02 1.341289e-10
3.327412e+01 5.263151e-02 3.974075e-10
3.327412e+01 7.314235e-02 9.697683e-10
3.327412e+01 1.025928e-01 1.458274e-09
3.327412e+01 1.448116e-01 2.335862e-09
3.327412e+01 2.023460e-01 3.873335e-09
3.327412e+01 2.834245e-01 6.107619e-09
3.327412e+01 3.967448e-01 9.629971e-09
3.327412e+01 5.552783e-01 1.449478e-08
3.327412e+01 7.774819e-01 2.06644e-08
3.327412e+01 1.088445e+00 2.762378e-08
3.327412e+01 1.523711e+00 3.523477e-08
3.327412e+01 2.088426e+00 4.325365e-08
3.327412e+01 2.685505e+00 4.787828e-08
3.395961e+01 1.570796e-02 8.562773e-12
3.395961e+01 2.346256e-02 6.804841e-11
3.395961e+01 3.503514e-02 8.137367e-11
3.395961e+01 5.263151e-02 2.411446e-10
3.395961e+01 7.314235e-02 5.896304e-10
3.395961e+01 1.025928e-01 8.86718e-10
3.395961e+01 1.448116e-01 1.420352e-09
3.395961e+01 2.023460e-01 2.355313e-09
3.395961e+01 2.834245e-01 3.707301e-09
3.395961e+01 3.967448e-01 5.823433e-09
3.395961e+01 5.552783e-01 8.733900e-09
3.395961e+01 7.774819e-01 1.244478e-08
3.395961e+01 1.088445e+00 1.677579e-08
3.395961e+01 1.523711e+00 2.195446e-08
3.395961e+01 2.088426e+00 2.83963e-08
3.395961e+01 2.685505e+00 3.374672e-08
3.46588e+01 1.570796e-02 3.058067e-12
3.46588e+01 2.346256e-02 2.318379e-11
3.46588e+01 3.503514e-02 2.389095e-11
3.46588e+01 5.263151e-02 7.700974e-11
3.46588e+01 7.314235e-02 1.858618e-10
3.46588e+01 1.025928e-01 2.764825e-10
3.46588e+01 1.448116e-01 4.522165e-10
3.46588e+01 2.023460e-01 7.520762e-10
3.46588e+01 2.834245e-01 1.200630e-09
3.46588e+01 3.967448e-01 1.893695e-09
3.46588e+01 5.552783e-01 2.854353e-09
3.46588e+01 7.774819e-01 4.088841e-09
3.46588e+01 1.088445e+00 5.581393e-09
3.46588e+01 1.523711e+00 7.477821e-09
3.46588e+01 2.088426e+00 1.015937e-08
3.46588e+01 2.685505e+00 1.297429e-08
3.537197e+01 1.570796e-02 0.e+00
3.537197e+01 2.346256e-02 0.e+00
3.537197e+01 3.503514e-02 0.e+00
3.537197e+01 5.263151e-02 0.e+00
3.537197e+01 7.314235e-02 0.e+00
3.537197e+01 1.025928e-01 0.e+00
3.537197e+01 1.448116e-01 0.e+00
3.537197e+01 2.023460e-01 0.e+00
3.537197e+01 2.834245e-01 0.e+00
3.537197e+01 3.967448e-01 0.e+00
3.537197e+01 5.552783e-01 0.e+00
3.537197e+01 7.774819e-01 0.e+00
3.537197e+01 1.088445e+00 0.e+00
3.537197e+01 1.523711e+00 0.e+00
3.537197e+01 2.088426e+00 0.e+00
3.537197e+01 2.685505e+00 0.e+00
