5.e+00 1.570796e-02 0.e+00
5.e+00 2.346256e-02 0.e+00
5.e+00 3.503514e-02 0.e+00
5.e+00 5.263151e-02 0.e+00
5.e+00 7.314235e-02 0.e+00
5.e+00 1.025928e-01 0.e+00
5.e+00 1.448116e-01 0.e+00
5.e+00 2.023460e-01 0.e+00
5.e+00 2.834245e-01 0.e+00
5.e+00 3.967448e-01 0.e+00
5.e+00 5.552783e-01 0.e+00
5.e+00 7.774819e-01 0.e+00
5.e+00 1.088445e+00 0.e+00
5.e+00 1.523711e+00 0.e+00
5.e+00 2.088426e+00 0.e+00
5.e+00 2.685505e+00 0.e+00
5.12e+00 1.570796e-02 0.e+00
5.12e+00 2.346256e-02 0.e+00
5.12e+00 3.503514e-02 0.e+00
5.12e+00 5.263151e-02 0.e+00
5.12e+00 7.314235e-02 0.e+00
5.12e+00 1.025928e-01 0.e+00
5.12e+00 1.448116e-01 0.e+00
5.12e+00 2.023460e-01 0.e+00
5.12e+00 2.834245e-01 0.e+00
5.12e+00 3.967448e-01 0.e+00
5.12e+00 5.552783e-01 0.e+00
5.12e+00 7.774819e-01 0.e+00
5.12e+00 1.088445e+00 0.e+00
5.12e+00 1.523711e+00 0.e+00
5.12e+00 2.088426e+00 0.e+00
5.12e+00 2.685505e+00 0.e+00
5.2424e+00 1.570796e-02 -8.731738e-06
5.2424e+00 2.346256e-02 -1.981746e-07
5.2424e+00 3.503514e-02 1.808607e-05
5.2424e+00 5.263151e-02 -6.020725e-05
5.2424e+00 7.314235e-02 -2.894800e-05
5.2424e+00 1.025928e-01 -1.493302e-05
5.2424e+00 1.448116e-01 -3.864222e-05
5.2424e+00 2.023460e-01 2.124306e-07
5.2424e+00 2.834245e-01 -2.411468e-05
5.2424e+00 3.967448e-01 -4.03658e-06
5.2424e+00 5.552783e-01 -1.143211e-05
5.2424e+00 7.774819e-01 -1.186975e-05
5.2424e+00 1.088445e+00 -1.158681e-05
5.2424e+00 1.523711e+00 -1.046278e-05
5.2424e+00 2.088426e+00 -1.115933e-05
5.2424e+00 2.685505e+00 -1.185663e-05
5.367248e+00 1.570796e-02 -1.165675e-04
5.367248e+00 2.346256e-02 -2.741517e-05
5.367248e+00 3.503514e-02 -3.285304e-05
5.367248e+00 5.263151e-02 -3.966786e-04
5.367248e+00 7.314235e-02 -5.351612e-04
5.367248e+00 1.025928e-01 -3.316664e-04
5.367248e+00 1.448116e-01 -1.874301e-04
5.367248e+00 2.023460e-01 -2.565029e-04
5.367248e+00 2.834245e-01 -2.182137e-04
5.367248e+00 3.967448e-01 -2.000334e-04
5.367248e+00 5.552783e-01 -2.014211e-04
5.367248e+00 7.774819e-01 -1.679198e-04
5.367248e+00 1.088445e+00 -1.667986e-04
5.367248e+00 1.523711e+00 -1.538105e-04
5.367248e+00 2.088426e+00 -1.673645e-04
5.367248e+00 2.685505e+00 -1.780976e-04
5.494593e+00 1.570796e-02 -4.312149e-04
5.494593e+00 2.346256e-02 -1.234401e-04
5.494593e+00 3.503514e-02 -4.614271e-04
5.494593e+00 5.263151e-02 -9.075279e-04
5.494593e+00 7.314235e-02 -1.548656e-03
5.494593e+00 1.025928e-01 -1.272424e-03
5.494593e+00 1.448116e-01 -1.268609e-03
5.494593e+00 2.023460e-01 -1.059765e-03
5.494593e+00 2.834245e-01 -1.011501e-03
5.494593e+00 3.967448e-01 -9.172407e-04
5.494593e+00 5.552783e-01 -8.732772e-04
5.494593e+00 7.774819e-01 -7.814158e-04
5.494593e+00 1.088445e+00 -7.161871e-04
5.494593e+00 1.523711e+00 -6.728414e-04
5.494593e+00 2.088426e+00 -7.194349e-04
5.494593e+00 2.685505e+00 -7.41957e-04
5.624485e+00 1.570796e-02 -8.234746e-04
5.624485e+00 2.346256e-02 -4.759425e-04
5.624485e+00 3.503514e-02 -1.019997e-03
5.624485e+00 5.263151e-02 -2.069131e-03
5.624485e+00 7.314235e-02 -3.252291e-03
5.624485e+00 1.025928e-01 -3.457119e-03
5.624485e+00 1.448116e-01 -3.475685e-03
5.624485e+00 2.023460e-01 -3.072241e-03
5.624485e+00 2.834245e-01 -3.169099e-03
5.624485e+00 3.967448e-01 -2.731053e-03
5.624485e+00 5.552783e-01 -2.505749e-03
5.624485e+00 7.774819e-01 -2.199157e-03
5.624485e+00 1.088445e+00 -1.977425e-03
5.624485e+00 1.523711e+00 -1.860903e-03
5.624485e+00 2.088426e+00 -1.961694e-03
5.624485e+00 2.685505e+00 -2.010004e-03
5.756975e+00 1.570796e-02 -1.037506e-03
5.756975e+00 2.346256e-02 -8.738283e-04
5.756975e+00 3.503514e-02 -1.669381e-03
5.756975e+00 5.263151e-02 -3.603779e-03
5.756975e+00 7.314235e-02 -5.638107e-03
5.756975e+00 1.025928e-01 -6.416336e-03
5.756975e+00 1.448116e-01 -6.755738e-03
5.756975e+00 2.023460e-01 -6.1926e-03
5.756975e+00 2.834245e-01 -6.362931e-03
5.756975e+00 3.967448e-01 -5.768017e-03
5.756975e+00 5.552783e-01 -5.118425e-03
5.756975e+00 7.774819e-01 -4.434651e-03
5.756975e+00 1.088445e+00 -3.94468e-03
5.756975e+00 1.523711e+00 -3.661722e-03
5.756975e+00 2.088426e+00 -3.839102e-03
5.756975e+00 2.685505e+00 -3.931100e-03
5.892114e+00 1.570796e-02 -1.164769e-03
5.892114e+00 2.346256e-02 -1.134818e-03
5.892114e+00 3.503514e-02 -2.114500e-03
5.892114e+00 5.263151e-02 -5.033638e-03
5.892114e+00 7.314235e-02 -8.089812e-03
5.892114e+00 1.025928e-01 -9.88388e-03
5.892114e+00 1.448116e-01 -1.067994e-02
5.892114e+00 2.023460e-01 -1.052396e-02
5.892114e+00 2.834245e-01 -1.079124e-02
5.892114e+00 3.967448e-01 -9.767952e-03
5.892114e+00 5.552783e-01 -8.723999e-03
5.892114e+00 7.774819e-01 -7.589901e-03
5.892114e+00 1.088445e+00 -6.658429e-03
5.892114e+00 1.523711e+00 -6.112530e-03
5.892114e+00 2.088426e+00 -6.323714e-03
5.892114e+00 2.685505e+00 -6.373035e-03
6.029956e+00 1.570796e-02 -1.119209e-03
6.029956e+00 2.346256e-02 -1.187845e-03
6.029956e+00 3.503514e-02 -2.304392e-03
6.029956e+00 5.263151e-02 -5.940121e-03
6.029956e+00 7.314235e-02 -1.027781e-02
6.029956e+00 1.025928e-01 -1.320143e-02
6.029956e+00 1.448116e-01 -1.478993e-02
6.029956e+00 2.023460e-01 -1.533893e-02
6.029956e+00 2.834245e-01 -1.548330e-02
6.029956e+00 3.967448e-01 -1.447534e-02
6.029956e+00 5.552783e-01 -1.279371e-02
6.029956e+00 7.774819e-01 -1.120258e-02
6.029956e+00 1.088445e+00 -9.771899e-03
6.029956e+00 1.523711e+00 -8.857431e-03
6.029956e+00 2.088426e+00 -9.114826e-03
6.029956e+00 2.685505e+00 -9.095465e-03
6.170555e+00 1.570796e-02 -1.096875e-03
6.170555e+00 2.346256e-02 -1.163188e-03
6.170555e+00 3.503514e-02 -2.331981e-03
6.170555e+00 5.263151e-02 -6.417951e-03
6.170555e+00 7.314235e-02 -1.148617e-02
6.170555e+00 1.025928e-01 -1.586572e-02
6.170555e+00 1.448116e-01 -1.822999e-02
6.170555e+00 2.023460e-01 -1.974451e-02
6.170555e+00 2.834245e-01 -2.012332e-02
6.170555e+00 3.967448e-01 -1.911741e-02
6.170555e+00 5.552783e-01 -1.703836e-02
6.170555e+00 7.774819e-01 -1.506906e-02
6.170555e+00 1.088445e+00 -1.295572e-02
6.170555e+00 1.523711e+00 -1.167796e-02
6.170555e+00 2.088426e+00 -1.192270e-02
6.170555e+00 2.685505e+00 -1.179881e-02
6.313967e+00 1.570796e-02 -1.045635e-03
6.313967e+00 2.346256e-02 -1.088197e-03
6.313967e+00 3.503514e-02 -2.325872e-03
6.313967e+00 5.263151e-02 -6.587262e-03
6.313967e+00 7.314235e-02 -1.204687e-02
6.313967e+00 1.025928e-01 -1.754968e-02
6.313967e+00 1.448116e-01 -2.093056e-02
6.313967e+00 2.023460e-01 -2.359844e-02
6.313967e+00 2.834245e-01 -2.442312e-02
6.313967e+00 3.967448e-01 -2.353996e-02
6.313967e+00 5.552783e-01 -2.119709e-02
6.313967e+00 7.774819e-01 -1.884664e-02
6.313967e+00 1.088445e+00 -1.619063e-02
6.313967e+00 1.523711e+00 -1.443973e-02
6.313967e+00 2.088426e+00 -1.464627e-02
6.313967e+00 2.685505e+00 -1.441423e-02
6.460246e+00 1.570796e-02 -9.772493e-04
6.460246e+00 2.346256e-02 -1.014459e-03
6.460246e+00 3.503514e-02 -2.258162e-03
6.460246e+00 5.263151e-02 -6.50909e-03
6.460246e+00 7.314235e-02 -1.204089e-02
6.460246e+00 1.025928e-01 -1.847913e-02
6.460246e+00 1.448116e-01 -2.265933e-02
6.460246e+00 2.023460e-01 -2.654282e-02
6.460246e+00 2.834245e-01 -2.82587e-02
6.460246e+00 3.967448e-01 -2.747007e-02
6.460246e+00 5.552783e-01 -2.517712e-02
6.460246e+00 7.774819e-01 -2.240215e-02
6.460246e+00 1.088445e+00 -1.925435e-02
6.460246e+00 1.523711e+00 -1.710923e-02
6.460246e+00 2.088426e+00 -1.718260e-02
6.460246e+00 2.685505e+00 -1.682382e-02
6.609451e+00 1.570796e-02 -9.036225e-04
6.609451e+00 2.346256e-02 -9.124689e-04
6.609451e+00 3.503514e-02 -2.164379e-03
6.609451e+00 5.263151e-02 -6.235046e-03
6.609451e+00 7.314235e-02 -1.168740e-02
6.609451e+00 1.025928e-01 -1.873144e-02
6.609451e+00 1.448116e-01 -2.360267e-02
6.609451e+00 2.023460e-01 -2.857228e-02
6.609451e+00 2.834245e-01 -3.125998e-02
6.609451e+00 3.967448e-01 -3.101018e-02
6.609451e+00 5.552783e-01 -2.870709e-02
6.609451e+00 7.774819e-01 -2.575002e-02
6.609451e+00 1.088445e+00 -2.214229e-02
6.609451e+00 1.523711e+00 -1.958688e-02
6.609451e+00 2.088426e+00 -1.957802e-02
6.609451e+00 2.685505e+00 -1.904726e-02
6.76164e+00 1.570796e-02 -8.405044e-04
6.76164e+00 2.346256e-02 -8.274237e-04
6.76164e+00 3.503514e-02 -2.072455e-03
6.76164e+00 5.263151e-02 -5.985492e-03
6.76164e+00 7.314235e-02 -1.119149e-02
6.76164e+00 1.025928e-01 -1.844165e-02
6.76164e+00 1.448116e-01 -2.38844e-02
6.76164e+00 2.023460e-01 -2.972846e-02
6.76164e+00 2.834245e-01 -3.345753e-02
6.76164e+00 3.967448e-01 -3.393815e-02
6.76164e+00 5.552783e-01 -3.174308e-02
6.76164e+00 7.774819e-01 -2.869967e-02
6.76164e+00 1.088445e+00 -2.475662e-02
6.76164e+00 1.523711e+00 -2.187374e-02
6.76164e+00 2.088426e+00 -2.165289e-02
6.76164e+00 2.685505e+00 -2.079984e-02
6.916873e+00 1.570796e-02 -7.958774e-04
6.916873e+00 2.346256e-02 -7.6457e-04
6.916873e+00 3.503514e-02 -1.947638e-03
6.916873e+00 5.263151e-02 -5.736295e-03
6.916873e+00 7.314235e-02 -1.064564e-02
6.916873e+00 1.025928e-01 -1.779449e-02
6.916873e+00 1.448116e-01 -2.360536e-02
6.916873e+00 2.023460e-01 -3.019948e-02
6.916873e+00 2.834245e-01 -3.495212e-02
6.916873e+00 3.967448e-01 -3.625383e-02
6.916873e+00 5.552783e-01 -3.440406e-02
6.916873e+00 7.774819e-01 -3.136296e-02
6.916873e+00 1.088445e+00 -2.711386e-02
6.916873e+00 1.523711e+00 -2.394642e-02
6.916873e+00 2.088426e+00 -2.35203e-02
6.916873e+00 2.685505e+00 -2.232118e-02
7.075210e+00 1.570796e-02 -7.558542e-04
7.075210e+00 2.346256e-02 -7.123907e-04
7.075210e+00 3.503514e-02 -1.806750e-03
7.075210e+00 5.263151e-02 -5.405715e-03
7.075210e+00 7.314235e-02 -9.967986e-03
7.075210e+00 1.025928e-01 -1.693822e-02
7.075210e+00 1.448116e-01 -2.298676e-02
7.075210e+00 2.023460e-01 -3.016116e-02
7.075210e+00 2.834245e-01 -3.581416e-02
7.075210e+00 3.967448e-01 -3.79983e-02
7.075210e+00 5.552783e-01 -3.661371e-02
7.075210e+00 7.774819e-01 -3.365893e-02
7.075210e+00 1.088445e+00 -2.926128e-02
7.075210e+00 1.523711e+00 -2.583639e-02
7.075210e+00 2.088426e+00 -2.522629e-02
7.075210e+00 2.685505e+00 -2.371199e-02
7.236714e+00 1.570796e-02 -7.058485e-04
7.236714e+00 2.346256e-02 -6.622414e-04
7.236714e+00 3.503514e-02 -1.665492e-03
7.236714e+00 5.263151e-02 -5.036481e-03
7.236714e+00 7.314235e-02 -9.235175e-03
7.236714e+00 1.025928e-01 -1.599258e-02
7.236714e+00 1.448116e-01 -2.209043e-02
7.236714e+00 2.023460e-01 -2.968126e-02
7.236714e+00 2.834245e-01 -3.603995e-02
7.236714e+00 3.967448e-01 -3.914968e-02
7.236714e+00 5.552783e-01 -3.833193e-02
7.236714e+00 7.774819e-01 -3.556827e-02
7.236714e+00 1.088445e+00 -3.114601e-02
7.236714e+00 1.523711e+00 -2.753019e-02
7.236714e+00 2.088426e+00 -2.674026e-02
7.236714e+00 2.685505e+00 -2.496385e-02
7.401449e+00 1.570796e-02 -6.56022e-04
7.401449e+00 2.346256e-02 -6.200058e-04
7.401449e+00 3.503514e-02 -1.531911e-03
7.401449e+00 5.263151e-02 -4.654248e-03
7.401449e+00 7.314235e-02 -8.529176e-03
7.401449e+00 1.025928e-01 -1.497604e-02
7.401449e+00 1.448116e-01 -2.098422e-02
7.401449e+00 2.023460e-01 -2.882905e-02
7.401449e+00 2.834245e-01 -3.574248e-02
7.401449e+00 3.967448e-01 -3.969029e-02
7.401449e+00 5.552783e-01 -3.957041e-02
7.401449e+00 7.774819e-01 -3.711834e-02
7.401449e+00 1.088445e+00 -3.268330e-02
7.401449e+00 1.523711e+00 -2.898595e-02
7.401449e+00 2.088426e+00 -2.810341e-02
7.401449e+00 2.685505e+00 -2.591556e-02
7.569477e+00 1.570796e-02 -6.095080e-04
7.569477e+00 2.346256e-02 -5.745923e-04
7.569477e+00 3.503514e-02 -1.418218e-03
7.569477e+00 5.263151e-02 -4.299601e-03
7.569477e+00 7.314235e-02 -7.867197e-03
7.569477e+00 1.025928e-01 -1.39538e-02
7.569477e+00 1.448116e-01 -1.973665e-02
7.569477e+00 2.023460e-01 -2.766550e-02
7.569477e+00 2.834245e-01 -3.50258e-02
7.569477e+00 3.967448e-01 -3.970261e-02
7.569477e+00 5.552783e-01 -4.033024e-02
7.569477e+00 7.774819e-01 -3.828232e-02
7.569477e+00 1.088445e+00 -3.393395e-02
7.569477e+00 1.523711e+00 -3.019076e-02
7.569477e+00 2.088426e+00 -2.922608e-02
7.569477e+00 2.685505e+00 -2.677228e-02
7.740867e+00 1.570796e-02 -5.670768e-04
7.740867e+00 2.346256e-02 -5.269838e-04
7.740867e+00 3.503514e-02 -1.307078e-03
7.740867e+00 5.263151e-02 -3.967361e-03
7.740867e+00 7.314235e-02 -7.274339e-03
7.740867e+00 1.025928e-01 -1.292891e-02
7.740867e+00 1.448116e-01 -1.845207e-02
7.740867e+00 2.023460e-01 -2.631931e-02
7.740867e+00 2.834245e-01 -3.395785e-02
7.740867e+00 3.967448e-01 -3.929330e-02
7.740867e+00 5.552783e-01 -4.061089e-02
7.740867e+00 7.774819e-01 -3.898677e-02
7.740867e+00 1.088445e+00 -3.487552e-02
7.740867e+00 1.523711e+00 -3.119945e-02
7.740867e+00 2.088426e+00 -3.016581e-02
7.740867e+00 2.685505e+00 -2.747524e-02
7.915684e+00 1.570796e-02 -5.261893e-04
7.915684e+00 2.346256e-02 -4.812415e-04
7.915684e+00 3.503514e-02 -1.196601e-03
7.915684e+00 5.263151e-02 -3.646926e-03
7.915684e+00 7.314235e-02 -6.723944e-03
7.915684e+00 1.025928e-01 -1.193063e-02
7.915684e+00 1.448116e-01 -1.717727e-02
7.915684e+00 2.023460e-01 -2.488898e-02
7.915684e+00 2.834245e-01 -3.263542e-02
7.915684e+00 3.967448e-01 -3.851707e-02
7.915684e+00 5.552783e-01 -4.045453e-02
7.915684e+00 7.774819e-01 -3.935087e-02
7.915684e+00 1.088445e+00 -3.551734e-02
7.915684e+00 1.523711e+00 -3.199605e-02
7.915684e+00 2.088426e+00 -3.090490e-02
7.915684e+00 2.685505e+00 -2.792463e-02
8.093998e+00 1.570796e-02 -4.858752e-04
8.093998e+00 2.346256e-02 -4.399312e-04
8.093998e+00 3.503514e-02 -1.099480e-03
8.093998e+00 5.263151e-02 -3.350186e-03
8.093998e+00 7.314235e-02 -6.221848e-03
8.093998e+00 1.025928e-01 -1.100024e-02
8.093998e+00 1.448116e-01 -1.592247e-02
8.093998e+00 2.023460e-01 -2.337443e-02
8.093998e+00 2.834245e-01 -3.111682e-02
8.093998e+00 3.967448e-01 -3.743141e-02
8.093998e+00 5.552783e-01 -3.992564e-02
8.093998e+00 7.774819e-01 -3.934825e-02
8.093998e+00 1.088445e+00 -3.589977e-02
8.093998e+00 1.523711e+00 -3.254095e-02
8.093998e+00 2.088426e+00 -3.148876e-02
8.093998e+00 2.685505e+00 -2.823794e-02
8.275878e+00 1.570796e-02 -4.486101e-04
8.275878e+00 2.346256e-02 -4.021401e-04
8.275878e+00 3.503514e-02 -1.009507e-03
8.275878e+00 5.263151e-02 -3.073851e-03
8.275878e+00 7.314235e-02 -5.754205e-03
8.275878e+00 1.025928e-01 -1.014064e-02
8.275878e+00 1.448116e-01 -1.470274e-02
8.275878e+00 2.023460e-01 -2.183133e-02
8.275878e+00 2.834245e-01 -2.947309e-02
8.275878e+00 3.967448e-01 -3.604968e-02
8.275878e+00 5.552783e-01 -3.90772e-02
8.275878e+00 7.774819e-01 -3.902627e-02
8.275878e+00 1.088445e+00 -3.602513e-02
8.275878e+00 1.523711e+00 -3.290396e-02
8.275878e+00 2.088426e+00 -3.189076e-02
8.275878e+00 2.685505e+00 -2.843879e-02
8.461396e+00 1.570796e-02 -4.148031e-04
8.461396e+00 2.346256e-02 -3.665273e-04
8.461396e+00 3.503514e-02 -9.252378e-04
8.461396e+00 5.263151e-02 -2.823709e-03
8.461396e+00 7.314235e-02 -5.304394e-03
8.461396e+00 1.025928e-01 -9.340522e-03
8.461396e+00 1.448116e-01 -1.357009e-02
8.461396e+00 2.023460e-01 -2.030451e-02
8.461396e+00 2.834245e-01 -2.771945e-02
8.461396e+00 3.967448e-01 -3.446953e-02
8.461396e+00 5.552783e-01 -3.794497e-02
8.461396e+00 7.774819e-01 -3.843093e-02
8.461396e+00 1.088445e+00 -3.588808e-02
8.461396e+00 1.523711e+00 -3.310184e-02
8.461396e+00 2.088426e+00 -3.211468e-02
8.461396e+00 2.685505e+00 -2.846032e-02
8.650623e+00 1.570796e-02 -3.812541e-04
8.650623e+00 2.346256e-02 -3.350341e-04
8.650623e+00 3.503514e-02 -8.484448e-04
8.650623e+00 5.263151e-02 -2.588182e-03
8.650623e+00 7.314235e-02 -4.881435e-03
8.650623e+00 1.025928e-01 -8.601825e-03
8.650623e+00 1.448116e-01 -1.251510e-02
8.650623e+00 2.023460e-01 -1.882017e-02
8.650623e+00 2.834245e-01 -2.596157e-02
8.650623e+00 3.967448e-01 -3.276423e-02
8.650623e+00 5.552783e-01 -3.657695e-02
8.650623e+00 7.774819e-01 -3.756371e-02
8.650623e+00 1.088445e+00 -3.552304e-02
8.650623e+00 1.523711e+00 -3.303208e-02
8.650623e+00 2.088426e+00 -3.221120e-02
8.650623e+00 2.685505e+00 -2.838308e-02
8.843636e+00 1.570796e-02 -3.492617e-04
8.843636e+00 2.346256e-02 -3.059606e-04
8.843636e+00 3.503514e-02 -7.753421e-04
8.843636e+00 5.263151e-02 -2.373525e-03
8.843636e+00 7.314235e-02 -4.481401e-03
8.843636e+00 1.025928e-01 -7.908398e-03
8.843636e+00 1.448116e-01 -1.151999e-02
8.843636e+00 2.023460e-01 -1.739615e-02
8.843636e+00 2.834245e-01 -2.418817e-02
8.843636e+00 3.967448e-01 -3.094505e-02
8.843636e+00 5.552783e-01 -3.503253e-02
8.843636e+00 7.774819e-01 -3.645678e-02
8.843636e+00 1.088445e+00 -3.491260e-02
8.843636e+00 1.523711e+00 -3.284415e-02
8.843636e+00 2.088426e+00 -3.214246e-02
8.843636e+00 2.685505e+00 -2.814089e-02
9.040509e+00 1.570796e-02 -3.208071e-04
9.040509e+00 2.346256e-02 -2.807887e-04
9.040509e+00 3.503514e-02 -7.113798e-04
9.040509e+00 5.263151e-02 -2.174343e-03
9.040509e+00 7.314235e-02 -4.107976e-03
9.040509e+00 1.025928e-01 -7.272730e-03
9.040509e+00 1.448116e-01 -1.060087e-02
9.040509e+00 2.023460e-01 -1.605239e-02
9.040509e+00 2.834245e-01 -2.247774e-02
9.040509e+00 3.967448e-01 -2.906320e-02
9.040509e+00 5.552783e-01 -3.334943e-02
9.040509e+00 7.774819e-01 -3.516613e-02
9.040509e+00 1.088445e+00 -3.416043e-02
9.040509e+00 1.523711e+00 -3.247407e-02
9.040509e+00 2.088426e+00 -3.191907e-02
9.040509e+00 2.685505e+00 -2.787889e-02
9.241319e+00 1.570796e-02 -2.935175e-04
9.241319e+00 2.346256e-02 -2.584984e-04
9.241319e+00 3.503514e-02 -6.502613e-04
9.241319e+00 5.263151e-02 -1.990438e-03
9.241319e+00 7.314235e-02 -3.761674e-03
9.241319e+00 1.025928e-01 -6.674149e-03
9.241319e+00 1.448116e-01 -9.739432e-03
9.241319e+00 2.023460e-01 -1.478831e-02
9.241319e+00 2.834245e-01 -2.082916e-02
9.241319e+00 3.967448e-01 -2.715133e-02
9.241319e+00 5.552783e-01 -3.159123e-02
9.241319e+00 7.774819e-01 -3.37142e-02
9.241319e+00 1.088445e+00 -3.320059e-02
9.241319e+00 1.523711e+00 -3.197032e-02
9.241319e+00 2.088426e+00 -3.158101e-02
9.241319e+00 2.685505e+00 -2.749384e-02
9.446145e+00 1.570796e-02 -2.705378e-04
9.446145e+00 2.346256e-02 -2.377861e-04
9.446145e+00 3.503514e-02 -5.943566e-04
9.446145e+00 5.263151e-02 -1.822063e-03
9.446145e+00 7.314235e-02 -3.442966e-03
9.446145e+00 1.025928e-01 -6.120821e-03
9.446145e+00 1.448116e-01 -8.941853e-03
9.446145e+00 2.023460e-01 -1.360479e-02
9.446145e+00 2.834245e-01 -1.924405e-02
9.446145e+00 3.967448e-01 -2.526926e-02
9.446145e+00 5.552783e-01 -2.975273e-02
9.446145e+00 7.774819e-01 -3.213877e-02
9.446145e+00 1.088445e+00 -3.208306e-02
9.446145e+00 1.523711e+00 -3.131158e-02
9.446145e+00 2.088426e+00 -3.104918e-02
9.446145e+00 2.685505e+00 -2.689277e-02
9.655068e+00 1.570796e-02 -2.479149e-04
9.655068e+00 2.346256e-02 -2.161899e-04
9.655068e+00 3.503514e-02 -5.425801e-04
9.655068e+00 5.263151e-02 -1.666950e-03
9.655068e+00 7.314235e-02 -3.149435e-03
9.655068e+00 1.025928e-01 -5.599991e-03
9.655068e+00 1.448116e-01 -8.196907e-03
9.655068e+00 2.023460e-01 -1.248693e-02
9.655068e+00 2.834245e-01 -1.77143e-02
9.655068e+00 3.967448e-01 -2.342215e-02
9.655068e+00 5.552783e-01 -2.789200e-02
9.655068e+00 7.774819e-01 -3.049977e-02
9.655068e+00 1.088445e+00 -3.085521e-02
9.655068e+00 1.523711e+00 -3.048775e-02
9.655068e+00 2.088426e+00 -3.039766e-02
9.655068e+00 2.685505e+00 -2.623464e-02
9.86817e+00 1.570796e-02 -2.257128e-04
9.86817e+00 2.346256e-02 -1.967860e-04
9.86817e+00 3.503514e-02 -4.949678e-04
9.86817e+00 5.263151e-02 -1.521698e-03
9.86817e+00 7.314235e-02 -2.875964e-03
9.86817e+00 1.025928e-01 -5.111229e-03
9.86817e+00 1.448116e-01 -7.494562e-03
9.86817e+00 2.023460e-01 -1.142504e-02
9.86817e+00 2.834245e-01 -1.624238e-02
9.86817e+00 3.967448e-01 -2.162588e-02
9.86817e+00 5.552783e-01 -2.601315e-02
9.86817e+00 7.774819e-01 -2.880136e-02
9.86817e+00 1.088445e+00 -2.954530e-02
9.86817e+00 1.523711e+00 -2.952247e-02
9.86817e+00 2.088426e+00 -2.962352e-02
9.86817e+00 2.685505e+00 -2.550094e-02
1.008553e+01 1.570796e-02 -2.051500e-04
1.008553e+01 2.346256e-02 -1.790708e-04
1.008553e+01 3.503514e-02 -4.506863e-04
1.008553e+01 5.263151e-02 -1.389004e-03
1.008553e+01 7.314235e-02 -2.624276e-03
1.008553e+01 1.025928e-01 -4.662562e-03
1.008553e+01 1.448116e-01 -6.835033e-03
1.008553e+01 2.023460e-01 -1.044153e-02
1.008553e+01 2.834245e-01 -1.486969e-02
1.008553e+01 3.967448e-01 -1.989748e-02
1.008553e+01 5.552783e-01 -2.416371e-02
1.008553e+01 7.774819e-01 -2.708269e-02
1.008553e+01 1.088445e+00 -2.811641e-02
1.008553e+01 1.523711e+00 -2.847787e-02
1.008553e+01 2.088426e+00 -2.874595e-02
1.008553e+01 2.685505e+00 -2.466152e-02
1.030724e+01 1.570796e-02 -1.864502e-04
1.030724e+01 2.346256e-02 -1.645585e-04
1.030724e+01 3.503514e-02 -4.089307e-04
1.030724e+01 5.263151e-02 -1.260841e-03
1.030724e+01 7.314235e-02 -2.384411e-03
1.030724e+01 1.025928e-01 -4.247169e-03
1.030724e+01 1.448116e-01 -6.220132e-03
1.030724e+01 2.023460e-01 -9.506923e-03
1.030724e+01 2.834245e-01 -1.356092e-02
1.030724e+01 3.967448e-01 -1.824383e-02
1.030724e+01 5.552783e-01 -2.234766e-02
1.030724e+01 7.774819e-01 -2.535725e-02
1.030724e+01 1.088445e+00 -2.665029e-02
1.030724e+01 1.523711e+00 -2.735987e-02
1.030724e+01 2.088426e+00 -2.779105e-02
1.030724e+01 2.685505e+00 -2.379811e-02
1.053339e+01 1.570796e-02 -1.691297e-04
1.053339e+01 2.346256e-02 -1.498515e-04
1.053339e+01 3.503514e-02 -3.709761e-04
1.053339e+01 5.263151e-02 -1.144057e-03
1.053339e+01 7.314235e-02 -2.160620e-03
1.053339e+01 1.025928e-01 -3.858692e-03
1.053339e+01 1.448116e-01 -5.651654e-03
1.053339e+01 2.023460e-01 -8.643250e-03
1.053339e+01 2.834245e-01 -1.234682e-02
1.053339e+01 3.967448e-01 -1.667219e-02
1.053339e+01 5.552783e-01 -2.058095e-02
1.053339e+01 7.774819e-01 -2.361215e-02
1.053339e+01 1.088445e+00 -2.514267e-02
1.053339e+01 1.523711e+00 -2.615127e-02
1.053339e+01 2.088426e+00 -2.673545e-02
1.053339e+01 2.685505e+00 -2.292591e-02
1.076406e+01 1.570796e-02 -1.53323e-04
1.076406e+01 2.346256e-02 -1.3578e-04
1.076406e+01 3.503514e-02 -3.359506e-04
1.076406e+01 5.263151e-02 -1.03647e-03
1.076406e+01 7.314235e-02 -1.957262e-03
1.076406e+01 1.025928e-01 -3.498120e-03
1.076406e+01 1.448116e-01 -5.12762e-03
1.076406e+01 2.023460e-01 -7.850192e-03
1.076406e+01 2.834245e-01 -1.121315e-02
1.076406e+01 3.967448e-01 -1.518807e-02
1.076406e+01 5.552783e-01 -1.885841e-02
1.076406e+01 7.774819e-01 -2.188553e-02
1.076406e+01 1.088445e+00 -2.361327e-02
1.076406e+01 1.523711e+00 -2.489480e-02
1.076406e+01 2.088426e+00 -2.558007e-02
1.076406e+01 2.685505e+00 -2.196332e-02
1.099934e+01 1.570796e-02 -1.390283e-04
1.099934e+01 2.346256e-02 -1.238842e-04
1.099934e+01 3.503514e-02 -3.035649e-04
1.099934e+01 5.263151e-02 -9.361360e-04
1.099934e+01 7.314235e-02 -1.767415e-03
1.099934e+01 1.025928e-01 -3.16467e-03
1.099934e+01 1.448116e-01 -4.636935e-03
1.099934e+01 2.023460e-01 -7.104811e-03
1.099934e+01 2.834245e-01 -1.015711e-02
1.099934e+01 3.967448e-01 -1.379049e-02
1.099934e+01 5.552783e-01 -1.722101e-02
1.099934e+01 7.774819e-01 -2.018811e-02
1.099934e+01 1.088445e+00 -2.205472e-02
1.099934e+01 1.523711e+00 -2.355306e-02
1.099934e+01 2.088426e+00 -2.434985e-02
1.099934e+01 2.685505e+00 -2.091452e-02
1.123932e+01 1.570796e-02 -1.251248e-04
1.123932e+01 2.346256e-02 -1.116239e-04
1.123932e+01 3.503514e-02 -2.728482e-04
1.123932e+01 5.263151e-02 -8.450360e-04
1.123932e+01 7.314235e-02 -1.593873e-03
1.123932e+01 1.025928e-01 -2.852031e-03
1.123932e+01 1.448116e-01 -4.182149e-03
1.123932e+01 2.023460e-01 -6.405910e-03
1.123932e+01 2.834245e-01 -9.164755e-03
1.123932e+01 3.967448e-01 -1.247970e-02
1.123932e+01 5.552783e-01 -1.565274e-02
1.123932e+01 7.774819e-01 -1.85284e-02
1.123932e+01 1.088445e+00 -2.050001e-02
1.123932e+01 1.523711e+00 -2.215961e-02
1.123932e+01 2.088426e+00 -2.303645e-02
1.123932e+01 2.685505e+00 -1.980714e-02
1.148411e+01 1.570796e-02 -1.120838e-04
1.148411e+01 2.346256e-02 -1.009381e-04
1.148411e+01 3.503514e-02 -2.439344e-04
1.148411e+01 5.263151e-02 -7.575606e-04
1.148411e+01 7.314235e-02 -1.433932e-03
1.148411e+01 1.025928e-01 -2.563402e-03
1.148411e+01 1.448116e-01 -3.759835e-03
1.148411e+01 2.023460e-01 -5.766963e-03
1.148411e+01 2.834245e-01 -8.249143e-03
1.148411e+01 3.967448e-01 -1.125942e-02
1.148411e+01 5.552783e-01 -1.418266e-02
1.148411e+01 7.774819e-01 -1.694414e-02
1.148411e+01 1.088445e+00 -1.897647e-02
1.148411e+01 1.523711e+00 -2.075888e-02
1.148411e+01 2.088426e+00 -2.175178e-02
1.148411e+01 2.685505e+00 -1.873935e-02
1.173379e+01 1.570796e-02 -9.996574e-05
1.173379e+01 2.346256e-02 -9.045102e-05
1.173379e+01 3.503514e-02 -2.180848e-04
1.173379e+01 5.263151e-02 -6.806116e-04
1.173379e+01 7.314235e-02 -1.285162e-03
1.173379e+01 1.025928e-01 -2.300836e-03
1.173379e+01 1.448116e-01 -3.37711e-03
1.173379e+01 2.023460e-01 -5.176642e-03
1.173379e+01 2.834245e-01 -7.406279e-03
1.173379e+01 3.967448e-01 -1.012011e-02
1.173379e+01 5.552783e-01 -1.280392e-02
1.173379e+01 7.774819e-01 -1.543780e-02
1.173379e+01 1.088445e+00 -1.749371e-02
1.173379e+01 1.523711e+00 -1.936221e-02
1.173379e+01 2.088426e+00 -2.040671e-02
1.173379e+01 2.685505e+00 -1.765229e-02
1.198847e+01 1.570796e-02 -8.949198e-05
1.198847e+01 2.346256e-02 -8.110385e-05
1.198847e+01 3.503514e-02 -1.942664e-04
1.198847e+01 5.263151e-02 -6.076388e-04
1.198847e+01 7.314235e-02 -1.148266e-03
1.198847e+01 1.025928e-01 -2.060715e-03
1.198847e+01 1.448116e-01 -3.021005e-03
1.198847e+01 2.023460e-01 -4.632529e-03
1.198847e+01 2.834245e-01 -6.625404e-03
1.198847e+01 3.967448e-01 -9.074327e-03
1.198847e+01 5.552783e-01 -1.151949e-02
1.198847e+01 7.774819e-01 -1.399271e-02
1.198847e+01 1.088445e+00 -1.605224e-02
1.198847e+01 1.523711e+00 -1.796304e-02
1.198847e+01 2.088426e+00 -1.906878e-02
1.198847e+01 2.685505e+00 -1.656068e-02
1.224824e+01 1.570796e-02 -7.924488e-05
1.224824e+01 2.346256e-02 -7.270149e-05
1.224824e+01 3.503514e-02 -1.725957e-04
1.224824e+01 5.263151e-02 -5.404700e-04
1.224824e+01 7.314235e-02 -1.022631e-03
1.224824e+01 1.025928e-01 -1.836924e-03
1.224824e+01 1.448116e-01 -2.69689e-03
1.224824e+01 2.023460e-01 -4.130419e-03
1.224824e+01 2.834245e-01 -5.909857e-03
1.224824e+01 3.967448e-01 -8.101737e-03
1.224824e+01 5.552783e-01 -1.032658e-02
1.224824e+01 7.774819e-01 -1.263215e-02
1.224824e+01 1.088445e+00 -1.465099e-02
1.224824e+01 1.523711e+00 -1.657512e-02
1.224824e+01 2.088426e+00 -1.771299e-02
1.224824e+01 2.685505e+00 -1.543375e-02
1.251320e+01 1.570796e-02 -7.031983e-05
1.251320e+01 2.346256e-02 -6.501079e-05
1.251320e+01 3.503514e-02 -1.528451e-04
1.251320e+01 5.263151e-02 -4.794673e-04
1.251320e+01 7.314235e-02 -9.081073e-04
1.251320e+01 1.025928e-01 -1.631439e-03
1.251320e+01 1.448116e-01 -2.394410e-03
1.251320e+01 2.023460e-01 -3.67403e-03
1.251320e+01 2.834245e-01 -5.250901e-03
1.251320e+01 3.967448e-01 -7.202583e-03
1.251320e+01 5.552783e-01 -9.221694e-03
1.251320e+01 7.774819e-01 -1.136229e-02
1.251320e+01 1.088445e+00 -1.33156e-02
1.251320e+01 1.523711e+00 -1.521732e-02
1.251320e+01 2.088426e+00 -1.638814e-02
1.251320e+01 2.685505e+00 -1.435768e-02
1.278347e+01 1.570796e-02 -6.186798e-05
1.278347e+01 2.346256e-02 -5.785219e-05
1.278347e+01 3.503514e-02 -1.352330e-04
1.278347e+01 5.263151e-02 -4.240737e-04
1.278347e+01 7.314235e-02 -8.031695e-04
1.278347e+01 1.025928e-01 -1.442255e-03
1.278347e+01 1.448116e-01 -2.121816e-03
1.278347e+01 2.023460e-01 -3.254085e-03
1.278347e+01 2.834245e-01 -4.65e-03
1.278347e+01 3.967448e-01 -6.387229e-03
1.278347e+01 5.552783e-01 -8.205979e-03
1.278347e+01 7.774819e-01 -1.018326e-02
1.278347e+01 1.088445e+00 -1.20664e-02
1.278347e+01 1.523711e+00 -1.390637e-02
1.278347e+01 2.088426e+00 -1.509718e-02
1.278347e+01 2.685505e+00 -1.330283e-02
1.305914e+01 1.570796e-02 -5.445263e-05
1.305914e+01 2.346256e-02 -5.150363e-05
1.305914e+01 3.503514e-02 -1.187299e-04
1.305914e+01 5.263151e-02 -3.73036e-04
1.305914e+01 7.314235e-02 -7.064949e-04
1.305914e+01 1.025928e-01 -1.27044e-03
1.305914e+01 1.448116e-01 -1.869998e-03
1.305914e+01 2.023460e-01 -2.867603e-03
1.305914e+01 2.834245e-01 -4.096587e-03
1.305914e+01 3.967448e-01 -5.638575e-03
1.305914e+01 5.552783e-01 -7.266675e-03
1.305914e+01 7.774819e-01 -9.078281e-03
1.305914e+01 1.088445e+00 -1.087155e-02
1.305914e+01 1.523711e+00 -1.264344e-02
1.305914e+01 2.088426e+00 -1.381336e-02
1.305914e+01 2.685505e+00 -1.223963e-02
1.334032e+01 1.570796e-02 -4.754084e-05
1.334032e+01 2.346256e-02 -4.545222e-05
1.334032e+01 3.503514e-02 -1.040550e-04
1.334032e+01 5.263151e-02 -3.27597e-04
1.334032e+01 7.314235e-02 -6.203845e-04
1.334032e+01 1.025928e-01 -1.115692e-03
1.334032e+01 1.448116e-01 -1.644925e-03
1.334032e+01 2.023460e-01 -2.519434e-03
1.334032e+01 2.834245e-01 -3.601045e-03
1.334032e+01 3.967448e-01 -4.966031e-03
1.334032e+01 5.552783e-01 -6.414036e-03
1.334032e+01 7.774819e-01 -8.067146e-03
1.334032e+01 1.088445e+00 -9.756835e-03
1.334032e+01 1.523711e+00 -1.144323e-02
1.334032e+01 2.088426e+00 -1.258509e-02
1.334032e+01 2.685505e+00 -1.127037e-02
1.362713e+01 1.570796e-02 -4.177414e-05
1.362713e+01 2.346256e-02 -3.991927e-05
1.362713e+01 3.503514e-02 -9.071401e-05
1.362713e+01 5.263151e-02 -2.868065e-04
1.362713e+01 7.314235e-02 -5.429299e-04
1.362713e+01 1.025928e-01 -9.777853e-04
1.362713e+01 1.448116e-01 -1.442354e-03
1.362713e+01 2.023460e-01 -2.208385e-03
1.362713e+01 2.834245e-01 -3.156818e-03
1.362713e+01 3.967448e-01 -4.357568e-03
1.362713e+01 5.552783e-01 -5.64762e-03
1.362713e+01 7.774819e-01 -7.147675e-03
1.362713e+01 1.088445e+00 -8.733436e-03
1.362713e+01 1.523711e+00 -1.032152e-02
1.362713e+01 2.088426e+00 -1.142807e-02
1.362713e+01 2.685505e+00 -1.028884e-02
1.391967e+01 1.570796e-02 -3.646258e-05
1.391967e+01 2.346256e-02 -3.467189e-05
1.391967e+01 3.503514e-02 -7.869389e-05
1.391967e+01 5.263151e-02 -2.494937e-04
1.391967e+01 7.314235e-02 -4.728469e-04
1.391967e+01 1.025928e-01 -8.525003e-04
1.391967e+01 1.448116e-01 -1.258075e-03
1.391967e+01 2.023460e-01 -1.925005e-03
1.391967e+01 2.834245e-01 -2.754341e-03
1.391967e+01 3.967448e-01 -3.807092e-03
1.391967e+01 5.552783e-01 -4.948509e-03
1.391967e+01 7.774819e-01 -6.309009e-03
1.391967e+01 1.088445e+00 -7.774662e-03
1.391967e+01 1.523711e+00 -9.251691e-03
1.391967e+01 2.088426e+00 -1.030668e-02
1.391967e+01 2.685505e+00 -9.325364e-03
1.421806e+01 1.570796e-02 -3.147458e-05
1.421806e+01 2.346256e-02 -3.014349e-05
1.421806e+01 3.503514e-02 -6.822995e-05
1.421806e+01 5.263151e-02 -2.162508e-04
1.421806e+01 7.314235e-02 -4.108524e-04
1.421806e+01 1.025928e-01 -7.407408e-04
1.421806e+01 1.448116e-01 -1.092457e-03
1.421806e+01 2.023460e-01 -1.671681e-03
1.421806e+01 2.834245e-01 -2.393245e-03
1.421806e+01 3.967448e-01 -3.313355e-03
1.421806e+01 5.552783e-01 -4.321317e-03
1.421806e+01 7.774819e-01 -5.548949e-03
1.421806e+01 1.088445e+00 -6.886201e-03
1.421806e+01 1.523711e+00 -8.258698e-03
1.421806e+01 2.088426e+00 -9.238648e-03
1.421806e+01 2.685505e+00 -8.409673e-03
1.452242e+01 1.570796e-02 -2.733723e-05
1.452242e+01 2.346256e-02 -2.598129e-05
1.452242e+01 3.503514e-02 -5.800541e-05
1.452242e+01 5.263151e-02 -1.872483e-04
1.452242e+01 7.314235e-02 -3.553666e-04
1.452242e+01 1.025928e-01 -6.395899e-04
1.452242e+01 1.448116e-01 -9.441061e-04
1.452242e+01 2.023460e-01 -1.445298e-03
1.452242e+01 2.834245e-01 -2.068692e-03
1.452242e+01 3.967448e-01 -2.868942e-03
1.452242e+01 5.552783e-01 -3.758830e-03
1.452242e+01 7.774819e-01 -4.854520e-03
1.452242e+01 1.088445e+00 -6.07313e-03
1.452242e+01 1.523711e+00 -7.323098e-03
1.452242e+01 2.088426e+00 -8.245978e-03
1.452242e+01 2.685505e+00 -7.540176e-03
1.483287e+01 1.570796e-02 -2.343798e-05
1.483287e+01 2.346256e-02 -2.242557e-05
1.483287e+01 3.503514e-02 -4.967397e-05
1.483287e+01 5.263151e-02 -1.606272e-04
1.483287e+01 7.314235e-02 -3.058060e-04
1.483287e+01 1.025928e-01 -5.496434e-04
1.483287e+01 1.448116e-01 -8.117817e-04
1.483287e+01 2.023460e-01 -1.242776e-03
1.483287e+01 2.834245e-01 -1.780916e-03
1.483287e+01 3.967448e-01 -2.471381e-03
1.483287e+01 5.552783e-01 -3.255129e-03
1.483287e+01 7.774819e-01 -4.232543e-03
1.483287e+01 1.088445e+00 -5.329858e-03
1.483287e+01 1.523711e+00 -6.457488e-03
1.483287e+01 2.088426e+00 -7.31069e-03
1.483287e+01 2.685505e+00 -6.720743e-03
1.514953e+01 1.570796e-02 -2.002105e-05
1.514953e+01 2.346256e-02 -1.930119e-05
1.514953e+01 3.503514e-02 -4.195789e-05
1.514953e+01 5.263151e-02 -1.376192e-04
1.514953e+01 7.314235e-02 -2.623660e-04
1.514953e+01 1.025928e-01 -4.684740e-04
1.514953e+01 1.448116e-01 -6.947351e-04
1.514953e+01 2.023460e-01 -1.063468e-03
1.514953e+01 2.834245e-01 -1.525165e-03
1.514953e+01 3.967448e-01 -2.117904e-03
1.514953e+01 5.552783e-01 -2.803518e-03
1.514953e+01 7.774819e-01 -3.669256e-03
1.514953e+01 1.088445e+00 -4.643429e-03
1.514953e+01 1.523711e+00 -5.651235e-03
1.514953e+01 2.088426e+00 -6.427089e-03
1.514953e+01 2.685505e+00 -5.949792e-03
1.547252e+01 1.570796e-02 -1.724887e-05
1.547252e+01 2.346256e-02 -1.65426e-05
1.547252e+01 3.503514e-02 -3.562334e-05
1.547252e+01 5.263151e-02 -1.169538e-04
1.547252e+01 7.314235e-02 -2.231468e-04
1.547252e+01 1.025928e-01 -3.992925e-04
1.547252e+01 1.448116e-01 -5.919811e-04
1.547252e+01 2.023460e-01 -9.068853e-04
1.547252e+01 2.834245e-01 -1.301461e-03
1.547252e+01 3.967448e-01 -1.809500e-03
1.547252e+01 5.552783e-01 -2.407252e-03
1.547252e+01 7.774819e-01 -3.168503e-03
1.547252e+01 1.088445e+00 -4.03054e-03
1.547252e+01 1.523711e+00 -4.916931e-03
1.547252e+01 2.088426e+00 -5.609635e-03
1.547252e+01 2.685505e+00 -5.223704e-03
1.580197e+01 1.570796e-02 -1.454666e-05
1.580197e+01 2.346256e-02 -1.410589e-05
1.580197e+01 3.503514e-02 -3.006902e-05
1.580197e+01 5.263151e-02 -9.9386e-05
1.580197e+01 7.314235e-02 -1.893275e-04
1.580197e+01 1.025928e-01 -3.384701e-04
1.580197e+01 1.448116e-01 -5.019118e-04
1.580197e+01 2.023460e-01 -7.691797e-04
1.580197e+01 2.834245e-01 -1.105123e-03
1.580197e+01 3.967448e-01 -1.539408e-03
1.580197e+01 5.552783e-01 -2.058307e-03
1.580197e+01 7.774819e-01 -2.724001e-03
1.580197e+01 1.088445e+00 -3.476216e-03
1.580197e+01 1.523711e+00 -4.254855e-03
1.580197e+01 2.088426e+00 -4.863464e-03
1.580197e+01 2.685505e+00 -4.564995e-03
1.613801e+01 1.570796e-02 -1.234699e-05
1.613801e+01 2.346256e-02 -1.180564e-05
1.613801e+01 3.503514e-02 -2.523012e-05
1.613801e+01 5.263151e-02 -8.388373e-05
1.613801e+01 7.314235e-02 -1.600224e-04
1.613801e+01 1.025928e-01 -2.850649e-04
1.613801e+01 1.448116e-01 -4.239627e-04
1.613801e+01 2.023460e-01 -6.485465e-04
1.613801e+01 2.834245e-01 -9.338462e-04
1.613801e+01 3.967448e-01 -1.303134e-03
1.613801e+01 5.552783e-01 -1.752941e-03
1.613801e+01 7.774819e-01 -2.332232e-03
1.613801e+01 1.088445e+00 -2.984803e-03
1.613801e+01 1.523711e+00 -3.653855e-03
1.613801e+01 2.088426e+00 -4.178326e-03
1.613801e+01 2.685505e+00 -3.953981e-03
1.648077e+01 1.570796e-02 -1.025196e-05
1.648077e+01 2.346256e-02 -9.787109e-06
1.648077e+01 3.503514e-02 -2.120498e-05
1.648077e+01 5.263151e-02 -7.050121e-05
1.648077e+01 7.314235e-02 -1.346318e-04
1.648077e+01 1.025928e-01 -2.387891e-04
1.648077e+01 1.448116e-01 -3.561206e-04
1.648077e+01 2.023460e-01 -5.466905e-04
1.648077e+01 2.834245e-01 -7.837794e-04
1.648077e+01 3.967448e-01 -1.097627e-03
1.648077e+01 5.552783e-01 -1.485523e-03
1.648077e+01 7.774819e-01 -1.987476e-03
1.648077e+01 1.088445e+00 -2.550327e-03
1.648077e+01 1.523711e+00 -3.11889e-03
1.648077e+01 2.088426e+00 -3.566875e-03
1.648077e+01 2.685505e+00 -3.393913e-03
1.683038e+01 1.570796e-02 -8.605960e-06
1.683038e+01 2.346256e-02 -8.153720e-06
1.683038e+01 3.503514e-02 -1.771856e-05
1.683038e+01 5.263151e-02 -5.868873e-05
1.683038e+01 7.314235e-02 -1.121809e-04
1.683038e+01 1.025928e-01 -1.990958e-04
1.683038e+01 1.448116e-01 -2.978633e-04
1.683038e+01 2.023460e-01 -4.571721e-04
1.683038e+01 2.834245e-01 -6.564508e-04
1.683038e+01 3.967448e-01 -9.213023e-04
1.683038e+01 5.552783e-01 -1.254394e-03
1.683038e+01 7.774819e-01 -1.684418e-03
1.683038e+01 1.088445e+00 -2.166422e-03
1.683038e+01 1.523711e+00 -2.649069e-03
1.683038e+01 2.088426e+00 -3.026298e-03
1.683038e+01 2.685505e+00 -2.858920e-03
1.718699e+01 1.570796e-02 -7.130167e-06
1.718699e+01 2.346256e-02 -6.769407e-06
1.718699e+01 3.503514e-02 -1.467630e-05
1.718699e+01 5.263151e-02 -4.886280e-05
1.718699e+01 7.314235e-02 -9.285896e-05
1.718699e+01 1.025928e-01 -1.648459e-04
1.718699e+01 1.448116e-01 -2.46946e-04
1.718699e+01 2.023460e-01 -3.804913e-04
1.718699e+01 2.834245e-01 -5.451021e-04
1.718699e+01 3.967448e-01 -7.670182e-04
1.718699e+01 5.552783e-01 -1.051555e-03
1.718699e+01 7.774819e-01 -1.421556e-03
1.718699e+01 1.088445e+00 -1.829719e-03
1.718699e+01 1.523711e+00 -2.231428e-03
1.718699e+01 2.088426e+00 -2.533932e-03
1.718699e+01 2.685505e+00 -2.382931e-03
1.755073e+01 1.570796e-02 -5.873238e-06
1.755073e+01 2.346256e-02 -5.557879e-06
1.755073e+01 3.503514e-02 -1.207769e-05
1.755073e+01 5.263151e-02 -4.048569e-05
1.755073e+01 7.314235e-02 -7.641096e-05
1.755073e+01 1.025928e-01 -1.357558e-04
1.755073e+01 1.448116e-01 -2.038772e-04
1.755073e+01 2.023460e-01 -3.140556e-04
1.755073e+01 2.834245e-01 -4.499166e-04
1.755073e+01 3.967448e-01 -6.346345e-04
1.755073e+01 5.552783e-01 -8.776208e-04
1.755073e+01 7.774819e-01 -1.190949e-03
1.755073e+01 1.088445e+00 -1.532053e-03
1.755073e+01 1.523711e+00 -1.865696e-03
1.755073e+01 2.088426e+00 -2.100416e-03
1.755073e+01 2.685505e+00 -1.953283e-03
1.792175e+01 1.570796e-02 -4.810194e-06
1.792175e+01 2.346256e-02 -4.474730e-06
1.792175e+01 3.503514e-02 -9.882767e-06
1.792175e+01 5.263151e-02 -3.320651e-05
1.792175e+01 7.314235e-02 -6.259314e-05
1.792175e+01 1.025928e-01 -1.108749e-04
1.792175e+01 1.448116e-01 -1.671484e-04
1.792175e+01 2.023460e-01 -2.56774e-04
1.792175e+01 2.834245e-01 -3.684435e-04
1.792175e+01 3.967448e-01 -5.214459e-04
1.792175e+01 5.552783e-01 -7.279856e-04
1.792175e+01 7.774819e-01 -9.908678e-04
1.792175e+01 1.088445e+00 -1.275080e-03
1.792175e+01 1.523711e+00 -1.547287e-03
1.792175e+01 2.088426e+00 -1.726843e-03
1.792175e+01 2.685505e+00 -1.591564e-03
1.830018e+01 1.570796e-02 -3.905666e-06
1.830018e+01 2.346256e-02 -3.664344e-06
1.830018e+01 3.503514e-02 -7.976024e-06
1.830018e+01 5.263151e-02 -2.692222e-05
1.830018e+01 7.314235e-02 -5.079934e-05
1.830018e+01 1.025928e-01 -8.977422e-05
1.830018e+01 1.448116e-01 -1.358248e-04
1.830018e+01 2.023460e-01 -2.090088e-04
1.830018e+01 2.834245e-01 -2.999502e-04
1.830018e+01 3.967448e-01 -4.262176e-04
1.830018e+01 5.552783e-01 -5.997242e-04
1.830018e+01 7.774819e-01 -8.194106e-04
1.830018e+01 1.088445e+00 -1.057886e-03
1.830018e+01 1.523711e+00 -1.27651e-03
1.830018e+01 2.088426e+00 -1.411165e-03
1.830018e+01 2.685505e+00 -1.277385e-03
1.868618e+01 1.570796e-02 -3.12915e-06
1.868618e+01 2.346256e-02 -2.962015e-06
1.868618e+01 3.503514e-02 -6.358172e-06
1.868618e+01 5.263151e-02 -2.170149e-05
1.868618e+01 7.314235e-02 -4.094996e-05
1.868618e+01 1.025928e-01 -7.197927e-05
1.868618e+01 1.448116e-01 -1.099258e-04
1.868618e+01 2.023460e-01 -1.684374e-04
1.868618e+01 2.834245e-01 -2.421646e-04
1.868618e+01 3.967448e-01 -3.46135e-04
1.868618e+01 5.552783e-01 -4.903263e-04
1.868618e+01 7.774819e-01 -6.732969e-04
1.868618e+01 1.088445e+00 -8.700694e-04
1.868618e+01 1.523711e+00 -1.047625e-03
1.868618e+01 2.088426e+00 -1.147523e-03
1.868618e+01 2.685505e+00 -1.007875e-03
1.907991e+01 1.570796e-02 -2.489154e-06
1.907991e+01 2.346256e-02 -2.340897e-06
1.907991e+01 3.503514e-02 -5.082903e-06
1.907991e+01 5.263151e-02 -1.738290e-05
1.907991e+01 7.314235e-02 -3.26802e-05
1.907991e+01 1.025928e-01 -5.729917e-05
1.907991e+01 1.448116e-01 -8.787958e-05
1.907991e+01 2.023460e-01 -1.345768e-04
1.907991e+01 2.834245e-01 -1.937056e-04
1.907991e+01 3.967448e-01 -2.778210e-04
1.907991e+01 5.552783e-01 -3.973848e-04
1.907991e+01 7.774819e-01 -5.484426e-04
1.907991e+01 1.088445e+00 -7.091747e-04
1.907991e+01 1.523711e+00 -8.510138e-04
1.907991e+01 2.088426e+00 -9.202558e-04
1.907991e+01 2.685505e+00 -7.895775e-04
1.948151e+01 1.570796e-02 -1.994921e-06
1.948151e+01 2.346256e-02 -1.859284e-06
1.948151e+01 3.503514e-02 -4.013186e-06
1.948151e+01 5.263151e-02 -1.373866e-05
1.948151e+01 7.314235e-02 -2.586862e-05
1.948151e+01 1.025928e-01 -4.530966e-05
1.948151e+01 1.448116e-01 -6.959818e-05
1.948151e+01 2.023460e-01 -1.068551e-04
1.948151e+01 2.834245e-01 -1.539662e-04
1.948151e+01 3.967448e-01 -2.221676e-04
1.948151e+01 5.552783e-01 -3.196172e-04
1.948151e+01 7.774819e-01 -4.434604e-04
1.948151e+01 1.088445e+00 -5.747470e-04
1.948151e+01 1.523711e+00 -6.908605e-04
1.948151e+01 2.088426e+00 -7.353665e-04
1.948151e+01 2.685505e+00 -6.07493e-04
1.989114e+01 1.570796e-02 -1.596952e-06
1.989114e+01 2.346256e-02 -1.449428e-06
1.989114e+01 3.503514e-02 -3.087753e-06
1.989114e+01 5.263151e-02 -1.070697e-05
1.989114e+01 7.314235e-02 -2.033785e-05
1.989114e+01 1.025928e-01 -3.554497e-05
1.989114e+01 1.448116e-01 -5.468543e-05
1.989114e+01 2.023460e-01 -8.377568e-05
1.989114e+01 2.834245e-01 -1.20867e-04
1.989114e+01 3.967448e-01 -1.757805e-04
1.989114e+01 5.552783e-01 -2.547743e-04
1.989114e+01 7.774819e-01 -3.556850e-04
1.989114e+01 1.088445e+00 -4.626044e-04
1.989114e+01 1.523711e+00 -5.554384e-04
1.989114e+01 2.088426e+00 -5.828978e-04
1.989114e+01 2.685505e+00 -4.619947e-04
2.030896e+01 1.570796e-02 -1.246415e-06
2.030896e+01 2.346256e-02 -1.098816e-06
2.030896e+01 3.503514e-02 -2.380576e-06
2.030896e+01 5.263151e-02 -8.292435e-06
2.030896e+01 7.314235e-02 -1.568287e-05
2.030896e+01 1.025928e-01 -2.748742e-05
2.030896e+01 1.448116e-01 -4.252263e-05
2.030896e+01 2.023460e-01 -6.483706e-05
2.030896e+01 2.834245e-01 -9.401471e-05
2.030896e+01 3.967448e-01 -1.373957e-04
2.030896e+01 5.552783e-01 -2.005739e-04
2.030896e+01 7.774819e-01 -2.823895e-04
2.030896e+01 1.088445e+00 -3.701945e-04
2.030896e+01 1.523711e+00 -4.456518e-04
2.030896e+01 2.088426e+00 -4.627013e-04
2.030896e+01 2.685505e+00 -3.541153e-04
2.073514e+01 1.570796e-02 -9.459614e-07
2.073514e+01 2.346256e-02 -8.439616e-07
2.073514e+01 3.503514e-02 -1.830443e-06
2.073514e+01 5.263151e-02 -6.331431e-06
2.073514e+01 7.314235e-02 -1.2021e-05
2.073514e+01 1.025928e-01 -2.106986e-05
2.073514e+01 1.448116e-01 -3.253505e-05
2.073514e+01 2.023460e-01 -4.964917e-05
2.073514e+01 2.834245e-01 -7.217898e-05
2.073514e+01 3.967448e-01 -1.063696e-04
2.073514e+01 5.552783e-01 -1.568197e-04
2.073514e+01 7.774819e-01 -2.226923e-04
2.073514e+01 1.088445e+00 -2.940773e-04
2.073514e+01 1.523711e+00 -3.568395e-04
2.073514e+01 2.088426e+00 -3.687914e-04
2.073514e+01 2.685505e+00 -2.72603e-04
2.116984e+01 1.570796e-02 -7.260488e-07
2.116984e+01 2.346256e-02 -6.196221e-07
2.116984e+01 3.503514e-02 -1.358484e-06
2.116984e+01 5.263151e-02 -4.777056e-06
2.116984e+01 7.314235e-02 -9.108497e-06
2.116984e+01 1.025928e-01 -1.585856e-05
2.116984e+01 1.448116e-01 -2.451417e-05
2.116984e+01 2.023460e-01 -3.756984e-05
2.116984e+01 2.834245e-01 -5.461772e-05
2.116984e+01 3.967448e-01 -8.1346e-05
2.116984e+01 5.552783e-01 -1.209419e-04
2.116984e+01 7.774819e-01 -1.732363e-04
2.116984e+01 1.088445e+00 -2.306557e-04
2.116984e+01 1.523711e+00 -2.826802e-04
2.116984e+01 2.088426e+00 -2.929245e-04
2.116984e+01 2.685505e+00 -2.157428e-04
2.161324e+01 1.570796e-02 -5.440044e-07
2.161324e+01 2.346256e-02 -4.688955e-07
2.161324e+01 3.503514e-02 -9.932783e-07
2.161324e+01 5.263151e-02 -3.525683e-06
2.161324e+01 7.314235e-02 -6.733433e-06
2.161324e+01 1.025928e-01 -1.180077e-05
2.161324e+01 1.448116e-01 -1.821187e-05
2.161324e+01 2.023460e-01 -2.789538e-05
2.161324e+01 2.834245e-01 -4.070738e-05
2.161324e+01 3.967448e-01 -6.116068e-05
2.161324e+01 5.552783e-01 -9.195336e-05
2.161324e+01 7.774819e-01 -1.326724e-04
2.161324e+01 1.088445e+00 -1.785310e-04
2.161324e+01 1.523711e+00 -2.226751e-04
2.161324e+01 2.088426e+00 -2.317339e-04
2.161324e+01 2.685505e+00 -1.673698e-04
2.206550e+01 1.570796e-02 -3.994543e-07
2.206550e+01 2.346256e-02 -3.427859e-07
2.206550e+01 3.503514e-02 -7.201285e-07
2.206550e+01 5.263151e-02 -2.57333e-06
2.206550e+01 7.314235e-02 -4.896510e-06
2.206550e+01 1.025928e-01 -8.624927e-06
2.206550e+01 1.448116e-01 -1.325227e-05
2.206550e+01 2.023460e-01 -2.039588e-05
2.206550e+01 2.834245e-01 -2.995174e-05
2.206550e+01 3.967448e-01 -4.521124e-05
2.206550e+01 5.552783e-01 -6.86837e-05
2.206550e+01 7.774819e-01 -1.001316e-04
2.206550e+01 1.088445e+00 -1.357349e-04
2.206550e+01 1.523711e+00 -1.722606e-04
2.206550e+01 2.088426e+00 -1.822810e-04
2.206550e+01 2.685505e+00 -1.338992e-04
2.252681e+01 1.570796e-02 -2.915455e-07
2.252681e+01 2.346256e-02 -2.412192e-07
2.252681e+01 3.503514e-02 -5.334971e-07
2.252681e+01 5.263151e-02 -1.856381e-06
2.252681e+01 7.314235e-02 -3.577476e-06
2.252681e+01 1.025928e-01 -6.236566e-06
2.252681e+01 1.448116e-01 -9.596712e-06
2.252681e+01 2.023460e-01 -1.481672e-05
2.252681e+01 2.834245e-01 -2.184135e-05
2.252681e+01 3.967448e-01 -3.320215e-05
2.252681e+01 5.552783e-01 -5.095141e-05
2.252681e+01 7.774819e-01 -7.481983e-05
2.252681e+01 1.088445e+00 -1.026448e-04
2.252681e+01 1.523711e+00 -1.328212e-04
2.252681e+01 2.088426e+00 -1.436430e-04
2.252681e+01 2.685505e+00 -1.093599e-04
2.299735e+01 1.570796e-02 -2.117121e-07
2.299735e+01 2.346256e-02 -1.764769e-07
2.299735e+01 3.503514e-02 -3.882890e-07
2.299735e+01 5.263151e-02 -1.309878e-06
2.299735e+01 7.314235e-02 -2.546359e-06
2.299735e+01 1.025928e-01 -4.4453e-06
2.299735e+01 1.448116e-01 -6.838913e-06
2.299735e+01 2.023460e-01 -1.061437e-05
2.299735e+01 2.834245e-01 -1.569853e-05
2.299735e+01 3.967448e-01 -2.396345e-05
2.299735e+01 5.552783e-01 -3.720453e-05
2.299735e+01 7.774819e-01 -5.491219e-05
2.299735e+01 1.088445e+00 -7.627418e-05
2.299735e+01 1.523711e+00 -1.004584e-04
2.299735e+01 2.088426e+00 -1.121158e-04
2.299735e+01 2.685505e+00 -8.831666e-05
2.34773e+01 1.570796e-02 -1.462589e-07
2.34773e+01 2.346256e-02 -1.186262e-07
2.34773e+01 3.503514e-02 -2.657901e-07
2.34773e+01 5.263151e-02 -9.148619e-07
2.34773e+01 7.314235e-02 -1.756547e-06
2.34773e+01 1.025928e-01 -3.088312e-06
2.34773e+01 1.448116e-01 -4.753774e-06
2.34773e+01 2.023460e-01 -7.384905e-06
2.34773e+01 2.834245e-01 -1.094339e-05
2.34773e+01 3.967448e-01 -1.691365e-05
2.34773e+01 5.552783e-01 -2.637396e-05
2.34773e+01 7.774819e-01 -3.922794e-05
2.34773e+01 1.088445e+00 -5.520472e-05
2.34773e+01 1.523711e+00 -7.424412e-05
2.34773e+01 2.088426e+00 -8.571423e-05
2.34773e+01 2.685505e+00 -7.209149e-05
2.396684e+01 1.570796e-02 -1.028823e-07
2.396684e+01 2.346256e-02 -8.460183e-08
2.396684e+01 3.503514e-02 -1.83073e-07
2.396684e+01 5.263151e-02 -6.249001e-07
2.396684e+01 7.314235e-02 -1.214387e-06
2.396684e+01 1.025928e-01 -2.137803e-06
2.396684e+01 1.448116e-01 -3.287052e-06
2.396684e+01 2.023460e-01 -5.119565e-06
2.396684e+01 2.834245e-01 -7.619851e-06
2.396684e+01 3.967448e-01 -1.181555e-05
2.396684e+01 5.552783e-01 -1.858851e-05
2.396684e+01 7.774819e-01 -2.783032e-05
2.396684e+01 1.088445e+00 -3.932268e-05
2.396684e+01 1.523711e+00 -5.362481e-05
2.396684e+01 2.088426e+00 -6.313105e-05
2.396684e+01 2.685505e+00 -5.433705e-05
2.446618e+01 1.570796e-02 -7.000489e-08
2.446618e+01 2.346256e-02 -5.57043e-08
2.446618e+01 3.503514e-02 -1.236146e-07
2.446618e+01 5.263151e-02 -4.230401e-07
2.446618e+01 7.314235e-02 -8.226375e-07
2.446618e+01 1.025928e-01 -1.438890e-06
2.446618e+01 1.448116e-01 -2.230153e-06
2.446618e+01 2.023460e-01 -3.468858e-06
2.446618e+01 2.834245e-01 -5.190215e-06
2.446618e+01 3.967448e-01 -8.110213e-06
2.446618e+01 5.552783e-01 -1.284482e-05
2.446618e+01 7.774819e-01 -1.931909e-05
2.446618e+01 1.088445e+00 -2.752139e-05
2.446618e+01 1.523711e+00 -3.797221e-05
2.446618e+01 2.088426e+00 -4.605283e-05
2.446618e+01 2.685505e+00 -4.08885e-05
2.497550e+01 1.570796e-02 -4.569288e-08
2.497550e+01 2.346256e-02 -3.610411e-08
2.497550e+01 3.503514e-02 -7.971569e-08
2.497550e+01 5.263151e-02 -2.809080e-07
2.497550e+01 7.314235e-02 -5.407101e-07
2.497550e+01 1.025928e-01 -9.544707e-07
2.497550e+01 1.448116e-01 -1.496266e-06
2.497550e+01 2.023460e-01 -2.333752e-06
2.497550e+01 2.834245e-01 -3.495357e-06
2.497550e+01 3.967448e-01 -5.512300e-06
2.497550e+01 5.552783e-01 -8.783563e-06
2.497550e+01 7.774819e-01 -1.326965e-05
2.497550e+01 1.088445e+00 -1.902177e-05
2.497550e+01 1.523711e+00 -2.666443e-05
2.497550e+01 2.088426e+00 -3.304777e-05
2.497550e+01 2.685505e+00 -3.040905e-05
2.549501e+01 1.570796e-02 -2.970268e-08
2.549501e+01 2.346256e-02 -2.318865e-08
2.549501e+01 3.503514e-02 -5.215131e-08
2.549501e+01 5.263151e-02 -1.856775e-07
2.549501e+01 7.314235e-02 -3.535688e-07
2.549501e+01 1.025928e-01 -6.276079e-07
2.549501e+01 1.448116e-01 -9.871489e-07
2.549501e+01 2.023460e-01 -1.543923e-06
2.549501e+01 2.834245e-01 -2.321127e-06
2.549501e+01 3.967448e-01 -3.675876e-06
2.549501e+01 5.552783e-01 -5.913003e-06
2.549501e+01 7.774819e-01 -8.954852e-06
2.549501e+01 1.088445e+00 -1.292324e-05
2.549501e+01 1.523711e+00 -1.835628e-05
2.549501e+01 2.088426e+00 -2.340099e-05
2.549501e+01 2.685505e+00 -2.231084e-05
2.602491e+01 1.570796e-02 -1.920034e-08
2.602491e+01 2.346256e-02 -1.463850e-08
2.602491e+01 3.503514e-02 -3.327491e-08
2.602491e+01 5.263151e-02 -1.201008e-07
2.602491e+01 7.314235e-02 -2.27648e-07
2.602491e+01 1.025928e-01 -4.069806e-07
2.602491e+01 1.448116e-01 -6.446779e-07
2.602491e+01 2.023460e-01 -1.00574e-06
2.602491e+01 2.834245e-01 -1.522063e-06
2.602491e+01 3.967448e-01 -2.424571e-06
2.602491e+01 5.552783e-01 -3.909751e-06
2.602491e+01 7.774819e-01 -5.950508e-06
2.602491e+01 1.088445e+00 -8.624543e-06
2.602491e+01 1.523711e+00 -1.246066e-05
2.602491e+01 2.088426e+00 -1.637196e-05
2.602491e+01 2.685505e+00 -1.626657e-05
2.656541e+01 1.570796e-02 -1.295011e-08
2.656541e+01 2.346256e-02 -8.891910e-09
2.656541e+01 3.503514e-02 -2.079204e-08
2.656541e+01 5.263151e-02 -7.672428e-08
2.656541e+01 7.314235e-02 -1.463960e-07
2.656541e+01 1.025928e-01 -2.596663e-07
2.656541e+01 1.448116e-01 -4.148321e-07
2.656541e+01 2.023460e-01 -6.451794e-07
2.656541e+01 2.834245e-01 -9.863096e-07
2.656541e+01 3.967448e-01 -1.570447e-06
2.656541e+01 5.552783e-01 -2.543595e-06
2.656541e+01 7.774819e-01 -3.889154e-06
2.656541e+01 1.088445e+00 -5.672918e-06
2.656541e+01 1.523711e+00 -8.325936e-06
2.656541e+01 2.088426e+00 -1.131900e-05
2.656541e+01 2.685505e+00 -1.180074e-05
2.711672e+01 1.570796e-02 2.859564e-10
2.711672e+01 2.346256e-02 2.308964e-10
2.711672e+01 3.503514e-02 7.406419e-10
2.711672e+01 5.263151e-02 2.169008e-09
2.711672e+01 7.314235e-02 3.965838e-09
2.711672e+01 1.025928e-01 7.353579e-09
2.711672e+01 1.448116e-01 1.119965e-08
2.711672e+01 2.023460e-01 1.761371e-08
2.711672e+01 2.834245e-01 2.790932e-08
2.711672e+01 3.967448e-01 4.310898e-08
2.711672e+01 5.552783e-01 6.360809e-08
2.711672e+01 7.774819e-01 8.595090e-08
2.711672e+01 1.088445e+00 1.021920e-07
2.711672e+01 1.523711e+00 1.000839e-07
2.711672e+01 2.088426e+00 7.673694e-08
2.711672e+01 2.685505e+00 3.993740e-08
2.767905e+01 1.570796e-02 2.728750e-10
2.767905e+01 2.346256e-02 2.207017e-10
2.767905e+01 3.503514e-02 6.979956e-10
2.767905e+01 5.263151e-02 2.038364e-09
2.767905e+01 7.314235e-02 3.750240e-09
2.767905e+01 1.025928e-01 6.908816e-09
2.767905e+01 1.448116e-01 1.050652e-08
2.767905e+01 2.023460e-01 1.650686e-08
2.767905e+01 2.834245e-01 2.620071e-08
2.767905e+01 3.967448e-01 4.051151e-08
2.767905e+01 5.552783e-01 5.986390e-08
2.767905e+01 7.774819e-01 8.128539e-08
2.767905e+01 1.088445e+00 9.774636e-08
2.767905e+01 1.523711e+00 9.829498e-08
2.767905e+01 2.088426e+00 7.855428e-08
2.767905e+01 2.685505e+00 4.357180e-08
2.825263e+01 1.570796e-02 2.551382e-10
2.825263e+01 2.346256e-02 2.063856e-10
2.825263e+01 3.503514e-02 6.465614e-10
2.825263e+01 5.263151e-02 1.882946e-09
2.825263e+01 7.314235e-02 3.486891e-09
2.825263e+01 1.025928e-01 6.390917e-09
2.825263e+01 1.448116e-01 9.716559e-09
2.825263e+01 2.023460e-01 1.526952e-08
2.825263e+01 2.834245e-01 2.430232e-08
2.825263e+01 3.967448e-01 3.76351e-08
2.825263e+01 5.552783e-01 5.570856e-08
2.825263e+01 7.774819e-01 7.598931e-08
2.825263e+01 1.088445e+00 9.247976e-08
2.825263e+01 1.523711e+00 9.544353e-08
2.825263e+01 2.088426e+00 7.953196e-08
2.825263e+01 2.685505e+00 4.701339e-08
2.883769e+01 1.570796e-02 2.342601e-10
2.883769e+01 2.346256e-02 1.891987e-10
2.883769e+01 3.503514e-02 5.889936e-10
2.883769e+01 5.263151e-02 1.711001e-09
2.883769e+01 7.314235e-02 3.189913e-09
2.883769e+01 1.025928e-01 5.822953e-09
2.883769e+01 1.448116e-01 8.857258e-09
2.883769e+01 2.023460e-01 1.393130e-08
2.883769e+01 2.834245e-01 2.225002e-08
2.883769e+01 3.967448e-01 3.452689e-08
2.883769e+01 5.552783e-01 5.119077e-08
2.883769e+01 7.774819e-01 7.022516e-08
2.883769e+01 1.088445e+00 8.652963e-08
2.883769e+01 1.523711e+00 9.166179e-08
2.883769e+01 2.088426e+00 7.97237e-08
2.883769e+01 2.685505e+00 5.060721e-08
2.943444e+01 1.570796e-02 2.110390e-10
2.943444e+01 2.346256e-02 1.700935e-10
2.943444e+01 3.503514e-02 5.277543e-10
2.943444e+01 5.263151e-02 1.529305e-09
2.943444e+01 7.314235e-02 2.869295e-09
2.943444e+01 1.025928e-01 5.222181e-09
2.943444e+01 1.448116e-01 7.951324e-09
2.943444e+01 2.023460e-01 1.252464e-08
2.943444e+01 2.834245e-01 2.007695e-08
2.943444e+01 3.967448e-01 3.122764e-08
2.943444e+01 5.552783e-01 4.639033e-08
2.943444e+01 7.774819e-01 6.400496e-08
2.943444e+01 1.088445e+00 7.987482e-08
2.943444e+01 1.523711e+00 8.684315e-08
2.943444e+01 2.088426e+00 7.890465e-08
2.943444e+01 2.685505e+00 5.387068e-08
3.004313e+01 1.570796e-02 1.865812e-10
3.004313e+01 2.346256e-02 1.496818e-10
3.004313e+01 3.503514e-02 4.64354e-10
3.004313e+01 5.263151e-02 1.342645e-09
3.004313e+01 7.314235e-02 2.534393e-09
3.004313e+01 1.025928e-01 4.60164e-09
3.004313e+01 1.448116e-01 7.015374e-09
3.004313e+01 2.023460e-01 1.107223e-08
3.004313e+01 2.834245e-01 1.781745e-08
3.004313e+01 3.967448e-01 2.778083e-08
3.004313e+01 5.552783e-01 4.135532e-08
3.004313e+01 7.774819e-01 5.739980e-08
3.004313e+01 1.088445e+00 7.253777e-08
3.004313e+01 1.523711e+00 8.100293e-08
3.004313e+01 2.088426e+00 7.710667e-08
3.004313e+01 2.685505e+00 5.698526e-08
3.066399e+01 1.570796e-02 1.612458e-10
3.066399e+01 2.346256e-02 1.287407e-10
3.066399e+01 3.503514e-02 4.000191e-10
3.066399e+01 5.263151e-02 1.154138e-09
3.066399e+01 7.314235e-02 2.190691e-09
3.066399e+01 1.025928e-01 3.971574e-09
3.066399e+01 1.448116e-01 6.064350e-09
3.066399e+01 2.023460e-01 9.592067e-09
3.066399e+01 2.834245e-01 1.549725e-08
3.066399e+01 3.967448e-01 2.421894e-08
3.066399e+01 5.552783e-01 3.613234e-08
3.066399e+01 7.774819e-01 5.043829e-08
3.066399e+01 1.088445e+00 6.455965e-08
3.066399e+01 1.523711e+00 7.408614e-08
3.066399e+01 2.088426e+00 7.393791e-08
3.066399e+01 2.685505e+00 5.942803e-08
3.129727e+01 1.570796e-02 1.355165e-10
3.129727e+01 2.346256e-02 1.074792e-10
3.129727e+01 3.503514e-02 3.357542e-10
3.129727e+01 5.263151e-02 9.659672e-10
3.129727e+01 7.314235e-02 1.843092e-09
3.129727e+01 1.025928e-01 3.337795e-09
3.129727e+01 1.448116e-01 5.107256e-09
3.129727e+01 2.023460e-01 8.097978e-09
3.129727e+01 2.834245e-01 1.313518e-08
3.129727e+01 3.967448e-01 2.057191e-08
3.129727e+01 5.552783e-01 3.075902e-08
3.129727e+01 7.774819e-01 4.318298e-08
3.129727e+01 1.088445e+00 5.596601e-08
3.129727e+01 1.523711e+00 6.603574e-08
3.129727e+01 2.088426e+00 6.929902e-08
3.129727e+01 2.685505e+00 6.058688e-08
3.194322e+01 1.570796e-02 1.098235e-10
3.194322e+01 2.346256e-02 8.642667e-11
3.194322e+01 3.503514e-02 2.716552e-10
3.194322e+01 5.263151e-02 7.80279e-10
3.194322e+01 7.314235e-02 1.495853e-09
3.194322e+01 1.025928e-01 2.706536e-09
3.194322e+01 1.448116e-01 4.149628e-09
3.194322e+01 2.023460e-01 6.597627e-09
3.194322e+01 2.834245e-01 1.074393e-08
3.194322e+01 3.967448e-01 1.684950e-08
3.194322e+01 5.552783e-01 2.524517e-08
3.194322e+01 7.774819e-01 3.56503e-08
3.194322e+01 1.088445e+00 4.679407e-08
3.194322e+01 1.523711e+00 5.677938e-08
3.194322e+01 2.088426e+00 6.279079e-08
3.194322e+01 2.685505e+00 5.970994e-08
3.260208e+01 1.570796e-02 8.441327e-11
3.260208e+01 2.346256e-02 6.582637e-11
3.260208e+01 3.503514e-02 2.083878e-10
3.260208e+01 5.263151e-02 5.976477e-10
3.260208e+01 7.314235e-02 1.150629e-09
3.260208e+01 1.025928e-01 2.081818e-09
3.260208e+01 1.448116e-01 3.199974e-09
3.260208e+01 2.023460e-01 5.100794e-09
3.260208e+01 2.834245e-01 8.33775e-09
3.260208e+01 3.967448e-01 1.309162e-08
3.260208e+01 5.552783e-01 1.965369e-08
3.260208e+01 7.774819e-01 2.790061e-08
3.260208e+01 1.088445e+00 3.709205e-08
3.260208e+01 1.523711e+00 4.629389e-08
3.260208e+01 2.088426e+00 5.413380e-08
3.260208e+01 2.685505e+00 5.609014e-08
3.327412e+01 1.570796e-02 5.938938e-11
3.327412e+01 2.346256e-02 4.563035e-11
3.327412e+01 3.503514e-02 1.461785e-10
3.327412e+01 5.263151e-02 4.184866e-10
3.327412e+01 7.314235e-02 8.094968e-10
3.327412e+01 1.025928e-01 1.465640e-09
3.327412e+01 1.448116e-01 2.257325e-09
3.327412e+01 2.023460e-01 3.609644e-09
3.327412e+01 2.834245e-01 5.920730e-09
3.327412e+01 3.967448e-01 9.312532e-09
3.327412e+01 5.552783e-01 1.40123e-08
3.327412e+01 7.774819e-01 2.000381e-08
3.327412e+01 1.088445e+00 2.691259e-08
3.327412e+01 1.523711e+00 3.456160e-08
3.327412e+01 2.088426e+00 4.276981e-08
3.327412e+01 2.685505e+00 4.814820e-08
3.395961e+01 1.570796e-02 3.590446e-11
3.395961e+01 2.346256e-02 2.756172e-11
3.395961e+01 3.503514e-02 8.890330e-11
3.395961e+01 5.263151e-02 2.540779e-10
3.395961e+01 7.314235e-02 4.919859e-10
3.395961e+01 1.025928e-01 8.901529e-10
3.395961e+01 1.448116e-01 1.371491e-09
3.395961e+01 2.023460e-01 2.191287e-09
3.395961e+01 2.834245e-01 3.588295e-09
3.395961e+01 3.967448e-01 5.619672e-09
3.395961e+01 5.552783e-01 8.422453e-09
3.395961e+01 7.774819e-01 1.20391e-08
3.395961e+01 1.088445e+00 1.632212e-08
3.395961e+01 1.523711e+00 2.149747e-08
3.395961e+01 2.088426e+00 2.803313e-08
3.395961e+01 2.685505e+00 3.385191e-08
3.46588e+01 1.570796e-02 1.087228e-11
3.46588e+01 2.346256e-02 9.16205e-12
3.46588e+01 3.503514e-02 2.770351e-11
3.46588e+01 5.263151e-02 7.745251e-11
3.46588e+01 7.314235e-02 1.527237e-10
3.46588e+01 1.025928e-01 2.79672e-10
3.46588e+01 1.448116e-01 4.356826e-10
3.46588e+01 2.023460e-01 6.969205e-10
3.46588e+01 2.834245e-01 1.15797e-09
3.46588e+01 3.967448e-01 1.820688e-09
3.46588e+01 5.552783e-01 2.747657e-09
3.46588e+01 7.774819e-01 3.956592e-09
3.46588e+01 1.088445e+00 5.430542e-09
3.46588e+01 1.523711e+00 7.31743e-09
3.46588e+01 2.088426e+00 1.003268e-08
3.46588e+01 2.685505e+00 1.300041e-08
3.537197e+01 1.570796e-02 0.e+00
3.537197e+01 2.346256e-02 0.e+00
3.537197e+01 3.503514e-02 0.e+00
3.537197e+01 5.263151e-02 0.e+00
3.537197e+01 7.314235e-02 0.e+00
3.537197e+01 1.025928e-01 0.e+00
3.537197e+01 1.448116e-01 0.e+00
3.537197e+01 2.023460e-01 0.e+00
3.537197e+01 2.834245e-01 0.e+00
3.537197e+01 3.967448e-01 0.e+00
3.537197e+01 5.552783e-01 0.e+00
3.537197e+01 7.774819e-01 0.e+00
3.537197e+01 1.088445e+00 0.e+00
3.537197e+01 1.523711e+00 0.e+00
3.537197e+01 2.088426e+00 0.e+00
3.537197e+01 2.685505e+00 0.e+00
