5.e+00 1.570796e-02 0.e+00
5.e+00 2.346256e-02 0.e+00
5.e+00 3.503514e-02 0.e+00
5.e+00 5.263151e-02 0.e+00
5.e+00 7.314235e-02 0.e+00
5.e+00 1.025928e-01 0.e+00
5.e+00 1.448116e-01 0.e+00
5.e+00 2.023460e-01 0.e+00
5.e+00 2.834245e-01 0.e+00
5.e+00 3.967448e-01 0.e+00
5.e+00 5.552783e-01 0.e+00
5.e+00 7.774819e-01 0.e+00
5.e+00 1.088445e+00 0.e+00
5.e+00 1.523711e+00 0.e+00
5.e+00 2.088426e+00 0.e+00
5.e+00 2.685505e+00 0.e+00
5.12e+00 1.570796e-02 -5.824091e-06
5.12e+00 2.346256e-02 -7.701880e-06
5.12e+00 3.503514e-02 -6.066030e-07
5.12e+00 5.263151e-02 -2.337335e-05
5.12e+00 7.314235e-02 -5.749419e-05
5.12e+00 1.025928e-01 -1.914686e-05
5.12e+00 1.448116e-01 -1.002197e-05
5.12e+00 2.023460e-01 -3.606605e-05
5.12e+00 2.834245e-01 -2.159236e-05
5.12e+00 3.967448e-01 -1.459659e-05
5.12e+00 5.552783e-01 -1.49664e-05
5.12e+00 7.774819e-01 -1.235849e-05
5.12e+00 1.088445e+00 -1.245183e-05
5.12e+00 1.523711e+00 -1.445344e-05
5.12e+00 2.088426e+00 -1.423059e-05
5.12e+00 2.685505e+00 -1.354836e-05
5.2424e+00 1.570796e-02 -8.32442e-05
5.2424e+00 2.346256e-02 -1.004861e-04
5.2424e+00 3.503514e-02 -6.920541e-04
5.2424e+00 5.263151e-02 -4.306012e-04
5.2424e+00 7.314235e-02 -4.521004e-04
5.2424e+00 1.025928e-01 -5.77787e-04
5.2424e+00 1.448116e-01 -5.237517e-04
5.2424e+00 2.023460e-01 -5.635222e-04
5.2424e+00 2.834245e-01 -5.142701e-04
5.2424e+00 3.967448e-01 -4.760053e-04
5.2424e+00 5.552783e-01 -3.992160e-04
5.2424e+00 7.774819e-01 -3.732926e-04
5.2424e+00 1.088445e+00 -3.585857e-04
5.2424e+00 1.523711e+00 -3.428707e-04
5.2424e+00 2.088426e+00 -3.662789e-04
5.2424e+00 2.685505e+00 -3.813645e-04
5.367248e+00 1.570796e-02 -1.653452e-04
5.367248e+00 2.346256e-02 -3.301835e-04
5.367248e+00 3.503514e-02 -1.808010e-03
5.367248e+00 5.263151e-02 -1.886416e-03
5.367248e+00 7.314235e-02 -1.541089e-03
5.367248e+00 1.025928e-01 -1.87199e-03
5.367248e+00 1.448116e-01 -2.012116e-03
5.367248e+00 2.023460e-01 -1.949272e-03
5.367248e+00 2.834245e-01 -1.777233e-03
5.367248e+00 3.967448e-01 -1.738519e-03
5.367248e+00 5.552783e-01 -1.520572e-03
5.367248e+00 7.774819e-01 -1.385869e-03
5.367248e+00 1.088445e+00 -1.259647e-03
5.367248e+00 1.523711e+00 -1.204173e-03
5.367248e+00 2.088426e+00 -1.250243e-03
5.367248e+00 2.685505e+00 -1.296201e-03
5.494593e+00 1.570796e-02 -2.439451e-04
5.494593e+00 2.346256e-02 -6.913832e-04
5.494593e+00 3.503514e-02 -2.867725e-03
5.494593e+00 5.263151e-02 -4.253216e-03
5.494593e+00 7.314235e-02 -3.643053e-03
5.494593e+00 1.025928e-01 -4.434277e-03
5.494593e+00 1.448116e-01 -4.958688e-03
5.494593e+00 2.023460e-01 -4.632182e-03
5.494593e+00 2.834245e-01 -4.456839e-03
5.494593e+00 3.967448e-01 -4.044855e-03
5.494593e+00 5.552783e-01 -3.632408e-03
5.494593e+00 7.774819e-01 -3.274110e-03
5.494593e+00 1.088445e+00 -2.989807e-03
5.494593e+00 1.523711e+00 -2.763717e-03
5.494593e+00 2.088426e+00 -2.865124e-03
5.494593e+00 2.685505e+00 -2.922617e-03
5.624485e+00 1.570796e-02 -2.861460e-04
5.624485e+00 2.346256e-02 -9.414396e-04
5.624485e+00 3.503514e-02 -3.995462e-03
5.624485e+00 5.263151e-02 -6.167694e-03
5.624485e+00 7.314235e-02 -6.281871e-03
5.624485e+00 1.025928e-01 -8.058322e-03
5.624485e+00 1.448116e-01 -8.835581e-03
5.624485e+00 2.023460e-01 -8.279503e-03
5.624485e+00 2.834245e-01 -7.971856e-03
5.624485e+00 3.967448e-01 -7.504046e-03
5.624485e+00 5.552783e-01 -6.761488e-03
5.624485e+00 7.774819e-01 -6.054077e-03
5.624485e+00 1.088445e+00 -5.372523e-03
5.624485e+00 1.523711e+00 -4.908607e-03
5.624485e+00 2.088426e+00 -5.056770e-03
5.624485e+00 2.685505e+00 -5.189733e-03
5.756975e+00 1.570796e-02 -2.894957e-04
5.756975e+00 2.346256e-02 -1.037590e-03
5.756975e+00 3.503514e-02 -4.740231e-03
5.756975e+00 5.263151e-02 -7.806132e-03
5.756975e+00 7.314235e-02 -8.960376e-03
5.756975e+00 1.025928e-01 -1.260158e-02
5.756975e+00 1.448116e-01 -1.302665e-02
5.756975e+00 2.023460e-01 -1.285629e-02
5.756975e+00 2.834245e-01 -1.266846e-02
5.756975e+00 3.967448e-01 -1.189871e-02
5.756975e+00 5.552783e-01 -1.06472e-02
5.756975e+00 7.774819e-01 -9.491997e-03
5.756975e+00 1.088445e+00 -8.368320e-03
5.756975e+00 1.523711e+00 -7.586436e-03
5.756975e+00 2.088426e+00 -7.751766e-03
5.756975e+00 2.685505e+00 -7.863483e-03
5.892114e+00 1.570796e-02 -2.817264e-04
5.892114e+00 2.346256e-02 -1.010128e-03
5.892114e+00 3.503514e-02 -5.084219e-03
5.892114e+00 5.263151e-02 -9.004907e-03
5.892114e+00 7.314235e-02 -1.096365e-02
5.892114e+00 1.025928e-01 -1.645786e-02
5.892114e+00 1.448116e-01 -1.712909e-02
5.892114e+00 2.023460e-01 -1.732832e-02
5.892114e+00 2.834245e-01 -1.731135e-02
5.892114e+00 3.967448e-01 -1.657292e-02
5.892114e+00 5.552783e-01 -1.481655e-02
5.892114e+00 7.774819e-01 -1.323097e-02
5.892114e+00 1.088445e+00 -1.157316e-02
5.892114e+00 1.523711e+00 -1.039667e-02
5.892114e+00 2.088426e+00 -1.056024e-02
5.892114e+00 2.685505e+00 -1.06172e-02
6.029956e+00 1.570796e-02 -2.377878e-04
6.029956e+00 2.346256e-02 -1.010247e-03
6.029956e+00 3.503514e-02 -4.978463e-03
6.029956e+00 5.263151e-02 -9.608476e-03
6.029956e+00 7.314235e-02 -1.251189e-02
6.029956e+00 1.025928e-01 -1.927863e-02
6.029956e+00 1.448116e-01 -2.077473e-02
6.029956e+00 2.023460e-01 -2.143896e-02
6.029956e+00 2.834245e-01 -2.202515e-02
6.029956e+00 3.967448e-01 -2.155242e-02
6.029956e+00 5.552783e-01 -1.932071e-02
6.029956e+00 7.774819e-01 -1.718618e-02
6.029956e+00 1.088445e+00 -1.490573e-02
6.029956e+00 1.523711e+00 -1.328522e-02
6.029956e+00 2.088426e+00 -1.341362e-02
6.029956e+00 2.685505e+00 -1.340509e-02
6.170555e+00 1.570796e-02 -2.051641e-04
6.170555e+00 2.346256e-02 -9.127735e-04
6.170555e+00 3.503514e-02 -4.594065e-03
6.170555e+00 5.263151e-02 -9.771054e-03
6.170555e+00 7.314235e-02 -1.341007e-02
6.170555e+00 1.025928e-01 -2.134052e-02
6.170555e+00 1.448116e-01 -2.369334e-02
6.170555e+00 2.023460e-01 -2.527790e-02
6.170555e+00 2.834245e-01 -2.641930e-02
6.170555e+00 3.967448e-01 -2.616764e-02
6.170555e+00 5.552783e-01 -2.370814e-02
6.170555e+00 7.774819e-01 -2.124315e-02
6.170555e+00 1.088445e+00 -1.831184e-02
6.170555e+00 1.523711e+00 -1.620360e-02
6.170555e+00 2.088426e+00 -1.626796e-02
6.170555e+00 2.685505e+00 -1.606237e-02
6.313967e+00 1.570796e-02 -1.894809e-04
6.313967e+00 2.346256e-02 -8.70831e-04
6.313967e+00 3.503514e-02 -4.289798e-03
6.313967e+00 5.263151e-02 -9.52713e-03
6.313967e+00 7.314235e-02 -1.349465e-02
6.313967e+00 1.025928e-01 -2.219029e-02
6.313967e+00 1.448116e-01 -2.562680e-02
6.313967e+00 2.023460e-01 -2.806504e-02
6.313967e+00 2.834245e-01 -3.003498e-02
6.313967e+00 3.967448e-01 -3.022637e-02
6.313967e+00 5.552783e-01 -2.78326e-02
6.313967e+00 7.774819e-01 -2.496380e-02
6.313967e+00 1.088445e+00 -2.146296e-02
6.313967e+00 1.523711e+00 -1.889920e-02
6.313967e+00 2.088426e+00 -1.880766e-02
6.313967e+00 2.685505e+00 -1.837869e-02
6.460246e+00 1.570796e-02 -1.853169e-04
6.460246e+00 2.346256e-02 -8.297191e-04
6.460246e+00 3.503514e-02 -4.022839e-03
6.460246e+00 5.263151e-02 -9.027342e-03
6.460246e+00 7.314235e-02 -1.306567e-02
6.460246e+00 1.025928e-01 -2.224097e-02
6.460246e+00 1.448116e-01 -2.673869e-02
6.460246e+00 2.023460e-01 -3.012869e-02
6.460246e+00 2.834245e-01 -3.302029e-02
6.460246e+00 3.967448e-01 -3.376165e-02
6.460246e+00 5.552783e-01 -3.150061e-02
6.460246e+00 7.774819e-01 -2.836267e-02
6.460246e+00 1.088445e+00 -2.430473e-02
6.460246e+00 1.523711e+00 -2.138124e-02
6.460246e+00 2.088426e+00 -2.107153e-02
6.460246e+00 2.685505e+00 -2.044690e-02
6.609451e+00 1.570796e-02 -1.702156e-04
6.609451e+00 2.346256e-02 -7.71123e-04
6.609451e+00 3.503514e-02 -3.777311e-03
6.609451e+00 5.263151e-02 -8.517467e-03
6.609451e+00 7.314235e-02 -1.237931e-02
6.609451e+00 1.025928e-01 -2.163887e-02
6.609451e+00 1.448116e-01 -2.702518e-02
6.609451e+00 2.023460e-01 -3.138226e-02
6.609451e+00 2.834245e-01 -3.524215e-02
6.609451e+00 3.967448e-01 -3.649738e-02
6.609451e+00 5.552783e-01 -3.465093e-02
6.609451e+00 7.774819e-01 -3.136328e-02
6.609451e+00 1.088445e+00 -2.689350e-02
6.609451e+00 1.523711e+00 -2.358356e-02
6.609451e+00 2.088426e+00 -2.310253e-02
6.609451e+00 2.685505e+00 -2.218568e-02
6.76164e+00 1.570796e-02 -1.521178e-04
6.76164e+00 2.346256e-02 -7.152788e-04
6.76164e+00 3.503514e-02 -3.522852e-03
6.76164e+00 5.263151e-02 -7.964304e-03
6.76164e+00 7.314235e-02 -1.161904e-02
6.76164e+00 1.025928e-01 -2.063340e-02
6.76164e+00 1.448116e-01 -2.667814e-02
6.76164e+00 2.023460e-01 -3.190178e-02
6.76164e+00 2.834245e-01 -3.676944e-02
6.76164e+00 3.967448e-01 -3.855109e-02
6.76164e+00 5.552783e-01 -3.719592e-02
6.76164e+00 7.774819e-01 -3.394608e-02
6.76164e+00 1.088445e+00 -2.921989e-02
6.76164e+00 1.523711e+00 -2.559493e-02
6.76164e+00 2.088426e+00 -2.493730e-02
6.76164e+00 2.685505e+00 -2.373744e-02
6.916873e+00 1.570796e-02 -1.356078e-04
6.916873e+00 2.346256e-02 -6.540937e-04
6.916873e+00 3.503514e-02 -3.242925e-03
6.916873e+00 5.263151e-02 -7.330473e-03
6.916873e+00 7.314235e-02 -1.077847e-02
6.916873e+00 1.025928e-01 -1.944967e-02
6.916873e+00 1.448116e-01 -2.590556e-02
6.916873e+00 2.023460e-01 -3.174833e-02
6.916873e+00 2.834245e-01 -3.760857e-02
6.916873e+00 3.967448e-01 -4.007887e-02
6.916873e+00 5.552783e-01 -3.921985e-02
6.916873e+00 7.774819e-01 -3.610918e-02
6.916873e+00 1.088445e+00 -3.125992e-02
6.916873e+00 1.523711e+00 -2.735602e-02
6.916873e+00 2.088426e+00 -2.648862e-02
6.916873e+00 2.685505e+00 -2.498427e-02
7.075210e+00 1.570796e-02 -1.240277e-04
7.075210e+00 2.346256e-02 -5.999104e-04
7.075210e+00 3.503514e-02 -2.979134e-03
7.075210e+00 5.263151e-02 -6.710497e-03
7.075210e+00 7.314235e-02 -9.930879e-03
7.075210e+00 1.025928e-01 -1.820192e-02
7.075210e+00 1.448116e-01 -2.472299e-02
7.075210e+00 2.023460e-01 -3.101289e-02
7.075210e+00 2.834245e-01 -3.780472e-02
7.075210e+00 3.967448e-01 -4.094375e-02
7.075210e+00 5.552783e-01 -4.066786e-02
7.075210e+00 7.774819e-01 -3.781525e-02
7.075210e+00 1.088445e+00 -3.292305e-02
7.075210e+00 1.523711e+00 -2.879928e-02
7.075210e+00 2.088426e+00 -2.782961e-02
7.075210e+00 2.685505e+00 -2.601415e-02
7.236714e+00 1.570796e-02 -1.112204e-04
7.236714e+00 2.346256e-02 -5.445976e-04
7.236714e+00 3.503514e-02 -2.727691e-03
7.236714e+00 5.263151e-02 -6.145272e-03
7.236714e+00 7.314235e-02 -9.077993e-03
7.236714e+00 1.025928e-01 -1.687827e-02
7.236714e+00 1.448116e-01 -2.329698e-02
7.236714e+00 2.023460e-01 -2.991798e-02
7.236714e+00 2.834245e-01 -3.737430e-02
7.236714e+00 3.967448e-01 -4.120446e-02
7.236714e+00 5.552783e-01 -4.162751e-02
7.236714e+00 7.774819e-01 -3.908516e-02
7.236714e+00 1.088445e+00 -3.425690e-02
7.236714e+00 1.523711e+00 -3.000888e-02
7.236714e+00 2.088426e+00 -2.89275e-02
7.236714e+00 2.685505e+00 -2.684657e-02
7.401449e+00 1.570796e-02 -9.925591e-05
7.401449e+00 2.346256e-02 -5.007307e-04
7.401449e+00 3.503514e-02 -2.499763e-03
7.401449e+00 5.263151e-02 -5.624612e-03
7.401449e+00 7.314235e-02 -8.301681e-03
7.401449e+00 1.025928e-01 -1.555073e-02
7.401449e+00 1.448116e-01 -2.174812e-02
7.401449e+00 2.023460e-01 -2.852531e-02
7.401449e+00 2.834245e-01 -3.648907e-02
7.401449e+00 3.967448e-01 -4.092275e-02
7.401449e+00 5.552783e-01 -4.206995e-02
7.401449e+00 7.774819e-01 -3.993082e-02
7.401449e+00 1.088445e+00 -3.521771e-02
7.401449e+00 1.523711e+00 -3.101773e-02
7.401449e+00 2.088426e+00 -2.98696e-02
7.401449e+00 2.685505e+00 -2.75226e-02
7.569477e+00 1.570796e-02 -8.858717e-05
7.569477e+00 2.346256e-02 -4.575379e-04
7.569477e+00 3.503514e-02 -2.302108e-03
7.569477e+00 5.263151e-02 -5.163159e-03
7.569477e+00 7.314235e-02 -7.596315e-03
7.569477e+00 1.025928e-01 -1.43134e-02
7.569477e+00 1.448116e-01 -2.015332e-02
7.569477e+00 2.023460e-01 -2.687204e-02
7.569477e+00 2.834245e-01 -3.516897e-02
7.569477e+00 3.967448e-01 -4.017951e-02
7.569477e+00 5.552783e-01 -4.20134e-02
7.569477e+00 7.774819e-01 -4.033581e-02
7.569477e+00 1.088445e+00 -3.587801e-02
7.569477e+00 1.523711e+00 -3.180666e-02
7.569477e+00 2.088426e+00 -3.060256e-02
7.569477e+00 2.685505e+00 -2.798955e-02
7.740867e+00 1.570796e-02 -8.011469e-05
7.740867e+00 2.346256e-02 -4.227546e-04
7.740867e+00 3.503514e-02 -2.118836e-03
7.740867e+00 5.263151e-02 -4.734764e-03
7.740867e+00 7.314235e-02 -6.934412e-03
7.740867e+00 1.025928e-01 -1.312626e-02
7.740867e+00 1.448116e-01 -1.858509e-02
7.740867e+00 2.023460e-01 -2.512521e-02
7.740867e+00 2.834245e-01 -3.354430e-02
7.740867e+00 3.967448e-01 -3.911332e-02
7.740867e+00 5.552783e-01 -4.154075e-02
7.740867e+00 7.774819e-01 -4.032369e-02
7.740867e+00 1.088445e+00 -3.623509e-02
7.740867e+00 1.523711e+00 -3.227198e-02
7.740867e+00 2.088426e+00 -3.107455e-02
7.740867e+00 2.685505e+00 -2.831744e-02
7.915684e+00 1.570796e-02 -7.351560e-05
7.915684e+00 2.346256e-02 -3.904776e-04
7.915684e+00 3.503514e-02 -1.936607e-03
7.915684e+00 5.263151e-02 -4.333249e-03
7.915684e+00 7.314235e-02 -6.329753e-03
7.915684e+00 1.025928e-01 -1.202034e-02
7.915684e+00 1.448116e-01 -1.706843e-02
7.915684e+00 2.023460e-01 -2.336167e-02
7.915684e+00 2.834245e-01 -3.168625e-02
7.915684e+00 3.967448e-01 -3.770014e-02
7.915684e+00 5.552783e-01 -4.068884e-02
7.915684e+00 7.774819e-01 -3.997671e-02
7.915684e+00 1.088445e+00 -3.626732e-02
7.915684e+00 1.523711e+00 -3.250760e-02
7.915684e+00 2.088426e+00 -3.136852e-02
7.915684e+00 2.685505e+00 -2.838481e-02
8.093998e+00 1.570796e-02 -6.710409e-05
8.093998e+00 2.346256e-02 -3.581493e-04
8.093998e+00 3.503514e-02 -1.767342e-03
8.093998e+00 5.263151e-02 -3.966436e-03
8.093998e+00 7.314235e-02 -5.783229e-03
8.093998e+00 1.025928e-01 -1.098664e-02
8.093998e+00 1.448116e-01 -1.564024e-02
8.093998e+00 2.023460e-01 -2.15967e-02
8.093998e+00 2.834245e-01 -2.969732e-02
8.093998e+00 3.967448e-01 -3.603726e-02
8.093998e+00 5.552783e-01 -3.949917e-02
8.093998e+00 7.774819e-01 -3.929573e-02
8.093998e+00 1.088445e+00 -3.599464e-02
8.093998e+00 1.523711e+00 -3.250899e-02
8.093998e+00 2.088426e+00 -3.144857e-02
8.093998e+00 2.685505e+00 -2.835825e-02
8.275878e+00 1.570796e-02 -6.027525e-05
8.275878e+00 2.346256e-02 -3.278801e-04
8.275878e+00 3.503514e-02 -1.610992e-03
8.275878e+00 5.263151e-02 -3.63202e-03
8.275878e+00 7.314235e-02 -5.289759e-03
8.275878e+00 1.025928e-01 -1.003118e-02
8.275878e+00 1.448116e-01 -1.430187e-02
8.275878e+00 2.023460e-01 -1.989483e-02
8.275878e+00 2.834245e-01 -2.767157e-02
8.275878e+00 3.967448e-01 -3.414462e-02
8.275878e+00 5.552783e-01 -3.800746e-02
8.275878e+00 7.774819e-01 -3.830419e-02
8.275878e+00 1.088445e+00 -3.544922e-02
8.275878e+00 1.523711e+00 -3.234303e-02
8.275878e+00 2.088426e+00 -3.138236e-02
8.275878e+00 2.685505e+00 -2.812207e-02
8.461396e+00 1.570796e-02 -5.392192e-05
8.461396e+00 2.346256e-02 -2.989849e-04
8.461396e+00 3.503514e-02 -1.464641e-03
8.461396e+00 5.263151e-02 -3.316936e-03
8.461396e+00 7.314235e-02 -4.831817e-03
8.461396e+00 1.025928e-01 -9.142887e-03
8.461396e+00 1.448116e-01 -1.305488e-02
8.461396e+00 2.023460e-01 -1.827262e-02
8.461396e+00 2.834245e-01 -2.565388e-02
8.461396e+00 3.967448e-01 -3.212368e-02
8.461396e+00 5.552783e-01 -3.631778e-02
8.461396e+00 7.774819e-01 -3.702257e-02
8.461396e+00 1.088445e+00 -3.469199e-02
8.461396e+00 1.523711e+00 -3.197234e-02
8.461396e+00 2.088426e+00 -3.114784e-02
8.461396e+00 2.685505e+00 -2.775448e-02
8.650623e+00 1.570796e-02 -4.844808e-05
8.650623e+00 2.346256e-02 -2.715883e-04
8.650623e+00 3.503514e-02 -1.333815e-03
8.650623e+00 5.263151e-02 -3.021643e-03
8.650623e+00 7.314235e-02 -4.406469e-03
8.650623e+00 1.025928e-01 -8.323015e-03
8.650623e+00 1.448116e-01 -1.190244e-02
8.650623e+00 2.023460e-01 -1.674617e-02
8.650623e+00 2.834245e-01 -2.367404e-02
8.650623e+00 3.967448e-01 -3.001414e-02
8.650623e+00 5.552783e-01 -3.444457e-02
8.650623e+00 7.774819e-01 -3.557633e-02
8.650623e+00 1.088445e+00 -3.37166e-02
8.650623e+00 1.523711e+00 -3.140575e-02
8.650623e+00 2.088426e+00 -3.071328e-02
8.650623e+00 2.685505e+00 -2.728873e-02
8.843636e+00 1.570796e-02 -4.325988e-05
8.843636e+00 2.346256e-02 -2.458216e-04
8.843636e+00 3.503514e-02 -1.210549e-03
8.843636e+00 5.263151e-02 -2.747882e-03
8.843636e+00 7.314235e-02 -4.009973e-03
8.843636e+00 1.025928e-01 -7.550987e-03
8.843636e+00 1.448116e-01 -1.082940e-02
8.843636e+00 2.023460e-01 -1.528524e-02
8.843636e+00 2.834245e-01 -2.175133e-02
8.843636e+00 3.967448e-01 -2.790234e-02
8.843636e+00 5.552783e-01 -3.245952e-02
8.843636e+00 7.774819e-01 -3.399195e-02
8.843636e+00 1.088445e+00 -3.255616e-02
8.843636e+00 1.523711e+00 -3.067591e-02
8.843636e+00 2.088426e+00 -3.014369e-02
8.843636e+00 2.685505e+00 -2.665557e-02
9.040509e+00 1.570796e-02 -3.877427e-05
9.040509e+00 2.346256e-02 -2.225248e-04
9.040509e+00 3.503514e-02 -1.098086e-03
9.040509e+00 5.263151e-02 -2.496252e-03
9.040509e+00 7.314235e-02 -3.645204e-03
9.040509e+00 1.025928e-01 -6.853234e-03
9.040509e+00 1.448116e-01 -9.837055e-03
9.040509e+00 2.023460e-01 -1.391445e-02
9.040509e+00 2.834245e-01 -1.992263e-02
9.040509e+00 3.967448e-01 -2.580124e-02
9.040509e+00 5.552783e-01 -3.040501e-02
9.040509e+00 7.774819e-01 -3.224392e-02
9.040509e+00 1.088445e+00 -3.125731e-02
9.040509e+00 1.523711e+00 -2.982159e-02
9.040509e+00 2.088426e+00 -2.943513e-02
9.040509e+00 2.685505e+00 -2.593718e-02
9.241319e+00 1.570796e-02 -3.510415e-05
9.241319e+00 2.346256e-02 -1.989762e-04
9.241319e+00 3.503514e-02 -9.934891e-04
9.241319e+00 5.263151e-02 -2.263018e-03
9.241319e+00 7.314235e-02 -3.305693e-03
9.241319e+00 1.025928e-01 -6.205222e-03
9.241319e+00 1.448116e-01 -8.915822e-03
9.241319e+00 2.023460e-01 -1.26372e-02
9.241319e+00 2.834245e-01 -1.817590e-02
9.241319e+00 3.967448e-01 -2.372912e-02
9.241319e+00 5.552783e-01 -2.831622e-02
9.241319e+00 7.774819e-01 -3.040244e-02
9.241319e+00 1.088445e+00 -2.984619e-02
9.241319e+00 1.523711e+00 -2.88643e-02
9.241319e+00 2.088426e+00 -2.861262e-02
9.241319e+00 2.685505e+00 -2.522647e-02
9.446145e+00 1.570796e-02 -3.173779e-05
9.446145e+00 2.346256e-02 -1.793543e-04
9.446145e+00 3.503514e-02 -8.973071e-04
9.446145e+00 5.263151e-02 -2.049496e-03
9.446145e+00 7.314235e-02 -2.993475e-03
9.446145e+00 1.025928e-01 -5.607569e-03
9.446145e+00 1.448116e-01 -8.070700e-03
9.446145e+00 2.023460e-01 -1.144512e-02
9.446145e+00 2.834245e-01 -1.653957e-02
9.446145e+00 3.967448e-01 -2.17385e-02
9.446145e+00 5.552783e-01 -2.621573e-02
9.446145e+00 7.774819e-01 -2.852541e-02
9.446145e+00 1.088445e+00 -2.834339e-02
9.446145e+00 1.523711e+00 -2.773462e-02
9.446145e+00 2.088426e+00 -2.767394e-02
9.446145e+00 2.685505e+00 -2.425787e-02
9.655068e+00 1.570796e-02 -2.829948e-05
9.655068e+00 2.346256e-02 -1.606842e-04
9.655068e+00 3.503514e-02 -8.109456e-04
9.655068e+00 5.263151e-02 -1.850255e-03
9.655068e+00 7.314235e-02 -2.700095e-03
9.655068e+00 1.025928e-01 -5.055551e-03
9.655068e+00 1.448116e-01 -7.277252e-03
9.655068e+00 2.023460e-01 -1.034286e-02
9.655068e+00 2.834245e-01 -1.499938e-02
9.655068e+00 3.967448e-01 -1.980889e-02
9.655068e+00 5.552783e-01 -2.414106e-02
9.655068e+00 7.774819e-01 -2.659188e-02
9.655068e+00 1.088445e+00 -2.679237e-02
9.655068e+00 1.523711e+00 -2.653062e-02
9.655068e+00 2.088426e+00 -2.665377e-02
9.655068e+00 2.685505e+00 -2.331492e-02
9.86817e+00 1.570796e-02 -2.53143e-05
9.86817e+00 2.346256e-02 -1.437488e-04
9.86817e+00 3.503514e-02 -7.286850e-04
9.86817e+00 5.263151e-02 -1.666353e-03
9.86817e+00 7.314235e-02 -2.431994e-03
9.86817e+00 1.025928e-01 -4.547913e-03
9.86817e+00 1.448116e-01 -6.554844e-03
9.86817e+00 2.023460e-01 -9.326804e-03
9.86817e+00 2.834245e-01 -1.355988e-02
9.86817e+00 3.967448e-01 -1.797994e-02
9.86817e+00 5.552783e-01 -2.212686e-02
9.86817e+00 7.774819e-01 -2.465178e-02
9.86817e+00 1.088445e+00 -2.515654e-02
9.86817e+00 1.523711e+00 -2.526876e-02
9.86817e+00 2.088426e+00 -2.553593e-02
9.86817e+00 2.685505e+00 -2.223601e-02
1.008553e+01 1.570796e-02 -2.256097e-05
1.008553e+01 2.346256e-02 -1.268385e-04
1.008553e+01 3.503514e-02 -6.532591e-04
1.008553e+01 5.263151e-02 -1.494215e-03
1.008553e+01 7.314235e-02 -2.184178e-03
1.008553e+01 1.025928e-01 -4.075767e-03
1.008553e+01 1.448116e-01 -5.883595e-03
1.008553e+01 2.023460e-01 -8.386494e-03
1.008553e+01 2.834245e-01 -1.222306e-02
1.008553e+01 3.967448e-01 -1.625744e-02
1.008553e+01 5.552783e-01 -2.016889e-02
1.008553e+01 7.774819e-01 -2.272424e-02
1.008553e+01 1.088445e+00 -2.349358e-02
1.008553e+01 1.523711e+00 -2.390905e-02
1.008553e+01 2.088426e+00 -2.428719e-02
1.008553e+01 2.685505e+00 -2.112908e-02
1.030724e+01 1.570796e-02 -1.988507e-05
1.030724e+01 2.346256e-02 -1.125229e-04
1.030724e+01 3.503514e-02 -5.842828e-04
1.030724e+01 5.263151e-02 -1.337382e-03
1.030724e+01 7.314235e-02 -1.9525e-03
1.030724e+01 1.025928e-01 -3.641143e-03
1.030724e+01 1.448116e-01 -5.262960e-03
1.030724e+01 2.023460e-01 -7.509408e-03
1.030724e+01 2.834245e-01 -1.097333e-02
1.030724e+01 3.967448e-01 -1.464286e-02
1.030724e+01 5.552783e-01 -1.828932e-02
1.030724e+01 7.774819e-01 -2.084522e-02
1.030724e+01 1.088445e+00 -2.181619e-02
1.030724e+01 1.523711e+00 -2.252618e-02
1.030724e+01 2.088426e+00 -2.298348e-02
1.030724e+01 2.685505e+00 -2.001655e-02
1.053339e+01 1.570796e-02 -1.776561e-05
1.053339e+01 2.346256e-02 -9.979187e-05
1.053339e+01 3.503514e-02 -5.205285e-04
1.053339e+01 5.263151e-02 -1.195539e-03
1.053339e+01 7.314235e-02 -1.741683e-03
1.053339e+01 1.025928e-01 -3.241942e-03
1.053339e+01 1.448116e-01 -4.699571e-03
1.053339e+01 2.023460e-01 -6.710881e-03
1.053339e+01 2.834245e-01 -9.825562e-03
1.053339e+01 3.967448e-01 -1.314264e-02
1.053339e+01 5.552783e-01 -1.652169e-02
1.053339e+01 7.774819e-01 -1.902688e-02
1.053339e+01 1.088445e+00 -2.017481e-02
1.053339e+01 1.523711e+00 -2.111615e-02
1.053339e+01 2.088426e+00 -2.164585e-02
1.053339e+01 2.685505e+00 -1.888552e-02
1.076406e+01 1.570796e-02 -1.588511e-05
1.076406e+01 2.346256e-02 -8.878401e-05
1.076406e+01 3.503514e-02 -4.620966e-04
1.076406e+01 5.263151e-02 -1.061867e-03
1.076406e+01 7.314235e-02 -1.548245e-03
1.076406e+01 1.025928e-01 -2.88018e-03
1.076406e+01 1.448116e-01 -4.177962e-03
1.076406e+01 2.023460e-01 -5.97199e-03
1.076406e+01 2.834245e-01 -8.764263e-03
1.076406e+01 3.967448e-01 -1.175632e-02
1.076406e+01 5.552783e-01 -1.485225e-02
1.076406e+01 7.774819e-01 -1.725987e-02
1.076406e+01 1.088445e+00 -1.856215e-02
1.076406e+01 1.523711e+00 -1.967322e-02
1.076406e+01 2.088426e+00 -2.030082e-02
1.076406e+01 2.685505e+00 -1.771983e-02
1.099934e+01 1.570796e-02 -1.395457e-05
1.099934e+01 2.346256e-02 -7.777158e-05
1.099934e+01 3.503514e-02 -4.104495e-04
1.099934e+01 5.263151e-02 -9.436365e-04
1.099934e+01 7.314235e-02 -1.373591e-03
1.099934e+01 1.025928e-01 -2.54916e-03
1.099934e+01 1.448116e-01 -3.704693e-03
1.099934e+01 2.023460e-01 -5.294875e-03
1.099934e+01 2.834245e-01 -7.784216e-03
1.099934e+01 3.967448e-01 -1.047515e-02
1.099934e+01 5.552783e-01 -1.330172e-02
1.099934e+01 7.774819e-01 -1.560422e-02
1.099934e+01 1.088445e+00 -1.698742e-02
1.099934e+01 1.523711e+00 -1.821920e-02
1.099934e+01 2.088426e+00 -1.895816e-02
1.099934e+01 2.685505e+00 -1.651694e-02
1.123932e+01 1.570796e-02 -1.213372e-05
1.123932e+01 2.346256e-02 -6.855446e-05
1.123932e+01 3.503514e-02 -3.628414e-04
1.123932e+01 5.263151e-02 -8.343659e-04
1.123932e+01 7.314235e-02 -1.214053e-03
1.123932e+01 1.025928e-01 -2.249122e-03
1.123932e+01 1.448116e-01 -3.274026e-03
1.123932e+01 2.023460e-01 -4.683829e-03
1.123932e+01 2.834245e-01 -6.889891e-03
1.123932e+01 3.967448e-01 -9.283417e-03
1.123932e+01 5.552783e-01 -1.184366e-02
1.123932e+01 7.774819e-01 -1.40135e-02
1.123932e+01 1.088445e+00 -1.545956e-02
1.123932e+01 1.523711e+00 -1.680733e-02
1.123932e+01 2.088426e+00 -1.761855e-02
1.123932e+01 2.685505e+00 -1.534821e-02
1.148411e+01 1.570796e-02 -1.044716e-05
1.148411e+01 2.346256e-02 -5.941872e-05
1.148411e+01 3.503514e-02 -3.185293e-04
1.148411e+01 5.263151e-02 -7.373338e-04
1.148411e+01 7.314235e-02 -1.069329e-03
1.148411e+01 1.025928e-01 -1.979488e-03
1.148411e+01 1.448116e-01 -2.886961e-03
1.148411e+01 2.023460e-01 -4.123516e-03
1.148411e+01 2.834245e-01 -6.077348e-03
1.148411e+01 3.967448e-01 -8.200850e-03
1.148411e+01 5.552783e-01 -1.051096e-02
1.148411e+01 7.774819e-01 -1.253794e-02
1.148411e+01 1.088445e+00 -1.401129e-02
1.148411e+01 1.523711e+00 -1.54319e-02
1.148411e+01 2.088426e+00 -1.629450e-02
1.148411e+01 2.685505e+00 -1.424195e-02
1.173379e+01 1.570796e-02 -9.218002e-06
1.173379e+01 2.346256e-02 -5.209672e-05
1.173379e+01 3.503514e-02 -2.773756e-04
1.173379e+01 5.263151e-02 -6.474149e-04
1.173379e+01 7.314235e-02 -9.390646e-04
1.173379e+01 1.025928e-01 -1.732302e-03
1.173379e+01 1.448116e-01 -2.529077e-03
1.173379e+01 2.023460e-01 -3.615129e-03
1.173379e+01 2.834245e-01 -5.337666e-03
1.173379e+01 3.967448e-01 -7.206858e-03
1.173379e+01 5.552783e-01 -9.283138e-03
1.173379e+01 7.774819e-01 -1.117281e-02
1.173379e+01 1.088445e+00 -1.263422e-02
1.173379e+01 1.523711e+00 -1.409274e-02
1.173379e+01 2.088426e+00 -1.499259e-02
1.173379e+01 2.685505e+00 -1.311261e-02
1.198847e+01 1.570796e-02 -7.997264e-06
1.198847e+01 2.346256e-02 -4.483724e-05
1.198847e+01 3.503514e-02 -2.429795e-04
1.198847e+01 5.263151e-02 -5.663351e-04
1.198847e+01 7.314235e-02 -8.221301e-04
1.198847e+01 1.025928e-01 -1.509417e-03
1.198847e+01 1.448116e-01 -2.205075e-03
1.198847e+01 2.023460e-01 -3.158458e-03
1.198847e+01 2.834245e-01 -4.662068e-03
1.198847e+01 3.967448e-01 -6.306265e-03
1.198847e+01 5.552783e-01 -8.159951e-03
1.198847e+01 7.774819e-01 -9.907397e-03
1.198847e+01 1.088445e+00 -1.133767e-02
1.198847e+01 1.523711e+00 -1.279539e-02
1.198847e+01 2.088426e+00 -1.370245e-02
1.198847e+01 2.685505e+00 -1.200578e-02
1.224824e+01 1.570796e-02 -6.841522e-06
1.224824e+01 2.346256e-02 -3.880525e-05
1.224824e+01 3.503514e-02 -2.111705e-04
1.224824e+01 5.263151e-02 -4.919859e-04
1.224824e+01 7.314235e-02 -7.159291e-04
1.224824e+01 1.025928e-01 -1.312438e-03
1.224824e+01 1.448116e-01 -1.918417e-03
1.224824e+01 2.023460e-01 -2.74809e-03
1.224824e+01 2.834245e-01 -4.062267e-03
1.224824e+01 3.967448e-01 -5.503408e-03
1.224824e+01 5.552783e-01 -7.140514e-03
1.224824e+01 7.774819e-01 -8.747349e-03
1.224824e+01 1.088445e+00 -1.013319e-02
1.224824e+01 1.523711e+00 -1.157454e-02
1.224824e+01 2.088426e+00 -1.248418e-02
1.224824e+01 2.685505e+00 -1.102854e-02
1.251320e+01 1.570796e-02 -5.954940e-06
1.251320e+01 2.346256e-02 -3.343362e-05
1.251320e+01 3.503514e-02 -1.821968e-04
1.251320e+01 5.263151e-02 -4.273039e-04
1.251320e+01 7.314235e-02 -6.196229e-04
1.251320e+01 1.025928e-01 -1.134534e-03
1.251320e+01 1.448116e-01 -1.661749e-03
1.251320e+01 2.023460e-01 -2.376961e-03
1.251320e+01 2.834245e-01 -3.522506e-03
1.251320e+01 3.967448e-01 -4.779935e-03
1.251320e+01 5.552783e-01 -6.223758e-03
1.251320e+01 7.774819e-01 -7.69414e-03
1.251320e+01 1.088445e+00 -9.012375e-03
1.251320e+01 1.523711e+00 -1.041751e-02
1.251320e+01 2.088426e+00 -1.133069e-02
1.251320e+01 2.685505e+00 -1.005407e-02
1.278347e+01 1.570796e-02 -5.102606e-06
1.278347e+01 2.346256e-02 -2.891744e-05
1.278347e+01 3.503514e-02 -1.559837e-04
1.278347e+01 5.263151e-02 -3.694393e-04
1.278347e+01 7.314235e-02 -5.335369e-04
1.278347e+01 1.025928e-01 -9.764351e-04
1.278347e+01 1.448116e-01 -1.432716e-03
1.278347e+01 2.023460e-01 -2.049127e-03
1.278347e+01 2.834245e-01 -3.042739e-03
1.278347e+01 3.967448e-01 -4.137946e-03
1.278347e+01 5.552783e-01 -5.406814e-03
1.278347e+01 7.774819e-01 -6.737709e-03
1.278347e+01 1.088445e+00 -7.967914e-03
1.278347e+01 1.523711e+00 -9.321376e-03
1.278347e+01 2.088426e+00 -1.02199e-02
1.278347e+01 2.685505e+00 -9.107301e-03
1.305914e+01 1.570796e-02 -4.396523e-06
1.305914e+01 2.346256e-02 -2.482409e-05
1.305914e+01 3.503514e-02 -1.336489e-04
1.305914e+01 5.263151e-02 -3.174590e-04
1.305914e+01 7.314235e-02 -4.568224e-04
1.305914e+01 1.025928e-01 -8.373089e-04
1.305914e+01 1.448116e-01 -1.230259e-03
1.305914e+01 2.023460e-01 -1.758642e-03
1.305914e+01 2.834245e-01 -2.613519e-03
1.305914e+01 3.967448e-01 -3.558858e-03
1.305914e+01 5.552783e-01 -4.670597e-03
1.305914e+01 7.774819e-01 -5.859936e-03
1.305914e+01 1.088445e+00 -7.007548e-03
1.305914e+01 1.523711e+00 -8.289158e-03
1.305914e+01 2.088426e+00 -9.163323e-03
1.305914e+01 2.685505e+00 -8.214678e-03
1.334032e+01 1.570796e-02 -3.824292e-06
1.334032e+01 2.346256e-02 -2.113158e-05
1.334032e+01 3.503514e-02 -1.141318e-04
1.334032e+01 5.263151e-02 -2.705044e-04
1.334032e+01 7.314235e-02 -3.907481e-04
1.334032e+01 1.025928e-01 -7.149282e-04
1.334032e+01 1.448116e-01 -1.051636e-03
1.334032e+01 2.023460e-01 -1.500388e-03
1.334032e+01 2.834245e-01 -2.234749e-03
1.334032e+01 3.967448e-01 -3.046764e-03
1.334032e+01 5.552783e-01 -4.006731e-03
1.334032e+01 7.774819e-01 -5.072720e-03
1.334032e+01 1.088445e+00 -6.132848e-03
1.334032e+01 1.523711e+00 -7.320580e-03
1.334032e+01 2.088426e+00 -8.156507e-03
1.334032e+01 2.685505e+00 -7.357675e-03
1.362713e+01 1.570796e-02 -3.354413e-06
1.362713e+01 2.346256e-02 -1.786303e-05
1.362713e+01 3.503514e-02 -9.683703e-05
1.362713e+01 5.263151e-02 -2.305814e-04
1.362713e+01 7.314235e-02 -3.320835e-04
1.362713e+01 1.025928e-01 -6.057931e-04
1.362713e+01 1.448116e-01 -8.930053e-04
1.362713e+01 2.023460e-01 -1.276189e-03
1.362713e+01 2.834245e-01 -1.901144e-03
1.362713e+01 3.967448e-01 -2.598527e-03
1.362713e+01 5.552783e-01 -3.429331e-03
1.362713e+01 7.774819e-01 -4.367971e-03
1.362713e+01 1.088445e+00 -5.340048e-03
1.362713e+01 1.523711e+00 -6.427275e-03
1.362713e+01 2.088426e+00 -7.210316e-03
1.362713e+01 2.685505e+00 -6.533700e-03
1.391967e+01 1.570796e-02 -2.930822e-06
1.391967e+01 2.346256e-02 -1.515605e-05
1.391967e+01 3.503514e-02 -8.174754e-05
1.391967e+01 5.263151e-02 -1.961193e-04
1.391967e+01 7.314235e-02 -2.812894e-04
1.391967e+01 1.025928e-01 -5.133971e-04
1.391967e+01 1.448116e-01 -7.574393e-04
1.391967e+01 2.023460e-01 -1.081832e-03
1.391967e+01 2.834245e-01 -1.613144e-03
1.391967e+01 3.967448e-01 -2.212263e-03
1.391967e+01 5.552783e-01 -2.924486e-03
1.391967e+01 7.774819e-01 -3.751692e-03
1.391967e+01 1.088445e+00 -4.625406e-03
1.391967e+01 1.523711e+00 -5.614621e-03
1.391967e+01 2.088426e+00 -6.318874e-03
1.391967e+01 2.685505e+00 -5.7519e-03
1.421806e+01 1.570796e-02 -2.475499e-06
1.421806e+01 2.346256e-02 -1.270482e-05
1.421806e+01 3.503514e-02 -6.897748e-05
1.421806e+01 5.263151e-02 -1.655753e-04
1.421806e+01 7.314235e-02 -2.371987e-04
1.421806e+01 1.025928e-01 -4.324624e-04
1.421806e+01 1.448116e-01 -6.369667e-04
1.421806e+01 2.023460e-01 -9.118056e-04
1.421806e+01 2.834245e-01 -1.359473e-03
1.421806e+01 3.967448e-01 -1.87024e-03
1.421806e+01 5.552783e-01 -2.481721e-03
1.421806e+01 7.774819e-01 -3.200082e-03
1.421806e+01 1.088445e+00 -3.982727e-03
1.421806e+01 1.523711e+00 -4.857953e-03
1.421806e+01 2.088426e+00 -5.500348e-03
1.421806e+01 2.685505e+00 -5.017171e-03
1.452242e+01 1.570796e-02 -2.017420e-06
1.452242e+01 2.346256e-02 -1.059257e-05
1.452242e+01 3.503514e-02 -5.783491e-05
1.452242e+01 5.263151e-02 -1.384732e-04
1.452242e+01 7.314235e-02 -1.977157e-04
1.452242e+01 1.025928e-01 -3.626464e-04
1.452242e+01 1.448116e-01 -5.343348e-04
1.452242e+01 2.023460e-01 -7.65054e-04
1.452242e+01 2.834245e-01 -1.140593e-03
1.452242e+01 3.967448e-01 -1.574892e-03
1.452242e+01 5.552783e-01 -2.095434e-03
1.452242e+01 7.774819e-01 -2.71927e-03
1.452242e+01 1.088445e+00 -3.405424e-03
1.452242e+01 1.523711e+00 -4.175686e-03
1.452242e+01 2.088426e+00 -4.738694e-03
1.452242e+01 2.685505e+00 -4.357808e-03
1.483287e+01 1.570796e-02 -1.639464e-06
1.483287e+01 2.346256e-02 -8.789449e-06
1.483287e+01 3.503514e-02 -4.797489e-05
1.483287e+01 5.263151e-02 -1.159723e-04
1.483287e+01 7.314235e-02 -1.654039e-04
1.483287e+01 1.025928e-01 -3.012940e-04
1.483287e+01 1.448116e-01 -4.466098e-04
1.483287e+01 2.023460e-01 -6.384700e-04
1.483287e+01 2.834245e-01 -9.525797e-04
1.483287e+01 3.967448e-01 -1.317171e-03
1.483287e+01 5.552783e-01 -1.758628e-03
1.483287e+01 7.774819e-01 -2.291918e-03
1.483287e+01 1.088445e+00 -2.888863e-03
1.483287e+01 1.523711e+00 -3.555409e-03
1.483287e+01 2.088426e+00 -4.049938e-03
1.483287e+01 2.685505e+00 -3.727118e-03
1.514953e+01 1.570796e-02 -1.323205e-06
1.514953e+01 2.346256e-02 -7.191601e-06
1.514953e+01 3.503514e-02 -3.926886e-05
1.514953e+01 5.263151e-02 -9.587118e-05
1.514953e+01 7.314235e-02 -1.372975e-04
1.514953e+01 1.025928e-01 -2.504473e-04
1.514953e+01 1.448116e-01 -3.703848e-04
1.514953e+01 2.023460e-01 -5.297826e-04
1.514953e+01 2.834245e-01 -7.930473e-04
1.514953e+01 3.967448e-01 -1.095576e-03
1.514953e+01 5.552783e-01 -1.468259e-03
1.514953e+01 7.774819e-01 -1.923524e-03
1.514953e+01 1.088445e+00 -2.444439e-03
1.514953e+01 1.523711e+00 -3.021017e-03
1.514953e+01 2.088426e+00 -3.446882e-03
1.514953e+01 2.685505e+00 -3.164304e-03
1.547252e+01 1.570796e-02 -1.099722e-06
1.547252e+01 2.346256e-02 -5.927156e-06
1.547252e+01 3.503514e-02 -3.227169e-05
1.547252e+01 5.263151e-02 -7.908526e-05
1.547252e+01 7.314235e-02 -1.130312e-04
1.547252e+01 1.025928e-01 -2.069906e-04
1.547252e+01 1.448116e-01 -3.063010e-04
1.547252e+01 2.023460e-01 -4.376373e-04
1.547252e+01 2.834245e-01 -6.552177e-04
1.547252e+01 3.967448e-01 -9.064496e-04
1.547252e+01 5.552783e-01 -1.219547e-03
1.547252e+01 7.774819e-01 -1.609346e-03
1.547252e+01 1.088445e+00 -2.058529e-03
1.547252e+01 1.523711e+00 -2.557469e-03
1.547252e+01 2.088426e+00 -2.917819e-03
1.547252e+01 2.685505e+00 -2.672044e-03
1.580197e+01 1.570796e-02 -9.136213e-07
1.580197e+01 2.346256e-02 -4.919076e-06
1.580197e+01 3.503514e-02 -2.610778e-05
1.580197e+01 5.263151e-02 -6.512545e-05
1.580197e+01 7.314235e-02 -9.269398e-05
1.580197e+01 1.025928e-01 -1.697575e-04
1.580197e+01 1.448116e-01 -2.509727e-04
1.580197e+01 2.023460e-01 -3.593063e-04
1.580197e+01 2.834245e-01 -5.390208e-04
1.580197e+01 3.967448e-01 -7.461261e-04
1.580197e+01 5.552783e-01 -1.009519e-03
1.580197e+01 7.774819e-01 -1.337986e-03
1.580197e+01 1.088445e+00 -1.719357e-03
1.580197e+01 1.523711e+00 -2.142864e-03
1.580197e+01 2.088426e+00 -2.442280e-03
1.580197e+01 2.685505e+00 -2.230233e-03
1.613801e+01 1.570796e-02 -7.585248e-07
1.613801e+01 2.346256e-02 -4.021298e-06
1.613801e+01 3.503514e-02 -2.079296e-05
1.613801e+01 5.263151e-02 -5.324422e-05
1.613801e+01 7.314235e-02 -7.576123e-05
1.613801e+01 1.025928e-01 -1.383907e-04
1.613801e+01 1.448116e-01 -2.046036e-04
1.613801e+01 2.023460e-01 -2.935159e-04
1.613801e+01 2.834245e-01 -4.401757e-04
1.613801e+01 3.967448e-01 -6.105301e-04
1.613801e+01 5.552783e-01 -8.305477e-04
1.613801e+01 7.774819e-01 -1.107261e-03
1.613801e+01 1.088445e+00 -1.428788e-03
1.613801e+01 1.523711e+00 -1.783374e-03
1.613801e+01 2.088426e+00 -2.030732e-03
1.613801e+01 2.685505e+00 -1.836721e-03
1.648077e+01 1.570796e-02 -6.407478e-07
1.648077e+01 2.346256e-02 -3.265889e-06
1.648077e+01 3.503514e-02 -1.651343e-05
1.648077e+01 5.263151e-02 -4.325474e-05
1.648077e+01 7.314235e-02 -6.117232e-05
1.648077e+01 1.025928e-01 -1.123654e-04
1.648077e+01 1.448116e-01 -1.650822e-04
1.648077e+01 2.023460e-01 -2.371132e-04
1.648077e+01 2.834245e-01 -3.565596e-04
1.648077e+01 3.967448e-01 -4.960256e-04
1.648077e+01 5.552783e-01 -6.775066e-04
1.648077e+01 7.774819e-01 -9.076248e-04
1.648077e+01 1.088445e+00 -1.173312e-03
1.648077e+01 1.523711e+00 -1.470304e-03
1.648077e+01 2.088426e+00 -1.67061e-03
1.648077e+01 2.685505e+00 -1.497011e-03
1.683038e+01 1.570796e-02 -5.082059e-07
1.683038e+01 2.346256e-02 -2.549230e-06
1.683038e+01 3.503514e-02 -1.319400e-05
1.683038e+01 5.263151e-02 -3.450929e-05
1.683038e+01 7.314235e-02 -4.89247e-05
1.683038e+01 1.025928e-01 -9.044547e-05
1.683038e+01 1.448116e-01 -1.324923e-04
1.683038e+01 2.023460e-01 -1.904542e-04
1.683038e+01 2.834245e-01 -2.869862e-04
1.683038e+01 3.967448e-01 -3.999515e-04
1.683038e+01 5.552783e-01 -5.493175e-04
1.683038e+01 7.774819e-01 -7.419893e-04
1.683038e+01 1.088445e+00 -9.622943e-04
1.683038e+01 1.523711e+00 -1.208556e-03
1.683038e+01 2.088426e+00 -1.362424e-03
1.683038e+01 2.685505e+00 -1.206593e-03
1.718699e+01 1.570796e-02 -3.944367e-07
1.718699e+01 2.346256e-02 -2.013779e-06
1.718699e+01 3.503514e-02 -1.064704e-05
1.718699e+01 5.263151e-02 -2.763966e-05
1.718699e+01 7.314235e-02 -3.934341e-05
1.718699e+01 1.025928e-01 -7.221381e-05
1.718699e+01 1.448116e-01 -1.056438e-04
1.718699e+01 2.023460e-01 -1.526538e-04
1.718699e+01 2.834245e-01 -2.292177e-04
1.718699e+01 3.967448e-01 -3.200496e-04
1.718699e+01 5.552783e-01 -4.435990e-04
1.718699e+01 7.774819e-01 -6.027551e-04
1.718699e+01 1.088445e+00 -7.84027e-04
1.718699e+01 1.523711e+00 -9.850408e-04
1.718699e+01 2.088426e+00 -1.101469e-03
1.718699e+01 2.685505e+00 -9.626434e-04
1.755073e+01 1.570796e-02 -3.225378e-07
1.755073e+01 2.346256e-02 -1.563461e-06
1.755073e+01 3.503514e-02 -8.47851e-06
1.755073e+01 5.263151e-02 -2.186e-05
1.755073e+01 7.314235e-02 -3.094090e-05
1.755073e+01 1.025928e-01 -5.676627e-05
1.755073e+01 1.448116e-01 -8.315537e-05
1.755073e+01 2.023460e-01 -1.206782e-04
1.755073e+01 2.834245e-01 -1.808063e-04
1.755073e+01 3.967448e-01 -2.530591e-04
1.755073e+01 5.552783e-01 -3.534755e-04
1.755073e+01 7.774819e-01 -4.843394e-04
1.755073e+01 1.088445e+00 -6.312054e-04
1.755073e+01 1.523711e+00 -7.938964e-04
1.755073e+01 2.088426e+00 -8.760272e-04
1.755073e+01 2.685505e+00 -7.424942e-04
1.792175e+01 1.570796e-02 -2.517249e-07
1.792175e+01 2.346256e-02 -1.171983e-06
1.792175e+01 3.503514e-02 -6.589263e-06
1.792175e+01 5.263151e-02 -1.692770e-05
1.792175e+01 7.314235e-02 -2.418404e-05
1.792175e+01 1.025928e-01 -4.404130e-05
1.792175e+01 1.448116e-01 -6.502610e-05
1.792175e+01 2.023460e-01 -9.416059e-05
1.792175e+01 2.834245e-01 -1.413851e-04
1.792175e+01 3.967448e-01 -1.981621e-04
1.792175e+01 5.552783e-01 -2.789264e-04
1.792175e+01 7.774819e-01 -3.843627e-04
1.792175e+01 1.088445e+00 -5.033436e-04
1.792175e+01 1.523711e+00 -6.327172e-04
1.792175e+01 2.088426e+00 -6.906024e-04
1.792175e+01 2.685505e+00 -5.696434e-04
1.830018e+01 1.570796e-02 -1.943578e-07
1.830018e+01 2.346256e-02 -8.822376e-07
1.830018e+01 3.503514e-02 -5.104672e-06
1.830018e+01 5.263151e-02 -1.296024e-05
1.830018e+01 7.314235e-02 -1.856751e-05
1.830018e+01 1.025928e-01 -3.377263e-05
1.830018e+01 1.448116e-01 -5.038243e-05
1.830018e+01 2.023460e-01 -7.256083e-05
1.830018e+01 2.834245e-01 -1.093168e-04
1.830018e+01 3.967448e-01 -1.534907e-04
1.830018e+01 5.552783e-01 -2.181188e-04
1.830018e+01 7.774819e-01 -3.030318e-04
1.830018e+01 1.088445e+00 -3.988072e-04
1.830018e+01 1.523711e+00 -5.046245e-04
1.830018e+01 2.088426e+00 -5.462694e-04
1.830018e+01 2.685505e+00 -4.346069e-04
1.868618e+01 1.570796e-02 -1.662080e-07
1.868618e+01 2.346256e-02 -6.260805e-07
1.868618e+01 3.503514e-02 -3.928596e-06
1.868618e+01 5.263151e-02 -9.771834e-06
1.868618e+01 7.314235e-02 -1.404431e-05
1.868618e+01 1.025928e-01 -2.572486e-05
1.868618e+01 1.448116e-01 -3.851593e-05
1.868618e+01 2.023460e-01 -5.531480e-05
1.868618e+01 2.834245e-01 -8.330861e-05
1.868618e+01 3.967448e-01 -1.175754e-04
1.868618e+01 5.552783e-01 -1.681541e-04
1.868618e+01 7.774819e-01 -2.358286e-04
1.868618e+01 1.088445e+00 -3.126390e-04
1.868618e+01 1.523711e+00 -3.982351e-04
1.868618e+01 2.088426e+00 -4.304861e-04
1.868618e+01 2.685505e+00 -3.321288e-04
1.907991e+01 1.570796e-02 -1.265047e-07
1.907991e+01 2.346256e-02 -4.343736e-07
1.907991e+01 3.503514e-02 -3.005084e-06
1.907991e+01 5.263151e-02 -7.284478e-06
1.907991e+01 7.314235e-02 -1.049349e-05
1.907991e+01 1.025928e-01 -1.912467e-05
1.907991e+01 1.448116e-01 -2.907582e-05
1.907991e+01 2.023460e-01 -4.176067e-05
1.907991e+01 2.834245e-01 -6.305017e-05
1.907991e+01 3.967448e-01 -8.929626e-05
1.907991e+01 5.552783e-01 -1.292556e-04
1.907991e+01 7.774819e-01 -1.818880e-04
1.907991e+01 1.088445e+00 -2.436246e-04
1.907991e+01 1.523711e+00 -3.140447e-04
1.907991e+01 2.088426e+00 -3.389049e-04
1.907991e+01 2.685505e+00 -2.550089e-04
1.948151e+01 1.570796e-02 -9.426614e-08
1.948151e+01 2.346256e-02 -3.222568e-07
1.948151e+01 3.503514e-02 -2.200300e-06
1.948151e+01 5.263151e-02 -5.369205e-06
1.948151e+01 7.314235e-02 -7.697864e-06
1.948151e+01 1.025928e-01 -1.409082e-05
1.948151e+01 1.448116e-01 -2.160502e-05
1.948151e+01 2.023460e-01 -3.111906e-05
1.948151e+01 2.834245e-01 -4.723627e-05
1.948151e+01 3.967448e-01 -6.695259e-05
1.948151e+01 5.552783e-01 -9.775444e-05
1.948151e+01 7.774819e-01 -1.386800e-04
1.948151e+01 1.088445e+00 -1.883412e-04
1.948151e+01 1.523711e+00 -2.46625e-04
1.948151e+01 2.088426e+00 -2.661389e-04
1.948151e+01 2.685505e+00 -1.989878e-04
1.989114e+01 1.570796e-02 -6.696636e-08
1.989114e+01 2.346256e-02 -2.242081e-07
1.989114e+01 3.503514e-02 -1.607393e-06
1.989114e+01 5.263151e-02 -3.933611e-06
1.989114e+01 7.314235e-02 -5.58158e-06
1.989114e+01 1.025928e-01 -1.023757e-05
1.989114e+01 1.448116e-01 -1.582375e-05
1.989114e+01 2.023460e-01 -2.265522e-05
1.989114e+01 2.834245e-01 -3.440645e-05
1.989114e+01 3.967448e-01 -4.917169e-05
1.989114e+01 5.552783e-01 -7.249607e-05
1.989114e+01 7.774819e-01 -1.040816e-04
1.989114e+01 1.088445e+00 -1.432849e-04
1.989114e+01 1.523711e+00 -1.907207e-04
1.989114e+01 2.088426e+00 -2.073300e-04
1.989114e+01 2.685505e+00 -1.54327e-04
2.030896e+01 1.570796e-02 -4.875188e-08
2.030896e+01 2.346256e-02 -1.391251e-07
2.030896e+01 3.503514e-02 -1.129475e-06
2.030896e+01 5.263151e-02 -2.734442e-06
2.030896e+01 7.314235e-02 -3.913174e-06
2.030896e+01 1.025928e-01 -7.30744e-06
2.030896e+01 1.448116e-01 -1.134624e-05
2.030896e+01 2.023460e-01 -1.620432e-05
2.030896e+01 2.834245e-01 -2.476728e-05
2.030896e+01 3.967448e-01 -3.548920e-05
2.030896e+01 5.552783e-01 -5.282728e-05
2.030896e+01 7.774819e-01 -7.654881e-05
2.030896e+01 1.088445e+00 -1.069555e-04
2.030896e+01 1.523711e+00 -1.444280e-04
2.030896e+01 2.088426e+00 -1.592584e-04
2.030896e+01 2.685505e+00 -1.195245e-04
2.073514e+01 1.570796e-02 -3.578162e-08
2.073514e+01 2.346256e-02 -1.007902e-07
2.073514e+01 3.503514e-02 -7.762688e-07
2.073514e+01 5.263151e-02 -1.878424e-06
2.073514e+01 7.314235e-02 -2.708901e-06
2.073514e+01 1.025928e-01 -5.101339e-06
2.073514e+01 1.448116e-01 -7.887547e-06
2.073514e+01 2.023460e-01 -1.130711e-05
2.073514e+01 2.834245e-01 -1.734056e-05
2.073514e+01 3.967448e-01 -2.502663e-05
2.073514e+01 5.552783e-01 -3.737584e-05
2.073514e+01 7.774819e-01 -5.472012e-05
2.073514e+01 1.088445e+00 -7.766495e-05
2.073514e+01 1.523711e+00 -1.067292e-04
2.073514e+01 2.088426e+00 -1.209858e-04
2.073514e+01 2.685505e+00 -9.334642e-05
2.116984e+01 1.570796e-02 -2.383859e-08
2.116984e+01 2.346256e-02 -6.760145e-08
2.116984e+01 3.503514e-02 -5.598105e-07
2.116984e+01 5.263151e-02 -1.307682e-06
2.116984e+01 7.314235e-02 -1.842808e-06
2.116984e+01 1.025928e-01 -3.392161e-06
2.116984e+01 1.448116e-01 -5.392138e-06
2.116984e+01 2.023460e-01 -7.672958e-06
2.116984e+01 2.834245e-01 -1.182672e-05
2.116984e+01 3.967448e-01 -1.707735e-05
2.116984e+01 5.552783e-01 -2.588246e-05
2.116984e+01 7.774819e-01 -3.821123e-05
2.116984e+01 1.088445e+00 -5.526240e-05
2.116984e+01 1.523711e+00 -7.697765e-05
2.116984e+01 2.088426e+00 -9.020341e-05
2.116984e+01 2.685505e+00 -7.357192e-05
2.161324e+01 1.570796e-02 -1.825287e-08
2.161324e+01 2.346256e-02 -3.799867e-08
2.161324e+01 3.503514e-02 -3.985785e-07
2.161324e+01 5.263151e-02 -9.010407e-07
2.161324e+01 7.314235e-02 -1.238402e-06
2.161324e+01 1.025928e-01 -2.318427e-06
2.161324e+01 1.448116e-01 -3.696665e-06
2.161324e+01 2.023460e-01 -5.235822e-06
2.161324e+01 2.834245e-01 -8.150314e-06
2.161324e+01 3.967448e-01 -1.180988e-05
2.161324e+01 5.552783e-01 -1.802314e-05
2.161324e+01 7.774819e-01 -2.678602e-05
2.161324e+01 1.088445e+00 -3.905635e-05
2.161324e+01 1.523711e+00 -5.510584e-05
2.161324e+01 2.088426e+00 -6.540876e-05
2.161324e+01 2.685505e+00 -5.454326e-05
2.206550e+01 1.570796e-02 -1.386379e-08
2.206550e+01 2.346256e-02 -2.774364e-08
2.206550e+01 3.503514e-02 -2.638374e-07
2.206550e+01 5.263151e-02 -5.997472e-07
2.206550e+01 7.314235e-02 -7.96999e-07
2.206550e+01 1.025928e-01 -1.507906e-06
2.206550e+01 1.448116e-01 -2.393152e-06
2.206550e+01 2.023460e-01 -3.390192e-06
2.206550e+01 2.834245e-01 -5.385554e-06
2.206550e+01 3.967448e-01 -7.864371e-06
2.206550e+01 5.552783e-01 -1.202804e-05
2.206550e+01 7.774819e-01 -1.818389e-05
2.206550e+01 1.088445e+00 -2.662572e-05
2.206550e+01 1.523711e+00 -3.792443e-05
2.206550e+01 2.088426e+00 -4.632477e-05
2.206550e+01 2.685505e+00 -4.005222e-05
2.252681e+01 1.570796e-02 -8.826745e-09
2.252681e+01 2.346256e-02 -1.541433e-08
2.252681e+01 3.503514e-02 -1.740425e-07
2.252681e+01 5.263151e-02 -3.896588e-07
2.252681e+01 7.314235e-02 -5.080686e-07
2.252681e+01 1.025928e-01 -9.669189e-07
2.252681e+01 1.448116e-01 -1.57861e-06
2.252681e+01 2.023460e-01 -2.212479e-06
2.252681e+01 2.834245e-01 -3.489926e-06
2.252681e+01 3.967448e-01 -5.187132e-06
2.252681e+01 5.552783e-01 -7.954744e-06
2.252681e+01 7.774819e-01 -1.216525e-05
2.252681e+01 1.088445e+00 -1.802081e-05
2.252681e+01 1.523711e+00 -2.577981e-05
2.252681e+01 2.088426e+00 -3.241132e-05
2.252681e+01 2.685505e+00 -2.915868e-05
2.299735e+01 1.570796e-02 -6.17593e-09
2.299735e+01 2.346256e-02 -9.153784e-09
2.299735e+01 3.503514e-02 -1.081328e-07
2.299735e+01 5.263151e-02 -2.371466e-07
2.299735e+01 7.314235e-02 -3.226795e-07
2.299735e+01 1.025928e-01 -6.209982e-07
2.299735e+01 1.448116e-01 -1.015969e-06
2.299735e+01 2.023460e-01 -1.376548e-06
2.299735e+01 2.834245e-01 -2.219960e-06
2.299735e+01 3.967448e-01 -3.334573e-06
2.299735e+01 5.552783e-01 -5.13243e-06
2.299735e+01 7.774819e-01 -7.921445e-06
2.299735e+01 1.088445e+00 -1.188961e-05
2.299735e+01 1.523711e+00 -1.717526e-05
2.299735e+01 2.088426e+00 -2.226611e-05
2.299735e+01 2.685505e+00 -2.103944e-05
2.34773e+01 1.570796e-02 -3.456033e-09
2.34773e+01 2.346256e-02 -9.295144e-09
2.34773e+01 3.503514e-02 -6.54741e-08
2.34773e+01 5.263151e-02 -1.484279e-07
2.34773e+01 7.314235e-02 -2.062669e-07
2.34773e+01 1.025928e-01 -3.957557e-07
2.34773e+01 1.448116e-01 -6.382629e-07
2.34773e+01 2.023460e-01 -8.598766e-07
2.34773e+01 2.834245e-01 -1.412796e-06
2.34773e+01 3.967448e-01 -2.139693e-06
2.34773e+01 5.552783e-01 -3.288002e-06
2.34773e+01 7.774819e-01 -5.064127e-06
2.34773e+01 1.088445e+00 -7.732209e-06
2.34773e+01 1.523711e+00 -1.132404e-05
2.34773e+01 2.088426e+00 -1.515290e-05
2.34773e+01 2.685505e+00 -1.491458e-05
2.396684e+01 1.570796e-02 2.267102e-11
2.396684e+01 2.346256e-02 1.2993e-10
2.396684e+01 3.503514e-02 8.898721e-10
2.396684e+01 5.263151e-02 1.538268e-09
2.396684e+01 7.314235e-02 3.055923e-09
2.396684e+01 1.025928e-01 6.685948e-09
2.396684e+01 1.448116e-01 1.116347e-08
2.396684e+01 2.023460e-01 1.791879e-08
2.396684e+01 2.834245e-01 2.990668e-08
2.396684e+01 3.967448e-01 4.779069e-08
2.396684e+01 5.552783e-01 7.168158e-08
2.396684e+01 7.774819e-01 9.622636e-08
2.396684e+01 1.088445e+00 1.051269e-07
2.396684e+01 1.523711e+00 8.539952e-08
2.396684e+01 2.088426e+00 4.422229e-08
2.396684e+01 2.685505e+00 1.019747e-08
2.446618e+01 1.570796e-02 3.592475e-11
2.446618e+01 2.346256e-02 1.826377e-10
2.446618e+01 3.503514e-02 1.11522e-09
2.446618e+01 5.263151e-02 2.089738e-09
2.446618e+01 7.314235e-02 3.696256e-09
2.446618e+01 1.025928e-01 7.686252e-09
2.446618e+01 1.448116e-01 1.221599e-08
2.446618e+01 2.023460e-01 1.898476e-08
2.446618e+01 2.834245e-01 3.102556e-08
2.446618e+01 3.967448e-01 4.880826e-08
2.446618e+01 5.552783e-01 7.263044e-08
2.446618e+01 7.774819e-01 9.743114e-08
2.446618e+01 1.088445e+00 1.078569e-07
2.446618e+01 1.523711e+00 9.102337e-08
2.446618e+01 2.088426e+00 5.241260e-08
2.446618e+01 2.685505e+00 1.68851e-08
2.497550e+01 1.570796e-02 4.429088e-11
2.497550e+01 2.346256e-02 2.166713e-10
2.497550e+01 3.503514e-02 1.251820e-09
2.497550e+01 5.263151e-02 2.44261e-09
2.497550e+01 7.314235e-02 4.078924e-09
2.497550e+01 1.025928e-01 8.263546e-09
2.497550e+01 1.448116e-01 1.275587e-08
2.497550e+01 2.023460e-01 1.944659e-08
2.497550e+01 2.834245e-01 3.14037e-08
2.497550e+01 3.967448e-01 4.889832e-08
2.497550e+01 5.552783e-01 7.24455e-08
2.497550e+01 7.774819e-01 9.731188e-08
2.497550e+01 1.088445e+00 1.089794e-07
2.497550e+01 1.523711e+00 9.512149e-08
2.497550e+01 2.088426e+00 5.919562e-08
2.497550e+01 2.685505e+00 2.240284e-08
2.549501e+01 1.570796e-02 4.945582e-11
2.549501e+01 2.346256e-02 2.357903e-10
2.549501e+01 3.503514e-02 1.321356e-09
2.549501e+01 5.263151e-02 2.638434e-09
2.549501e+01 7.314235e-02 4.268680e-09
2.549501e+01 1.025928e-01 8.513323e-09
2.549501e+01 1.448116e-01 1.289355e-08
2.549501e+01 2.023460e-01 1.941267e-08
2.549501e+01 2.834245e-01 3.114891e-08
2.549501e+01 3.967448e-01 4.821036e-08
2.549501e+01 5.552783e-01 7.129833e-08
2.549501e+01 7.774819e-01 9.599393e-08
2.549501e+01 1.088445e+00 1.087953e-07
2.549501e+01 1.523711e+00 9.783336e-08
2.549501e+01 2.088426e+00 6.480242e-08
2.549501e+01 2.685505e+00 2.6876e-08
2.602491e+01 1.570796e-02 5.157723e-11
2.602491e+01 2.346256e-02 2.432984e-10
2.602491e+01 3.503514e-02 1.337646e-09
2.602491e+01 5.263151e-02 2.715987e-09
2.602491e+01 7.314235e-02 4.299225e-09
2.602491e+01 1.025928e-01 8.506027e-09
2.602491e+01 1.448116e-01 1.271848e-08
2.602491e+01 2.023460e-01 1.899798e-08
2.602491e+01 2.834245e-01 3.039633e-08
2.602491e+01 3.967448e-01 4.692369e-08
2.602491e+01 5.552783e-01 6.935162e-08
2.602491e+01 7.774819e-01 9.365092e-08
2.602491e+01 1.088445e+00 1.073269e-07
2.602491e+01 1.523711e+00 9.926070e-08
2.602491e+01 2.088426e+00 6.920483e-08
2.602491e+01 2.685505e+00 3.124693e-08
2.656541e+01 1.570796e-02 5.172306e-11
2.656541e+01 2.346256e-02 2.430462e-10
2.656541e+01 3.503514e-02 1.313459e-09
2.656541e+01 5.263151e-02 2.700933e-09
2.656541e+01 7.314235e-02 4.212299e-09
2.656541e+01 1.025928e-01 8.296434e-09
2.656541e+01 1.448116e-01 1.228939e-08
2.656541e+01 2.023460e-01 1.829097e-08
2.656541e+01 2.834245e-01 2.92387e-08
2.656541e+01 3.967448e-01 4.507620e-08
2.656541e+01 5.552783e-01 6.671989e-08
2.656541e+01 7.774819e-01 9.035489e-08
2.656541e+01 1.088445e+00 1.047168e-07
2.656541e+01 1.523711e+00 9.941986e-08
2.656541e+01 2.088426e+00 7.25238e-08
2.656541e+01 2.685505e+00 3.479925e-08
2.711672e+01 1.570796e-02 5.023128e-11
2.711672e+01 2.346256e-02 2.355227e-10
2.711672e+01 3.503514e-02 1.259870e-09
2.711672e+01 5.263151e-02 2.61688e-09
2.711672e+01 7.314235e-02 4.043094e-09
2.711672e+01 1.025928e-01 7.936591e-09
2.711672e+01 1.448116e-01 1.168115e-08
2.711672e+01 2.023460e-01 1.735117e-08
2.711672e+01 2.834245e-01 2.778078e-08
2.711672e+01 3.967448e-01 4.281326e-08
2.711672e+01 5.552783e-01 6.351314e-08
2.711672e+01 7.774819e-01 8.631033e-08
2.711672e+01 1.088445e+00 1.011644e-07
2.711672e+01 1.523711e+00 9.859869e-08
2.711672e+01 2.088426e+00 7.502974e-08
2.711672e+01 2.685505e+00 3.83316e-08
2.767905e+01 1.570796e-02 4.770535e-11
2.767905e+01 2.346256e-02 2.233024e-10
2.767905e+01 3.503514e-02 1.185429e-09
2.767905e+01 5.263151e-02 2.483795e-09
2.767905e+01 7.314235e-02 3.807857e-09
2.767905e+01 1.025928e-01 7.468505e-09
2.767905e+01 1.448116e-01 1.094119e-08
2.767905e+01 2.023460e-01 1.624649e-08
2.767905e+01 2.834245e-01 2.608111e-08
2.767905e+01 3.967448e-01 4.020233e-08
2.767905e+01 5.552783e-01 5.980483e-08
2.767905e+01 7.774819e-01 8.162529e-08
2.767905e+01 1.088445e+00 9.678971e-08
2.767905e+01 1.523711e+00 9.678623e-08
2.767905e+01 2.088426e+00 7.684727e-08
2.767905e+01 2.685505e+00 4.174502e-08
2.825263e+01 1.570796e-02 4.455511e-11
2.825263e+01 2.346256e-02 2.078105e-10
2.825263e+01 3.503514e-02 1.095708e-09
2.825263e+01 5.263151e-02 2.314655e-09
2.825263e+01 7.314235e-02 3.528083e-09
2.825263e+01 1.025928e-01 6.920346e-09
2.825263e+01 1.448116e-01 1.010452e-08
2.825263e+01 2.023460e-01 1.501179e-08
2.825263e+01 2.834245e-01 2.418867e-08
2.825263e+01 3.967448e-01 3.730662e-08
2.825263e+01 5.552783e-01 5.567373e-08
2.825263e+01 7.774819e-01 7.635954e-08
2.825263e+01 1.088445e+00 9.168958e-08
2.825263e+01 1.523711e+00 9.398193e-08
2.825263e+01 2.088426e+00 7.786228e-08
2.825263e+01 2.685505e+00 4.527295e-08
2.883769e+01 1.570796e-02 4.082569e-11
2.883769e+01 2.346256e-02 1.896231e-10
2.883769e+01 3.503514e-02 9.965318e-10
2.883769e+01 5.263151e-02 2.120678e-09
2.883769e+01 7.314235e-02 3.216005e-09
2.883769e+01 1.025928e-01 6.316159e-09
2.883769e+01 1.448116e-01 9.204628e-09
2.883769e+01 2.023460e-01 1.369685e-08
2.883769e+01 2.834245e-01 2.214486e-08
2.883769e+01 3.967448e-01 3.419118e-08
2.883769e+01 5.552783e-01 5.120747e-08
2.883769e+01 7.774819e-01 7.05882e-08
2.883769e+01 1.088445e+00 8.579386e-08
2.883769e+01 1.523711e+00 9.024358e-08
2.883769e+01 2.088426e+00 7.809842e-08
2.883769e+01 2.685505e+00 4.876724e-08
2.943444e+01 1.570796e-02 3.678933e-11
2.943444e+01 2.346256e-02 1.700469e-10
2.943444e+01 3.503514e-02 8.911095e-10
2.943444e+01 5.263151e-02 1.909638e-09
2.943444e+01 7.314235e-02 2.883397e-09
2.943444e+01 1.025928e-01 5.672492e-09
2.943444e+01 1.448116e-01 8.258411e-09
2.943444e+01 2.023460e-01 1.231536e-08
2.943444e+01 2.834245e-01 1.999154e-08
2.943444e+01 3.967448e-01 3.091099e-08
2.943444e+01 5.552783e-01 4.641403e-08
2.943444e+01 7.774819e-01 6.435639e-08
2.943444e+01 1.088445e+00 7.918257e-08
2.943444e+01 1.523711e+00 8.553992e-08
2.943444e+01 2.088426e+00 7.742239e-08
2.943444e+01 2.685505e+00 5.206298e-08
3.004313e+01 1.570796e-02 3.246892e-11
3.004313e+01 2.346256e-02 1.497301e-10
3.004313e+01 3.503514e-02 7.826349e-10
3.004313e+01 5.263151e-02 1.687640e-09
3.004313e+01 7.314235e-02 2.538982e-09
3.004313e+01 1.025928e-01 5.005886e-09
3.004313e+01 1.448116e-01 7.287334e-09
3.004313e+01 2.023460e-01 1.088914e-08
3.004313e+01 2.834245e-01 1.775423e-08
3.004313e+01 3.967448e-01 2.748898e-08
3.004313e+01 5.552783e-01 4.138680e-08
3.004313e+01 7.774819e-01 5.771101e-08
3.004313e+01 1.088445e+00 7.194588e-08
3.004313e+01 1.523711e+00 7.98437e-08
3.004313e+01 2.088426e+00 7.564586e-08
3.004313e+01 2.685505e+00 5.485860e-08
3.066399e+01 1.570796e-02 2.806212e-11
3.066399e+01 2.346256e-02 1.288589e-10
3.066399e+01 3.503514e-02 6.728733e-10
3.066399e+01 5.263151e-02 1.459793e-09
3.066399e+01 7.314235e-02 2.189709e-09
3.066399e+01 1.025928e-01 4.327582e-09
3.066399e+01 1.448116e-01 6.302563e-09
3.066399e+01 2.023460e-01 9.437115e-09
3.066399e+01 2.834245e-01 1.545623e-08
3.066399e+01 3.967448e-01 2.395344e-08
3.066399e+01 5.552783e-01 3.617232e-08
3.066399e+01 7.774819e-01 5.072861e-08
3.066399e+01 1.088445e+00 6.408790e-08
3.066399e+01 1.523711e+00 7.312077e-08
3.066399e+01 2.088426e+00 7.259406e-08
3.066399e+01 2.685505e+00 5.712319e-08
3.129727e+01 1.570796e-02 2.358612e-11
3.129727e+01 2.346256e-02 1.078440e-10
3.129727e+01 3.503514e-02 5.634093e-10
3.129727e+01 5.263151e-02 1.229072e-09
3.129727e+01 7.314235e-02 1.839541e-09
3.129727e+01 1.025928e-01 3.642386e-09
3.129727e+01 1.448116e-01 5.309640e-09
3.129727e+01 2.023460e-01 7.971760e-09
3.129727e+01 2.834245e-01 1.311115e-08
3.129727e+01 3.967448e-01 2.033451e-08
3.129727e+01 5.552783e-01 3.078755e-08
3.129727e+01 7.774819e-01 4.341905e-08
3.129727e+01 1.088445e+00 5.559985e-08
3.129727e+01 1.523711e+00 6.528041e-08
3.129727e+01 2.088426e+00 6.810815e-08
3.129727e+01 2.685505e+00 5.842642e-08
3.194322e+01 1.570796e-02 1.908502e-11
3.194322e+01 2.346256e-02 8.728219e-11
3.194322e+01 3.503514e-02 4.553148e-10
3.194322e+01 5.263151e-02 9.984202e-10
3.194322e+01 7.314235e-02 1.489718e-09
3.194322e+01 1.025928e-01 2.959447e-09
3.194322e+01 1.448116e-01 4.318467e-09
3.194322e+01 2.023460e-01 6.500235e-09
3.194322e+01 2.834245e-01 1.073470e-08
3.194322e+01 3.967448e-01 1.665635e-08
3.194322e+01 5.552783e-01 2.52859e-08
3.194322e+01 7.774819e-01 3.584611e-08
3.194322e+01 1.088445e+00 4.653126e-08
3.194322e+01 1.523711e+00 5.623586e-08
3.194322e+01 2.088426e+00 6.179653e-08
3.194322e+01 2.685505e+00 5.774585e-08
3.260208e+01 1.570796e-02 1.467696e-11
3.260208e+01 2.346256e-02 6.687763e-11
3.260208e+01 3.503514e-02 3.49218e-10
3.260208e+01 5.263151e-02 7.687830e-10
3.260208e+01 7.314235e-02 1.145450e-09
3.260208e+01 1.025928e-01 2.280681e-09
3.260208e+01 1.448116e-01 3.333581e-09
3.260208e+01 2.023460e-01 5.030818e-09
3.260208e+01 2.834245e-01 8.338502e-09
3.260208e+01 3.967448e-01 1.294265e-08
3.260208e+01 5.552783e-01 1.968408e-08
3.260208e+01 7.774819e-01 2.805730e-08
3.260208e+01 1.088445e+00 3.690705e-08
3.260208e+01 1.523711e+00 4.592507e-08
3.260208e+01 2.088426e+00 5.330268e-08
3.260208e+01 2.685505e+00 5.422991e-08
3.327412e+01 1.570796e-02 1.028356e-11
3.327412e+01 2.346256e-02 4.684524e-11
3.327412e+01 3.503514e-02 2.448123e-10
3.327412e+01 5.263151e-02 5.416077e-10
3.327412e+01 7.314235e-02 8.056938e-10
3.327412e+01 1.025928e-01 1.608839e-09
3.327412e+01 1.448116e-01 2.355893e-09
3.327412e+01 2.023460e-01 3.564284e-09
3.327412e+01 2.834245e-01 5.928584e-09
3.327412e+01 3.967448e-01 9.209464e-09
3.327412e+01 5.552783e-01 1.403271e-08
3.327412e+01 7.774819e-01 2.008348e-08
3.327412e+01 1.088445e+00 2.680702e-08
3.327412e+01 1.523711e+00 3.432517e-08
3.327412e+01 2.088426e+00 4.214578e-08
3.327412e+01 2.685505e+00 4.659178e-08
3.395961e+01 1.570796e-02 6.193866e-12
3.395961e+01 2.346256e-02 2.839159e-11
3.395961e+01 3.503514e-02 1.488816e-10
3.395961e+01 5.263151e-02 3.294245e-10
3.395961e+01 7.314235e-02 4.897478e-10
3.395961e+01 1.025928e-01 9.784849e-10
3.395961e+01 1.448116e-01 1.435361e-09
3.395961e+01 2.023460e-01 2.167384e-09
3.395961e+01 2.834245e-01 3.599202e-09
3.395961e+01 3.967448e-01 5.554239e-09
3.395961e+01 5.552783e-01 8.437284e-09
3.395961e+01 7.774819e-01 1.207564e-08
3.395961e+01 1.088445e+00 1.626292e-08
3.395961e+01 1.523711e+00 2.137753e-08
3.395961e+01 2.088426e+00 2.762872e-08
3.395961e+01 2.685505e+00 3.277801e-08
3.46588e+01 1.570796e-02 2.110393e-12
3.46588e+01 2.346256e-02 7.929288e-12
3.46588e+01 3.503514e-02 4.568733e-11
3.46588e+01 5.263151e-02 1.052719e-10
3.46588e+01 7.314235e-02 1.560161e-10
3.46588e+01 1.025928e-01 3.065538e-10
3.46588e+01 1.448116e-01 4.535887e-10
3.46588e+01 2.023460e-01 6.914865e-10
3.46588e+01 2.834245e-01 1.161938e-09
3.46588e+01 3.967448e-01 1.799835e-09
3.46588e+01 5.552783e-01 2.754186e-09
3.46588e+01 7.774819e-01 3.963297e-09
3.46588e+01 1.088445e+00 5.408255e-09
3.46588e+01 1.523711e+00 7.273732e-09
3.46588e+01 2.088426e+00 9.879776e-09
3.46588e+01 2.685505e+00 1.260738e-08
3.537197e+01 1.570796e-02 0.e+00
3.537197e+01 2.346256e-02 0.e+00
3.537197e+01 3.503514e-02 0.e+00
3.537197e+01 5.263151e-02 0.e+00
3.537197e+01 7.314235e-02 0.e+00
3.537197e+01 1.025928e-01 0.e+00
3.537197e+01 1.448116e-01 0.e+00
3.537197e+01 2.023460e-01 0.e+00
3.537197e+01 2.834245e-01 0.e+00
3.537197e+01 3.967448e-01 0.e+00
3.537197e+01 5.552783e-01 0.e+00
3.537197e+01 7.774819e-01 0.e+00
3.537197e+01 1.088445e+00 0.e+00
3.537197e+01 1.523711e+00 0.e+00
3.537197e+01 2.088426e+00 0.e+00
3.537197e+01 2.685505e+00 0.e+00
