5.e+00 1.570796e-02 -5.782339e-04
5.e+00 2.346256e-02 -9.933261e-04
5.e+00 3.503514e-02 -1.783245e-03
5.e+00 5.263151e-02 -2.634332e-03
5.e+00 7.314235e-02 -3.282436e-03
5.e+00 1.025928e-01 -3.012566e-03
5.e+00 1.448116e-01 -3.223272e-03
5.e+00 2.02346e-01 -2.912583e-03
5.e+00 2.834245e-01 -2.837149e-03
5.e+00 3.967448e-01 -2.503578e-03
5.e+00 5.552783e-01 -2.309637e-03
5.e+00 7.774819e-01 -2.109532e-03
5.e+00 1.088445e+00 -1.917628e-03
5.e+00 1.523711e+00 -1.768727e-03
5.e+00 2.088426e+00 -1.819221e-03
5.e+00 2.685505e+00 -1.947064e-03
5.12e+00 1.570796e-02 -7.484536e-04
5.12e+00 2.346256e-02 -1.590145e-03
5.12e+00 3.503514e-02 -2.876702e-03
5.12e+00 5.263151e-02 -4.760259e-03
5.12e+00 7.314235e-02 -6.19423e-03
5.12e+00 1.025928e-01 -6.017108e-03
5.12e+00 1.448116e-01 -6.473544e-03
5.12e+00 2.02346e-01 -6.056774e-03
5.12e+00 2.834245e-01 -5.833040e-03
5.12e+00 3.967448e-01 -5.165601e-03
5.12e+00 5.552783e-01 -4.753922e-03
5.12e+00 7.774819e-01 -4.304462e-03
5.12e+00 1.088445e+00 -3.867644e-03
5.12e+00 1.523711e+00 -3.510063e-03
5.12e+00 2.088426e+00 -3.581271e-03
5.12e+00 2.685505e+00 -3.775471e-03
5.2424e+00 1.570796e-02 -8.575116e-04
5.2424e+00 2.346256e-02 -2.033887e-03
5.2424e+00 3.503514e-02 -3.87425e-03
5.2424e+00 5.263151e-02 -6.914959e-03
5.2424e+00 7.314235e-02 -9.705709e-03
5.2424e+00 1.025928e-01 -1.016181e-02
5.2424e+00 1.448116e-01 -1.099933e-02
5.2424e+00 2.02346e-01 -1.048461e-02
5.2424e+00 2.834245e-01 -1.019017e-02
5.2424e+00 3.967448e-01 -9.153985e-03
5.2424e+00 5.552783e-01 -8.293790e-03
5.2424e+00 7.774819e-01 -7.502430e-03
5.2424e+00 1.088445e+00 -6.635230e-03
5.2424e+00 1.523711e+00 -5.92878e-03
5.2424e+00 2.088426e+00 -6.014532e-03
5.2424e+00 2.685505e+00 -6.276463e-03
5.367248e+00 1.570796e-02 -8.812479e-04
5.367248e+00 2.346256e-02 -2.297595e-03
5.367248e+00 3.503514e-02 -4.51913e-03
5.367248e+00 5.263151e-02 -8.715502e-03
5.367248e+00 7.314235e-02 -1.302534e-02
5.367248e+00 1.025928e-01 -1.494666e-02
5.367248e+00 1.448116e-01 -1.628437e-02
5.367248e+00 2.02346e-01 -1.598012e-02
5.367248e+00 2.834245e-01 -1.552913e-02
5.367248e+00 3.967448e-01 -1.410149e-02
5.367248e+00 5.552783e-01 -1.270506e-02
5.367248e+00 7.774819e-01 -1.144863e-02
5.367248e+00 1.088445e+00 -1.009229e-02
5.367248e+00 1.523711e+00 -8.914036e-03
5.367248e+00 2.088426e+00 -8.942581e-03
5.367248e+00 2.685505e+00 -9.27426e-03
5.494593e+00 1.570796e-02 -8.656828e-04
5.494593e+00 2.346256e-02 -2.233077e-03
5.494593e+00 3.503514e-02 -4.803245e-03
5.494593e+00 5.263151e-02 -1.001938e-02
5.494593e+00 7.314235e-02 -1.568289e-02
5.494593e+00 1.025928e-01 -1.914112e-02
5.494593e+00 1.448116e-01 -2.119138e-02
5.494593e+00 2.02346e-01 -2.156591e-02
5.494593e+00 2.834245e-01 -2.094974e-02
5.494593e+00 3.967448e-01 -1.940032e-02
5.494593e+00 5.552783e-01 -1.760162e-02
5.494593e+00 7.774819e-01 -1.573786e-02
5.494593e+00 1.088445e+00 -1.374013e-02
5.494593e+00 1.523711e+00 -1.202640e-02
5.494593e+00 2.088426e+00 -1.197318e-02
5.494593e+00 2.685505e+00 -1.232366e-02
5.624485e+00 1.570796e-02 -8.311231e-04
5.624485e+00 2.346256e-02 -2.131315e-03
5.624485e+00 3.503514e-02 -4.773776e-03
5.624485e+00 5.263151e-02 -1.046949e-02
5.624485e+00 7.314235e-02 -1.741045e-02
5.624485e+00 1.025928e-01 -2.222331e-02
5.624485e+00 1.448116e-01 -2.543681e-02
5.624485e+00 2.02346e-01 -2.662758e-02
5.624485e+00 2.834245e-01 -2.631613e-02
5.624485e+00 3.967448e-01 -2.468752e-02
5.624485e+00 5.552783e-01 -2.239914e-02
5.624485e+00 7.774819e-01 -2.008779e-02
5.624485e+00 1.088445e+00 -1.740009e-02
5.624485e+00 1.523711e+00 -1.507002e-02
5.624485e+00 2.088426e+00 -1.486740e-02
5.624485e+00 2.685505e+00 -1.510569e-02
5.756975e+00 1.570796e-02 -7.779092e-04
5.756975e+00 2.346256e-02 -1.972928e-03
5.756975e+00 3.503514e-02 -4.517663e-03
5.756975e+00 5.263151e-02 -1.038043e-02
5.756975e+00 7.314235e-02 -1.809088e-02
5.756975e+00 1.025928e-01 -2.416996e-02
5.756975e+00 1.448116e-01 -2.860847e-02
5.756975e+00 2.02346e-01 -3.089411e-02
5.756975e+00 2.834245e-01 -3.10296e-02
5.756975e+00 3.967448e-01 -2.952615e-02
5.756975e+00 5.552783e-01 -2.697133e-02
5.756975e+00 7.774819e-01 -2.422669e-02
5.756975e+00 1.088445e+00 -2.086872e-02
5.756975e+00 1.523711e+00 -1.796256e-02
5.756975e+00 2.088426e+00 -1.752919e-02
5.756975e+00 2.685505e+00 -1.759286e-02
5.892114e+00 1.570796e-02 -7.152141e-04
5.892114e+00 2.346256e-02 -1.789255e-03
5.892114e+00 3.503514e-02 -4.203951e-03
5.892114e+00 5.263151e-02 -9.938374e-03
5.892114e+00 7.314235e-02 -1.785547e-02
5.892114e+00 1.025928e-01 -2.505339e-02
5.892114e+00 1.448116e-01 -3.057856e-02
5.892114e+00 2.02346e-01 -3.408455e-02
5.892114e+00 2.834245e-01 -3.497918e-02
5.892114e+00 3.967448e-01 -3.376764e-02
5.892114e+00 5.552783e-01 -3.110870e-02
5.892114e+00 7.774819e-01 -2.798226e-02
5.892114e+00 1.088445e+00 -2.402116e-02
5.892114e+00 1.523711e+00 -2.055921e-02
5.892114e+00 2.088426e+00 -1.988726e-02
5.892114e+00 2.685505e+00 -1.969308e-02
6.029956e+00 1.570796e-02 -6.479147e-04
6.029956e+00 2.346256e-02 -1.629978e-03
6.029956e+00 3.503514e-02 -3.894976e-03
6.029956e+00 5.263151e-02 -9.297785e-03
6.029956e+00 7.314235e-02 -1.702511e-02
6.029956e+00 1.025928e-01 -2.496044e-02
6.029956e+00 1.448116e-01 -3.147295e-02
6.029956e+00 2.02346e-01 -3.617979e-02
6.029956e+00 2.834245e-01 -3.800582e-02
6.029956e+00 3.967448e-01 -3.730843e-02
6.029956e+00 5.552783e-01 -3.469698e-02
6.029956e+00 7.774819e-01 -3.124921e-02
6.029956e+00 1.088445e+00 -2.679988e-02
6.029956e+00 1.523711e+00 -2.284167e-02
6.029956e+00 2.088426e+00 -2.194446e-02
6.029956e+00 2.685505e+00 -2.155746e-02
6.170555e+00 1.570796e-02 -5.879199e-04
6.170555e+00 2.346256e-02 -1.493682e-03
6.170555e+00 3.503514e-02 -3.575628e-03
6.170555e+00 5.263151e-02 -8.625595e-03
6.170555e+00 7.314235e-02 -1.592741e-02
6.170555e+00 1.025928e-01 -2.410121e-02
6.170555e+00 1.448116e-01 -3.146107e-02
6.170555e+00 2.02346e-01 -3.725943e-02
6.170555e+00 2.834245e-01 -4.00784e-02
6.170555e+00 3.967448e-01 -4.006278e-02
6.170555e+00 5.552783e-01 -3.763506e-02
6.170555e+00 7.774819e-01 -3.403919e-02
6.170555e+00 1.088445e+00 -2.914618e-02
6.170555e+00 1.523711e+00 -2.479816e-02
6.170555e+00 2.088426e+00 -2.368299e-02
6.170555e+00 2.685505e+00 -2.301776e-02
6.313967e+00 1.570796e-02 -5.403026e-04
6.313967e+00 2.346256e-02 -1.366653e-03
6.313967e+00 3.503514e-02 -3.252380e-03
6.313967e+00 5.263151e-02 -7.945484e-03
6.313967e+00 7.314235e-02 -1.474914e-02
6.313967e+00 1.025928e-01 -2.277845e-02
6.313967e+00 1.448116e-01 -3.071264e-02
6.313967e+00 2.02346e-01 -3.745878e-02
6.313967e+00 2.834245e-01 -4.134917e-02
6.313967e+00 3.967448e-01 -4.201417e-02
6.313967e+00 5.552783e-01 -3.995699e-02
6.313967e+00 7.774819e-01 -3.636105e-02
6.313967e+00 1.088445e+00 -3.116609e-02
6.313967e+00 1.523711e+00 -2.645927e-02
6.313967e+00 2.088426e+00 -2.515557e-02
6.313967e+00 2.685505e+00 -2.422631e-02
6.460246e+00 1.570796e-02 -4.938076e-04
6.460246e+00 2.346256e-02 -1.242198e-03
6.460246e+00 3.503514e-02 -2.936869e-03
6.460246e+00 5.263151e-02 -7.251920e-03
6.460246e+00 7.314235e-02 -1.351756e-02
6.460246e+00 1.025928e-01 -2.127375e-02
6.460246e+00 1.448116e-01 -2.944235e-02
6.460246e+00 2.02346e-01 -3.691684e-02
6.460246e+00 2.834245e-01 -4.18247e-02
6.460246e+00 3.967448e-01 -4.32703e-02
6.460246e+00 5.552783e-01 -4.166134e-02
6.460246e+00 7.774819e-01 -3.815072e-02
6.460246e+00 1.088445e+00 -3.280087e-02
6.460246e+00 1.523711e+00 -2.783733e-02
6.460246e+00 2.088426e+00 -2.636136e-02
6.460246e+00 2.685505e+00 -2.520088e-02
6.609451e+00 1.570796e-02 -4.520874e-04
6.609451e+00 2.346256e-02 -1.126154e-03
6.609451e+00 3.503514e-02 -2.648073e-03
6.609451e+00 5.263151e-02 -6.569896e-03
6.609451e+00 7.314235e-02 -1.230149e-02
6.609451e+00 1.025928e-01 -1.967660e-02
6.609451e+00 1.448116e-01 -2.781467e-02
6.609451e+00 2.02346e-01 -3.578150e-02
6.609451e+00 2.834245e-01 -4.159147e-02
6.609451e+00 3.967448e-01 -4.383827e-02
6.609451e+00 5.552783e-01 -4.275494e-02
6.609451e+00 7.774819e-01 -3.945578e-02
6.609451e+00 1.088445e+00 -3.404022e-02
6.609451e+00 1.523711e+00 -2.893246e-02
6.609451e+00 2.088426e+00 -2.735117e-02
6.609451e+00 2.685505e+00 -2.594774e-02
6.76164e+00 1.570796e-02 -4.092859e-04
6.76164e+00 2.346256e-02 -1.018122e-03
6.76164e+00 3.503514e-02 -2.392282e-03
6.76164e+00 5.263151e-02 -5.935973e-03
6.76164e+00 7.314235e-02 -1.112512e-02
6.76164e+00 1.025928e-01 -1.802815e-02
6.76164e+00 1.448116e-01 -2.593856e-02
6.76164e+00 2.02346e-01 -3.418319e-02
6.76164e+00 2.834245e-01 -4.074619e-02
6.76164e+00 3.967448e-01 -4.378112e-02
6.76164e+00 5.552783e-01 -4.331387e-02
6.76164e+00 7.774819e-01 -4.027652e-02
6.76164e+00 1.088445e+00 -3.493034e-02
6.76164e+00 1.523711e+00 -2.97531e-02
6.76164e+00 2.088426e+00 -2.807029e-02
6.76164e+00 2.685505e+00 -2.64356e-02
6.916873e+00 1.570796e-02 -3.677265e-04
6.916873e+00 2.346256e-02 -9.223459e-04
6.916873e+00 3.503514e-02 -2.160697e-03
6.916873e+00 5.263151e-02 -5.359905e-03
6.916873e+00 7.314235e-02 -1.002843e-02
6.916873e+00 1.025928e-01 -1.641831e-02
6.916873e+00 1.448116e-01 -2.394539e-02
6.916873e+00 2.02346e-01 -3.228139e-02
6.916873e+00 2.834245e-01 -3.940043e-02
6.916873e+00 3.967448e-01 -4.316679e-02
6.916873e+00 5.552783e-01 -4.335668e-02
6.916873e+00 7.774819e-01 -4.067546e-02
6.916873e+00 1.088445e+00 -3.54477e-02
6.916873e+00 1.523711e+00 -3.028935e-02
6.916873e+00 2.088426e+00 -2.857723e-02
6.916873e+00 2.685505e+00 -2.678547e-02
7.07521e+00 1.570796e-02 -3.316232e-04
7.07521e+00 2.346256e-02 -8.36037e-04
7.07521e+00 3.503514e-02 -1.95361e-03
7.07521e+00 5.263151e-02 -4.844926e-03
7.07521e+00 7.314235e-02 -9.042349e-03
7.07521e+00 1.025928e-01 -1.488284e-02
7.07521e+00 1.448116e-01 -2.194964e-02
7.07521e+00 2.02346e-01 -3.016766e-02
7.07521e+00 2.834245e-01 -3.767452e-02
7.07521e+00 3.967448e-01 -4.208431e-02
7.07521e+00 5.552783e-01 -4.291682e-02
7.07521e+00 7.774819e-01 -4.062678e-02
7.07521e+00 1.088445e+00 -3.563567e-02
7.07521e+00 1.523711e+00 -3.059806e-02
7.07521e+00 2.088426e+00 -2.887432e-02
7.07521e+00 2.685505e+00 -2.684235e-02
7.236714e+00 1.570796e-02 -2.987717e-04
7.236714e+00 2.346256e-02 -7.575168e-04
7.236714e+00 3.503514e-02 -1.7647e-03
7.236714e+00 5.263151e-02 -4.367450e-03
7.236714e+00 7.314235e-02 -8.155194e-03
7.236714e+00 1.025928e-01 -1.34544e-02
7.236714e+00 1.448116e-01 -2.001314e-02
7.236714e+00 2.02346e-01 -2.796113e-02
7.236714e+00 2.834245e-01 -3.56463e-02
7.236714e+00 3.967448e-01 -4.061855e-02
7.236714e+00 5.552783e-01 -4.203087e-02
7.236714e+00 7.774819e-01 -4.017708e-02
7.236714e+00 1.088445e+00 -3.553576e-02
7.236714e+00 1.523711e+00 -3.06675e-02
7.236714e+00 2.088426e+00 -2.897822e-02
7.236714e+00 2.685505e+00 -2.677247e-02
7.401449e+00 1.570796e-02 -2.685282e-04
7.401449e+00 2.346256e-02 -6.846523e-04
7.401449e+00 3.503514e-02 -1.593263e-03
7.401449e+00 5.263151e-02 -3.934133e-03
7.401449e+00 7.314235e-02 -7.348393e-03
7.401449e+00 1.025928e-01 -1.215141e-02
7.401449e+00 1.448116e-01 -1.815820e-02
7.401449e+00 2.02346e-01 -2.573737e-02
7.401449e+00 2.834245e-01 -3.341616e-02
7.401449e+00 3.967448e-01 -3.881607e-02
7.401449e+00 5.552783e-01 -4.077804e-02
7.401449e+00 7.774819e-01 -3.937955e-02
7.401449e+00 1.088445e+00 -3.510603e-02
7.401449e+00 1.523711e+00 -3.048908e-02
7.401449e+00 2.088426e+00 -2.887695e-02
7.401449e+00 2.685505e+00 -2.651902e-02
7.569477e+00 1.570796e-02 -2.413439e-04
7.569477e+00 2.346256e-02 -6.173554e-04
7.569477e+00 3.503514e-02 -1.434456e-03
7.569477e+00 5.263151e-02 -3.537581e-03
7.569477e+00 7.314235e-02 -6.616761e-03
7.569477e+00 1.025928e-01 -1.095212e-02
7.569477e+00 1.448116e-01 -1.642597e-02
7.569477e+00 2.02346e-01 -2.356002e-02
7.569477e+00 2.834245e-01 -3.106162e-02
7.569477e+00 3.967448e-01 -3.676817e-02
7.569477e+00 5.552783e-01 -3.922295e-02
7.569477e+00 7.774819e-01 -3.828900e-02
7.569477e+00 1.088445e+00 -3.443823e-02
7.569477e+00 1.523711e+00 -3.013444e-02
7.569477e+00 2.088426e+00 -2.858037e-02
7.569477e+00 2.685505e+00 -2.614500e-02
7.740867e+00 1.570796e-02 -2.168183e-04
7.740867e+00 2.346256e-02 -5.551487e-04
7.740867e+00 3.503514e-02 -1.289111e-03
7.740867e+00 5.263151e-02 -3.176542e-03
7.740867e+00 7.314235e-02 -5.95386e-03
7.740867e+00 1.025928e-01 -9.860801e-03
7.740867e+00 1.448116e-01 -1.482165e-02
7.740867e+00 2.02346e-01 -2.144694e-02
7.740867e+00 2.834245e-01 -2.868535e-02
7.740867e+00 3.967448e-01 -3.454322e-02
7.740867e+00 5.552783e-01 -3.741029e-02
7.740867e+00 7.774819e-01 -3.694783e-02
7.740867e+00 1.088445e+00 -3.353117e-02
7.740867e+00 1.523711e+00 -2.959489e-02
7.740867e+00 2.088426e+00 -2.814748e-02
7.740867e+00 2.685505e+00 -2.564409e-02
7.915684e+00 1.570796e-02 -1.938865e-04
7.915684e+00 2.346256e-02 -4.98169e-04
7.915684e+00 3.503514e-02 -1.156253e-03
7.915684e+00 5.263151e-02 -2.850587e-03
7.915684e+00 7.314235e-02 -5.350168e-03
7.915684e+00 1.025928e-01 -8.861101e-03
7.915684e+00 1.448116e-01 -1.334482e-02
7.915684e+00 2.02346e-01 -1.944841e-02
7.915684e+00 2.834245e-01 -2.630996e-02
7.915684e+00 3.967448e-01 -3.220882e-02
7.915684e+00 5.552783e-01 -3.540582e-02
7.915684e+00 7.774819e-01 -3.538575e-02
7.915684e+00 1.088445e+00 -3.243484e-02
7.915684e+00 1.523711e+00 -2.890027e-02
7.915684e+00 2.088426e+00 -2.761274e-02
7.915684e+00 2.685505e+00 -2.498756e-02
8.093998e+00 1.570796e-02 -1.731017e-04
8.093998e+00 2.346256e-02 -4.476771e-04
8.093998e+00 3.503514e-02 -1.035486e-03
8.093998e+00 5.263151e-02 -2.553525e-03
8.093998e+00 7.314235e-02 -4.792391e-03
8.093998e+00 1.025928e-01 -7.950629e-03
8.093998e+00 1.448116e-01 -1.198394e-02
8.093998e+00 2.02346e-01 -1.75655e-02
8.093998e+00 2.834245e-01 -2.400974e-02
8.093998e+00 3.967448e-01 -2.981777e-02
8.093998e+00 5.552783e-01 -3.326425e-02
8.093998e+00 7.774819e-01 -3.366416e-02
8.093998e+00 1.088445e+00 -3.117253e-02
8.093998e+00 1.523711e+00 -2.805984e-02
8.093998e+00 2.088426e+00 -2.693912e-02
8.093998e+00 2.685505e+00 -2.423583e-02
8.275878e+00 1.570796e-02 -1.549064e-04
8.275878e+00 2.346256e-02 -4.00872e-04
8.275878e+00 3.503514e-02 -9.259248e-04
8.275878e+00 5.263151e-02 -2.281271e-03
8.275878e+00 7.314235e-02 -4.282507e-03
8.275878e+00 1.025928e-01 -7.113466e-03
8.275878e+00 1.448116e-01 -1.07368e-02
8.275878e+00 2.02346e-01 -1.580191e-02
8.275878e+00 2.834245e-01 -2.180605e-02
8.275878e+00 3.967448e-01 -2.742349e-02
8.275878e+00 5.552783e-01 -3.103682e-02
8.275878e+00 7.774819e-01 -3.179098e-02
8.275878e+00 1.088445e+00 -2.977138e-02
8.275878e+00 1.523711e+00 -2.708671e-02
8.275878e+00 2.088426e+00 -2.61326e-02
8.275878e+00 2.685505e+00 -2.336773e-02
8.461396e+00 1.570796e-02 -1.380667e-04
8.461396e+00 2.346256e-02 -3.561441e-04
8.461396e+00 3.503514e-02 -8.271351e-04
8.461396e+00 5.263151e-02 -2.033127e-03
8.461396e+00 7.314235e-02 -3.817560e-03
8.461396e+00 1.025928e-01 -6.34621e-03
8.461396e+00 1.448116e-01 -9.591991e-03
8.461396e+00 2.02346e-01 -1.416839e-02
8.461396e+00 2.834245e-01 -1.970732e-02
8.461396e+00 3.967448e-01 -2.507807e-02
8.461396e+00 5.552783e-01 -2.876075e-02
8.461396e+00 7.774819e-01 -2.982153e-02
8.461396e+00 1.088445e+00 -2.824421e-02
8.461396e+00 1.523711e+00 -2.597966e-02
8.461396e+00 2.088426e+00 -2.520277e-02
8.461396e+00 2.685505e+00 -2.244009e-02
8.650623e+00 1.570796e-02 -1.230377e-04
8.650623e+00 2.346256e-02 -3.159429e-04
8.650623e+00 3.503514e-02 -7.359162e-04
8.650623e+00 5.263151e-02 -1.809877e-03
8.650623e+00 7.314235e-02 -3.398665e-03
8.650623e+00 1.025928e-01 -5.647211e-03
8.650623e+00 1.448116e-01 -8.557368e-03
8.650623e+00 2.02346e-01 -1.266621e-02
8.650623e+00 2.834245e-01 -1.773356e-02
8.650623e+00 3.967448e-01 -2.280593e-02
8.650623e+00 5.552783e-01 -2.649179e-02
8.650623e+00 7.774819e-01 -2.779574e-02
8.650623e+00 1.088445e+00 -2.662770e-02
8.650623e+00 1.523711e+00 -2.478849e-02
8.650623e+00 2.088426e+00 -2.418413e-02
8.650623e+00 2.685505e+00 -2.147525e-02
8.843636e+00 1.570796e-02 -1.098899e-04
8.843636e+00 2.346256e-02 -2.786686e-04
8.843636e+00 3.503514e-02 -6.535042e-04
8.843636e+00 5.263151e-02 -1.609847e-03
8.843636e+00 7.314235e-02 -3.017991e-03
8.843636e+00 1.025928e-01 -5.015225e-03
8.843636e+00 1.448116e-01 -7.607606e-03
8.843636e+00 2.02346e-01 -1.128612e-02
8.843636e+00 2.834245e-01 -1.588280e-02
8.843636e+00 3.967448e-01 -2.06164e-02
8.843636e+00 5.552783e-01 -2.424954e-02
8.843636e+00 7.774819e-01 -2.576665e-02
8.843636e+00 1.088445e+00 -2.496414e-02
8.843636e+00 1.523711e+00 -2.353923e-02
8.843636e+00 2.088426e+00 -2.313066e-02
8.843636e+00 2.685505e+00 -2.046881e-02
9.040509e+00 1.570796e-02 -9.75882e-05
9.040509e+00 2.346256e-02 -2.45341e-04
9.040509e+00 3.503514e-02 -5.781107e-04
9.040509e+00 5.263151e-02 -1.428017e-03
9.040509e+00 7.314235e-02 -2.673327e-03
9.040509e+00 1.025928e-01 -4.444083e-03
9.040509e+00 1.448116e-01 -6.743593e-03
9.040509e+00 2.02346e-01 -1.002625e-02
9.040509e+00 2.834245e-01 -1.417349e-02
9.040509e+00 3.967448e-01 -1.853885e-02
9.040509e+00 5.552783e-01 -2.206514e-02
9.040509e+00 7.774819e-01 -2.37364e-02
9.040509e+00 1.088445e+00 -2.328244e-02
9.040509e+00 1.523711e+00 -2.223001e-02
9.040509e+00 2.088426e+00 -2.201926e-02
9.040509e+00 2.685505e+00 -1.94641e-02
9.241319e+00 1.570796e-02 -8.585603e-05
9.241319e+00 2.346256e-02 -2.160633e-04
9.241319e+00 3.503514e-02 -5.110393e-04
9.241319e+00 5.263151e-02 -1.263342e-03
9.241319e+00 7.314235e-02 -2.363177e-03
9.241319e+00 1.025928e-01 -3.927651e-03
9.241319e+00 1.448116e-01 -5.964012e-03
9.241319e+00 2.02346e-01 -8.882407e-03
9.241319e+00 2.834245e-01 -1.259968e-02
9.241319e+00 3.967448e-01 -1.659446e-02
9.241319e+00 5.552783e-01 -1.996662e-02
9.241319e+00 7.774819e-01 -2.173727e-02
9.241319e+00 1.088445e+00 -2.158806e-02
9.241319e+00 1.523711e+00 -2.090601e-02
9.241319e+00 2.088426e+00 -2.085627e-02
9.241319e+00 2.685505e+00 -1.836157e-02
9.446145e+00 1.570796e-02 -7.550511e-05
9.446145e+00 2.346256e-02 -1.898762e-04
9.446145e+00 3.503514e-02 -4.497167e-04
9.446145e+00 5.263151e-02 -1.112866e-03
9.446145e+00 7.314235e-02 -2.082975e-03
9.446145e+00 1.025928e-01 -3.456751e-03
9.446145e+00 1.448116e-01 -5.255379e-03
9.446145e+00 2.02346e-01 -7.843528e-03
9.446145e+00 2.834245e-01 -1.115608e-02
9.446145e+00 3.967448e-01 -1.478816e-02
9.446145e+00 5.552783e-01 -1.796713e-02
9.446145e+00 7.774819e-01 -1.978504e-02
9.446145e+00 1.088445e+00 -1.990488e-02
9.446145e+00 1.523711e+00 -1.955452e-02
9.446145e+00 2.088426e+00 -1.965454e-02
9.446145e+00 2.685505e+00 -1.726313e-02
9.655068e+00 1.570796e-02 -6.618761e-05
9.655068e+00 2.346256e-02 -1.665174e-04
9.655068e+00 3.503514e-02 -3.956625e-04
9.655068e+00 5.263151e-02 -9.766106e-04
9.655068e+00 7.314235e-02 -1.828539e-03
9.655068e+00 1.025928e-01 -3.035044e-03
9.655068e+00 1.448116e-01 -4.619923e-03
9.655068e+00 2.02346e-01 -6.901712e-03
9.655068e+00 2.834245e-01 -9.841996e-03
9.655068e+00 3.967448e-01 -1.311562e-02
9.655068e+00 5.552783e-01 -1.60827e-02
9.655068e+00 7.774819e-01 -1.791747e-02
9.655068e+00 1.088445e+00 -1.825708e-02
9.655068e+00 1.523711e+00 -1.820579e-02
9.655068e+00 2.088426e+00 -1.845647e-02
9.655068e+00 2.685505e+00 -1.61915e-02
9.86817e+00 1.570796e-02 -5.769794e-05
9.86817e+00 2.346256e-02 -1.45933e-04
9.86817e+00 3.503514e-02 -3.46532e-04
9.86817e+00 5.263151e-02 -8.546308e-04
9.86817e+00 7.314235e-02 -1.599275e-03
9.86817e+00 1.025928e-01 -2.653697e-03
9.86817e+00 1.448116e-01 -4.042446e-03
9.86817e+00 2.02346e-01 -6.047051e-03
9.86817e+00 2.834245e-01 -8.644432e-03
9.86817e+00 3.967448e-01 -1.157737e-02
9.86817e+00 5.552783e-01 -1.431104e-02
9.86817e+00 7.774819e-01 -1.612837e-02
9.86817e+00 1.088445e+00 -1.665674e-02
9.86817e+00 1.523711e+00 -1.685469e-02
9.86817e+00 2.088426e+00 -1.725086e-02
9.86817e+00 2.685505e+00 -1.511864e-02
1.008553e+01 1.570796e-02 -5.010466e-05
1.008553e+01 2.346256e-02 -1.279581e-04
1.008553e+01 3.503514e-02 -3.016029e-04
1.008553e+01 5.263151e-02 -7.459519e-04
1.008553e+01 7.314235e-02 -1.39354e-03
1.008553e+01 1.025928e-01 -2.314585e-03
1.008553e+01 1.448116e-01 -3.526078e-03
1.008553e+01 2.02346e-01 -5.286350e-03
1.008553e+01 2.834245e-01 -7.566927e-03
1.008553e+01 3.967448e-01 -1.017148e-02
1.008553e+01 5.552783e-01 -1.267021e-02
1.008553e+01 7.774819e-01 -1.445264e-02
1.008553e+01 1.088445e+00 -1.511627e-02
1.008553e+01 1.523711e+00 -1.553743e-02
1.008553e+01 2.088426e+00 -1.603876e-02
1.008553e+01 2.685505e+00 -1.406416e-02
1.030724e+01 1.570796e-02 -4.338333e-05
1.030724e+01 2.346256e-02 -1.113679e-04
1.030724e+01 3.503514e-02 -2.616072e-04
1.030724e+01 5.263151e-02 -6.477128e-04
1.030724e+01 7.314235e-02 -1.208382e-03
1.030724e+01 1.025928e-01 -2.012889e-03
1.030724e+01 1.448116e-01 -3.064224e-03
1.030724e+01 2.02346e-01 -4.600636e-03
1.030724e+01 2.834245e-01 -6.595913e-03
1.030724e+01 3.967448e-01 -8.900471e-03
1.030724e+01 5.552783e-01 -1.115929e-02
1.030724e+01 7.774819e-01 -1.287245e-02
1.030724e+01 1.088445e+00 -1.36438e-02
1.030724e+01 1.523711e+00 -1.424533e-02
1.030724e+01 2.088426e+00 -1.484026e-02
1.030724e+01 2.685505e+00 -1.302896e-02
1.053339e+01 1.570796e-02 -3.746108e-05
1.053339e+01 2.346256e-02 -9.631814e-05
1.053339e+01 3.503514e-02 -2.2652e-04
1.053339e+01 5.263151e-02 -5.611013e-04
1.053339e+01 7.314235e-02 -1.045743e-03
1.053339e+01 1.025928e-01 -1.743419e-03
1.053339e+01 1.448116e-01 -2.653738e-03
1.053339e+01 2.02346e-01 -3.987116e-03
1.053339e+01 2.834245e-01 -5.729008e-03
1.053339e+01 3.967448e-01 -7.75033e-03
1.053339e+01 5.552783e-01 -9.776194e-03
1.053339e+01 7.774819e-01 -1.140377e-02
1.053339e+01 1.088445e+00 -1.224493e-02
1.053339e+01 1.523711e+00 -1.300660e-02
1.053339e+01 2.088426e+00 -1.367737e-02
1.053339e+01 2.685505e+00 -1.202583e-02
1.076406e+01 1.570796e-02 -3.232988e-05
1.076406e+01 2.346256e-02 -8.292047e-05
1.076406e+01 3.503514e-02 -1.952651e-04
1.076406e+01 5.263151e-02 -4.83464e-04
1.076406e+01 7.314235e-02 -9.023106e-04
1.076406e+01 1.025928e-01 -1.504253e-03
1.076406e+01 1.448116e-01 -2.288963e-03
1.076406e+01 2.02346e-01 -3.446801e-03
1.076406e+01 2.834245e-01 -4.954882e-03
1.076406e+01 3.967448e-01 -6.718367e-03
1.076406e+01 5.552783e-01 -8.521657e-03
1.076406e+01 7.774819e-01 -1.004058e-02
1.076406e+01 1.088445e+00 -1.093581e-02
1.076406e+01 1.523711e+00 -1.180434e-02
1.076406e+01 2.088426e+00 -1.253293e-02
1.076406e+01 2.685505e+00 -1.102772e-02
1.099934e+01 1.570796e-02 -2.782762e-05
1.099934e+01 2.346256e-02 -7.108449e-05
1.099934e+01 3.503514e-02 -1.671579e-04
1.099934e+01 5.263151e-02 -4.154722e-04
1.099934e+01 7.314235e-02 -7.760206e-04
1.099934e+01 1.025928e-01 -1.290464e-03
1.099934e+01 1.448116e-01 -1.966914e-03
1.099934e+01 2.02346e-01 -2.962941e-03
1.099934e+01 2.834245e-01 -4.263718e-03
1.099934e+01 3.967448e-01 -5.795658e-03
1.099934e+01 5.552783e-01 -7.389268e-03
1.099934e+01 7.774819e-01 -8.795602e-03
1.099934e+01 1.088445e+00 -9.718443e-03
1.099934e+01 1.523711e+00 -1.064441e-02
1.099934e+01 2.088426e+00 -1.142941e-02
1.099934e+01 2.685505e+00 -1.005914e-02
1.123932e+01 1.570796e-02 -2.377870e-05
1.123932e+01 2.346256e-02 -6.058338e-05
1.123932e+01 3.503514e-02 -1.429661e-04
1.123932e+01 5.263151e-02 -3.561284e-04
1.123932e+01 7.314235e-02 -6.648103e-04
1.123932e+01 1.025928e-01 -1.104082e-03
1.123932e+01 1.448116e-01 -1.684808e-03
1.123932e+01 2.02346e-01 -2.535156e-03
1.123932e+01 2.834245e-01 -3.655438e-03
1.123932e+01 3.967448e-01 -4.979401e-03
1.123932e+01 5.552783e-01 -6.379385e-03
1.123932e+01 7.774819e-01 -7.667151e-03
1.123932e+01 1.088445e+00 -8.590448e-03
1.123932e+01 1.523711e+00 -9.570561e-03
1.123932e+01 2.088426e+00 -1.037164e-02
1.123932e+01 2.685505e+00 -9.158712e-03
1.148411e+01 1.570796e-02 -2.027891e-05
1.148411e+01 2.346256e-02 -5.112107e-05
1.148411e+01 3.503514e-02 -1.212686e-04
1.148411e+01 5.263151e-02 -3.036790e-04
1.148411e+01 7.314235e-02 -5.661372e-04
1.148411e+01 1.025928e-01 -9.40113e-04
1.148411e+01 1.448116e-01 -1.435712e-03
1.148411e+01 2.02346e-01 -2.160986e-03
1.148411e+01 2.834245e-01 -3.11903e-03
1.148411e+01 3.967448e-01 -4.258668e-03
1.148411e+01 5.552783e-01 -5.483738e-03
1.148411e+01 7.774819e-01 -6.645493e-03
1.148411e+01 1.088445e+00 -7.554983e-03
1.148411e+01 1.523711e+00 -8.554621e-03
1.148411e+01 2.088426e+00 -9.372643e-03
1.148411e+01 2.685505e+00 -8.318864e-03
1.173379e+01 1.570796e-02 -1.708401e-05
1.173379e+01 2.346256e-02 -4.31357e-05
1.173379e+01 3.503514e-02 -1.024529e-04
1.173379e+01 5.263151e-02 -2.574187e-04
1.173379e+01 7.314235e-02 -4.795226e-04
1.173379e+01 1.025928e-01 -7.968318e-04
1.173379e+01 1.448116e-01 -1.218652e-03
1.173379e+01 2.02346e-01 -1.833262e-03
1.173379e+01 2.834245e-01 -2.650410e-03
1.173379e+01 3.967448e-01 -3.62342e-03
1.173379e+01 5.552783e-01 -4.683631e-03
1.173379e+01 7.774819e-01 -5.735077e-03
1.173379e+01 1.088445e+00 -6.608101e-03
1.173379e+01 1.523711e+00 -7.606268e-03
1.173379e+01 2.088426e+00 -8.419742e-03
1.173379e+01 2.685505e+00 -7.486543e-03
1.198847e+01 1.570796e-02 -1.437530e-05
1.198847e+01 2.346256e-02 -3.616482e-05
1.198847e+01 3.503514e-02 -8.646262e-05
1.198847e+01 5.263151e-02 -2.177747e-04
1.198847e+01 7.314235e-02 -4.040136e-04
1.198847e+01 1.025928e-01 -6.718904e-04
1.198847e+01 1.448116e-01 -1.029255e-03
1.198847e+01 2.02346e-01 -1.549606e-03
1.198847e+01 2.834245e-01 -2.240074e-03
1.198847e+01 3.967448e-01 -3.066778e-03
1.198847e+01 5.552783e-01 -3.978951e-03
1.198847e+01 7.774819e-01 -4.918163e-03
1.198847e+01 1.088445e+00 -5.747297e-03
1.198847e+01 1.523711e+00 -6.727592e-03
1.198847e+01 2.088426e+00 -7.510724e-03
1.198847e+01 2.685505e+00 -6.684277e-03
1.224824e+01 1.570796e-02 -1.212270e-05
1.224824e+01 2.346256e-02 -3.026373e-05
1.224824e+01 3.503514e-02 -7.245682e-05
1.224824e+01 5.263151e-02 -1.831508e-04
1.224824e+01 7.314235e-02 -3.396029e-04
1.224824e+01 1.025928e-01 -5.648799e-04
1.224824e+01 1.448116e-01 -8.64877e-04
1.224824e+01 2.02346e-01 -1.301483e-03
1.224824e+01 2.834245e-01 -1.883389e-03
1.224824e+01 3.967448e-01 -2.582764e-03
1.224824e+01 5.552783e-01 -3.36647e-03
1.224824e+01 7.774819e-01 -4.199242e-03
1.224824e+01 1.088445e+00 -4.974587e-03
1.224824e+01 1.523711e+00 -5.912829e-03
1.224824e+01 2.088426e+00 -6.668913e-03
1.224824e+01 2.685505e+00 -5.956243e-03
1.25132e+01 1.570796e-02 -1.016898e-05
1.25132e+01 2.346256e-02 -2.532402e-05
1.25132e+01 3.503514e-02 -6.024341e-05
1.25132e+01 5.263151e-02 -1.529268e-04
1.25132e+01 7.314235e-02 -2.835269e-04
1.25132e+01 1.025928e-01 -4.716294e-04
1.25132e+01 1.448116e-01 -7.240773e-04
1.25132e+01 2.02346e-01 -1.089156e-03
1.25132e+01 2.834245e-01 -1.576622e-03
1.25132e+01 3.967448e-01 -2.162887e-03
1.25132e+01 5.552783e-01 -2.833262e-03
1.25132e+01 7.774819e-01 -3.56659e-03
1.25132e+01 1.088445e+00 -4.281244e-03
1.25132e+01 1.523711e+00 -5.166292e-03
1.25132e+01 2.088426e+00 -5.892832e-03
1.25132e+01 2.685505e+00 -5.272334e-03
1.278347e+01 1.570796e-02 -8.349746e-06
1.278347e+01 2.346256e-02 -2.0816e-05
1.278347e+01 3.503514e-02 -4.994005e-05
1.278347e+01 5.263151e-02 -1.276166e-04
1.278347e+01 7.314235e-02 -2.354168e-04
1.278347e+01 1.025928e-01 -3.922984e-04
1.278347e+01 1.448116e-01 -6.032188e-04
1.278347e+01 2.02346e-01 -9.059828e-04
1.278347e+01 2.834245e-01 -1.313875e-03
1.278347e+01 3.967448e-01 -1.804383e-03
1.278347e+01 5.552783e-01 -2.375288e-03
1.278347e+01 7.774819e-01 -3.012880e-03
1.278347e+01 1.088445e+00 -3.665853e-03
1.278347e+01 1.523711e+00 -4.493291e-03
1.278347e+01 2.088426e+00 -5.16922e-03
1.278347e+01 2.685505e+00 -4.64152e-03
1.305914e+01 1.570796e-02 -6.920318e-06
1.305914e+01 2.346256e-02 -1.728985e-05
1.305914e+01 3.503514e-02 -4.139376e-05
1.305914e+01 5.263151e-02 -1.057194e-04
1.305914e+01 7.314235e-02 -1.949248e-04
1.305914e+01 1.025928e-01 -3.245977e-04
1.305914e+01 1.448116e-01 -4.993311e-04
1.305914e+01 2.02346e-01 -7.500405e-04
1.305914e+01 2.834245e-01 -1.088092e-03
1.305914e+01 3.967448e-01 -1.498304e-03
1.305914e+01 5.552783e-01 -1.978231e-03
1.305914e+01 7.774819e-01 -2.532137e-03
1.305914e+01 1.088445e+00 -3.123913e-03
1.305914e+01 1.523711e+00 -3.885634e-03
1.305914e+01 2.088426e+00 -4.510925e-03
1.305914e+01 2.685505e+00 -4.067823e-03
1.334032e+01 1.570796e-02 -5.719411e-06
1.334032e+01 2.346256e-02 -1.414973e-05
1.334032e+01 3.503514e-02 -3.399185e-05
1.334032e+01 5.263151e-02 -8.683019e-05
1.334032e+01 7.314235e-02 -1.603455e-04
1.334032e+01 1.025928e-01 -2.669427e-04
1.334032e+01 1.448116e-01 -4.111751e-04
1.334032e+01 2.02346e-01 -6.177854e-04
1.334032e+01 2.834245e-01 -8.976191e-04
1.334032e+01 3.967448e-01 -1.236636e-03
1.334032e+01 5.552783e-01 -1.638289e-03
1.334032e+01 7.774819e-01 -2.117176e-03
1.334032e+01 1.088445e+00 -2.646619e-03
1.334032e+01 1.523711e+00 -3.337237e-03
1.334032e+01 2.088426e+00 -3.913927e-03
1.334032e+01 2.685505e+00 -3.546691e-03
1.362713e+01 1.570796e-02 -4.671401e-06
1.362713e+01 2.346256e-02 -1.165752e-05
1.362713e+01 3.503514e-02 -2.779971e-05
1.362713e+01 5.263151e-02 -7.112764e-05
1.362713e+01 7.314235e-02 -1.310865e-04
1.362713e+01 1.025928e-01 -2.185843e-04
1.362713e+01 1.448116e-01 -3.367729e-04
1.362713e+01 2.02346e-01 -5.073979e-04
1.362713e+01 2.834245e-01 -7.374795e-04
1.362713e+01 3.967448e-01 -1.017706e-03
1.362713e+01 5.552783e-01 -1.352227e-03
1.362713e+01 7.774819e-01 -1.761477e-03
1.362713e+01 1.088445e+00 -2.233684e-03
1.362713e+01 1.523711e+00 -2.851651e-03
1.362713e+01 2.088426e+00 -3.376512e-03
1.362713e+01 2.685505e+00 -3.06567e-03
1.391967e+01 1.570796e-02 -3.889527e-06
1.391967e+01 2.346256e-02 -9.44425e-06
1.391967e+01 3.503514e-02 -2.260944e-05
1.391967e+01 5.263151e-02 -5.781379e-05
1.391967e+01 7.314235e-02 -1.061497e-04
1.391967e+01 1.025928e-01 -1.779393e-04
1.391967e+01 1.448116e-01 -2.738088e-04
1.391967e+01 2.02346e-01 -4.131153e-04
1.391967e+01 2.834245e-01 -5.99808e-04
1.391967e+01 3.967448e-01 -8.307219e-04
1.391967e+01 5.552783e-01 -1.10754e-03
1.391967e+01 7.774819e-01 -1.452843e-03
1.391967e+01 1.088445e+00 -1.865999e-03
1.391967e+01 1.523711e+00 -2.413947e-03
1.391967e+01 2.088426e+00 -2.879825e-03
1.391967e+01 2.685505e+00 -2.619001e-03
1.421806e+01 1.570796e-02 -3.148918e-06
1.421806e+01 2.346256e-02 -7.521086e-06
1.421806e+01 3.503514e-02 -1.830351e-05
1.421806e+01 5.263151e-02 -4.67021e-05
1.421806e+01 7.314235e-02 -8.644571e-05
1.421806e+01 1.025928e-01 -1.444721e-04
1.421806e+01 1.448116e-01 -2.219851e-04
1.421806e+01 2.02346e-01 -3.343549e-04
1.421806e+01 2.834245e-01 -4.866328e-04
1.421806e+01 3.967448e-01 -6.751970e-04
1.421806e+01 5.552783e-01 -9.017753e-04
1.421806e+01 7.774819e-01 -1.193714e-03
1.421806e+01 1.088445e+00 -1.549714e-03
1.421806e+01 1.523711e+00 -2.030221e-03
1.421806e+01 2.088426e+00 -2.434418e-03
1.421806e+01 2.685505e+00 -2.215019e-03
1.452242e+01 1.570796e-02 -2.533349e-06
1.452242e+01 2.346256e-02 -5.916207e-06
1.452242e+01 3.503514e-02 -1.475356e-05
1.452242e+01 5.263151e-02 -3.740424e-05
1.452242e+01 7.314235e-02 -6.952929e-05
1.452242e+01 1.025928e-01 -1.159993e-04
1.452242e+01 1.448116e-01 -1.783813e-04
1.452242e+01 2.02346e-01 -2.687763e-04
1.452242e+01 2.834245e-01 -3.919084e-04
1.452242e+01 3.967448e-01 -5.446622e-04
1.452242e+01 5.552783e-01 -7.301395e-04
1.452242e+01 7.774819e-01 -9.73514e-04
1.452242e+01 1.088445e+00 -1.280210e-03
1.452242e+01 1.523711e+00 -1.694046e-03
1.452242e+01 2.088426e+00 -2.045284e-03
1.452242e+01 2.685505e+00 -1.863711e-03
1.483287e+01 1.570796e-02 -2.044077e-06
1.483287e+01 2.346256e-02 -4.716926e-06
1.483287e+01 3.503514e-02 -1.17354e-05
1.483287e+01 5.263151e-02 -2.979368e-05
1.483287e+01 7.314235e-02 -5.521602e-05
1.483287e+01 1.025928e-01 -9.211133e-05
1.483287e+01 1.448116e-01 -1.422312e-04
1.483287e+01 2.02346e-01 -2.144356e-04
1.483287e+01 2.834245e-01 -3.128443e-04
1.483287e+01 3.967448e-01 -4.345733e-04
1.483287e+01 5.552783e-01 -5.871108e-04
1.483287e+01 7.774819e-01 -7.872395e-04
1.483287e+01 1.088445e+00 -1.047393e-03
1.483287e+01 1.523711e+00 -1.401074e-03
1.483287e+01 2.088426e+00 -1.701851e-03
1.483287e+01 2.685505e+00 -1.553429e-03
1.514953e+01 1.570796e-02 -1.624705e-06
1.514953e+01 2.346256e-02 -3.676929e-06
1.514953e+01 3.503514e-02 -9.260915e-06
1.514953e+01 5.263151e-02 -2.359230e-05
1.514953e+01 7.314235e-02 -4.371045e-05
1.514953e+01 1.025928e-01 -7.296205e-05
1.514953e+01 1.448116e-01 -1.126378e-04
1.514953e+01 2.02346e-01 -1.700112e-04
1.514953e+01 2.834245e-01 -2.485093e-04
1.514953e+01 3.967448e-01 -3.445188e-04
1.514953e+01 5.552783e-01 -4.68681e-04
1.514953e+01 7.774819e-01 -6.336888e-04
1.514953e+01 1.088445e+00 -8.510651e-04
1.514953e+01 1.523711e+00 -1.15032e-03
1.514953e+01 2.088426e+00 -1.406796e-03
1.514953e+01 2.685505e+00 -1.281061e-03
1.547252e+01 1.570796e-02 -1.302546e-06
1.547252e+01 2.346256e-02 -2.898886e-06
1.547252e+01 3.503514e-02 -7.322692e-06
1.547252e+01 5.263151e-02 -1.850251e-05
1.547252e+01 7.314235e-02 -3.440441e-05
1.547252e+01 1.025928e-01 -5.715345e-05
1.547252e+01 1.448116e-01 -8.877596e-05
1.547252e+01 2.02346e-01 -1.336686e-04
1.547252e+01 2.834245e-01 -1.953372e-04
1.547252e+01 3.967448e-01 -2.719163e-04
1.547252e+01 5.552783e-01 -3.718352e-04
1.547252e+01 7.774819e-01 -5.055074e-04
1.547252e+01 1.088445e+00 -6.862424e-04
1.547252e+01 1.523711e+00 -9.371901e-04
1.547252e+01 2.088426e+00 -1.153594e-03
1.547252e+01 2.685505e+00 -1.044017e-03
1.580197e+01 1.570796e-02 -1.008371e-06
1.580197e+01 2.346256e-02 -2.279248e-06
1.580197e+01 3.503514e-02 -5.597301e-06
1.580197e+01 5.263151e-02 -1.447196e-05
1.580197e+01 7.314235e-02 -2.664300e-05
1.580197e+01 1.025928e-01 -4.432197e-05
1.580197e+01 1.448116e-01 -6.909617e-05
1.580197e+01 2.02346e-01 -1.037178e-04
1.580197e+01 2.834245e-01 -1.520480e-04
1.580197e+01 3.967448e-01 -2.121659e-04
1.580197e+01 5.552783e-01 -2.916207e-04
1.580197e+01 7.774819e-01 -3.989289e-04
1.580197e+01 1.088445e+00 -5.451921e-04
1.580197e+01 1.523711e+00 -7.501682e-04
1.580197e+01 2.088426e+00 -9.266739e-04
1.580197e+01 2.685505e+00 -8.404500e-04
1.613801e+01 1.570796e-02 -7.726707e-07
1.613801e+01 2.346256e-02 -1.749414e-06
1.613801e+01 3.503514e-02 -4.289478e-06
1.613801e+01 5.263151e-02 -1.116087e-05
1.613801e+01 7.314235e-02 -2.04379e-05
1.613801e+01 1.025928e-01 -3.42436e-05
1.613801e+01 1.448116e-01 -5.336216e-05
1.613801e+01 2.02346e-01 -8.031024e-05
1.613801e+01 2.834245e-01 -1.174058e-04
1.613801e+01 3.967448e-01 -1.639734e-04
1.613801e+01 5.552783e-01 -2.266907e-04
1.613801e+01 7.774819e-01 -3.124264e-04
1.613801e+01 1.088445e+00 -4.301183e-04
1.613801e+01 1.523711e+00 -5.954346e-04
1.613801e+01 2.088426e+00 -7.365975e-04
1.613801e+01 2.685505e+00 -6.676756e-04
1.648077e+01 1.570796e-02 -6.064268e-07
1.648077e+01 2.346256e-02 -1.279176e-06
1.648077e+01 3.503514e-02 -3.265163e-06
1.648077e+01 5.263151e-02 -8.444585e-06
1.648077e+01 7.314235e-02 -1.543898e-05
1.648077e+01 1.025928e-01 -2.599333e-05
1.648077e+01 1.448116e-01 -4.037292e-05
1.648077e+01 2.02346e-01 -6.088172e-05
1.648077e+01 2.834245e-01 -8.900075e-05
1.648077e+01 3.967448e-01 -1.247655e-04
1.648077e+01 5.552783e-01 -1.726815e-04
1.648077e+01 7.774819e-01 -2.402984e-04
1.648077e+01 1.088445e+00 -3.319407e-04
1.648077e+01 1.523711e+00 -4.632785e-04
1.648077e+01 2.088426e+00 -5.773735e-04
1.648077e+01 2.685505e+00 -5.218549e-04
1.683038e+01 1.570796e-02 -4.772793e-07
1.683038e+01 2.346256e-02 -9.386162e-07
1.683038e+01 3.503514e-02 -2.443433e-06
1.683038e+01 5.263151e-02 -6.260102e-06
1.683038e+01 7.314235e-02 -1.14893e-05
1.683038e+01 1.025928e-01 -1.950967e-05
1.683038e+01 1.448116e-01 -3.033158e-05
1.683038e+01 2.02346e-01 -4.562122e-05
1.683038e+01 2.834245e-01 -6.685984e-05
1.683038e+01 3.967448e-01 -9.365885e-05
1.683038e+01 5.552783e-01 -1.305373e-04
1.683038e+01 7.774819e-01 -1.832775e-04
1.683038e+01 1.088445e+00 -2.537278e-04
1.683038e+01 1.523711e+00 -3.567686e-04
1.683038e+01 2.088426e+00 -4.456553e-04
1.683038e+01 2.685505e+00 -4.044582e-04
1.718699e+01 1.570796e-02 -3.577550e-07
1.718699e+01 2.346256e-02 -6.975514e-07
1.718699e+01 3.503514e-02 -1.834793e-06
1.718699e+01 5.263151e-02 -4.639973e-06
1.718699e+01 7.314235e-02 -8.49259e-06
1.718699e+01 1.025928e-01 -1.433543e-05
1.718699e+01 1.448116e-01 -2.231326e-05
1.718699e+01 2.02346e-01 -3.379786e-05
1.718699e+01 2.834245e-01 -4.950838e-05
1.718699e+01 3.967448e-01 -6.938857e-05
1.718699e+01 5.552783e-01 -9.724649e-05
1.718699e+01 7.774819e-01 -1.380255e-04
1.718699e+01 1.088445e+00 -1.919045e-04
1.718699e+01 1.523711e+00 -2.700496e-04
1.718699e+01 2.088426e+00 -3.385558e-04
1.718699e+01 2.685505e+00 -3.075251e-04
1.755073e+01 1.570796e-02 -2.694427e-07
1.755073e+01 2.346256e-02 -5.009138e-07
1.755073e+01 3.503514e-02 -1.326507e-06
1.755073e+01 5.263151e-02 -3.404507e-06
1.755073e+01 7.314235e-02 -6.206197e-06
1.755073e+01 1.025928e-01 -1.043306e-05
1.755073e+01 1.448116e-01 -1.607156e-05
1.755073e+01 2.02346e-01 -2.453680e-05
1.755073e+01 2.834245e-01 -3.595332e-05
1.755073e+01 3.967448e-01 -5.053662e-05
1.755073e+01 5.552783e-01 -7.117006e-05
1.755073e+01 7.774819e-01 -1.019747e-04
1.755073e+01 1.088445e+00 -1.427438e-04
1.755073e+01 1.523711e+00 -2.013497e-04
1.755073e+01 2.088426e+00 -2.534561e-04
1.755073e+01 2.685505e+00 -2.306612e-04
1.792175e+01 1.570796e-02 -1.957797e-07
1.792175e+01 2.346256e-02 -3.575476e-07
1.792175e+01 3.503514e-02 -9.706708e-07
1.792175e+01 5.263151e-02 -2.453360e-06
1.792175e+01 7.314235e-02 -4.510722e-06
1.792175e+01 1.025928e-01 -7.479839e-06
1.792175e+01 1.448116e-01 -1.164344e-05
1.792175e+01 2.02346e-01 -1.773329e-05
1.792175e+01 2.834245e-01 -2.598367e-05
1.792175e+01 3.967448e-01 -3.662627e-05
1.792175e+01 5.552783e-01 -5.188905e-05
1.792175e+01 7.774819e-01 -7.479058e-05
1.792175e+01 1.088445e+00 -1.050316e-04
1.792175e+01 1.523711e+00 -1.487105e-04
1.792175e+01 2.088426e+00 -1.880297e-04
1.792175e+01 2.685505e+00 -1.725792e-04
1.830018e+01 1.570796e-02 -1.392915e-07
1.830018e+01 2.346256e-02 -2.412351e-07
1.830018e+01 3.503514e-02 -6.737324e-07
1.830018e+01 5.263151e-02 -1.745973e-06
1.830018e+01 7.314235e-02 -3.227182e-06
1.830018e+01 1.025928e-01 -5.34014e-06
1.830018e+01 1.448116e-01 -8.225318e-06
1.830018e+01 2.02346e-01 -1.259399e-05
1.830018e+01 2.834245e-01 -1.853127e-05
1.830018e+01 3.967448e-01 -2.613017e-05
1.830018e+01 5.552783e-01 -3.709113e-05
1.830018e+01 7.774819e-01 -5.413586e-05
1.830018e+01 1.088445e+00 -7.637105e-05
1.830018e+01 1.523711e+00 -1.085642e-04
1.830018e+01 2.088426e+00 -1.38284e-04
1.830018e+01 2.685505e+00 -1.272575e-04
1.868618e+01 1.570796e-02 -9.893886e-08
1.868618e+01 2.346256e-02 -1.724403e-07
1.868618e+01 3.503514e-02 -4.804117e-07
1.868618e+01 5.263151e-02 -1.200558e-06
1.868618e+01 7.314235e-02 -2.260952e-06
1.868618e+01 1.025928e-01 -3.718057e-06
1.868618e+01 1.448116e-01 -5.778088e-06
1.868618e+01 2.02346e-01 -8.888447e-06
1.868618e+01 2.834245e-01 -1.306192e-05
1.868618e+01 3.967448e-01 -1.854349e-05
1.868618e+01 5.552783e-01 -2.639760e-05
1.868618e+01 7.774819e-01 -3.870685e-05
1.868618e+01 1.088445e+00 -5.497781e-05
1.868618e+01 1.523711e+00 -7.864971e-05
1.868618e+01 2.088426e+00 -1.008616e-04
1.868618e+01 2.685505e+00 -9.395666e-05
1.907991e+01 1.570796e-02 -7.019480e-08
1.907991e+01 2.346256e-02 -1.159913e-07
1.907991e+01 3.503514e-02 -3.187288e-07
1.907991e+01 5.263151e-02 -8.084658e-07
1.907991e+01 7.314235e-02 -1.552246e-06
1.907991e+01 1.025928e-01 -2.532464e-06
1.907991e+01 1.448116e-01 -3.963707e-06
1.907991e+01 2.02346e-01 -6.081382e-06
1.907991e+01 2.834245e-01 -8.968599e-06
1.907991e+01 3.967448e-01 -1.276456e-05
1.907991e+01 5.552783e-01 -1.839859e-05
1.907991e+01 7.774819e-01 -2.697393e-05
1.907991e+01 1.088445e+00 -3.833404e-05
1.907991e+01 1.523711e+00 -5.516149e-05
1.907991e+01 2.088426e+00 -7.147045e-05
1.907991e+01 2.685505e+00 -6.696251e-05
1.948151e+01 1.570796e-02 -4.703381e-08
1.948151e+01 2.346256e-02 -8.252428e-08
1.948151e+01 3.503514e-02 -2.14808e-07
1.948151e+01 5.263151e-02 -5.579964e-07
1.948151e+01 7.314235e-02 -1.021837e-06
1.948151e+01 1.025928e-01 -1.678261e-06
1.948151e+01 1.448116e-01 -2.669991e-06
1.948151e+01 2.02346e-01 -4.098878e-06
1.948151e+01 2.834245e-01 -6.055144e-06
1.948151e+01 3.967448e-01 -8.662693e-06
1.948151e+01 5.552783e-01 -1.254867e-05
1.948151e+01 7.774819e-01 -1.846574e-05
1.948151e+01 1.088445e+00 -2.649909e-05
1.948151e+01 1.523711e+00 -3.838381e-05
1.948151e+01 2.088426e+00 -4.977813e-05
1.948151e+01 2.685505e+00 -4.62171e-05
1.989114e+01 1.570796e-02 -3.227420e-08
1.989114e+01 2.346256e-02 -5.552726e-08
1.989114e+01 3.503514e-02 -1.369461e-07
1.989114e+01 5.263151e-02 -3.786389e-07
1.989114e+01 7.314235e-02 -6.706146e-07
1.989114e+01 1.025928e-01 -1.143826e-06
1.989114e+01 1.448116e-01 -1.798800e-06
1.989114e+01 2.02346e-01 -2.760189e-06
1.989114e+01 2.834245e-01 -4.047377e-06
1.989114e+01 3.967448e-01 -5.819602e-06
1.989114e+01 5.552783e-01 -8.516928e-06
1.989114e+01 7.774819e-01 -1.259704e-05
1.989114e+01 1.088445e+00 -1.819611e-05
1.989114e+01 1.523711e+00 -2.653364e-05
1.989114e+01 2.088426e+00 -3.427643e-05
1.989114e+01 2.685505e+00 -3.168697e-05
2.030896e+01 1.570796e-02 -2.206745e-08
2.030896e+01 2.346256e-02 -3.166841e-08
2.030896e+01 3.503514e-02 -9.467773e-08
2.030896e+01 5.263151e-02 -2.543935e-07
2.030896e+01 7.314235e-02 -4.375201e-07
2.030896e+01 1.025928e-01 -7.498946e-07
2.030896e+01 1.448116e-01 -1.179560e-06
2.030896e+01 2.02346e-01 -1.811489e-06
2.030896e+01 2.834245e-01 -2.701257e-06
2.030896e+01 3.967448e-01 -3.887016e-06
2.030896e+01 5.552783e-01 -5.696485e-06
2.030896e+01 7.774819e-01 -8.488739e-06
2.030896e+01 1.088445e+00 -1.232377e-05
2.030896e+01 1.523711e+00 -1.805802e-05
2.030896e+01 2.088426e+00 -2.327840e-05
2.030896e+01 2.685505e+00 -2.144879e-05
2.073514e+01 1.570796e-02 -1.275324e-08
2.073514e+01 2.346256e-02 -1.996272e-08
2.073514e+01 3.503514e-02 -6.112273e-08
2.073514e+01 5.263151e-02 -1.520752e-07
2.073514e+01 7.314235e-02 -2.703834e-07
2.073514e+01 1.025928e-01 -4.55572e-07
2.073514e+01 1.448116e-01 -7.341868e-07
2.073514e+01 2.02346e-01 -1.115592e-06
2.073514e+01 2.834245e-01 -1.653532e-06
2.073514e+01 3.967448e-01 -2.426904e-06
2.073514e+01 5.552783e-01 -3.594563e-06
2.073514e+01 7.774819e-01 -5.353524e-06
2.073514e+01 1.088445e+00 -7.839991e-06
2.073514e+01 1.523711e+00 -1.158972e-05
2.073514e+01 2.088426e+00 -1.522873e-05
2.073514e+01 2.685505e+00 -1.422138e-05
2.116984e+01 1.570796e-02 4.325109e-10
2.116984e+01 2.346256e-02 1.109148e-09
2.116984e+01 3.503514e-02 2.510911e-09
2.116984e+01 5.263151e-02 6.115271e-09
2.116984e+01 7.314235e-02 1.175497e-08
2.116984e+01 1.025928e-01 1.947153e-08
2.116984e+01 1.448116e-01 2.988751e-08
2.116984e+01 2.02346e-01 4.417154e-08
2.116984e+01 2.834245e-01 6.390651e-08
2.116984e+01 3.967448e-01 8.974365e-08
2.116984e+01 5.552783e-01 1.218916e-07
2.116984e+01 7.774819e-01 1.537073e-07
2.116984e+01 1.088445e+00 1.645425e-07
2.116984e+01 1.523711e+00 1.367297e-07
2.116984e+01 2.088426e+00 8.530226e-08
2.116984e+01 2.685505e+00 3.923029e-08
2.161324e+01 1.570796e-02 4.122691e-10
2.161324e+01 2.346256e-02 1.05407e-09
2.161324e+01 3.503514e-02 2.391119e-09
2.161324e+01 5.263151e-02 5.818129e-09
2.161324e+01 7.314235e-02 1.117883e-08
2.161324e+01 1.025928e-01 1.850567e-08
2.161324e+01 1.448116e-01 2.840028e-08
2.161324e+01 2.02346e-01 4.202022e-08
2.161324e+01 2.834245e-01 6.100462e-08
2.161324e+01 3.967448e-01 8.615556e-08
2.161324e+01 5.552783e-01 1.178803e-07
2.161324e+01 7.774819e-01 1.496316e-07
2.161324e+01 1.088445e+00 1.612623e-07
2.161324e+01 1.523711e+00 1.351820e-07
2.161324e+01 2.088426e+00 8.52648e-08
2.161324e+01 2.685505e+00 3.940132e-08
2.20655e+01 1.570796e-02 3.910724e-10
2.20655e+01 2.346256e-02 9.976099e-10
2.20655e+01 3.503514e-02 2.266986e-09
2.20655e+01 5.263151e-02 5.511356e-09
2.20655e+01 7.314235e-02 1.058741e-08
2.20655e+01 1.025928e-01 1.752263e-08
2.20655e+01 1.448116e-01 2.689453e-08
2.20655e+01 2.02346e-01 3.985622e-08
2.20655e+01 2.834245e-01 5.809271e-08
2.20655e+01 3.967448e-01 8.255572e-08
2.20655e+01 5.552783e-01 1.137773e-07
2.20655e+01 7.774819e-01 1.453321e-07
2.20655e+01 1.088445e+00 1.576545e-07
2.20655e+01 1.523711e+00 1.333977e-07
2.20655e+01 2.088426e+00 8.505277e-08
2.20655e+01 2.685505e+00 3.949956e-08
2.252681e+01 1.570796e-02 3.694008e-10
2.252681e+01 2.346256e-02 9.410706e-10
2.252681e+01 3.503514e-02 2.140864e-09
2.252681e+01 5.263151e-02 5.200827e-09
2.252681e+01 7.314235e-02 9.992538e-09
2.252681e+01 1.025928e-01 1.653785e-08
2.252681e+01 1.448116e-01 2.539739e-08
2.252681e+01 2.02346e-01 3.770315e-08
2.252681e+01 2.834245e-01 5.520496e-08
2.252681e+01 3.967448e-01 7.895945e-08
2.252681e+01 5.552783e-01 1.096003e-07
2.252681e+01 7.774819e-01 1.408053e-07
2.252681e+01 1.088445e+00 1.537701e-07
2.252681e+01 1.523711e+00 1.313884e-07
2.252681e+01 2.088426e+00 8.477842e-08
2.252681e+01 2.685505e+00 3.947738e-08
2.299735e+01 1.570796e-02 3.476241e-10
2.299735e+01 2.346256e-02 8.84846e-10
2.299735e+01 3.503514e-02 2.015009e-09
2.299735e+01 5.263151e-02 4.891697e-09
2.299735e+01 7.314235e-02 9.401316e-09
2.299735e+01 1.025928e-01 1.556331e-08
2.299735e+01 1.448116e-01 2.391908e-08
2.299735e+01 2.02346e-01 3.558188e-08
2.299735e+01 2.834245e-01 5.235711e-08
2.299735e+01 3.967448e-01 7.537846e-08
2.299735e+01 5.552783e-01 1.053712e-07
2.299735e+01 7.774819e-01 1.361421e-07
2.299735e+01 1.088445e+00 1.496550e-07
2.299735e+01 1.523711e+00 1.293354e-07
2.299735e+01 2.088426e+00 8.456723e-08
2.299735e+01 2.685505e+00 3.952828e-08
2.34773e+01 1.570796e-02 3.260260e-10
2.34773e+01 2.346256e-02 8.295416e-10
2.34773e+01 3.503514e-02 1.890546e-09
2.34773e+01 5.263151e-02 4.586888e-09
2.34773e+01 7.314235e-02 8.81953e-09
2.34773e+01 1.025928e-01 1.460272e-08
2.34773e+01 1.448116e-01 2.246257e-08
2.34773e+01 2.02346e-01 3.350603e-08
2.34773e+01 2.834245e-01 4.955505e-08
2.34773e+01 3.967448e-01 7.182475e-08
2.34773e+01 5.552783e-01 1.010803e-07
2.34773e+01 7.774819e-01 1.313346e-07
2.34773e+01 1.088445e+00 1.453825e-07
2.34773e+01 1.523711e+00 1.271692e-07
2.34773e+01 2.088426e+00 8.445922e-08
2.34773e+01 2.685505e+00 3.96526e-08
2.396684e+01 1.570796e-02 3.04816e-10
2.396684e+01 2.346256e-02 7.755804e-10
2.396684e+01 3.503514e-02 1.768215e-09
2.396684e+01 5.263151e-02 4.287722e-09
2.396684e+01 7.314235e-02 8.248246e-09
2.396684e+01 1.025928e-01 1.366406e-08
2.396684e+01 1.448116e-01 2.103958e-08
2.396684e+01 2.02346e-01 3.14692e-08
2.396684e+01 2.834245e-01 4.680209e-08
2.396684e+01 3.967448e-01 6.828373e-08
2.396684e+01 5.552783e-01 9.672124e-08
2.396684e+01 7.774819e-01 1.263588e-07
2.396684e+01 1.088445e+00 1.408863e-07
2.396684e+01 1.523711e+00 1.24923e-07
2.396684e+01 2.088426e+00 8.438806e-08
2.396684e+01 2.685505e+00 3.98044e-08
2.446618e+01 1.570796e-02 2.839938e-10
2.446618e+01 2.346256e-02 7.225377e-10
2.446618e+01 3.503514e-02 1.648396e-09
2.446618e+01 5.263151e-02 3.99553e-09
2.446618e+01 7.314235e-02 7.690698e-09
2.446618e+01 1.025928e-01 1.274668e-08
2.446618e+01 1.448116e-01 1.964901e-08
2.446618e+01 2.02346e-01 2.948115e-08
2.446618e+01 2.834245e-01 4.409293e-08
2.446618e+01 3.967448e-01 6.476055e-08
2.446618e+01 5.552783e-01 9.228610e-08
2.446618e+01 7.774819e-01 1.211958e-07
2.446618e+01 1.088445e+00 1.361728e-07
2.446618e+01 1.523711e+00 1.225207e-07
2.446618e+01 2.088426e+00 8.434012e-08
2.446618e+01 2.685505e+00 4.003518e-08
2.49755e+01 1.570796e-02 2.636320e-10
2.49755e+01 2.346256e-02 6.707957e-10
2.49755e+01 3.503514e-02 1.531464e-09
2.49755e+01 5.263151e-02 3.710861e-09
2.49755e+01 7.314235e-02 7.147387e-09
2.49755e+01 1.025928e-01 1.185261e-08
2.49755e+01 1.448116e-01 1.829426e-08
2.49755e+01 2.02346e-01 2.754105e-08
2.49755e+01 2.834245e-01 4.143251e-08
2.49755e+01 3.967448e-01 6.123361e-08
2.49755e+01 5.552783e-01 8.777085e-08
2.49755e+01 7.774819e-01 1.15875e-07
2.49755e+01 1.088445e+00 1.312698e-07
2.49755e+01 1.523711e+00 1.200009e-07
2.49755e+01 2.088426e+00 8.431297e-08
2.49755e+01 2.685505e+00 4.048287e-08
2.549501e+01 1.570796e-02 2.43846e-10
2.549501e+01 2.346256e-02 6.204353e-10
2.549501e+01 3.503514e-02 1.417461e-09
2.549501e+01 5.263151e-02 3.433727e-09
2.549501e+01 7.314235e-02 6.618571e-09
2.549501e+01 1.025928e-01 1.098324e-08
2.549501e+01 1.448116e-01 1.697545e-08
2.549501e+01 2.02346e-01 2.564107e-08
2.549501e+01 2.834245e-01 3.880860e-08
2.549501e+01 3.967448e-01 5.771455e-08
2.549501e+01 5.552783e-01 8.316128e-08
2.549501e+01 7.774819e-01 1.103704e-07
2.549501e+01 1.088445e+00 1.261693e-07
2.549501e+01 1.523711e+00 1.173389e-07
2.549501e+01 2.088426e+00 8.436083e-08
2.549501e+01 2.685505e+00 4.109483e-08
2.602491e+01 1.570796e-02 2.245469e-10
2.602491e+01 2.346256e-02 5.717013e-10
2.602491e+01 3.503514e-02 1.306624e-09
2.602491e+01 5.263151e-02 3.164439e-09
2.602491e+01 7.314235e-02 6.103691e-09
2.602491e+01 1.025928e-01 1.013681e-08
2.602491e+01 1.448116e-01 1.568985e-08
2.602491e+01 2.02346e-01 2.378521e-08
2.602491e+01 2.834245e-01 3.621473e-08
2.602491e+01 3.967448e-01 5.419278e-08
2.602491e+01 5.552783e-01 7.847153e-08
2.602491e+01 7.774819e-01 1.046709e-07
2.602491e+01 1.088445e+00 1.208014e-07
2.602491e+01 1.523711e+00 1.144386e-07
2.602491e+01 2.088426e+00 8.433805e-08
2.602491e+01 2.685505e+00 4.191124e-08
2.656541e+01 1.570796e-02 2.057930e-10
2.656541e+01 2.346256e-02 5.240076e-10
2.656541e+01 3.503514e-02 1.198463e-09
2.656541e+01 5.263151e-02 2.902483e-09
2.656541e+01 7.314235e-02 5.602753e-09
2.656541e+01 1.025928e-01 9.313459e-09
2.656541e+01 1.448116e-01 1.443612e-08
2.656541e+01 2.02346e-01 2.19702e-08
2.656541e+01 2.834245e-01 3.3646e-08
2.656541e+01 3.967448e-01 5.063523e-08
2.656541e+01 5.552783e-01 7.367775e-08
2.656541e+01 7.774819e-01 9.879546e-08
2.656541e+01 1.088445e+00 1.151708e-07
2.656541e+01 1.523711e+00 1.112701e-07
2.656541e+01 2.088426e+00 8.430547e-08
2.656541e+01 2.685505e+00 4.311823e-08
2.711672e+01 1.570796e-02 1.87633e-10
2.711672e+01 2.346256e-02 4.777812e-10
2.711672e+01 3.503514e-02 1.093522e-09
2.711672e+01 5.263151e-02 2.647629e-09
2.711672e+01 7.314235e-02 5.11549e-09
2.711672e+01 1.025928e-01 8.511656e-09
2.711672e+01 1.448116e-01 1.321307e-08
2.711672e+01 2.02346e-01 2.019031e-08
2.711672e+01 2.834245e-01 3.110462e-08
2.711672e+01 3.967448e-01 4.705118e-08
2.711672e+01 5.552783e-01 6.876579e-08
2.711672e+01 7.774819e-01 9.271920e-08
2.711672e+01 1.088445e+00 1.092595e-07
2.711672e+01 1.523711e+00 1.077761e-07
2.711672e+01 2.088426e+00 8.415159e-08
2.711672e+01 2.685505e+00 4.470801e-08
2.767905e+01 1.570796e-02 1.699299e-10
2.767905e+01 2.346256e-02 4.326825e-10
2.767905e+01 3.503514e-02 9.913049e-10
2.767905e+01 5.263151e-02 2.400386e-09
2.767905e+01 7.314235e-02 4.641337e-09
2.767905e+01 1.025928e-01 7.731350e-09
2.767905e+01 1.448116e-01 1.202076e-08
2.767905e+01 2.02346e-01 1.844281e-08
2.767905e+01 2.834245e-01 2.857819e-08
2.767905e+01 3.967448e-01 4.343615e-08
2.767905e+01 5.552783e-01 6.376001e-08
2.767905e+01 7.774819e-01 8.645964e-08
2.767905e+01 1.088445e+00 1.030317e-07
2.767905e+01 1.523711e+00 1.03887e-07
2.767905e+01 2.088426e+00 8.381974e-08
2.767905e+01 2.685505e+00 4.660748e-08
2.825263e+01 1.570796e-02 1.527083e-10
2.825263e+01 2.346256e-02 3.890981e-10
2.825263e+01 3.503514e-02 8.916466e-10
2.825263e+01 5.263151e-02 2.159583e-09
2.825263e+01 7.314235e-02 4.180081e-09
2.825263e+01 1.025928e-01 6.970555e-09
2.825263e+01 1.448116e-01 1.085573e-08
2.825263e+01 2.02346e-01 1.672539e-08
2.825263e+01 2.834245e-01 2.606347e-08
2.825263e+01 3.967448e-01 3.978543e-08
2.825263e+01 5.552783e-01 5.864978e-08
2.825263e+01 7.774819e-01 7.997239e-08
2.825263e+01 1.088445e+00 9.644454e-08
2.825263e+01 1.523711e+00 9.947077e-08
2.825263e+01 2.088426e+00 8.310978e-08
2.825263e+01 2.685505e+00 4.880253e-08
2.883769e+01 1.570796e-02 1.359971e-10
2.883769e+01 2.346256e-02 3.464583e-10
2.883769e+01 3.503514e-02 7.948508e-10
2.883769e+01 5.263151e-02 1.925617e-09
2.883769e+01 7.314235e-02 3.731158e-09
2.883769e+01 1.025928e-01 6.228426e-09
2.883769e+01 1.448116e-01 9.717395e-09
2.883769e+01 2.02346e-01 1.503294e-08
2.883769e+01 2.834245e-01 2.355706e-08
2.883769e+01 3.967448e-01 3.610480e-08
2.883769e+01 5.552783e-01 5.342670e-08
2.883769e+01 7.774819e-01 7.328881e-08
2.883769e+01 1.088445e+00 8.945542e-08
2.883769e+01 1.523711e+00 9.451164e-08
2.883769e+01 2.088426e+00 8.204176e-08
2.883769e+01 2.685505e+00 5.130182e-08
2.943444e+01 1.570796e-02 1.197619e-10
2.943444e+01 2.346256e-02 3.050437e-10
2.943444e+01 3.503514e-02 7.006687e-10
2.943444e+01 5.263151e-02 1.697836e-09
2.943444e+01 7.314235e-02 3.293166e-09
2.943444e+01 1.025928e-01 5.50463e-09
2.943444e+01 1.448116e-01 8.603420e-09
2.943444e+01 2.02346e-01 1.336367e-08
2.943444e+01 2.834245e-01 2.105369e-08
2.943444e+01 3.967448e-01 3.238693e-08
2.943444e+01 5.552783e-01 4.808873e-08
2.943444e+01 7.774819e-01 6.636285e-08
2.943444e+01 1.088445e+00 8.204939e-08
2.943444e+01 1.523711e+00 8.884576e-08
2.943444e+01 2.088426e+00 8.036400e-08
2.943444e+01 2.685505e+00 5.381416e-08
3.004313e+01 1.570796e-02 1.039628e-10
3.004313e+01 2.346256e-02 2.648794e-10
3.004313e+01 3.503514e-02 6.089585e-10
3.004313e+01 5.263151e-02 1.476244e-09
3.004313e+01 7.314235e-02 2.866517e-09
3.004313e+01 1.025928e-01 4.797323e-09
3.004313e+01 1.448116e-01 7.511895e-09
3.004313e+01 2.02346e-01 1.171597e-08
3.004313e+01 2.834245e-01 1.85523e-08
3.004313e+01 3.967448e-01 2.863223e-08
3.004313e+01 5.552783e-01 4.265489e-08
3.004313e+01 7.774819e-01 5.922059e-08
3.004313e+01 1.088445e+00 7.416794e-08
3.004313e+01 1.523711e+00 8.240471e-08
3.004313e+01 2.088426e+00 7.787621e-08
3.004313e+01 2.685505e+00 5.622422e-08
3.066399e+01 1.570796e-02 8.868149e-11
3.066399e+01 2.346256e-02 2.257773e-10
3.066399e+01 3.503514e-02 5.197139e-10
3.066399e+01 5.263151e-02 1.260559e-09
3.066399e+01 7.314235e-02 2.450837e-09
3.066399e+01 1.025928e-01 4.106963e-09
3.066399e+01 1.448116e-01 6.443551e-09
3.066399e+01 2.02346e-01 1.008795e-08
3.066399e+01 2.834245e-01 1.605251e-08
3.066399e+01 3.967448e-01 2.484450e-08
3.066399e+01 5.552783e-01 3.71281e-08
3.066399e+01 7.774819e-01 5.184807e-08
3.066399e+01 1.088445e+00 6.580471e-08
3.066399e+01 1.523711e+00 7.509097e-08
3.066399e+01 2.088426e+00 7.426915e-08
3.066399e+01 2.685505e+00 5.812944e-08
3.129727e+01 1.570796e-02 7.376242e-11
3.129727e+01 2.346256e-02 1.879038e-10
3.129727e+01 3.503514e-02 4.329397e-10
3.129727e+01 5.263151e-02 1.050491e-09
3.129727e+01 7.314235e-02 2.045046e-09
3.129727e+01 1.025928e-01 3.431942e-09
3.129727e+01 1.448116e-01 5.395462e-09
3.129727e+01 2.02346e-01 8.479235e-09
3.129727e+01 2.834245e-01 1.355414e-08
3.129727e+01 3.967448e-01 2.10272e-08
3.129727e+01 5.552783e-01 3.151908e-08
3.129727e+01 7.774819e-01 4.426445e-08
3.129727e+01 1.088445e+00 5.692720e-08
3.129727e+01 1.523711e+00 6.677641e-08
3.129727e+01 2.088426e+00 6.935515e-08
3.129727e+01 2.685505e+00 5.908483e-08
3.194322e+01 1.570796e-02 5.931545e-11
3.194322e+01 2.346256e-02 1.510195e-10
3.194322e+01 3.503514e-02 3.484899e-10
3.194322e+01 5.263151e-02 8.462329e-10
3.194322e+01 7.314235e-02 1.649409e-09
3.194322e+01 1.025928e-01 2.772004e-09
3.194322e+01 1.448116e-01 4.366695e-09
3.194322e+01 2.02346e-01 6.888158e-09
3.194322e+01 2.834245e-01 1.105754e-08
3.194322e+01 3.967448e-01 1.718334e-08
3.194322e+01 5.552783e-01 2.583654e-08
3.194322e+01 7.774819e-01 3.648409e-08
3.194322e+01 1.088445e+00 4.754091e-08
3.194322e+01 1.523711e+00 5.734914e-08
3.194322e+01 2.088426e+00 6.274075e-08
3.194322e+01 2.685505e+00 5.820473e-08
3.260208e+01 1.570796e-02 4.533781e-11
3.260208e+01 2.346256e-02 1.153212e-10
3.260208e+01 3.503514e-02 2.664302e-10
3.260208e+01 5.263151e-02 6.475177e-10
3.260208e+01 7.314235e-02 1.264014e-09
3.260208e+01 1.025928e-01 2.126786e-09
3.260208e+01 1.448116e-01 3.357795e-09
3.260208e+01 2.02346e-01 5.315823e-09
3.260208e+01 2.834245e-01 8.565943e-09
3.260208e+01 3.967448e-01 1.33314e-08
3.260208e+01 5.552783e-01 2.009134e-08
3.260208e+01 7.774819e-01 2.852021e-08
3.260208e+01 1.088445e+00 3.765849e-08
3.260208e+01 1.523711e+00 4.673575e-08
3.260208e+01 2.088426e+00 5.401878e-08
3.260208e+01 2.685505e+00 5.461389e-08
3.327412e+01 1.570796e-02 3.172304e-11
3.327412e+01 2.346256e-02 8.057977e-11
3.327412e+01 3.503514e-02 1.865348e-10
3.327412e+01 5.263151e-02 4.535790e-10
3.327412e+01 7.314235e-02 8.869845e-10
3.327412e+01 1.025928e-01 1.495169e-09
3.327412e+01 1.448116e-01 2.365761e-09
3.327412e+01 2.02346e-01 3.758657e-09
3.327412e+01 2.834245e-01 6.079764e-09
3.327412e+01 3.967448e-01 9.475126e-09
3.327412e+01 5.552783e-01 1.431549e-08
3.327412e+01 7.774819e-01 2.041910e-08
3.327412e+01 1.088445e+00 2.731931e-08
3.327412e+01 1.523711e+00 3.488635e-08
3.327412e+01 2.088426e+00 4.266011e-08
3.327412e+01 2.685505e+00 4.691443e-08
3.395961e+01 1.570796e-02 1.915049e-11
3.395961e+01 2.346256e-02 4.883244e-11
3.395961e+01 3.503514e-02 1.129961e-10
3.395961e+01 5.263151e-02 2.749838e-10
3.395961e+01 7.314235e-02 5.380593e-10
3.395961e+01 1.025928e-01 9.070881e-10
3.395961e+01 1.448116e-01 1.435948e-09
3.395961e+01 2.02346e-01 2.279758e-09
3.395961e+01 2.834245e-01 3.680717e-09
3.395961e+01 3.967448e-01 5.709694e-09
3.395961e+01 5.552783e-01 8.599563e-09
3.395961e+01 7.774819e-01 1.227006e-08
3.395961e+01 1.088445e+00 1.655878e-08
3.395961e+01 1.523711e+00 2.170277e-08
3.395961e+01 2.088426e+00 2.796133e-08
3.395961e+01 2.685505e+00 3.302915e-08
3.46588e+01 1.570796e-02 6.033939e-12
3.46588e+01 2.346256e-02 1.530130e-11
3.46588e+01 3.503514e-02 3.518417e-11
3.46588e+01 5.263151e-02 8.566654e-11
3.46588e+01 7.314235e-02 1.68707e-10
3.46588e+01 1.025928e-01 2.830258e-10
3.46588e+01 1.448116e-01 4.526219e-10
3.46588e+01 2.02346e-01 7.245335e-10
3.46588e+01 2.834245e-01 1.184825e-09
3.46588e+01 3.967448e-01 1.847886e-09
3.46588e+01 5.552783e-01 2.801175e-09
3.46588e+01 7.774819e-01 4.024165e-09
3.46588e+01 1.088445e+00 5.501261e-09
3.46588e+01 1.523711e+00 7.37917e-09
3.46588e+01 2.088426e+00 9.993571e-09
3.46588e+01 2.685505e+00 1.269434e-08
3.537197e+01 1.570796e-02 0.e+00
3.537197e+01 2.346256e-02 0.e+00
3.537197e+01 3.503514e-02 0.e+00
3.537197e+01 5.263151e-02 0.e+00
3.537197e+01 7.314235e-02 0.e+00
3.537197e+01 1.025928e-01 0.e+00
3.537197e+01 1.448116e-01 0.e+00
3.537197e+01 2.02346e-01 0.e+00
3.537197e+01 2.834245e-01 0.e+00
3.537197e+01 3.967448e-01 0.e+00
3.537197e+01 5.552783e-01 0.e+00
3.537197e+01 7.774819e-01 0.e+00
3.537197e+01 1.088445e+00 0.e+00
3.537197e+01 1.523711e+00 0.e+00
3.537197e+01 2.088426e+00 0.e+00
3.537197e+01 2.685505e+00 0.e+00
