5.e+00 1.570796e-02 0.e+00
5.e+00 2.346256e-02 0.e+00
5.e+00 3.503514e-02 0.e+00
5.e+00 5.263151e-02 0.e+00
5.e+00 7.314235e-02 0.e+00
5.e+00 1.025928e-01 0.e+00
5.e+00 1.448116e-01 0.e+00
5.e+00 2.023460e-01 0.e+00
5.e+00 2.834245e-01 0.e+00
5.e+00 3.967448e-01 0.e+00
5.e+00 5.552783e-01 0.e+00
5.e+00 7.774819e-01 0.e+00
5.e+00 1.088445e+00 0.e+00
5.e+00 1.523711e+00 0.e+00
5.e+00 2.088426e+00 0.e+00
5.e+00 2.685505e+00 0.e+00
5.12e+00 1.570796e-02 0.e+00
5.12e+00 2.346256e-02 0.e+00
5.12e+00 3.503514e-02 0.e+00
5.12e+00 5.263151e-02 0.e+00
5.12e+00 7.314235e-02 0.e+00
5.12e+00 1.025928e-01 0.e+00
5.12e+00 1.448116e-01 0.e+00
5.12e+00 2.023460e-01 0.e+00
5.12e+00 2.834245e-01 0.e+00
5.12e+00 3.967448e-01 0.e+00
5.12e+00 5.552783e-01 0.e+00
5.12e+00 7.774819e-01 0.e+00
5.12e+00 1.088445e+00 0.e+00
5.12e+00 1.523711e+00 0.e+00
5.12e+00 2.088426e+00 0.e+00
5.12e+00 2.685505e+00 0.e+00
5.2424e+00 1.570796e-02 -9.284227e-08
5.2424e+00 2.346256e-02 -6.473848e-08
5.2424e+00 3.503514e-02 1.082271e-08
5.2424e+00 5.263151e-02 -6.495122e-07
5.2424e+00 7.314235e-02 -1.591668e-06
5.2424e+00 1.025928e-01 -1.485793e-07
5.2424e+00 1.448116e-01 4.775684e-07
5.2424e+00 2.023460e-01 -1.057073e-06
5.2424e+00 2.834245e-01 2.242695e-07
5.2424e+00 3.967448e-01 -2.306450e-06
5.2424e+00 5.552783e-01 2.632394e-07
5.2424e+00 7.774819e-01 1.528030e-07
5.2424e+00 1.088445e+00 -1.766485e-07
5.2424e+00 1.523711e+00 -2.499902e-07
5.2424e+00 2.088426e+00 -2.622345e-07
5.2424e+00 2.685505e+00 1.208008e-07
5.367248e+00 1.570796e-02 -3.744389e-05
5.367248e+00 2.346256e-02 -5.247083e-05
5.367248e+00 3.503514e-02 -2.596662e-04
5.367248e+00 5.263151e-02 -1.511113e-04
5.367248e+00 7.314235e-02 -1.949128e-04
5.367248e+00 1.025928e-01 -2.453976e-04
5.367248e+00 1.448116e-01 -2.602980e-04
5.367248e+00 2.023460e-01 -2.083875e-04
5.367248e+00 2.834245e-01 -1.997387e-04
5.367248e+00 3.967448e-01 -1.936956e-04
5.367248e+00 5.552783e-01 -1.650215e-04
5.367248e+00 7.774819e-01 -1.498647e-04
5.367248e+00 1.088445e+00 -1.557522e-04
5.367248e+00 1.523711e+00 -1.464086e-04
5.367248e+00 2.088426e+00 -1.551311e-04
5.367248e+00 2.685505e+00 -1.604643e-04
5.494593e+00 1.570796e-02 -1.290027e-04
5.494593e+00 2.346256e-02 -1.6866e-04
5.494593e+00 3.503514e-02 -1.312143e-03
5.494593e+00 5.263151e-02 -1.380908e-03
5.494593e+00 7.314235e-02 -1.001003e-03
5.494593e+00 1.025928e-01 -1.431987e-03
5.494593e+00 1.448116e-01 -1.530761e-03
5.494593e+00 2.023460e-01 -1.378125e-03
5.494593e+00 2.834245e-01 -1.251656e-03
5.494593e+00 3.967448e-01 -1.306138e-03
5.494593e+00 5.552783e-01 -1.101215e-03
5.494593e+00 7.774819e-01 -9.660598e-04
5.494593e+00 1.088445e+00 -9.118227e-04
5.494593e+00 1.523711e+00 -8.651146e-04
5.494593e+00 2.088426e+00 -9.133288e-04
5.494593e+00 2.685505e+00 -9.443072e-04
5.624485e+00 1.570796e-02 -2.086611e-04
5.624485e+00 2.346256e-02 -5.522368e-04
5.624485e+00 3.503514e-02 -2.261988e-03
5.624485e+00 5.263151e-02 -3.424023e-03
5.624485e+00 7.314235e-02 -2.911889e-03
5.624485e+00 1.025928e-01 -3.463476e-03
5.624485e+00 1.448116e-01 -4.066611e-03
5.624485e+00 2.023460e-01 -3.771157e-03
5.624485e+00 2.834245e-01 -3.580336e-03
5.624485e+00 3.967448e-01 -3.280544e-03
5.624485e+00 5.552783e-01 -2.888610e-03
5.624485e+00 7.774819e-01 -2.582619e-03
5.624485e+00 1.088445e+00 -2.339096e-03
5.624485e+00 1.523711e+00 -2.185036e-03
5.624485e+00 2.088426e+00 -2.289349e-03
5.624485e+00 2.685505e+00 -2.336139e-03
5.756975e+00 1.570796e-02 -2.521232e-04
5.756975e+00 2.346256e-02 -8.028369e-04
5.756975e+00 3.503514e-02 -3.171484e-03
5.756975e+00 5.263151e-02 -5.23827e-03
5.756975e+00 7.314235e-02 -5.332401e-03
5.756975e+00 1.025928e-01 -6.683889e-03
5.756975e+00 1.448116e-01 -7.468666e-03
5.756975e+00 2.023460e-01 -7.002091e-03
5.756975e+00 2.834245e-01 -6.76207e-03
5.756975e+00 3.967448e-01 -6.342002e-03
5.756975e+00 5.552783e-01 -5.645517e-03
5.756975e+00 7.774819e-01 -4.994027e-03
5.756975e+00 1.088445e+00 -4.423399e-03
5.756975e+00 1.523711e+00 -4.092127e-03
5.756975e+00 2.088426e+00 -4.281374e-03
5.756975e+00 2.685505e+00 -4.335961e-03
5.892114e+00 1.570796e-02 -2.608578e-04
5.892114e+00 2.346256e-02 -9.035198e-04
5.892114e+00 3.503514e-02 -3.970030e-03
5.892114e+00 5.263151e-02 -6.810565e-03
5.892114e+00 7.314235e-02 -7.740383e-03
5.892114e+00 1.025928e-01 -1.084717e-02
5.892114e+00 1.448116e-01 -1.134962e-02
5.892114e+00 2.023460e-01 -1.130486e-02
5.892114e+00 2.834245e-01 -1.106616e-02
5.892114e+00 3.967448e-01 -1.032427e-02
5.892114e+00 5.552783e-01 -9.217249e-03
5.892114e+00 7.774819e-01 -8.126184e-03
5.892114e+00 1.088445e+00 -7.136024e-03
5.892114e+00 1.523711e+00 -6.51146e-03
5.892114e+00 2.088426e+00 -6.751461e-03
5.892114e+00 2.685505e+00 -6.819096e-03
6.029956e+00 1.570796e-02 -2.553938e-04
6.029956e+00 2.346256e-02 -8.825422e-04
6.029956e+00 3.503514e-02 -4.368878e-03
6.029956e+00 5.263151e-02 -7.923283e-03
6.029956e+00 7.314235e-02 -9.541969e-03
6.029956e+00 1.025928e-01 -1.456138e-02
6.029956e+00 1.448116e-01 -1.510697e-02
6.029956e+00 2.023460e-01 -1.548932e-02
6.029956e+00 2.834245e-01 -1.547548e-02
6.029956e+00 3.967448e-01 -1.466215e-02
6.029956e+00 5.552783e-01 -1.310084e-02
6.029956e+00 7.774819e-01 -1.159925e-02
6.029956e+00 1.088445e+00 -1.006987e-02
6.029956e+00 1.523711e+00 -9.138701e-03
6.029956e+00 2.088426e+00 -9.371868e-03
6.029956e+00 2.685505e+00 -9.41945e-03
6.170555e+00 1.570796e-02 -2.254861e-04
6.170555e+00 2.346256e-02 -8.948666e-04
6.170555e+00 3.503514e-02 -4.391725e-03
6.170555e+00 5.263151e-02 -8.558333e-03
6.170555e+00 7.314235e-02 -1.099904e-02
6.170555e+00 1.025928e-01 -1.713998e-02
6.170555e+00 1.448116e-01 -1.844841e-02
6.170555e+00 2.023460e-01 -1.921379e-02
6.170555e+00 2.834245e-01 -1.977101e-02
6.170555e+00 3.967448e-01 -1.926344e-02
6.170555e+00 5.552783e-01 -1.721951e-02
6.170555e+00 7.774819e-01 -1.520250e-02
6.170555e+00 1.088445e+00 -1.317299e-02
6.170555e+00 1.523711e+00 -1.181153e-02
6.170555e+00 2.088426e+00 -1.205846e-02
6.170555e+00 2.685505e+00 -1.196751e-02
6.313967e+00 1.570796e-02 -1.945162e-04
6.313967e+00 2.346256e-02 -8.200666e-04
6.313967e+00 3.503514e-02 -4.046804e-03
6.313967e+00 5.263151e-02 -8.754458e-03
6.313967e+00 7.314235e-02 -1.196371e-02
6.313967e+00 1.025928e-01 -1.916967e-02
6.313967e+00 1.448116e-01 -2.131591e-02
6.313967e+00 2.023460e-01 -2.285559e-02
6.313967e+00 2.834245e-01 -2.398967e-02
6.313967e+00 3.967448e-01 -2.369765e-02
6.313967e+00 5.552783e-01 -2.141462e-02
6.313967e+00 7.774819e-01 -1.898746e-02
6.313967e+00 1.088445e+00 -1.636203e-02
6.313967e+00 1.523711e+00 -1.461237e-02
6.313967e+00 2.088426e+00 -1.477536e-02
6.313967e+00 2.685505e+00 -1.451633e-02
6.460246e+00 1.570796e-02 -1.752003e-04
6.460246e+00 2.346256e-02 -7.799584e-04
6.460246e+00 3.503514e-02 -3.826106e-03
6.460246e+00 5.263151e-02 -8.622031e-03
6.460246e+00 7.314235e-02 -1.214207e-02
6.460246e+00 1.025928e-01 -2.009797e-02
6.460246e+00 1.448116e-01 -2.320545e-02
6.460246e+00 2.023460e-01 -2.557302e-02
6.460246e+00 2.834245e-01 -2.739967e-02
6.460246e+00 3.967448e-01 -2.764184e-02
6.460246e+00 5.552783e-01 -2.533753e-02
6.460246e+00 7.774819e-01 -2.254792e-02
6.460246e+00 1.088445e+00 -1.937402e-02
6.460246e+00 1.523711e+00 -1.720145e-02
6.460246e+00 2.088426e+00 -1.728416e-02
6.460246e+00 2.685505e+00 -1.686304e-02
6.609451e+00 1.570796e-02 -1.723974e-04
6.609451e+00 2.346256e-02 -7.494400e-04
6.609451e+00 3.503514e-02 -3.583908e-03
6.609451e+00 5.263151e-02 -8.255226e-03
6.609451e+00 7.314235e-02 -1.187612e-02
6.609451e+00 1.025928e-01 -2.032719e-02
6.609451e+00 1.448116e-01 -2.444606e-02
6.609451e+00 2.023460e-01 -2.762524e-02
6.609451e+00 2.834245e-01 -3.040660e-02
6.609451e+00 3.967448e-01 -3.109912e-02
6.609451e+00 5.552783e-01 -2.894478e-02
6.609451e+00 7.774819e-01 -2.595234e-02
6.609451e+00 1.088445e+00 -2.223293e-02
6.609451e+00 1.523711e+00 -1.970412e-02
6.609451e+00 2.088426e+00 -1.962736e-02
6.609451e+00 2.685505e+00 -1.903287e-02
6.76164e+00 1.570796e-02 -1.626159e-04
6.76164e+00 2.346256e-02 -7.079189e-04
6.76164e+00 3.503514e-02 -3.382806e-03
6.76164e+00 5.263151e-02 -7.824318e-03
6.76164e+00 7.314235e-02 -1.133234e-02
6.76164e+00 1.025928e-01 -1.992581e-02
6.76164e+00 1.448116e-01 -2.494161e-02
6.76164e+00 2.023460e-01 -2.900960e-02
6.76164e+00 2.834245e-01 -3.262461e-02
6.76164e+00 3.967448e-01 -3.389247e-02
6.76164e+00 5.552783e-01 -3.207548e-02
6.76164e+00 7.774819e-01 -2.893362e-02
6.76164e+00 1.088445e+00 -2.480996e-02
6.76164e+00 1.523711e+00 -2.198065e-02
6.76164e+00 2.088426e+00 -2.173159e-02
6.76164e+00 2.685505e+00 -2.087264e-02
6.916873e+00 1.570796e-02 -1.486562e-04
6.916873e+00 2.346256e-02 -6.660429e-04
6.916873e+00 3.503514e-02 -3.182991e-03
6.916873e+00 5.263151e-02 -7.377923e-03
6.916873e+00 7.314235e-02 -1.073033e-02
6.916873e+00 1.025928e-01 -1.916237e-02
6.916873e+00 1.448116e-01 -2.478349e-02
6.916873e+00 2.023460e-01 -2.969105e-02
6.916873e+00 2.834245e-01 -3.425135e-02
6.916873e+00 3.967448e-01 -3.601496e-02
6.916873e+00 5.552783e-01 -3.470911e-02
6.916873e+00 7.774819e-01 -3.161248e-02
6.916873e+00 1.088445e+00 -2.717369e-02
6.916873e+00 1.523711e+00 -2.405849e-02
6.916873e+00 2.088426e+00 -2.358717e-02
6.916873e+00 2.685505e+00 -2.245134e-02
7.075210e+00 1.570796e-02 -1.323715e-04
7.075210e+00 2.346256e-02 -6.17724e-04
7.075210e+00 3.503514e-02 -2.959383e-03
7.075210e+00 5.263151e-02 -6.856251e-03
7.075210e+00 7.314235e-02 -1.003265e-02
7.075210e+00 1.025928e-01 -1.820174e-02
7.075210e+00 1.448116e-01 -2.423821e-02
7.075210e+00 2.023460e-01 -2.978059e-02
7.075210e+00 2.834245e-01 -3.529062e-02
7.075210e+00 3.967448e-01 -3.769624e-02
7.075210e+00 5.552783e-01 -3.688484e-02
7.075210e+00 7.774819e-01 -3.388843e-02
7.075210e+00 1.088445e+00 -2.933727e-02
7.075210e+00 1.523711e+00 -2.589892e-02
7.075210e+00 2.088426e+00 -2.52885e-02
7.075210e+00 2.685505e+00 -2.383302e-02
7.236714e+00 1.570796e-02 -1.226311e-04
7.236714e+00 2.346256e-02 -5.700207e-04
7.236714e+00 3.503514e-02 -2.741386e-03
7.236714e+00 5.263151e-02 -6.336874e-03
7.236714e+00 7.314235e-02 -9.308387e-03
7.236714e+00 1.025928e-01 -1.715700e-02
7.236714e+00 1.448116e-01 -2.336203e-02
7.236714e+00 2.023460e-01 -2.931213e-02
7.236714e+00 2.834245e-01 -3.569666e-02
7.236714e+00 3.967448e-01 -3.875859e-02
7.236714e+00 5.552783e-01 -3.849735e-02
7.236714e+00 7.774819e-01 -3.579694e-02
7.236714e+00 1.088445e+00 -3.118609e-02
7.236714e+00 1.523711e+00 -2.754886e-02
7.236714e+00 2.088426e+00 -2.675898e-02
7.236714e+00 2.685505e+00 -2.493747e-02
7.401449e+00 1.570796e-02 -1.116854e-04
7.401449e+00 2.346256e-02 -5.197399e-04
7.401449e+00 3.503514e-02 -2.534736e-03
7.401449e+00 5.263151e-02 -5.850919e-03
7.401449e+00 7.314235e-02 -8.587928e-03
7.401449e+00 1.025928e-01 -1.606162e-02
7.401449e+00 1.448116e-01 -2.219511e-02
7.401449e+00 2.023460e-01 -2.846347e-02
7.401449e+00 2.834245e-01 -3.556024e-02
7.401449e+00 3.967448e-01 -3.927749e-02
7.401449e+00 5.552783e-01 -3.969798e-02
7.401449e+00 7.774819e-01 -3.72936e-02
7.401449e+00 1.088445e+00 -3.270376e-02
7.401449e+00 1.523711e+00 -2.896969e-02
7.401449e+00 2.088426e+00 -2.806487e-02
7.401449e+00 2.685505e+00 -2.595582e-02
7.569477e+00 1.570796e-02 -1.001482e-04
7.569477e+00 2.346256e-02 -4.814813e-04
7.569477e+00 3.503514e-02 -2.339183e-03
7.569477e+00 5.263151e-02 -5.405099e-03
7.569477e+00 7.314235e-02 -7.910391e-03
7.569477e+00 1.025928e-01 -1.490919e-02
7.569477e+00 1.448116e-01 -2.088285e-02
7.569477e+00 2.023460e-01 -2.734325e-02
7.569477e+00 2.834245e-01 -3.496892e-02
7.569477e+00 3.967448e-01 -3.931112e-02
7.569477e+00 5.552783e-01 -4.041919e-02
7.569477e+00 7.774819e-01 -3.83758e-02
7.569477e+00 1.088445e+00 -3.39352e-02
7.569477e+00 1.523711e+00 -3.018515e-02
7.569477e+00 2.088426e+00 -2.921329e-02
7.569477e+00 2.685505e+00 -2.671104e-02
7.740867e+00 1.570796e-02 -9.129836e-05
7.740867e+00 2.346256e-02 -4.440707e-04
7.740867e+00 3.503514e-02 -2.164807e-03
7.740867e+00 5.263151e-02 -4.994641e-03
7.740867e+00 7.314235e-02 -7.296439e-03
7.740867e+00 1.025928e-01 -1.381329e-02
7.740867e+00 1.448116e-01 -1.949927e-02
7.740867e+00 2.023460e-01 -2.599211e-02
7.740867e+00 2.834245e-01 -3.397768e-02
7.740867e+00 3.967448e-01 -3.889057e-02
7.740867e+00 5.552783e-01 -4.06751e-02
7.740867e+00 7.774819e-01 -3.907770e-02
7.740867e+00 1.088445e+00 -3.489437e-02
7.740867e+00 1.523711e+00 -3.118433e-02
7.740867e+00 2.088426e+00 -3.013984e-02
7.740867e+00 2.685505e+00 -2.741254e-02
7.915684e+00 1.570796e-02 -8.319243e-05
7.915684e+00 2.346256e-02 -4.107924e-04
7.915684e+00 3.503514e-02 -2.001908e-03
7.915684e+00 5.263151e-02 -4.618674e-03
7.915684e+00 7.314235e-02 -6.712082e-03
7.915684e+00 1.025928e-01 -1.277955e-02
7.915684e+00 1.448116e-01 -1.812096e-02
7.915684e+00 2.023460e-01 -2.451276e-02
7.915684e+00 2.834245e-01 -3.268367e-02
7.915684e+00 3.967448e-01 -3.813316e-02
7.915684e+00 5.552783e-01 -4.055067e-02
7.915684e+00 7.774819e-01 -3.941215e-02
7.915684e+00 1.088445e+00 -3.554044e-02
7.915684e+00 1.523711e+00 -3.194524e-02
7.915684e+00 2.088426e+00 -3.088449e-02
7.915684e+00 2.685505e+00 -2.792934e-02
8.093998e+00 1.570796e-02 -7.715334e-05
8.093998e+00 2.346256e-02 -3.841204e-04
8.093998e+00 3.503514e-02 -1.8526e-03
8.093998e+00 5.263151e-02 -4.269583e-03
8.093998e+00 7.314235e-02 -6.177659e-03
8.093998e+00 1.025928e-01 -1.180231e-02
8.093998e+00 1.448116e-01 -1.678395e-02
8.093998e+00 2.023460e-01 -2.297043e-02
8.093998e+00 2.834245e-01 -3.112222e-02
8.093998e+00 3.967448e-01 -3.707023e-02
8.093998e+00 5.552783e-01 -4.004986e-02
8.093998e+00 7.774819e-01 -3.942093e-02
8.093998e+00 1.088445e+00 -3.591068e-02
8.093998e+00 1.523711e+00 -3.248147e-02
8.093998e+00 2.088426e+00 -3.145991e-02
8.093998e+00 2.685505e+00 -2.829077e-02
8.275878e+00 1.570796e-02 -7.146326e-05
8.275878e+00 2.346256e-02 -3.561843e-04
8.275878e+00 3.503514e-02 -1.702705e-03
8.275878e+00 5.263151e-02 -3.942026e-03
8.275878e+00 7.314235e-02 -5.690060e-03
8.275878e+00 1.025928e-01 -1.088426e-02
8.275878e+00 1.448116e-01 -1.551471e-02
8.275878e+00 2.023460e-01 -2.141884e-02
8.275878e+00 2.834245e-01 -2.945032e-02
8.275878e+00 3.967448e-01 -3.572661e-02
8.275878e+00 5.552783e-01 -3.921528e-02
8.275878e+00 7.774819e-01 -3.908086e-02
8.275878e+00 1.088445e+00 -3.597608e-02
8.275878e+00 1.523711e+00 -3.288848e-02
8.275878e+00 2.088426e+00 -3.186243e-02
8.275878e+00 2.685505e+00 -2.845626e-02
8.461396e+00 1.570796e-02 -6.511928e-05
8.461396e+00 2.346256e-02 -3.283536e-04
8.461396e+00 3.503514e-02 -1.565646e-03
8.461396e+00 5.263151e-02 -3.640634e-03
8.461396e+00 7.314235e-02 -5.243657e-03
8.461396e+00 1.025928e-01 -1.00333e-02
8.461396e+00 1.448116e-01 -1.430595e-02
8.461396e+00 2.023460e-01 -1.990480e-02
8.461396e+00 2.834245e-01 -2.768992e-02
8.461396e+00 3.967448e-01 -3.417807e-02
8.461396e+00 5.552783e-01 -3.808661e-02
8.461396e+00 7.774819e-01 -3.844030e-02
8.461396e+00 1.088445e+00 -3.580138e-02
8.461396e+00 1.523711e+00 -3.300791e-02
8.461396e+00 2.088426e+00 -3.208198e-02
8.461396e+00 2.685505e+00 -2.849537e-02
8.650623e+00 1.570796e-02 -5.921830e-05
8.650623e+00 2.346256e-02 -3.02662e-04
8.650623e+00 3.503514e-02 -1.436899e-03
8.650623e+00 5.263151e-02 -3.360315e-03
8.650623e+00 7.314235e-02 -4.839176e-03
8.650623e+00 1.025928e-01 -9.227397e-03
8.650623e+00 1.448116e-01 -1.318119e-02
8.650623e+00 2.023460e-01 -1.846682e-02
8.650623e+00 2.834245e-01 -2.590577e-02
8.650623e+00 3.967448e-01 -3.24628e-02
8.650623e+00 5.552783e-01 -3.67201e-02
8.650623e+00 7.774819e-01 -3.756864e-02
8.650623e+00 1.088445e+00 -3.538054e-02
8.650623e+00 1.523711e+00 -3.297134e-02
8.650623e+00 2.088426e+00 -3.214793e-02
8.650623e+00 2.685505e+00 -2.838554e-02
8.843636e+00 1.570796e-02 -5.39894e-05
8.843636e+00 2.346256e-02 -2.778130e-04
8.843636e+00 3.503514e-02 -1.31986e-03
8.843636e+00 5.263151e-02 -3.095722e-03
8.843636e+00 7.314235e-02 -4.461319e-03
8.843636e+00 1.025928e-01 -8.486094e-03
8.843636e+00 1.448116e-01 -1.213162e-02
8.843636e+00 2.023460e-01 -1.708582e-02
8.843636e+00 2.834245e-01 -2.414708e-02
8.843636e+00 3.967448e-01 -3.063975e-02
8.843636e+00 5.552783e-01 -3.516013e-02
8.843636e+00 7.774819e-01 -3.645721e-02
8.843636e+00 1.088445e+00 -3.477380e-02
8.843636e+00 1.523711e+00 -3.276858e-02
8.843636e+00 2.088426e+00 -3.206487e-02
8.843636e+00 2.685505e+00 -2.818639e-02
9.040509e+00 1.570796e-02 -4.915588e-05
9.040509e+00 2.346256e-02 -2.552503e-04
9.040509e+00 3.503514e-02 -1.21106e-03
9.040509e+00 5.263151e-02 -2.846664e-03
9.040509e+00 7.314235e-02 -4.106375e-03
9.040509e+00 1.025928e-01 -7.792756e-03
9.040509e+00 1.448116e-01 -1.115515e-02
9.040509e+00 2.023460e-01 -1.576881e-02
9.040509e+00 2.834245e-01 -2.242384e-02
9.040509e+00 3.967448e-01 -2.877729e-02
9.040509e+00 5.552783e-01 -3.348066e-02
9.040509e+00 7.774819e-01 -3.517096e-02
9.040509e+00 1.088445e+00 -3.397431e-02
9.040509e+00 1.523711e+00 -3.238719e-02
9.040509e+00 2.088426e+00 -3.186395e-02
9.040509e+00 2.685505e+00 -2.788779e-02
9.241319e+00 1.570796e-02 -4.493782e-05
9.241319e+00 2.346256e-02 -2.333357e-04
9.241319e+00 3.503514e-02 -1.109822e-03
9.241319e+00 5.263151e-02 -2.613383e-03
9.241319e+00 7.314235e-02 -3.769138e-03
9.241319e+00 1.025928e-01 -7.140139e-03
9.241319e+00 1.448116e-01 -1.024430e-02
9.241319e+00 2.023460e-01 -1.451762e-02
9.241319e+00 2.834245e-01 -2.076314e-02
9.241319e+00 3.967448e-01 -2.690149e-02
9.241319e+00 5.552783e-01 -3.171648e-02
9.241319e+00 7.774819e-01 -3.375293e-02
9.241319e+00 1.088445e+00 -3.298167e-02
9.241319e+00 1.523711e+00 -3.187935e-02
9.241319e+00 2.088426e+00 -3.150534e-02
9.241319e+00 2.685505e+00 -2.750022e-02
9.446145e+00 1.570796e-02 -4.129243e-05
9.446145e+00 2.346256e-02 -2.136020e-04
9.446145e+00 3.503514e-02 -1.015542e-03
9.446145e+00 5.263151e-02 -2.397188e-03
9.446145e+00 7.314235e-02 -3.455796e-03
9.446145e+00 1.025928e-01 -6.54241e-03
9.446145e+00 1.448116e-01 -9.395002e-03
9.446145e+00 2.023460e-01 -1.333119e-02
9.446145e+00 2.834245e-01 -1.916317e-02
9.446145e+00 3.967448e-01 -2.502587e-02
9.446145e+00 5.552783e-01 -2.9876e-02
9.446145e+00 7.774819e-01 -3.220156e-02
9.446145e+00 1.088445e+00 -3.188840e-02
9.446145e+00 1.523711e+00 -3.118008e-02
9.446145e+00 2.088426e+00 -3.096323e-02
9.446145e+00 2.685505e+00 -2.690911e-02
9.655068e+00 1.570796e-02 -3.776076e-05
9.655068e+00 2.346256e-02 -1.933354e-04
9.655068e+00 3.503514e-02 -9.284449e-04
9.655068e+00 5.263151e-02 -2.195771e-03
9.655068e+00 7.314235e-02 -3.167178e-03
9.655068e+00 1.025928e-01 -5.990475e-03
9.655068e+00 1.448116e-01 -8.606278e-03
9.655068e+00 2.023460e-01 -1.222497e-02
9.655068e+00 2.834245e-01 -1.763813e-02
9.655068e+00 3.967448e-01 -2.318559e-02
9.655068e+00 5.552783e-01 -2.798199e-02
9.655068e+00 7.774819e-01 -3.054764e-02
9.655068e+00 1.088445e+00 -3.067718e-02
9.655068e+00 1.523711e+00 -3.033608e-02
9.655068e+00 2.088426e+00 -3.031026e-02
9.655068e+00 2.685505e+00 -2.624774e-02
9.86817e+00 1.570796e-02 -3.451205e-05
9.86817e+00 2.346256e-02 -1.764644e-04
9.86817e+00 3.503514e-02 -8.475348e-04
9.86817e+00 5.263151e-02 -2.011872e-03
9.86817e+00 7.314235e-02 -2.892674e-03
9.86817e+00 1.025928e-01 -5.47295e-03
9.86817e+00 1.448116e-01 -7.864489e-03
9.86817e+00 2.023460e-01 -1.118764e-02
9.86817e+00 2.834245e-01 -1.619603e-02
9.86817e+00 3.967448e-01 -2.140329e-02
9.86817e+00 5.552783e-01 -2.608881e-02
9.86817e+00 7.774819e-01 -2.883908e-02
9.86817e+00 1.088445e+00 -2.932429e-02
9.86817e+00 1.523711e+00 -2.942393e-02
9.86817e+00 2.088426e+00 -2.953852e-02
9.86817e+00 2.685505e+00 -2.549316e-02
1.008553e+01 1.570796e-02 -3.155354e-05
1.008553e+01 2.346256e-02 -1.591419e-04
1.008553e+01 3.503514e-02 -7.718833e-04
1.008553e+01 5.263151e-02 -1.834715e-03
1.008553e+01 7.314235e-02 -2.639064e-03
1.008553e+01 1.025928e-01 -4.991310e-03
1.008553e+01 1.448116e-01 -7.179194e-03
1.008553e+01 2.023460e-01 -1.022493e-02
1.008553e+01 2.834245e-01 -1.484174e-02
1.008553e+01 3.967448e-01 -1.969679e-02
1.008553e+01 5.552783e-01 -2.422162e-02
1.008553e+01 7.774819e-01 -2.708194e-02
1.008553e+01 1.088445e+00 -2.791874e-02
1.008553e+01 1.523711e+00 -2.837667e-02
1.008553e+01 2.088426e+00 -2.865537e-02
1.008553e+01 2.685505e+00 -2.467512e-02
1.030724e+01 1.570796e-02 -2.855275e-05
1.030724e+01 2.346256e-02 -1.442326e-04
1.030724e+01 3.503514e-02 -7.02244e-04
1.030724e+01 5.263151e-02 -1.670642e-03
1.030724e+01 7.314235e-02 -2.406371e-03
1.030724e+01 1.025928e-01 -4.540708e-03
1.030724e+01 1.448116e-01 -6.534440e-03
1.030724e+01 2.023460e-01 -9.318748e-03
1.030724e+01 2.834245e-01 -1.356242e-02
1.030724e+01 3.967448e-01 -1.805525e-02
1.030724e+01 5.552783e-01 -2.238698e-02
1.030724e+01 7.774819e-01 -2.532617e-02
1.030724e+01 1.088445e+00 -2.645389e-02
1.030724e+01 1.523711e+00 -2.728109e-02
1.030724e+01 2.088426e+00 -2.767116e-02
1.030724e+01 2.685505e+00 -2.385881e-02
1.053339e+01 1.570796e-02 -2.585116e-05
1.053339e+01 2.346256e-02 -1.298878e-04
1.053339e+01 3.503514e-02 -6.372962e-04
1.053339e+01 5.263151e-02 -1.521801e-03
1.053339e+01 7.314235e-02 -2.185381e-03
1.053339e+01 1.025928e-01 -4.122496e-03
1.053339e+01 1.448116e-01 -5.945322e-03
1.053339e+01 2.023460e-01 -8.480069e-03
1.053339e+01 2.834245e-01 -1.236783e-02
1.053339e+01 3.967448e-01 -1.651109e-02
1.053339e+01 5.552783e-01 -2.060842e-02
1.053339e+01 7.774819e-01 -2.358448e-02
1.053339e+01 1.088445e+00 -2.496667e-02
1.053339e+01 1.523711e+00 -2.607882e-02
1.053339e+01 2.088426e+00 -2.657022e-02
1.053339e+01 2.685505e+00 -2.293727e-02
1.076406e+01 1.570796e-02 -2.356659e-05
1.076406e+01 2.346256e-02 -1.179432e-04
1.076406e+01 3.503514e-02 -5.787405e-04
1.076406e+01 5.263151e-02 -1.380655e-03
1.076406e+01 7.314235e-02 -1.980194e-03
1.076406e+01 1.025928e-01 -3.734412e-03
1.076406e+01 1.448116e-01 -5.390206e-03
1.076406e+01 2.023460e-01 -7.696896e-03
1.076406e+01 2.834245e-01 -1.125053e-02
1.076406e+01 3.967448e-01 -1.505222e-02
1.076406e+01 5.552783e-01 -1.889662e-02
1.076406e+01 7.774819e-01 -2.183618e-02
1.076406e+01 1.088445e+00 -2.343679e-02
1.076406e+01 1.523711e+00 -2.478999e-02
1.076406e+01 2.088426e+00 -2.541608e-02
1.076406e+01 2.685505e+00 -2.191403e-02
1.099934e+01 1.570796e-02 -2.126948e-05
1.099934e+01 2.346256e-02 -1.064366e-04
1.099934e+01 3.503514e-02 -5.240235e-04
1.099934e+01 5.263151e-02 -1.248821e-03
1.099934e+01 7.314235e-02 -1.791321e-03
1.099934e+01 1.025928e-01 -3.373342e-03
1.099934e+01 1.448116e-01 -4.8744e-03
1.099934e+01 2.023460e-01 -6.963865e-03
1.099934e+01 2.834245e-01 -1.019792e-02
1.099934e+01 3.967448e-01 -1.367918e-02
1.099934e+01 5.552783e-01 -1.726742e-02
1.099934e+01 7.774819e-01 -2.014602e-02
1.099934e+01 1.088445e+00 -2.189528e-02
1.099934e+01 1.523711e+00 -2.343711e-02
1.099934e+01 2.088426e+00 -2.420052e-02
1.099934e+01 2.685505e+00 -2.082919e-02
1.123932e+01 1.570796e-02 -1.905359e-05
1.123932e+01 2.346256e-02 -9.581449e-05
1.123932e+01 3.503514e-02 -4.724934e-04
1.123932e+01 5.263151e-02 -1.127538e-03
1.123932e+01 7.314235e-02 -1.616008e-03
1.123932e+01 1.025928e-01 -3.039367e-03
1.123932e+01 1.448116e-01 -4.399492e-03
1.123932e+01 2.023460e-01 -6.291116e-03
1.123932e+01 2.834245e-01 -9.212526e-03
1.123932e+01 3.967448e-01 -1.238671e-02
1.123932e+01 5.552783e-01 -1.570927e-02
1.123932e+01 7.774819e-01 -1.849169e-02
1.123932e+01 1.088445e+00 -2.036278e-02
1.123932e+01 1.523711e+00 -2.205484e-02
1.123932e+01 2.088426e+00 -2.291034e-02
1.123932e+01 2.685505e+00 -1.969352e-02
1.148411e+01 1.570796e-02 -1.68645e-05
1.148411e+01 2.346256e-02 -8.528347e-05
1.148411e+01 3.503514e-02 -4.242293e-04
1.148411e+01 5.263151e-02 -1.018207e-03
1.148411e+01 7.314235e-02 -1.456376e-03
1.148411e+01 1.025928e-01 -2.734628e-03
1.148411e+01 1.448116e-01 -3.963442e-03
1.148411e+01 2.023460e-01 -5.664482e-03
1.148411e+01 2.834245e-01 -8.304418e-03
1.148411e+01 3.967448e-01 -1.117912e-02
1.148411e+01 5.552783e-01 -1.42416e-02
1.148411e+01 7.774819e-01 -1.690348e-02
1.148411e+01 1.088445e+00 -1.885324e-02
1.148411e+01 1.523711e+00 -2.066309e-02
1.148411e+01 2.088426e+00 -2.160871e-02
1.148411e+01 2.685505e+00 -1.863745e-02
1.173379e+01 1.570796e-02 -1.517318e-05
1.173379e+01 2.346256e-02 -7.621125e-05
1.173379e+01 3.503514e-02 -3.789478e-04
1.173379e+01 5.263151e-02 -9.138623e-04
1.173379e+01 7.314235e-02 -1.306953e-03
1.173379e+01 1.025928e-01 -2.449538e-03
1.173379e+01 1.448116e-01 -3.555095e-03
1.173379e+01 2.023460e-01 -5.075594e-03
1.173379e+01 2.834245e-01 -7.457537e-03
1.173379e+01 3.967448e-01 -1.004634e-02
1.173379e+01 5.552783e-01 -1.285457e-02
1.173379e+01 7.774819e-01 -1.539157e-02
1.173379e+01 1.088445e+00 -1.737289e-02
1.173379e+01 1.523711e+00 -1.927066e-02
1.173379e+01 2.088426e+00 -2.030225e-02
1.173379e+01 2.685505e+00 -1.751651e-02
1.198847e+01 1.570796e-02 -1.355667e-05
1.198847e+01 2.346256e-02 -6.795423e-05
1.198847e+01 3.503514e-02 -3.393801e-04
1.198847e+01 5.263151e-02 -8.184422e-04
1.198847e+01 7.314235e-02 -1.17113e-03
1.198847e+01 1.025928e-01 -2.188089e-03
1.198847e+01 1.448116e-01 -3.175166e-03
1.198847e+01 2.023460e-01 -4.539082e-03
1.198847e+01 2.834245e-01 -6.675568e-03
1.198847e+01 3.967448e-01 -9.001813e-03
1.198847e+01 5.552783e-01 -1.156700e-02
1.198847e+01 7.774819e-01 -1.396092e-02
1.198847e+01 1.088445e+00 -1.593844e-02
1.198847e+01 1.523711e+00 -1.787675e-02
1.198847e+01 2.088426e+00 -1.893426e-02
1.198847e+01 2.685505e+00 -1.636086e-02
1.224824e+01 1.570796e-02 -1.214628e-05
1.224824e+01 2.346256e-02 -6.005951e-05
1.224824e+01 3.503514e-02 -3.01846e-04
1.224824e+01 5.263151e-02 -7.300956e-04
1.224824e+01 7.314235e-02 -1.044962e-03
1.224824e+01 1.025928e-01 -1.947079e-03
1.224824e+01 1.448116e-01 -2.82906e-03
1.224824e+01 2.023460e-01 -4.04326e-03
1.224824e+01 2.834245e-01 -5.955321e-03
1.224824e+01 3.967448e-01 -8.041986e-03
1.224824e+01 5.552783e-01 -1.036625e-02
1.224824e+01 7.774819e-01 -1.261549e-02
1.224824e+01 1.088445e+00 -1.457462e-02
1.224824e+01 1.523711e+00 -1.650549e-02
1.224824e+01 2.088426e+00 -1.760102e-02
1.224824e+01 2.685505e+00 -1.533475e-02
1.251320e+01 1.570796e-02 -1.078932e-05
1.251320e+01 2.346256e-02 -5.321638e-05
1.251320e+01 3.503514e-02 -2.677339e-04
1.251320e+01 5.263151e-02 -6.486026e-04
1.251320e+01 7.314235e-02 -9.285296e-04
1.251320e+01 1.025928e-01 -1.728577e-03
1.251320e+01 1.448116e-01 -2.513091e-03
1.251320e+01 2.023460e-01 -3.590655e-03
1.251320e+01 2.834245e-01 -5.293441e-03
1.251320e+01 3.967448e-01 -7.158806e-03
1.251320e+01 5.552783e-01 -9.255651e-03
1.251320e+01 7.774819e-01 -1.135954e-02
1.251320e+01 1.088445e+00 -1.326448e-02
1.251320e+01 1.523711e+00 -1.517240e-02
1.251320e+01 2.088426e+00 -1.629182e-02
1.251320e+01 2.685505e+00 -1.428612e-02
1.278347e+01 1.570796e-02 -9.660922e-06
1.278347e+01 2.346256e-02 -4.702740e-05
1.278347e+01 3.503514e-02 -2.361863e-04
1.278347e+01 5.263151e-02 -5.758796e-04
1.278347e+01 7.314235e-02 -8.197345e-04
1.278347e+01 1.025928e-01 -1.527334e-03
1.278347e+01 1.448116e-01 -2.223957e-03
1.278347e+01 2.023460e-01 -3.174205e-03
1.278347e+01 2.834245e-01 -4.688324e-03
1.278347e+01 3.967448e-01 -6.350775e-03
1.278347e+01 5.552783e-01 -8.245248e-03
1.278347e+01 7.774819e-01 -1.019295e-02
1.278347e+01 1.088445e+00 -1.201072e-02
1.278347e+01 1.523711e+00 -1.38684e-02
1.278347e+01 2.088426e+00 -1.499698e-02
1.278347e+01 2.685505e+00 -1.322919e-02
1.305914e+01 1.570796e-02 -8.442382e-06
1.305914e+01 2.346256e-02 -4.148622e-05
1.305914e+01 3.503514e-02 -2.080625e-04
1.305914e+01 5.263151e-02 -5.082284e-04
1.305914e+01 7.314235e-02 -7.221420e-04
1.305914e+01 1.025928e-01 -1.347772e-03
1.305914e+01 1.448116e-01 -1.962566e-03
1.305914e+01 2.023460e-01 -2.800535e-03
1.305914e+01 2.834245e-01 -4.139553e-03
1.305914e+01 3.967448e-01 -5.612286e-03
1.305914e+01 5.552783e-01 -7.312351e-03
1.305914e+01 7.774819e-01 -9.102418e-03
1.305914e+01 1.088445e+00 -1.082972e-02
1.305914e+01 1.523711e+00 -1.261273e-02
1.305914e+01 2.088426e+00 -1.37473e-02
1.305914e+01 2.685505e+00 -1.220624e-02
1.334032e+01 1.570796e-02 -7.570837e-06
1.334032e+01 2.346256e-02 -3.647481e-05
1.334032e+01 3.503514e-02 -1.828459e-04
1.334032e+01 5.263151e-02 -4.462355e-04
1.334032e+01 7.314235e-02 -6.352129e-04
1.334032e+01 1.025928e-01 -1.182937e-03
1.334032e+01 1.448116e-01 -1.725312e-03
1.334032e+01 2.023460e-01 -2.457863e-03
1.334032e+01 2.834245e-01 -3.637744e-03
1.334032e+01 3.967448e-01 -4.938252e-03
1.334032e+01 5.552783e-01 -6.451535e-03
1.334032e+01 7.774819e-01 -8.085062e-03
1.334032e+01 1.088445e+00 -9.722874e-03
1.334032e+01 1.523711e+00 -1.140917e-02
1.334032e+01 2.088426e+00 -1.252307e-02
1.334032e+01 2.685505e+00 -1.119446e-02
1.362713e+01 1.570796e-02 -6.721894e-06
1.362713e+01 2.346256e-02 -3.199166e-05
1.362713e+01 3.503514e-02 -1.59642e-04
1.362713e+01 5.263151e-02 -3.904905e-04
1.362713e+01 7.314235e-02 -5.553326e-04
1.362713e+01 1.025928e-01 -1.033105e-03
1.362713e+01 1.448116e-01 -1.508809e-03
1.362713e+01 2.023460e-01 -2.150448e-03
1.362713e+01 2.834245e-01 -3.184474e-03
1.362713e+01 3.967448e-01 -4.333732e-03
1.362713e+01 5.552783e-01 -5.674323e-03
1.362713e+01 7.774819e-01 -7.160077e-03
1.362713e+01 1.088445e+00 -8.692466e-03
1.362713e+01 1.523711e+00 -1.027295e-02
1.362713e+01 2.088426e+00 -1.135874e-02
1.362713e+01 2.685505e+00 -1.023331e-02
1.391967e+01 1.570796e-02 -6.045374e-06
1.391967e+01 2.346256e-02 -2.805757e-05
1.391967e+01 3.503514e-02 -1.387573e-04
1.391967e+01 5.263151e-02 -3.412593e-04
1.391967e+01 7.314235e-02 -4.841819e-04
1.391967e+01 1.025928e-01 -8.995405e-04
1.391967e+01 1.448116e-01 -1.314618e-03
1.391967e+01 2.023460e-01 -1.872827e-03
1.391967e+01 2.834245e-01 -2.775147e-03
1.391967e+01 3.967448e-01 -3.789074e-03
1.391967e+01 5.552783e-01 -4.9704e-03
1.391967e+01 7.774819e-01 -6.314638e-03
1.391967e+01 1.088445e+00 -7.728034e-03
1.391967e+01 1.523711e+00 -9.211745e-03
1.391967e+01 2.088426e+00 -1.023862e-02
1.391967e+01 2.685505e+00 -9.276371e-03
1.421806e+01 1.570796e-02 -5.277319e-06
1.421806e+01 2.346256e-02 -2.449891e-05
1.421806e+01 3.503514e-02 -1.201942e-04
1.421806e+01 5.263151e-02 -2.966791e-04
1.421806e+01 7.314235e-02 -4.199769e-04
1.421806e+01 1.025928e-01 -7.80213e-04
1.421806e+01 1.448116e-01 -1.139498e-03
1.421806e+01 2.023460e-01 -1.625585e-03
1.421806e+01 2.834245e-01 -2.409079e-03
1.421806e+01 3.967448e-01 -3.296577e-03
1.421806e+01 5.552783e-01 -4.338381e-03
1.421806e+01 7.774819e-01 -5.543751e-03
1.421806e+01 1.088445e+00 -6.847428e-03
1.421806e+01 1.523711e+00 -8.208016e-03
1.421806e+01 2.088426e+00 -9.188697e-03
1.421806e+01 2.685505e+00 -8.356458e-03
1.452242e+01 1.570796e-02 -4.577686e-06
1.452242e+01 2.346256e-02 -2.105607e-05
1.452242e+01 3.503514e-02 -1.039917e-04
1.452242e+01 5.263151e-02 -2.561691e-04
1.452242e+01 7.314235e-02 -3.619386e-04
1.452242e+01 1.025928e-01 -6.750307e-04
1.452242e+01 1.448116e-01 -9.851760e-04
1.452242e+01 2.023460e-01 -1.404959e-03
1.452242e+01 2.834245e-01 -2.084357e-03
1.452242e+01 3.967448e-01 -2.859293e-03
1.452242e+01 5.552783e-01 -3.774376e-03
1.452242e+01 7.774819e-01 -4.854152e-03
1.452242e+01 1.088445e+00 -6.039572e-03
1.452242e+01 1.523711e+00 -7.290710e-03
1.452242e+01 2.088426e+00 -8.202763e-03
1.452242e+01 2.685505e+00 -7.534631e-03
1.483287e+01 1.570796e-02 -3.928395e-06
1.483287e+01 2.346256e-02 -1.809655e-05
1.483287e+01 3.503514e-02 -8.929876e-05
1.483287e+01 5.263151e-02 -2.21001e-04
1.483287e+01 7.314235e-02 -3.114616e-04
1.483287e+01 1.025928e-01 -5.79026e-04
1.483287e+01 1.448116e-01 -8.471004e-04
1.483287e+01 2.023460e-01 -1.207968e-03
1.483287e+01 2.834245e-01 -1.793787e-03
1.483287e+01 3.967448e-01 -2.463982e-03
1.483287e+01 5.552783e-01 -3.264496e-03
1.483287e+01 7.774819e-01 -4.21972e-03
1.483287e+01 1.088445e+00 -5.292377e-03
1.483287e+01 1.523711e+00 -6.424854e-03
1.483287e+01 2.088426e+00 -7.275301e-03
1.483287e+01 2.685505e+00 -6.722626e-03
1.514953e+01 1.570796e-02 -3.348914e-06
1.514953e+01 2.346256e-02 -1.557527e-05
1.514953e+01 3.503514e-02 -7.579506e-05
1.514953e+01 5.263151e-02 -1.894333e-04
1.514953e+01 7.314235e-02 -2.671302e-04
1.514953e+01 1.025928e-01 -4.963436e-04
1.514953e+01 1.448116e-01 -7.256858e-04
1.514953e+01 2.023460e-01 -1.035794e-03
1.514953e+01 2.834245e-01 -1.539885e-03
1.514953e+01 3.967448e-01 -2.116353e-03
1.514953e+01 5.552783e-01 -2.813575e-03
1.514953e+01 7.774819e-01 -3.656212e-03
1.514953e+01 1.088445e+00 -4.6163e-03
1.514953e+01 1.523711e+00 -5.632055e-03
1.514953e+01 2.088426e+00 -6.400545e-03
1.514953e+01 2.685505e+00 -5.939635e-03
1.547252e+01 1.570796e-02 -2.851428e-06
1.547252e+01 2.346256e-02 -1.334673e-05
1.547252e+01 3.503514e-02 -6.453697e-05
1.547252e+01 5.263151e-02 -1.618911e-04
1.547252e+01 7.314235e-02 -2.276298e-04
1.547252e+01 1.025928e-01 -4.237768e-04
1.547252e+01 1.448116e-01 -6.198332e-04
1.547252e+01 2.023460e-01 -8.841635e-04
1.547252e+01 2.834245e-01 -1.316092e-03
1.547252e+01 3.967448e-01 -1.810361e-03
1.547252e+01 5.552783e-01 -2.416133e-03
1.547252e+01 7.774819e-01 -3.159918e-03
1.547252e+01 1.088445e+00 -4.011847e-03
1.547252e+01 1.523711e+00 -4.910453e-03
1.547252e+01 2.088426e+00 -5.591121e-03
1.547252e+01 2.685505e+00 -5.222025e-03
1.580197e+01 1.570796e-02 -2.424734e-06
1.580197e+01 2.346256e-02 -1.133740e-05
1.580197e+01 3.503514e-02 -5.439446e-05
1.580197e+01 5.263151e-02 -1.375598e-04
1.580197e+01 7.314235e-02 -1.930805e-04
1.580197e+01 1.025928e-01 -3.592667e-04
1.580197e+01 1.448116e-01 -5.253157e-04
1.580197e+01 2.023460e-01 -7.500578e-04
1.580197e+01 2.834245e-01 -1.117106e-03
1.580197e+01 3.967448e-01 -1.540520e-03
1.580197e+01 5.552783e-01 -2.06195e-03
1.580197e+01 7.774819e-01 -2.712873e-03
1.580197e+01 1.088445e+00 -3.460089e-03
1.580197e+01 1.523711e+00 -4.246604e-03
1.580197e+01 2.088426e+00 -4.841977e-03
1.580197e+01 2.685505e+00 -4.540077e-03
1.613801e+01 1.570796e-02 -2.073223e-06
1.613801e+01 2.346256e-02 -9.534812e-06
1.613801e+01 3.503514e-02 -4.545640e-05
1.613801e+01 5.263151e-02 -1.162798e-04
1.613801e+01 7.314235e-02 -1.632404e-04
1.613801e+01 1.025928e-01 -3.033436e-04
1.613801e+01 1.448116e-01 -4.448437e-04
1.613801e+01 2.023460e-01 -6.351889e-04
1.613801e+01 2.834245e-01 -9.461390e-04
1.613801e+01 3.967448e-01 -1.307507e-03
1.613801e+01 5.552783e-01 -1.75849e-03
1.613801e+01 7.774819e-01 -2.324727e-03
1.613801e+01 1.088445e+00 -2.975535e-03
1.613801e+01 1.523711e+00 -3.656755e-03
1.613801e+01 2.088426e+00 -4.167218e-03
1.613801e+01 2.685505e+00 -3.910000e-03
1.648077e+01 1.570796e-02 -1.735012e-06
1.648077e+01 2.346256e-02 -7.962033e-06
1.648077e+01 3.503514e-02 -3.775591e-05
1.648077e+01 5.263151e-02 -9.779657e-05
1.648077e+01 7.314235e-02 -1.373584e-04
1.648077e+01 1.025928e-01 -2.553472e-04
1.648077e+01 1.448116e-01 -3.727151e-04
1.648077e+01 2.023460e-01 -5.331310e-04
1.648077e+01 2.834245e-01 -7.958907e-04
1.648077e+01 3.967448e-01 -1.102096e-03
1.648077e+01 5.552783e-01 -1.488590e-03
1.648077e+01 7.774819e-01 -1.975878e-03
1.648077e+01 1.088445e+00 -2.53466e-03
1.648077e+01 1.523711e+00 -3.117921e-03
1.648077e+01 2.088426e+00 -3.550313e-03
1.648077e+01 2.685505e+00 -3.360687e-03
1.683038e+01 1.570796e-02 -1.479848e-06
1.683038e+01 2.346256e-02 -6.543929e-06
1.683038e+01 3.503514e-02 -3.12682e-05
1.683038e+01 5.263151e-02 -8.134748e-05
1.683038e+01 7.314235e-02 -1.143547e-04
1.683038e+01 1.025928e-01 -2.136141e-04
1.683038e+01 1.448116e-01 -3.111558e-04
1.683038e+01 2.023460e-01 -4.453724e-04
1.683038e+01 2.834245e-01 -6.65751e-04
1.683038e+01 3.967448e-01 -9.238428e-04
1.683038e+01 5.552783e-01 -1.25444e-03
1.683038e+01 7.774819e-01 -1.674319e-03
1.683038e+01 1.088445e+00 -2.150363e-03
1.683038e+01 1.523711e+00 -2.644987e-03
1.683038e+01 2.088426e+00 -3.004563e-03
1.683038e+01 2.685505e+00 -2.849800e-03
1.718699e+01 1.570796e-02 -1.201086e-06
1.718699e+01 2.346256e-02 -5.487434e-06
1.718699e+01 3.503514e-02 -2.590088e-05
1.718699e+01 5.263151e-02 -6.755632e-05
1.718699e+01 7.314235e-02 -9.543256e-05
1.718699e+01 1.025928e-01 -1.776301e-04
1.718699e+01 1.448116e-01 -2.581781e-04
1.718699e+01 2.023460e-01 -3.708912e-04
1.718699e+01 2.834245e-01 -5.539097e-04
1.718699e+01 3.967448e-01 -7.699595e-04
1.718699e+01 5.552783e-01 -1.052707e-03
1.718699e+01 7.774819e-01 -1.412029e-03
1.718699e+01 1.088445e+00 -1.815511e-03
1.718699e+01 1.523711e+00 -2.228165e-03
1.718699e+01 2.088426e+00 -2.519926e-03
1.718699e+01 2.685505e+00 -2.391580e-03
1.755073e+01 1.570796e-02 -9.919042e-07
1.755073e+01 2.346256e-02 -4.508776e-06
1.755073e+01 3.503514e-02 -2.143878e-05
1.755073e+01 5.263151e-02 -5.558388e-05
1.755073e+01 7.314235e-02 -7.895198e-05
1.755073e+01 1.025928e-01 -1.465277e-04
1.755073e+01 1.448116e-01 -2.127309e-04
1.755073e+01 2.023460e-01 -3.058946e-04
1.755073e+01 2.834245e-01 -4.571807e-04
1.755073e+01 3.967448e-01 -6.37998e-04
1.755073e+01 5.552783e-01 -8.754471e-04
1.755073e+01 7.774819e-01 -1.183088e-03
1.755073e+01 1.088445e+00 -1.521015e-03
1.755073e+01 1.523711e+00 -1.861334e-03
1.755073e+01 2.088426e+00 -2.089977e-03
1.755073e+01 2.685505e+00 -1.958798e-03
1.792175e+01 1.570796e-02 -7.993359e-07
1.792175e+01 2.346256e-02 -3.697938e-06
1.792175e+01 3.503514e-02 -1.755450e-05
1.792175e+01 5.263151e-02 -4.538986e-05
1.792175e+01 7.314235e-02 -6.469686e-05
1.792175e+01 1.025928e-01 -1.198034e-04
1.792175e+01 1.448116e-01 -1.743783e-04
1.792175e+01 2.023460e-01 -2.505807e-04
1.792175e+01 2.834245e-01 -3.749338e-04
1.792175e+01 3.967448e-01 -5.245673e-04
1.792175e+01 5.552783e-01 -7.254673e-04
1.792175e+01 7.774819e-01 -9.829498e-04
1.792175e+01 1.088445e+00 -1.267779e-03
1.792175e+01 1.523711e+00 -1.544864e-03
1.792175e+01 2.088426e+00 -1.721269e-03
1.792175e+01 2.685505e+00 -1.598665e-03
1.830018e+01 1.570796e-02 -6.391049e-07
1.830018e+01 2.346256e-02 -2.966207e-06
1.830018e+01 3.503514e-02 -1.422611e-05
1.830018e+01 5.263151e-02 -3.683845e-05
1.830018e+01 7.314235e-02 -5.244289e-05
1.830018e+01 1.025928e-01 -9.692948e-05
1.830018e+01 1.448116e-01 -1.418157e-04
1.830018e+01 2.023460e-01 -2.033766e-04
1.830018e+01 2.834245e-01 -3.051582e-04
1.830018e+01 3.967448e-01 -4.283517e-04
1.830018e+01 5.552783e-01 -5.964623e-04
1.830018e+01 7.774819e-01 -8.123529e-04
1.830018e+01 1.088445e+00 -1.050144e-03
1.830018e+01 1.523711e+00 -1.276691e-03
1.830018e+01 2.088426e+00 -1.405618e-03
1.830018e+01 2.685505e+00 -1.280502e-03
1.868618e+01 1.570796e-02 -5.183375e-07
1.868618e+01 2.346256e-02 -2.37225e-06
1.868618e+01 3.503514e-02 -1.148452e-05
1.868618e+01 5.263151e-02 -2.960836e-05
1.868618e+01 7.314235e-02 -4.215881e-05
1.868618e+01 1.025928e-01 -7.816458e-05
1.868618e+01 1.448116e-01 -1.144154e-04
1.868618e+01 2.023460e-01 -1.641043e-04
1.868618e+01 2.834245e-01 -2.463679e-04
1.868618e+01 3.967448e-01 -3.470506e-04
1.868618e+01 5.552783e-01 -4.866640e-04
1.868618e+01 7.774819e-01 -6.658089e-04
1.868618e+01 1.088445e+00 -8.627084e-04
1.868618e+01 1.523711e+00 -1.045862e-03
1.868618e+01 2.088426e+00 -1.139203e-03
1.868618e+01 2.685505e+00 -1.012752e-03
1.907991e+01 1.570796e-02 -4.204388e-07
1.907991e+01 2.346256e-02 -1.848739e-06
1.907991e+01 3.503514e-02 -9.173003e-06
1.907991e+01 5.263151e-02 -2.342360e-05
1.907991e+01 7.314235e-02 -3.362229e-05
1.907991e+01 1.025928e-01 -6.213892e-05
1.907991e+01 1.448116e-01 -9.109863e-05
1.907991e+01 2.023460e-01 -1.307951e-04
1.907991e+01 2.834245e-01 -1.965041e-04
1.907991e+01 3.967448e-01 -2.790944e-04
1.907991e+01 5.552783e-01 -3.940759e-04
1.907991e+01 7.774819e-01 -5.41318e-04
1.907991e+01 1.088445e+00 -7.022882e-04
1.907991e+01 1.523711e+00 -8.501586e-04
1.907991e+01 2.088426e+00 -9.121058e-04
1.907991e+01 2.685505e+00 -7.892789e-04
1.948151e+01 1.570796e-02 -3.281376e-07
1.948151e+01 2.346256e-02 -1.45443e-06
1.948151e+01 3.503514e-02 -7.224904e-06
1.948151e+01 5.263151e-02 -1.840107e-05
1.948151e+01 7.314235e-02 -2.661845e-05
1.948151e+01 1.025928e-01 -4.886893e-05
1.948151e+01 1.448116e-01 -7.17773e-05
1.948151e+01 2.023460e-01 -1.034269e-04
1.948151e+01 2.834245e-01 -1.559358e-04
1.948151e+01 3.967448e-01 -2.227727e-04
1.948151e+01 5.552783e-01 -3.164505e-04
1.948151e+01 7.774819e-01 -4.361957e-04
1.948151e+01 1.088445e+00 -5.690248e-04
1.948151e+01 1.523711e+00 -6.862141e-04
1.948151e+01 2.088426e+00 -7.248545e-04
1.948151e+01 2.685505e+00 -6.054022e-04
1.989114e+01 1.570796e-02 -2.460592e-07
1.989114e+01 2.346256e-02 -1.135605e-06
1.989114e+01 3.503514e-02 -5.667783e-06
1.989114e+01 5.263151e-02 -1.436853e-05
1.989114e+01 7.314235e-02 -2.072587e-05
1.989114e+01 1.025928e-01 -3.816481e-05
1.989114e+01 1.448116e-01 -5.629585e-05
1.989114e+01 2.023460e-01 -8.113311e-05
1.989114e+01 2.834245e-01 -1.222929e-04
1.989114e+01 3.967448e-01 -1.758130e-04
1.989114e+01 5.552783e-01 -2.516821e-04
1.989114e+01 7.774819e-01 -3.49929e-04
1.989114e+01 1.088445e+00 -4.576394e-04
1.989114e+01 1.523711e+00 -5.518747e-04
1.989114e+01 2.088426e+00 -5.751325e-04
1.989114e+01 2.685505e+00 -4.637958e-04
2.030896e+01 1.570796e-02 -1.932200e-07
2.030896e+01 2.346256e-02 -8.613564e-07
2.030896e+01 3.503514e-02 -4.361900e-06
2.030896e+01 5.263151e-02 -1.104706e-05
2.030896e+01 7.314235e-02 -1.593112e-05
2.030896e+01 1.025928e-01 -2.933791e-05
2.030896e+01 1.448116e-01 -4.362889e-05
2.030896e+01 2.023460e-01 -6.264942e-05
2.030896e+01 2.834245e-01 -9.480257e-05
2.030896e+01 3.967448e-01 -1.376097e-04
2.030896e+01 5.552783e-01 -1.985273e-04
2.030896e+01 7.774819e-01 -2.781615e-04
2.030896e+01 1.088445e+00 -3.660917e-04
2.030896e+01 1.523711e+00 -4.426308e-04
2.030896e+01 2.088426e+00 -4.548756e-04
2.030896e+01 2.685505e+00 -3.535642e-04
2.073514e+01 1.570796e-02 -1.495012e-07
2.073514e+01 2.346256e-02 -6.479185e-07
2.073514e+01 3.503514e-02 -3.317075e-06
2.073514e+01 5.263151e-02 -8.353392e-06
2.073514e+01 7.314235e-02 -1.215052e-05
2.073514e+01 1.025928e-01 -2.236352e-05
2.073514e+01 1.448116e-01 -3.340012e-05
2.073514e+01 2.023460e-01 -4.817142e-05
2.073514e+01 2.834245e-01 -7.296467e-05
2.073514e+01 3.967448e-01 -1.066480e-04
2.073514e+01 5.552783e-01 -1.549112e-04
2.073514e+01 7.774819e-01 -2.191962e-04
2.073514e+01 1.088445e+00 -2.909518e-04
2.073514e+01 1.523711e+00 -3.524598e-04
2.073514e+01 2.088426e+00 -3.597784e-04
2.073514e+01 2.685505e+00 -2.706569e-04
2.116984e+01 1.570796e-02 -1.132867e-07
2.116984e+01 2.346256e-02 -4.852024e-07
2.116984e+01 3.503514e-02 -2.510809e-06
2.116984e+01 5.263151e-02 -6.245345e-06
2.116984e+01 7.314235e-02 -9.093925e-06
2.116984e+01 1.025928e-01 -1.678443e-05
2.116984e+01 1.448116e-01 -2.528310e-05
2.116984e+01 2.023460e-01 -3.622467e-05
2.116984e+01 2.834245e-01 -5.555893e-05
2.116984e+01 3.967448e-01 -8.155863e-05
2.116984e+01 5.552783e-01 -1.193723e-04
2.116984e+01 7.774819e-01 -1.712651e-04
2.116984e+01 1.088445e+00 -2.292308e-04
2.116984e+01 1.523711e+00 -2.798890e-04
2.116984e+01 2.088426e+00 -2.865397e-04
2.116984e+01 2.685505e+00 -2.100451e-04
2.161324e+01 1.570796e-02 -8.692948e-08
2.161324e+01 2.346256e-02 -3.475941e-07
2.161324e+01 3.503514e-02 -1.888310e-06
2.161324e+01 5.263151e-02 -4.688301e-06
2.161324e+01 7.314235e-02 -6.763373e-06
2.161324e+01 1.025928e-01 -1.247375e-05
2.161324e+01 1.448116e-01 -1.880932e-05
2.161324e+01 2.023460e-01 -2.698696e-05
2.161324e+01 2.834245e-01 -4.159923e-05
2.161324e+01 3.967448e-01 -6.1417e-05
2.161324e+01 5.552783e-01 -9.095126e-05
2.161324e+01 7.774819e-01 -1.318886e-04
2.161324e+01 1.088445e+00 -1.782534e-04
2.161324e+01 1.523711e+00 -2.205753e-04
2.161324e+01 2.088426e+00 -2.273182e-04
2.161324e+01 2.685505e+00 -1.655760e-04
2.206550e+01 1.570796e-02 -6.515248e-08
2.206550e+01 2.346256e-02 -2.446479e-07
2.206550e+01 3.503514e-02 -1.39476e-06
2.206550e+01 5.263151e-02 -3.439673e-06
2.206550e+01 7.314235e-02 -4.924623e-06
2.206550e+01 1.025928e-01 -9.100717e-06
2.206550e+01 1.448116e-01 -1.381816e-05
2.206550e+01 2.023460e-01 -1.979464e-05
2.206550e+01 2.834245e-01 -3.071665e-05
2.206550e+01 3.967448e-01 -4.566525e-05
2.206550e+01 5.552783e-01 -6.831892e-05
2.206550e+01 7.774819e-01 -1.001825e-04
2.206550e+01 1.088445e+00 -1.367194e-04
2.206550e+01 1.523711e+00 -1.715558e-04
2.206550e+01 2.088426e+00 -1.802173e-04
2.206550e+01 2.685505e+00 -1.316102e-04
2.252681e+01 1.570796e-02 -4.598016e-08
2.252681e+01 2.346256e-02 -1.830589e-07
2.252681e+01 3.503514e-02 -1.017344e-06
2.252681e+01 5.263151e-02 -2.485833e-06
2.252681e+01 7.314235e-02 -3.558710e-06
2.252681e+01 1.025928e-01 -6.596375e-06
2.252681e+01 1.448116e-01 -9.981264e-06
2.252681e+01 2.023460e-01 -1.42857e-05
2.252681e+01 2.834245e-01 -2.240712e-05
2.252681e+01 3.967448e-01 -3.346321e-05
2.252681e+01 5.552783e-01 -5.053682e-05
2.252681e+01 7.774819e-01 -7.504787e-05
2.252681e+01 1.088445e+00 -1.034716e-04
2.252681e+01 1.523711e+00 -1.318268e-04
2.252681e+01 2.088426e+00 -1.422223e-04
2.252681e+01 2.685505e+00 -1.077262e-04
2.299735e+01 1.570796e-02 -3.242109e-08
2.299735e+01 2.346256e-02 -1.32389e-07
2.299735e+01 3.503514e-02 -7.306488e-07
2.299735e+01 5.263151e-02 -1.759055e-06
2.299735e+01 7.314235e-02 -2.503857e-06
2.299735e+01 1.025928e-01 -4.719566e-06
2.299735e+01 1.448116e-01 -7.109556e-06
2.299735e+01 2.023460e-01 -1.018864e-05
2.299735e+01 2.834245e-01 -1.604193e-05
2.299735e+01 3.967448e-01 -2.420323e-05
2.299735e+01 5.552783e-01 -3.682148e-05
2.299735e+01 7.774819e-01 -5.517415e-05
2.299735e+01 1.088445e+00 -7.700905e-05
2.299735e+01 1.523711e+00 -1.000752e-04
2.299735e+01 2.088426e+00 -1.120227e-04
2.299735e+01 2.685505e+00 -8.908971e-05
2.34773e+01 1.570796e-02 -2.325470e-08
2.34773e+01 2.346256e-02 -9.450069e-08
2.34773e+01 3.503514e-02 -4.965941e-07
2.34773e+01 5.263151e-02 -1.216218e-06
2.34773e+01 7.314235e-02 -1.744266e-06
2.34773e+01 1.025928e-01 -3.234705e-06
2.34773e+01 1.448116e-01 -4.905566e-06
2.34773e+01 2.023460e-01 -7.061443e-06
2.34773e+01 2.834245e-01 -1.11514e-05
2.34773e+01 3.967448e-01 -1.703105e-05
2.34773e+01 5.552783e-01 -2.611678e-05
2.34773e+01 7.774819e-01 -3.928890e-05
2.34773e+01 1.088445e+00 -5.565926e-05
2.34773e+01 1.523711e+00 -7.385333e-05
2.34773e+01 2.088426e+00 -8.601815e-05
2.34773e+01 2.685505e+00 -7.189005e-05
2.396684e+01 1.570796e-02 -1.613736e-08
2.396684e+01 2.346256e-02 -6.531207e-08
2.396684e+01 3.503514e-02 -3.363469e-07
2.396684e+01 5.263151e-02 -8.344958e-07
2.396684e+01 7.314235e-02 -1.194569e-06
2.396684e+01 1.025928e-01 -2.228724e-06
2.396684e+01 1.448116e-01 -3.379924e-06
2.396684e+01 2.023460e-01 -4.876361e-06
2.396684e+01 2.834245e-01 -7.727751e-06
2.396684e+01 3.967448e-01 -1.188393e-05
2.396684e+01 5.552783e-01 -1.834579e-05
2.396684e+01 7.774819e-01 -2.778157e-05
2.396684e+01 1.088445e+00 -3.960183e-05
2.396684e+01 1.523711e+00 -5.301388e-05
2.396684e+01 2.088426e+00 -6.28842e-05
2.396684e+01 2.685505e+00 -5.366816e-05
2.446618e+01 1.570796e-02 -1.046465e-08
2.446618e+01 2.346256e-02 -4.658701e-08
2.446618e+01 3.503514e-02 -2.285377e-07
2.446618e+01 5.263151e-02 -5.653068e-07
2.446618e+01 7.314235e-02 -8.094108e-07
2.446618e+01 1.025928e-01 -1.521548e-06
2.446618e+01 1.448116e-01 -2.292451e-06
2.446618e+01 2.023460e-01 -3.327334e-06
2.446618e+01 2.834245e-01 -5.294246e-06
2.446618e+01 3.967448e-01 -8.181613e-06
2.446618e+01 5.552783e-01 -1.273046e-05
2.446618e+01 7.774819e-01 -1.941053e-05
2.446618e+01 1.088445e+00 -2.777511e-05
2.446618e+01 1.523711e+00 -3.787427e-05
2.446618e+01 2.088426e+00 -4.566628e-05
2.446618e+01 2.685505e+00 -3.976464e-05
2.497550e+01 1.570796e-02 -6.816116e-09
2.497550e+01 2.346256e-02 -3.170108e-08
2.497550e+01 3.503514e-02 -1.547255e-07
2.497550e+01 5.263151e-02 -3.736573e-07
2.497550e+01 7.314235e-02 -5.448235e-07
2.497550e+01 1.025928e-01 -1.023951e-06
2.497550e+01 1.448116e-01 -1.530457e-06
2.497550e+01 2.023460e-01 -2.237474e-06
2.497550e+01 2.834245e-01 -3.569898e-06
2.497550e+01 3.967448e-01 -5.549871e-06
2.497550e+01 5.552783e-01 -8.705579e-06
2.497550e+01 7.774819e-01 -1.336756e-05
2.497550e+01 1.088445e+00 -1.922404e-05
2.497550e+01 1.523711e+00 -2.653606e-05
2.497550e+01 2.088426e+00 -3.277477e-05
2.497550e+01 2.685505e+00 -2.95655e-05
2.549501e+01 1.570796e-02 -4.423927e-09
2.549501e+01 2.346256e-02 -2.140190e-08
2.549501e+01 3.503514e-02 -1.038514e-07
2.549501e+01 5.263151e-02 -2.480369e-07
2.549501e+01 7.314235e-02 -3.598986e-07
2.549501e+01 1.025928e-01 -6.843301e-07
2.549501e+01 1.448116e-01 -1.018227e-06
2.549501e+01 2.023460e-01 -1.488746e-06
2.549501e+01 2.834245e-01 -2.388654e-06
2.549501e+01 3.967448e-01 -3.732638e-06
2.549501e+01 5.552783e-01 -5.889758e-06
2.549501e+01 7.774819e-01 -9.088768e-06
2.549501e+01 1.088445e+00 -1.313192e-05
2.549501e+01 1.523711e+00 -1.846076e-05
2.549501e+01 2.088426e+00 -2.335845e-05
2.549501e+01 2.685505e+00 -2.208141e-05
2.602491e+01 1.570796e-02 -2.849921e-09
2.602491e+01 2.346256e-02 -1.352848e-08
2.602491e+01 3.503514e-02 -6.716390e-08
2.602491e+01 5.263151e-02 -1.584138e-07
2.602491e+01 7.314235e-02 -2.344625e-07
2.602491e+01 1.025928e-01 -4.456277e-07
2.602491e+01 1.448116e-01 -6.594342e-07
2.602491e+01 2.023460e-01 -9.590584e-07
2.602491e+01 2.834245e-01 -1.56362e-06
2.602491e+01 3.967448e-01 -2.435266e-06
2.602491e+01 5.552783e-01 -3.882649e-06
2.602491e+01 7.774819e-01 -5.994093e-06
2.602491e+01 1.088445e+00 -8.753734e-06
2.602491e+01 1.523711e+00 -1.248804e-05
2.602491e+01 2.088426e+00 -1.629282e-05
2.602491e+01 2.685505e+00 -1.599177e-05
2.656541e+01 1.570796e-02 -1.76788e-09
2.656541e+01 2.346256e-02 -8.464164e-09
2.656541e+01 3.503514e-02 -4.376820e-08
2.656541e+01 5.263151e-02 -1.001838e-07
2.656541e+01 7.314235e-02 -1.521522e-07
2.656541e+01 1.025928e-01 -2.857823e-07
2.656541e+01 1.448116e-01 -4.223612e-07
2.656541e+01 2.023460e-01 -6.108200e-07
2.656541e+01 2.834245e-01 -1.009739e-06
2.656541e+01 3.967448e-01 -1.575579e-06
2.656541e+01 5.552783e-01 -2.536615e-06
2.656541e+01 7.774819e-01 -3.914199e-06
2.656541e+01 1.088445e+00 -5.760414e-06
2.656541e+01 1.523711e+00 -8.358679e-06
2.656541e+01 2.088426e+00 -1.128695e-05
2.656541e+01 2.685505e+00 -1.162761e-05
2.711672e+01 1.570796e-02 5.023128e-11
2.711672e+01 2.346256e-02 2.355227e-10
2.711672e+01 3.503514e-02 1.259870e-09
2.711672e+01 5.263151e-02 2.61688e-09
2.711672e+01 7.314235e-02 4.043094e-09
2.711672e+01 1.025928e-01 7.936591e-09
2.711672e+01 1.448116e-01 1.168115e-08
2.711672e+01 2.023460e-01 1.735117e-08
2.711672e+01 2.834245e-01 2.778078e-08
2.711672e+01 3.967448e-01 4.281326e-08
2.711672e+01 5.552783e-01 6.351314e-08
2.711672e+01 7.774819e-01 8.631033e-08
2.711672e+01 1.088445e+00 1.011644e-07
2.711672e+01 1.523711e+00 9.859869e-08
2.711672e+01 2.088426e+00 7.502974e-08
2.711672e+01 2.685505e+00 3.83316e-08
2.767905e+01 1.570796e-02 4.770535e-11
2.767905e+01 2.346256e-02 2.233024e-10
2.767905e+01 3.503514e-02 1.185429e-09
2.767905e+01 5.263151e-02 2.483795e-09
2.767905e+01 7.314235e-02 3.807857e-09
2.767905e+01 1.025928e-01 7.468505e-09
2.767905e+01 1.448116e-01 1.094119e-08
2.767905e+01 2.023460e-01 1.624649e-08
2.767905e+01 2.834245e-01 2.608111e-08
2.767905e+01 3.967448e-01 4.020233e-08
2.767905e+01 5.552783e-01 5.980483e-08
2.767905e+01 7.774819e-01 8.162529e-08
2.767905e+01 1.088445e+00 9.678971e-08
2.767905e+01 1.523711e+00 9.678623e-08
2.767905e+01 2.088426e+00 7.684727e-08
2.767905e+01 2.685505e+00 4.174502e-08
2.825263e+01 1.570796e-02 4.455511e-11
2.825263e+01 2.346256e-02 2.078105e-10
2.825263e+01 3.503514e-02 1.095708e-09
2.825263e+01 5.263151e-02 2.314655e-09
2.825263e+01 7.314235e-02 3.528083e-09
2.825263e+01 1.025928e-01 6.920346e-09
2.825263e+01 1.448116e-01 1.010452e-08
2.825263e+01 2.023460e-01 1.501179e-08
2.825263e+01 2.834245e-01 2.418867e-08
2.825263e+01 3.967448e-01 3.730662e-08
2.825263e+01 5.552783e-01 5.567373e-08
2.825263e+01 7.774819e-01 7.635954e-08
2.825263e+01 1.088445e+00 9.168958e-08
2.825263e+01 1.523711e+00 9.398193e-08
2.825263e+01 2.088426e+00 7.786228e-08
2.825263e+01 2.685505e+00 4.527295e-08
2.883769e+01 1.570796e-02 4.082569e-11
2.883769e+01 2.346256e-02 1.896231e-10
2.883769e+01 3.503514e-02 9.965318e-10
2.883769e+01 5.263151e-02 2.120678e-09
2.883769e+01 7.314235e-02 3.216005e-09
2.883769e+01 1.025928e-01 6.316159e-09
2.883769e+01 1.448116e-01 9.204628e-09
2.883769e+01 2.023460e-01 1.369685e-08
2.883769e+01 2.834245e-01 2.214486e-08
2.883769e+01 3.967448e-01 3.419118e-08
2.883769e+01 5.552783e-01 5.120747e-08
2.883769e+01 7.774819e-01 7.05882e-08
2.883769e+01 1.088445e+00 8.579386e-08
2.883769e+01 1.523711e+00 9.024358e-08
2.883769e+01 2.088426e+00 7.809842e-08
2.883769e+01 2.685505e+00 4.876724e-08
2.943444e+01 1.570796e-02 3.678933e-11
2.943444e+01 2.346256e-02 1.700469e-10
2.943444e+01 3.503514e-02 8.911095e-10
2.943444e+01 5.263151e-02 1.909638e-09
2.943444e+01 7.314235e-02 2.883397e-09
2.943444e+01 1.025928e-01 5.672492e-09
2.943444e+01 1.448116e-01 8.258411e-09
2.943444e+01 2.023460e-01 1.231536e-08
2.943444e+01 2.834245e-01 1.999154e-08
2.943444e+01 3.967448e-01 3.091099e-08
2.943444e+01 5.552783e-01 4.641403e-08
2.943444e+01 7.774819e-01 6.435639e-08
2.943444e+01 1.088445e+00 7.918257e-08
2.943444e+01 1.523711e+00 8.553992e-08
2.943444e+01 2.088426e+00 7.742239e-08
2.943444e+01 2.685505e+00 5.206298e-08
3.004313e+01 1.570796e-02 3.246892e-11
3.004313e+01 2.346256e-02 1.497301e-10
3.004313e+01 3.503514e-02 7.826349e-10
3.004313e+01 5.263151e-02 1.687640e-09
3.004313e+01 7.314235e-02 2.538982e-09
3.004313e+01 1.025928e-01 5.005886e-09
3.004313e+01 1.448116e-01 7.287334e-09
3.004313e+01 2.023460e-01 1.088914e-08
3.004313e+01 2.834245e-01 1.775423e-08
3.004313e+01 3.967448e-01 2.748898e-08
3.004313e+01 5.552783e-01 4.138680e-08
3.004313e+01 7.774819e-01 5.771101e-08
3.004313e+01 1.088445e+00 7.194588e-08
3.004313e+01 1.523711e+00 7.98437e-08
3.004313e+01 2.088426e+00 7.564586e-08
3.004313e+01 2.685505e+00 5.485860e-08
3.066399e+01 1.570796e-02 2.806212e-11
3.066399e+01 2.346256e-02 1.288589e-10
3.066399e+01 3.503514e-02 6.728733e-10
3.066399e+01 5.263151e-02 1.459793e-09
3.066399e+01 7.314235e-02 2.189709e-09
3.066399e+01 1.025928e-01 4.327582e-09
3.066399e+01 1.448116e-01 6.302563e-09
3.066399e+01 2.023460e-01 9.437115e-09
3.066399e+01 2.834245e-01 1.545623e-08
3.066399e+01 3.967448e-01 2.395344e-08
3.066399e+01 5.552783e-01 3.617232e-08
3.066399e+01 7.774819e-01 5.072861e-08
3.066399e+01 1.088445e+00 6.408790e-08
3.066399e+01 1.523711e+00 7.312077e-08
3.066399e+01 2.088426e+00 7.259406e-08
3.066399e+01 2.685505e+00 5.712319e-08
3.129727e+01 1.570796e-02 2.358612e-11
3.129727e+01 2.346256e-02 1.078440e-10
3.129727e+01 3.503514e-02 5.634093e-10
3.129727e+01 5.263151e-02 1.229072e-09
3.129727e+01 7.314235e-02 1.839541e-09
3.129727e+01 1.025928e-01 3.642386e-09
3.129727e+01 1.448116e-01 5.309640e-09
3.129727e+01 2.023460e-01 7.971760e-09
3.129727e+01 2.834245e-01 1.311115e-08
3.129727e+01 3.967448e-01 2.033451e-08
3.129727e+01 5.552783e-01 3.078755e-08
3.129727e+01 7.774819e-01 4.341905e-08
3.129727e+01 1.088445e+00 5.559985e-08
3.129727e+01 1.523711e+00 6.528041e-08
3.129727e+01 2.088426e+00 6.810815e-08
3.129727e+01 2.685505e+00 5.842642e-08
3.194322e+01 1.570796e-02 1.908502e-11
3.194322e+01 2.346256e-02 8.728219e-11
3.194322e+01 3.503514e-02 4.553148e-10
3.194322e+01 5.263151e-02 9.984202e-10
3.194322e+01 7.314235e-02 1.489718e-09
3.194322e+01 1.025928e-01 2.959447e-09
3.194322e+01 1.448116e-01 4.318467e-09
3.194322e+01 2.023460e-01 6.500235e-09
3.194322e+01 2.834245e-01 1.073470e-08
3.194322e+01 3.967448e-01 1.665635e-08
3.194322e+01 5.552783e-01 2.52859e-08
3.194322e+01 7.774819e-01 3.584611e-08
3.194322e+01 1.088445e+00 4.653126e-08
3.194322e+01 1.523711e+00 5.623586e-08
3.194322e+01 2.088426e+00 6.179653e-08
3.194322e+01 2.685505e+00 5.774585e-08
3.260208e+01 1.570796e-02 1.467696e-11
3.260208e+01 2.346256e-02 6.687763e-11
3.260208e+01 3.503514e-02 3.49218e-10
3.260208e+01 5.263151e-02 7.687830e-10
3.260208e+01 7.314235e-02 1.145450e-09
3.260208e+01 1.025928e-01 2.280681e-09
3.260208e+01 1.448116e-01 3.333581e-09
3.260208e+01 2.023460e-01 5.030818e-09
3.260208e+01 2.834245e-01 8.338502e-09
3.260208e+01 3.967448e-01 1.294265e-08
3.260208e+01 5.552783e-01 1.968408e-08
3.260208e+01 7.774819e-01 2.805730e-08
3.260208e+01 1.088445e+00 3.690705e-08
3.260208e+01 1.523711e+00 4.592507e-08
3.260208e+01 2.088426e+00 5.330268e-08
3.260208e+01 2.685505e+00 5.422991e-08
3.327412e+01 1.570796e-02 1.028356e-11
3.327412e+01 2.346256e-02 4.684524e-11
3.327412e+01 3.503514e-02 2.448123e-10
3.327412e+01 5.263151e-02 5.416077e-10
3.327412e+01 7.314235e-02 8.056938e-10
3.327412e+01 1.025928e-01 1.608839e-09
3.327412e+01 1.448116e-01 2.355893e-09
3.327412e+01 2.023460e-01 3.564284e-09
3.327412e+01 2.834245e-01 5.928584e-09
3.327412e+01 3.967448e-01 9.209464e-09
3.327412e+01 5.552783e-01 1.403271e-08
3.327412e+01 7.774819e-01 2.008348e-08
3.327412e+01 1.088445e+00 2.680702e-08
3.327412e+01 1.523711e+00 3.432517e-08
3.327412e+01 2.088426e+00 4.214578e-08
3.327412e+01 2.685505e+00 4.659178e-08
3.395961e+01 1.570796e-02 6.193866e-12
3.395961e+01 2.346256e-02 2.839159e-11
3.395961e+01 3.503514e-02 1.488816e-10
3.395961e+01 5.263151e-02 3.294245e-10
3.395961e+01 7.314235e-02 4.897478e-10
3.395961e+01 1.025928e-01 9.784849e-10
3.395961e+01 1.448116e-01 1.435361e-09
3.395961e+01 2.023460e-01 2.167384e-09
3.395961e+01 2.834245e-01 3.599202e-09
3.395961e+01 3.967448e-01 5.554239e-09
3.395961e+01 5.552783e-01 8.437284e-09
3.395961e+01 7.774819e-01 1.207564e-08
3.395961e+01 1.088445e+00 1.626292e-08
3.395961e+01 1.523711e+00 2.137753e-08
3.395961e+01 2.088426e+00 2.762872e-08
3.395961e+01 2.685505e+00 3.277801e-08
3.46588e+01 1.570796e-02 2.110393e-12
3.46588e+01 2.346256e-02 7.929288e-12
3.46588e+01 3.503514e-02 4.568733e-11
3.46588e+01 5.263151e-02 1.052719e-10
3.46588e+01 7.314235e-02 1.560161e-10
3.46588e+01 1.025928e-01 3.065538e-10
3.46588e+01 1.448116e-01 4.535887e-10
3.46588e+01 2.023460e-01 6.914865e-10
3.46588e+01 2.834245e-01 1.161938e-09
3.46588e+01 3.967448e-01 1.799835e-09
3.46588e+01 5.552783e-01 2.754186e-09
3.46588e+01 7.774819e-01 3.963297e-09
3.46588e+01 1.088445e+00 5.408255e-09
3.46588e+01 1.523711e+00 7.273732e-09
3.46588e+01 2.088426e+00 9.879776e-09
3.46588e+01 2.685505e+00 1.260738e-08
3.537197e+01 1.570796e-02 0.e+00
3.537197e+01 2.346256e-02 0.e+00
3.537197e+01 3.503514e-02 0.e+00
3.537197e+01 5.263151e-02 0.e+00
3.537197e+01 7.314235e-02 0.e+00
3.537197e+01 1.025928e-01 0.e+00
3.537197e+01 1.448116e-01 0.e+00
3.537197e+01 2.023460e-01 0.e+00
3.537197e+01 2.834245e-01 0.e+00
3.537197e+01 3.967448e-01 0.e+00
3.537197e+01 5.552783e-01 0.e+00
3.537197e+01 7.774819e-01 0.e+00
3.537197e+01 1.088445e+00 0.e+00
3.537197e+01 1.523711e+00 0.e+00
3.537197e+01 2.088426e+00 0.e+00
3.537197e+01 2.685505e+00 0.e+00
