5.e+00 1.570796e-02 0.e+00
5.e+00 2.346256e-02 0.e+00
5.e+00 3.503514e-02 0.e+00
5.e+00 5.263151e-02 0.e+00
5.e+00 7.314235e-02 0.e+00
5.e+00 1.025928e-01 0.e+00
5.e+00 1.448116e-01 0.e+00
5.e+00 2.023460e-01 0.e+00
5.e+00 2.834245e-01 0.e+00
5.e+00 3.967448e-01 0.e+00
5.e+00 5.552783e-01 0.e+00
5.e+00 7.774819e-01 0.e+00
5.e+00 1.088445e+00 0.e+00
5.e+00 1.523711e+00 0.e+00
5.e+00 2.088426e+00 0.e+00
5.e+00 2.685505e+00 0.e+00
5.12e+00 1.570796e-02 0.e+00
5.12e+00 2.346256e-02 0.e+00
5.12e+00 3.503514e-02 0.e+00
5.12e+00 5.263151e-02 0.e+00
5.12e+00 7.314235e-02 0.e+00
5.12e+00 1.025928e-01 0.e+00
5.12e+00 1.448116e-01 0.e+00
5.12e+00 2.023460e-01 0.e+00
5.12e+00 2.834245e-01 0.e+00
5.12e+00 3.967448e-01 0.e+00
5.12e+00 5.552783e-01 0.e+00
5.12e+00 7.774819e-01 0.e+00
5.12e+00 1.088445e+00 0.e+00
5.12e+00 1.523711e+00 0.e+00
5.12e+00 2.088426e+00 0.e+00
5.12e+00 2.685505e+00 0.e+00
5.2424e+00 1.570796e-02 -4.678873e-05
5.2424e+00 2.346256e-02 -2.916961e-05
5.2424e+00 3.503514e-02 -7.201223e-05
5.2424e+00 5.263151e-02 -9.963386e-06
5.2424e+00 7.314235e-02 -1.031619e-04
5.2424e+00 1.025928e-01 -1.151934e-05
5.2424e+00 1.448116e-01 -1.08084e-04
5.2424e+00 2.023460e-01 -6.065805e-05
5.2424e+00 2.834245e-01 -6.323264e-05
5.2424e+00 3.967448e-01 -2.961141e-05
5.2424e+00 5.552783e-01 -3.507646e-05
5.2424e+00 7.774819e-01 -4.508801e-05
5.2424e+00 1.088445e+00 -3.964126e-05
5.2424e+00 1.523711e+00 -3.532648e-05
5.2424e+00 2.088426e+00 -3.833986e-05
5.2424e+00 2.685505e+00 -4.185967e-05
5.367248e+00 1.570796e-02 -1.557413e-04
5.367248e+00 2.346256e-02 -1.357546e-04
5.367248e+00 3.503514e-02 -1.613942e-04
5.367248e+00 5.263151e-02 -1.537328e-04
5.367248e+00 7.314235e-02 -4.016249e-04
5.367248e+00 1.025928e-01 -2.535589e-04
5.367248e+00 1.448116e-01 -4.140404e-04
5.367248e+00 2.023460e-01 -3.909844e-04
5.367248e+00 2.834245e-01 -4.059378e-04
5.367248e+00 3.967448e-01 -2.796691e-04
5.367248e+00 5.552783e-01 -2.562905e-04
5.367248e+00 7.774819e-01 -2.530802e-04
5.367248e+00 1.088445e+00 -2.248473e-04
5.367248e+00 1.523711e+00 -2.151565e-04
5.367248e+00 2.088426e+00 -2.327872e-04
5.367248e+00 2.685505e+00 -2.446162e-04
5.494593e+00 1.570796e-02 -4.437987e-04
5.494593e+00 2.346256e-02 -5.871683e-04
5.494593e+00 3.503514e-02 -7.872183e-04
5.494593e+00 5.263151e-02 -1.251365e-03
5.494593e+00 7.314235e-02 -2.287311e-03
5.494593e+00 1.025928e-01 -1.699364e-03
5.494593e+00 1.448116e-01 -1.932486e-03
5.494593e+00 2.023460e-01 -1.981475e-03
5.494593e+00 2.834245e-01 -1.827603e-03
5.494593e+00 3.967448e-01 -1.570985e-03
5.494593e+00 5.552783e-01 -1.352849e-03
5.494593e+00 7.774819e-01 -1.297151e-03
5.494593e+00 1.088445e+00 -1.147771e-03
5.494593e+00 1.523711e+00 -1.101028e-03
5.494593e+00 2.088426e+00 -1.178602e-03
5.494593e+00 2.685505e+00 -1.224792e-03
5.624485e+00 1.570796e-02 -5.779313e-04
5.624485e+00 2.346256e-02 -1.031858e-03
5.624485e+00 3.503514e-02 -1.784438e-03
5.624485e+00 5.263151e-02 -2.546005e-03
5.624485e+00 7.314235e-02 -4.34826e-03
5.624485e+00 1.025928e-01 -3.330353e-03
5.624485e+00 1.448116e-01 -4.179183e-03
5.624485e+00 2.023460e-01 -4.399379e-03
5.624485e+00 2.834245e-01 -4.082260e-03
5.624485e+00 3.967448e-01 -3.449208e-03
5.624485e+00 5.552783e-01 -3.235975e-03
5.624485e+00 7.774819e-01 -2.860172e-03
5.624485e+00 1.088445e+00 -2.556777e-03
5.624485e+00 1.523711e+00 -2.397816e-03
5.624485e+00 2.088426e+00 -2.532636e-03
5.624485e+00 2.685505e+00 -2.606522e-03
5.756975e+00 1.570796e-02 -6.556343e-04
5.756975e+00 2.346256e-02 -1.483094e-03
5.756975e+00 3.503514e-02 -2.735417e-03
5.756975e+00 5.263151e-02 -4.000873e-03
5.756975e+00 7.314235e-02 -6.769858e-03
5.756975e+00 1.025928e-01 -6.040479e-03
5.756975e+00 1.448116e-01 -7.124908e-03
5.756975e+00 2.023460e-01 -7.683569e-03
5.756975e+00 2.834245e-01 -7.310445e-03
5.756975e+00 3.967448e-01 -6.331316e-03
5.756975e+00 5.552783e-01 -5.824133e-03
5.756975e+00 7.774819e-01 -5.272508e-03
5.756975e+00 1.088445e+00 -4.572033e-03
5.756975e+00 1.523711e+00 -4.225492e-03
5.756975e+00 2.088426e+00 -4.433016e-03
5.756975e+00 2.685505e+00 -4.491891e-03
5.892114e+00 1.570796e-02 -6.989252e-04
5.892114e+00 2.346256e-02 -1.715164e-03
5.892114e+00 3.503514e-02 -3.380675e-03
5.892114e+00 5.263151e-02 -5.296025e-03
5.892114e+00 7.314235e-02 -9.047869e-03
5.892114e+00 1.025928e-01 -8.991077e-03
5.892114e+00 1.448116e-01 -1.104379e-02
5.892114e+00 2.023460e-01 -1.159423e-02
5.892114e+00 2.834245e-01 -1.141158e-02
5.892114e+00 3.967448e-01 -1.000138e-02
5.892114e+00 5.552783e-01 -9.17471e-03
5.892114e+00 7.774819e-01 -8.247415e-03
5.892114e+00 1.088445e+00 -7.106407e-03
5.892114e+00 1.523711e+00 -6.478516e-03
5.892114e+00 2.088426e+00 -6.72898e-03
5.892114e+00 2.685505e+00 -6.780605e-03
6.029956e+00 1.570796e-02 -7.026004e-04
6.029956e+00 2.346256e-02 -1.672678e-03
6.029956e+00 3.503514e-02 -3.721837e-03
6.029956e+00 5.263151e-02 -6.296635e-03
6.029956e+00 7.314235e-02 -1.087117e-02
6.029956e+00 1.025928e-01 -1.206454e-02
6.029956e+00 1.448116e-01 -1.508284e-02
6.029956e+00 2.023460e-01 -1.575518e-02
6.029956e+00 2.834245e-01 -1.57813e-02
6.029956e+00 3.967448e-01 -1.401781e-02
6.029956e+00 5.552783e-01 -1.312771e-02
6.029956e+00 7.774819e-01 -1.165348e-02
6.029956e+00 1.088445e+00 -1.001743e-02
6.029956e+00 1.523711e+00 -9.047008e-03
6.029956e+00 2.088426e+00 -9.327551e-03
6.029956e+00 2.685505e+00 -9.360685e-03
6.170555e+00 1.570796e-02 -7.216525e-04
6.170555e+00 2.346256e-02 -1.666144e-03
6.170555e+00 3.503514e-02 -3.875805e-03
6.170555e+00 5.263151e-02 -6.759965e-03
6.170555e+00 7.314235e-02 -1.196782e-02
6.170555e+00 1.025928e-01 -1.429464e-02
6.170555e+00 1.448116e-01 -1.870036e-02
6.170555e+00 2.023460e-01 -1.982562e-02
6.170555e+00 2.834245e-01 -2.003957e-02
6.170555e+00 3.967448e-01 -1.838413e-02
6.170555e+00 5.552783e-01 -1.719145e-02
6.170555e+00 7.774819e-01 -1.525082e-02
6.170555e+00 1.088445e+00 -1.310274e-02
6.170555e+00 1.523711e+00 -1.174077e-02
6.170555e+00 2.088426e+00 -1.199253e-02
6.170555e+00 2.685505e+00 -1.198482e-02
6.313967e+00 1.570796e-02 -6.966478e-04
6.313967e+00 2.346256e-02 -1.601835e-03
6.313967e+00 3.503514e-02 -3.808895e-03
6.313967e+00 5.263151e-02 -6.847751e-03
6.313967e+00 7.314235e-02 -1.257024e-02
6.313967e+00 1.025928e-01 -1.60371e-02
6.313967e+00 1.448116e-01 -2.186145e-02
6.313967e+00 2.023460e-01 -2.369377e-02
6.313967e+00 2.834245e-01 -2.41458e-02
6.313967e+00 3.967448e-01 -2.276601e-02
6.313967e+00 5.552783e-01 -2.137120e-02
6.313967e+00 7.774819e-01 -1.901318e-02
6.313967e+00 1.088445e+00 -1.633961e-02
6.313967e+00 1.523711e+00 -1.453904e-02
6.313967e+00 2.088426e+00 -1.469477e-02
6.313967e+00 2.685505e+00 -1.457882e-02
6.460246e+00 1.570796e-02 -6.566912e-04
6.460246e+00 2.346256e-02 -1.528844e-03
6.460246e+00 3.503514e-02 -3.595626e-03
6.460246e+00 5.263151e-02 -6.689277e-03
6.460246e+00 7.314235e-02 -1.277206e-02
6.460246e+00 1.025928e-01 -1.693929e-02
6.460246e+00 1.448116e-01 -2.386855e-02
6.460246e+00 2.023460e-01 -2.668737e-02
6.460246e+00 2.834245e-01 -2.783536e-02
6.460246e+00 3.967448e-01 -2.667241e-02
6.460246e+00 5.552783e-01 -2.525903e-02
6.460246e+00 7.774819e-01 -2.249939e-02
6.460246e+00 1.088445e+00 -1.936805e-02
6.460246e+00 1.523711e+00 -1.718641e-02
6.460246e+00 2.088426e+00 -1.724584e-02
6.460246e+00 2.685505e+00 -1.691822e-02
6.609451e+00 1.570796e-02 -6.101842e-04
6.609451e+00 2.346256e-02 -1.428618e-03
6.609451e+00 3.503514e-02 -3.395078e-03
6.609451e+00 5.263151e-02 -6.48135e-03
6.609451e+00 7.314235e-02 -1.256664e-02
6.609451e+00 1.025928e-01 -1.73157e-02
6.609451e+00 1.448116e-01 -2.510277e-02
6.609451e+00 2.023460e-01 -2.894967e-02
6.609451e+00 2.834245e-01 -3.088184e-02
6.609451e+00 3.967448e-01 -3.005365e-02
6.609451e+00 5.552783e-01 -2.877641e-02
6.609451e+00 7.774819e-01 -2.580521e-02
6.609451e+00 1.088445e+00 -2.226386e-02
6.609451e+00 1.523711e+00 -1.963617e-02
6.609451e+00 2.088426e+00 -1.953612e-02
6.609451e+00 2.685505e+00 -1.894486e-02
6.76164e+00 1.570796e-02 -5.728571e-04
6.76164e+00 2.346256e-02 -1.354272e-03
6.76164e+00 3.503514e-02 -3.157548e-03
6.76164e+00 5.263151e-02 -6.13703e-03
6.76164e+00 7.314235e-02 -1.202945e-02
6.76164e+00 1.025928e-01 -1.712096e-02
6.76164e+00 1.448116e-01 -2.557247e-02
6.76164e+00 2.023460e-01 -3.030343e-02
6.76164e+00 2.834245e-01 -3.307896e-02
6.76164e+00 3.967448e-01 -3.296199e-02
6.76164e+00 5.552783e-01 -3.184078e-02
6.76164e+00 7.774819e-01 -2.880008e-02
6.76164e+00 1.088445e+00 -2.487771e-02
6.76164e+00 1.523711e+00 -2.186031e-02
6.76164e+00 2.088426e+00 -2.162854e-02
6.76164e+00 2.685505e+00 -2.074208e-02
6.916873e+00 1.570796e-02 -5.376508e-04
6.916873e+00 2.346256e-02 -1.280371e-03
6.916873e+00 3.503514e-02 -2.895584e-03
6.916873e+00 5.263151e-02 -5.716293e-03
6.916873e+00 7.314235e-02 -1.139279e-02
6.916873e+00 1.025928e-01 -1.654876e-02
6.916873e+00 1.448116e-01 -2.550278e-02
6.916873e+00 2.023460e-01 -3.100159e-02
6.916873e+00 2.834245e-01 -3.463828e-02
6.916873e+00 3.967448e-01 -3.530403e-02
6.916873e+00 5.552783e-01 -3.444411e-02
6.916873e+00 7.774819e-01 -3.139056e-02
6.916873e+00 1.088445e+00 -2.725805e-02
6.916873e+00 1.523711e+00 -2.38935e-02
6.916873e+00 2.088426e+00 -2.348435e-02
6.916873e+00 2.685505e+00 -2.227425e-02
7.075210e+00 1.570796e-02 -5.009401e-04
7.075210e+00 2.346256e-02 -1.198761e-03
7.075210e+00 3.503514e-02 -2.629998e-03
7.075210e+00 5.263151e-02 -5.303877e-03
7.075210e+00 7.314235e-02 -1.068245e-02
7.075210e+00 1.025928e-01 -1.581924e-02
7.075210e+00 1.448116e-01 -2.49096e-02
7.075210e+00 2.023460e-01 -3.110949e-02
7.075210e+00 2.834245e-01 -3.561243e-02
7.075210e+00 3.967448e-01 -3.698679e-02
7.075210e+00 5.552783e-01 -3.656416e-02
7.075210e+00 7.774819e-01 -3.362756e-02
7.075210e+00 1.088445e+00 -2.932817e-02
7.075210e+00 1.523711e+00 -2.572543e-02
7.075210e+00 2.088426e+00 -2.511624e-02
7.075210e+00 2.685505e+00 -2.362532e-02
7.236714e+00 1.570796e-02 -4.664491e-04
7.236714e+00 2.346256e-02 -1.125914e-03
7.236714e+00 3.503514e-02 -2.416261e-03
7.236714e+00 5.263151e-02 -4.913791e-03
7.236714e+00 7.314235e-02 -9.948235e-03
7.236714e+00 1.025928e-01 -1.496274e-02
7.236714e+00 1.448116e-01 -2.391428e-02
7.236714e+00 2.023460e-01 -3.062972e-02
7.236714e+00 2.834245e-01 -3.591021e-02
7.236714e+00 3.967448e-01 -3.805926e-02
7.236714e+00 5.552783e-01 -3.820656e-02
7.236714e+00 7.774819e-01 -3.544875e-02
7.236714e+00 1.088445e+00 -3.109043e-02
7.236714e+00 1.523711e+00 -2.736191e-02
7.236714e+00 2.088426e+00 -2.658682e-02
7.236714e+00 2.685505e+00 -2.479078e-02
7.401449e+00 1.570796e-02 -4.341027e-04
7.401449e+00 2.346256e-02 -1.055644e-03
7.401449e+00 3.503514e-02 -2.237252e-03
7.401449e+00 5.263151e-02 -4.562185e-03
7.401449e+00 7.314235e-02 -9.248258e-03
7.401449e+00 1.025928e-01 -1.398076e-02
7.401449e+00 1.448116e-01 -2.266164e-02
7.401449e+00 2.023460e-01 -2.972354e-02
7.401449e+00 2.834245e-01 -3.572474e-02
7.401449e+00 3.967448e-01 -3.862166e-02
7.401449e+00 5.552783e-01 -3.937525e-02
7.401449e+00 7.774819e-01 -3.693344e-02
7.401449e+00 1.088445e+00 -3.257483e-02
7.401449e+00 1.523711e+00 -2.872246e-02
7.401449e+00 2.088426e+00 -2.784310e-02
7.401449e+00 2.685505e+00 -2.576495e-02
7.569477e+00 1.570796e-02 -3.977333e-04
7.569477e+00 2.346256e-02 -9.831110e-04
7.569477e+00 3.503514e-02 -2.069638e-03
7.569477e+00 5.263151e-02 -4.228467e-03
7.569477e+00 7.314235e-02 -8.558753e-03
7.569477e+00 1.025928e-01 -1.295824e-02
7.569477e+00 1.448116e-01 -2.129354e-02
7.569477e+00 2.023460e-01 -2.855137e-02
7.569477e+00 2.834245e-01 -3.511936e-02
7.569477e+00 3.967448e-01 -3.876032e-02
7.569477e+00 5.552783e-01 -4.007816e-02
7.569477e+00 7.774819e-01 -3.804032e-02
7.569477e+00 1.088445e+00 -3.377886e-02
7.569477e+00 1.523711e+00 -2.991509e-02
7.569477e+00 2.088426e+00 -2.895203e-02
7.569477e+00 2.685505e+00 -2.657684e-02
7.740867e+00 1.570796e-02 -3.639696e-04
7.740867e+00 2.346256e-02 -9.161528e-04
7.740867e+00 3.503514e-02 -1.904722e-03
7.740867e+00 5.263151e-02 -3.909513e-03
7.740867e+00 7.314235e-02 -7.910165e-03
7.740867e+00 1.025928e-01 -1.197497e-02
7.740867e+00 1.448116e-01 -1.989016e-02
7.740867e+00 2.023460e-01 -2.715848e-02
7.740867e+00 2.834245e-01 -3.41926e-02
7.740867e+00 3.967448e-01 -3.846559e-02
7.740867e+00 5.552783e-01 -4.031873e-02
7.740867e+00 7.774819e-01 -3.876498e-02
7.740867e+00 1.088445e+00 -3.468413e-02
7.740867e+00 1.523711e+00 -3.090061e-02
7.740867e+00 2.088426e+00 -2.987516e-02
7.740867e+00 2.685505e+00 -2.724607e-02
7.915684e+00 1.570796e-02 -3.309377e-04
7.915684e+00 2.346256e-02 -8.546734e-04
7.915684e+00 3.503514e-02 -1.75068e-03
7.915684e+00 5.263151e-02 -3.606421e-03
7.915684e+00 7.314235e-02 -7.302196e-03
7.915684e+00 1.025928e-01 -1.103807e-02
7.915684e+00 1.448116e-01 -1.850653e-02
7.915684e+00 2.023460e-01 -2.56486e-02
7.915684e+00 2.834245e-01 -3.293794e-02
7.915684e+00 3.967448e-01 -3.781176e-02
7.915684e+00 5.552783e-01 -4.017131e-02
7.915684e+00 7.774819e-01 -3.91166e-02
7.915684e+00 1.088445e+00 -3.530953e-02
7.915684e+00 1.523711e+00 -3.165603e-02
7.915684e+00 2.088426e+00 -3.064033e-02
7.915684e+00 2.685505e+00 -2.772736e-02
8.093998e+00 1.570796e-02 -3.014431e-04
8.093998e+00 2.346256e-02 -7.926332e-04
8.093998e+00 3.503514e-02 -1.619987e-03
8.093998e+00 5.263151e-02 -3.322487e-03
8.093998e+00 7.314235e-02 -6.728181e-03
8.093998e+00 1.025928e-01 -1.016905e-02
8.093998e+00 1.448116e-01 -1.714893e-02
8.093998e+00 2.023460e-01 -2.408378e-02
8.093998e+00 2.834245e-01 -3.147803e-02
8.093998e+00 3.967448e-01 -3.679756e-02
8.093998e+00 5.552783e-01 -3.965438e-02
8.093998e+00 7.774819e-01 -3.912722e-02
8.093998e+00 1.088445e+00 -3.563226e-02
8.093998e+00 1.523711e+00 -3.223045e-02
8.093998e+00 2.088426e+00 -3.122543e-02
8.093998e+00 2.685505e+00 -2.810409e-02
8.275878e+00 1.570796e-02 -2.762498e-04
8.275878e+00 2.346256e-02 -7.321496e-04
8.275878e+00 3.503514e-02 -1.495156e-03
8.275878e+00 5.263151e-02 -3.059535e-03
8.275878e+00 7.314235e-02 -6.191349e-03
8.275878e+00 1.025928e-01 -9.362159e-03
8.275878e+00 1.448116e-01 -1.586501e-02
8.275878e+00 2.023460e-01 -2.249478e-02
8.275878e+00 2.834245e-01 -2.98586e-02
8.275878e+00 3.967448e-01 -3.550031e-02
8.275878e+00 5.552783e-01 -3.883418e-02
8.275878e+00 7.774819e-01 -3.880364e-02
8.275878e+00 1.088445e+00 -3.571920e-02
8.275878e+00 1.523711e+00 -3.259455e-02
8.275878e+00 2.088426e+00 -3.160856e-02
8.275878e+00 2.685505e+00 -2.829302e-02
8.461396e+00 1.570796e-02 -2.539769e-04
8.461396e+00 2.346256e-02 -6.757798e-04
8.461396e+00 3.503514e-02 -1.377203e-03
8.461396e+00 5.263151e-02 -2.820560e-03
8.461396e+00 7.314235e-02 -5.705102e-03
8.461396e+00 1.025928e-01 -8.628769e-03
8.461396e+00 1.448116e-01 -1.465250e-02
8.461396e+00 2.023460e-01 -2.090655e-02
8.461396e+00 2.834245e-01 -2.812614e-02
8.461396e+00 3.967448e-01 -3.400746e-02
8.461396e+00 5.552783e-01 -3.774041e-02
8.461396e+00 7.774819e-01 -3.819863e-02
8.461396e+00 1.088445e+00 -3.556604e-02
8.461396e+00 1.523711e+00 -3.27362e-02
8.461396e+00 2.088426e+00 -3.181958e-02
8.461396e+00 2.685505e+00 -2.830119e-02
8.650623e+00 1.570796e-02 -2.337703e-04
8.650623e+00 2.346256e-02 -6.216793e-04
8.650623e+00 3.503514e-02 -1.270477e-03
8.650623e+00 5.263151e-02 -2.59661e-03
8.650623e+00 7.314235e-02 -5.256933e-03
8.650623e+00 1.025928e-01 -7.952937e-03
8.650623e+00 1.448116e-01 -1.351681e-02
8.650623e+00 2.023460e-01 -1.937332e-02
8.650623e+00 2.834245e-01 -2.635005e-02
8.650623e+00 3.967448e-01 -3.235076e-02
8.650623e+00 5.552783e-01 -3.642678e-02
8.650623e+00 7.774819e-01 -3.728763e-02
8.650623e+00 1.088445e+00 -3.517369e-02
8.650623e+00 1.523711e+00 -3.273025e-02
8.650623e+00 2.088426e+00 -3.188040e-02
8.650623e+00 2.685505e+00 -2.815618e-02
8.843636e+00 1.570796e-02 -2.150487e-04
8.843636e+00 2.346256e-02 -5.743319e-04
8.843636e+00 3.503514e-02 -1.174795e-03
8.843636e+00 5.263151e-02 -2.386372e-03
8.843636e+00 7.314235e-02 -4.837668e-03
8.843636e+00 1.025928e-01 -7.329967e-03
8.843636e+00 1.448116e-01 -1.244308e-02
8.843636e+00 2.023460e-01 -1.789286e-02
8.843636e+00 2.834245e-01 -2.456991e-02
8.843636e+00 3.967448e-01 -3.056718e-02
8.843636e+00 5.552783e-01 -3.490345e-02
8.843636e+00 7.774819e-01 -3.619928e-02
8.843636e+00 1.088445e+00 -3.455977e-02
8.843636e+00 1.523711e+00 -3.255086e-02
8.843636e+00 2.088426e+00 -3.182361e-02
8.843636e+00 2.685505e+00 -2.795703e-02
9.040509e+00 1.570796e-02 -1.975635e-04
9.040509e+00 2.346256e-02 -5.265675e-04
9.040509e+00 3.503514e-02 -1.083874e-03
9.040509e+00 5.263151e-02 -2.188553e-03
9.040509e+00 7.314235e-02 -4.449834e-03
9.040509e+00 1.025928e-01 -6.741275e-03
9.040509e+00 1.448116e-01 -1.143943e-02
9.040509e+00 2.023460e-01 -1.649923e-02
9.040509e+00 2.834245e-01 -2.283033e-02
9.040509e+00 3.967448e-01 -2.871528e-02
9.040509e+00 5.552783e-01 -3.325046e-02
9.040509e+00 7.774819e-01 -3.496067e-02
9.040509e+00 1.088445e+00 -3.376766e-02
9.040509e+00 1.523711e+00 -3.218689e-02
9.040509e+00 2.088426e+00 -3.159656e-02
9.040509e+00 2.685505e+00 -2.762667e-02
9.241319e+00 1.570796e-02 -1.814761e-04
9.241319e+00 2.346256e-02 -4.808257e-04
9.241319e+00 3.503514e-02 -9.984782e-04
9.241319e+00 5.263151e-02 -2.007242e-03
9.241319e+00 7.314235e-02 -4.083969e-03
9.241319e+00 1.025928e-01 -6.187286e-03
9.241319e+00 1.448116e-01 -1.049849e-02
9.241319e+00 2.023460e-01 -1.516956e-02
9.241319e+00 2.834245e-01 -2.111579e-02
9.241319e+00 3.967448e-01 -2.685361e-02
9.241319e+00 5.552783e-01 -3.15022e-02
9.241319e+00 7.774819e-01 -3.355096e-02
9.241319e+00 1.088445e+00 -3.282174e-02
9.241319e+00 1.523711e+00 -3.167338e-02
9.241319e+00 2.088426e+00 -3.124645e-02
9.241319e+00 2.685505e+00 -2.712714e-02
9.446145e+00 1.570796e-02 -1.671042e-04
9.446145e+00 2.346256e-02 -4.38682e-04
9.446145e+00 3.503514e-02 -9.154195e-04
9.446145e+00 5.263151e-02 -1.840179e-03
9.446145e+00 7.314235e-02 -3.745607e-03
9.446145e+00 1.025928e-01 -5.662503e-03
9.446145e+00 1.448116e-01 -9.613788e-03
9.446145e+00 2.023460e-01 -1.391759e-02
9.446145e+00 2.834245e-01 -1.947404e-02
9.446145e+00 3.967448e-01 -2.500222e-02
9.446145e+00 5.552783e-01 -2.970584e-02
9.446145e+00 7.774819e-01 -3.199869e-02
9.446145e+00 1.088445e+00 -3.174915e-02
9.446145e+00 1.523711e+00 -3.101243e-02
9.446145e+00 2.088426e+00 -3.072005e-02
9.446145e+00 2.685505e+00 -2.660750e-02
9.655068e+00 1.570796e-02 -1.532598e-04
9.655068e+00 2.346256e-02 -3.988617e-04
9.655068e+00 3.503514e-02 -8.381273e-04
9.655068e+00 5.263151e-02 -1.686637e-03
9.655068e+00 7.314235e-02 -3.433032e-03
9.655068e+00 1.025928e-01 -5.179369e-03
9.655068e+00 1.448116e-01 -8.794931e-03
9.655068e+00 2.023460e-01 -1.273988e-02
9.655068e+00 2.834245e-01 -1.790609e-02
9.655068e+00 3.967448e-01 -2.317554e-02
9.655068e+00 5.552783e-01 -2.785389e-02
9.655068e+00 7.774819e-01 -3.040340e-02
9.655068e+00 1.088445e+00 -3.056060e-02
9.655068e+00 1.523711e+00 -3.023742e-02
9.655068e+00 2.088426e+00 -3.009321e-02
9.655068e+00 2.685505e+00 -2.595323e-02
9.86817e+00 1.570796e-02 -1.403774e-04
9.86817e+00 2.346256e-02 -3.614684e-04
9.86817e+00 3.503514e-02 -7.656240e-04
9.86817e+00 5.263151e-02 -1.542122e-03
9.86817e+00 7.314235e-02 -3.134095e-03
9.86817e+00 1.025928e-01 -4.724916e-03
9.86817e+00 1.448116e-01 -8.033206e-03
9.86817e+00 2.023460e-01 -1.164373e-02
9.86817e+00 2.834245e-01 -1.64322e-02
9.86817e+00 3.967448e-01 -2.143052e-02
9.86817e+00 5.552783e-01 -2.599567e-02
9.86817e+00 7.774819e-01 -2.871382e-02
9.86817e+00 1.088445e+00 -2.924753e-02
9.86817e+00 1.523711e+00 -2.929648e-02
9.86817e+00 2.088426e+00 -2.934884e-02
9.86817e+00 2.685505e+00 -2.523434e-02
1.008553e+01 1.570796e-02 -1.277138e-04
1.008553e+01 2.346256e-02 -3.260755e-04
1.008553e+01 3.503514e-02 -6.973675e-04
1.008553e+01 5.263151e-02 -1.407091e-03
1.008553e+01 7.314235e-02 -2.858444e-03
1.008553e+01 1.025928e-01 -4.307621e-03
1.008553e+01 1.448116e-01 -7.320381e-03
1.008553e+01 2.023460e-01 -1.063372e-02
1.008553e+01 2.834245e-01 -1.503626e-02
1.008553e+01 3.967448e-01 -1.971521e-02
1.008553e+01 5.552783e-01 -2.415079e-02
1.008553e+01 7.774819e-01 -2.697055e-02
1.008553e+01 1.088445e+00 -2.787148e-02
1.008553e+01 1.523711e+00 -2.826855e-02
1.008553e+01 2.088426e+00 -2.849149e-02
1.008553e+01 2.685505e+00 -2.447902e-02
1.030724e+01 1.570796e-02 -1.160846e-04
1.030724e+01 2.346256e-02 -2.96197e-04
1.030724e+01 3.503514e-02 -6.335171e-04
1.030724e+01 5.263151e-02 -1.279202e-03
1.030724e+01 7.314235e-02 -2.597694e-03
1.030724e+01 1.025928e-01 -3.920530e-03
1.030724e+01 1.448116e-01 -6.658485e-03
1.030724e+01 2.023460e-01 -9.689107e-03
1.030724e+01 2.834245e-01 -1.371971e-02
1.030724e+01 3.967448e-01 -1.809466e-02
1.030724e+01 5.552783e-01 -2.232393e-02
1.030724e+01 7.774819e-01 -2.522087e-02
1.030724e+01 1.088445e+00 -2.642726e-02
1.030724e+01 1.523711e+00 -2.716063e-02
1.030724e+01 2.088426e+00 -2.752356e-02
1.030724e+01 2.685505e+00 -2.359221e-02
1.053339e+01 1.570796e-02 -1.052242e-04
1.053339e+01 2.346256e-02 -2.684073e-04
1.053339e+01 3.503514e-02 -5.754535e-04
1.053339e+01 5.263151e-02 -1.163403e-03
1.053339e+01 7.314235e-02 -2.359291e-03
1.053339e+01 1.025928e-01 -3.56478e-03
1.053339e+01 1.448116e-01 -6.04496e-03
1.053339e+01 2.023460e-01 -8.810307e-03
1.053339e+01 2.834245e-01 -1.249547e-02
1.053339e+01 3.967448e-01 -1.653814e-02
1.053339e+01 5.552783e-01 -2.055040e-02
1.053339e+01 7.774819e-01 -2.351324e-02
1.053339e+01 1.088445e+00 -2.495404e-02
1.053339e+01 1.523711e+00 -2.598806e-02
1.053339e+01 2.088426e+00 -2.649700e-02
1.053339e+01 2.685505e+00 -2.267632e-02
1.076406e+01 1.570796e-02 -9.549398e-05
1.076406e+01 2.346256e-02 -2.437645e-04
1.076406e+01 3.503514e-02 -5.218426e-04
1.076406e+01 5.263151e-02 -1.052803e-03
1.076406e+01 7.314235e-02 -2.139781e-03
1.076406e+01 1.025928e-01 -3.233235e-03
1.076406e+01 1.448116e-01 -5.480533e-03
1.076406e+01 2.023460e-01 -7.990317e-03
1.076406e+01 2.834245e-01 -1.135225e-02
1.076406e+01 3.967448e-01 -1.507229e-02
1.076406e+01 5.552783e-01 -1.884705e-02
1.076406e+01 7.774819e-01 -2.180481e-02
1.076406e+01 1.088445e+00 -2.344452e-02
1.076406e+01 1.523711e+00 -2.472941e-02
1.076406e+01 2.088426e+00 -2.533433e-02
1.076406e+01 2.685505e+00 -2.164725e-02
1.099934e+01 1.570796e-02 -8.622204e-05
1.099934e+01 2.346256e-02 -2.190349e-04
1.099934e+01 3.503514e-02 -4.718533e-04
1.099934e+01 5.263151e-02 -9.535468e-04
1.099934e+01 7.314235e-02 -1.931034e-03
1.099934e+01 1.025928e-01 -2.920847e-03
1.099934e+01 1.448116e-01 -4.953471e-03
1.099934e+01 2.023460e-01 -7.226431e-03
1.099934e+01 2.834245e-01 -1.027936e-02
1.099934e+01 3.967448e-01 -1.367808e-02
1.099934e+01 5.552783e-01 -1.720335e-02
1.099934e+01 7.774819e-01 -2.010166e-02
1.099934e+01 1.088445e+00 -2.192460e-02
1.099934e+01 1.523711e+00 -2.337428e-02
1.099934e+01 2.088426e+00 -2.410385e-02
1.099934e+01 2.685505e+00 -2.059543e-02
1.123932e+01 1.570796e-02 -7.801248e-05
1.123932e+01 2.346256e-02 -1.963413e-04
1.123932e+01 3.503514e-02 -4.249051e-04
1.123932e+01 5.263151e-02 -8.599656e-04
1.123932e+01 7.314235e-02 -1.742555e-03
1.123932e+01 1.025928e-01 -2.636761e-03
1.123932e+01 1.448116e-01 -4.459730e-03
1.123932e+01 2.023460e-01 -6.517651e-03
1.123932e+01 2.834245e-01 -9.285231e-03
1.123932e+01 3.967448e-01 -1.237532e-02
1.123932e+01 5.552783e-01 -1.564298e-02
1.123932e+01 7.774819e-01 -1.8463e-02
1.123932e+01 1.088445e+00 -2.038827e-02
1.123932e+01 1.523711e+00 -2.200761e-02
1.123932e+01 2.088426e+00 -2.282874e-02
1.123932e+01 2.685505e+00 -1.953177e-02
1.148411e+01 1.570796e-02 -7.016339e-05
1.148411e+01 2.346256e-02 -1.756915e-04
1.148411e+01 3.503514e-02 -3.831557e-04
1.148411e+01 5.263151e-02 -7.724690e-04
1.148411e+01 7.314235e-02 -1.564904e-03
1.148411e+01 1.025928e-01 -2.371287e-03
1.148411e+01 1.448116e-01 -4.011282e-03
1.148411e+01 2.023460e-01 -5.869556e-03
1.148411e+01 2.834245e-01 -8.364369e-03
1.148411e+01 3.967448e-01 -1.116362e-02
1.148411e+01 5.552783e-01 -1.416438e-02
1.148411e+01 7.774819e-01 -1.686961e-02
1.148411e+01 1.088445e+00 -1.888413e-02
1.148411e+01 1.523711e+00 -2.063548e-02
1.148411e+01 2.088426e+00 -2.152266e-02
1.148411e+01 2.685505e+00 -1.837978e-02
1.173379e+01 1.570796e-02 -6.315721e-05
1.173379e+01 2.346256e-02 -1.564921e-04
1.173379e+01 3.503514e-02 -3.440442e-04
1.173379e+01 5.263151e-02 -6.916709e-04
1.173379e+01 7.314235e-02 -1.402528e-03
1.173379e+01 1.025928e-01 -2.125951e-03
1.173379e+01 1.448116e-01 -3.596431e-03
1.173379e+01 2.023460e-01 -5.266975e-03
1.173379e+01 2.834245e-01 -7.511736e-03
1.173379e+01 3.967448e-01 -1.003416e-02
1.173379e+01 5.552783e-01 -1.277960e-02
1.173379e+01 7.774819e-01 -1.535165e-02
1.173379e+01 1.088445e+00 -1.738639e-02
1.173379e+01 1.523711e+00 -1.925088e-02
1.173379e+01 2.088426e+00 -2.022308e-02
1.173379e+01 2.685505e+00 -1.732392e-02
1.198847e+01 1.570796e-02 -5.644605e-05
1.198847e+01 2.346256e-02 -1.381371e-04
1.198847e+01 3.503514e-02 -3.079597e-04
1.198847e+01 5.263151e-02 -6.174835e-04
1.198847e+01 7.314235e-02 -1.252643e-03
1.198847e+01 1.025928e-01 -1.899662e-03
1.198847e+01 1.448116e-01 -3.212372e-03
1.198847e+01 2.023460e-01 -4.710692e-03
1.198847e+01 2.834245e-01 -6.721159e-03
1.198847e+01 3.967448e-01 -8.990434e-03
1.198847e+01 5.552783e-01 -1.148483e-02
1.198847e+01 7.774819e-01 -1.392295e-02
1.198847e+01 1.088445e+00 -1.594946e-02
1.198847e+01 1.523711e+00 -1.786352e-02
1.198847e+01 2.088426e+00 -1.887893e-02
1.198847e+01 2.685505e+00 -1.623620e-02
1.224824e+01 1.570796e-02 -5.042221e-05
1.224824e+01 2.346256e-02 -1.224917e-04
1.224824e+01 3.503514e-02 -2.749717e-04
1.224824e+01 5.263151e-02 -5.501541e-04
1.224824e+01 7.314235e-02 -1.114185e-03
1.224824e+01 1.025928e-01 -1.6937e-03
1.224824e+01 1.448116e-01 -2.863515e-03
1.224824e+01 2.023460e-01 -4.199433e-03
1.224824e+01 2.834245e-01 -5.995061e-03
1.224824e+01 3.967448e-01 -8.024168e-03
1.224824e+01 5.552783e-01 -1.029619e-02
1.224824e+01 7.774819e-01 -1.25746e-02
1.224824e+01 1.088445e+00 -1.457434e-02
1.224824e+01 1.523711e+00 -1.648641e-02
1.224824e+01 2.088426e+00 -1.754395e-02
1.224824e+01 2.685505e+00 -1.516384e-02
1.251320e+01 1.570796e-02 -4.479771e-05
1.251320e+01 2.346256e-02 -1.071182e-04
1.251320e+01 3.503514e-02 -2.437873e-04
1.251320e+01 5.263151e-02 -4.885850e-04
1.251320e+01 7.314235e-02 -9.899291e-04
1.251320e+01 1.025928e-01 -1.503623e-03
1.251320e+01 1.448116e-01 -2.540134e-03
1.251320e+01 2.023460e-01 -3.728736e-03
1.251320e+01 2.834245e-01 -5.329246e-03
1.251320e+01 3.967448e-01 -7.141183e-03
1.251320e+01 5.552783e-01 -9.201226e-03
1.251320e+01 7.774819e-01 -1.132441e-02
1.251320e+01 1.088445e+00 -1.326854e-02
1.251320e+01 1.523711e+00 -1.515436e-02
1.251320e+01 2.088426e+00 -1.626373e-02
1.251320e+01 2.685505e+00 -1.414356e-02
1.278347e+01 1.570796e-02 -3.972166e-05
1.278347e+01 2.346256e-02 -9.428848e-05
1.278347e+01 3.503514e-02 -2.167844e-04
1.278347e+01 5.263151e-02 -4.337125e-04
1.278347e+01 7.314235e-02 -8.769462e-04
1.278347e+01 1.025928e-01 -1.329726e-03
1.278347e+01 1.448116e-01 -2.246383e-03
1.278347e+01 2.023460e-01 -3.297881e-03
1.278347e+01 2.834245e-01 -4.721406e-03
1.278347e+01 3.967448e-01 -6.329145e-03
1.278347e+01 5.552783e-01 -8.182793e-03
1.278347e+01 7.774819e-01 -1.014824e-02
1.278347e+01 1.088445e+00 -1.201720e-02
1.278347e+01 1.523711e+00 -1.386092e-02
1.278347e+01 2.088426e+00 -1.497281e-02
1.278347e+01 2.685505e+00 -1.309827e-02
1.305914e+01 1.570796e-02 -3.503108e-05
1.305914e+01 2.346256e-02 -8.247901e-05
1.305914e+01 3.503514e-02 -1.908528e-04
1.305914e+01 5.263151e-02 -3.823869e-04
1.305914e+01 7.314235e-02 -7.712415e-04
1.305914e+01 1.025928e-01 -1.169454e-03
1.305914e+01 1.448116e-01 -1.978782e-03
1.305914e+01 2.023460e-01 -2.910173e-03
1.305914e+01 2.834245e-01 -4.160183e-03
1.305914e+01 3.967448e-01 -5.585375e-03
1.305914e+01 5.552783e-01 -7.246516e-03
1.305914e+01 7.774819e-01 -9.051239e-03
1.305914e+01 1.088445e+00 -1.082769e-02
1.305914e+01 1.523711e+00 -1.258997e-02
1.305914e+01 2.088426e+00 -1.371034e-02
1.305914e+01 2.685505e+00 -1.20547e-02
1.334032e+01 1.570796e-02 -3.068885e-05
1.334032e+01 2.346256e-02 -7.201770e-05
1.334032e+01 3.503514e-02 -1.677049e-04
1.334032e+01 5.263151e-02 -3.358779e-04
1.334032e+01 7.314235e-02 -6.769112e-04
1.334032e+01 1.025928e-01 -1.025193e-03
1.334032e+01 1.448116e-01 -1.737439e-03
1.334032e+01 2.023460e-01 -2.555331e-03
1.334032e+01 2.834245e-01 -3.653982e-03
1.334032e+01 3.967448e-01 -4.912493e-03
1.334032e+01 5.552783e-01 -6.394405e-03
1.334032e+01 7.774819e-01 -8.043002e-03
1.334032e+01 1.088445e+00 -9.721967e-03
1.334032e+01 1.523711e+00 -1.139139e-02
1.334032e+01 2.088426e+00 -1.248747e-02
1.334032e+01 2.685505e+00 -1.1018e-02
1.362713e+01 1.570796e-02 -2.694974e-05
1.362713e+01 2.346256e-02 -6.311353e-05
1.362713e+01 3.503514e-02 -1.473224e-04
1.362713e+01 5.263151e-02 -2.948049e-04
1.362713e+01 7.314235e-02 -5.926644e-04
1.362713e+01 1.025928e-01 -8.969109e-04
1.362713e+01 1.448116e-01 -1.520074e-03
1.362713e+01 2.023460e-01 -2.237413e-03
1.362713e+01 2.834245e-01 -3.197359e-03
1.362713e+01 3.967448e-01 -4.300132e-03
1.362713e+01 5.552783e-01 -5.625428e-03
1.362713e+01 7.774819e-01 -7.121597e-03
1.362713e+01 1.088445e+00 -8.690080e-03
1.362713e+01 1.523711e+00 -1.0272e-02
1.362713e+01 2.088426e+00 -1.132941e-02
1.362713e+01 2.685505e+00 -1.006352e-02
1.391967e+01 1.570796e-02 -2.365781e-05
1.391967e+01 2.346256e-02 -5.464857e-05
1.391967e+01 3.503514e-02 -1.283993e-04
1.391967e+01 5.263151e-02 -2.564429e-04
1.391967e+01 7.314235e-02 -5.160430e-04
1.391967e+01 1.025928e-01 -7.807520e-04
1.391967e+01 1.448116e-01 -1.321657e-03
1.391967e+01 2.023460e-01 -1.948483e-03
1.391967e+01 2.834245e-01 -2.784026e-03
1.391967e+01 3.967448e-01 -3.750221e-03
1.391967e+01 5.552783e-01 -4.923606e-03
1.391967e+01 7.774819e-01 -6.281976e-03
1.391967e+01 1.088445e+00 -7.727109e-03
1.391967e+01 1.523711e+00 -9.216629e-03
1.391967e+01 2.088426e+00 -1.021694e-02
1.391967e+01 2.685505e+00 -9.135768e-03
1.421806e+01 1.570796e-02 -2.060321e-05
1.421806e+01 2.346256e-02 -4.695337e-05
1.421806e+01 3.503514e-02 -1.110532e-04
1.421806e+01 5.263151e-02 -2.229097e-04
1.421806e+01 7.314235e-02 -4.474714e-04
1.421806e+01 1.025928e-01 -6.766642e-04
1.421806e+01 1.448116e-01 -1.147502e-03
1.421806e+01 2.023460e-01 -1.689873e-03
1.421806e+01 2.834245e-01 -2.413698e-03
1.421806e+01 3.967448e-01 -3.26139e-03
1.421806e+01 5.552783e-01 -4.29603e-03
1.421806e+01 7.774819e-01 -5.514482e-03
1.421806e+01 1.088445e+00 -6.839239e-03
1.421806e+01 1.523711e+00 -8.224505e-03
1.421806e+01 2.088426e+00 -9.161177e-03
1.421806e+01 2.685505e+00 -8.232686e-03
1.452242e+01 1.570796e-02 -1.796871e-05
1.452242e+01 2.346256e-02 -4.055525e-05
1.452242e+01 3.503514e-02 -9.625728e-05
1.452242e+01 5.263151e-02 -1.922495e-04
1.452242e+01 7.314235e-02 -3.870361e-04
1.452242e+01 1.025928e-01 -5.852064e-04
1.452242e+01 1.448116e-01 -9.916579e-04
1.452242e+01 2.023460e-01 -1.458510e-03
1.452242e+01 2.834245e-01 -2.087764e-03
1.452242e+01 3.967448e-01 -2.825877e-03
1.452242e+01 5.552783e-01 -3.732433e-03
1.452242e+01 7.774819e-01 -4.821291e-03
1.452242e+01 1.088445e+00 -6.028132e-03
1.452242e+01 1.523711e+00 -7.302565e-03
1.452242e+01 2.088426e+00 -8.200070e-03
1.452242e+01 2.685505e+00 -7.411939e-03
1.483287e+01 1.570796e-02 -1.552027e-05
1.483287e+01 2.346256e-02 -3.474766e-05
1.483287e+01 3.503514e-02 -8.300399e-05
1.483287e+01 5.263151e-02 -1.650460e-04
1.483287e+01 7.314235e-02 -3.329786e-04
1.483287e+01 1.025928e-01 -5.028295e-04
1.483287e+01 1.448116e-01 -8.528697e-04
1.483287e+01 2.023460e-01 -1.256804e-03
1.483287e+01 2.834245e-01 -1.796801e-03
1.483287e+01 3.967448e-01 -2.437833e-03
1.483287e+01 5.552783e-01 -3.227725e-03
1.483287e+01 7.774819e-01 -4.194203e-03
1.483287e+01 1.088445e+00 -5.289454e-03
1.483287e+01 1.523711e+00 -6.445871e-03
1.483287e+01 2.088426e+00 -7.265651e-03
1.483287e+01 2.685505e+00 -6.636711e-03
1.514953e+01 1.570796e-02 -1.337271e-05
1.514953e+01 2.346256e-02 -2.949665e-05
1.514953e+01 3.503514e-02 -7.134584e-05
1.514953e+01 5.263151e-02 -1.414229e-04
1.514953e+01 7.314235e-02 -2.847439e-04
1.514953e+01 1.025928e-01 -4.300170e-04
1.514953e+01 1.448116e-01 -7.295629e-04
1.514953e+01 2.023460e-01 -1.077254e-03
1.514953e+01 2.834245e-01 -1.540924e-03
1.514953e+01 3.967448e-01 -2.093424e-03
1.514953e+01 5.552783e-01 -2.780612e-03
1.514953e+01 7.774819e-01 -3.632736e-03
1.514953e+01 1.088445e+00 -4.614958e-03
1.514953e+01 1.523711e+00 -5.651691e-03
1.514953e+01 2.088426e+00 -6.396085e-03
1.514953e+01 2.685505e+00 -5.868037e-03
1.547252e+01 1.570796e-02 -1.151305e-05
1.547252e+01 2.346256e-02 -2.489420e-05
1.547252e+01 3.503514e-02 -6.093293e-05
1.547252e+01 5.263151e-02 -1.20165e-04
1.547252e+01 7.314235e-02 -2.425216e-04
1.547252e+01 1.025928e-01 -3.665362e-04
1.547252e+01 1.448116e-01 -6.225697e-04
1.547252e+01 2.023460e-01 -9.188097e-04
1.547252e+01 2.834245e-01 -1.314805e-03
1.547252e+01 3.967448e-01 -1.791945e-03
1.547252e+01 5.552783e-01 -2.386098e-03
1.547252e+01 7.774819e-01 -3.132527e-03
1.547252e+01 1.088445e+00 -4.004278e-03
1.547252e+01 1.523711e+00 -4.920375e-03
1.547252e+01 2.088426e+00 -5.582147e-03
1.547252e+01 2.685505e+00 -5.131693e-03
1.580197e+01 1.570796e-02 -9.742154e-06
1.580197e+01 2.346256e-02 -2.108581e-05
1.580197e+01 3.503514e-02 -5.187186e-05
1.580197e+01 5.263151e-02 -1.020003e-04
1.580197e+01 7.314235e-02 -2.061621e-04
1.580197e+01 1.025928e-01 -3.104803e-04
1.580197e+01 1.448116e-01 -5.276440e-04
1.580197e+01 2.023460e-01 -7.795988e-04
1.580197e+01 2.834245e-01 -1.114924e-03
1.580197e+01 3.967448e-01 -1.523177e-03
1.580197e+01 5.552783e-01 -2.038408e-03
1.580197e+01 7.774819e-01 -2.686533e-03
1.580197e+01 1.088445e+00 -3.450101e-03
1.580197e+01 1.523711e+00 -4.253454e-03
1.580197e+01 2.088426e+00 -4.844030e-03
1.580197e+01 2.685505e+00 -4.471591e-03
1.613801e+01 1.570796e-02 -8.320032e-06
1.613801e+01 2.346256e-02 -1.777112e-05
1.613801e+01 3.503514e-02 -4.40872e-05
1.613801e+01 5.263151e-02 -8.642132e-05
1.613801e+01 7.314235e-02 -1.737673e-04
1.613801e+01 1.025928e-01 -2.622408e-04
1.613801e+01 1.448116e-01 -4.459035e-04
1.613801e+01 2.023460e-01 -6.593005e-04
1.613801e+01 2.834245e-01 -9.426756e-04
1.613801e+01 3.967448e-01 -1.291908e-03
1.613801e+01 5.552783e-01 -1.734183e-03
1.613801e+01 7.774819e-01 -2.296513e-03
1.613801e+01 1.088445e+00 -2.963981e-03
1.613801e+01 1.523711e+00 -3.654355e-03
1.613801e+01 2.088426e+00 -4.164403e-03
1.613801e+01 2.685505e+00 -3.863734e-03
1.648077e+01 1.570796e-02 -7.057573e-06
1.648077e+01 2.346256e-02 -1.486841e-05
1.648077e+01 3.503514e-02 -3.715355e-05
1.648077e+01 5.263151e-02 -7.252673e-05
1.648077e+01 7.314235e-02 -1.453791e-04
1.648077e+01 1.025928e-01 -2.195113e-04
1.648077e+01 1.448116e-01 -3.75228e-04
1.648077e+01 2.023460e-01 -5.537912e-04
1.648077e+01 2.834245e-01 -7.925078e-04
1.648077e+01 3.967448e-01 -1.089532e-03
1.648077e+01 5.552783e-01 -1.467128e-03
1.648077e+01 7.774819e-01 -1.953912e-03
1.648077e+01 1.088445e+00 -2.524732e-03
1.648077e+01 1.523711e+00 -3.107548e-03
1.648077e+01 2.088426e+00 -3.541685e-03
1.648077e+01 2.685505e+00 -3.288633e-03
1.683038e+01 1.570796e-02 -5.921017e-06
1.683038e+01 2.346256e-02 -1.225953e-05
1.683038e+01 3.503514e-02 -3.106962e-05
1.683038e+01 5.263151e-02 -6.076834e-05
1.683038e+01 7.314235e-02 -1.211919e-04
1.683038e+01 1.025928e-01 -1.827805e-04
1.683038e+01 1.448116e-01 -3.135395e-04
1.683038e+01 2.023460e-01 -4.62145e-04
1.683038e+01 2.834245e-01 -6.628774e-04
1.683038e+01 3.967448e-01 -9.135419e-04
1.683038e+01 5.552783e-01 -1.234016e-03
1.683038e+01 7.774819e-01 -1.653200e-03
1.683038e+01 1.088445e+00 -2.138205e-03
1.683038e+01 1.523711e+00 -2.627976e-03
1.683038e+01 2.088426e+00 -2.99728e-03
1.683038e+01 2.685505e+00 -2.792678e-03
1.718699e+01 1.570796e-02 -4.959206e-06
1.718699e+01 2.346256e-02 -1.017539e-05
1.718699e+01 3.503514e-02 -2.584992e-05
1.718699e+01 5.263151e-02 -5.045273e-05
1.718699e+01 7.314235e-02 -1.004192e-04
1.718699e+01 1.025928e-01 -1.516481e-04
1.718699e+01 1.448116e-01 -2.5951e-04
1.718699e+01 2.023460e-01 -3.831882e-04
1.718699e+01 2.834245e-01 -5.506275e-04
1.718699e+01 3.967448e-01 -7.606636e-04
1.718699e+01 5.552783e-01 -1.030814e-03
1.718699e+01 7.774819e-01 -1.389668e-03
1.718699e+01 1.088445e+00 -1.799394e-03
1.718699e+01 1.523711e+00 -2.205484e-03
1.718699e+01 2.088426e+00 -2.511829e-03
1.718699e+01 2.685505e+00 -2.341033e-03
1.755073e+01 1.570796e-02 -4.186283e-06
1.755073e+01 2.346256e-02 -8.25324e-06
1.755073e+01 3.503514e-02 -2.127735e-05
1.755073e+01 5.263151e-02 -4.155066e-05
1.755073e+01 7.314235e-02 -8.252038e-05
1.755073e+01 1.025928e-01 -1.246686e-04
1.755073e+01 1.448116e-01 -2.132734e-04
1.755073e+01 2.023460e-01 -3.155208e-04
1.755073e+01 2.834245e-01 -4.549927e-04
1.755073e+01 3.967448e-01 -6.298911e-04
1.755073e+01 5.552783e-01 -8.560977e-04
1.755073e+01 7.774819e-01 -1.162803e-03
1.755073e+01 1.088445e+00 -1.501394e-03
1.755073e+01 1.523711e+00 -1.833486e-03
1.755073e+01 2.088426e+00 -2.074857e-03
1.755073e+01 2.685505e+00 -1.923001e-03
1.792175e+01 1.570796e-02 -3.437541e-06
1.792175e+01 2.346256e-02 -6.750621e-06
1.792175e+01 3.503514e-02 -1.750569e-05
1.792175e+01 5.263151e-02 -3.424004e-05
1.792175e+01 7.314235e-02 -6.733962e-05
1.792175e+01 1.025928e-01 -1.016396e-04
1.792175e+01 1.448116e-01 -1.736550e-04
1.792175e+01 2.023460e-01 -2.572523e-04
1.792175e+01 2.834245e-01 -3.714458e-04
1.792175e+01 3.967448e-01 -5.165667e-04
1.792175e+01 5.552783e-01 -7.056761e-04
1.792175e+01 7.774819e-01 -9.651243e-04
1.792175e+01 1.088445e+00 -1.246408e-03
1.792175e+01 1.523711e+00 -1.515846e-03
1.792175e+01 2.088426e+00 -1.699970e-03
1.792175e+01 2.685505e+00 -1.564001e-03
1.830018e+01 1.570796e-02 -2.81456e-06
1.830018e+01 2.346256e-02 -5.380138e-06
1.830018e+01 3.503514e-02 -1.421189e-05
1.830018e+01 5.263151e-02 -2.785164e-05
1.830018e+01 7.314235e-02 -5.458765e-05
1.830018e+01 1.025928e-01 -8.289794e-05
1.830018e+01 1.448116e-01 -1.411457e-04
1.830018e+01 2.023460e-01 -2.092973e-04
1.830018e+01 2.834245e-01 -3.020973e-04
1.830018e+01 3.967448e-01 -4.217797e-04
1.830018e+01 5.552783e-01 -5.790849e-04
1.830018e+01 7.774819e-01 -7.991621e-04
1.830018e+01 1.088445e+00 -1.031205e-03
1.830018e+01 1.523711e+00 -1.248512e-03
1.830018e+01 2.088426e+00 -1.386449e-03
1.830018e+01 2.685505e+00 -1.254267e-03
1.868618e+01 1.570796e-02 -2.276483e-06
1.868618e+01 2.346256e-02 -4.166433e-06
1.868618e+01 3.503514e-02 -1.137490e-05
1.868618e+01 5.263151e-02 -2.25841e-05
1.868618e+01 7.314235e-02 -4.394577e-05
1.868618e+01 1.025928e-01 -6.653796e-05
1.868618e+01 1.448116e-01 -1.135542e-04
1.868618e+01 2.023460e-01 -1.688849e-04
1.868618e+01 2.834245e-01 -2.442468e-04
1.868618e+01 3.967448e-01 -3.421272e-04
1.868618e+01 5.552783e-01 -4.727919e-04
1.868618e+01 7.774819e-01 -6.568244e-04
1.868618e+01 1.088445e+00 -8.474436e-04
1.868618e+01 1.523711e+00 -1.02238e-03
1.868618e+01 2.088426e+00 -1.120919e-03
1.868618e+01 2.685505e+00 -9.923913e-04
1.907991e+01 1.570796e-02 -1.81667e-06
1.907991e+01 2.346256e-02 -3.218684e-06
1.907991e+01 3.503514e-02 -9.076402e-06
1.907991e+01 5.263151e-02 -1.799678e-05
1.907991e+01 7.314235e-02 -3.492948e-05
1.907991e+01 1.025928e-01 -5.324326e-05
1.907991e+01 1.448116e-01 -9.064494e-05
1.907991e+01 2.023460e-01 -1.351456e-04
1.907991e+01 2.834245e-01 -1.955278e-04
1.907991e+01 3.967448e-01 -2.755795e-04
1.907991e+01 5.552783e-01 -3.839729e-04
1.907991e+01 7.774819e-01 -5.351885e-04
1.907991e+01 1.088445e+00 -6.919464e-04
1.907991e+01 1.523711e+00 -8.294920e-04
1.907991e+01 2.088426e+00 -8.965385e-04
1.907991e+01 2.685505e+00 -7.705129e-04
1.948151e+01 1.570796e-02 -1.475542e-06
1.948151e+01 2.346256e-02 -2.490993e-06
1.948151e+01 3.503514e-02 -7.18122e-06
1.948151e+01 5.263151e-02 -1.431185e-05
1.948151e+01 7.314235e-02 -2.758965e-05
1.948151e+01 1.025928e-01 -4.183456e-05
1.948151e+01 1.448116e-01 -7.180790e-05
1.948151e+01 2.023460e-01 -1.072625e-04
1.948151e+01 2.834245e-01 -1.553340e-04
1.948151e+01 3.967448e-01 -2.202849e-04
1.948151e+01 5.552783e-01 -3.088008e-04
1.948151e+01 7.774819e-01 -4.334769e-04
1.948151e+01 1.088445e+00 -5.597573e-04
1.948151e+01 1.523711e+00 -6.683755e-04
1.948151e+01 2.088426e+00 -7.122343e-04
1.948151e+01 2.685505e+00 -5.930903e-04
1.989114e+01 1.570796e-02 -1.170085e-06
1.989114e+01 2.346256e-02 -1.91759e-06
1.989114e+01 3.503514e-02 -5.614541e-06
1.989114e+01 5.263151e-02 -1.123406e-05
1.989114e+01 7.314235e-02 -2.153407e-05
1.989114e+01 1.025928e-01 -3.284859e-05
1.989114e+01 1.448116e-01 -5.601588e-05
1.989114e+01 2.023460e-01 -8.393501e-05
1.989114e+01 2.834245e-01 -1.217514e-04
1.989114e+01 3.967448e-01 -1.739801e-04
1.989114e+01 5.552783e-01 -2.46031e-04
1.989114e+01 7.774819e-01 -3.475797e-04
1.989114e+01 1.088445e+00 -4.493531e-04
1.989114e+01 1.523711e+00 -5.343960e-04
1.989114e+01 2.088426e+00 -5.636649e-04
1.989114e+01 2.685505e+00 -4.533574e-04
2.030896e+01 1.570796e-02 -9.131843e-07
2.030896e+01 2.346256e-02 -1.425077e-06
2.030896e+01 3.503514e-02 -4.330889e-06
2.030896e+01 5.263151e-02 -8.638676e-06
2.030896e+01 7.314235e-02 -1.659189e-05
2.030896e+01 1.025928e-01 -2.530570e-05
2.030896e+01 1.448116e-01 -4.321307e-05
2.030896e+01 2.023460e-01 -6.482112e-05
2.030896e+01 2.834245e-01 -9.448831e-05
2.030896e+01 3.967448e-01 -1.361627e-04
2.030896e+01 5.552783e-01 -1.944181e-04
2.030896e+01 7.774819e-01 -2.763450e-04
2.030896e+01 1.088445e+00 -3.584849e-04
2.030896e+01 1.523711e+00 -4.274228e-04
2.030896e+01 2.088426e+00 -4.461528e-04
2.030896e+01 2.685505e+00 -3.496885e-04
2.073514e+01 1.570796e-02 -7.067193e-07
2.073514e+01 2.346256e-02 -1.028723e-06
2.073514e+01 3.503514e-02 -3.308559e-06
2.073514e+01 5.263151e-02 -6.562596e-06
2.073514e+01 7.314235e-02 -1.267039e-05
2.073514e+01 1.025928e-01 -1.934823e-05
2.073514e+01 1.448116e-01 -3.310926e-05
2.073514e+01 2.023460e-01 -4.97408e-05
2.073514e+01 2.834245e-01 -7.257011e-05
2.073514e+01 3.967448e-01 -1.053801e-04
2.073514e+01 5.552783e-01 -1.522904e-04
2.073514e+01 7.774819e-01 -2.185590e-04
2.073514e+01 1.088445e+00 -2.846461e-04
2.073514e+01 1.523711e+00 -3.413093e-04
2.073514e+01 2.088426e+00 -3.554927e-04
2.073514e+01 2.685505e+00 -2.680967e-04
2.116984e+01 1.570796e-02 -5.30149e-07
2.116984e+01 2.346256e-02 -7.419985e-07
2.116984e+01 3.503514e-02 -2.489646e-06
2.116984e+01 5.263151e-02 -4.934069e-06
2.116984e+01 7.314235e-02 -9.531306e-06
2.116984e+01 1.025928e-01 -1.446665e-05
2.116984e+01 1.448116e-01 -2.499859e-05
2.116984e+01 2.023460e-01 -3.752722e-05
2.116984e+01 2.834245e-01 -5.497485e-05
2.116984e+01 3.967448e-01 -8.046058e-05
2.116984e+01 5.552783e-01 -1.177003e-04
2.116984e+01 7.774819e-01 -1.699651e-04
2.116984e+01 1.088445e+00 -2.233044e-04
2.116984e+01 1.523711e+00 -2.697237e-04
2.116984e+01 2.088426e+00 -2.82419e-04
2.116984e+01 2.685505e+00 -2.107176e-04
2.161324e+01 1.570796e-02 -3.940058e-07
2.161324e+01 2.346256e-02 -5.433525e-07
2.161324e+01 3.503514e-02 -1.848452e-06
2.161324e+01 5.263151e-02 -3.649956e-06
2.161324e+01 7.314235e-02 -7.134221e-06
2.161324e+01 1.025928e-01 -1.068518e-05
2.161324e+01 1.448116e-01 -1.865003e-05
2.161324e+01 2.023460e-01 -2.790193e-05
2.161324e+01 2.834245e-01 -4.124388e-05
2.161324e+01 3.967448e-01 -6.063201e-05
2.161324e+01 5.552783e-01 -8.983075e-05
2.161324e+01 7.774819e-01 -1.306968e-04
2.161324e+01 1.088445e+00 -1.734474e-04
2.161324e+01 1.523711e+00 -2.129204e-04
2.161324e+01 2.088426e+00 -2.245823e-04
2.161324e+01 2.685505e+00 -1.649983e-04
2.206550e+01 1.570796e-02 -2.873596e-07
2.206550e+01 2.346256e-02 -3.940090e-07
2.206550e+01 3.503514e-02 -1.332406e-06
2.206550e+01 5.263151e-02 -2.669158e-06
2.206550e+01 7.314235e-02 -5.191052e-06
2.206550e+01 1.025928e-01 -7.807400e-06
2.206550e+01 1.448116e-01 -1.358793e-05
2.206550e+01 2.023460e-01 -2.037526e-05
2.206550e+01 2.834245e-01 -3.019976e-05
2.206550e+01 3.967448e-01 -4.488405e-05
2.206550e+01 5.552783e-01 -6.73332e-05
2.206550e+01 7.774819e-01 -9.855646e-05
2.206550e+01 1.088445e+00 -1.325020e-04
2.206550e+01 1.523711e+00 -1.655010e-04
2.206550e+01 2.088426e+00 -1.763542e-04
2.206550e+01 2.685505e+00 -1.295769e-04
2.252681e+01 1.570796e-02 -2.109055e-07
2.252681e+01 2.346256e-02 -2.779773e-07
2.252681e+01 3.503514e-02 -9.54937e-07
2.252681e+01 5.263151e-02 -1.930575e-06
2.252681e+01 7.314235e-02 -3.728163e-06
2.252681e+01 1.025928e-01 -5.620472e-06
2.252681e+01 1.448116e-01 -9.830603e-06
2.252681e+01 2.023460e-01 -1.482729e-05
2.252681e+01 2.834245e-01 -2.202554e-05
2.252681e+01 3.967448e-01 -3.302207e-05
2.252681e+01 5.552783e-01 -4.994022e-05
2.252681e+01 7.774819e-01 -7.387006e-05
2.252681e+01 1.088445e+00 -1.005775e-04
2.252681e+01 1.523711e+00 -1.282576e-04
2.252681e+01 2.088426e+00 -1.392321e-04
2.252681e+01 2.685505e+00 -1.047333e-04
2.299735e+01 1.570796e-02 -1.541854e-07
2.299735e+01 2.346256e-02 -1.918083e-07
2.299735e+01 3.503514e-02 -6.839456e-07
2.299735e+01 5.263151e-02 -1.379556e-06
2.299735e+01 7.314235e-02 -2.661186e-06
2.299735e+01 1.025928e-01 -4.017438e-06
2.299735e+01 1.448116e-01 -7.034803e-06
2.299735e+01 2.023460e-01 -1.068159e-05
2.299735e+01 2.834245e-01 -1.586998e-05
2.299735e+01 3.967448e-01 -2.404338e-05
2.299735e+01 5.552783e-01 -3.653447e-05
2.299735e+01 7.774819e-01 -5.459805e-05
2.299735e+01 1.088445e+00 -7.522068e-05
2.299735e+01 1.523711e+00 -9.782891e-05
2.299735e+01 2.088426e+00 -1.097898e-04
2.299735e+01 2.685505e+00 -8.525279e-05
2.34773e+01 1.570796e-02 -1.101127e-07
2.34773e+01 2.346256e-02 -1.278884e-07
2.34773e+01 3.503514e-02 -4.745353e-07
2.34773e+01 5.263151e-02 -9.431252e-07
2.34773e+01 7.314235e-02 -1.835518e-06
2.34773e+01 1.025928e-01 -2.762126e-06
2.34773e+01 1.448116e-01 -4.888888e-06
2.34773e+01 2.023460e-01 -7.393108e-06
2.34773e+01 2.834245e-01 -1.106792e-05
2.34773e+01 3.967448e-01 -1.695226e-05
2.34773e+01 5.552783e-01 -2.590294e-05
2.34773e+01 7.774819e-01 -3.900302e-05
2.34773e+01 1.088445e+00 -5.445982e-05
2.34773e+01 1.523711e+00 -7.259215e-05
2.34773e+01 2.088426e+00 -8.444511e-05
2.34773e+01 2.685505e+00 -6.985863e-05
2.396684e+01 1.570796e-02 -7.597003e-08
2.396684e+01 2.346256e-02 -9.255301e-08
2.396684e+01 3.503514e-02 -3.236369e-07
2.396684e+01 5.263151e-02 -6.524535e-07
2.396684e+01 7.314235e-02 -1.265091e-06
2.396684e+01 1.025928e-01 -1.907176e-06
2.396684e+01 1.448116e-01 -3.385985e-06
2.396684e+01 2.023460e-01 -5.098676e-06
2.396684e+01 2.834245e-01 -7.711236e-06
2.396684e+01 3.967448e-01 -1.187195e-05
2.396684e+01 5.552783e-01 -1.83466e-05
2.396684e+01 7.774819e-01 -2.769075e-05
2.396684e+01 1.088445e+00 -3.901411e-05
2.396684e+01 1.523711e+00 -5.255638e-05
2.396684e+01 2.088426e+00 -6.223215e-05
2.396684e+01 2.685505e+00 -5.218056e-05
2.446618e+01 1.570796e-02 -5.136471e-08
2.446618e+01 2.346256e-02 -6.024376e-08
2.446618e+01 3.503514e-02 -2.192688e-07
2.446618e+01 5.263151e-02 -4.404837e-07
2.446618e+01 7.314235e-02 -8.57039e-07
2.446618e+01 1.025928e-01 -1.285055e-06
2.446618e+01 1.448116e-01 -2.295553e-06
2.446618e+01 2.023460e-01 -3.464801e-06
2.446618e+01 2.834245e-01 -5.226736e-06
2.446618e+01 3.967448e-01 -8.167337e-06
2.446618e+01 5.552783e-01 -1.269268e-05
2.446618e+01 7.774819e-01 -1.926042e-05
2.446618e+01 1.088445e+00 -2.727757e-05
2.446618e+01 1.523711e+00 -3.728407e-05
2.446618e+01 2.088426e+00 -4.508659e-05
2.446618e+01 2.685505e+00 -3.904433e-05
2.497550e+01 1.570796e-02 -3.470501e-08
2.497550e+01 2.346256e-02 -4.308957e-08
2.497550e+01 3.503514e-02 -1.467778e-07
2.497550e+01 5.263151e-02 -2.960646e-07
2.497550e+01 7.314235e-02 -5.749264e-07
2.497550e+01 1.025928e-01 -8.592055e-07
2.497550e+01 1.448116e-01 -1.538344e-06
2.497550e+01 2.023460e-01 -2.331338e-06
2.497550e+01 2.834245e-01 -3.527804e-06
2.497550e+01 3.967448e-01 -5.56378e-06
2.497550e+01 5.552783e-01 -8.712042e-06
2.497550e+01 7.774819e-01 -1.326309e-05
2.497550e+01 1.088445e+00 -1.893907e-05
2.497550e+01 1.523711e+00 -2.623537e-05
2.497550e+01 2.088426e+00 -3.252103e-05
2.497550e+01 2.685505e+00 -2.94329e-05
2.549501e+01 1.570796e-02 -2.338280e-08
2.549501e+01 2.346256e-02 -3.000787e-08
2.549501e+01 3.503514e-02 -9.583028e-08
2.549501e+01 5.263151e-02 -1.975598e-07
2.549501e+01 7.314235e-02 -3.821542e-07
2.549501e+01 1.025928e-01 -5.683621e-07
2.549501e+01 1.448116e-01 -1.014480e-06
2.549501e+01 2.023460e-01 -1.546353e-06
2.549501e+01 2.834245e-01 -2.350779e-06
2.549501e+01 3.967448e-01 -3.735807e-06
2.549501e+01 5.552783e-01 -5.884609e-06
2.549501e+01 7.774819e-01 -8.977995e-06
2.549501e+01 1.088445e+00 -1.293788e-05
2.549501e+01 1.523711e+00 -1.82182e-05
2.549501e+01 2.088426e+00 -2.311694e-05
2.549501e+01 2.685505e+00 -2.172771e-05
2.602491e+01 1.570796e-02 -1.526272e-08
2.602491e+01 2.346256e-02 -1.913134e-08
2.602491e+01 3.503514e-02 -6.241549e-08
2.602491e+01 5.263151e-02 -1.270664e-07
2.602491e+01 7.314235e-02 -2.484974e-07
2.602491e+01 1.025928e-01 -3.684065e-07
2.602491e+01 1.448116e-01 -6.609578e-07
2.602491e+01 2.023460e-01 -1.009955e-06
2.602491e+01 2.834245e-01 -1.533430e-06
2.602491e+01 3.967448e-01 -2.466071e-06
2.602491e+01 5.552783e-01 -3.909849e-06
2.602491e+01 7.774819e-01 -5.988176e-06
2.602491e+01 1.088445e+00 -8.676381e-06
2.602491e+01 1.523711e+00 -1.248116e-05
2.602491e+01 2.088426e+00 -1.623745e-05
2.602491e+01 2.685505e+00 -1.611856e-05
2.656541e+01 1.570796e-02 -9.539976e-09
2.656541e+01 2.346256e-02 -1.213446e-08
2.656541e+01 3.503514e-02 -4.072845e-08
2.656541e+01 5.263151e-02 -8.096269e-08
2.656541e+01 7.314235e-02 -1.570863e-07
2.656541e+01 1.025928e-01 -2.357006e-07
2.656541e+01 1.448116e-01 -4.212063e-07
2.656541e+01 2.023460e-01 -6.444482e-07
2.656541e+01 2.834245e-01 -9.886752e-07
2.656541e+01 3.967448e-01 -1.599028e-06
2.656541e+01 5.552783e-01 -2.535972e-06
2.656541e+01 7.774819e-01 -3.902481e-06
2.656541e+01 1.088445e+00 -5.733554e-06
2.656541e+01 1.523711e+00 -8.386969e-06
2.656541e+01 2.088426e+00 -1.121556e-05
2.656541e+01 2.685505e+00 -1.149932e-05
2.711672e+01 1.570796e-02 2.019984e-10
2.711672e+01 2.346256e-02 5.838853e-10
2.711672e+01 3.503514e-02 1.024759e-09
2.711672e+01 5.263151e-02 2.113673e-09
2.711672e+01 7.314235e-02 4.496324e-09
2.711672e+01 1.025928e-01 6.820222e-09
2.711672e+01 1.448116e-01 1.191631e-08
2.711672e+01 2.023460e-01 1.834656e-08
2.711672e+01 2.834245e-01 2.849634e-08
2.711672e+01 3.967448e-01 4.290826e-08
2.711672e+01 5.552783e-01 6.303317e-08
2.711672e+01 7.774819e-01 8.524981e-08
2.711672e+01 1.088445e+00 1.000947e-07
2.711672e+01 1.523711e+00 9.631667e-08
2.711672e+01 2.088426e+00 7.185911e-08
2.711672e+01 2.685505e+00 3.489148e-08
2.767905e+01 1.570796e-02 1.921113e-10
2.767905e+01 2.346256e-02 5.457159e-10
2.767905e+01 3.503514e-02 9.758066e-10
2.767905e+01 5.263151e-02 2.000803e-09
2.767905e+01 7.314235e-02 4.242577e-09
2.767905e+01 1.025928e-01 6.402653e-09
2.767905e+01 1.448116e-01 1.116966e-08
2.767905e+01 2.023460e-01 1.721357e-08
2.767905e+01 2.834245e-01 2.677201e-08
2.767905e+01 3.967448e-01 4.039334e-08
2.767905e+01 5.552783e-01 5.945439e-08
2.767905e+01 7.774819e-01 8.075144e-08
2.767905e+01 1.088445e+00 9.592584e-08
2.767905e+01 1.523711e+00 9.481490e-08
2.767905e+01 2.088426e+00 7.375014e-08
2.767905e+01 2.685505e+00 3.830165e-08
2.825263e+01 1.570796e-02 1.792372e-10
2.825263e+01 2.346256e-02 5.024849e-10
2.825263e+01 3.503514e-02 9.114918e-10
2.825263e+01 5.263151e-02 1.861641e-09
2.825263e+01 7.314235e-02 3.936105e-09
2.825263e+01 1.025928e-01 5.923488e-09
2.825263e+01 1.448116e-01 1.032410e-08
2.825263e+01 2.023460e-01 1.594425e-08
2.825263e+01 2.834245e-01 2.485420e-08
2.825263e+01 3.967448e-01 3.757974e-08
2.825263e+01 5.552783e-01 5.546045e-08
2.825263e+01 7.774819e-01 7.568735e-08
2.825263e+01 1.088445e+00 9.097642e-08
2.825263e+01 1.523711e+00 9.233311e-08
2.825263e+01 2.088426e+00 7.485928e-08
2.825263e+01 2.685505e+00 4.171423e-08
2.883769e+01 1.570796e-02 1.640669e-10
2.883769e+01 2.346256e-02 4.558515e-10
2.883769e+01 3.503514e-02 8.363982e-10
2.883769e+01 5.263151e-02 1.703332e-09
2.883769e+01 7.314235e-02 3.596633e-09
2.883769e+01 1.025928e-01 5.398456e-09
2.883769e+01 1.448116e-01 9.409908e-09
2.883769e+01 2.023460e-01 1.457145e-08
2.883769e+01 2.834245e-01 2.278849e-08
2.883769e+01 3.967448e-01 3.454539e-08
2.883769e+01 5.552783e-01 5.110265e-08
2.883769e+01 7.774819e-01 7.013844e-08
2.883769e+01 1.088445e+00 8.533408e-08
2.883769e+01 1.523711e+00 8.894493e-08
2.883769e+01 2.088426e+00 7.521383e-08
2.883769e+01 2.685505e+00 4.497607e-08
2.943444e+01 1.570796e-02 1.474006e-10
2.943444e+01 2.346256e-02 4.077138e-10
2.943444e+01 3.503514e-02 7.538410e-10
2.943444e+01 5.263151e-02 1.53241e-09
2.943444e+01 7.314235e-02 3.232865e-09
2.943444e+01 1.025928e-01 4.846155e-09
2.943444e+01 1.448116e-01 8.448218e-09
2.943444e+01 2.023460e-01 1.312488e-08
2.943444e+01 2.834245e-01 2.059995e-08
2.943444e+01 3.967448e-01 3.130627e-08
2.943444e+01 5.552783e-01 4.643781e-08
2.943444e+01 7.774819e-01 6.408748e-08
2.943444e+01 1.088445e+00 7.902378e-08
2.943444e+01 1.523711e+00 8.458982e-08
2.943444e+01 2.088426e+00 7.473818e-08
2.943444e+01 2.685505e+00 4.816360e-08
3.004313e+01 1.570796e-02 1.298924e-10
3.004313e+01 2.346256e-02 3.587287e-10
3.004313e+01 3.503514e-02 6.665649e-10
3.004313e+01 5.263151e-02 1.354027e-09
3.004313e+01 7.314235e-02 2.85413e-09
3.004313e+01 1.025928e-01 4.275924e-09
3.004313e+01 1.448116e-01 7.457546e-09
3.004313e+01 2.023460e-01 1.162958e-08
3.004313e+01 2.834245e-01 1.831399e-08
3.004313e+01 3.967448e-01 2.789537e-08
3.004313e+01 5.552783e-01 4.152691e-08
3.004313e+01 7.774819e-01 5.762391e-08
3.004313e+01 1.088445e+00 7.199632e-08
3.004313e+01 1.523711e+00 7.918266e-08
3.004313e+01 2.088426e+00 7.319518e-08
3.004313e+01 2.685505e+00 5.109016e-08
3.066399e+01 1.570796e-02 1.121115e-10
3.066399e+01 2.346256e-02 3.09032e-10
3.066399e+01 3.503514e-02 5.76594e-10
3.066399e+01 5.263151e-02 1.171143e-09
3.066399e+01 7.314235e-02 2.467405e-09
3.066399e+01 1.025928e-01 3.697129e-09
3.066399e+01 1.448116e-01 6.452314e-09
3.066399e+01 2.023460e-01 1.009983e-08
3.066399e+01 2.834245e-01 1.596143e-08
3.066399e+01 3.967448e-01 2.43655e-08
3.066399e+01 5.552783e-01 3.639128e-08
3.066399e+01 7.774819e-01 5.07802e-08
3.066399e+01 1.088445e+00 6.429921e-08
3.066399e+01 1.523711e+00 7.269587e-08
3.066399e+01 2.088426e+00 7.041070e-08
3.066399e+01 2.685505e+00 5.328749e-08
3.129727e+01 1.570796e-02 9.403025e-11
3.129727e+01 2.346256e-02 2.600727e-10
3.129727e+01 3.503514e-02 4.854475e-10
3.129727e+01 5.263151e-02 9.857203e-10
3.129727e+01 7.314235e-02 2.078619e-09
3.129727e+01 1.025928e-01 3.114108e-09
3.129727e+01 1.448116e-01 5.439636e-09
3.129727e+01 2.023460e-01 8.549153e-09
3.129727e+01 2.834245e-01 1.355487e-08
3.129727e+01 3.967448e-01 2.073391e-08
3.129727e+01 5.552783e-01 3.107569e-08
3.129727e+01 7.774819e-01 4.359083e-08
3.129727e+01 1.088445e+00 5.596151e-08
3.129727e+01 1.523711e+00 6.504978e-08
3.129727e+01 2.088426e+00 6.619534e-08
3.129727e+01 2.685505e+00 5.459092e-08
3.194322e+01 1.570796e-02 7.610086e-11
3.194322e+01 2.346256e-02 2.110410e-10
3.194322e+01 3.503514e-02 3.939152e-10
3.194322e+01 5.263151e-02 8.007301e-10
3.194322e+01 7.314235e-02 1.689542e-09
3.194322e+01 1.025928e-01 2.532177e-09
3.194322e+01 1.448116e-01 4.427064e-09
3.194322e+01 2.023460e-01 6.985255e-09
3.194322e+01 2.834245e-01 1.110849e-08
3.194322e+01 3.967448e-01 1.7017e-08
3.194322e+01 5.552783e-01 2.560037e-08
3.194322e+01 7.774819e-01 3.611073e-08
3.194322e+01 1.088445e+00 4.696695e-08
3.194322e+01 1.523711e+00 5.615720e-08
3.194322e+01 2.088426e+00 6.028277e-08
3.194322e+01 2.685505e+00 5.424e-08
3.260208e+01 1.570796e-02 5.846594e-11
3.260208e+01 2.346256e-02 1.624710e-10
3.260208e+01 3.503514e-02 3.031886e-10
3.260208e+01 5.263151e-02 6.167016e-10
3.260208e+01 7.314235e-02 1.303298e-09
3.260208e+01 1.025928e-01 1.954345e-09
3.260208e+01 1.448116e-01 3.420089e-09
3.260208e+01 2.023460e-01 5.418098e-09
3.260208e+01 2.834245e-01 8.637926e-09
3.260208e+01 3.967448e-01 1.325245e-08
3.260208e+01 5.552783e-01 1.999618e-08
3.260208e+01 7.774819e-01 2.834554e-08
3.260208e+01 1.088445e+00 3.736523e-08
3.260208e+01 1.523711e+00 4.598452e-08
3.260208e+01 2.088426e+00 5.214796e-08
3.260208e+01 2.685505e+00 5.115377e-08
3.327412e+01 1.570796e-02 4.104529e-11
3.327412e+01 2.346256e-02 1.145537e-10
3.327412e+01 3.503514e-02 2.135807e-10
3.327412e+01 5.263151e-02 4.347615e-10
3.327412e+01 7.314235e-02 9.195332e-10
3.327412e+01 1.025928e-01 1.380847e-09
3.327412e+01 1.448116e-01 2.418670e-09
3.327412e+01 2.023460e-01 3.847649e-09
3.327412e+01 2.834245e-01 6.152331e-09
3.327412e+01 3.967448e-01 9.447471e-09
3.327412e+01 5.552783e-01 1.430002e-08
3.327412e+01 7.774819e-01 2.036402e-08
3.327412e+01 1.088445e+00 2.721447e-08
3.327412e+01 1.523711e+00 3.448914e-08
3.327412e+01 2.088426e+00 4.139510e-08
3.327412e+01 2.685505e+00 4.416871e-08
3.395961e+01 1.570796e-02 2.490931e-11
3.395961e+01 2.346256e-02 6.990214e-11
3.395961e+01 3.503514e-02 1.293432e-10
3.395961e+01 5.263151e-02 2.645907e-10
3.395961e+01 7.314235e-02 5.598994e-10
3.395961e+01 1.025928e-01 8.415872e-10
3.395961e+01 1.448116e-01 1.473056e-09
3.395961e+01 2.023460e-01 2.341827e-09
3.395961e+01 2.834245e-01 3.733976e-09
3.395961e+01 3.967448e-01 5.707814e-09
3.395961e+01 5.552783e-01 8.617095e-09
3.395961e+01 7.774819e-01 1.226834e-08
3.395961e+01 1.088445e+00 1.654212e-08
3.395961e+01 1.523711e+00 2.153074e-08
3.395961e+01 2.088426e+00 2.723776e-08
3.395961e+01 2.685505e+00 3.124687e-08
3.46588e+01 1.570796e-02 7.940581e-12
3.46588e+01 2.346256e-02 2.080703e-11
3.46588e+01 3.503514e-02 4.300674e-11
3.46588e+01 5.263151e-02 8.159807e-11
3.46588e+01 7.314235e-02 1.776216e-10
3.46588e+01 1.025928e-01 2.654322e-10
3.46588e+01 1.448116e-01 4.637189e-10
3.46588e+01 2.023460e-01 7.488576e-10
3.46588e+01 2.834245e-01 1.204763e-09
3.46588e+01 3.967448e-01 1.854848e-09
3.46588e+01 5.552783e-01 2.813113e-09
3.46588e+01 7.774819e-01 4.034719e-09
3.46588e+01 1.088445e+00 5.508570e-09
3.46588e+01 1.523711e+00 7.335172e-09
3.46588e+01 2.088426e+00 9.755737e-09
3.46588e+01 2.685505e+00 1.204221e-08
3.537197e+01 1.570796e-02 0.e+00
3.537197e+01 2.346256e-02 0.e+00
3.537197e+01 3.503514e-02 0.e+00
3.537197e+01 5.263151e-02 0.e+00
3.537197e+01 7.314235e-02 0.e+00
3.537197e+01 1.025928e-01 0.e+00
3.537197e+01 1.448116e-01 0.e+00
3.537197e+01 2.023460e-01 0.e+00
3.537197e+01 2.834245e-01 0.e+00
3.537197e+01 3.967448e-01 0.e+00
3.537197e+01 5.552783e-01 0.e+00
3.537197e+01 7.774819e-01 0.e+00
3.537197e+01 1.088445e+00 0.e+00
3.537197e+01 1.523711e+00 0.e+00
3.537197e+01 2.088426e+00 0.e+00
3.537197e+01 2.685505e+00 0.e+00
