5.e+00 0.e+00
5.12e+00 0.e+00
5.2424e+00 2.160948e-04
5.367248e+00 2.391464e-03
5.494593e+00 1.418286e-02
5.624485e+00 3.47361e-02
5.756975e+00 6.580369e-02
5.892114e+00 1.059973e-01
6.029956e+00 1.503167e-01
6.170555e+00 1.95911e-01
6.313967e+00 2.420868e-01
6.460246e+00 2.863431e-01
6.609451e+00 3.287847e-01
6.76164e+00 3.689927e-01
6.916873e+00 4.073826e-01
7.07521e+00 4.438686e-01
7.236714e+00 4.783269e-01
7.401449e+00 5.111168e-01
7.569477e+00 5.421424e-01
7.740867e+00 5.714676e-01
7.915684e+00 5.992169e-01
8.093998e+00 6.254763e-01
8.275878e+00 6.503240e-01
8.461396e+00 6.739235e-01
8.650623e+00 6.963217e-01
8.843636e+00 7.175544e-01
9.040509e+00 7.376802e-01
9.241319e+00 7.567747e-01
9.446145e+00 7.749134e-01
9.655068e+00 7.920798e-01
9.86817e+00 8.083714e-01
1.008553e+01 8.237649e-01
1.030724e+01 8.383193e-01
1.053339e+01 8.520068e-01
1.076406e+01 8.649256e-01
1.099934e+01 8.771235e-01
1.123932e+01 8.885544e-01
1.148411e+01 8.992246e-01
1.173379e+01 9.091757e-01
1.198847e+01 9.184421e-01
1.224824e+01 9.270183e-01
1.25132e+01 9.349229e-01
1.278347e+01 9.422098e-01
1.305914e+01 9.488990e-01
1.334032e+01 9.550036e-01
1.362713e+01 9.605238e-01
1.391967e+01 9.655386e-01
1.421806e+01 9.700553e-01
1.452242e+01 9.740911e-01
1.483287e+01 9.776957e-01
1.514953e+01 9.808946e-01
1.547252e+01 9.837066e-01
1.580197e+01 9.861791e-01
1.613801e+01 9.883261e-01
1.648077e+01 9.901997e-01
1.683038e+01 9.918136e-01
1.718699e+01 9.932011e-01
1.755073e+01 9.943867e-01
1.792175e+01 9.953881e-01
1.830018e+01 9.962302e-01
1.868618e+01 9.969357e-01
1.907991e+01 9.975238e-01
1.948151e+01 9.980122e-01
1.989114e+01 9.984150e-01
2.030896e+01 9.987353e-01
2.073514e+01 9.989848e-01
2.116984e+01 9.991840e-01
2.161324e+01 9.993419e-01
2.20655e+01 9.994643e-01
2.252681e+01 9.995565e-01
2.299735e+01 9.996259e-01
2.34773e+01 9.996820e-01
2.396684e+01 9.997245e-01
2.446618e+01 9.997487e-01
2.49755e+01 9.997592e-01
2.549501e+01 9.997667e-01
2.602491e+01 9.997736e-01
2.656541e+01 9.997782e-01
2.711672e+01 9.997846e-01
2.767905e+01 9.997846e-01
2.825263e+01 9.997845e-01
2.883769e+01 9.997845e-01
2.943444e+01 9.997845e-01
3.004313e+01 9.997807e-01
3.066399e+01 9.997807e-01
3.129727e+01 9.997806e-01
3.194322e+01 9.997805e-01
3.260208e+01 9.997803e-01
3.327412e+01 9.997803e-01
3.395961e+01 9.997802e-01
3.46588e+01 9.997802e-01
3.537197e+01 9.997802e-01
