5.e+00 1.570796e-02 0.e+00
5.e+00 2.346256e-02 0.e+00
5.e+00 3.503514e-02 0.e+00
5.e+00 5.263151e-02 0.e+00
5.e+00 7.314235e-02 0.e+00
5.e+00 1.025928e-01 0.e+00
5.e+00 1.448116e-01 0.e+00
5.e+00 2.023460e-01 0.e+00
5.e+00 2.834245e-01 0.e+00
5.e+00 3.967448e-01 0.e+00
5.e+00 5.552783e-01 0.e+00
5.e+00 7.774819e-01 0.e+00
5.e+00 1.088445e+00 0.e+00
5.e+00 1.523711e+00 0.e+00
5.e+00 2.088426e+00 0.e+00
5.e+00 2.685505e+00 0.e+00
5.12e+00 1.570796e-02 0.e+00
5.12e+00 2.346256e-02 0.e+00
5.12e+00 3.503514e-02 0.e+00
5.12e+00 5.263151e-02 0.e+00
5.12e+00 7.314235e-02 0.e+00
5.12e+00 1.025928e-01 0.e+00
5.12e+00 1.448116e-01 0.e+00
5.12e+00 2.023460e-01 0.e+00
5.12e+00 2.834245e-01 0.e+00
5.12e+00 3.967448e-01 0.e+00
5.12e+00 5.552783e-01 0.e+00
5.12e+00 7.774819e-01 0.e+00
5.12e+00 1.088445e+00 0.e+00
5.12e+00 1.523711e+00 0.e+00
5.12e+00 2.088426e+00 0.e+00
5.12e+00 2.685505e+00 0.e+00
5.2424e+00 1.570796e-02 0.e+00
5.2424e+00 2.346256e-02 0.e+00
5.2424e+00 3.503514e-02 0.e+00
5.2424e+00 5.263151e-02 0.e+00
5.2424e+00 7.314235e-02 0.e+00
5.2424e+00 1.025928e-01 0.e+00
5.2424e+00 1.448116e-01 0.e+00
5.2424e+00 2.023460e-01 0.e+00
5.2424e+00 2.834245e-01 0.e+00
5.2424e+00 3.967448e-01 0.e+00
5.2424e+00 5.552783e-01 0.e+00
5.2424e+00 7.774819e-01 0.e+00
5.2424e+00 1.088445e+00 0.e+00
5.2424e+00 1.523711e+00 0.e+00
5.2424e+00 2.088426e+00 0.e+00
5.2424e+00 2.685505e+00 0.e+00
5.367248e+00 1.570796e-02 0.e+00
5.367248e+00 2.346256e-02 0.e+00
5.367248e+00 3.503514e-02 0.e+00
5.367248e+00 5.263151e-02 0.e+00
5.367248e+00 7.314235e-02 0.e+00
5.367248e+00 1.025928e-01 0.e+00
5.367248e+00 1.448116e-01 0.e+00
5.367248e+00 2.023460e-01 0.e+00
5.367248e+00 2.834245e-01 0.e+00
5.367248e+00 3.967448e-01 0.e+00
5.367248e+00 5.552783e-01 0.e+00
5.367248e+00 7.774819e-01 0.e+00
5.367248e+00 1.088445e+00 0.e+00
5.367248e+00 1.523711e+00 0.e+00
5.367248e+00 2.088426e+00 0.e+00
5.367248e+00 2.685505e+00 0.e+00
5.494593e+00 1.570796e-02 0.e+00
5.494593e+00 2.346256e-02 0.e+00
5.494593e+00 3.503514e-02 0.e+00
5.494593e+00 5.263151e-02 0.e+00
5.494593e+00 7.314235e-02 0.e+00
5.494593e+00 1.025928e-01 0.e+00
5.494593e+00 1.448116e-01 0.e+00
5.494593e+00 2.023460e-01 0.e+00
5.494593e+00 2.834245e-01 0.e+00
5.494593e+00 3.967448e-01 0.e+00
5.494593e+00 5.552783e-01 0.e+00
5.494593e+00 7.774819e-01 0.e+00
5.494593e+00 1.088445e+00 0.e+00
5.494593e+00 1.523711e+00 0.e+00
5.494593e+00 2.088426e+00 0.e+00
5.494593e+00 2.685505e+00 0.e+00
5.624485e+00 1.570796e-02 0.e+00
5.624485e+00 2.346256e-02 0.e+00
5.624485e+00 3.503514e-02 0.e+00
5.624485e+00 5.263151e-02 0.e+00
5.624485e+00 7.314235e-02 0.e+00
5.624485e+00 1.025928e-01 0.e+00
5.624485e+00 1.448116e-01 0.e+00
5.624485e+00 2.023460e-01 0.e+00
5.624485e+00 2.834245e-01 0.e+00
5.624485e+00 3.967448e-01 0.e+00
5.624485e+00 5.552783e-01 0.e+00
5.624485e+00 7.774819e-01 0.e+00
5.624485e+00 1.088445e+00 0.e+00
5.624485e+00 1.523711e+00 0.e+00
5.624485e+00 2.088426e+00 0.e+00
5.624485e+00 2.685505e+00 0.e+00
5.756975e+00 1.570796e-02 0.e+00
5.756975e+00 2.346256e-02 0.e+00
5.756975e+00 3.503514e-02 0.e+00
5.756975e+00 5.263151e-02 0.e+00
5.756975e+00 7.314235e-02 0.e+00
5.756975e+00 1.025928e-01 0.e+00
5.756975e+00 1.448116e-01 0.e+00
5.756975e+00 2.023460e-01 0.e+00
5.756975e+00 2.834245e-01 0.e+00
5.756975e+00 3.967448e-01 0.e+00
5.756975e+00 5.552783e-01 0.e+00
5.756975e+00 7.774819e-01 0.e+00
5.756975e+00 1.088445e+00 0.e+00
5.756975e+00 1.523711e+00 0.e+00
5.756975e+00 2.088426e+00 0.e+00
5.756975e+00 2.685505e+00 0.e+00
5.892114e+00 1.570796e-02 0.e+00
5.892114e+00 2.346256e-02 0.e+00
5.892114e+00 3.503514e-02 0.e+00
5.892114e+00 5.263151e-02 0.e+00
5.892114e+00 7.314235e-02 0.e+00
5.892114e+00 1.025928e-01 0.e+00
5.892114e+00 1.448116e-01 0.e+00
5.892114e+00 2.023460e-01 0.e+00
5.892114e+00 2.834245e-01 0.e+00
5.892114e+00 3.967448e-01 0.e+00
5.892114e+00 5.552783e-01 0.e+00
5.892114e+00 7.774819e-01 0.e+00
5.892114e+00 1.088445e+00 0.e+00
5.892114e+00 1.523711e+00 0.e+00
5.892114e+00 2.088426e+00 0.e+00
5.892114e+00 2.685505e+00 0.e+00
6.029956e+00 1.570796e-02 0.e+00
6.029956e+00 2.346256e-02 0.e+00
6.029956e+00 3.503514e-02 0.e+00
6.029956e+00 5.263151e-02 0.e+00
6.029956e+00 7.314235e-02 0.e+00
6.029956e+00 1.025928e-01 0.e+00
6.029956e+00 1.448116e-01 0.e+00
6.029956e+00 2.023460e-01 0.e+00
6.029956e+00 2.834245e-01 0.e+00
6.029956e+00 3.967448e-01 0.e+00
6.029956e+00 5.552783e-01 0.e+00
6.029956e+00 7.774819e-01 0.e+00
6.029956e+00 1.088445e+00 0.e+00
6.029956e+00 1.523711e+00 0.e+00
6.029956e+00 2.088426e+00 0.e+00
6.029956e+00 2.685505e+00 0.e+00
6.170555e+00 1.570796e-02 0.e+00
6.170555e+00 2.346256e-02 0.e+00
6.170555e+00 3.503514e-02 0.e+00
6.170555e+00 5.263151e-02 0.e+00
6.170555e+00 7.314235e-02 0.e+00
6.170555e+00 1.025928e-01 0.e+00
6.170555e+00 1.448116e-01 0.e+00
6.170555e+00 2.023460e-01 0.e+00
6.170555e+00 2.834245e-01 0.e+00
6.170555e+00 3.967448e-01 0.e+00
6.170555e+00 5.552783e-01 0.e+00
6.170555e+00 7.774819e-01 0.e+00
6.170555e+00 1.088445e+00 0.e+00
6.170555e+00 1.523711e+00 0.e+00
6.170555e+00 2.088426e+00 0.e+00
6.170555e+00 2.685505e+00 0.e+00
6.313967e+00 1.570796e-02 -2.106057e-05
6.313967e+00 2.346256e-02 -1.47449e-05
6.313967e+00 3.503514e-02 -3.174417e-05
6.313967e+00 5.263151e-02 -1.135873e-05
6.313967e+00 7.314235e-02 -4.946094e-05
6.313967e+00 1.025928e-01 -5.540218e-06
6.313967e+00 1.448116e-01 -6.857103e-05
6.313967e+00 2.023460e-01 -2.453973e-05
6.313967e+00 2.834245e-01 -9.028765e-06
6.313967e+00 3.967448e-01 -1.179965e-05
6.313967e+00 5.552783e-01 -1.162760e-05
6.313967e+00 7.774819e-01 -9.20675e-06
6.313967e+00 1.088445e+00 -1.25788e-05
6.313967e+00 1.523711e+00 -1.324689e-05
6.313967e+00 2.088426e+00 -1.516733e-05
6.313967e+00 2.685505e+00 -1.41518e-05
6.460246e+00 1.570796e-02 -1.256389e-04
6.460246e+00 2.346256e-02 -9.383542e-05
6.460246e+00 3.503514e-02 -1.581546e-04
6.460246e+00 5.263151e-02 -2.352133e-04
6.460246e+00 7.314235e-02 -3.003583e-04
6.460246e+00 1.025928e-01 -1.034197e-04
6.460246e+00 1.448116e-01 -2.14529e-04
6.460246e+00 2.023460e-01 -1.836134e-04
6.460246e+00 2.834245e-01 -2.553511e-04
6.460246e+00 3.967448e-01 -1.559272e-04
6.460246e+00 5.552783e-01 -1.336581e-04
6.460246e+00 7.774819e-01 -1.331169e-04
6.460246e+00 1.088445e+00 -1.241297e-04
6.460246e+00 1.523711e+00 -1.140182e-04
6.460246e+00 2.088426e+00 -1.317805e-04
6.460246e+00 2.685505e+00 -1.303087e-04
6.609451e+00 1.570796e-02 -2.828199e-04
6.609451e+00 2.346256e-02 -2.954671e-04
6.609451e+00 3.503514e-02 -3.417129e-04
6.609451e+00 5.263151e-02 -6.541434e-04
6.609451e+00 7.314235e-02 -8.509926e-04
6.609451e+00 1.025928e-01 -6.437406e-04
6.609451e+00 1.448116e-01 -8.468323e-04
6.609451e+00 2.023460e-01 -7.695299e-04
6.609451e+00 2.834245e-01 -8.752613e-04
6.609451e+00 3.967448e-01 -6.605012e-04
6.609451e+00 5.552783e-01 -5.532237e-04
6.609451e+00 7.774819e-01 -5.164363e-04
6.609451e+00 1.088445e+00 -4.504440e-04
6.609451e+00 1.523711e+00 -4.365139e-04
6.609451e+00 2.088426e+00 -4.799229e-04
6.609451e+00 2.685505e+00 -5.008928e-04
6.76164e+00 1.570796e-02 -5.764156e-04
6.76164e+00 2.346256e-02 -7.730660e-04
6.76164e+00 3.503514e-02 -1.180909e-03
6.76164e+00 5.263151e-02 -2.011323e-03
6.76164e+00 7.314235e-02 -3.032648e-03
6.76164e+00 1.025928e-01 -2.247142e-03
6.76164e+00 1.448116e-01 -2.891285e-03
6.76164e+00 2.023460e-01 -2.686644e-03
6.76164e+00 2.834245e-01 -2.743091e-03
6.76164e+00 3.967448e-01 -2.180776e-03
6.76164e+00 5.552783e-01 -1.921107e-03
6.76164e+00 7.774819e-01 -1.728292e-03
6.76164e+00 1.088445e+00 -1.491259e-03
6.76164e+00 1.523711e+00 -1.440658e-03
6.76164e+00 2.088426e+00 -1.570744e-03
6.76164e+00 2.685505e+00 -1.630980e-03
6.916873e+00 1.570796e-02 -7.186624e-04
6.916873e+00 2.346256e-02 -1.430447e-03
6.916873e+00 3.503514e-02 -2.381879e-03
6.916873e+00 5.263151e-02 -3.517128e-03
6.916873e+00 7.314235e-02 -5.860943e-03
6.916873e+00 1.025928e-01 -4.555346e-03
6.916873e+00 1.448116e-01 -5.374568e-03
6.916873e+00 2.023460e-01 -5.65801e-03
6.916873e+00 2.834245e-01 -5.445407e-03
6.916873e+00 3.967448e-01 -4.568940e-03
6.916873e+00 5.552783e-01 -4.191359e-03
6.916873e+00 7.774819e-01 -3.609079e-03
6.916873e+00 1.088445e+00 -3.093969e-03
6.916873e+00 1.523711e+00 -2.974014e-03
6.916873e+00 2.088426e+00 -3.213174e-03
6.916873e+00 2.685505e+00 -3.292640e-03
7.075210e+00 1.570796e-02 -7.743876e-04
7.075210e+00 2.346256e-02 -1.900494e-03
7.075210e+00 3.503514e-02 -3.521137e-03
7.075210e+00 5.263151e-02 -5.29429e-03
7.075210e+00 7.314235e-02 -8.896550e-03
7.075210e+00 1.025928e-01 -7.986530e-03
7.075210e+00 1.448116e-01 -9.350269e-03
7.075210e+00 2.023460e-01 -9.740177e-03
7.075210e+00 2.834245e-01 -9.477966e-03
7.075210e+00 3.967448e-01 -8.178672e-03
7.075210e+00 5.552783e-01 -7.316074e-03
7.075210e+00 7.774819e-01 -6.380840e-03
7.075210e+00 1.088445e+00 -5.401788e-03
7.075210e+00 1.523711e+00 -5.095555e-03
7.075210e+00 2.088426e+00 -5.449179e-03
7.075210e+00 2.685505e+00 -5.563819e-03
7.236714e+00 1.570796e-02 -8.130193e-04
7.236714e+00 2.346256e-02 -2.137708e-03
7.236714e+00 3.503514e-02 -4.256078e-03
7.236714e+00 5.263151e-02 -6.767787e-03
7.236714e+00 7.314235e-02 -1.165899e-02
7.236714e+00 1.025928e-01 -1.180260e-02
7.236714e+00 1.448116e-01 -1.423918e-02
7.236714e+00 2.023460e-01 -1.469019e-02
7.236714e+00 2.834245e-01 -1.449011e-02
7.236714e+00 3.967448e-01 -1.260363e-02
7.236714e+00 5.552783e-01 -1.143991e-02
7.236714e+00 7.774819e-01 -9.853190e-03
7.236714e+00 1.088445e+00 -8.367284e-03
7.236714e+00 1.523711e+00 -7.793603e-03
7.236714e+00 2.088426e+00 -8.207362e-03
7.236714e+00 2.685505e+00 -8.265897e-03
7.401449e+00 1.570796e-02 -8.421252e-04
7.401449e+00 2.346256e-02 -2.088811e-03
7.401449e+00 3.503514e-02 -4.550744e-03
7.401449e+00 5.263151e-02 -7.834825e-03
7.401449e+00 7.314235e-02 -1.356594e-02
7.401449e+00 1.025928e-01 -1.520749e-02
7.401449e+00 1.448116e-01 -1.872544e-02
7.401449e+00 2.023460e-01 -1.959170e-02
7.401449e+00 2.834245e-01 -1.949333e-02
7.401449e+00 3.967448e-01 -1.741322e-02
7.401449e+00 5.552783e-01 -1.59086e-02
7.401449e+00 7.774819e-01 -1.365338e-02
7.401449e+00 1.088445e+00 -1.162802e-02
7.401449e+00 1.523711e+00 -1.065296e-02
7.401449e+00 2.088426e+00 -1.114301e-02
7.401449e+00 2.685505e+00 -1.115782e-02
7.569477e+00 1.570796e-02 -8.416162e-04
7.569477e+00 2.346256e-02 -1.982646e-03
7.569477e+00 3.503514e-02 -4.507734e-03
7.569477e+00 5.263151e-02 -8.084123e-03
7.569477e+00 7.314235e-02 -1.466029e-02
7.569477e+00 1.025928e-01 -1.771023e-02
7.569477e+00 1.448116e-01 -2.30953e-02
7.569477e+00 2.023460e-01 -2.422767e-02
7.569477e+00 2.834245e-01 -2.43423e-02
7.569477e+00 3.967448e-01 -2.232636e-02
7.569477e+00 5.552783e-01 -2.044931e-02
7.569477e+00 7.774819e-01 -1.768595e-02
7.569477e+00 1.088445e+00 -1.492256e-02
7.569477e+00 1.523711e+00 -1.365658e-02
7.569477e+00 2.088426e+00 -1.399326e-02
7.569477e+00 2.685505e+00 -1.389831e-02
7.740867e+00 1.570796e-02 -7.831763e-04
7.740867e+00 2.346256e-02 -1.887870e-03
7.740867e+00 3.503514e-02 -4.239777e-03
7.740867e+00 5.263151e-02 -7.939919e-03
7.740867e+00 7.314235e-02 -1.491725e-02
7.740867e+00 1.025928e-01 -1.918897e-02
7.740867e+00 1.448116e-01 -2.589784e-02
7.740867e+00 2.023460e-01 -2.804332e-02
7.740867e+00 2.834245e-01 -2.864761e-02
7.740867e+00 3.967448e-01 -2.683917e-02
7.740867e+00 5.552783e-01 -2.464523e-02
7.740867e+00 7.774819e-01 -2.137125e-02
7.740867e+00 1.088445e+00 -1.810999e-02
7.740867e+00 1.523711e+00 -1.635192e-02
7.740867e+00 2.088426e+00 -1.658606e-02
7.740867e+00 2.685505e+00 -1.630205e-02
7.915684e+00 1.570796e-02 -7.132719e-04
7.915684e+00 2.346256e-02 -1.72371e-03
7.915684e+00 3.503514e-02 -3.994722e-03
7.915684e+00 5.263151e-02 -7.634405e-03
7.915684e+00 7.314235e-02 -1.45685e-02
7.915684e+00 1.025928e-01 -1.974962e-02
7.915684e+00 1.448116e-01 -2.748422e-02
7.915684e+00 2.023460e-01 -3.073935e-02
7.915684e+00 2.834245e-01 -3.195553e-02
7.915684e+00 3.967448e-01 -3.046263e-02
7.915684e+00 5.552783e-01 -2.833022e-02
7.915684e+00 7.774819e-01 -2.4686e-02
7.915684e+00 1.088445e+00 -2.091132e-02
7.915684e+00 1.523711e+00 -1.873807e-02
7.915684e+00 2.088426e+00 -1.880019e-02
7.915684e+00 2.685505e+00 -1.816046e-02
8.093998e+00 1.570796e-02 -6.424092e-04
8.093998e+00 2.346256e-02 -1.587228e-03
8.093998e+00 3.503514e-02 -3.633306e-03
8.093998e+00 5.263151e-02 -7.102432e-03
8.093998e+00 7.314235e-02 -1.375113e-02
8.093998e+00 1.025928e-01 -1.947229e-02
8.093998e+00 1.448116e-01 -2.798961e-02
8.093998e+00 2.023460e-01 -3.223406e-02
8.093998e+00 2.834245e-01 -3.424887e-02
8.093998e+00 3.967448e-01 -3.344728e-02
8.093998e+00 5.552783e-01 -3.136886e-02
8.093998e+00 7.774819e-01 -2.754176e-02
8.093998e+00 1.088445e+00 -2.334057e-02
8.093998e+00 1.523711e+00 -2.080103e-02
8.093998e+00 2.088426e+00 -2.06839e-02
8.093998e+00 2.685505e+00 -1.990607e-02
8.275878e+00 1.570796e-02 -5.886332e-04
8.275878e+00 2.346256e-02 -1.471014e-03
8.275878e+00 3.503514e-02 -3.241357e-03
8.275878e+00 5.263151e-02 -6.488846e-03
8.275878e+00 7.314235e-02 -1.279112e-02
8.275878e+00 1.025928e-01 -1.856014e-02
8.275878e+00 1.448116e-01 -2.765648e-02
8.275878e+00 2.023460e-01 -3.27321e-02
8.275878e+00 2.834245e-01 -3.564700e-02
8.275878e+00 3.967448e-01 -3.558627e-02
8.275878e+00 5.552783e-01 -3.378742e-02
8.275878e+00 7.774819e-01 -2.990516e-02
8.275878e+00 1.088445e+00 -2.536367e-02
8.275878e+00 1.523711e+00 -2.253764e-02
8.275878e+00 2.088426e+00 -2.226011e-02
8.275878e+00 2.685505e+00 -2.115399e-02
8.461396e+00 1.570796e-02 -5.359434e-04
8.461396e+00 2.346256e-02 -1.341631e-03
8.461396e+00 3.503514e-02 -2.854061e-03
8.461396e+00 5.263151e-02 -5.886575e-03
8.461396e+00 7.314235e-02 -1.172484e-02
8.461396e+00 1.025928e-01 -1.738292e-02
8.461396e+00 1.448116e-01 -2.661551e-02
8.461396e+00 2.023460e-01 -3.240900e-02
8.461396e+00 2.834245e-01 -3.626771e-02
8.461396e+00 3.967448e-01 -3.687753e-02
8.461396e+00 5.552783e-01 -3.544972e-02
8.461396e+00 7.774819e-01 -3.177507e-02
8.461396e+00 1.088445e+00 -2.701046e-02
8.461396e+00 1.523711e+00 -2.395484e-02
8.461396e+00 2.088426e+00 -2.352026e-02
8.461396e+00 2.685505e+00 -2.217952e-02
8.650623e+00 1.570796e-02 -4.860736e-04
8.650623e+00 2.346256e-02 -1.222277e-03
8.650623e+00 3.503514e-02 -2.539881e-03
8.650623e+00 5.263151e-02 -5.313061e-03
8.650623e+00 7.314235e-02 -1.064738e-02
8.650623e+00 1.025928e-01 -1.605006e-02
8.650623e+00 1.448116e-01 -2.504649e-02
8.650623e+00 2.023460e-01 -3.139522e-02
8.650623e+00 2.834245e-01 -3.604782e-02
8.650623e+00 3.967448e-01 -3.743949e-02
8.650623e+00 5.552783e-01 -3.655212e-02
8.650623e+00 7.774819e-01 -3.302159e-02
8.650623e+00 1.088445e+00 -2.826944e-02
8.650623e+00 1.523711e+00 -2.504943e-02
8.650623e+00 2.088426e+00 -2.450417e-02
8.650623e+00 2.685505e+00 -2.287743e-02
8.843636e+00 1.570796e-02 -4.350132e-04
8.843636e+00 2.346256e-02 -1.115476e-03
8.843636e+00 3.503514e-02 -2.275571e-03
8.843636e+00 5.263151e-02 -4.786093e-03
8.843636e+00 7.314235e-02 -9.586884e-03
8.843636e+00 1.025928e-01 -1.457819e-02
8.843636e+00 1.448116e-01 -2.314694e-02
8.843636e+00 2.023460e-01 -2.980344e-02
8.843636e+00 2.834245e-01 -3.519375e-02
8.843636e+00 3.967448e-01 -3.738173e-02
8.843636e+00 5.552783e-01 -3.704588e-02
8.843636e+00 7.774819e-01 -3.377591e-02
8.843636e+00 1.088445e+00 -2.919336e-02
8.843636e+00 1.523711e+00 -2.586506e-02
8.843636e+00 2.088426e+00 -2.526098e-02
8.843636e+00 2.685505e+00 -2.336514e-02
9.040509e+00 1.570796e-02 -3.845922e-04
9.040509e+00 2.346256e-02 -1.005502e-03
9.040509e+00 3.503514e-02 -2.039394e-03
9.040509e+00 5.263151e-02 -4.293614e-03
9.040509e+00 7.314235e-02 -8.593470e-03
9.040509e+00 1.025928e-01 -1.308728e-02
9.040509e+00 1.448116e-01 -2.112582e-02
9.040509e+00 2.023460e-01 -2.790310e-02
9.040509e+00 2.834245e-01 -3.38414e-02
9.040509e+00 3.967448e-01 -3.676912e-02
9.040509e+00 5.552783e-01 -3.697310e-02
9.040509e+00 7.774819e-01 -3.4143e-02
9.040509e+00 1.088445e+00 -2.973624e-02
9.040509e+00 1.523711e+00 -2.640155e-02
9.040509e+00 2.088426e+00 -2.571372e-02
9.040509e+00 2.685505e+00 -2.373814e-02
9.241319e+00 1.570796e-02 -3.372166e-04
9.241319e+00 2.346256e-02 -9.137655e-04
9.241319e+00 3.503514e-02 -1.814286e-03
9.241319e+00 5.263151e-02 -3.834135e-03
9.241319e+00 7.314235e-02 -7.676181e-03
9.241319e+00 1.025928e-01 -1.170213e-02
9.241319e+00 1.448116e-01 -1.914876e-02
9.241319e+00 2.023460e-01 -2.581819e-02
9.241319e+00 2.834245e-01 -3.209892e-02
9.241319e+00 3.967448e-01 -3.563463e-02
9.241319e+00 5.552783e-01 -3.635726e-02
9.241319e+00 7.774819e-01 -3.402869e-02
9.241319e+00 1.088445e+00 -2.990542e-02
9.241319e+00 1.523711e+00 -2.669687e-02
9.241319e+00 2.088426e+00 -2.592161e-02
9.241319e+00 2.685505e+00 -2.374068e-02
9.446145e+00 1.570796e-02 -2.951486e-04
9.446145e+00 2.346256e-02 -8.281954e-04
9.446145e+00 3.503514e-02 -1.617806e-03
9.446145e+00 5.263151e-02 -3.408236e-03
9.446145e+00 7.314235e-02 -6.836329e-03
9.446145e+00 1.025928e-01 -1.041854e-02
9.446145e+00 1.448116e-01 -1.722106e-02
9.446145e+00 2.023460e-01 -2.364663e-02
9.446145e+00 2.834245e-01 -3.005529e-02
9.446145e+00 3.967448e-01 -3.407063e-02
9.446145e+00 5.552783e-01 -3.530045e-02
9.446145e+00 7.774819e-01 -3.351599e-02
9.446145e+00 1.088445e+00 -2.970957e-02
9.446145e+00 1.523711e+00 -2.671156e-02
9.446145e+00 2.088426e+00 -2.592799e-02
9.446145e+00 2.685505e+00 -2.354644e-02
9.655068e+00 1.570796e-02 -2.587936e-04
9.655068e+00 2.346256e-02 -7.42653e-04
9.655068e+00 3.503514e-02 -1.447318e-03
9.655068e+00 5.263151e-02 -3.024383e-03
9.655068e+00 7.314235e-02 -6.070920e-03
9.655068e+00 1.025928e-01 -9.249505e-03
9.655068e+00 1.448116e-01 -1.539036e-02
9.655068e+00 2.023460e-01 -2.148645e-02
9.655068e+00 2.834245e-01 -2.782140e-02
9.655068e+00 3.967448e-01 -3.216777e-02
9.655068e+00 5.552783e-01 -3.39506e-02
9.655068e+00 7.774819e-01 -3.266177e-02
9.655068e+00 1.088445e+00 -2.921248e-02
9.655068e+00 1.523711e+00 -2.650868e-02
9.655068e+00 2.088426e+00 -2.576562e-02
9.655068e+00 2.685505e+00 -2.332071e-02
9.86817e+00 1.570796e-02 -2.289944e-04
9.86817e+00 2.346256e-02 -6.590841e-04
9.86817e+00 3.503514e-02 -1.28949e-03
9.86817e+00 5.263151e-02 -2.683331e-03
9.86817e+00 7.314235e-02 -5.378381e-03
9.86817e+00 1.025928e-01 -8.209579e-03
9.86817e+00 1.448116e-01 -1.370162e-02
9.86817e+00 2.023460e-01 -1.934912e-02
9.86817e+00 2.834245e-01 -2.548717e-02
9.86817e+00 3.967448e-01 -3.003392e-02
9.86817e+00 5.552783e-01 -3.224138e-02
9.86817e+00 7.774819e-01 -3.145397e-02
9.86817e+00 1.088445e+00 -2.850839e-02
9.86817e+00 1.523711e+00 -2.609669e-02
9.86817e+00 2.088426e+00 -2.539780e-02
9.86817e+00 2.685505e+00 -2.289259e-02
1.008553e+01 1.570796e-02 -2.018455e-04
1.008553e+01 2.346256e-02 -5.856915e-04
1.008553e+01 3.503514e-02 -1.145931e-03
1.008553e+01 5.263151e-02 -2.375156e-03
1.008553e+01 7.314235e-02 -4.763040e-03
1.008553e+01 1.025928e-01 -7.285257e-03
1.008553e+01 1.448116e-01 -1.216900e-02
1.008553e+01 2.023460e-01 -1.730943e-02
1.008553e+01 2.834245e-01 -2.312827e-02
1.008553e+01 3.967448e-01 -2.774216e-02
1.008553e+01 5.552783e-01 -3.030752e-02
1.008553e+01 7.774819e-01 -2.999198e-02
1.008553e+01 1.088445e+00 -2.757344e-02
1.008553e+01 1.523711e+00 -2.549009e-02
1.008553e+01 2.088426e+00 -2.487072e-02
1.008553e+01 2.685505e+00 -2.239258e-02
1.030724e+01 1.570796e-02 -1.783274e-04
1.030724e+01 2.346256e-02 -5.190197e-04
1.030724e+01 3.503514e-02 -1.019118e-03
1.030724e+01 5.263151e-02 -2.093618e-03
1.030724e+01 7.314235e-02 -4.204028e-03
1.030724e+01 1.025928e-01 -6.443459e-03
1.030724e+01 1.448116e-01 -1.076828e-02
1.030724e+01 2.023460e-01 -1.538707e-02
1.030724e+01 2.834245e-01 -2.082297e-02
1.030724e+01 3.967448e-01 -2.538567e-02
1.030724e+01 5.552783e-01 -2.823472e-02
1.030724e+01 7.774819e-01 -2.837406e-02
1.030724e+01 1.088445e+00 -2.643507e-02
1.030724e+01 1.523711e+00 -2.471863e-02
1.030724e+01 2.088426e+00 -2.422009e-02
1.030724e+01 2.685505e+00 -2.163373e-02
1.053339e+01 1.570796e-02 -1.575842e-04
1.053339e+01 2.346256e-02 -4.564723e-04
1.053339e+01 3.503514e-02 -9.02616e-04
1.053339e+01 5.263151e-02 -1.839613e-03
1.053339e+01 7.314235e-02 -3.694402e-03
1.053339e+01 1.025928e-01 -5.681148e-03
1.053339e+01 1.448116e-01 -9.482255e-03
1.053339e+01 2.023460e-01 -1.361869e-02
1.053339e+01 2.834245e-01 -1.862460e-02
1.053339e+01 3.967448e-01 -2.303863e-02
1.053339e+01 5.552783e-01 -2.603959e-02
1.053339e+01 7.774819e-01 -2.659003e-02
1.053339e+01 1.088445e+00 -2.516849e-02
1.053339e+01 1.523711e+00 -2.378485e-02
1.053339e+01 2.088426e+00 -2.340149e-02
1.053339e+01 2.685505e+00 -2.078715e-02
1.076406e+01 1.570796e-02 -1.388832e-04
1.076406e+01 2.346256e-02 -3.995584e-04
1.076406e+01 3.503514e-02 -7.960267e-04
1.076406e+01 5.263151e-02 -1.610131e-03
1.076406e+01 7.314235e-02 -3.239045e-03
1.076406e+01 1.025928e-01 -4.984201e-03
1.076406e+01 1.448116e-01 -8.321948e-03
1.076406e+01 2.023460e-01 -1.197223e-02
1.076406e+01 2.834245e-01 -1.655392e-02
1.076406e+01 3.967448e-01 -2.074713e-02
1.076406e+01 5.552783e-01 -2.383473e-02
1.076406e+01 7.774819e-01 -2.471848e-02
1.076406e+01 1.088445e+00 -2.37545e-02
1.076406e+01 1.523711e+00 -2.275367e-02
1.076406e+01 2.088426e+00 -2.250607e-02
1.076406e+01 2.685505e+00 -1.993502e-02
1.099934e+01 1.570796e-02 -1.225347e-04
1.099934e+01 2.346256e-02 -3.460120e-04
1.099934e+01 3.503514e-02 -6.966364e-04
1.099934e+01 5.263151e-02 -1.406937e-03
1.099934e+01 7.314235e-02 -2.836837e-03
1.099934e+01 1.025928e-01 -4.355901e-03
1.099934e+01 1.448116e-01 -7.272149e-03
1.099934e+01 2.023460e-01 -1.048948e-02
1.099934e+01 2.834245e-01 -1.462154e-02
1.099934e+01 3.967448e-01 -1.857283e-02
1.099934e+01 5.552783e-01 -2.164315e-02
1.099934e+01 7.774819e-01 -2.279376e-02
1.099934e+01 1.088445e+00 -2.226292e-02
1.099934e+01 1.523711e+00 -2.163574e-02
1.099934e+01 2.088426e+00 -2.149825e-02
1.099934e+01 2.685505e+00 -1.902481e-02
1.123932e+01 1.570796e-02 -1.080357e-04
1.123932e+01 2.346256e-02 -2.978600e-04
1.123932e+01 3.503514e-02 -6.041002e-04
1.123932e+01 5.263151e-02 -1.227831e-03
1.123932e+01 7.314235e-02 -2.472420e-03
1.123932e+01 1.025928e-01 -3.791350e-03
1.123932e+01 1.448116e-01 -6.329354e-03
1.123932e+01 2.023460e-01 -9.147902e-03
1.123932e+01 2.834245e-01 -1.284078e-02
1.123932e+01 3.967448e-01 -1.650796e-02
1.123932e+01 5.552783e-01 -1.950228e-02
1.123932e+01 7.774819e-01 -2.087637e-02
1.123932e+01 1.088445e+00 -2.071823e-02
1.123932e+01 1.523711e+00 -2.041469e-02
1.123932e+01 2.088426e+00 -2.043863e-02
1.123932e+01 2.685505e+00 -1.799833e-02
1.148411e+01 1.570796e-02 -9.414941e-05
1.148411e+01 2.346256e-02 -2.561728e-04
1.148411e+01 3.503514e-02 -5.255889e-04
1.148411e+01 5.263151e-02 -1.064912e-03
1.148411e+01 7.314235e-02 -2.141876e-03
1.148411e+01 1.025928e-01 -3.288286e-03
1.148411e+01 1.448116e-01 -5.481678e-03
1.148411e+01 2.023460e-01 -7.952652e-03
1.148411e+01 2.834245e-01 -1.121605e-02
1.148411e+01 3.967448e-01 -1.456318e-02
1.148411e+01 5.552783e-01 -1.743531e-02
1.148411e+01 7.774819e-01 -1.894347e-02
1.148411e+01 1.088445e+00 -1.910489e-02
1.148411e+01 1.523711e+00 -1.909701e-02
1.148411e+01 2.088426e+00 -1.925397e-02
1.148411e+01 2.685505e+00 -1.687495e-02
1.173379e+01 1.570796e-02 -8.180504e-05
1.173379e+01 2.346256e-02 -2.204790e-04
1.173379e+01 3.503514e-02 -4.532913e-04
1.173379e+01 5.263151e-02 -9.221450e-04
1.173379e+01 7.314235e-02 -1.851023e-03
1.173379e+01 1.025928e-01 -2.84247e-03
1.173379e+01 1.448116e-01 -4.725341e-03
1.173379e+01 2.023460e-01 -6.887884e-03
1.173379e+01 2.834245e-01 -9.745798e-03
1.173379e+01 3.967448e-01 -1.276457e-02
1.173379e+01 5.552783e-01 -1.546406e-02
1.173379e+01 7.774819e-01 -1.707463e-02
1.173379e+01 1.088445e+00 -1.747194e-02
1.173379e+01 1.523711e+00 -1.768964e-02
1.173379e+01 2.088426e+00 -1.798194e-02
1.173379e+01 2.685505e+00 -1.573e-02
1.198847e+01 1.570796e-02 -7.0223e-05
1.198847e+01 2.346256e-02 -1.880927e-04
1.198847e+01 3.503514e-02 -3.925801e-04
1.198847e+01 5.263151e-02 -7.941942e-04
1.198847e+01 7.314235e-02 -1.59071e-03
1.198847e+01 1.025928e-01 -2.446922e-03
1.198847e+01 1.448116e-01 -4.060087e-03
1.198847e+01 2.023460e-01 -5.938166e-03
1.198847e+01 2.834245e-01 -8.432908e-03
1.198847e+01 3.967448e-01 -1.111637e-02
1.198847e+01 5.552783e-01 -1.361153e-02
1.198847e+01 7.774819e-01 -1.525098e-02
1.198847e+01 1.088445e+00 -1.587324e-02
1.198847e+01 1.523711e+00 -1.633143e-02
1.198847e+01 2.088426e+00 -1.672499e-02
1.198847e+01 2.685505e+00 -1.454736e-02
1.224824e+01 1.570796e-02 -6.012139e-05
1.224824e+01 2.346256e-02 -1.599588e-04
1.224824e+01 3.503514e-02 -3.367299e-04
1.224824e+01 5.263151e-02 -6.812923e-04
1.224824e+01 7.314235e-02 -1.359219e-03
1.224824e+01 1.025928e-01 -2.099575e-03
1.224824e+01 1.448116e-01 -3.481500e-03
1.224824e+01 2.023460e-01 -5.106197e-03
1.224824e+01 2.834245e-01 -7.262418e-03
1.224824e+01 3.967448e-01 -9.629584e-03
1.224824e+01 5.552783e-01 -1.190978e-02
1.224824e+01 7.774819e-01 -1.352960e-02
1.224824e+01 1.088445e+00 -1.432977e-02
1.224824e+01 1.523711e+00 -1.496127e-02
1.224824e+01 2.088426e+00 -1.545326e-02
1.224824e+01 2.685505e+00 -1.341832e-02
1.251320e+01 1.570796e-02 -5.188867e-05
1.251320e+01 2.346256e-02 -1.352333e-04
1.251320e+01 3.503514e-02 -2.864518e-04
1.251320e+01 5.263151e-02 -5.806291e-04
1.251320e+01 7.314235e-02 -1.159808e-03
1.251320e+01 1.025928e-01 -1.795012e-03
1.251320e+01 1.448116e-01 -2.969804e-03
1.251320e+01 2.023460e-01 -4.36574e-03
1.251320e+01 2.834245e-01 -6.217342e-03
1.251320e+01 3.967448e-01 -8.292243e-03
1.251320e+01 5.552783e-01 -1.033635e-02
1.251320e+01 7.774819e-01 -1.191155e-02
1.251320e+01 1.088445e+00 -1.281485e-02
1.251320e+01 1.523711e+00 -1.361913e-02
1.251320e+01 2.088426e+00 -1.419698e-02
1.251320e+01 2.685505e+00 -1.230717e-02
1.278347e+01 1.570796e-02 -4.410083e-05
1.278347e+01 2.346256e-02 -1.125849e-04
1.278347e+01 3.503514e-02 -2.431725e-04
1.278347e+01 5.263151e-02 -4.927913e-04
1.278347e+01 7.314235e-02 -9.8163e-04
1.278347e+01 1.025928e-01 -1.527668e-03
1.278347e+01 1.448116e-01 -2.519481e-03
1.278347e+01 2.023460e-01 -3.713870e-03
1.278347e+01 2.834245e-01 -5.294525e-03
1.278347e+01 3.967448e-01 -7.090956e-03
1.278347e+01 5.552783e-01 -8.910275e-03
1.278347e+01 7.774819e-01 -1.042883e-02
1.278347e+01 1.088445e+00 -1.140796e-02
1.278347e+01 1.523711e+00 -1.231804e-02
1.278347e+01 2.088426e+00 -1.293756e-02
1.278347e+01 2.685505e+00 -1.125518e-02
1.305914e+01 1.570796e-02 -3.70601e-05
1.305914e+01 2.346256e-02 -9.335422e-05
1.305914e+01 3.503514e-02 -2.049644e-04
1.305914e+01 5.263151e-02 -4.163081e-04
1.305914e+01 7.314235e-02 -8.308723e-04
1.305914e+01 1.025928e-01 -1.291244e-03
1.305914e+01 1.448116e-01 -2.123232e-03
1.305914e+01 2.023460e-01 -3.140283e-03
1.305914e+01 2.834245e-01 -4.487704e-03
1.305914e+01 3.967448e-01 -6.022564e-03
1.305914e+01 5.552783e-01 -7.638319e-03
1.305914e+01 7.774819e-01 -9.065460e-03
1.305914e+01 1.088445e+00 -1.007637e-02
1.305914e+01 1.523711e+00 -1.103769e-02
1.305914e+01 2.088426e+00 -1.172063e-02
1.305914e+01 2.685505e+00 -1.021119e-02
1.334032e+01 1.570796e-02 -3.149778e-05
1.334032e+01 2.346256e-02 -7.782787e-05
1.334032e+01 3.503514e-02 -1.723232e-04
1.334032e+01 5.263151e-02 -3.50313e-04
1.334032e+01 7.314235e-02 -6.986129e-04
1.334032e+01 1.025928e-01 -1.084338e-03
1.334032e+01 1.448116e-01 -1.785515e-03
1.334032e+01 2.023460e-01 -2.641663e-03
1.334032e+01 2.834245e-01 -3.784487e-03
1.334032e+01 3.967448e-01 -5.088426e-03
1.334032e+01 5.552783e-01 -6.497772e-03
1.334032e+01 7.774819e-01 -7.833051e-03
1.334032e+01 1.088445e+00 -8.850157e-03
1.334032e+01 1.523711e+00 -9.842270e-03
1.334032e+01 2.088426e+00 -1.055729e-02
1.334032e+01 2.685505e+00 -9.271102e-03
1.362713e+01 1.570796e-02 -2.630182e-05
1.362713e+01 2.346256e-02 -6.50135e-05
1.362713e+01 3.503514e-02 -1.441977e-04
1.362713e+01 5.263151e-02 -2.918586e-04
1.362713e+01 7.314235e-02 -5.835835e-04
1.362713e+01 1.025928e-01 -9.059143e-04
1.362713e+01 1.448116e-01 -1.491025e-03
1.362713e+01 2.023460e-01 -2.212049e-03
1.362713e+01 2.834245e-01 -3.166393e-03
1.362713e+01 3.967448e-01 -4.272101e-03
1.362713e+01 5.552783e-01 -5.494823e-03
1.362713e+01 7.774819e-01 -6.713797e-03
1.362713e+01 1.088445e+00 -7.707115e-03
1.362713e+01 1.523711e+00 -8.715084e-03
1.362713e+01 2.088426e+00 -9.453378e-03
1.362713e+01 2.685505e+00 -8.385988e-03
1.391967e+01 1.570796e-02 -2.201667e-05
1.391967e+01 2.346256e-02 -5.352489e-05
1.391967e+01 3.503514e-02 -1.191183e-04
1.391967e+01 5.263151e-02 -2.41639e-04
1.391967e+01 7.314235e-02 -4.842015e-04
1.391967e+01 1.025928e-01 -7.506041e-04
1.391967e+01 1.448116e-01 -1.237002e-03
1.391967e+01 2.023460e-01 -1.840696e-03
1.391967e+01 2.834245e-01 -2.637330e-03
1.391967e+01 3.967448e-01 -3.570289e-03
1.391967e+01 5.552783e-01 -4.620408e-03
1.391967e+01 7.774819e-01 -5.713714e-03
1.391967e+01 1.088445e+00 -6.682274e-03
1.391967e+01 1.523711e+00 -7.660665e-03
1.391967e+01 2.088426e+00 -8.427176e-03
1.391967e+01 2.685505e+00 -7.481906e-03
1.421806e+01 1.570796e-02 -1.816822e-05
1.421806e+01 2.346256e-02 -4.422258e-05
1.421806e+01 3.503514e-02 -9.881670e-05
1.421806e+01 5.263151e-02 -2.003524e-04
1.421806e+01 7.314235e-02 -3.983571e-04
1.421806e+01 1.025928e-01 -6.198737e-04
1.421806e+01 1.448116e-01 -1.022921e-03
1.421806e+01 2.023460e-01 -1.523785e-03
1.421806e+01 2.834245e-01 -2.182912e-03
1.421806e+01 3.967448e-01 -2.963873e-03
1.421806e+01 5.552783e-01 -3.863478e-03
1.421806e+01 7.774819e-01 -4.839706e-03
1.421806e+01 1.088445e+00 -5.757035e-03
1.421806e+01 1.523711e+00 -6.721883e-03
1.421806e+01 2.088426e+00 -7.458055e-03
1.421806e+01 2.685505e+00 -6.654088e-03
1.452242e+01 1.570796e-02 -1.50171e-05
1.452242e+01 2.346256e-02 -3.634831e-05
1.452242e+01 3.503514e-02 -8.109623e-05
1.452242e+01 5.263151e-02 -1.65562e-04
1.452242e+01 7.314235e-02 -3.273131e-04
1.452242e+01 1.025928e-01 -5.086357e-04
1.452242e+01 1.448116e-01 -8.398535e-04
1.452242e+01 2.023460e-01 -1.252936e-03
1.452242e+01 2.834245e-01 -1.797011e-03
1.452242e+01 3.967448e-01 -2.447335e-03
1.452242e+01 5.552783e-01 -3.21416e-03
1.452242e+01 7.774819e-01 -4.077084e-03
1.452242e+01 1.088445e+00 -4.913134e-03
1.452242e+01 1.523711e+00 -5.845843e-03
1.452242e+01 2.088426e+00 -6.548801e-03
1.452242e+01 2.685505e+00 -5.910796e-03
1.483287e+01 1.570796e-02 -1.250850e-05
1.483287e+01 2.346256e-02 -2.942537e-05
1.483287e+01 3.503514e-02 -6.657655e-05
1.483287e+01 5.263151e-02 -1.355720e-04
1.483287e+01 7.314235e-02 -2.671528e-04
1.483287e+01 1.025928e-01 -4.161086e-04
1.483287e+01 1.448116e-01 -6.862569e-04
1.483287e+01 2.023460e-01 -1.025238e-03
1.483287e+01 2.834245e-01 -1.473485e-03
1.483287e+01 3.967448e-01 -2.012317e-03
1.483287e+01 5.552783e-01 -2.663511e-03
1.483287e+01 7.774819e-01 -3.412262e-03
1.483287e+01 1.088445e+00 -4.17773e-03
1.483287e+01 1.523711e+00 -5.059257e-03
1.483287e+01 2.088426e+00 -5.735845e-03
1.483287e+01 2.685505e+00 -5.19094e-03
1.514953e+01 1.570796e-02 -1.020829e-05
1.514953e+01 2.346256e-02 -2.385858e-05
1.514953e+01 3.503514e-02 -5.399262e-05
1.514953e+01 5.263151e-02 -1.101806e-04
1.514953e+01 7.314235e-02 -2.176379e-04
1.514953e+01 1.025928e-01 -3.373976e-04
1.514953e+01 1.448116e-01 -5.590676e-04
1.514953e+01 2.023460e-01 -8.377225e-04
1.514953e+01 2.834245e-01 -1.200932e-03
1.514953e+01 3.967448e-01 -1.647031e-03
1.514953e+01 5.552783e-01 -2.192653e-03
1.514953e+01 7.774819e-01 -2.838151e-03
1.514953e+01 1.088445e+00 -3.545059e-03
1.514953e+01 1.523711e+00 -4.352998e-03
1.514953e+01 2.088426e+00 -4.998879e-03
1.514953e+01 2.685505e+00 -4.585765e-03
1.547252e+01 1.570796e-02 -8.292664e-06
1.547252e+01 2.346256e-02 -1.880707e-05
1.547252e+01 3.503514e-02 -4.350030e-05
1.547252e+01 5.263151e-02 -8.857439e-05
1.547252e+01 7.314235e-02 -1.751337e-04
1.547252e+01 1.025928e-01 -2.71915e-04
1.547252e+01 1.448116e-01 -4.508307e-04
1.547252e+01 2.023460e-01 -6.792115e-04
1.547252e+01 2.834245e-01 -9.716805e-04
1.547252e+01 3.967448e-01 -1.337349e-03
1.547252e+01 5.552783e-01 -1.789208e-03
1.547252e+01 7.774819e-01 -2.341427e-03
1.547252e+01 1.088445e+00 -2.976772e-03
1.547252e+01 1.523711e+00 -3.709196e-03
1.547252e+01 2.088426e+00 -4.310571e-03
1.547252e+01 2.685505e+00 -3.986500e-03
1.580197e+01 1.570796e-02 -6.777073e-06
1.580197e+01 2.346256e-02 -1.515929e-05
1.580197e+01 3.503514e-02 -3.490167e-05
1.580197e+01 5.263151e-02 -7.097143e-05
1.580197e+01 7.314235e-02 -1.409936e-04
1.580197e+01 1.025928e-01 -2.202783e-04
1.580197e+01 1.448116e-01 -3.635939e-04
1.580197e+01 2.023460e-01 -5.475275e-04
1.580197e+01 2.834245e-01 -7.819602e-04
1.580197e+01 3.967448e-01 -1.081487e-03
1.580197e+01 5.552783e-01 -1.456314e-03
1.580197e+01 7.774819e-01 -1.922768e-03
1.580197e+01 1.088445e+00 -2.477212e-03
1.580197e+01 1.523711e+00 -3.132383e-03
1.580197e+01 2.088426e+00 -3.677134e-03
1.580197e+01 2.685505e+00 -3.443424e-03
1.613801e+01 1.570796e-02 -5.487441e-06
1.613801e+01 2.346256e-02 -1.196247e-05
1.613801e+01 3.503514e-02 -2.785020e-05
1.613801e+01 5.263151e-02 -5.660552e-05
1.613801e+01 7.314235e-02 -1.126819e-04
1.613801e+01 1.025928e-01 -1.759996e-04
1.613801e+01 1.448116e-01 -2.91902e-04
1.613801e+01 2.023460e-01 -4.383456e-04
1.613801e+01 2.834245e-01 -6.253814e-04
1.613801e+01 3.967448e-01 -8.677339e-04
1.613801e+01 5.552783e-01 -1.175784e-03
1.613801e+01 7.774819e-01 -1.564333e-03
1.613801e+01 1.088445e+00 -2.047027e-03
1.613801e+01 1.523711e+00 -2.632582e-03
1.613801e+01 2.088426e+00 -3.128092e-03
1.613801e+01 2.685505e+00 -2.947438e-03
1.648077e+01 1.570796e-02 -4.529329e-06
1.648077e+01 2.346256e-02 -9.527494e-06
1.648077e+01 3.503514e-02 -2.266174e-05
1.648077e+01 5.263151e-02 -4.422386e-05
1.648077e+01 7.314235e-02 -9.024584e-05
1.648077e+01 1.025928e-01 -1.397514e-04
1.648077e+01 1.448116e-01 -2.311070e-04
1.648077e+01 2.023460e-01 -3.487637e-04
1.648077e+01 2.834245e-01 -4.986489e-04
1.648077e+01 3.967448e-01 -6.930057e-04
1.648077e+01 5.552783e-01 -9.463901e-04
1.648077e+01 7.774819e-01 -1.269270e-03
1.648077e+01 1.088445e+00 -1.685411e-03
1.648077e+01 1.523711e+00 -2.199269e-03
1.648077e+01 2.088426e+00 -2.639225e-03
1.648077e+01 2.685505e+00 -2.472666e-03
1.683038e+01 1.570796e-02 -3.476607e-06
1.683038e+01 2.346256e-02 -7.509535e-06
1.683038e+01 3.503514e-02 -1.805497e-05
1.683038e+01 5.263151e-02 -3.469616e-05
1.683038e+01 7.314235e-02 -7.118682e-05
1.683038e+01 1.025928e-01 -1.103847e-04
1.683038e+01 1.448116e-01 -1.822471e-04
1.683038e+01 2.023460e-01 -2.756507e-04
1.683038e+01 2.834245e-01 -3.944854e-04
1.683038e+01 3.967448e-01 -5.501450e-04
1.683038e+01 5.552783e-01 -7.561532e-04
1.683038e+01 7.774819e-01 -1.022781e-03
1.683038e+01 1.088445e+00 -1.381077e-03
1.683038e+01 1.523711e+00 -1.829011e-03
1.683038e+01 2.088426e+00 -2.215112e-03
1.683038e+01 2.685505e+00 -2.087558e-03
1.718699e+01 1.570796e-02 -2.800426e-06
1.718699e+01 2.346256e-02 -5.914256e-06
1.718699e+01 3.503514e-02 -1.430348e-05
1.718699e+01 5.263151e-02 -2.740644e-05
1.718699e+01 7.314235e-02 -5.528214e-05
1.718699e+01 1.025928e-01 -8.577656e-05
1.718699e+01 1.448116e-01 -1.442770e-04
1.718699e+01 2.023460e-01 -2.172235e-04
1.718699e+01 2.834245e-01 -3.109040e-04
1.718699e+01 3.967448e-01 -4.352195e-04
1.718699e+01 5.552783e-01 -5.994721e-04
1.718699e+01 7.774819e-01 -8.195903e-04
1.718699e+01 1.088445e+00 -1.118399e-03
1.718699e+01 1.523711e+00 -1.504059e-03
1.718699e+01 2.088426e+00 -1.843612e-03
1.718699e+01 2.685505e+00 -1.747782e-03
1.755073e+01 1.570796e-02 -2.220334e-06
1.755073e+01 2.346256e-02 -4.556409e-06
1.755073e+01 3.503514e-02 -1.129185e-05
1.755073e+01 5.263151e-02 -2.15527e-05
1.755073e+01 7.314235e-02 -4.297162e-05
1.755073e+01 1.025928e-01 -6.703111e-05
1.755073e+01 1.448116e-01 -1.128351e-04
1.755073e+01 2.023460e-01 -1.699397e-04
1.755073e+01 2.834245e-01 -2.442760e-04
1.755073e+01 3.967448e-01 -3.414546e-04
1.755073e+01 5.552783e-01 -4.740444e-04
1.755073e+01 7.774819e-01 -6.526208e-04
1.755073e+01 1.088445e+00 -8.979636e-04
1.755073e+01 1.523711e+00 -1.222324e-03
1.755073e+01 2.088426e+00 -1.507581e-03
1.755073e+01 2.685505e+00 -1.435731e-03
1.792175e+01 1.570796e-02 -1.757339e-06
1.792175e+01 2.346256e-02 -3.396928e-06
1.792175e+01 3.503514e-02 -8.768475e-06
1.792175e+01 5.263151e-02 -1.643352e-05
1.792175e+01 7.314235e-02 -3.319138e-05
1.792175e+01 1.025928e-01 -5.111942e-05
1.792175e+01 1.448116e-01 -8.645153e-05
1.792175e+01 2.023460e-01 -1.309418e-04
1.792175e+01 2.834245e-01 -1.879277e-04
1.792175e+01 3.967448e-01 -2.633967e-04
1.792175e+01 5.552783e-01 -3.665018e-04
1.792175e+01 7.774819e-01 -5.111792e-04
1.792175e+01 1.088445e+00 -7.115704e-04
1.792175e+01 1.523711e+00 -9.794376e-04
1.792175e+01 2.088426e+00 -1.222321e-03
1.792175e+01 2.685505e+00 -1.176476e-03
1.830018e+01 1.570796e-02 -1.400978e-06
1.830018e+01 2.346256e-02 -2.540279e-06
1.830018e+01 3.503514e-02 -6.69706e-06
1.830018e+01 5.263151e-02 -1.255899e-05
1.830018e+01 7.314235e-02 -2.521765e-05
1.830018e+01 1.025928e-01 -3.899697e-05
1.830018e+01 1.448116e-01 -6.608685e-05
1.830018e+01 2.023460e-01 -1.006229e-04
1.830018e+01 2.834245e-01 -1.441580e-04
1.830018e+01 3.967448e-01 -2.043255e-04
1.830018e+01 5.552783e-01 -2.845338e-04
1.830018e+01 7.774819e-01 -4.022653e-04
1.830018e+01 1.088445e+00 -5.630246e-04
1.830018e+01 1.523711e+00 -7.803046e-04
1.830018e+01 2.088426e+00 -9.82115e-04
1.830018e+01 2.685505e+00 -9.512892e-04
1.868618e+01 1.570796e-02 -1.090418e-06
1.868618e+01 2.346256e-02 -1.801589e-06
1.868618e+01 3.503514e-02 -5.124788e-06
1.868618e+01 5.263151e-02 -9.765325e-06
1.868618e+01 7.314235e-02 -1.946018e-05
1.868618e+01 1.025928e-01 -2.981037e-05
1.868618e+01 1.448116e-01 -5.02021e-05
1.868618e+01 2.023460e-01 -7.619126e-05
1.868618e+01 2.834245e-01 -1.101514e-04
1.868618e+01 3.967448e-01 -1.556079e-04
1.868618e+01 5.552783e-01 -2.201464e-04
1.868618e+01 7.774819e-01 -3.134815e-04
1.868618e+01 1.088445e+00 -4.400496e-04
1.868618e+01 1.523711e+00 -6.170994e-04
1.868618e+01 2.088426e+00 -7.779931e-04
1.868618e+01 2.685505e+00 -7.48969e-04
1.907991e+01 1.570796e-02 -8.329480e-07
1.907991e+01 2.346256e-02 -1.308572e-06
1.907991e+01 3.503514e-02 -3.903701e-06
1.907991e+01 5.263151e-02 -7.538804e-06
1.907991e+01 7.314235e-02 -1.451007e-05
1.907991e+01 1.025928e-01 -2.226786e-05
1.907991e+01 1.448116e-01 -3.782325e-05
1.907991e+01 2.023460e-01 -5.760776e-05
1.907991e+01 2.834245e-01 -8.261458e-05
1.907991e+01 3.967448e-01 -1.173098e-04
1.907991e+01 5.552783e-01 -1.666309e-04
1.907991e+01 7.774819e-01 -2.406649e-04
1.907991e+01 1.088445e+00 -3.40079e-04
1.907991e+01 1.523711e+00 -4.798122e-04
1.907991e+01 2.088426e+00 -6.073332e-04
1.907991e+01 2.685505e+00 -5.801407e-04
1.948151e+01 1.570796e-02 -6.069978e-07
1.948151e+01 2.346256e-02 -9.963590e-07
1.948151e+01 3.503514e-02 -2.778742e-06
1.948151e+01 5.263151e-02 -5.490437e-06
1.948151e+01 7.314235e-02 -1.056311e-05
1.948151e+01 1.025928e-01 -1.628403e-05
1.948151e+01 1.448116e-01 -2.755042e-05
1.948151e+01 2.023460e-01 -4.215824e-05
1.948151e+01 2.834245e-01 -6.048436e-05
1.948151e+01 3.967448e-01 -8.608341e-05
1.948151e+01 5.552783e-01 -1.235577e-04
1.948151e+01 7.774819e-01 -1.807661e-04
1.948151e+01 1.088445e+00 -2.561788e-04
1.948151e+01 1.523711e+00 -3.624465e-04
1.948151e+01 2.088426e+00 -4.609564e-04
1.948151e+01 2.685505e+00 -4.392090e-04
1.989114e+01 1.570796e-02 -4.666819e-07
1.989114e+01 2.346256e-02 -6.766196e-07
1.989114e+01 3.503514e-02 -1.988509e-06
1.989114e+01 5.263151e-02 -4.060449e-06
1.989114e+01 7.314235e-02 -7.729889e-06
1.989114e+01 1.025928e-01 -1.171953e-05
1.989114e+01 1.448116e-01 -2.014482e-05
1.989114e+01 2.023460e-01 -3.081192e-05
1.989114e+01 2.834245e-01 -4.419908e-05
1.989114e+01 3.967448e-01 -6.343976e-05
1.989114e+01 5.552783e-01 -9.089433e-05
1.989114e+01 7.774819e-01 -1.345197e-04
1.989114e+01 1.088445e+00 -1.906288e-04
1.989114e+01 1.523711e+00 -2.701121e-04
1.989114e+01 2.088426e+00 -3.44807e-04
1.989114e+01 2.685505e+00 -3.312519e-04
2.030896e+01 1.570796e-02 -3.436181e-07
2.030896e+01 2.346256e-02 -4.717233e-07
2.030896e+01 3.503514e-02 -1.431887e-06
2.030896e+01 5.263151e-02 -2.933179e-06
2.030896e+01 7.314235e-02 -5.498797e-06
2.030896e+01 1.025928e-01 -8.218831e-06
2.030896e+01 1.448116e-01 -1.441309e-05
2.030896e+01 2.023460e-01 -2.227994e-05
2.030896e+01 2.834245e-01 -3.162751e-05
2.030896e+01 3.967448e-01 -4.557623e-05
2.030896e+01 5.552783e-01 -6.581679e-05
2.030896e+01 7.774819e-01 -9.80715e-05
2.030896e+01 1.088445e+00 -1.391363e-04
2.030896e+01 1.523711e+00 -1.975824e-04
2.030896e+01 2.088426e+00 -2.545563e-04
2.030896e+01 2.685505e+00 -2.448073e-04
2.073514e+01 1.570796e-02 -2.443899e-07
2.073514e+01 2.346256e-02 -3.218842e-07
2.073514e+01 3.503514e-02 -9.833019e-07
2.073514e+01 5.263151e-02 -2.053609e-06
2.073514e+01 7.314235e-02 -3.796469e-06
2.073514e+01 1.025928e-01 -5.749334e-06
2.073514e+01 1.448116e-01 -1.029459e-05
2.073514e+01 2.023460e-01 -1.571421e-05
2.073514e+01 2.834245e-01 -2.220966e-05
2.073514e+01 3.967448e-01 -3.243767e-05
2.073514e+01 5.552783e-01 -4.724797e-05
2.073514e+01 7.774819e-01 -7.055205e-05
2.073514e+01 1.088445e+00 -9.984223e-05
2.073514e+01 1.523711e+00 -1.420835e-04
2.073514e+01 2.088426e+00 -1.832561e-04
2.073514e+01 2.685505e+00 -1.783605e-04
2.116984e+01 1.570796e-02 -1.710312e-07
2.116984e+01 2.346256e-02 -2.209168e-07
2.116984e+01 3.503514e-02 -6.969329e-07
2.116984e+01 5.263151e-02 -1.362075e-06
2.116984e+01 7.314235e-02 -2.567468e-06
2.116984e+01 1.025928e-01 -3.847999e-06
2.116984e+01 1.448116e-01 -6.975887e-06
2.116984e+01 2.023460e-01 -1.086434e-05
2.116984e+01 2.834245e-01 -1.531048e-05
2.116984e+01 3.967448e-01 -2.237591e-05
2.116984e+01 5.552783e-01 -3.299807e-05
2.116984e+01 7.774819e-01 -4.959407e-05
2.116984e+01 1.088445e+00 -7.013326e-05
2.116984e+01 1.523711e+00 -9.991731e-05
2.116984e+01 2.088426e+00 -1.308289e-04
2.116984e+01 2.685505e+00 -1.266654e-04
2.161324e+01 1.570796e-02 -1.150732e-07
2.161324e+01 2.346256e-02 -1.422617e-07
2.161324e+01 3.503514e-02 -4.818148e-07
2.161324e+01 5.263151e-02 -9.075036e-07
2.161324e+01 7.314235e-02 -1.731258e-06
2.161324e+01 1.025928e-01 -2.628784e-06
2.161324e+01 1.448116e-01 -4.717841e-06
2.161324e+01 2.023460e-01 -7.328531e-06
2.161324e+01 2.834245e-01 -1.038371e-05
2.161324e+01 3.967448e-01 -1.542552e-05
2.161324e+01 5.552783e-01 -2.261950e-05
2.161324e+01 7.774819e-01 -3.407065e-05
2.161324e+01 1.088445e+00 -4.822765e-05
2.161324e+01 1.523711e+00 -6.925953e-05
2.161324e+01 2.088426e+00 -9.108038e-05
2.161324e+01 2.685505e+00 -8.942853e-05
2.206550e+01 1.570796e-02 -7.754261e-08
2.206550e+01 2.346256e-02 -7.827821e-08
2.206550e+01 3.503514e-02 -3.348072e-07
2.206550e+01 5.263151e-02 -5.889234e-07
2.206550e+01 7.314235e-02 -1.139667e-06
2.206550e+01 1.025928e-01 -1.748929e-06
2.206550e+01 1.448116e-01 -3.116166e-06
2.206550e+01 2.023460e-01 -4.828310e-06
2.206550e+01 2.834245e-01 -6.907567e-06
2.206550e+01 3.967448e-01 -1.023166e-05
2.206550e+01 5.552783e-01 -1.526028e-05
2.206550e+01 7.774819e-01 -2.314775e-05
2.206550e+01 1.088445e+00 -3.290727e-05
2.206550e+01 1.523711e+00 -4.674814e-05
2.206550e+01 2.088426e+00 -6.231316e-05
2.206550e+01 2.685505e+00 -6.229155e-05
2.252681e+01 1.570796e-02 -4.792552e-08
2.252681e+01 2.346256e-02 -4.414026e-08
2.252681e+01 3.503514e-02 -2.097872e-07
2.252681e+01 5.263151e-02 -3.709525e-07
2.252681e+01 7.314235e-02 -7.164519e-07
2.252681e+01 1.025928e-01 -1.127579e-06
2.252681e+01 1.448116e-01 -2.011281e-06
2.252681e+01 2.023460e-01 -3.119981e-06
2.252681e+01 2.834245e-01 -4.465268e-06
2.252681e+01 3.967448e-01 -6.685802e-06
2.252681e+01 5.552783e-01 -1.005931e-05
2.252681e+01 7.774819e-01 -1.529296e-05
2.252681e+01 1.088445e+00 -2.207828e-05
2.252681e+01 1.523711e+00 -3.139441e-05
2.252681e+01 2.088426e+00 -4.209395e-05
2.252681e+01 2.685505e+00 -4.16633e-05
2.299735e+01 1.570796e-02 -2.912218e-08
2.299735e+01 2.346256e-02 -2.938484e-08
2.299735e+01 3.503514e-02 -1.330314e-07
2.299735e+01 5.263151e-02 -2.332439e-07
2.299735e+01 7.314235e-02 -4.42887e-07
2.299735e+01 1.025928e-01 -7.194610e-07
2.299735e+01 1.448116e-01 -1.286947e-06
2.299735e+01 2.023460e-01 -2.017698e-06
2.299735e+01 2.834245e-01 -2.856552e-06
2.299735e+01 3.967448e-01 -4.309552e-06
2.299735e+01 5.552783e-01 -6.585462e-06
2.299735e+01 7.774819e-01 -1.006767e-05
2.299735e+01 1.088445e+00 -1.434175e-05
2.299735e+01 1.523711e+00 -2.066869e-05
2.299735e+01 2.088426e+00 -2.766969e-05
2.299735e+01 2.685505e+00 -2.693526e-05
2.34773e+01 1.570796e-02 -2.141173e-08
2.34773e+01 2.346256e-02 -1.496394e-08
2.34773e+01 3.503514e-02 -8.135615e-08
2.34773e+01 5.263151e-02 -1.504329e-07
2.34773e+01 7.314235e-02 -2.646764e-07
2.34773e+01 1.025928e-01 -4.483467e-07
2.34773e+01 1.448116e-01 -7.946864e-07
2.34773e+01 2.023460e-01 -1.291993e-06
2.34773e+01 2.834245e-01 -1.785564e-06
2.34773e+01 3.967448e-01 -2.721812e-06
2.34773e+01 5.552783e-01 -4.188454e-06
2.34773e+01 7.774819e-01 -6.490130e-06
2.34773e+01 1.088445e+00 -9.210661e-06
2.34773e+01 1.523711e+00 -1.342749e-05
2.34773e+01 2.088426e+00 -1.786473e-05
2.34773e+01 2.685505e+00 -1.683394e-05
2.396684e+01 1.570796e-02 4.320002e-10
2.396684e+01 2.346256e-02 1.100022e-09
2.396684e+01 3.503514e-02 2.228884e-09
2.396684e+01 5.263151e-02 4.567597e-09
2.396684e+01 7.314235e-02 9.544762e-09
2.396684e+01 1.025928e-01 1.423717e-08
2.396684e+01 1.448116e-01 2.416981e-08
2.396684e+01 2.023460e-01 3.53001e-08
2.396684e+01 2.834245e-01 5.143622e-08
2.396684e+01 3.967448e-01 7.291123e-08
2.396684e+01 5.552783e-01 1.022228e-07
2.396684e+01 7.774819e-01 1.338446e-07
2.396684e+01 1.088445e+00 1.504241e-07
2.396684e+01 1.523711e+00 1.33636e-07
2.396684e+01 2.088426e+00 9.001918e-08
2.396684e+01 2.685505e+00 4.050549e-08
2.446618e+01 1.570796e-02 4.038901e-10
2.446618e+01 2.346256e-02 1.026753e-09
2.446618e+01 3.503514e-02 2.083624e-09
2.446618e+01 5.263151e-02 4.264628e-09
2.446618e+01 7.314235e-02 8.918037e-09
2.446618e+01 1.025928e-01 1.3296e-08
2.446618e+01 1.448116e-01 2.259842e-08
2.446618e+01 2.023460e-01 3.309017e-08
2.446618e+01 2.834245e-01 4.845005e-08
2.446618e+01 3.967448e-01 6.915557e-08
2.446618e+01 5.552783e-01 9.762446e-08
2.446618e+01 7.774819e-01 1.285697e-07
2.446618e+01 1.088445e+00 1.455536e-07
2.446618e+01 1.523711e+00 1.312197e-07
2.446618e+01 2.088426e+00 9.006405e-08
2.446618e+01 2.685505e+00 4.112635e-08
2.497550e+01 1.570796e-02 3.761117e-10
2.497550e+01 2.346256e-02 9.547927e-10
2.497550e+01 3.503514e-02 1.939639e-09
2.497550e+01 5.263151e-02 3.966470e-09
2.497550e+01 7.314235e-02 8.299819e-09
2.497550e+01 1.025928e-01 1.237206e-08
2.497550e+01 1.448116e-01 2.105346e-08
2.497550e+01 2.023460e-01 3.091520e-08
2.497550e+01 2.834245e-01 4.549983e-08
2.497550e+01 3.967448e-01 6.539296e-08
2.497550e+01 5.552783e-01 9.2935e-08
2.497550e+01 7.774819e-01 1.23039e-07
2.497550e+01 1.088445e+00 1.403874e-07
2.497550e+01 1.523711e+00 1.284430e-07
2.497550e+01 2.088426e+00 9.017059e-08
2.497550e+01 2.685505e+00 4.179596e-08
2.549501e+01 1.570796e-02 3.487111e-10
2.549501e+01 2.346256e-02 8.843585e-10
2.549501e+01 3.503514e-02 1.799051e-09
2.549501e+01 5.263151e-02 3.673473e-09
2.549501e+01 7.314235e-02 7.695009e-09
2.549501e+01 1.025928e-01 1.146731e-08
2.549501e+01 1.448116e-01 1.954235e-08
2.549501e+01 2.023460e-01 2.877697e-08
2.549501e+01 2.834245e-01 4.259014e-08
2.549501e+01 3.967448e-01 6.163497e-08
2.549501e+01 5.552783e-01 8.813885e-08
2.549501e+01 7.774819e-01 1.173314e-07
2.549501e+01 1.088445e+00 1.348963e-07
2.549501e+01 1.523711e+00 1.25506e-07
2.549501e+01 2.088426e+00 9.018063e-08
2.549501e+01 2.685505e+00 4.25891e-08
2.602491e+01 1.570796e-02 3.217567e-10
2.602491e+01 2.346256e-02 8.156568e-10
2.602491e+01 3.503514e-02 1.660612e-09
2.602491e+01 5.263151e-02 3.387616e-09
2.602491e+01 7.314235e-02 7.102698e-09
2.602491e+01 1.025928e-01 1.057997e-08
2.602491e+01 1.448116e-01 1.806167e-08
2.602491e+01 2.023460e-01 2.668005e-08
2.602491e+01 2.834245e-01 3.971463e-08
2.602491e+01 3.967448e-01 5.786354e-08
2.602491e+01 5.552783e-01 8.322513e-08
2.602491e+01 7.774819e-01 1.113560e-07
2.602491e+01 1.088445e+00 1.291236e-07
2.602491e+01 1.523711e+00 1.22291e-07
2.602491e+01 2.088426e+00 9.013134e-08
2.602491e+01 2.685505e+00 4.361199e-08
2.656541e+01 1.570796e-02 2.954665e-10
2.656541e+01 2.346256e-02 7.494702e-10
2.656541e+01 3.503514e-02 1.525011e-09
2.656541e+01 5.263151e-02 3.109006e-09
2.656541e+01 7.314235e-02 6.524278e-09
2.656541e+01 1.025928e-01 9.715069e-09
2.656541e+01 1.448116e-01 1.661507e-08
2.656541e+01 2.023460e-01 2.463318e-08
2.656541e+01 2.834245e-01 3.686831e-08
2.656541e+01 3.967448e-01 5.408357e-08
2.656541e+01 5.552783e-01 7.821151e-08
2.656541e+01 7.774819e-01 1.051726e-07
2.656541e+01 1.088445e+00 1.230524e-07
2.656541e+01 1.523711e+00 1.187507e-07
2.656541e+01 2.088426e+00 8.994416e-08
2.656541e+01 2.685505e+00 4.490996e-08
2.711672e+01 1.570796e-02 2.699114e-10
2.711672e+01 2.346256e-02 6.848942e-10
2.711672e+01 3.503514e-02 1.392901e-09
2.711672e+01 5.263151e-02 2.838414e-09
2.711672e+01 7.314235e-02 5.959828e-09
2.711672e+01 1.025928e-01 8.875372e-09
2.711672e+01 1.448116e-01 1.520203e-08
2.711672e+01 2.023460e-01 2.262781e-08
2.711672e+01 2.834245e-01 3.40645e-08
2.711672e+01 3.967448e-01 5.027005e-08
2.711672e+01 5.552783e-01 7.307667e-08
2.711672e+01 7.774819e-01 9.875602e-08
2.711672e+01 1.088445e+00 1.166592e-07
2.711672e+01 1.523711e+00 1.14876e-07
2.711672e+01 2.088426e+00 8.945996e-08
2.711672e+01 2.685505e+00 4.659113e-08
2.767905e+01 1.570796e-02 2.448987e-10
2.767905e+01 2.346256e-02 6.215402e-10
2.767905e+01 3.503514e-02 1.264027e-09
2.767905e+01 5.263151e-02 2.575233e-09
2.767905e+01 7.314235e-02 5.411685e-09
2.767905e+01 1.025928e-01 8.056652e-09
2.767905e+01 1.448116e-01 1.382594e-08
2.767905e+01 2.023460e-01 2.066581e-08
2.767905e+01 2.834245e-01 3.128957e-08
2.767905e+01 3.967448e-01 4.643610e-08
2.767905e+01 5.552783e-01 6.782086e-08
2.767905e+01 7.774819e-01 9.210693e-08
2.767905e+01 1.088445e+00 1.099182e-07
2.767905e+01 1.523711e+00 1.105400e-07
2.767905e+01 2.088426e+00 8.886935e-08
2.767905e+01 2.685505e+00 4.851955e-08
2.825263e+01 1.570796e-02 2.205968e-10
2.825263e+01 2.346256e-02 5.605325e-10
2.825263e+01 3.503514e-02 1.138469e-09
2.825263e+01 5.263151e-02 2.318448e-09
2.825263e+01 7.314235e-02 4.877073e-09
2.825263e+01 1.025928e-01 7.262891e-09
2.825263e+01 1.448116e-01 1.24792e-08
2.825263e+01 2.023460e-01 1.874156e-08
2.825263e+01 2.834245e-01 2.852729e-08
2.825263e+01 3.967448e-01 4.25616e-08
2.825263e+01 5.552783e-01 6.243567e-08
2.825263e+01 7.774819e-01 8.526733e-08
2.825263e+01 1.088445e+00 1.028294e-07
2.825263e+01 1.523711e+00 1.057908e-07
2.825263e+01 2.088426e+00 8.787357e-08
2.825263e+01 2.685505e+00 5.073861e-08
2.883769e+01 1.570796e-02 1.968638e-10
2.883769e+01 2.346256e-02 5.008849e-10
2.883769e+01 3.503514e-02 1.016132e-09
2.883769e+01 5.263151e-02 2.069075e-09
2.883769e+01 7.314235e-02 4.355416e-09
2.883769e+01 1.025928e-01 6.488504e-09
2.883769e+01 1.448116e-01 1.116507e-08
2.883769e+01 2.023460e-01 1.684641e-08
2.883769e+01 2.834245e-01 2.577993e-08
2.883769e+01 3.967448e-01 3.864552e-08
2.883769e+01 5.552783e-01 5.693999e-08
2.883769e+01 7.774819e-01 7.82023e-08
2.883769e+01 1.088445e+00 9.533212e-08
2.883769e+01 1.523711e+00 1.003287e-07
2.883769e+01 2.088426e+00 8.642713e-08
2.883769e+01 2.685505e+00 5.302624e-08
2.943444e+01 1.570796e-02 1.738246e-10
2.943444e+01 2.346256e-02 4.426518e-10
2.943444e+01 3.503514e-02 8.965162e-10
2.943444e+01 5.263151e-02 1.826019e-09
2.943444e+01 7.314235e-02 3.846671e-09
2.943444e+01 1.025928e-01 5.733609e-09
2.943444e+01 1.448116e-01 9.879455e-09
2.943444e+01 2.023460e-01 1.497917e-08
2.943444e+01 2.834245e-01 2.304036e-08
2.943444e+01 3.967448e-01 3.46898e-08
2.943444e+01 5.552783e-01 5.132116e-08
2.943444e+01 7.774819e-01 7.088328e-08
2.943444e+01 1.088445e+00 8.740371e-08
2.943444e+01 1.523711e+00 9.425027e-08
2.943444e+01 2.088426e+00 8.435957e-08
2.943444e+01 2.685505e+00 5.537119e-08
3.004313e+01 1.570796e-02 1.512928e-10
3.004313e+01 2.346256e-02 3.857791e-10
3.004313e+01 3.503514e-02 7.803696e-10
3.004313e+01 5.263151e-02 1.589795e-09
3.004313e+01 7.314235e-02 3.351023e-09
3.004313e+01 1.025928e-01 4.997762e-09
3.004313e+01 1.448116e-01 8.623757e-09
3.004313e+01 2.023460e-01 1.313607e-08
3.004313e+01 2.834245e-01 2.029956e-08
3.004313e+01 3.967448e-01 3.069730e-08
3.004313e+01 5.552783e-01 4.558200e-08
3.004313e+01 7.774819e-01 6.331247e-08
3.004313e+01 1.088445e+00 7.904621e-08
3.004313e+01 1.523711e+00 8.736048e-08
3.004313e+01 2.088426e+00 8.14971e-08
3.004313e+01 2.685505e+00 5.745678e-08
3.066399e+01 1.570796e-02 1.292816e-10
3.066399e+01 2.346256e-02 3.305309e-10
3.066399e+01 3.503514e-02 6.668795e-10
3.066399e+01 5.263151e-02 1.359165e-09
3.066399e+01 7.314235e-02 2.867963e-09
3.066399e+01 1.025928e-01 4.279405e-09
3.066399e+01 1.448116e-01 7.392345e-09
3.066399e+01 2.023460e-01 1.131942e-08
3.066399e+01 2.834245e-01 1.75735e-08
3.066399e+01 3.967448e-01 2.666238e-08
3.066399e+01 5.552783e-01 3.974212e-08
3.066399e+01 7.774819e-01 5.549233e-08
3.066399e+01 1.088445e+00 7.015845e-08
3.066399e+01 1.523711e+00 7.954168e-08
3.066399e+01 2.088426e+00 7.749029e-08
3.066399e+01 2.685505e+00 5.891610e-08
3.129727e+01 1.570796e-02 1.079306e-10
3.129727e+01 2.346256e-02 2.762734e-10
3.129727e+01 3.503514e-02 5.563115e-10
3.129727e+01 5.263151e-02 1.134604e-09
3.129727e+01 7.314235e-02 2.395824e-09
3.129727e+01 1.025928e-01 3.57887e-09
3.129727e+01 1.448116e-01 6.188184e-09
3.129727e+01 2.023460e-01 9.519168e-09
3.129727e+01 2.834245e-01 1.484424e-08
3.129727e+01 3.967448e-01 2.259132e-08
3.129727e+01 5.552783e-01 3.378745e-08
3.129727e+01 7.774819e-01 4.743583e-08
3.129727e+01 1.088445e+00 6.072361e-08
3.129727e+01 1.523711e+00 7.068143e-08
3.129727e+01 2.088426e+00 7.214423e-08
3.129727e+01 2.685505e+00 5.941303e-08
3.194322e+01 1.570796e-02 8.705459e-11
3.194322e+01 2.346256e-02 2.233975e-10
3.194322e+01 3.503514e-02 4.486559e-10
3.194322e+01 5.263151e-02 9.15679e-10
3.194322e+01 7.314235e-02 1.935329e-09
3.194322e+01 1.025928e-01 2.893797e-09
3.194322e+01 1.448116e-01 5.009171e-09
3.194322e+01 2.023460e-01 7.740326e-09
3.194322e+01 2.834245e-01 1.211755e-08
3.194322e+01 3.967448e-01 1.849386e-08
3.194322e+01 5.552783e-01 2.773569e-08
3.194322e+01 7.774819e-01 3.915028e-08
3.194322e+01 1.088445e+00 5.07666e-08
3.194322e+01 1.523711e+00 6.07124e-08
3.194322e+01 2.088426e+00 6.507214e-08
3.194322e+01 2.685505e+00 5.813706e-08
3.260208e+01 1.570796e-02 6.667419e-11
3.260208e+01 2.346256e-02 1.713674e-10
3.260208e+01 3.503514e-02 3.434033e-10
3.260208e+01 5.263151e-02 7.022451e-10
3.260208e+01 7.314235e-02 1.485658e-09
3.260208e+01 1.025928e-01 2.223484e-09
3.260208e+01 1.448116e-01 3.853881e-09
3.260208e+01 2.023460e-01 5.979431e-09
3.260208e+01 2.834245e-01 9.394596e-09
3.260208e+01 3.967448e-01 1.436681e-08
3.260208e+01 5.552783e-01 2.16125e-08
3.260208e+01 7.774819e-01 3.066126e-08
3.260208e+01 1.088445e+00 4.025356e-08
3.260208e+01 1.523711e+00 4.947817e-08
3.260208e+01 2.088426e+00 5.583834e-08
3.260208e+01 2.685505e+00 5.418575e-08
3.327412e+01 1.570796e-02 4.682081e-11
3.327412e+01 2.346256e-02 1.207785e-10
3.327412e+01 3.503514e-02 2.411576e-10
3.327412e+01 5.263151e-02 4.936971e-10
3.327412e+01 7.314235e-02 1.045036e-09
3.327412e+01 1.025928e-01 1.566623e-09
3.327412e+01 1.448116e-01 2.717668e-09
3.327412e+01 2.023460e-01 4.234983e-09
3.327412e+01 2.834245e-01 6.676928e-09
3.327412e+01 3.967448e-01 1.022826e-08
3.327412e+01 5.552783e-01 1.54295e-08
3.327412e+01 7.774819e-01 2.198105e-08
3.327412e+01 1.088445e+00 2.923328e-08
3.327412e+01 1.523711e+00 3.692307e-08
3.327412e+01 2.088426e+00 4.399869e-08
3.327412e+01 2.685505e+00 4.635796e-08
3.395961e+01 1.570796e-02 2.814518e-11
3.395961e+01 2.346256e-02 7.304916e-11
3.395961e+01 3.503514e-02 1.448488e-10
3.395961e+01 5.263151e-02 2.977567e-10
3.395961e+01 7.314235e-02 6.307728e-10
3.395961e+01 1.025928e-01 9.465458e-10
3.395961e+01 1.448116e-01 1.641083e-09
3.395961e+01 2.023460e-01 2.559927e-09
3.395961e+01 2.834245e-01 4.033118e-09
3.395961e+01 3.967448e-01 6.157030e-09
3.395961e+01 5.552783e-01 9.271490e-09
3.395961e+01 7.774819e-01 1.320694e-08
3.395961e+01 1.088445e+00 1.772763e-08
3.395961e+01 1.523711e+00 2.297057e-08
3.395961e+01 2.088426e+00 2.881458e-08
3.395961e+01 2.685505e+00 3.261880e-08
3.46588e+01 1.570796e-02 9.005423e-12
3.46588e+01 2.346256e-02 2.236716e-11
3.46588e+01 3.503514e-02 4.777089e-11
3.46588e+01 5.263151e-02 9.230739e-11
3.46588e+01 7.314235e-02 2.012369e-10
3.46588e+01 1.025928e-01 2.995868e-10
3.46588e+01 1.448116e-01 5.189189e-10
3.46588e+01 2.023460e-01 8.207993e-10
3.46588e+01 2.834245e-01 1.304717e-09
3.46588e+01 3.967448e-01 2.003480e-09
3.46588e+01 5.552783e-01 3.027048e-09
3.46588e+01 7.774819e-01 4.335073e-09
3.46588e+01 1.088445e+00 5.877829e-09
3.46588e+01 1.523711e+00 7.785802e-09
3.46588e+01 2.088426e+00 1.022521e-08
3.46588e+01 2.685505e+00 1.235985e-08
3.537197e+01 1.570796e-02 0.e+00
3.537197e+01 2.346256e-02 0.e+00
3.537197e+01 3.503514e-02 0.e+00
3.537197e+01 5.263151e-02 0.e+00
3.537197e+01 7.314235e-02 0.e+00
3.537197e+01 1.025928e-01 0.e+00
3.537197e+01 1.448116e-01 0.e+00
3.537197e+01 2.023460e-01 0.e+00
3.537197e+01 2.834245e-01 0.e+00
3.537197e+01 3.967448e-01 0.e+00
3.537197e+01 5.552783e-01 0.e+00
3.537197e+01 7.774819e-01 0.e+00
3.537197e+01 1.088445e+00 0.e+00
3.537197e+01 1.523711e+00 0.e+00
3.537197e+01 2.088426e+00 0.e+00
3.537197e+01 2.685505e+00 0.e+00
