5.e+00 1.570796e-02 0.e+00
5.e+00 2.346256e-02 0.e+00
5.e+00 3.503514e-02 0.e+00
5.e+00 5.263151e-02 0.e+00
5.e+00 7.314235e-02 0.e+00
5.e+00 1.025928e-01 0.e+00
5.e+00 1.448116e-01 0.e+00
5.e+00 2.023460e-01 0.e+00
5.e+00 2.834245e-01 0.e+00
5.e+00 3.967448e-01 0.e+00
5.e+00 5.552783e-01 0.e+00
5.e+00 7.774819e-01 0.e+00
5.e+00 1.088445e+00 0.e+00
5.e+00 1.523711e+00 0.e+00
5.e+00 2.088426e+00 0.e+00
5.e+00 2.685505e+00 0.e+00
5.12e+00 1.570796e-02 0.e+00
5.12e+00 2.346256e-02 0.e+00
5.12e+00 3.503514e-02 0.e+00
5.12e+00 5.263151e-02 0.e+00
5.12e+00 7.314235e-02 0.e+00
5.12e+00 1.025928e-01 0.e+00
5.12e+00 1.448116e-01 0.e+00
5.12e+00 2.023460e-01 0.e+00
5.12e+00 2.834245e-01 0.e+00
5.12e+00 3.967448e-01 0.e+00
5.12e+00 5.552783e-01 0.e+00
5.12e+00 7.774819e-01 0.e+00
5.12e+00 1.088445e+00 0.e+00
5.12e+00 1.523711e+00 0.e+00
5.12e+00 2.088426e+00 0.e+00
5.12e+00 2.685505e+00 0.e+00
5.2424e+00 1.570796e-02 0.e+00
5.2424e+00 2.346256e-02 0.e+00
5.2424e+00 3.503514e-02 0.e+00
5.2424e+00 5.263151e-02 0.e+00
5.2424e+00 7.314235e-02 0.e+00
5.2424e+00 1.025928e-01 0.e+00
5.2424e+00 1.448116e-01 0.e+00
5.2424e+00 2.023460e-01 0.e+00
5.2424e+00 2.834245e-01 0.e+00
5.2424e+00 3.967448e-01 0.e+00
5.2424e+00 5.552783e-01 0.e+00
5.2424e+00 7.774819e-01 0.e+00
5.2424e+00 1.088445e+00 0.e+00
5.2424e+00 1.523711e+00 0.e+00
5.2424e+00 2.088426e+00 0.e+00
5.2424e+00 2.685505e+00 0.e+00
5.367248e+00 1.570796e-02 0.e+00
5.367248e+00 2.346256e-02 0.e+00
5.367248e+00 3.503514e-02 0.e+00
5.367248e+00 5.263151e-02 0.e+00
5.367248e+00 7.314235e-02 0.e+00
5.367248e+00 1.025928e-01 0.e+00
5.367248e+00 1.448116e-01 0.e+00
5.367248e+00 2.023460e-01 0.e+00
5.367248e+00 2.834245e-01 0.e+00
5.367248e+00 3.967448e-01 0.e+00
5.367248e+00 5.552783e-01 0.e+00
5.367248e+00 7.774819e-01 0.e+00
5.367248e+00 1.088445e+00 0.e+00
5.367248e+00 1.523711e+00 0.e+00
5.367248e+00 2.088426e+00 0.e+00
5.367248e+00 2.685505e+00 0.e+00
5.494593e+00 1.570796e-02 -8.418576e-06
5.494593e+00 2.346256e-02 -2.022620e-05
5.494593e+00 3.503514e-02 -2.349651e-05
5.494593e+00 5.263151e-02 -2.964953e-05
5.494593e+00 7.314235e-02 -1.562129e-05
5.494593e+00 1.025928e-01 3.072031e-06
5.494593e+00 1.448116e-01 -4.138198e-05
5.494593e+00 2.023460e-01 -5.434362e-05
5.494593e+00 2.834245e-01 -4.041636e-05
5.494593e+00 3.967448e-01 -3.060825e-05
5.494593e+00 5.552783e-01 -2.004838e-05
5.494593e+00 7.774819e-01 -2.241676e-05
5.494593e+00 1.088445e+00 -1.886059e-05
5.494593e+00 1.523711e+00 -1.980609e-05
5.494593e+00 2.088426e+00 -2.390486e-05
5.494593e+00 2.685505e+00 -2.377466e-05
5.624485e+00 1.570796e-02 -7.572405e-05
5.624485e+00 2.346256e-02 -1.2228e-04
5.624485e+00 3.503514e-02 -6.953275e-04
5.624485e+00 5.263151e-02 -4.145584e-04
5.624485e+00 7.314235e-02 -4.118377e-04
5.624485e+00 1.025928e-01 -5.181987e-04
5.624485e+00 1.448116e-01 -5.987319e-04
5.624485e+00 2.023460e-01 -5.090817e-04
5.624485e+00 2.834245e-01 -5.192707e-04
5.624485e+00 3.967448e-01 -4.499627e-04
5.624485e+00 5.552783e-01 -3.538984e-04
5.624485e+00 7.774819e-01 -3.158198e-04
5.624485e+00 1.088445e+00 -2.833230e-04
5.624485e+00 1.523711e+00 -2.820495e-04
5.624485e+00 2.088426e+00 -3.078545e-04
5.624485e+00 2.685505e+00 -3.371385e-04
5.756975e+00 1.570796e-02 -1.543209e-04
5.756975e+00 2.346256e-02 -3.285797e-04
5.756975e+00 3.503514e-02 -1.875109e-03
5.756975e+00 5.263151e-02 -1.829788e-03
5.756975e+00 7.314235e-02 -1.378584e-03
5.756975e+00 1.025928e-01 -1.831697e-03
5.756975e+00 1.448116e-01 -1.845725e-03
5.756975e+00 2.023460e-01 -1.868326e-03
5.756975e+00 2.834245e-01 -1.642530e-03
5.756975e+00 3.967448e-01 -1.591992e-03
5.756975e+00 5.552783e-01 -1.340251e-03
5.756975e+00 7.774819e-01 -1.164891e-03
5.756975e+00 1.088445e+00 -9.92329e-04
5.756975e+00 1.523711e+00 -9.714600e-04
5.756975e+00 2.088426e+00 -1.058088e-03
5.756975e+00 2.685505e+00 -1.094741e-03
5.892114e+00 1.570796e-02 -2.581431e-04
5.892114e+00 2.346256e-02 -7.21987e-04
5.892114e+00 3.503514e-02 -3.218564e-03
5.892114e+00 5.263151e-02 -4.425755e-03
5.892114e+00 7.314235e-02 -3.69025e-03
5.892114e+00 1.025928e-01 -4.496405e-03
5.892114e+00 1.448116e-01 -4.995536e-03
5.892114e+00 2.023460e-01 -4.772171e-03
5.892114e+00 2.834245e-01 -4.512397e-03
5.892114e+00 3.967448e-01 -3.927132e-03
5.892114e+00 5.552783e-01 -3.435537e-03
5.892114e+00 7.774819e-01 -2.909378e-03
5.892114e+00 1.088445e+00 -2.570398e-03
5.892114e+00 1.523711e+00 -2.407664e-03
5.892114e+00 2.088426e+00 -2.613035e-03
5.892114e+00 2.685505e+00 -2.679048e-03
6.029956e+00 1.570796e-02 -3.143718e-04
6.029956e+00 2.346256e-02 -9.870166e-04
6.029956e+00 3.503514e-02 -4.575792e-03
6.029956e+00 5.263151e-02 -6.825128e-03
6.029956e+00 7.314235e-02 -6.63686e-03
6.029956e+00 1.025928e-01 -8.572483e-03
6.029956e+00 1.448116e-01 -9.453948e-03
6.029956e+00 2.023460e-01 -8.8114e-03
6.029956e+00 2.834245e-01 -8.38969e-03
6.029956e+00 3.967448e-01 -7.718779e-03
6.029956e+00 5.552783e-01 -6.698011e-03
6.029956e+00 7.774819e-01 -5.682977e-03
6.029956e+00 1.088445e+00 -4.897697e-03
6.029956e+00 1.523711e+00 -4.51759e-03
6.029956e+00 2.088426e+00 -4.825739e-03
6.029956e+00 2.685505e+00 -4.938989e-03
6.170555e+00 1.570796e-02 -3.239496e-04
6.170555e+00 2.346256e-02 -1.132628e-03
6.170555e+00 3.503514e-02 -5.466600e-03
6.170555e+00 5.263151e-02 -8.674559e-03
6.170555e+00 7.314235e-02 -9.799948e-03
6.170555e+00 1.025928e-01 -1.37088e-02
6.170555e+00 1.448116e-01 -1.430839e-02
6.170555e+00 2.023460e-01 -1.379705e-02
6.170555e+00 2.834245e-01 -1.356014e-02
6.170555e+00 3.967448e-01 -1.246146e-02
6.170555e+00 5.552783e-01 -1.071995e-02
6.170555e+00 7.774819e-01 -9.098583e-03
6.170555e+00 1.088445e+00 -7.815457e-03
6.170555e+00 1.523711e+00 -7.151088e-03
6.170555e+00 2.088426e+00 -7.537050e-03
6.170555e+00 2.685505e+00 -7.675534e-03
6.313967e+00 1.570796e-02 -3.052750e-04
6.313967e+00 2.346256e-02 -1.101091e-03
6.313967e+00 3.503514e-02 -5.752900e-03
6.313967e+00 5.263151e-02 -1.010378e-02
6.313967e+00 7.314235e-02 -1.229856e-02
6.313967e+00 1.025928e-01 -1.819517e-02
6.313967e+00 1.448116e-01 -1.901228e-02
6.313967e+00 2.023460e-01 -1.893397e-02
6.313967e+00 2.834245e-01 -1.871498e-02
6.313967e+00 3.967448e-01 -1.755969e-02
6.313967e+00 5.552783e-01 -1.511415e-02
6.313967e+00 7.774819e-01 -1.289372e-02
6.313967e+00 1.088445e+00 -1.091433e-02
6.313967e+00 1.523711e+00 -9.985576e-03
6.313967e+00 2.088426e+00 -1.036501e-02
6.313967e+00 2.685505e+00 -1.043378e-02
6.460246e+00 1.570796e-02 -2.481331e-04
6.460246e+00 2.346256e-02 -1.063856e-03
6.460246e+00 3.503514e-02 -5.516703e-03
6.460246e+00 5.263151e-02 -1.073353e-02
6.460246e+00 7.314235e-02 -1.403523e-02
6.460246e+00 1.025928e-01 -2.133559e-02
6.460246e+00 1.448116e-01 -2.302210e-02
6.460246e+00 2.023460e-01 -2.342498e-02
6.460246e+00 2.834245e-01 -2.381174e-02
6.460246e+00 3.967448e-01 -2.279198e-02
6.460246e+00 5.552783e-01 -1.971026e-02
6.460246e+00 7.774819e-01 -1.680921e-02
6.460246e+00 1.088445e+00 -1.414305e-02
6.460246e+00 1.523711e+00 -1.273024e-02
6.460246e+00 2.088426e+00 -1.308329e-02
6.460246e+00 2.685505e+00 -1.306615e-02
6.609451e+00 1.570796e-02 -2.072349e-04
6.609451e+00 2.346256e-02 -9.417789e-04
6.609451e+00 3.503514e-02 -5.017846e-03
6.609451e+00 5.263151e-02 -1.075048e-02
6.609451e+00 7.314235e-02 -1.483366e-02
6.609451e+00 1.025928e-01 -2.341169e-02
6.609451e+00 1.448116e-01 -2.592645e-02
6.609451e+00 2.023460e-01 -2.727573e-02
6.609451e+00 2.834245e-01 -2.823455e-02
6.609451e+00 3.967448e-01 -2.744717e-02
6.609451e+00 5.552783e-01 -2.407744e-02
6.609451e+00 7.774819e-01 -2.063522e-02
6.609451e+00 1.088445e+00 -1.725345e-02
6.609451e+00 1.523711e+00 -1.537827e-02
6.609451e+00 2.088426e+00 -1.560049e-02
6.609451e+00 2.685505e+00 -1.537174e-02
6.76164e+00 1.570796e-02 -1.965304e-04
6.76164e+00 2.346256e-02 -8.844217e-04
6.76164e+00 3.503514e-02 -4.588628e-03
6.76164e+00 5.263151e-02 -1.0258e-02
6.76164e+00 7.314235e-02 -1.463814e-02
6.76164e+00 1.025928e-01 -2.392080e-02
6.76164e+00 1.448116e-01 -2.764716e-02
6.76164e+00 2.023460e-01 -2.992478e-02
6.76164e+00 2.834245e-01 -3.167317e-02
6.76164e+00 3.967448e-01 -3.125999e-02
6.76164e+00 5.552783e-01 -2.791614e-02
6.76164e+00 7.774819e-01 -2.403702e-02
6.76164e+00 1.088445e+00 -2.003286e-02
6.76164e+00 1.523711e+00 -1.776297e-02
6.76164e+00 2.088426e+00 -1.777212e-02
6.76164e+00 2.685505e+00 -1.731688e-02
6.916873e+00 1.570796e-02 -1.829691e-04
6.916873e+00 2.346256e-02 -8.213898e-04
6.916873e+00 3.503514e-02 -4.236665e-03
6.916873e+00 5.263151e-02 -9.529003e-03
6.916873e+00 7.314235e-02 -1.38213e-02
6.916873e+00 1.025928e-01 -2.349165e-02
6.916873e+00 1.448116e-01 -2.823422e-02
6.916873e+00 2.023460e-01 -3.153226e-02
6.916873e+00 2.834245e-01 -3.419473e-02
6.916873e+00 3.967448e-01 -3.430988e-02
6.916873e+00 5.552783e-01 -3.11167e-02
6.916873e+00 7.774819e-01 -2.691963e-02
6.916873e+00 1.088445e+00 -2.243424e-02
6.916873e+00 1.523711e+00 -1.981813e-02
6.916873e+00 2.088426e+00 -1.964351e-02
6.916873e+00 2.685505e+00 -1.89671e-02
7.075210e+00 1.570796e-02 -1.595979e-04
7.075210e+00 2.346256e-02 -7.438829e-04
7.075210e+00 3.503514e-02 -3.896014e-03
7.075210e+00 5.263151e-02 -8.816886e-03
7.075210e+00 7.314235e-02 -1.280868e-02
7.075210e+00 1.025928e-01 -2.231783e-02
7.075210e+00 1.448116e-01 -2.789392e-02
7.075210e+00 2.023460e-01 -3.216620e-02
7.075210e+00 2.834245e-01 -3.578574e-02
7.075210e+00 3.967448e-01 -3.636156e-02
7.075210e+00 5.552783e-01 -3.359211e-02
7.075210e+00 7.774819e-01 -2.933082e-02
7.075210e+00 1.088445e+00 -2.447210e-02
7.075210e+00 1.523711e+00 -2.154591e-02
7.075210e+00 2.088426e+00 -2.113786e-02
7.075210e+00 2.685505e+00 -2.022745e-02
7.236714e+00 1.570796e-02 -1.350839e-04
7.236714e+00 2.346256e-02 -6.656167e-04
7.236714e+00 3.503514e-02 -3.514621e-03
7.236714e+00 5.263151e-02 -8.017405e-03
7.236714e+00 7.314235e-02 -1.169765e-02
7.236714e+00 1.025928e-01 -2.078204e-02
7.236714e+00 1.448116e-01 -2.690527e-02
7.236714e+00 2.023460e-01 -3.196276e-02
7.236714e+00 2.834245e-01 -3.657432e-02
7.236714e+00 3.967448e-01 -3.769337e-02
7.236714e+00 5.552783e-01 -3.541145e-02
7.236714e+00 7.774819e-01 -3.120977e-02
7.236714e+00 1.088445e+00 -2.624075e-02
7.236714e+00 1.523711e+00 -2.294082e-02
7.236714e+00 2.088426e+00 -2.242165e-02
7.236714e+00 2.685505e+00 -2.122245e-02
7.401449e+00 1.570796e-02 -1.200679e-04
7.401449e+00 2.346256e-02 -5.965254e-04
7.401449e+00 3.503514e-02 -3.154873e-03
7.401449e+00 5.263151e-02 -7.176275e-03
7.401449e+00 7.314235e-02 -1.058868e-02
7.401449e+00 1.025928e-01 -1.910147e-02
7.401449e+00 1.448116e-01 -2.540951e-02
7.401449e+00 2.023460e-01 -3.097444e-02
7.401449e+00 2.834245e-01 -3.652771e-02
7.401449e+00 3.967448e-01 -3.82892e-02
7.401449e+00 5.552783e-01 -3.655611e-02
7.401449e+00 7.774819e-01 -3.254192e-02
7.401449e+00 1.088445e+00 -2.750734e-02
7.401449e+00 1.523711e+00 -2.407061e-02
7.401449e+00 2.088426e+00 -2.34275e-02
7.401449e+00 2.685505e+00 -2.200411e-02
7.569477e+00 1.570796e-02 -1.052339e-04
7.569477e+00 2.346256e-02 -5.301381e-04
7.569477e+00 3.503514e-02 -2.81267e-03
7.569477e+00 5.263151e-02 -6.397816e-03
7.569477e+00 7.314235e-02 -9.471623e-03
7.569477e+00 1.025928e-01 -1.735002e-02
7.569477e+00 1.448116e-01 -2.357178e-02
7.569477e+00 2.023460e-01 -2.948392e-02
7.569477e+00 2.834245e-01 -3.580638e-02
7.569477e+00 3.967448e-01 -3.819827e-02
7.569477e+00 5.552783e-01 -3.717598e-02
7.569477e+00 7.774819e-01 -3.338811e-02
7.569477e+00 1.088445e+00 -2.844636e-02
7.569477e+00 1.523711e+00 -2.492684e-02
7.569477e+00 2.088426e+00 -2.419507e-02
7.569477e+00 2.685505e+00 -2.259320e-02
7.740867e+00 1.570796e-02 -9.048149e-05
7.740867e+00 2.346256e-02 -4.704922e-04
7.740867e+00 3.503514e-02 -2.492529e-03
7.740867e+00 5.263151e-02 -5.67369e-03
7.740867e+00 7.314235e-02 -8.404477e-03
7.740867e+00 1.025928e-01 -1.560644e-02
7.740867e+00 1.448116e-01 -2.155942e-02
7.740867e+00 2.023460e-01 -2.768879e-02
7.740867e+00 2.834245e-01 -3.445960e-02
7.740867e+00 3.967448e-01 -3.745409e-02
7.740867e+00 5.552783e-01 -3.716857e-02
7.740867e+00 7.774819e-01 -3.377019e-02
7.740867e+00 1.088445e+00 -2.897806e-02
7.740867e+00 1.523711e+00 -2.549118e-02
7.740867e+00 2.088426e+00 -2.466957e-02
7.740867e+00 2.685505e+00 -2.282934e-02
7.915684e+00 1.570796e-02 -7.858538e-05
7.915684e+00 2.346256e-02 -4.180529e-04
7.915684e+00 3.503514e-02 -2.230579e-03
7.915684e+00 5.263151e-02 -5.057636e-03
7.915684e+00 7.314235e-02 -7.454507e-03
7.915684e+00 1.025928e-01 -1.397003e-02
7.915684e+00 1.448116e-01 -1.951539e-02
7.915684e+00 2.023460e-01 -2.557152e-02
7.915684e+00 2.834245e-01 -3.265258e-02
7.915684e+00 3.967448e-01 -3.620564e-02
7.915684e+00 5.552783e-01 -3.660321e-02
7.915684e+00 7.774819e-01 -3.370731e-02
7.915684e+00 1.088445e+00 -2.913959e-02
7.915684e+00 1.523711e+00 -2.574743e-02
7.915684e+00 2.088426e+00 -2.488121e-02
7.915684e+00 2.685505e+00 -2.291624e-02
8.093998e+00 1.570796e-02 -6.843877e-05
8.093998e+00 2.346256e-02 -3.726693e-04
8.093998e+00 3.503514e-02 -1.994555e-03
8.093998e+00 5.263151e-02 -4.503169e-03
8.093998e+00 7.314235e-02 -6.594253e-03
8.093998e+00 1.025928e-01 -1.244427e-02
8.093998e+00 1.448116e-01 -1.752431e-02
8.093998e+00 2.023460e-01 -2.335224e-02
8.093998e+00 2.834245e-01 -3.049610e-02
8.093998e+00 3.967448e-01 -3.455709e-02
8.093998e+00 5.552783e-01 -3.561290e-02
8.093998e+00 7.774819e-01 -3.324573e-02
8.093998e+00 1.088445e+00 -2.89924e-02
8.093998e+00 1.523711e+00 -2.576052e-02
8.093998e+00 2.088426e+00 -2.488327e-02
8.093998e+00 2.685505e+00 -2.285827e-02
8.275878e+00 1.570796e-02 -5.975698e-05
8.275878e+00 2.346256e-02 -3.316326e-04
8.275878e+00 3.503514e-02 -1.770699e-03
8.275878e+00 5.263151e-02 -3.995350e-03
8.275878e+00 7.314235e-02 -5.841903e-03
8.275878e+00 1.025928e-01 -1.104402e-02
8.275878e+00 1.448116e-01 -1.562422e-02
8.275878e+00 2.023460e-01 -2.113495e-02
8.275878e+00 2.834245e-01 -2.8141e-02
8.275878e+00 3.967448e-01 -3.264103e-02
8.275878e+00 5.552783e-01 -3.420516e-02
8.275878e+00 7.774819e-01 -3.239931e-02
8.275878e+00 1.088445e+00 -2.858063e-02
8.275878e+00 1.523711e+00 -2.557902e-02
8.275878e+00 2.088426e+00 -2.476541e-02
8.275878e+00 2.685505e+00 -2.259038e-02
8.461396e+00 1.570796e-02 -5.194617e-05
8.461396e+00 2.346256e-02 -2.965613e-04
8.461396e+00 3.503514e-02 -1.565888e-03
8.461396e+00 5.263151e-02 -3.543404e-03
8.461396e+00 7.314235e-02 -5.175614e-03
8.461396e+00 1.025928e-01 -9.772144e-03
8.461396e+00 1.448116e-01 -1.387496e-02
8.461396e+00 2.023460e-01 -1.898497e-02
8.461396e+00 2.834245e-01 -2.57123e-02
8.461396e+00 3.967448e-01 -3.047722e-02
8.461396e+00 5.552783e-01 -3.24761e-02
8.461396e+00 7.774819e-01 -3.123186e-02
8.461396e+00 1.088445e+00 -2.785122e-02
8.461396e+00 1.523711e+00 -2.516358e-02
8.461396e+00 2.088426e+00 -2.441421e-02
8.461396e+00 2.685505e+00 -2.216968e-02
8.650623e+00 1.570796e-02 -4.497363e-05
8.650623e+00 2.346256e-02 -2.628185e-04
8.650623e+00 3.503514e-02 -1.379552e-03
8.650623e+00 5.263151e-02 -3.145581e-03
8.650623e+00 7.314235e-02 -4.584332e-03
8.650623e+00 1.025928e-01 -8.619427e-03
8.650623e+00 1.448116e-01 -1.225184e-02
8.650623e+00 2.023460e-01 -1.696224e-02
8.650623e+00 2.834245e-01 -2.327147e-02
8.650623e+00 3.967448e-01 -2.815292e-02
8.650623e+00 5.552783e-01 -3.052545e-02
8.650623e+00 7.774819e-01 -2.979536e-02
8.650623e+00 1.088445e+00 -2.690953e-02
8.650623e+00 1.523711e+00 -2.453325e-02
8.650623e+00 2.088426e+00 -2.38572e-02
8.650623e+00 2.685505e+00 -2.155815e-02
8.843636e+00 1.570796e-02 -3.864022e-05
8.843636e+00 2.346256e-02 -2.296607e-04
8.843636e+00 3.503514e-02 -1.210556e-03
8.843636e+00 5.263151e-02 -2.778805e-03
8.843636e+00 7.314235e-02 -4.049735e-03
8.843636e+00 1.025928e-01 -7.587089e-03
8.843636e+00 1.448116e-01 -1.080078e-02
8.843636e+00 2.023460e-01 -1.508062e-02
8.843636e+00 2.834245e-01 -2.091818e-02
8.843636e+00 3.967448e-01 -2.571449e-02
8.843636e+00 5.552783e-01 -2.84349e-02
8.843636e+00 7.774819e-01 -2.814372e-02
8.843636e+00 1.088445e+00 -2.580149e-02
8.843636e+00 1.523711e+00 -2.373331e-02
8.843636e+00 2.088426e+00 -2.323625e-02
8.843636e+00 2.685505e+00 -2.084992e-02
9.040509e+00 1.570796e-02 -3.286949e-05
9.040509e+00 2.346256e-02 -2.010208e-04
9.040509e+00 3.503514e-02 -1.059420e-03
9.040509e+00 5.263151e-02 -2.442086e-03
9.040509e+00 7.314235e-02 -3.555392e-03
9.040509e+00 1.025928e-01 -6.651445e-03
9.040509e+00 1.448116e-01 -9.494990e-03
9.040509e+00 2.023460e-01 -1.333347e-02
9.040509e+00 2.834245e-01 -1.867201e-02
9.040509e+00 3.967448e-01 -2.330223e-02
9.040509e+00 5.552783e-01 -2.621560e-02
9.040509e+00 7.774819e-01 -2.634202e-02
9.040509e+00 1.088445e+00 -2.447991e-02
9.040509e+00 1.523711e+00 -2.281986e-02
9.040509e+00 2.088426e+00 -2.246103e-02
9.040509e+00 2.685505e+00 -2.008532e-02
9.241319e+00 1.570796e-02 -2.834419e-05
9.241319e+00 2.346256e-02 -1.738722e-04
9.241319e+00 3.503514e-02 -9.235084e-04
9.241319e+00 5.263151e-02 -2.138076e-03
9.241319e+00 7.314235e-02 -3.103119e-03
9.241319e+00 1.025928e-01 -5.803934e-03
9.241319e+00 1.448116e-01 -8.309392e-03
9.241319e+00 2.023460e-01 -1.171985e-02
9.241319e+00 2.834245e-01 -1.656825e-02
9.241319e+00 3.967448e-01 -2.095383e-02
9.241319e+00 5.552783e-01 -2.398567e-02
9.241319e+00 7.774819e-01 -2.447366e-02
9.241319e+00 1.088445e+00 -2.304987e-02
9.241319e+00 1.523711e+00 -2.176370e-02
9.241319e+00 2.088426e+00 -2.157246e-02
9.241319e+00 2.685505e+00 -1.926196e-02
9.446145e+00 1.570796e-02 -2.391008e-05
9.446145e+00 2.346256e-02 -1.480188e-04
9.446145e+00 3.503514e-02 -8.039461e-04
9.446145e+00 5.263151e-02 -1.863033e-03
9.446145e+00 7.314235e-02 -2.704950e-03
9.446145e+00 1.025928e-01 -5.04552e-03
9.446145e+00 1.448116e-01 -7.254601e-03
9.446145e+00 2.023460e-01 -1.025495e-02
9.446145e+00 2.834245e-01 -1.461285e-02
9.446145e+00 3.967448e-01 -1.86876e-02
9.446145e+00 5.552783e-01 -2.173845e-02
9.446145e+00 7.774819e-01 -2.255631e-02
9.446145e+00 1.088445e+00 -2.156416e-02
9.446145e+00 1.523711e+00 -2.067279e-02
9.446145e+00 2.088426e+00 -2.056394e-02
9.446145e+00 2.685505e+00 -1.8344e-02
9.655068e+00 1.570796e-02 -2.048425e-05
9.655068e+00 2.346256e-02 -1.286413e-04
9.655068e+00 3.503514e-02 -6.984888e-04
9.655068e+00 5.263151e-02 -1.623611e-03
9.655068e+00 7.314235e-02 -2.352265e-03
9.655068e+00 1.025928e-01 -4.382343e-03
9.655068e+00 1.448116e-01 -6.306488e-03
9.655068e+00 2.023460e-01 -8.933570e-03
9.655068e+00 2.834245e-01 -1.283325e-02
9.655068e+00 3.967448e-01 -1.654800e-02
9.655068e+00 5.552783e-01 -1.952112e-02
9.655068e+00 7.774819e-01 -2.061134e-02
9.655068e+00 1.088445e+00 -1.996941e-02
9.655068e+00 1.523711e+00 -1.943264e-02
9.655068e+00 2.088426e+00 -1.942706e-02
9.655068e+00 2.685505e+00 -1.72858e-02
9.86817e+00 1.570796e-02 -1.764225e-05
9.86817e+00 2.346256e-02 -1.090694e-04
9.86817e+00 3.503514e-02 -6.012816e-04
9.86817e+00 5.263151e-02 -1.408197e-03
9.86817e+00 7.314235e-02 -2.039792e-03
9.86817e+00 1.025928e-01 -3.787536e-03
9.86817e+00 1.448116e-01 -5.465803e-03
9.86817e+00 2.023460e-01 -7.743196e-03
9.86817e+00 2.834245e-01 -1.119965e-02
9.86817e+00 3.967448e-01 -1.456089e-02
9.86817e+00 5.552783e-01 -1.740017e-02
9.86817e+00 7.774819e-01 -1.865808e-02
9.86817e+00 1.088445e+00 -1.83621e-02
9.86817e+00 1.523711e+00 -1.812482e-02
9.86817e+00 2.088426e+00 -1.820792e-02
9.86817e+00 2.685505e+00 -1.613218e-02
1.008553e+01 1.570796e-02 -1.502314e-05
1.008553e+01 2.346256e-02 -9.297855e-05
1.008553e+01 3.503514e-02 -5.214141e-04
1.008553e+01 5.263151e-02 -1.216575e-03
1.008553e+01 7.314235e-02 -1.764301e-03
1.008553e+01 1.025928e-01 -3.258025e-03
1.008553e+01 1.448116e-01 -4.717065e-03
1.008553e+01 2.023460e-01 -6.70719e-03
1.008553e+01 2.834245e-01 -9.724204e-03
1.008553e+01 3.967448e-01 -1.273805e-02
1.008553e+01 5.552783e-01 -1.539918e-02
1.008553e+01 7.774819e-01 -1.677406e-02
1.008553e+01 1.088445e+00 -1.678332e-02
1.008553e+01 1.523711e+00 -1.679243e-02
1.008553e+01 2.088426e+00 -1.697096e-02
1.008553e+01 2.685505e+00 -1.497696e-02
1.030724e+01 1.570796e-02 -1.253609e-05
1.030724e+01 2.346256e-02 -7.844216e-05
1.030724e+01 3.503514e-02 -4.499317e-04
1.030724e+01 5.263151e-02 -1.044643e-03
1.030724e+01 7.314235e-02 -1.516525e-03
1.030724e+01 1.025928e-01 -2.796189e-03
1.030724e+01 1.448116e-01 -4.056275e-03
1.030724e+01 2.023460e-01 -5.771919e-03
1.030724e+01 2.834245e-01 -8.414327e-03
1.030724e+01 3.967448e-01 -1.106207e-02
1.030724e+01 5.552783e-01 -1.353157e-02
1.030724e+01 7.774819e-01 -1.495319e-02
1.030724e+01 1.088445e+00 -1.521497e-02
1.030724e+01 1.523711e+00 -1.546047e-02
1.030724e+01 2.088426e+00 -1.576564e-02
1.030724e+01 2.685505e+00 -1.389626e-02
1.053339e+01 1.570796e-02 -1.064205e-05
1.053339e+01 2.346256e-02 -6.686727e-05
1.053339e+01 3.503514e-02 -3.844452e-04
1.053339e+01 5.263151e-02 -8.954303e-04
1.053339e+01 7.314235e-02 -1.298229e-03
1.053339e+01 1.025928e-01 -2.387079e-03
1.053339e+01 1.448116e-01 -3.474422e-03
1.053339e+01 2.023460e-01 -4.950780e-03
1.053339e+01 2.834245e-01 -7.233123e-03
1.053339e+01 3.967448e-01 -9.557617e-03
1.053339e+01 5.552783e-01 -1.180096e-02
1.053339e+01 7.774819e-01 -1.322939e-02
1.053339e+01 1.088445e+00 -1.369487e-02
1.053339e+01 1.523711e+00 -1.412768e-02
1.053339e+01 2.088426e+00 -1.452971e-02
1.053339e+01 2.685505e+00 -1.276650e-02
1.076406e+01 1.570796e-02 -8.798602e-06
1.076406e+01 2.346256e-02 -5.630327e-05
1.076406e+01 3.503514e-02 -3.259428e-04
1.076406e+01 5.263151e-02 -7.657768e-04
1.076406e+01 7.314235e-02 -1.10907e-03
1.076406e+01 1.025928e-01 -2.027044e-03
1.076406e+01 1.448116e-01 -2.954145e-03
1.076406e+01 2.023460e-01 -4.220732e-03
1.076406e+01 2.834245e-01 -6.185874e-03
1.076406e+01 3.967448e-01 -8.222545e-03
1.076406e+01 5.552783e-01 -1.023838e-02
1.076406e+01 7.774819e-01 -1.163369e-02
1.076406e+01 1.088445e+00 -1.222297e-02
1.076406e+01 1.523711e+00 -1.281679e-02
1.076406e+01 2.088426e+00 -1.326217e-02
1.076406e+01 2.685505e+00 -1.164870e-02
1.099934e+01 1.570796e-02 -7.409015e-06
1.099934e+01 2.346256e-02 -4.663870e-05
1.099934e+01 3.503514e-02 -2.745040e-04
1.099934e+01 5.263151e-02 -6.487877e-04
1.099934e+01 7.314235e-02 -9.350869e-04
1.099934e+01 1.025928e-01 -1.708996e-03
1.099934e+01 1.448116e-01 -2.504825e-03
1.099934e+01 2.023460e-01 -3.575367e-03
1.099934e+01 2.834245e-01 -5.258542e-03
1.099934e+01 3.967448e-01 -7.011907e-03
1.099934e+01 5.552783e-01 -8.812972e-03
1.099934e+01 7.774819e-01 -1.014328e-02
1.099934e+01 1.088445e+00 -1.085778e-02
1.099934e+01 1.523711e+00 -1.157432e-02
1.099934e+01 2.088426e+00 -1.211018e-02
1.099934e+01 2.685505e+00 -1.064582e-02
1.123932e+01 1.570796e-02 -6.146883e-06
1.123932e+01 2.346256e-02 -3.868586e-05
1.123932e+01 3.503514e-02 -2.313290e-04
1.123932e+01 5.263151e-02 -5.490967e-04
1.123932e+01 7.314235e-02 -7.890498e-04
1.123932e+01 1.025928e-01 -1.438289e-03
1.123932e+01 1.448116e-01 -2.109549e-03
1.123932e+01 2.023460e-01 -3.015833e-03
1.123932e+01 2.834245e-01 -4.444648e-03
1.123932e+01 3.967448e-01 -5.948734e-03
1.123932e+01 5.552783e-01 -7.532713e-03
1.123932e+01 7.774819e-01 -8.792404e-03
1.123932e+01 1.088445e+00 -9.573654e-03
1.123932e+01 1.523711e+00 -1.037691e-02
1.123932e+01 2.088426e+00 -1.097123e-02
1.123932e+01 2.685505e+00 -9.692022e-03
1.148411e+01 1.570796e-02 -5.03282e-06
1.148411e+01 2.346256e-02 -3.225373e-05
1.148411e+01 3.503514e-02 -1.932587e-04
1.148411e+01 5.263151e-02 -4.616591e-04
1.148411e+01 7.314235e-02 -6.630327e-04
1.148411e+01 1.025928e-01 -1.205803e-03
1.148411e+01 1.448116e-01 -1.772802e-03
1.148411e+01 2.023460e-01 -2.528723e-03
1.148411e+01 2.834245e-01 -3.741829e-03
1.148411e+01 3.967448e-01 -5.021749e-03
1.148411e+01 5.552783e-01 -6.400568e-03
1.148411e+01 7.774819e-01 -7.584683e-03
1.148411e+01 1.088445e+00 -8.396077e-03
1.148411e+01 1.523711e+00 -9.236258e-03
1.148411e+01 2.088426e+00 -9.891524e-03
1.148411e+01 2.685505e+00 -8.783677e-03
1.173379e+01 1.570796e-02 -4.173995e-06
1.173379e+01 2.346256e-02 -2.616247e-05
1.173379e+01 3.503514e-02 -1.603205e-04
1.173379e+01 5.263151e-02 -3.835606e-04
1.173379e+01 7.314235e-02 -5.540025e-04
1.173379e+01 1.025928e-01 -1.004258e-03
1.173379e+01 1.448116e-01 -1.477068e-03
1.173379e+01 2.023460e-01 -2.108133e-03
1.173379e+01 2.834245e-01 -3.131347e-03
1.173379e+01 3.967448e-01 -4.207411e-03
1.173379e+01 5.552783e-01 -5.407269e-03
1.173379e+01 7.774819e-01 -6.499744e-03
1.173379e+01 1.088445e+00 -7.308972e-03
1.173379e+01 1.523711e+00 -8.183230e-03
1.173379e+01 2.088426e+00 -8.857105e-03
1.173379e+01 2.685505e+00 -7.928995e-03
1.198847e+01 1.570796e-02 -3.518834e-06
1.198847e+01 2.346256e-02 -2.195046e-05
1.198847e+01 3.503514e-02 -1.319227e-04
1.198847e+01 5.263151e-02 -3.192621e-04
1.198847e+01 7.314235e-02 -4.583641e-04
1.198847e+01 1.025928e-01 -8.303636e-04
1.198847e+01 1.448116e-01 -1.223607e-03
1.198847e+01 2.023460e-01 -1.745442e-03
1.198847e+01 2.834245e-01 -2.599393e-03
1.198847e+01 3.967448e-01 -3.505876e-03
1.198847e+01 5.552783e-01 -4.540963e-03
1.198847e+01 7.774819e-01 -5.527957e-03
1.198847e+01 1.088445e+00 -6.310918e-03
1.198847e+01 1.523711e+00 -7.188374e-03
1.198847e+01 2.088426e+00 -7.877343e-03
1.198847e+01 2.685505e+00 -7.113202e-03
1.224824e+01 1.570796e-02 -2.884423e-06
1.224824e+01 2.346256e-02 -1.832262e-05
1.224824e+01 3.503514e-02 -1.089432e-04
1.224824e+01 5.263151e-02 -2.631946e-04
1.224824e+01 7.314235e-02 -3.782344e-04
1.224824e+01 1.025928e-01 -6.858765e-04
1.224824e+01 1.448116e-01 -1.011842e-03
1.224824e+01 2.023460e-01 -1.439142e-03
1.224824e+01 2.834245e-01 -2.150714e-03
1.224824e+01 3.967448e-01 -2.909022e-03
1.224824e+01 5.552783e-01 -3.792406e-03
1.224824e+01 7.774819e-01 -4.666806e-03
1.224824e+01 1.088445e+00 -5.411773e-03
1.224824e+01 1.523711e+00 -6.268478e-03
1.224824e+01 2.088426e+00 -6.950217e-03
1.224824e+01 2.685505e+00 -6.311301e-03
1.251320e+01 1.570796e-02 -2.459528e-06
1.251320e+01 2.346256e-02 -1.471207e-05
1.251320e+01 3.503514e-02 -8.838881e-05
1.251320e+01 5.263151e-02 -2.152530e-04
1.251320e+01 7.314235e-02 -3.100792e-04
1.251320e+01 1.025928e-01 -5.590439e-04
1.251320e+01 1.448116e-01 -8.313849e-04
1.251320e+01 2.023460e-01 -1.174944e-03
1.251320e+01 2.834245e-01 -1.762953e-03
1.251320e+01 3.967448e-01 -2.391559e-03
1.251320e+01 5.552783e-01 -3.137782e-03
1.251320e+01 7.774819e-01 -3.913241e-03
1.251320e+01 1.088445e+00 -4.611034e-03
1.251320e+01 1.523711e+00 -5.434846e-03
1.251320e+01 2.088426e+00 -6.090189e-03
1.251320e+01 2.685505e+00 -5.561582e-03
1.278347e+01 1.570796e-02 -2.084992e-06
1.278347e+01 2.346256e-02 -1.171855e-05
1.278347e+01 3.503514e-02 -7.171812e-05
1.278347e+01 5.263151e-02 -1.75903e-04
1.278347e+01 7.314235e-02 -2.539768e-04
1.278347e+01 1.025928e-01 -4.559041e-04
1.278347e+01 1.448116e-01 -6.794203e-04
1.278347e+01 2.023460e-01 -9.5972e-04
1.278347e+01 2.834245e-01 -1.440096e-03
1.278347e+01 3.967448e-01 -1.962211e-03
1.278347e+01 5.552783e-01 -2.589332e-03
1.278347e+01 7.774819e-01 -3.267098e-03
1.278347e+01 1.088445e+00 -3.912629e-03
1.278347e+01 1.523711e+00 -4.681785e-03
1.278347e+01 2.088426e+00 -5.315544e-03
1.278347e+01 2.685505e+00 -4.876839e-03
1.305914e+01 1.570796e-02 -1.763964e-06
1.305914e+01 2.346256e-02 -9.645004e-06
1.305914e+01 3.503514e-02 -5.81856e-05
1.305914e+01 5.263151e-02 -1.422835e-04
1.305914e+01 7.314235e-02 -2.052592e-04
1.305914e+01 1.025928e-01 -3.688793e-04
1.305914e+01 1.448116e-01 -5.470621e-04
1.305914e+01 2.023460e-01 -7.767381e-04
1.305914e+01 2.834245e-01 -1.166661e-03
1.305914e+01 3.967448e-01 -1.598558e-03
1.305914e+01 5.552783e-01 -2.115804e-03
1.305914e+01 7.774819e-01 -2.697719e-03
1.305914e+01 1.088445e+00 -3.293979e-03
1.305914e+01 1.523711e+00 -4.001439e-03
1.305914e+01 2.088426e+00 -4.596499e-03
1.305914e+01 2.685505e+00 -4.229768e-03
1.334032e+01 1.570796e-02 -1.407180e-06
1.334032e+01 2.346256e-02 -7.57968e-06
1.334032e+01 3.503514e-02 -4.701705e-05
1.334032e+01 5.263151e-02 -1.145367e-04
1.334032e+01 7.314235e-02 -1.658274e-04
1.334032e+01 1.025928e-01 -2.969586e-04
1.334032e+01 1.448116e-01 -4.417759e-04
1.334032e+01 2.023460e-01 -6.282641e-04
1.334032e+01 2.834245e-01 -9.421524e-04
1.334032e+01 3.967448e-01 -1.296994e-03
1.334032e+01 5.552783e-01 -1.723249e-03
1.334032e+01 7.774819e-01 -2.223237e-03
1.334032e+01 1.088445e+00 -2.749527e-03
1.334032e+01 1.523711e+00 -3.388266e-03
1.334032e+01 2.088426e+00 -3.931964e-03
1.334032e+01 2.685505e+00 -3.642805e-03
1.362713e+01 1.570796e-02 -1.071584e-06
1.362713e+01 2.346256e-02 -6.078353e-06
1.362713e+01 3.503514e-02 -3.735297e-05
1.362713e+01 5.263151e-02 -9.167540e-05
1.362713e+01 7.314235e-02 -1.323884e-04
1.362713e+01 1.025928e-01 -2.368119e-04
1.362713e+01 1.448116e-01 -3.517813e-04
1.362713e+01 2.023460e-01 -5.018124e-04
1.362713e+01 2.834245e-01 -7.53834e-04
1.362713e+01 3.967448e-01 -1.041320e-03
1.362713e+01 5.552783e-01 -1.396084e-03
1.362713e+01 7.774819e-01 -1.816867e-03
1.362713e+01 1.088445e+00 -2.284013e-03
1.362713e+01 1.523711e+00 -2.853348e-03
1.362713e+01 2.088426e+00 -3.35379e-03
1.362713e+01 2.685505e+00 -3.144787e-03
1.391967e+01 1.570796e-02 -8.354334e-07
1.391967e+01 2.346256e-02 -4.801674e-06
1.391967e+01 3.503514e-02 -2.953234e-05
1.391967e+01 5.263151e-02 -7.303001e-05
1.391967e+01 7.314235e-02 -1.040045e-04
1.391967e+01 1.025928e-01 -1.878620e-04
1.391967e+01 1.448116e-01 -2.790361e-04
1.391967e+01 2.023460e-01 -4.004175e-04
1.391967e+01 2.834245e-01 -6.011506e-04
1.391967e+01 3.967448e-01 -8.291591e-04
1.391967e+01 5.552783e-01 -1.117913e-03
1.391967e+01 7.774819e-01 -1.472736e-03
1.391967e+01 1.088445e+00 -1.88453e-03
1.391967e+01 1.523711e+00 -2.390975e-03
1.391967e+01 2.088426e+00 -2.852574e-03
1.391967e+01 2.685505e+00 -2.692227e-03
1.421806e+01 1.570796e-02 -6.812092e-07
1.421806e+01 2.346256e-02 -3.888326e-06
1.421806e+01 3.503514e-02 -2.333766e-05
1.421806e+01 5.263151e-02 -5.782617e-05
1.421806e+01 7.314235e-02 -8.259604e-05
1.421806e+01 1.025928e-01 -1.501251e-04
1.421806e+01 1.448116e-01 -2.220351e-04
1.421806e+01 2.023460e-01 -3.176595e-04
1.421806e+01 2.834245e-01 -4.759784e-04
1.421806e+01 3.967448e-01 -6.592157e-04
1.421806e+01 5.552783e-01 -8.947673e-04
1.421806e+01 7.774819e-01 -1.189374e-03
1.421806e+01 1.088445e+00 -1.548056e-03
1.421806e+01 1.523711e+00 -1.994118e-03
1.421806e+01 2.088426e+00 -2.399760e-03
1.421806e+01 2.685505e+00 -2.272563e-03
1.452242e+01 1.570796e-02 -5.691015e-07
1.452242e+01 2.346256e-02 -3.029058e-06
1.452242e+01 3.503514e-02 -1.819224e-05
1.452242e+01 5.263151e-02 -4.546268e-05
1.452242e+01 7.314235e-02 -6.474889e-05
1.452242e+01 1.025928e-01 -1.186525e-04
1.452242e+01 1.448116e-01 -1.756009e-04
1.452242e+01 2.023460e-01 -2.501992e-04
1.452242e+01 2.834245e-01 -3.780111e-04
1.452242e+01 3.967448e-01 -5.229291e-04
1.452242e+01 5.552783e-01 -7.107130e-04
1.452242e+01 7.774819e-01 -9.570929e-04
1.452242e+01 1.088445e+00 -1.261064e-03
1.452242e+01 1.523711e+00 -1.644197e-03
1.452242e+01 2.088426e+00 -1.997910e-03
1.452242e+01 2.685505e+00 -1.891433e-03
1.483287e+01 1.570796e-02 -4.666114e-07
1.483287e+01 2.346256e-02 -2.455142e-06
1.483287e+01 3.503514e-02 -1.339431e-05
1.483287e+01 5.263151e-02 -3.541596e-05
1.483287e+01 7.314235e-02 -5.035295e-05
1.483287e+01 1.025928e-01 -9.260415e-05
1.483287e+01 1.448116e-01 -1.370388e-04
1.483287e+01 2.023460e-01 -1.956447e-04
1.483287e+01 2.834245e-01 -2.944838e-04
1.483287e+01 3.967448e-01 -4.083737e-04
1.483287e+01 5.552783e-01 -5.60274e-04
1.483287e+01 7.774819e-01 -7.602967e-04
1.483287e+01 1.088445e+00 -1.012471e-03
1.483287e+01 1.523711e+00 -1.341722e-03
1.483287e+01 2.088426e+00 -1.640341e-03
1.483287e+01 2.685505e+00 -1.554761e-03
1.514953e+01 1.570796e-02 -3.755675e-07
1.514953e+01 2.346256e-02 -1.909829e-06
1.514953e+01 3.503514e-02 -9.888180e-06
1.514953e+01 5.263151e-02 -2.737215e-05
1.514953e+01 7.314235e-02 -3.968317e-05
1.514953e+01 1.025928e-01 -7.210933e-05
1.514953e+01 1.448116e-01 -1.06117e-04
1.514953e+01 2.023460e-01 -1.516477e-04
1.514953e+01 2.834245e-01 -2.287028e-04
1.514953e+01 3.967448e-01 -3.172164e-04
1.514953e+01 5.552783e-01 -4.389491e-04
1.514953e+01 7.774819e-01 -6.017075e-04
1.514953e+01 1.088445e+00 -8.100710e-04
1.514953e+01 1.523711e+00 -1.084475e-03
1.514953e+01 2.088426e+00 -1.336174e-03
1.514953e+01 2.685505e+00 -1.259422e-03
1.547252e+01 1.570796e-02 -2.770104e-07
1.547252e+01 2.346256e-02 -1.467861e-06
1.547252e+01 3.503514e-02 -7.441381e-06
1.547252e+01 5.263151e-02 -2.121445e-05
1.547252e+01 7.314235e-02 -3.026982e-05
1.547252e+01 1.025928e-01 -5.544652e-05
1.547252e+01 1.448116e-01 -8.160461e-05
1.547252e+01 2.023460e-01 -1.164441e-04
1.547252e+01 2.834245e-01 -1.757303e-04
1.547252e+01 3.967448e-01 -2.452473e-04
1.547252e+01 5.552783e-01 -3.408895e-04
1.547252e+01 7.774819e-01 -4.720426e-04
1.547252e+01 1.088445e+00 -6.394877e-04
1.547252e+01 1.523711e+00 -8.678207e-04
1.547252e+01 2.088426e+00 -1.075958e-03
1.547252e+01 2.685505e+00 -1.003326e-03
1.580197e+01 1.570796e-02 -2.114803e-07
1.580197e+01 2.346256e-02 -1.097949e-06
1.580197e+01 3.503514e-02 -5.65041e-06
1.580197e+01 5.263151e-02 -1.606743e-05
1.580197e+01 7.314235e-02 -2.276718e-05
1.580197e+01 1.025928e-01 -4.264204e-05
1.580197e+01 1.448116e-01 -6.227378e-05
1.580197e+01 2.023460e-01 -8.866202e-05
1.580197e+01 2.834245e-01 -1.339359e-04
1.580197e+01 3.967448e-01 -1.863452e-04
1.580197e+01 5.552783e-01 -2.623826e-04
1.580197e+01 7.774819e-01 -3.658263e-04
1.580197e+01 1.088445e+00 -5.012219e-04
1.580197e+01 1.523711e+00 -6.871333e-04
1.580197e+01 2.088426e+00 -8.564273e-04
1.580197e+01 2.685505e+00 -8.077292e-04
1.613801e+01 1.570796e-02 -1.52792e-07
1.613801e+01 2.346256e-02 -8.512916e-07
1.613801e+01 3.503514e-02 -4.445639e-06
1.613801e+01 5.263151e-02 -1.215406e-05
1.613801e+01 7.314235e-02 -1.750551e-05
1.613801e+01 1.025928e-01 -3.169298e-05
1.613801e+01 1.448116e-01 -4.670651e-05
1.613801e+01 2.023460e-01 -6.665942e-05
1.613801e+01 2.834245e-01 -1.003566e-04
1.613801e+01 3.967448e-01 -1.401333e-04
1.613801e+01 5.552783e-01 -1.985066e-04
1.613801e+01 7.774819e-01 -2.785781e-04
1.613801e+01 1.088445e+00 -3.837308e-04
1.613801e+01 1.523711e+00 -5.307003e-04
1.613801e+01 2.088426e+00 -6.636246e-04
1.613801e+01 2.685505e+00 -6.272158e-04
1.648077e+01 1.570796e-02 -1.326208e-07
1.648077e+01 2.346256e-02 -6.731761e-07
1.648077e+01 3.503514e-02 -3.306661e-06
1.648077e+01 5.263151e-02 -8.976378e-06
1.648077e+01 7.314235e-02 -1.296105e-05
1.648077e+01 1.025928e-01 -2.358734e-05
1.648077e+01 1.448116e-01 -3.442044e-05
1.648077e+01 2.023460e-01 -4.928561e-05
1.648077e+01 2.834245e-01 -7.420312e-05
1.648077e+01 3.967448e-01 -1.039699e-04
1.648077e+01 5.552783e-01 -1.482028e-04
1.648077e+01 7.774819e-01 -2.092858e-04
1.648077e+01 1.088445e+00 -2.908184e-04
1.648077e+01 1.523711e+00 -4.039460e-04
1.648077e+01 2.088426e+00 -5.035879e-04
1.648077e+01 2.685505e+00 -4.754097e-04
1.683038e+01 1.570796e-02 -9.98849e-08
1.683038e+01 2.346256e-02 -4.235185e-07
1.683038e+01 3.503514e-02 -2.433808e-06
1.683038e+01 5.263151e-02 -6.475003e-06
1.683038e+01 7.314235e-02 -9.407059e-06
1.683038e+01 1.025928e-01 -1.676041e-05
1.683038e+01 1.448116e-01 -2.511499e-05
1.683038e+01 2.023460e-01 -3.611817e-05
1.683038e+01 2.834245e-01 -5.386265e-05
1.683038e+01 3.967448e-01 -7.564377e-05
1.683038e+01 5.552783e-01 -1.078701e-04
1.683038e+01 7.774819e-01 -1.531240e-04
1.683038e+01 1.088445e+00 -2.149588e-04
1.683038e+01 1.523711e+00 -2.992094e-04
1.683038e+01 2.088426e+00 -3.76771e-04
1.683038e+01 2.685505e+00 -3.570821e-04
1.718699e+01 1.570796e-02 -8.267372e-08
1.718699e+01 2.346256e-02 -3.068833e-07
1.718699e+01 3.503514e-02 -1.755001e-06
1.718699e+01 5.263151e-02 -4.519557e-06
1.718699e+01 7.314235e-02 -6.715214e-06
1.718699e+01 1.025928e-01 -1.196068e-05
1.718699e+01 1.448116e-01 -1.791919e-05
1.718699e+01 2.023460e-01 -2.561967e-05
1.718699e+01 2.834245e-01 -3.849030e-05
1.718699e+01 3.967448e-01 -5.421658e-05
1.718699e+01 5.552783e-01 -7.799584e-05
1.718699e+01 7.774819e-01 -1.11252e-04
1.718699e+01 1.088445e+00 -1.563641e-04
1.718699e+01 1.523711e+00 -2.200506e-04
1.718699e+01 2.088426e+00 -2.781004e-04
1.718699e+01 2.685505e+00 -2.605839e-04
1.755073e+01 1.570796e-02 -5.456474e-08
1.755073e+01 2.346256e-02 -2.488978e-07
1.755073e+01 3.503514e-02 -1.201699e-06
1.755073e+01 5.263151e-02 -3.109121e-06
1.755073e+01 7.314235e-02 -4.617664e-06
1.755073e+01 1.025928e-01 -8.391802e-06
1.755073e+01 1.448116e-01 -1.254767e-05
1.755073e+01 2.023460e-01 -1.819017e-05
1.755073e+01 2.834245e-01 -2.718177e-05
1.755073e+01 3.967448e-01 -3.784986e-05
1.755073e+01 5.552783e-01 -5.498563e-05
1.755073e+01 7.774819e-01 -7.90034e-05
1.755073e+01 1.088445e+00 -1.113509e-04
1.755073e+01 1.523711e+00 -1.595336e-04
1.755073e+01 2.088426e+00 -2.018817e-04
1.755073e+01 2.685505e+00 -1.912779e-04
1.792175e+01 1.570796e-02 -3.325433e-08
1.792175e+01 2.346256e-02 -1.694303e-07
1.792175e+01 3.503514e-02 -8.351348e-07
1.792175e+01 5.263151e-02 -2.132030e-06
1.792175e+01 7.314235e-02 -3.182121e-06
1.792175e+01 1.025928e-01 -5.782554e-06
1.792175e+01 1.448116e-01 -8.789090e-06
1.792175e+01 2.023460e-01 -1.269944e-05
1.792175e+01 2.834245e-01 -1.903496e-05
1.792175e+01 3.967448e-01 -2.631696e-05
1.792175e+01 5.552783e-01 -3.849671e-05
1.792175e+01 7.774819e-01 -5.531954e-05
1.792175e+01 1.088445e+00 -7.851061e-05
1.792175e+01 1.523711e+00 -1.133673e-04
1.792175e+01 2.088426e+00 -1.438274e-04
1.792175e+01 2.685505e+00 -1.341357e-04
1.830018e+01 1.570796e-02 -2.170106e-08
1.830018e+01 2.346256e-02 -9.537325e-08
1.830018e+01 3.503514e-02 -5.791013e-07
1.830018e+01 5.263151e-02 -1.433826e-06
1.830018e+01 7.314235e-02 -2.130861e-06
1.830018e+01 1.025928e-01 -3.865851e-06
1.830018e+01 1.448116e-01 -5.992802e-06
1.830018e+01 2.023460e-01 -8.557499e-06
1.830018e+01 2.834245e-01 -1.288381e-05
1.830018e+01 3.967448e-01 -1.793976e-05
1.830018e+01 5.552783e-01 -2.624749e-05
1.830018e+01 7.774819e-01 -3.813645e-05
1.830018e+01 1.088445e+00 -5.417797e-05
1.830018e+01 1.523711e+00 -7.906169e-05
1.830018e+01 2.088426e+00 -1.005594e-04
1.830018e+01 2.685505e+00 -9.488256e-05
1.868618e+01 1.570796e-02 -1.218837e-08
1.868618e+01 2.346256e-02 -6.119646e-08
1.868618e+01 3.503514e-02 -3.838139e-07
1.868618e+01 5.263151e-02 -9.418360e-07
1.868618e+01 7.314235e-02 -1.402386e-06
1.868618e+01 1.025928e-01 -2.577865e-06
1.868618e+01 1.448116e-01 -3.948382e-06
1.868618e+01 2.023460e-01 -5.663087e-06
1.868618e+01 2.834245e-01 -8.517753e-06
1.868618e+01 3.967448e-01 -1.203508e-05
1.868618e+01 5.552783e-01 -1.772921e-05
1.868618e+01 7.774819e-01 -2.562889e-05
1.868618e+01 1.088445e+00 -3.699943e-05
1.868618e+01 1.523711e+00 -5.396587e-05
1.868618e+01 2.088426e+00 -6.955096e-05
1.868618e+01 2.685505e+00 -6.563280e-05
1.907991e+01 1.570796e-02 -9.345890e-09
1.907991e+01 2.346256e-02 -2.969942e-08
1.907991e+01 3.503514e-02 -2.367831e-07
1.907991e+01 5.263151e-02 -5.873591e-07
1.907991e+01 7.314235e-02 -9.097961e-07
1.907991e+01 1.025928e-01 -1.654645e-06
1.907991e+01 1.448116e-01 -2.606139e-06
1.907991e+01 2.023460e-01 -3.797453e-06
1.907991e+01 2.834245e-01 -5.581642e-06
1.907991e+01 3.967448e-01 -8.040011e-06
1.907991e+01 5.552783e-01 -1.179821e-05
1.907991e+01 7.774819e-01 -1.704505e-05
1.907991e+01 1.088445e+00 -2.529593e-05
1.907991e+01 1.523711e+00 -3.646237e-05
1.907991e+01 2.088426e+00 -4.722930e-05
1.907991e+01 2.685505e+00 -4.393682e-05
1.948151e+01 1.570796e-02 -6.933484e-09
1.948151e+01 2.346256e-02 -2.219865e-08
1.948151e+01 3.503514e-02 -1.660034e-07
1.948151e+01 5.263151e-02 -3.727779e-07
1.948151e+01 7.314235e-02 -5.958752e-07
1.948151e+01 1.025928e-01 -1.045980e-06
1.948151e+01 1.448116e-01 -1.660085e-06
1.948151e+01 2.023460e-01 -2.43157e-06
1.948151e+01 2.834245e-01 -3.633109e-06
1.948151e+01 3.967448e-01 -5.133021e-06
1.948151e+01 5.552783e-01 -7.584131e-06
1.948151e+01 7.774819e-01 -1.108627e-05
1.948151e+01 1.088445e+00 -1.660907e-05
1.948151e+01 1.523711e+00 -2.387868e-05
1.948151e+01 2.088426e+00 -3.082214e-05
1.948151e+01 2.685505e+00 -2.88005e-05
1.989114e+01 1.570796e-02 -4.492513e-09
1.989114e+01 2.346256e-02 -1.300272e-08
1.989114e+01 3.503514e-02 -1.149081e-07
1.989114e+01 5.263151e-02 -2.217089e-07
1.989114e+01 7.314235e-02 -3.78622e-07
1.989114e+01 1.025928e-01 -6.668499e-07
1.989114e+01 1.448116e-01 -1.062786e-06
1.989114e+01 2.023460e-01 -1.528225e-06
1.989114e+01 2.834245e-01 -2.308592e-06
1.989114e+01 3.967448e-01 -3.270359e-06
1.989114e+01 5.552783e-01 -4.840975e-06
1.989114e+01 7.774819e-01 -7.111032e-06
1.989114e+01 1.088445e+00 -1.068513e-05
1.989114e+01 1.523711e+00 -1.565977e-05
1.989114e+01 2.088426e+00 -1.997644e-05
1.989114e+01 2.685505e+00 -1.822211e-05
2.030896e+01 1.570796e-02 -3.005468e-09
2.030896e+01 2.346256e-02 -6.436610e-09
2.030896e+01 3.503514e-02 -7.049791e-08
2.030896e+01 5.263151e-02 -1.263459e-07
2.030896e+01 7.314235e-02 -2.119175e-07
2.030896e+01 1.025928e-01 -3.774500e-07
2.030896e+01 1.448116e-01 -5.923919e-07
2.030896e+01 2.023460e-01 -8.494073e-07
2.030896e+01 2.834245e-01 -1.333683e-06
2.030896e+01 3.967448e-01 -1.887516e-06
2.030896e+01 5.552783e-01 -2.794480e-06
2.030896e+01 7.774819e-01 -4.175812e-06
2.030896e+01 1.088445e+00 -6.299492e-06
2.030896e+01 1.523711e+00 -9.365503e-06
2.030896e+01 2.088426e+00 -1.217793e-05
2.030896e+01 2.685505e+00 -1.102058e-05
2.073514e+01 1.570796e-02 1.414605e-10
2.073514e+01 2.346256e-02 5.812022e-10
2.073514e+01 3.503514e-02 3.155249e-09
2.073514e+01 5.263151e-02 7.056806e-09
2.073514e+01 7.314235e-02 1.039344e-08
2.073514e+01 1.025928e-01 2.002776e-08
2.073514e+01 1.448116e-01 2.866859e-08
2.073514e+01 2.023460e-01 4.041626e-08
2.073514e+01 2.834245e-01 5.982441e-08
2.073514e+01 3.967448e-01 8.496753e-08
2.073514e+01 5.552783e-01 1.162038e-07
2.073514e+01 7.774819e-01 1.460754e-07
2.073514e+01 1.088445e+00 1.548962e-07
2.073514e+01 1.523711e+00 1.279212e-07
2.073514e+01 2.088426e+00 8.077096e-08
2.073514e+01 2.685505e+00 4.002355e-08
2.116984e+01 1.570796e-02 1.336813e-10
2.116984e+01 2.346256e-02 5.498114e-10
2.116984e+01 3.503514e-02 2.987124e-09
2.116984e+01 5.263151e-02 6.679140e-09
2.116984e+01 7.314235e-02 9.838649e-09
2.116984e+01 1.025928e-01 1.897901e-08
2.116984e+01 1.448116e-01 2.716462e-08
2.116984e+01 2.023460e-01 3.837322e-08
2.116984e+01 2.834245e-01 5.70763e-08
2.116984e+01 3.967448e-01 8.156782e-08
2.116984e+01 5.552783e-01 1.123119e-07
2.116984e+01 7.774819e-01 1.419947e-07
2.116984e+01 1.088445e+00 1.514906e-07
2.116984e+01 1.523711e+00 1.258297e-07
2.116984e+01 2.088426e+00 7.993424e-08
2.116984e+01 2.685505e+00 3.959593e-08
2.161324e+01 1.570796e-02 1.260986e-10
2.161324e+01 2.346256e-02 5.190721e-10
2.161324e+01 3.503514e-02 2.821893e-09
2.161324e+01 5.263151e-02 6.309759e-09
2.161324e+01 7.314235e-02 9.294902e-09
2.161324e+01 1.025928e-01 1.795244e-08
2.161324e+01 1.448116e-01 2.56922e-08
2.161324e+01 2.023460e-01 3.636857e-08
2.161324e+01 2.834245e-01 5.437135e-08
2.161324e+01 3.967448e-01 7.821944e-08
2.161324e+01 5.552783e-01 1.084254e-07
2.161324e+01 7.774819e-01 1.378808e-07
2.161324e+01 1.088445e+00 1.478476e-07
2.161324e+01 1.523711e+00 1.237191e-07
2.161324e+01 2.088426e+00 7.921587e-08
2.161324e+01 2.685505e+00 3.923041e-08
2.206550e+01 1.570796e-02 1.187309e-10
2.206550e+01 2.346256e-02 4.894789e-10
2.206550e+01 3.503514e-02 2.659522e-09
2.206550e+01 5.263151e-02 5.948078e-09
2.206550e+01 7.314235e-02 8.761841e-09
2.206550e+01 1.025928e-01 1.694458e-08
2.206550e+01 1.448116e-01 2.42542e-08
2.206550e+01 2.023460e-01 3.443141e-08
2.206550e+01 2.834245e-01 5.174422e-08
2.206550e+01 3.967448e-01 7.492395e-08
2.206550e+01 5.552783e-01 1.045337e-07
2.206550e+01 7.774819e-01 1.336733e-07
2.206550e+01 1.088445e+00 1.441958e-07
2.206550e+01 1.523711e+00 1.216404e-07
2.206550e+01 2.088426e+00 7.858446e-08
2.206550e+01 2.685505e+00 3.895453e-08
2.252681e+01 1.570796e-02 1.115962e-10
2.252681e+01 2.346256e-02 4.606739e-10
2.252681e+01 3.503514e-02 2.500772e-09
2.252681e+01 5.263151e-02 5.595300e-09
2.252681e+01 7.314235e-02 8.244749e-09
2.252681e+01 1.025928e-01 1.596568e-08
2.252681e+01 1.448116e-01 2.285667e-08
2.252681e+01 2.023460e-01 3.253131e-08
2.252681e+01 2.834245e-01 4.917138e-08
2.252681e+01 3.967448e-01 7.165967e-08
2.252681e+01 5.552783e-01 1.006278e-07
2.252681e+01 7.774819e-01 1.293748e-07
2.252681e+01 1.088445e+00 1.403291e-07
2.252681e+01 1.523711e+00 1.1951e-07
2.252681e+01 2.088426e+00 7.796989e-08
2.252681e+01 2.685505e+00 3.864834e-08
2.299735e+01 1.570796e-02 1.04571e-10
2.299735e+01 2.346256e-02 4.324678e-10
2.299735e+01 3.503514e-02 2.346310e-09
2.299735e+01 5.263151e-02 5.251984e-09
2.299735e+01 7.314235e-02 7.739256e-09
2.299735e+01 1.025928e-01 1.501141e-08
2.299735e+01 1.448116e-01 2.149172e-08
2.299735e+01 2.023460e-01 3.068546e-08
2.299735e+01 2.834245e-01 4.666144e-08
2.299735e+01 3.967448e-01 6.842397e-08
2.299735e+01 5.552783e-01 9.667637e-08
2.299735e+01 7.774819e-01 1.249408e-07
2.299735e+01 1.088445e+00 1.363646e-07
2.299735e+01 1.523711e+00 1.174264e-07
2.299735e+01 2.088426e+00 7.750996e-08
2.299735e+01 2.685505e+00 3.848486e-08
2.34773e+01 1.570796e-02 9.773121e-11
2.34773e+01 2.346256e-02 4.051264e-10
2.34773e+01 3.503514e-02 2.196109e-09
2.34773e+01 5.263151e-02 4.918518e-09
2.34773e+01 7.314235e-02 7.248743e-09
2.34773e+01 1.025928e-01 1.408258e-08
2.34773e+01 1.448116e-01 2.016833e-08
2.34773e+01 2.023460e-01 2.889005e-08
2.34773e+01 2.834245e-01 4.419684e-08
2.34773e+01 3.967448e-01 6.521203e-08
2.34773e+01 5.552783e-01 9.269241e-08
2.34773e+01 7.774819e-01 1.204005e-07
2.34773e+01 1.088445e+00 1.322839e-07
2.34773e+01 1.523711e+00 1.153087e-07
2.34773e+01 2.088426e+00 7.714328e-08
2.34773e+01 2.685505e+00 3.824214e-08
2.396684e+01 1.570796e-02 9.10943e-11
2.396684e+01 2.346256e-02 3.784348e-10
2.396684e+01 3.503514e-02 2.049827e-09
2.396684e+01 5.263151e-02 4.594214e-09
2.396684e+01 7.314235e-02 6.771244e-09
2.396684e+01 1.025928e-01 1.318343e-08
2.396684e+01 1.448116e-01 1.888665e-08
2.396684e+01 2.023460e-01 2.713486e-08
2.396684e+01 2.834245e-01 4.179108e-08
2.396684e+01 3.967448e-01 6.199621e-08
2.396684e+01 5.552783e-01 8.865348e-08
2.396684e+01 7.774819e-01 1.157738e-07
2.396684e+01 1.088445e+00 1.281849e-07
2.396684e+01 1.523711e+00 1.13108e-07
2.396684e+01 2.088426e+00 7.682692e-08
2.396684e+01 2.685505e+00 3.817751e-08
2.446618e+01 1.570796e-02 8.466577e-11
2.446618e+01 2.346256e-02 3.524489e-10
2.446618e+01 3.503514e-02 1.907771e-09
2.446618e+01 5.263151e-02 4.278197e-09
2.446618e+01 7.314235e-02 6.306775e-09
2.446618e+01 1.025928e-01 1.230428e-08
2.446618e+01 1.448116e-01 1.763716e-08
2.446618e+01 2.023460e-01 2.542806e-08
2.446618e+01 2.834245e-01 3.94189e-08
2.446618e+01 3.967448e-01 5.87952e-08
2.446618e+01 5.552783e-01 8.452089e-08
2.446618e+01 7.774819e-01 1.110142e-07
2.446618e+01 1.088445e+00 1.238836e-07
2.446618e+01 1.523711e+00 1.109343e-07
2.446618e+01 2.088426e+00 7.674005e-08
2.446618e+01 2.685505e+00 3.813072e-08
2.497550e+01 1.570796e-02 7.834096e-11
2.497550e+01 2.346256e-02 3.270073e-10
2.497550e+01 3.503514e-02 1.769888e-09
2.497550e+01 5.263151e-02 3.972011e-09
2.497550e+01 7.314235e-02 5.856913e-09
2.497550e+01 1.025928e-01 1.145046e-08
2.497550e+01 1.448116e-01 1.642307e-08
2.497550e+01 2.023460e-01 2.3759e-08
2.497550e+01 2.834245e-01 3.707352e-08
2.497550e+01 3.967448e-01 5.558753e-08
2.497550e+01 5.552783e-01 8.036431e-08
2.497550e+01 7.774819e-01 1.061044e-07
2.497550e+01 1.088445e+00 1.193929e-07
2.497550e+01 1.523711e+00 1.086692e-07
2.497550e+01 2.088426e+00 7.665278e-08
2.497550e+01 2.685505e+00 3.818823e-08
2.549501e+01 1.570796e-02 7.227399e-11
2.549501e+01 2.346256e-02 3.023554e-10
2.549501e+01 3.503514e-02 1.635867e-09
2.549501e+01 5.263151e-02 3.674550e-09
2.549501e+01 7.314235e-02 5.418859e-09
2.549501e+01 1.025928e-01 1.061967e-08
2.549501e+01 1.448116e-01 1.523996e-08
2.549501e+01 2.023460e-01 2.212933e-08
2.549501e+01 2.834245e-01 3.475531e-08
2.549501e+01 3.967448e-01 5.235628e-08
2.549501e+01 5.552783e-01 7.613510e-08
2.549501e+01 7.774819e-01 1.010294e-07
2.549501e+01 1.088445e+00 1.147201e-07
2.549501e+01 1.523711e+00 1.062415e-07
2.549501e+01 2.088426e+00 7.664762e-08
2.549501e+01 2.685505e+00 3.879379e-08
2.602491e+01 1.570796e-02 6.639682e-11
2.602491e+01 2.346256e-02 2.783865e-10
2.602491e+01 3.503514e-02 1.505720e-09
2.602491e+01 5.263151e-02 3.385959e-09
2.602491e+01 7.314235e-02 4.992780e-09
2.602491e+01 1.025928e-01 9.809363e-09
2.602491e+01 1.448116e-01 1.408936e-08
2.602491e+01 2.023460e-01 2.053969e-08
2.602491e+01 2.834245e-01 3.245414e-08
2.602491e+01 3.967448e-01 4.91039e-08
2.602491e+01 5.552783e-01 7.177813e-08
2.602491e+01 7.774819e-01 9.579514e-08
2.602491e+01 1.088445e+00 1.099486e-07
2.602491e+01 1.523711e+00 1.037250e-07
2.602491e+01 2.088426e+00 7.668440e-08
2.602491e+01 2.685505e+00 3.949678e-08
2.656541e+01 1.570796e-02 6.066722e-11
2.656541e+01 2.346256e-02 2.550646e-10
2.656541e+01 3.503514e-02 1.379185e-09
2.656541e+01 5.263151e-02 3.105647e-09
2.656541e+01 7.314235e-02 4.578885e-09
2.656541e+01 1.025928e-01 9.019499e-09
2.656541e+01 1.448116e-01 1.296721e-08
2.656541e+01 2.023460e-01 1.897619e-08
2.656541e+01 2.834245e-01 3.017554e-08
2.656541e+01 3.967448e-01 4.582198e-08
2.656541e+01 5.552783e-01 6.730975e-08
2.656541e+01 7.774819e-01 9.038534e-08
2.656541e+01 1.088445e+00 1.048828e-07
2.656541e+01 1.523711e+00 1.010157e-07
2.656541e+01 2.088426e+00 7.671298e-08
2.656541e+01 2.685505e+00 4.040493e-08
2.711672e+01 1.570796e-02 5.513868e-11
2.711672e+01 2.346256e-02 2.323984e-10
2.711672e+01 3.503514e-02 1.256185e-09
2.711672e+01 5.263151e-02 2.833683e-09
2.711672e+01 7.314235e-02 4.177474e-09
2.711672e+01 1.025928e-01 8.248000e-09
2.711672e+01 1.448116e-01 1.187355e-08
2.711672e+01 2.023460e-01 1.744330e-08
2.711672e+01 2.834245e-01 2.790472e-08
2.711672e+01 3.967448e-01 4.251933e-08
2.711672e+01 5.552783e-01 6.277809e-08
2.711672e+01 7.774819e-01 8.482462e-08
2.711672e+01 1.088445e+00 9.954896e-08
2.711672e+01 1.523711e+00 9.787861e-08
2.711672e+01 2.088426e+00 7.662117e-08
2.711672e+01 2.685505e+00 4.169639e-08
2.767905e+01 1.570796e-02 4.97025e-11
2.767905e+01 2.346256e-02 2.102592e-10
2.767905e+01 3.503514e-02 1.136932e-09
2.767905e+01 5.263151e-02 2.56843e-09
2.767905e+01 7.314235e-02 3.787075e-09
2.767905e+01 1.025928e-01 7.493897e-09
2.767905e+01 1.448116e-01 1.080518e-08
2.767905e+01 2.023460e-01 1.593663e-08
2.767905e+01 2.834245e-01 2.565292e-08
2.767905e+01 3.967448e-01 3.920031e-08
2.767905e+01 5.552783e-01 5.813463e-08
2.767905e+01 7.774819e-01 7.902037e-08
2.767905e+01 1.088445e+00 9.391334e-08
2.767905e+01 1.523711e+00 9.448166e-08
2.767905e+01 2.088426e+00 7.648933e-08
2.767905e+01 2.685505e+00 4.325327e-08
2.825263e+01 1.570796e-02 4.451305e-11
2.825263e+01 2.346256e-02 1.886761e-10
2.825263e+01 3.503514e-02 1.021309e-09
2.825263e+01 5.263151e-02 2.310983e-09
2.825263e+01 7.314235e-02 3.406045e-09
2.825263e+01 1.025928e-01 6.756867e-09
2.825263e+01 1.448116e-01 9.760883e-09
2.825263e+01 2.023460e-01 1.444987e-08
2.825263e+01 2.834245e-01 2.339847e-08
2.825263e+01 3.967448e-01 3.585689e-08
2.825263e+01 5.552783e-01 5.339062e-08
2.825263e+01 7.774819e-01 7.306384e-08
2.825263e+01 1.088445e+00 8.791997e-08
2.825263e+01 1.523711e+00 9.073128e-08
2.825263e+01 2.088426e+00 7.60718e-08
2.825263e+01 2.685505e+00 4.521597e-08
2.883769e+01 1.570796e-02 3.950373e-11
2.883769e+01 2.346256e-02 1.676738e-10
2.883769e+01 3.503514e-02 9.086602e-10
2.883769e+01 5.263151e-02 2.060525e-09
2.883769e+01 7.314235e-02 3.036004e-09
2.883769e+01 1.025928e-01 6.038490e-09
2.883769e+01 1.448116e-01 8.741925e-09
2.883769e+01 2.023460e-01 1.298591e-08
2.883769e+01 2.834245e-01 2.114523e-08
2.883769e+01 3.967448e-01 3.248363e-08
2.883769e+01 5.552783e-01 4.856338e-08
2.883769e+01 7.774819e-01 6.688497e-08
2.883769e+01 1.088445e+00 8.159594e-08
2.883769e+01 1.523711e+00 8.636605e-08
2.883769e+01 2.088426e+00 7.525777e-08
2.883769e+01 2.685505e+00 4.751352e-08
2.943444e+01 1.570796e-02 3.460023e-11
2.943444e+01 2.346256e-02 1.472461e-10
2.943444e+01 3.503514e-02 7.994620e-10
2.943444e+01 5.263151e-02 1.816211e-09
2.943444e+01 7.314235e-02 2.6766e-09
2.943444e+01 1.025928e-01 5.335515e-09
2.943444e+01 1.448116e-01 7.741457e-09
2.943444e+01 2.023460e-01 1.154034e-08
2.943444e+01 2.834245e-01 1.889633e-08
2.943444e+01 3.967448e-01 2.908558e-08
2.943444e+01 5.552783e-01 4.363594e-08
2.943444e+01 7.774819e-01 6.05113e-08
2.943444e+01 1.088445e+00 7.485552e-08
2.943444e+01 1.523711e+00 8.139026e-08
2.943444e+01 2.088426e+00 7.391122e-08
2.943444e+01 2.685505e+00 4.995814e-08
3.004313e+01 1.570796e-02 2.988991e-11
3.004313e+01 2.346256e-02 1.274550e-10
3.004313e+01 3.503514e-02 6.932537e-10
3.004313e+01 5.263151e-02 1.579245e-09
3.004313e+01 7.314235e-02 2.326141e-09
3.004313e+01 1.025928e-01 4.647924e-09
3.004313e+01 1.448116e-01 6.760653e-09
3.004313e+01 2.023460e-01 1.011529e-08
3.004313e+01 2.834245e-01 1.664460e-08
3.004313e+01 3.967448e-01 2.564932e-08
3.004313e+01 5.552783e-01 3.862733e-08
3.004313e+01 7.774819e-01 5.392764e-08
3.004313e+01 1.088445e+00 6.770856e-08
3.004313e+01 1.523711e+00 7.562986e-08
3.004313e+01 2.088426e+00 7.182114e-08
3.004313e+01 2.685505e+00 5.247614e-08
3.066399e+01 1.570796e-02 2.537144e-11
3.066399e+01 2.346256e-02 1.082222e-10
3.066399e+01 3.503514e-02 5.906254e-10
3.066399e+01 5.263151e-02 1.348044e-09
3.066399e+01 7.314235e-02 1.984425e-09
3.066399e+01 1.025928e-01 3.976167e-09
3.066399e+01 1.448116e-01 5.798914e-09
3.066399e+01 2.023460e-01 8.704131e-09
3.066399e+01 2.834245e-01 1.439006e-08
3.066399e+01 3.967448e-01 2.220852e-08
3.066399e+01 5.552783e-01 3.355252e-08
3.066399e+01 7.774819e-01 4.713896e-08
3.066399e+01 1.088445e+00 6.008874e-08
3.066399e+01 1.523711e+00 6.903232e-08
3.066399e+01 2.088426e+00 6.874541e-08
3.066399e+01 2.685505e+00 5.453319e-08
3.129727e+01 1.570796e-02 2.098212e-11
3.129727e+01 2.346256e-02 8.967657e-11
3.129727e+01 3.503514e-02 4.90929e-10
3.129727e+01 5.263151e-02 1.123088e-09
3.129727e+01 7.314235e-02 1.652711e-09
3.129727e+01 1.025928e-01 3.319001e-09
3.129727e+01 1.448116e-01 4.854066e-09
3.129727e+01 2.023460e-01 7.311013e-09
3.129727e+01 2.834245e-01 1.213479e-08
3.129727e+01 3.967448e-01 1.874693e-08
3.129727e+01 5.552783e-01 2.841622e-08
3.129727e+01 7.774819e-01 4.016499e-08
3.129727e+01 1.088445e+00 5.198081e-08
3.129727e+01 1.523711e+00 6.143344e-08
3.129727e+01 2.088426e+00 6.450322e-08
3.129727e+01 2.685505e+00 5.578378e-08
3.194322e+01 1.570796e-02 1.674944e-11
3.194322e+01 2.346256e-02 7.175418e-11
3.194322e+01 3.503514e-02 3.941622e-10
3.194322e+01 5.263151e-02 9.042099e-10
3.194322e+01 7.314235e-02 1.329952e-09
3.194322e+01 1.025928e-01 2.677794e-09
3.194322e+01 1.448116e-01 3.928747e-09
3.194322e+01 2.023460e-01 5.934793e-09
3.194322e+01 2.834245e-01 9.885796e-09
3.194322e+01 3.967448e-01 1.528220e-08
3.194322e+01 5.552783e-01 2.324049e-08
3.194322e+01 7.774819e-01 3.304191e-08
3.194322e+01 1.088445e+00 4.338807e-08
3.194322e+01 1.523711e+00 5.282211e-08
3.194322e+01 2.088426e+00 5.853285e-08
3.194322e+01 2.685505e+00 5.544002e-08
3.260208e+01 1.570796e-02 1.271130e-11
3.260208e+01 2.346256e-02 5.453904e-11
3.260208e+01 3.503514e-02 3.007610e-10
3.260208e+01 5.263151e-02 6.912777e-10
3.260208e+01 7.314235e-02 1.016535e-09
3.260208e+01 1.025928e-01 2.052187e-09
3.260208e+01 1.448116e-01 3.020811e-09
3.260208e+01 2.023460e-01 4.575834e-09
3.260208e+01 2.834245e-01 7.645125e-09
3.260208e+01 3.967448e-01 1.182181e-08
3.260208e+01 5.552783e-01 1.802116e-08
3.260208e+01 7.774819e-01 2.576786e-08
3.260208e+01 1.088445e+00 3.435196e-08
3.260208e+01 1.523711e+00 4.310074e-08
3.260208e+01 2.088426e+00 5.053819e-08
3.260208e+01 2.685505e+00 5.240426e-08
3.327412e+01 1.570796e-02 8.847132e-12
3.327412e+01 2.346256e-02 3.796379e-11
3.327412e+01 3.503514e-02 2.098335e-10
3.327412e+01 5.263151e-02 4.836012e-10
3.327412e+01 7.314235e-02 7.11128e-10
3.327412e+01 1.025928e-01 1.43852e-09
3.327412e+01 1.448116e-01 2.125740e-09
3.327412e+01 2.023460e-01 3.229207e-09
3.327412e+01 2.834245e-01 5.414817e-09
3.327412e+01 3.967448e-01 8.379982e-09
3.327412e+01 5.552783e-01 1.281095e-08
3.327412e+01 7.774819e-01 1.840504e-08
3.327412e+01 1.088445e+00 2.490704e-08
3.327412e+01 1.523711e+00 3.218952e-08
3.327412e+01 2.088426e+00 4.003300e-08
3.327412e+01 2.685505e+00 4.533348e-08
3.395961e+01 1.570796e-02 5.372632e-12
3.395961e+01 2.346256e-02 2.300192e-11
3.395961e+01 3.503514e-02 1.282132e-10
3.395961e+01 5.263151e-02 2.950799e-10
3.395961e+01 7.314235e-02 4.339253e-10
3.395961e+01 1.025928e-01 8.776687e-10
3.395961e+01 1.448116e-01 1.299375e-09
3.395961e+01 2.023460e-01 1.968299e-09
3.395961e+01 2.834245e-01 3.284530e-09
3.395961e+01 3.967448e-01 5.052869e-09
3.395961e+01 5.552783e-01 7.694498e-09
3.395961e+01 7.774819e-01 1.104683e-08
3.395961e+01 1.088445e+00 1.508562e-08
3.395961e+01 1.523711e+00 2.000829e-08
3.395961e+01 2.088426e+00 2.625627e-08
3.395961e+01 2.685505e+00 3.200263e-08
3.46588e+01 1.570796e-02 1.82346e-12
3.46588e+01 2.346256e-02 6.087939e-12
3.46588e+01 3.503514e-02 3.827106e-11
3.46588e+01 5.263151e-02 9.260582e-11
3.46588e+01 7.314235e-02 1.352276e-10
3.46588e+01 1.025928e-01 2.690714e-10
3.46588e+01 1.448116e-01 4.031363e-10
3.46588e+01 2.023460e-01 6.194385e-10
3.46588e+01 2.834245e-01 1.047482e-09
3.46588e+01 3.967448e-01 1.625026e-09
3.46588e+01 5.552783e-01 2.497032e-09
3.46588e+01 7.774819e-01 3.614822e-09
3.46588e+01 1.088445e+00 5.014294e-09
3.46588e+01 1.523711e+00 6.826729e-09
3.46588e+01 2.088426e+00 9.455822e-09
3.46588e+01 2.685505e+00 1.247626e-08
3.537197e+01 1.570796e-02 0.e+00
3.537197e+01 2.346256e-02 0.e+00
3.537197e+01 3.503514e-02 0.e+00
3.537197e+01 5.263151e-02 0.e+00
3.537197e+01 7.314235e-02 0.e+00
3.537197e+01 1.025928e-01 0.e+00
3.537197e+01 1.448116e-01 0.e+00
3.537197e+01 2.023460e-01 0.e+00
3.537197e+01 2.834245e-01 0.e+00
3.537197e+01 3.967448e-01 0.e+00
3.537197e+01 5.552783e-01 0.e+00
3.537197e+01 7.774819e-01 0.e+00
3.537197e+01 1.088445e+00 0.e+00
3.537197e+01 1.523711e+00 0.e+00
3.537197e+01 2.088426e+00 0.e+00
3.537197e+01 2.685505e+00 0.e+00
