5.e+00 1.570796e-02 0.e+00
5.e+00 2.346256e-02 0.e+00
5.e+00 3.503514e-02 0.e+00
5.e+00 5.263151e-02 0.e+00
5.e+00 7.314235e-02 0.e+00
5.e+00 1.025928e-01 0.e+00
5.e+00 1.448116e-01 0.e+00
5.e+00 2.02346e-01 0.e+00
5.e+00 2.834245e-01 0.e+00
5.e+00 3.967448e-01 0.e+00
5.e+00 5.552783e-01 0.e+00
5.e+00 7.774819e-01 0.e+00
5.e+00 1.088445e+00 0.e+00
5.e+00 1.523711e+00 0.e+00
5.e+00 2.088426e+00 0.e+00
5.e+00 2.685505e+00 0.e+00
5.12e+00 1.570796e-02 0.e+00
5.12e+00 2.346256e-02 0.e+00
5.12e+00 3.503514e-02 0.e+00
5.12e+00 5.263151e-02 0.e+00
5.12e+00 7.314235e-02 0.e+00
5.12e+00 1.025928e-01 0.e+00
5.12e+00 1.448116e-01 0.e+00
5.12e+00 2.02346e-01 0.e+00
5.12e+00 2.834245e-01 0.e+00
5.12e+00 3.967448e-01 0.e+00
5.12e+00 5.552783e-01 0.e+00
5.12e+00 7.774819e-01 0.e+00
5.12e+00 1.088445e+00 0.e+00
5.12e+00 1.523711e+00 0.e+00
5.12e+00 2.088426e+00 0.e+00
5.12e+00 2.685505e+00 0.e+00
5.2424e+00 1.570796e-02 0.e+00
5.2424e+00 2.346256e-02 0.e+00
5.2424e+00 3.503514e-02 0.e+00
5.2424e+00 5.263151e-02 0.e+00
5.2424e+00 7.314235e-02 0.e+00
5.2424e+00 1.025928e-01 0.e+00
5.2424e+00 1.448116e-01 0.e+00
5.2424e+00 2.02346e-01 0.e+00
5.2424e+00 2.834245e-01 0.e+00
5.2424e+00 3.967448e-01 0.e+00
5.2424e+00 5.552783e-01 0.e+00
5.2424e+00 7.774819e-01 0.e+00
5.2424e+00 1.088445e+00 0.e+00
5.2424e+00 1.523711e+00 0.e+00
5.2424e+00 2.088426e+00 0.e+00
5.2424e+00 2.685505e+00 0.e+00
5.367248e+00 1.570796e-02 0.e+00
5.367248e+00 2.346256e-02 0.e+00
5.367248e+00 3.503514e-02 0.e+00
5.367248e+00 5.263151e-02 0.e+00
5.367248e+00 7.314235e-02 0.e+00
5.367248e+00 1.025928e-01 0.e+00
5.367248e+00 1.448116e-01 0.e+00
5.367248e+00 2.02346e-01 0.e+00
5.367248e+00 2.834245e-01 0.e+00
5.367248e+00 3.967448e-01 0.e+00
5.367248e+00 5.552783e-01 0.e+00
5.367248e+00 7.774819e-01 0.e+00
5.367248e+00 1.088445e+00 0.e+00
5.367248e+00 1.523711e+00 0.e+00
5.367248e+00 2.088426e+00 0.e+00
5.367248e+00 2.685505e+00 0.e+00
5.494593e+00 1.570796e-02 0.e+00
5.494593e+00 2.346256e-02 0.e+00
5.494593e+00 3.503514e-02 0.e+00
5.494593e+00 5.263151e-02 0.e+00
5.494593e+00 7.314235e-02 0.e+00
5.494593e+00 1.025928e-01 0.e+00
5.494593e+00 1.448116e-01 0.e+00
5.494593e+00 2.02346e-01 0.e+00
5.494593e+00 2.834245e-01 0.e+00
5.494593e+00 3.967448e-01 0.e+00
5.494593e+00 5.552783e-01 0.e+00
5.494593e+00 7.774819e-01 0.e+00
5.494593e+00 1.088445e+00 0.e+00
5.494593e+00 1.523711e+00 0.e+00
5.494593e+00 2.088426e+00 0.e+00
5.494593e+00 2.685505e+00 0.e+00
5.624485e+00 1.570796e-02 -1.990862e-07
5.624485e+00 2.346256e-02 5.553962e-09
5.624485e+00 3.503514e-02 -2.514441e-10
5.624485e+00 5.263151e-02 -9.334994e-07
5.624485e+00 7.314235e-02 3.751486e-08
5.624485e+00 1.025928e-01 2.616212e-07
5.624485e+00 1.448116e-01 4.833347e-07
5.624485e+00 2.02346e-01 -2.708842e-07
5.624485e+00 2.834245e-01 -2.060196e-07
5.624485e+00 3.967448e-01 -3.351703e-07
5.624485e+00 5.552783e-01 -9.617005e-07
5.624485e+00 7.774819e-01 -2.893193e-07
5.624485e+00 1.088445e+00 8.372436e-08
5.624485e+00 1.523711e+00 -2.392068e-07
5.624485e+00 2.088426e+00 -1.61982e-07
5.624485e+00 2.685505e+00 -4.803566e-07
5.756975e+00 1.570796e-02 -5.970405e-05
5.756975e+00 2.346256e-02 -5.686603e-07
5.756975e+00 3.503514e-02 7.785244e-06
5.756975e+00 5.263151e-02 -2.312884e-04
5.756975e+00 7.314235e-02 -1.278571e-04
5.756975e+00 1.025928e-01 -2.521871e-05
5.756975e+00 1.448116e-01 -7.095596e-05
5.756975e+00 2.02346e-01 -9.091338e-05
5.756975e+00 2.834245e-01 -6.439988e-05
5.756975e+00 3.967448e-01 -4.037399e-05
5.756975e+00 5.552783e-01 -4.97261e-05
5.756975e+00 7.774819e-01 -4.665522e-05
5.756975e+00 1.088445e+00 -4.483383e-05
5.756975e+00 1.523711e+00 -4.318782e-05
5.756975e+00 2.088426e+00 -4.687579e-05
5.756975e+00 2.685505e+00 -5.195562e-05
5.892114e+00 1.570796e-02 -2.496887e-04
5.892114e+00 2.346256e-02 -7.16617e-05
5.892114e+00 3.503514e-02 -1.958978e-04
5.892114e+00 5.263151e-02 -6.425414e-04
5.892114e+00 7.314235e-02 -8.660475e-04
5.892114e+00 1.025928e-01 -5.612814e-04
5.892114e+00 1.448116e-01 -3.87633e-04
5.892114e+00 2.02346e-01 -4.476483e-04
5.892114e+00 2.834245e-01 -3.572887e-04
5.892114e+00 3.967448e-01 -3.440101e-04
5.892114e+00 5.552783e-01 -3.026333e-04
5.892114e+00 7.774819e-01 -2.875219e-04
5.892114e+00 1.088445e+00 -2.366979e-04
5.892114e+00 1.523711e+00 -2.261548e-04
5.892114e+00 2.088426e+00 -2.456115e-04
5.892114e+00 2.685505e+00 -2.641774e-04
6.029956e+00 1.570796e-02 -7.030307e-04
6.029956e+00 2.346256e-02 -2.240138e-04
6.029956e+00 3.503514e-02 -8.473633e-04
6.029956e+00 5.263151e-02 -1.500963e-03
6.029956e+00 7.314235e-02 -2.32365e-03
6.029956e+00 1.025928e-01 -1.953974e-03
6.029956e+00 1.448116e-01 -1.898368e-03
6.029956e+00 2.02346e-01 -1.629478e-03
6.029956e+00 2.834245e-01 -1.687232e-03
6.029956e+00 3.967448e-01 -1.46848e-03
6.029956e+00 5.552783e-01 -1.283021e-03
6.029956e+00 7.774819e-01 -1.067917e-03
6.029956e+00 1.088445e+00 -9.340332e-04
6.029956e+00 1.523711e+00 -8.823792e-04
6.029956e+00 2.088426e+00 -9.439385e-04
6.029956e+00 2.685505e+00 -9.887311e-04
6.170555e+00 1.570796e-02 -1.167832e-03
6.170555e+00 2.346256e-02 -6.429635e-04
6.170555e+00 3.503514e-02 -1.649552e-03
6.170555e+00 5.263151e-02 -3.109084e-03
6.170555e+00 7.314235e-02 -4.566156e-03
6.170555e+00 1.025928e-01 -4.700449e-03
6.170555e+00 1.448116e-01 -4.751012e-03
6.170555e+00 2.02346e-01 -4.116001e-03
6.170555e+00 2.834245e-01 -4.289453e-03
6.170555e+00 3.967448e-01 -3.709826e-03
6.170555e+00 5.552783e-01 -3.21122e-03
6.170555e+00 7.774819e-01 -2.672944e-03
6.170555e+00 1.088445e+00 -2.288968e-03
6.170555e+00 1.523711e+00 -2.136293e-03
6.170555e+00 2.088426e+00 -2.289995e-03
6.170555e+00 2.685505e+00 -2.395755e-03
6.313967e+00 1.570796e-02 -1.508726e-03
6.313967e+00 2.346256e-02 -1.151236e-03
6.313967e+00 3.503514e-02 -2.504311e-03
6.313967e+00 5.263151e-02 -5.23028e-03
6.313967e+00 7.314235e-02 -7.84067e-03
6.313967e+00 1.025928e-01 -8.597113e-03
6.313967e+00 1.448116e-01 -9.001503e-03
6.313967e+00 2.02346e-01 -8.152298e-03
6.313967e+00 2.834245e-01 -8.58802e-03
6.313967e+00 3.967448e-01 -7.400777e-03
6.313967e+00 5.552783e-01 -6.336758e-03
6.313967e+00 7.774819e-01 -5.345595e-03
6.313967e+00 1.088445e+00 -4.485428e-03
6.313967e+00 1.523711e+00 -4.139005e-03
6.313967e+00 2.088426e+00 -4.381765e-03
6.313967e+00 2.685505e+00 -4.519094e-03
6.460246e+00 1.570796e-02 -1.607904e-03
6.460246e+00 2.346256e-02 -1.47614e-03
6.460246e+00 3.503514e-02 -2.963826e-03
6.460246e+00 5.263151e-02 -7.176018e-03
6.460246e+00 7.314235e-02 -1.082149e-02
6.460246e+00 1.025928e-01 -1.338404e-02
6.460246e+00 1.448116e-01 -1.415899e-02
6.460246e+00 2.02346e-01 -1.370667e-02
6.460246e+00 2.834245e-01 -1.397967e-02
6.460246e+00 3.967448e-01 -1.245282e-02
6.460246e+00 5.552783e-01 -1.048965e-02
6.460246e+00 7.774819e-01 -8.949851e-03
6.460246e+00 1.088445e+00 -7.459428e-03
6.460246e+00 1.523711e+00 -6.783232e-03
6.460246e+00 2.088426e+00 -7.073787e-03
6.460246e+00 2.685505e+00 -7.289368e-03
6.609451e+00 1.570796e-02 -1.530913e-03
6.609451e+00 2.346256e-02 -1.506305e-03
6.609451e+00 3.503514e-02 -3.161241e-03
6.609451e+00 5.263151e-02 -8.378579e-03
6.609451e+00 7.314235e-02 -1.346262e-02
6.609451e+00 1.025928e-01 -1.766201e-02
6.609451e+00 1.448116e-01 -1.926603e-02
6.609451e+00 2.02346e-01 -1.971913e-02
6.609451e+00 2.834245e-01 -1.961099e-02
6.609451e+00 3.967448e-01 -1.795033e-02
6.609451e+00 5.552783e-01 -1.530701e-02
6.609451e+00 7.774819e-01 -1.285913e-02
6.609451e+00 1.088445e+00 -1.073772e-02
6.609451e+00 1.523711e+00 -9.628739e-03
6.609451e+00 2.088426e+00 -9.937352e-03
6.609451e+00 2.685505e+00 -1.002201e-02
6.76164e+00 1.570796e-02 -1.452615e-03
6.76164e+00 2.346256e-02 -1.463526e-03
6.76164e+00 3.503514e-02 -3.157241e-03
6.76164e+00 5.263151e-02 -8.91797e-03
6.76164e+00 7.314235e-02 -1.512729e-02
6.76164e+00 1.025928e-01 -2.077438e-02
6.76164e+00 1.448116e-01 -2.339711e-02
6.76164e+00 2.02346e-01 -2.496179e-02
6.76164e+00 2.834245e-01 -2.49611e-02
6.76164e+00 3.967448e-01 -2.323323e-02
6.76164e+00 5.552783e-01 -1.996919e-02
6.76164e+00 7.774819e-01 -1.685624e-02
6.76164e+00 1.088445e+00 -1.402019e-02
6.76164e+00 1.523711e+00 -1.238732e-02
6.76164e+00 2.088426e+00 -1.263242e-02
6.76164e+00 2.685505e+00 -1.258489e-02
6.916873e+00 1.570796e-02 -1.349431e-03
6.916873e+00 2.346256e-02 -1.330561e-03
6.916873e+00 3.503514e-02 -3.018699e-03
6.916873e+00 5.263151e-02 -8.981641e-03
6.916873e+00 7.314235e-02 -1.551855e-02
6.916873e+00 1.025928e-01 -2.247402e-02
6.916873e+00 1.448116e-01 -2.63061e-02
6.916873e+00 2.02346e-01 -2.912375e-02
6.916873e+00 2.834245e-01 -2.973677e-02
6.916873e+00 3.967448e-01 -2.782158e-02
6.916873e+00 5.552783e-01 -2.433347e-02
6.916873e+00 7.774819e-01 -2.062466e-02
6.916873e+00 1.088445e+00 -1.70758e-02
6.916873e+00 1.523711e+00 -1.497299e-02
6.916873e+00 2.088426e+00 -1.500403e-02
6.916873e+00 2.685505e+00 -1.474117e-02
7.075210e+00 1.570796e-02 -1.218394e-03
7.075210e+00 2.346256e-02 -1.138722e-03
7.075210e+00 3.503514e-02 -2.84187e-03
7.075210e+00 5.263151e-02 -8.576231e-03
7.075210e+00 7.314235e-02 -1.507793e-02
7.075210e+00 1.025928e-01 -2.309116e-02
7.075210e+00 1.448116e-01 -2.782412e-02
7.075210e+00 2.02346e-01 -3.209519e-02
7.075210e+00 2.834245e-01 -3.359258e-02
7.075210e+00 3.967448e-01 -3.187257e-02
7.075210e+00 5.552783e-01 -2.817494e-02
7.075210e+00 7.774819e-01 -2.400666e-02
7.075210e+00 1.088445e+00 -1.994542e-02
7.075210e+00 1.523711e+00 -1.735876e-02
7.075210e+00 2.088426e+00 -1.72162e-02
7.075210e+00 2.685505e+00 -1.678906e-02
7.236714e+00 1.570796e-02 -1.089497e-03
7.236714e+00 2.346256e-02 -9.785396e-04
7.236714e+00 3.503514e-02 -2.66145e-03
7.236714e+00 5.263151e-02 -8.003303e-03
7.236714e+00 7.314235e-02 -1.423187e-02
7.236714e+00 1.025928e-01 -2.274331e-02
7.236714e+00 1.448116e-01 -2.832241e-02
7.236714e+00 2.02346e-01 -3.369094e-02
7.236714e+00 2.834245e-01 -3.625079e-02
7.236714e+00 3.967448e-01 -3.511295e-02
7.236714e+00 5.552783e-01 -3.132369e-02
7.236714e+00 7.774819e-01 -2.691036e-02
7.236714e+00 1.088445e+00 -2.229607e-02
7.236714e+00 1.523711e+00 -1.93676e-02
7.236714e+00 2.088426e+00 -1.900446e-02
7.236714e+00 2.685505e+00 -1.834859e-02
7.401449e+00 1.570796e-02 -9.879066e-04
7.401449e+00 2.346256e-02 -8.59847e-04
7.401449e+00 3.503514e-02 -2.463973e-03
7.401449e+00 5.263151e-02 -7.465606e-03
7.401449e+00 7.314235e-02 -1.325358e-02
7.401449e+00 1.025928e-01 -2.173382e-02
7.401449e+00 1.448116e-01 -2.784889e-02
7.401449e+00 2.02346e-01 -3.412766e-02
7.401449e+00 2.834245e-01 -3.779085e-02
7.401449e+00 3.967448e-01 -3.740324e-02
7.401449e+00 5.552783e-01 -3.384674e-02
7.401449e+00 7.774819e-01 -2.929955e-02
7.401449e+00 1.088445e+00 -2.428268e-02
7.401449e+00 1.523711e+00 -2.102965e-02
7.401449e+00 2.088426e+00 -2.048365e-02
7.401449e+00 2.685505e+00 -1.96416e-02
7.569477e+00 1.570796e-02 -9.122399e-04
7.569477e+00 2.346256e-02 -7.715007e-04
7.569477e+00 3.503514e-02 -2.234628e-03
7.569477e+00 5.263151e-02 -6.874325e-03
7.569477e+00 7.314235e-02 -1.218323e-02
7.569477e+00 1.025928e-01 -2.031895e-02
7.569477e+00 1.448116e-01 -2.673674e-02
7.569477e+00 2.02346e-01 -3.369833e-02
7.569477e+00 2.834245e-01 -3.842254e-02
7.569477e+00 3.967448e-01 -3.884001e-02
7.569477e+00 5.552783e-01 -3.571605e-02
7.569477e+00 7.774819e-01 -3.1189e-02
7.569477e+00 1.088445e+00 -2.592871e-02
7.569477e+00 1.523711e+00 -2.239354e-02
7.569477e+00 2.088426e+00 -2.16956e-02
7.569477e+00 2.685505e+00 -2.070115e-02
7.740867e+00 1.570796e-02 -8.308873e-04
7.740867e+00 2.346256e-02 -6.976771e-04
7.740867e+00 3.503514e-02 -2.003241e-03
7.740867e+00 5.263151e-02 -6.227523e-03
7.740867e+00 7.314235e-02 -1.097966e-02
7.740867e+00 1.025928e-01 -1.877446e-02
7.740867e+00 1.448116e-01 -2.524196e-02
7.740867e+00 2.02346e-01 -3.270714e-02
7.740867e+00 2.834245e-01 -3.815389e-02
7.740867e+00 3.967448e-01 -3.959052e-02
7.740867e+00 5.552783e-01 -3.697698e-02
7.740867e+00 7.774819e-01 -3.260807e-02
7.740867e+00 1.088445e+00 -2.720635e-02
7.740867e+00 1.523711e+00 -2.353481e-02
7.740867e+00 2.088426e+00 -2.269517e-02
7.740867e+00 2.685505e+00 -2.143984e-02
7.915684e+00 1.570796e-02 -7.527596e-04
7.915684e+00 2.346256e-02 -6.212051e-04
7.915684e+00 3.503514e-02 -1.781554e-03
7.915684e+00 5.263151e-02 -5.572939e-03
7.915684e+00 7.314235e-02 -9.824647e-03
7.915684e+00 1.025928e-01 -1.710275e-02
7.915684e+00 1.448116e-01 -2.345815e-02
7.915684e+00 2.02346e-01 -3.117387e-02
7.915684e+00 2.834245e-01 -3.719776e-02
7.915684e+00 3.967448e-01 -3.949233e-02
7.915684e+00 5.552783e-01 -3.756541e-02
7.915684e+00 7.774819e-01 -3.350764e-02
7.915684e+00 1.088445e+00 -2.816618e-02
7.915684e+00 1.523711e+00 -2.436763e-02
7.915684e+00 2.088426e+00 -2.338787e-02
7.915684e+00 2.685505e+00 -2.193363e-02
8.093998e+00 1.570796e-02 -6.7713e-04
8.093998e+00 2.346256e-02 -5.563405e-04
8.093998e+00 3.503514e-02 -1.591139e-03
8.093998e+00 5.263151e-02 -4.958574e-03
8.093998e+00 7.314235e-02 -8.741375e-03
8.093998e+00 1.025928e-01 -1.546419e-02
8.093998e+00 1.448116e-01 -2.153303e-02
8.093998e+00 2.02346e-01 -2.928198e-02
8.093998e+00 2.834245e-01 -3.573389e-02
8.093998e+00 3.967448e-01 -3.884083e-02
8.093998e+00 5.552783e-01 -3.762566e-02
8.093998e+00 7.774819e-01 -3.398337e-02
8.093998e+00 1.088445e+00 -2.87895e-02
8.093998e+00 1.523711e+00 -2.486637e-02
8.093998e+00 2.088426e+00 -2.382139e-02
8.093998e+00 2.685505e+00 -2.215278e-02
8.275878e+00 1.570796e-02 -6.050818e-04
8.275878e+00 2.346256e-02 -4.909699e-04
8.275878e+00 3.503514e-02 -1.414258e-03
8.275878e+00 5.263151e-02 -4.408453e-03
8.275878e+00 7.314235e-02 -7.759359e-03
8.275878e+00 1.025928e-01 -1.383161e-02
8.275878e+00 1.448116e-01 -1.950588e-02
8.275878e+00 2.02346e-01 -2.71164e-02
8.275878e+00 2.834245e-01 -3.384962e-02
8.275878e+00 3.967448e-01 -3.763492e-02
8.275878e+00 5.552783e-01 -3.708551e-02
8.275878e+00 7.774819e-01 -3.395719e-02
8.275878e+00 1.088445e+00 -2.902831e-02
8.275878e+00 1.523711e+00 -2.515414e-02
8.275878e+00 2.088426e+00 -2.414938e-02
8.275878e+00 2.685505e+00 -2.23686e-02
8.461396e+00 1.570796e-02 -5.448825e-04
8.461396e+00 2.346256e-02 -4.251896e-04
8.461396e+00 3.503514e-02 -1.243247e-03
8.461396e+00 5.263151e-02 -3.907149e-03
8.461396e+00 7.314235e-02 -6.904925e-03
8.461396e+00 1.025928e-01 -1.229649e-02
8.461396e+00 1.448116e-01 -1.751457e-02
8.461396e+00 2.02346e-01 -2.488106e-02
8.461396e+00 2.834245e-01 -3.164745e-02
8.461396e+00 3.967448e-01 -3.597676e-02
8.461396e+00 5.552783e-01 -3.604610e-02
8.461396e+00 7.774819e-01 -3.342151e-02
8.461396e+00 1.088445e+00 -2.887794e-02
8.461396e+00 1.523711e+00 -2.517925e-02
8.461396e+00 2.088426e+00 -2.418072e-02
8.461396e+00 2.685505e+00 -2.229238e-02
8.650623e+00 1.570796e-02 -4.865207e-04
8.650623e+00 2.346256e-02 -3.687758e-04
8.650623e+00 3.503514e-02 -1.09108e-03
8.650623e+00 5.263151e-02 -3.45091e-03
8.650623e+00 7.314235e-02 -6.134073e-03
8.650623e+00 1.025928e-01 -1.092015e-02
8.650623e+00 1.448116e-01 -1.560509e-02
8.650623e+00 2.02346e-01 -2.259144e-02
8.650623e+00 2.834245e-01 -2.92657e-02
8.650623e+00 3.967448e-01 -3.400996e-02
8.650623e+00 5.552783e-01 -3.46465e-02
8.650623e+00 7.774819e-01 -3.258872e-02
8.650623e+00 1.088445e+00 -2.84851e-02
8.650623e+00 1.523711e+00 -2.497306e-02
8.650623e+00 2.088426e+00 -2.401895e-02
8.650623e+00 2.685505e+00 -2.195703e-02
8.843636e+00 1.570796e-02 -4.314385e-04
8.843636e+00 2.346256e-02 -3.198939e-04
8.843636e+00 3.503514e-02 -9.59423e-04
8.843636e+00 5.263151e-02 -3.034148e-03
8.843636e+00 7.314235e-02 -5.437163e-03
8.843636e+00 1.025928e-01 -9.66463e-03
8.843636e+00 1.448116e-01 -1.382877e-02
8.843636e+00 2.02346e-01 -2.034626e-02
8.843636e+00 2.834245e-01 -2.678194e-02
8.843636e+00 3.967448e-01 -3.175947e-02
8.843636e+00 5.552783e-01 -3.29677e-02
8.843636e+00 7.774819e-01 -3.139517e-02
8.843636e+00 1.088445e+00 -2.779762e-02
8.843636e+00 1.523711e+00 -2.457878e-02
8.843636e+00 2.088426e+00 -2.368147e-02
8.843636e+00 2.685505e+00 -2.157171e-02
9.040509e+00 1.570796e-02 -3.813628e-04
9.040509e+00 2.346256e-02 -2.763317e-04
9.040509e+00 3.503514e-02 -8.394002e-04
9.040509e+00 5.263151e-02 -2.660211e-03
9.040509e+00 7.314235e-02 -4.794045e-03
9.040509e+00 1.025928e-01 -8.530226e-03
9.040509e+00 1.448116e-01 -1.223735e-02
9.040509e+00 2.02346e-01 -1.818365e-02
9.040509e+00 2.834245e-01 -2.428906e-02
9.040509e+00 3.967448e-01 -2.937246e-02
9.040509e+00 5.552783e-01 -3.101912e-02
9.040509e+00 7.774819e-01 -2.997317e-02
9.040509e+00 1.088445e+00 -2.688675e-02
9.040509e+00 1.523711e+00 -2.396011e-02
9.040509e+00 2.088426e+00 -2.318902e-02
9.040509e+00 2.685505e+00 -2.099456e-02
9.241319e+00 1.570796e-02 -3.34801e-04
9.241319e+00 2.346256e-02 -2.39659e-04
9.241319e+00 3.503514e-02 -7.295675e-04
9.241319e+00 5.263151e-02 -2.330891e-03
9.241319e+00 7.314235e-02 -4.203932e-03
9.241319e+00 1.025928e-01 -7.504231e-03
9.241319e+00 1.448116e-01 -1.076751e-02
9.241319e+00 2.02346e-01 -1.615658e-02
9.241319e+00 2.834245e-01 -2.182675e-02
9.241319e+00 3.967448e-01 -2.690506e-02
9.241319e+00 5.552783e-01 -2.892114e-02
9.241319e+00 7.774819e-01 -2.838053e-02
9.241319e+00 1.088445e+00 -2.578981e-02
9.241319e+00 1.523711e+00 -2.319448e-02
9.241319e+00 2.088426e+00 -2.252138e-02
9.241319e+00 2.685505e+00 -2.030331e-02
9.446145e+00 1.570796e-02 -2.929178e-04
9.446145e+00 2.346256e-02 -2.081482e-04
9.446145e+00 3.503514e-02 -6.334163e-04
9.446145e+00 5.263151e-02 -2.032419e-03
9.446145e+00 7.314235e-02 -3.674204e-03
9.446145e+00 1.025928e-01 -6.576131e-03
9.446145e+00 1.448116e-01 -9.441047e-03
9.446145e+00 2.02346e-01 -1.428903e-02
9.446145e+00 2.834245e-01 -1.949831e-02
9.446145e+00 3.967448e-01 -2.442983e-02
9.446145e+00 5.552783e-01 -2.673065e-02
9.446145e+00 7.774819e-01 -2.661277e-02
9.446145e+00 1.088445e+00 -2.451315e-02
9.446145e+00 1.523711e+00 -2.232781e-02
9.446145e+00 2.088426e+00 -2.174749e-02
9.446145e+00 2.685505e+00 -1.951863e-02
9.655068e+00 1.570796e-02 -2.549291e-04
9.655068e+00 2.346256e-02 -1.809345e-04
9.655068e+00 3.503514e-02 -5.505148e-04
9.655068e+00 5.263151e-02 -1.768876e-03
9.655068e+00 7.314235e-02 -3.208974e-03
9.655068e+00 1.025928e-01 -5.751628e-03
9.655068e+00 1.448116e-01 -8.270751e-03
9.655068e+00 2.02346e-01 -1.257737e-02
9.655068e+00 2.834245e-01 -1.731755e-02
9.655068e+00 3.967448e-01 -2.199498e-02
9.655068e+00 5.552783e-01 -2.447429e-02
9.655068e+00 7.774819e-01 -2.472134e-02
9.655068e+00 1.088445e+00 -2.311968e-02
9.655068e+00 1.523711e+00 -2.133878e-02
9.655068e+00 2.088426e+00 -2.087825e-02
9.655068e+00 2.685505e+00 -1.866058e-02
9.86817e+00 1.570796e-02 -2.204481e-04
9.86817e+00 2.346256e-02 -1.581884e-04
9.86817e+00 3.503514e-02 -4.75991e-04
9.86817e+00 5.263151e-02 -1.532982e-03
9.86817e+00 7.314235e-02 -2.781719e-03
9.86817e+00 1.025928e-01 -5.001183e-03
9.86817e+00 1.448116e-01 -7.21552e-03
9.86817e+00 2.02346e-01 -1.102974e-02
9.86817e+00 2.834245e-01 -1.528609e-02
9.86817e+00 3.967448e-01 -1.965777e-02
9.86817e+00 5.552783e-01 -2.223597e-02
9.86817e+00 7.774819e-01 -2.281185e-02
9.86817e+00 1.088445e+00 -2.159666e-02
9.86817e+00 1.523711e+00 -2.023036e-02
9.86817e+00 2.088426e+00 -1.98744e-02
9.86817e+00 2.685505e+00 -1.767461e-02
1.008553e+01 1.570796e-02 -1.910405e-04
1.008553e+01 2.346256e-02 -1.346878e-04
1.008553e+01 3.503514e-02 -4.095924e-04
1.008553e+01 5.263151e-02 -1.332912e-03
1.008553e+01 7.314235e-02 -2.410729e-03
1.008553e+01 1.025928e-01 -4.334758e-03
1.008553e+01 1.448116e-01 -6.284867e-03
1.008553e+01 2.02346e-01 -9.638762e-03
1.008553e+01 2.834245e-01 -1.34229e-02
1.008553e+01 3.967448e-01 -1.744699e-02
1.008553e+01 5.552783e-01 -2.003556e-02
1.008553e+01 7.774819e-01 -2.087355e-02
1.008553e+01 1.088445e+00 -2.003057e-02
1.008553e+01 1.523711e+00 -1.895995e-02
1.008553e+01 2.088426e+00 -1.873481e-02
1.008553e+01 2.685505e+00 -1.650922e-02
1.030724e+01 1.570796e-02 -1.655588e-04
1.030724e+01 2.346256e-02 -1.153606e-04
1.030724e+01 3.503514e-02 -3.504994e-04
1.030724e+01 5.263151e-02 -1.15102e-03
1.030724e+01 7.314235e-02 -2.071109e-03
1.030724e+01 1.025928e-01 -3.743142e-03
1.030724e+01 1.448116e-01 -5.432493e-03
1.030724e+01 2.02346e-01 -8.347875e-03
1.030724e+01 2.834245e-01 -1.168023e-02
1.030724e+01 3.967448e-01 -1.532996e-02
1.030724e+01 5.552783e-01 -1.788363e-02
1.030724e+01 7.774819e-01 -1.892256e-02
1.030724e+01 1.088445e+00 -1.841302e-02
1.030724e+01 1.523711e+00 -1.770724e-02
1.030724e+01 2.088426e+00 -1.764162e-02
1.030724e+01 2.685505e+00 -1.55245e-02
1.053339e+01 1.570796e-02 -1.421267e-04
1.053339e+01 2.346256e-02 -9.994437e-05
1.053339e+01 3.503514e-02 -2.997864e-04
1.053339e+01 5.263151e-02 -9.871567e-04
1.053339e+01 7.314235e-02 -1.776937e-03
1.053339e+01 1.025928e-01 -3.218839e-03
1.053339e+01 1.448116e-01 -4.671982e-03
1.053339e+01 2.02346e-01 -7.192318e-03
1.053339e+01 2.834245e-01 -1.01116e-02
1.053339e+01 3.967448e-01 -1.338469e-02
1.053339e+01 5.552783e-01 -1.583433e-02
1.053339e+01 7.774819e-01 -1.703639e-02
1.053339e+01 1.088445e+00 -1.680997e-02
1.053339e+01 1.523711e+00 -1.641465e-02
1.053339e+01 2.088426e+00 -1.649078e-02
1.053339e+01 2.685505e+00 -1.453859e-02
1.076406e+01 1.570796e-02 -1.208784e-04
1.076406e+01 2.346256e-02 -8.538379e-05
1.076406e+01 3.503514e-02 -2.553779e-04
1.076406e+01 5.263151e-02 -8.418959e-04
1.076406e+01 7.314235e-02 -1.516766e-03
1.076406e+01 1.025928e-01 -2.758638e-03
1.076406e+01 1.448116e-01 -4.006985e-03
1.076406e+01 2.02346e-01 -6.172201e-03
1.076406e+01 2.834245e-01 -8.700982e-03
1.076406e+01 3.967448e-01 -1.162446e-02
1.076406e+01 5.552783e-01 -1.390875e-02
1.076406e+01 7.774819e-01 -1.522315e-02
1.076406e+01 1.088445e+00 -1.524562e-02
1.076406e+01 1.523711e+00 -1.512347e-02
1.076406e+01 2.088426e+00 -1.530758e-02
1.076406e+01 2.685505e+00 -1.34494e-02
1.099934e+01 1.570796e-02 -1.025275e-04
1.099934e+01 2.346256e-02 -7.235303e-05
1.099934e+01 3.503514e-02 -2.162491e-04
1.099934e+01 5.263151e-02 -7.147584e-04
1.099934e+01 7.314235e-02 -1.290376e-03
1.099934e+01 1.025928e-01 -2.347175e-03
1.099934e+01 1.448116e-01 -3.418769e-03
1.099934e+01 2.02346e-01 -5.260089e-03
1.099934e+01 2.834245e-01 -7.438222e-03
1.099934e+01 3.967448e-01 -1.002398e-02
1.099934e+01 5.552783e-01 -1.21428e-02
1.099934e+01 7.774819e-01 -1.350297e-02
1.099934e+01 1.088445e+00 -1.373039e-02
1.099934e+01 1.523711e+00 -1.384886e-02
1.099934e+01 2.088426e+00 -1.4111e-02
1.099934e+01 2.685505e+00 -1.239658e-02
1.123932e+01 1.570796e-02 -8.628779e-05
1.123932e+01 2.346256e-02 -6.225905e-05
1.123932e+01 3.503514e-02 -1.815065e-04
1.123932e+01 5.263151e-02 -6.084999e-04
1.123932e+01 7.314235e-02 -1.091882e-03
1.123932e+01 1.025928e-01 -1.992162e-03
1.123932e+01 1.448116e-01 -2.902138e-03
1.123932e+01 2.02346e-01 -4.463944e-03
1.123932e+01 2.834245e-01 -6.331224e-03
1.123932e+01 3.967448e-01 -8.593057e-03
1.123932e+01 5.552783e-01 -1.050497e-02
1.123932e+01 7.774819e-01 -1.187211e-02
1.123932e+01 1.088445e+00 -1.227504e-02
1.123932e+01 1.523711e+00 -1.258647e-02
1.123932e+01 2.088426e+00 -1.297205e-02
1.123932e+01 2.685505e+00 -1.141587e-02
1.148411e+01 1.570796e-02 -7.307703e-05
1.148411e+01 2.346256e-02 -5.269212e-05
1.148411e+01 3.503514e-02 -1.521082e-04
1.148411e+01 5.263151e-02 -5.136853e-04
1.148411e+01 7.314235e-02 -9.206977e-04
1.148411e+01 1.025928e-01 -1.688157e-03
1.148411e+01 1.448116e-01 -2.446983e-03
1.148411e+01 2.02346e-01 -3.776806e-03
1.148411e+01 2.834245e-01 -5.362891e-03
1.148411e+01 3.967448e-01 -7.322752e-03
1.148411e+01 5.552783e-01 -9.046588e-03
1.148411e+01 7.774819e-01 -1.035959e-02
1.148411e+01 1.088445e+00 -1.089645e-02
1.148411e+01 1.523711e+00 -1.135282e-02
1.148411e+01 2.088426e+00 -1.183646e-02
1.148411e+01 2.685505e+00 -1.047371e-02
1.173379e+01 1.570796e-02 -6.086841e-05
1.173379e+01 2.346256e-02 -4.42565e-05
1.173379e+01 3.503514e-02 -1.266146e-04
1.173379e+01 5.263151e-02 -4.308964e-04
1.173379e+01 7.314235e-02 -7.748793e-04
1.173379e+01 1.025928e-01 -1.419197e-03
1.173379e+01 1.448116e-01 -2.059497e-03
1.173379e+01 2.02346e-01 -3.188343e-03
1.173379e+01 2.834245e-01 -4.520968e-03
1.173379e+01 3.967448e-01 -6.200546e-03
1.173379e+01 5.552783e-01 -7.73123e-03
1.173379e+01 7.774819e-01 -8.984275e-03
1.173379e+01 1.088445e+00 -9.608175e-03
1.173379e+01 1.523711e+00 -1.018421e-02
1.173379e+01 2.088426e+00 -1.06958e-02
1.173379e+01 2.685505e+00 -9.467468e-03
1.198847e+01 1.570796e-02 -5.079136e-05
1.198847e+01 2.346256e-02 -3.784146e-05
1.198847e+01 3.503514e-02 -1.046365e-04
1.198847e+01 5.263151e-02 -3.601887e-04
1.198847e+01 7.314235e-02 -6.476673e-04
1.198847e+01 1.025928e-01 -1.187992e-03
1.198847e+01 1.448116e-01 -1.724992e-03
1.198847e+01 2.02346e-01 -2.669156e-03
1.198847e+01 2.834245e-01 -3.787403e-03
1.198847e+01 3.967448e-01 -5.215086e-03
1.198847e+01 5.552783e-01 -6.557787e-03
1.198847e+01 7.774819e-01 -7.724535e-03
1.198847e+01 1.088445e+00 -8.40357e-03
1.198847e+01 1.523711e+00 -9.089758e-03
1.198847e+01 2.088426e+00 -9.650818e-03
1.198847e+01 2.685505e+00 -8.599377e-03
1.224824e+01 1.570796e-02 -4.201169e-05
1.224824e+01 2.346256e-02 -3.210759e-05
1.224824e+01 3.503514e-02 -8.728044e-05
1.224824e+01 5.263151e-02 -2.997341e-04
1.224824e+01 7.314235e-02 -5.371478e-04
1.224824e+01 1.025928e-01 -9.901671e-04
1.224824e+01 1.448116e-01 -1.437321e-03
1.224824e+01 2.02346e-01 -2.229839e-03
1.224824e+01 2.834245e-01 -3.159062e-03
1.224824e+01 3.967448e-01 -4.361608e-03
1.224824e+01 5.552783e-01 -5.5329e-03
1.224824e+01 7.774819e-01 -6.605067e-03
1.224824e+01 1.088445e+00 -7.300406e-03
1.224824e+01 1.523711e+00 -8.03992e-03
1.224824e+01 2.088426e+00 -8.646721e-03
1.224824e+01 2.685505e+00 -7.723738e-03
1.251320e+01 1.570796e-02 -3.468765e-05
1.251320e+01 2.346256e-02 -2.746535e-05
1.251320e+01 3.503514e-02 -7.169447e-05
1.251320e+01 5.263151e-02 -2.477391e-04
1.251320e+01 7.314235e-02 -4.463069e-04
1.251320e+01 1.025928e-01 -8.216867e-04
1.251320e+01 1.448116e-01 -1.189713e-03
1.251320e+01 2.02346e-01 -1.849319e-03
1.251320e+01 2.834245e-01 -2.625923e-03
1.251320e+01 3.967448e-01 -3.627195e-03
1.251320e+01 5.552783e-01 -4.642846e-03
1.251320e+01 7.774819e-01 -5.600949e-03
1.251320e+01 1.088445e+00 -6.306903e-03
1.251320e+01 1.523711e+00 -7.050288e-03
1.251320e+01 2.088426e+00 -7.665582e-03
1.251320e+01 2.685505e+00 -6.875669e-03
1.278347e+01 1.570796e-02 -2.852534e-05
1.278347e+01 2.346256e-02 -2.222039e-05
1.278347e+01 3.503514e-02 -5.846495e-05
1.278347e+01 5.263151e-02 -2.022004e-04
1.278347e+01 7.314235e-02 -3.648344e-04
1.278347e+01 1.025928e-01 -6.750909e-04
1.278347e+01 1.448116e-01 -9.779292e-04
1.278347e+01 2.02346e-01 -1.521222e-03
1.278347e+01 2.834245e-01 -2.159182e-03
1.278347e+01 3.967448e-01 -3.00102e-03
1.278347e+01 5.552783e-01 -3.856874e-03
1.278347e+01 7.774819e-01 -4.714163e-03
1.278347e+01 1.088445e+00 -5.387475e-03
1.278347e+01 1.523711e+00 -6.139552e-03
1.278347e+01 2.088426e+00 -6.764677e-03
1.278347e+01 2.685505e+00 -6.100507e-03
1.305914e+01 1.570796e-02 -2.309666e-05
1.305914e+01 2.346256e-02 -1.841608e-05
1.305914e+01 3.503514e-02 -4.780447e-05
1.305914e+01 5.263151e-02 -1.651078e-04
1.305914e+01 7.314235e-02 -2.96578e-04
1.305914e+01 1.025928e-01 -5.526276e-04
1.305914e+01 1.448116e-01 -8.013002e-04
1.305914e+01 2.02346e-01 -1.246098e-03
1.305914e+01 2.834245e-01 -1.768197e-03
1.305914e+01 3.967448e-01 -2.47073e-03
1.305914e+01 5.552783e-01 -3.188557e-03
1.305914e+01 7.774819e-01 -3.944254e-03
1.305914e+01 1.088445e+00 -4.600386e-03
1.305914e+01 1.523711e+00 -5.330535e-03
1.305914e+01 2.088426e+00 -5.950305e-03
1.305914e+01 2.685505e+00 -5.387601e-03
1.334032e+01 1.570796e-02 -1.8725e-05
1.334032e+01 2.346256e-02 -1.514567e-05
1.334032e+01 3.503514e-02 -3.887593e-05
1.334032e+01 5.263151e-02 -1.348992e-04
1.334032e+01 7.314235e-02 -2.41676e-04
1.334032e+01 1.025928e-01 -4.49868e-04
1.334032e+01 1.448116e-01 -6.534641e-04
1.334032e+01 2.02346e-01 -1.017431e-03
1.334032e+01 2.834245e-01 -1.445505e-03
1.334032e+01 3.967448e-01 -2.020699e-03
1.334032e+01 5.552783e-01 -2.624501e-03
1.334032e+01 7.774819e-01 -3.284882e-03
1.334032e+01 1.088445e+00 -3.895081e-03
1.334032e+01 1.523711e+00 -4.591123e-03
1.334032e+01 2.088426e+00 -5.185279e-03
1.334032e+01 2.685505e+00 -4.730347e-03
1.362713e+01 1.570796e-02 -1.518614e-05
1.362713e+01 2.346256e-02 -1.222553e-05
1.362713e+01 3.503514e-02 -3.138302e-05
1.362713e+01 5.263151e-02 -1.089303e-04
1.362713e+01 7.314235e-02 -1.952790e-04
1.362713e+01 1.025928e-01 -3.675778e-04
1.362713e+01 1.448116e-01 -5.298737e-04
1.362713e+01 2.02346e-01 -8.229180e-04
1.362713e+01 2.834245e-01 -1.171462e-03
1.362713e+01 3.967448e-01 -1.645228e-03
1.362713e+01 5.552783e-01 -2.147348e-03
1.362713e+01 7.774819e-01 -2.714793e-03
1.362713e+01 1.088445e+00 -3.278593e-03
1.362713e+01 1.523711e+00 -3.925678e-03
1.362713e+01 2.088426e+00 -4.486646e-03
1.362713e+01 2.685505e+00 -4.119998e-03
1.391967e+01 1.570796e-02 -1.212018e-05
1.391967e+01 2.346256e-02 -9.85499e-06
1.391967e+01 3.503514e-02 -2.486924e-05
1.391967e+01 5.263151e-02 -8.739263e-05
1.391967e+01 7.314235e-02 -1.564142e-04
1.391967e+01 1.025928e-01 -2.953131e-04
1.391967e+01 1.448116e-01 -4.267824e-04
1.391967e+01 2.02346e-01 -6.624666e-04
1.391967e+01 2.834245e-01 -9.432435e-04
1.391967e+01 3.967448e-01 -1.330018e-03
1.391967e+01 5.552783e-01 -1.744773e-03
1.391967e+01 7.774819e-01 -2.235998e-03
1.391967e+01 1.088445e+00 -2.743663e-03
1.391967e+01 1.523711e+00 -3.330551e-03
1.391967e+01 2.088426e+00 -3.854309e-03
1.391967e+01 2.685505e+00 -3.547184e-03
1.421806e+01 1.570796e-02 -9.688251e-06
1.421806e+01 2.346256e-02 -7.797400e-06
1.421806e+01 3.503514e-02 -1.98904e-05
1.421806e+01 5.263151e-02 -6.929224e-05
1.421806e+01 7.314235e-02 -1.250708e-04
1.421806e+01 1.025928e-01 -2.368256e-04
1.421806e+01 1.448116e-01 -3.407384e-04
1.421806e+01 2.02346e-01 -5.296958e-04
1.421806e+01 2.834245e-01 -7.576325e-04
1.421806e+01 3.967448e-01 -1.068076e-03
1.421806e+01 5.552783e-01 -1.411201e-03
1.421806e+01 7.774819e-01 -1.828558e-03
1.421806e+01 1.088445e+00 -2.279846e-03
1.421806e+01 1.523711e+00 -2.813759e-03
1.421806e+01 2.088426e+00 -3.291019e-03
1.421806e+01 2.685505e+00 -3.019618e-03
1.452242e+01 1.570796e-02 -7.680574e-06
1.452242e+01 2.346256e-02 -6.317797e-06
1.452242e+01 3.503514e-02 -1.583325e-05
1.452242e+01 5.263151e-02 -5.518016e-05
1.452242e+01 7.314235e-02 -1.002651e-04
1.452242e+01 1.025928e-01 -1.875077e-04
1.452242e+01 1.448116e-01 -2.702621e-04
1.452242e+01 2.02346e-01 -4.194585e-04
1.452242e+01 2.834245e-01 -6.010298e-04
1.452242e+01 3.967448e-01 -8.520586e-04
1.452242e+01 5.552783e-01 -1.128935e-03
1.452242e+01 7.774819e-01 -1.482116e-03
1.452242e+01 1.088445e+00 -1.876314e-03
1.452242e+01 1.523711e+00 -2.35532e-03
1.452242e+01 2.088426e+00 -2.781846e-03
1.452242e+01 2.685505e+00 -2.572657e-03
1.483287e+01 1.570796e-02 -6.015808e-06
1.483287e+01 2.346256e-02 -4.813821e-06
1.483287e+01 3.503514e-02 -1.233363e-05
1.483287e+01 5.263151e-02 -4.323191e-05
1.483287e+01 7.314235e-02 -7.907852e-05
1.483287e+01 1.025928e-01 -1.473607e-04
1.483287e+01 1.448116e-01 -2.132432e-04
1.483287e+01 2.02346e-01 -3.307687e-04
1.483287e+01 2.834245e-01 -4.746153e-04
1.483287e+01 3.967448e-01 -6.746154e-04
1.483287e+01 5.552783e-01 -8.977793e-04
1.483287e+01 7.774819e-01 -1.1929e-03
1.483287e+01 1.088445e+00 -1.529873e-03
1.483287e+01 1.523711e+00 -1.95451e-03
1.483287e+01 2.088426e+00 -2.332983e-03
1.483287e+01 2.685505e+00 -2.151072e-03
1.514953e+01 1.570796e-02 -4.714027e-06
1.514953e+01 2.346256e-02 -3.754876e-06
1.514953e+01 3.503514e-02 -9.702166e-06
1.514953e+01 5.263151e-02 -3.37682e-05
1.514953e+01 7.314235e-02 -6.178804e-05
1.514953e+01 1.025928e-01 -1.154609e-04
1.514953e+01 1.448116e-01 -1.661603e-04
1.514953e+01 2.02346e-01 -2.595267e-04
1.514953e+01 2.834245e-01 -3.712792e-04
1.514953e+01 3.967448e-01 -5.28095e-04
1.514953e+01 5.552783e-01 -7.093815e-04
1.514953e+01 7.774819e-01 -9.528048e-04
1.514953e+01 1.088445e+00 -1.232638e-03
1.514953e+01 1.523711e+00 -1.599929e-03
1.514953e+01 2.088426e+00 -1.931961e-03
1.514953e+01 2.685505e+00 -1.793047e-03
1.547252e+01 1.570796e-02 -3.681196e-06
1.547252e+01 2.346256e-02 -2.876190e-06
1.547252e+01 3.503514e-02 -7.59199e-06
1.547252e+01 5.263151e-02 -2.643412e-05
1.547252e+01 7.314235e-02 -4.818002e-05
1.547252e+01 1.025928e-01 -9.005815e-05
1.547252e+01 1.448116e-01 -1.29753e-04
1.547252e+01 2.02346e-01 -2.020574e-04
1.547252e+01 2.834245e-01 -2.906075e-04
1.547252e+01 3.967448e-01 -4.12271e-04
1.547252e+01 5.552783e-01 -5.590078e-04
1.547252e+01 7.774819e-01 -7.565452e-04
1.547252e+01 1.088445e+00 -9.935616e-04
1.547252e+01 1.523711e+00 -1.301278e-03
1.547252e+01 2.088426e+00 -1.583141e-03
1.547252e+01 2.685505e+00 -1.475202e-03
1.580197e+01 1.570796e-02 -2.787481e-06
1.580197e+01 2.346256e-02 -2.169185e-06
1.580197e+01 3.503514e-02 -5.719567e-06
1.580197e+01 5.263151e-02 -2.03768e-05
1.580197e+01 7.314235e-02 -3.716642e-05
1.580197e+01 1.025928e-01 -6.840399e-05
1.580197e+01 1.448116e-01 -9.888571e-05
1.580197e+01 2.02346e-01 -1.544465e-04
1.580197e+01 2.834245e-01 -2.226735e-04
1.580197e+01 3.967448e-01 -3.163655e-04
1.580197e+01 5.552783e-01 -4.323091e-04
1.580197e+01 7.774819e-01 -5.912304e-04
1.580197e+01 1.088445e+00 -7.856787e-04
1.580197e+01 1.523711e+00 -1.043586e-03
1.580197e+01 2.088426e+00 -1.280126e-03
1.580197e+01 2.685505e+00 -1.19616e-03
1.613801e+01 1.570796e-02 -2.083612e-06
1.613801e+01 2.346256e-02 -1.669863e-06
1.613801e+01 3.503514e-02 -4.605897e-06
1.613801e+01 5.263151e-02 -1.54976e-05
1.613801e+01 7.314235e-02 -2.832849e-05
1.613801e+01 1.025928e-01 -5.189e-05
1.613801e+01 1.448116e-01 -7.536526e-05
1.613801e+01 2.02346e-01 -1.184393e-04
1.613801e+01 2.834245e-01 -1.690013e-04
1.613801e+01 3.967448e-01 -2.419641e-04
1.613801e+01 5.552783e-01 -3.344019e-04
1.613801e+01 7.774819e-01 -4.603811e-04
1.613801e+01 1.088445e+00 -6.159678e-04
1.613801e+01 1.523711e+00 -8.276182e-04
1.613801e+01 2.088426e+00 -1.020633e-03
1.613801e+01 2.685505e+00 -9.594991e-04
1.648077e+01 1.570796e-02 -1.644934e-06
1.648077e+01 2.346256e-02 -1.233448e-06
1.648077e+01 3.503514e-02 -3.422010e-06
1.648077e+01 5.263151e-02 -1.167853e-05
1.648077e+01 7.314235e-02 -2.150452e-05
1.648077e+01 1.025928e-01 -3.938166e-05
1.648077e+01 1.448116e-01 -5.625035e-05
1.648077e+01 2.02346e-01 -8.972187e-05
1.648077e+01 2.834245e-01 -1.272317e-04
1.648077e+01 3.967448e-01 -1.833288e-04
1.648077e+01 5.552783e-01 -2.550661e-04
1.648077e+01 7.774819e-01 -3.530164e-04
1.648077e+01 1.088445e+00 -4.772244e-04
1.648077e+01 1.523711e+00 -6.473032e-04
1.648077e+01 2.088426e+00 -8.035397e-04
1.648077e+01 2.685505e+00 -7.517455e-04
1.683038e+01 1.570796e-02 -1.208371e-06
1.683038e+01 2.346256e-02 -9.150516e-07
1.683038e+01 3.503514e-02 -2.557563e-06
1.683038e+01 5.263151e-02 -8.77407e-06
1.683038e+01 7.314235e-02 -1.545845e-05
1.683038e+01 1.025928e-01 -2.920082e-05
1.683038e+01 1.448116e-01 -4.157746e-05
1.683038e+01 2.02346e-01 -6.643737e-05
1.683038e+01 2.834245e-01 -9.471327e-05
1.683038e+01 3.967448e-01 -1.360627e-04
1.683038e+01 5.552783e-01 -1.90909e-04
1.683038e+01 7.774819e-01 -2.656964e-04
1.683038e+01 1.088445e+00 -3.615669e-04
1.683038e+01 1.523711e+00 -4.946883e-04
1.683038e+01 2.088426e+00 -6.17234e-04
1.683038e+01 2.685505e+00 -5.739664e-04
1.718699e+01 1.570796e-02 -8.667928e-07
1.718699e+01 2.346256e-02 -6.69206e-07
1.718699e+01 3.503514e-02 -1.794531e-06
1.718699e+01 5.263151e-02 -6.280776e-06
1.718699e+01 7.314235e-02 -1.103963e-05
1.718699e+01 1.025928e-01 -2.126076e-05
1.718699e+01 1.448116e-01 -2.979488e-05
1.718699e+01 2.02346e-01 -4.80545e-05
1.718699e+01 2.834245e-01 -6.859869e-05
1.718699e+01 3.967448e-01 -9.80987e-05
1.718699e+01 5.552783e-01 -1.386942e-04
1.718699e+01 7.774819e-01 -1.962494e-04
1.718699e+01 1.088445e+00 -2.677673e-04
1.718699e+01 1.523711e+00 -3.697113e-04
1.718699e+01 2.088426e+00 -4.65362e-04
1.718699e+01 2.685505e+00 -4.285676e-04
1.755073e+01 1.570796e-02 -6.360397e-07
1.755073e+01 2.346256e-02 -4.782425e-07
1.755073e+01 3.503514e-02 -1.316693e-06
1.755073e+01 5.263151e-02 -4.534743e-06
1.755073e+01 7.314235e-02 -7.983375e-06
1.755073e+01 1.025928e-01 -1.511523e-05
1.755073e+01 1.448116e-01 -2.135695e-05
1.755073e+01 2.02346e-01 -3.44377e-05
1.755073e+01 2.834245e-01 -4.950584e-05
1.755073e+01 3.967448e-01 -7.058784e-05
1.755073e+01 5.552783e-01 -1.011669e-04
1.755073e+01 7.774819e-01 -1.435589e-04
1.755073e+01 1.088445e+00 -1.971904e-04
1.755073e+01 1.523711e+00 -2.739489e-04
1.755073e+01 2.088426e+00 -3.442652e-04
1.755073e+01 2.685505e+00 -3.243239e-04
1.792175e+01 1.570796e-02 -4.448291e-07
1.792175e+01 2.346256e-02 -3.513704e-07
1.792175e+01 3.503514e-02 -9.111542e-07
1.792175e+01 5.263151e-02 -3.250449e-06
1.792175e+01 7.314235e-02 -5.854254e-06
1.792175e+01 1.025928e-01 -1.082897e-05
1.792175e+01 1.448116e-01 -1.509355e-05
1.792175e+01 2.02346e-01 -2.440207e-05
1.792175e+01 2.834245e-01 -3.537868e-05
1.792175e+01 3.967448e-01 -5.081445e-05
1.792175e+01 5.552783e-01 -7.309001e-05
1.792175e+01 7.774819e-01 -1.043738e-04
1.792175e+01 1.088445e+00 -1.446082e-04
1.792175e+01 1.523711e+00 -1.999321e-04
1.792175e+01 2.088426e+00 -2.532358e-04
1.792175e+01 2.685505e+00 -2.360861e-04
1.830018e+01 1.570796e-02 -3.043375e-07
1.830018e+01 2.346256e-02 -2.217958e-07
1.830018e+01 3.503514e-02 -7.036304e-07
1.830018e+01 5.263151e-02 -2.315227e-06
1.830018e+01 7.314235e-02 -4.075709e-06
1.830018e+01 1.025928e-01 -7.697487e-06
1.830018e+01 1.448116e-01 -1.070886e-05
1.830018e+01 2.02346e-01 -1.727688e-05
1.830018e+01 2.834245e-01 -2.507424e-05
1.830018e+01 3.967448e-01 -3.629734e-05
1.830018e+01 5.552783e-01 -5.211106e-05
1.830018e+01 7.774819e-01 -7.462083e-05
1.830018e+01 1.088445e+00 -1.03064e-04
1.830018e+01 1.523711e+00 -1.438243e-04
1.830018e+01 2.088426e+00 -1.83644e-04
1.830018e+01 2.685505e+00 -1.732639e-04
1.868618e+01 1.570796e-02 -2.150287e-07
1.868618e+01 2.346256e-02 -1.702603e-07
1.868618e+01 3.503514e-02 -4.928878e-07
1.868618e+01 5.263151e-02 -1.619010e-06
1.868618e+01 7.314235e-02 -2.871263e-06
1.868618e+01 1.025928e-01 -5.338907e-06
1.868618e+01 1.448116e-01 -7.264739e-06
1.868618e+01 2.02346e-01 -1.184071e-05
1.868618e+01 2.834245e-01 -1.727757e-05
1.868618e+01 3.967448e-01 -2.472523e-05
1.868618e+01 5.552783e-01 -3.571827e-05
1.868618e+01 7.774819e-01 -5.156741e-05
1.868618e+01 1.088445e+00 -7.124462e-05
1.868618e+01 1.523711e+00 -1.0099e-04
1.868618e+01 2.088426e+00 -1.315219e-04
1.868618e+01 2.685505e+00 -1.225738e-04
1.907991e+01 1.570796e-02 -1.544655e-07
1.907991e+01 2.346256e-02 -1.435262e-07
1.907991e+01 3.503514e-02 -3.338095e-07
1.907991e+01 5.263151e-02 -1.105580e-06
1.907991e+01 7.314235e-02 -1.981740e-06
1.907991e+01 1.025928e-01 -3.670137e-06
1.907991e+01 1.448116e-01 -4.800278e-06
1.907991e+01 2.02346e-01 -7.97114e-06
1.907991e+01 2.834245e-01 -1.16931e-05
1.907991e+01 3.967448e-01 -1.689469e-05
1.907991e+01 5.552783e-01 -2.436529e-05
1.907991e+01 7.774819e-01 -3.496581e-05
1.907991e+01 1.088445e+00 -4.852406e-05
1.907991e+01 1.523711e+00 -7.005791e-05
1.907991e+01 2.088426e+00 -9.077699e-05
1.907991e+01 2.685505e+00 -8.780481e-05
1.948151e+01 1.570796e-02 -1.08555e-07
1.948151e+01 2.346256e-02 -9.384868e-08
1.948151e+01 3.503514e-02 -2.403563e-07
1.948151e+01 5.263151e-02 -7.321933e-07
1.948151e+01 7.314235e-02 -1.316684e-06
1.948151e+01 1.025928e-01 -2.377079e-06
1.948151e+01 1.448116e-01 -3.132191e-06
1.948151e+01 2.02346e-01 -5.306938e-06
1.948151e+01 2.834245e-01 -7.784215e-06
1.948151e+01 3.967448e-01 -1.109369e-05
1.948151e+01 5.552783e-01 -1.618115e-05
1.948151e+01 7.774819e-01 -2.337338e-05
1.948151e+01 1.088445e+00 -3.220215e-05
1.948151e+01 1.523711e+00 -4.673636e-05
1.948151e+01 2.088426e+00 -6.14891e-05
1.948151e+01 2.685505e+00 -6.004758e-05
1.989114e+01 1.570796e-02 -7.547727e-08
1.989114e+01 2.346256e-02 -5.304358e-08
1.989114e+01 3.503514e-02 -1.557846e-07
1.989114e+01 5.263151e-02 -4.663283e-07
1.989114e+01 7.314235e-02 -8.821084e-07
1.989114e+01 1.025928e-01 -1.504890e-06
1.989114e+01 1.448116e-01 -2.001749e-06
1.989114e+01 2.02346e-01 -3.368375e-06
1.989114e+01 2.834245e-01 -4.983912e-06
1.989114e+01 3.967448e-01 -7.150979e-06
1.989114e+01 5.552783e-01 -1.040939e-05
1.989114e+01 7.774819e-01 -1.510245e-05
1.989114e+01 1.088445e+00 -2.107035e-05
1.989114e+01 1.523711e+00 -3.067467e-05
1.989114e+01 2.088426e+00 -3.985118e-05
1.989114e+01 2.685505e+00 -3.872247e-05
2.030896e+01 1.570796e-02 -4.837024e-08
2.030896e+01 2.346256e-02 -3.157207e-08
2.030896e+01 3.503514e-02 -8.905699e-08
2.030896e+01 5.263151e-02 -2.976224e-07
2.030896e+01 7.314235e-02 -5.617184e-07
2.030896e+01 1.025928e-01 -9.187752e-07
2.030896e+01 1.448116e-01 -1.27048e-06
2.030896e+01 2.02346e-01 -2.063847e-06
2.030896e+01 2.834245e-01 -3.087148e-06
2.030896e+01 3.967448e-01 -4.460618e-06
2.030896e+01 5.552783e-01 -6.530391e-06
2.030896e+01 7.774819e-01 -9.450376e-06
2.030896e+01 1.088445e+00 -1.318909e-05
2.030896e+01 1.523711e+00 -1.960119e-05
2.030896e+01 2.088426e+00 -2.542467e-05
2.030896e+01 2.685505e+00 -2.366906e-05
2.073514e+01 1.570796e-02 -2.745248e-08
2.073514e+01 2.346256e-02 -1.9474e-08
2.073514e+01 3.503514e-02 -4.758682e-08
2.073514e+01 5.263151e-02 -1.616433e-07
2.073514e+01 7.314235e-02 -3.016899e-07
2.073514e+01 1.025928e-01 -5.274962e-07
2.073514e+01 1.448116e-01 -7.233913e-07
2.073514e+01 2.02346e-01 -1.193962e-06
2.073514e+01 2.834245e-01 -1.785995e-06
2.073514e+01 3.967448e-01 -2.56753e-06
2.073514e+01 5.552783e-01 -3.792664e-06
2.073514e+01 7.774819e-01 -5.529449e-06
2.073514e+01 1.088445e+00 -7.894775e-06
2.073514e+01 1.523711e+00 -1.187931e-05
2.073514e+01 2.088426e+00 -1.563655e-05
2.073514e+01 2.685505e+00 -1.456889e-05
2.116984e+01 1.570796e-02 8.489841e-10
2.116984e+01 2.346256e-02 6.982718e-10
2.116984e+01 3.503514e-02 2.002827e-09
2.116984e+01 5.263151e-02 5.972619e-09
2.116984e+01 7.314235e-02 1.119297e-08
2.116984e+01 1.025928e-01 1.99004e-08
2.116984e+01 1.448116e-01 2.931081e-08
2.116984e+01 2.02346e-01 4.389361e-08
2.116984e+01 2.834245e-01 6.378955e-08
2.116984e+01 3.967448e-01 9.05557e-08
2.116984e+01 5.552783e-01 1.233546e-07
2.116984e+01 7.774819e-01 1.558517e-07
2.116984e+01 1.088445e+00 1.687589e-07
2.116984e+01 1.523711e+00 1.419084e-07
2.116984e+01 2.088426e+00 9.057521e-08
2.116984e+01 2.685505e+00 4.301135e-08
2.161324e+01 1.570796e-02 8.041801e-10
2.161324e+01 2.346256e-02 6.60016e-10
2.161324e+01 3.503514e-02 1.898014e-09
2.161324e+01 5.263151e-02 5.651601e-09
2.161324e+01 7.314235e-02 1.059051e-08
2.161324e+01 1.025928e-01 1.88287e-08
2.161324e+01 1.448116e-01 2.7753e-08
2.161324e+01 2.02346e-01 4.16115e-08
2.161324e+01 2.834245e-01 6.073977e-08
2.161324e+01 3.967448e-01 8.675393e-08
2.161324e+01 5.552783e-01 1.190399e-07
2.161324e+01 7.774819e-01 1.513486e-07
2.161324e+01 1.088445e+00 1.647969e-07
2.161324e+01 1.523711e+00 1.397729e-07
2.161324e+01 2.088426e+00 8.995903e-08
2.161324e+01 2.685505e+00 4.275382e-08
2.206550e+01 1.570796e-02 7.590717e-10
2.206550e+01 2.346256e-02 6.218575e-10
2.206550e+01 3.503514e-02 1.793367e-09
2.206550e+01 5.263151e-02 5.333292e-09
2.206550e+01 7.314235e-02 9.992998e-09
2.206550e+01 1.025928e-01 1.777406e-08
2.206550e+01 1.448116e-01 2.622227e-08
2.206550e+01 2.02346e-01 3.936625e-08
2.206550e+01 2.834245e-01 5.772838e-08
2.206550e+01 3.967448e-01 8.29696e-08
2.206550e+01 5.552783e-01 1.147125e-07
2.206550e+01 7.774819e-01 1.46677e-07
2.206550e+01 1.088445e+00 1.607759e-07
2.206550e+01 1.523711e+00 1.375676e-07
2.206550e+01 2.088426e+00 8.935873e-08
2.206550e+01 2.685505e+00 4.26417e-08
2.252681e+01 1.570796e-02 7.147543e-10
2.252681e+01 2.346256e-02 5.845425e-10
2.252681e+01 3.503514e-02 1.68988e-09
2.252681e+01 5.263151e-02 5.019268e-09
2.252681e+01 7.314235e-02 9.406169e-09
2.252681e+01 1.025928e-01 1.673661e-08
2.252681e+01 1.448116e-01 2.472418e-08
2.252681e+01 2.02346e-01 3.717695e-08
2.252681e+01 2.834245e-01 5.478714e-08
2.252681e+01 3.967448e-01 7.926409e-08
2.252681e+01 5.552783e-01 1.103611e-07
2.252681e+01 7.774819e-01 1.418989e-07
2.252681e+01 1.088445e+00 1.565406e-07
2.252681e+01 1.523711e+00 1.351543e-07
2.252681e+01 2.088426e+00 8.877304e-08
2.252681e+01 2.685505e+00 4.250554e-08
2.299735e+01 1.570796e-02 6.710674e-10
2.299735e+01 2.346256e-02 5.475761e-10
2.299735e+01 3.503514e-02 1.588417e-09
2.299735e+01 5.263151e-02 4.71199e-09
2.299735e+01 7.314235e-02 8.832917e-09
2.299735e+01 1.025928e-01 1.57218e-08
2.299735e+01 1.448116e-01 2.325356e-08
2.299735e+01 2.02346e-01 3.503956e-08
2.299735e+01 2.834245e-01 5.190677e-08
2.299735e+01 3.967448e-01 7.558158e-08
2.299735e+01 5.552783e-01 1.059688e-07
2.299735e+01 7.774819e-01 1.369961e-07
2.299735e+01 1.088445e+00 1.521542e-07
2.299735e+01 1.523711e+00 1.327196e-07
2.299735e+01 2.088426e+00 8.834804e-08
2.299735e+01 2.685505e+00 4.25222e-08
2.34773e+01 1.570796e-02 6.280085e-10
2.34773e+01 2.346256e-02 5.115906e-10
2.34773e+01 3.503514e-02 1.48958e-09
2.34773e+01 5.263151e-02 4.411501e-09
2.34773e+01 7.314235e-02 8.272607e-09
2.34773e+01 1.025928e-01 1.473402e-08
2.34773e+01 1.448116e-01 2.182297e-08
2.34773e+01 2.02346e-01 3.295880e-08
2.34773e+01 2.834245e-01 4.909951e-08
2.34773e+01 3.967448e-01 7.194488e-08
2.34773e+01 5.552783e-01 1.01563e-07
2.34773e+01 7.774819e-01 1.320089e-07
2.34773e+01 1.088445e+00 1.475858e-07
2.34773e+01 1.523711e+00 1.303159e-07
2.34773e+01 2.088426e+00 8.799935e-08
2.34773e+01 2.685505e+00 4.25801e-08
2.396684e+01 1.570796e-02 5.86294e-10
2.396684e+01 2.346256e-02 4.76282e-10
2.396684e+01 3.503514e-02 1.392857e-09
2.396684e+01 5.263151e-02 4.118323e-09
2.396684e+01 7.314235e-02 7.729312e-09
2.396684e+01 1.025928e-01 1.377335e-08
2.396684e+01 1.448116e-01 2.042998e-08
2.396684e+01 2.02346e-01 3.093396e-08
2.396684e+01 2.834245e-01 4.634167e-08
2.396684e+01 3.967448e-01 6.833999e-08
2.396684e+01 5.552783e-01 9.71045e-08
2.396684e+01 7.774819e-01 1.26843e-07
2.396684e+01 1.088445e+00 1.428368e-07
2.396684e+01 1.523711e+00 1.277736e-07
2.396684e+01 2.088426e+00 8.769925e-08
2.396684e+01 2.685505e+00 4.277265e-08
2.446618e+01 1.570796e-02 5.454603e-10
2.446618e+01 2.346256e-02 4.419531e-10
2.446618e+01 3.503514e-02 1.298664e-09
2.446618e+01 5.263151e-02 3.834245e-09
2.446618e+01 7.314235e-02 7.202094e-09
2.446618e+01 1.025928e-01 1.284087e-08
2.446618e+01 1.448116e-01 1.907924e-08
2.446618e+01 2.02346e-01 2.895299e-08
2.446618e+01 2.834245e-01 4.365281e-08
2.446618e+01 3.967448e-01 6.475349e-08
2.446618e+01 5.552783e-01 9.253301e-08
2.446618e+01 7.774819e-01 1.215021e-07
2.446618e+01 1.088445e+00 1.379172e-07
2.446618e+01 1.523711e+00 1.25163e-07
2.446618e+01 2.088426e+00 8.75714e-08
2.446618e+01 2.685505e+00 4.285048e-08
2.497550e+01 1.570796e-02 5.057702e-10
2.497550e+01 2.346256e-02 4.085426e-10
2.497550e+01 3.503514e-02 1.206633e-09
2.497550e+01 5.263151e-02 3.558205e-09
2.497550e+01 7.314235e-02 6.690171e-09
2.497550e+01 1.025928e-01 1.193263e-08
2.497550e+01 1.448116e-01 1.775984e-08
2.497550e+01 2.02346e-01 2.702837e-08
2.497550e+01 2.834245e-01 4.100245e-08
2.497550e+01 3.967448e-01 6.117403e-08
2.497550e+01 5.552783e-01 8.791124e-08
2.497550e+01 7.774819e-01 1.16009e-07
2.497550e+01 1.088445e+00 1.327837e-07
2.497550e+01 1.523711e+00 1.225021e-07
2.497550e+01 2.088426e+00 8.746945e-08
2.497550e+01 2.685505e+00 4.326485e-08
2.549501e+01 1.570796e-02 4.673589e-10
2.549501e+01 2.346256e-02 3.762908e-10
2.549501e+01 3.503514e-02 1.116831e-09
2.549501e+01 5.263151e-02 3.28962e-09
2.549501e+01 7.314235e-02 6.192825e-09
2.549501e+01 1.025928e-01 1.105134e-08
2.549501e+01 1.448116e-01 1.647732e-08
2.549501e+01 2.02346e-01 2.515236e-08
2.549501e+01 2.834245e-01 3.838582e-08
2.549501e+01 3.967448e-01 5.761002e-08
2.549501e+01 5.552783e-01 8.319997e-08
2.549501e+01 7.774819e-01 1.103953e-07
2.549501e+01 1.088445e+00 1.27493e-07
2.549501e+01 1.523711e+00 1.19719e-07
2.549501e+01 2.088426e+00 8.73212e-08
2.549501e+01 2.685505e+00 4.382629e-08
2.602491e+01 1.570796e-02 4.300365e-10
2.602491e+01 2.346256e-02 3.446216e-10
2.602491e+01 3.503514e-02 1.029663e-09
2.602491e+01 5.263151e-02 3.028859e-09
2.602491e+01 7.314235e-02 5.707899e-09
2.602491e+01 1.025928e-01 1.019478e-08
2.602491e+01 1.448116e-01 1.52288e-08
2.602491e+01 2.02346e-01 2.33122e-08
2.602491e+01 2.834245e-01 3.580495e-08
2.602491e+01 3.967448e-01 5.403446e-08
2.602491e+01 5.552783e-01 7.841099e-08
2.602491e+01 7.774819e-01 1.045479e-07
2.602491e+01 1.088445e+00 1.219092e-07
2.602491e+01 1.523711e+00 1.166430e-07
2.602491e+01 2.088426e+00 8.72133e-08
2.602491e+01 2.685505e+00 4.495567e-08
2.656541e+01 1.570796e-02 3.938949e-10
2.656541e+01 2.346256e-02 3.139159e-10
2.656541e+01 3.503514e-02 9.448552e-10
2.656541e+01 5.263151e-02 2.775857e-09
2.656541e+01 7.314235e-02 5.240572e-09
2.656541e+01 1.025928e-01 9.362312e-09
2.656541e+01 1.448116e-01 1.400978e-08
2.656541e+01 2.02346e-01 2.151701e-08
2.656541e+01 2.834245e-01 3.325480e-08
2.656541e+01 3.967448e-01 5.044028e-08
2.656541e+01 5.552783e-01 7.351736e-08
2.656541e+01 7.774819e-01 9.850521e-08
2.656541e+01 1.088445e+00 1.160671e-07
2.656541e+01 1.523711e+00 1.133241e-07
2.656541e+01 2.088426e+00 8.707249e-08
2.656541e+01 2.685505e+00 4.607754e-08
2.711672e+01 1.570796e-02 3.58703e-10
2.711672e+01 2.346256e-02 2.844716e-10
2.711672e+01 3.503514e-02 8.621407e-10
2.711672e+01 5.263151e-02 2.529467e-09
2.711672e+01 7.314235e-02 4.784862e-09
2.711672e+01 1.025928e-01 8.552006e-09
2.711672e+01 1.448116e-01 1.282316e-08
2.711672e+01 2.02346e-01 1.975332e-08
2.711672e+01 2.834245e-01 3.072402e-08
2.711672e+01 3.967448e-01 4.682657e-08
2.711672e+01 5.552783e-01 6.849218e-08
2.711672e+01 7.774819e-01 9.234593e-08
2.711672e+01 1.088445e+00 1.10001e-07
2.711672e+01 1.523711e+00 1.096542e-07
2.711672e+01 2.088426e+00 8.685282e-08
2.711672e+01 2.685505e+00 4.765584e-08
2.767905e+01 1.570796e-02 3.246579e-10
2.767905e+01 2.346256e-02 2.558808e-10
2.767905e+01 3.503514e-02 7.815614e-10
2.767905e+01 5.263151e-02 2.290863e-09
2.767905e+01 7.314235e-02 4.340643e-09
2.767905e+01 1.025928e-01 7.763453e-09
2.767905e+01 1.448116e-01 1.166472e-08
2.767905e+01 2.02346e-01 1.802591e-08
2.767905e+01 2.834245e-01 2.820937e-08
2.767905e+01 3.967448e-01 4.31804e-08
2.767905e+01 5.552783e-01 6.340378e-08
2.767905e+01 7.774819e-01 8.59726e-08
2.767905e+01 1.088445e+00 1.035556e-07
2.767905e+01 1.523711e+00 1.055522e-07
2.767905e+01 2.088426e+00 8.6396e-08
2.767905e+01 2.685505e+00 4.953017e-08
2.825263e+01 1.570796e-02 2.91522e-10
2.825263e+01 2.346256e-02 2.282405e-10
2.825263e+01 3.503514e-02 7.030049e-10
2.825263e+01 5.263151e-02 2.058081e-09
2.825263e+01 7.314235e-02 3.909148e-09
2.825263e+01 1.025928e-01 6.996365e-09
2.825263e+01 1.448116e-01 1.05332e-08
2.825263e+01 2.02346e-01 1.633396e-08
2.825263e+01 2.834245e-01 2.570710e-08
2.825263e+01 3.967448e-01 3.951777e-08
2.825263e+01 5.552783e-01 5.822173e-08
2.825263e+01 7.774819e-01 7.940286e-08
2.825263e+01 1.088445e+00 9.67806e-08
2.825263e+01 1.523711e+00 1.009035e-07
2.825263e+01 2.088426e+00 8.558067e-08
2.825263e+01 2.685505e+00 5.169902e-08
2.883769e+01 1.570796e-02 2.594173e-10
2.883769e+01 2.346256e-02 2.015528e-10
2.883769e+01 3.503514e-02 6.267159e-10
2.883769e+01 5.263151e-02 1.832167e-09
2.883769e+01 7.314235e-02 3.487904e-09
2.883769e+01 1.025928e-01 6.248866e-09
2.883769e+01 1.448116e-01 9.425015e-09
2.883769e+01 2.02346e-01 1.466572e-08
2.883769e+01 2.834245e-01 2.321182e-08
2.883769e+01 3.967448e-01 3.581297e-08
2.883769e+01 5.552783e-01 5.294265e-08
2.883769e+01 7.774819e-01 7.266789e-08
2.883769e+01 1.088445e+00 8.964676e-08
2.883769e+01 1.523711e+00 9.570691e-08
2.883769e+01 2.088426e+00 8.4282e-08
2.883769e+01 2.685505e+00 5.428596e-08
2.943444e+01 1.570796e-02 2.282663e-10
2.943444e+01 2.346256e-02 1.759401e-10
2.943444e+01 3.503514e-02 5.524054e-10
2.943444e+01 5.263151e-02 1.612939e-09
2.943444e+01 7.314235e-02 3.078988e-09
2.943444e+01 1.025928e-01 5.518195e-09
2.943444e+01 1.448116e-01 8.341194e-09
2.943444e+01 2.02346e-01 1.302111e-08
2.943444e+01 2.834245e-01 2.072423e-08
2.943444e+01 3.967448e-01 3.2093e-08
2.943444e+01 5.552783e-01 4.757742e-08
2.943444e+01 7.774819e-01 6.569173e-08
2.943444e+01 1.088445e+00 8.209403e-08
2.943444e+01 1.523711e+00 8.979671e-08
2.943444e+01 2.088426e+00 8.238112e-08
2.943444e+01 2.685505e+00 5.685233e-08
3.004313e+01 1.570796e-02 1.980434e-10
3.004313e+01 2.346256e-02 1.513735e-10
3.004313e+01 3.503514e-02 4.802231e-10
3.004313e+01 5.263151e-02 1.39989e-09
3.004313e+01 7.314235e-02 2.678905e-09
3.004313e+01 1.025928e-01 4.804612e-09
3.004313e+01 1.448116e-01 7.280049e-09
3.004313e+01 2.02346e-01 1.139947e-08
3.004313e+01 2.834245e-01 1.823919e-08
3.004313e+01 3.967448e-01 2.834396e-08
3.004313e+01 5.552783e-01 4.213891e-08
3.004313e+01 7.774819e-01 5.854886e-08
3.004313e+01 1.088445e+00 7.407992e-08
3.004313e+01 1.523711e+00 8.31334e-08
3.004313e+01 2.088426e+00 7.962884e-08
3.004313e+01 2.685505e+00 5.917078e-08
3.066399e+01 1.570796e-02 1.686989e-10
3.066399e+01 2.346256e-02 1.278182e-10
3.066399e+01 3.503514e-02 4.099143e-10
3.066399e+01 5.263151e-02 1.193093e-09
3.066399e+01 7.314235e-02 2.289019e-09
3.066399e+01 1.025928e-01 4.108627e-09
3.066399e+01 1.448116e-01 6.239605e-09
3.066399e+01 2.02346e-01 9.802885e-09
3.066399e+01 2.834245e-01 1.576219e-08
3.066399e+01 3.967448e-01 2.455692e-08
3.066399e+01 5.552783e-01 3.661189e-08
3.066399e+01 7.774819e-01 5.118671e-08
3.066399e+01 1.088445e+00 6.558617e-08
3.066399e+01 1.523711e+00 7.557789e-08
3.066399e+01 2.088426e+00 7.582493e-08
3.066399e+01 2.685505e+00 6.098096e-08
3.129727e+01 1.570796e-02 1.402753e-10
3.129727e+01 2.346256e-02 1.05257e-10
3.129727e+01 3.503514e-02 3.414213e-10
3.129727e+01 5.263151e-02 9.921379e-10
3.129727e+01 7.314235e-02 1.908882e-09
3.129727e+01 1.025928e-01 3.428445e-09
3.129727e+01 1.448116e-01 5.218559e-09
3.129727e+01 2.02346e-01 8.227860e-09
3.129727e+01 2.834245e-01 1.328943e-08
3.129727e+01 3.967448e-01 2.075936e-08
3.129727e+01 5.552783e-01 3.102806e-08
3.129727e+01 7.774819e-01 4.362444e-08
3.129727e+01 1.088445e+00 5.662073e-08
3.129727e+01 1.523711e+00 6.701806e-08
3.129727e+01 2.088426e+00 7.061698e-08
3.129727e+01 2.685505e+00 6.177177e-08
3.194322e+01 1.570796e-02 1.128e-10
3.194322e+01 2.346256e-02 8.367912e-11
3.194322e+01 3.503514e-02 2.746436e-10
3.194322e+01 5.263151e-02 7.96999e-10
3.194322e+01 7.314235e-02 1.537942e-09
3.194322e+01 1.025928e-01 2.765246e-09
3.194322e+01 1.448116e-01 4.219132e-09
3.194322e+01 2.02346e-01 6.672534e-09
3.194322e+01 2.834245e-01 1.08274e-08
3.194322e+01 3.967448e-01 1.694405e-08
3.194322e+01 5.552783e-01 2.538856e-08
3.194322e+01 7.774819e-01 3.590424e-08
3.194322e+01 1.088445e+00 4.720136e-08
3.194322e+01 1.523711e+00 5.743208e-08
3.194322e+01 2.088426e+00 6.371621e-08
3.194322e+01 2.685505e+00 6.065450e-08
3.260208e+01 1.570796e-02 8.613292e-11
3.260208e+01 2.346256e-02 6.310289e-11
3.260208e+01 3.503514e-02 2.097645e-10
3.260208e+01 5.263151e-02 6.084059e-10
3.260208e+01 7.314235e-02 1.17679e-09
3.260208e+01 1.025928e-01 2.117404e-09
3.260208e+01 1.448116e-01 3.239988e-09
3.260208e+01 2.02346e-01 5.14114e-09
3.260208e+01 2.834245e-01 8.373604e-09
3.260208e+01 3.967448e-01 1.312567e-08
3.260208e+01 5.552783e-01 1.97128e-08
3.260208e+01 7.774819e-01 2.803125e-08
3.260208e+01 1.088445e+00 3.731289e-08
3.260208e+01 1.523711e+00 4.668096e-08
3.260208e+01 2.088426e+00 5.474988e-08
3.260208e+01 2.685505e+00 5.688486e-08
3.327412e+01 1.570796e-02 6.02697e-11
3.327412e+01 2.346256e-02 4.346755e-11
3.327412e+01 3.503514e-02 1.467461e-10
3.327412e+01 5.263151e-02 4.248512e-10
3.327412e+01 7.314235e-02 8.246866e-10
3.327412e+01 1.025928e-01 1.486232e-09
3.327412e+01 1.448116e-01 2.279105e-09
3.327412e+01 2.02346e-01 3.628085e-09
3.327412e+01 2.834245e-01 5.93241e-09
3.327412e+01 3.967448e-01 9.313716e-09
3.327412e+01 5.552783e-01 1.402115e-08
3.327412e+01 7.774819e-01 2.005899e-08
3.327412e+01 1.088445e+00 2.702762e-08
3.327412e+01 1.523711e+00 3.476731e-08
3.327412e+01 2.088426e+00 4.317631e-08
3.327412e+01 2.685505e+00 4.873296e-08
3.395961e+01 1.570796e-02 3.631254e-11
3.395961e+01 2.346256e-02 2.629141e-11
3.395961e+01 3.503514e-02 8.902471e-11
3.395961e+01 5.263151e-02 2.571904e-10
3.395961e+01 7.314235e-02 4.993492e-10
3.395961e+01 1.025928e-01 8.998763e-10
3.395961e+01 1.448116e-01 1.38102e-09
3.395961e+01 2.02346e-01 2.196169e-09
3.395961e+01 2.834245e-01 3.586908e-09
3.395961e+01 3.967448e-01 5.607007e-09
3.395961e+01 5.552783e-01 8.410954e-09
3.395961e+01 7.774819e-01 1.20414e-08
3.395961e+01 1.088445e+00 1.636852e-08
3.395961e+01 1.523711e+00 2.159378e-08
3.395961e+01 2.088426e+00 2.823454e-08
3.395961e+01 2.685505e+00 3.415872e-08
3.46588e+01 1.570796e-02 1.098144e-11
3.46588e+01 2.346256e-02 8.598874e-12
3.46588e+01 3.503514e-02 2.760812e-11
3.46588e+01 5.263151e-02 7.787158e-11
3.46588e+01 7.314235e-02 1.540444e-10
3.46588e+01 1.025928e-01 2.809624e-10
3.46588e+01 1.448116e-01 4.362731e-10
3.46588e+01 2.02346e-01 6.955564e-10
3.46588e+01 2.834245e-01 1.153385e-09
3.46588e+01 3.967448e-01 1.811513e-09
3.46588e+01 5.552783e-01 2.735029e-09
3.46588e+01 7.774819e-01 3.948422e-09
3.46588e+01 1.088445e+00 5.433073e-09
3.46588e+01 1.523711e+00 7.337835e-09
3.46588e+01 2.088426e+00 1.00811e-08
3.46588e+01 2.685505e+00 1.31195e-08
3.537197e+01 1.570796e-02 0.e+00
3.537197e+01 2.346256e-02 0.e+00
3.537197e+01 3.503514e-02 0.e+00
3.537197e+01 5.263151e-02 0.e+00
3.537197e+01 7.314235e-02 0.e+00
3.537197e+01 1.025928e-01 0.e+00
3.537197e+01 1.448116e-01 0.e+00
3.537197e+01 2.02346e-01 0.e+00
3.537197e+01 2.834245e-01 0.e+00
3.537197e+01 3.967448e-01 0.e+00
3.537197e+01 5.552783e-01 0.e+00
3.537197e+01 7.774819e-01 0.e+00
3.537197e+01 1.088445e+00 0.e+00
3.537197e+01 1.523711e+00 0.e+00
3.537197e+01 2.088426e+00 0.e+00
3.537197e+01 2.685505e+00 0.e+00
