5.e+00 1.570796e-02 0.e+00
5.e+00 2.346256e-02 0.e+00
5.e+00 3.503514e-02 0.e+00
5.e+00 5.263151e-02 0.e+00
5.e+00 7.314235e-02 0.e+00
5.e+00 1.025928e-01 0.e+00
5.e+00 1.448116e-01 0.e+00
5.e+00 2.023460e-01 0.e+00
5.e+00 2.834245e-01 0.e+00
5.e+00 3.967448e-01 0.e+00
5.e+00 5.552783e-01 0.e+00
5.e+00 7.774819e-01 0.e+00
5.e+00 1.088445e+00 0.e+00
5.e+00 1.523711e+00 0.e+00
5.e+00 2.088426e+00 0.e+00
5.e+00 2.685505e+00 0.e+00
5.12e+00 1.570796e-02 0.e+00
5.12e+00 2.346256e-02 0.e+00
5.12e+00 3.503514e-02 0.e+00
5.12e+00 5.263151e-02 0.e+00
5.12e+00 7.314235e-02 0.e+00
5.12e+00 1.025928e-01 0.e+00
5.12e+00 1.448116e-01 0.e+00
5.12e+00 2.023460e-01 0.e+00
5.12e+00 2.834245e-01 0.e+00
5.12e+00 3.967448e-01 0.e+00
5.12e+00 5.552783e-01 0.e+00
5.12e+00 7.774819e-01 0.e+00
5.12e+00 1.088445e+00 0.e+00
5.12e+00 1.523711e+00 0.e+00
5.12e+00 2.088426e+00 0.e+00
5.12e+00 2.685505e+00 0.e+00
5.2424e+00 1.570796e-02 0.e+00
5.2424e+00 2.346256e-02 0.e+00
5.2424e+00 3.503514e-02 0.e+00
5.2424e+00 5.263151e-02 0.e+00
5.2424e+00 7.314235e-02 0.e+00
5.2424e+00 1.025928e-01 0.e+00
5.2424e+00 1.448116e-01 0.e+00
5.2424e+00 2.023460e-01 0.e+00
5.2424e+00 2.834245e-01 0.e+00
5.2424e+00 3.967448e-01 0.e+00
5.2424e+00 5.552783e-01 0.e+00
5.2424e+00 7.774819e-01 0.e+00
5.2424e+00 1.088445e+00 0.e+00
5.2424e+00 1.523711e+00 0.e+00
5.2424e+00 2.088426e+00 0.e+00
5.2424e+00 2.685505e+00 0.e+00
5.367248e+00 1.570796e-02 0.e+00
5.367248e+00 2.346256e-02 0.e+00
5.367248e+00 3.503514e-02 0.e+00
5.367248e+00 5.263151e-02 0.e+00
5.367248e+00 7.314235e-02 0.e+00
5.367248e+00 1.025928e-01 0.e+00
5.367248e+00 1.448116e-01 0.e+00
5.367248e+00 2.023460e-01 0.e+00
5.367248e+00 2.834245e-01 0.e+00
5.367248e+00 3.967448e-01 0.e+00
5.367248e+00 5.552783e-01 0.e+00
5.367248e+00 7.774819e-01 0.e+00
5.367248e+00 1.088445e+00 0.e+00
5.367248e+00 1.523711e+00 0.e+00
5.367248e+00 2.088426e+00 0.e+00
5.367248e+00 2.685505e+00 0.e+00
5.494593e+00 1.570796e-02 0.e+00
5.494593e+00 2.346256e-02 0.e+00
5.494593e+00 3.503514e-02 0.e+00
5.494593e+00 5.263151e-02 0.e+00
5.494593e+00 7.314235e-02 0.e+00
5.494593e+00 1.025928e-01 0.e+00
5.494593e+00 1.448116e-01 0.e+00
5.494593e+00 2.023460e-01 0.e+00
5.494593e+00 2.834245e-01 0.e+00
5.494593e+00 3.967448e-01 0.e+00
5.494593e+00 5.552783e-01 0.e+00
5.494593e+00 7.774819e-01 0.e+00
5.494593e+00 1.088445e+00 0.e+00
5.494593e+00 1.523711e+00 0.e+00
5.494593e+00 2.088426e+00 0.e+00
5.494593e+00 2.685505e+00 0.e+00
5.624485e+00 1.570796e-02 0.e+00
5.624485e+00 2.346256e-02 0.e+00
5.624485e+00 3.503514e-02 0.e+00
5.624485e+00 5.263151e-02 0.e+00
5.624485e+00 7.314235e-02 0.e+00
5.624485e+00 1.025928e-01 0.e+00
5.624485e+00 1.448116e-01 0.e+00
5.624485e+00 2.023460e-01 0.e+00
5.624485e+00 2.834245e-01 0.e+00
5.624485e+00 3.967448e-01 0.e+00
5.624485e+00 5.552783e-01 0.e+00
5.624485e+00 7.774819e-01 0.e+00
5.624485e+00 1.088445e+00 0.e+00
5.624485e+00 1.523711e+00 0.e+00
5.624485e+00 2.088426e+00 0.e+00
5.624485e+00 2.685505e+00 0.e+00
5.756975e+00 1.570796e-02 0.e+00
5.756975e+00 2.346256e-02 0.e+00
5.756975e+00 3.503514e-02 0.e+00
5.756975e+00 5.263151e-02 0.e+00
5.756975e+00 7.314235e-02 0.e+00
5.756975e+00 1.025928e-01 0.e+00
5.756975e+00 1.448116e-01 0.e+00
5.756975e+00 2.023460e-01 0.e+00
5.756975e+00 2.834245e-01 0.e+00
5.756975e+00 3.967448e-01 0.e+00
5.756975e+00 5.552783e-01 0.e+00
5.756975e+00 7.774819e-01 0.e+00
5.756975e+00 1.088445e+00 0.e+00
5.756975e+00 1.523711e+00 0.e+00
5.756975e+00 2.088426e+00 0.e+00
5.756975e+00 2.685505e+00 0.e+00
5.892114e+00 1.570796e-02 0.e+00
5.892114e+00 2.346256e-02 0.e+00
5.892114e+00 3.503514e-02 0.e+00
5.892114e+00 5.263151e-02 0.e+00
5.892114e+00 7.314235e-02 0.e+00
5.892114e+00 1.025928e-01 0.e+00
5.892114e+00 1.448116e-01 0.e+00
5.892114e+00 2.023460e-01 0.e+00
5.892114e+00 2.834245e-01 0.e+00
5.892114e+00 3.967448e-01 0.e+00
5.892114e+00 5.552783e-01 0.e+00
5.892114e+00 7.774819e-01 0.e+00
5.892114e+00 1.088445e+00 0.e+00
5.892114e+00 1.523711e+00 0.e+00
5.892114e+00 2.088426e+00 0.e+00
5.892114e+00 2.685505e+00 0.e+00
6.029956e+00 1.570796e-02 0.e+00
6.029956e+00 2.346256e-02 0.e+00
6.029956e+00 3.503514e-02 0.e+00
6.029956e+00 5.263151e-02 0.e+00
6.029956e+00 7.314235e-02 0.e+00
6.029956e+00 1.025928e-01 0.e+00
6.029956e+00 1.448116e-01 0.e+00
6.029956e+00 2.023460e-01 0.e+00
6.029956e+00 2.834245e-01 0.e+00
6.029956e+00 3.967448e-01 0.e+00
6.029956e+00 5.552783e-01 0.e+00
6.029956e+00 7.774819e-01 0.e+00
6.029956e+00 1.088445e+00 0.e+00
6.029956e+00 1.523711e+00 0.e+00
6.029956e+00 2.088426e+00 0.e+00
6.029956e+00 2.685505e+00 0.e+00
6.170555e+00 1.570796e-02 0.e+00
6.170555e+00 2.346256e-02 0.e+00
6.170555e+00 3.503514e-02 0.e+00
6.170555e+00 5.263151e-02 0.e+00
6.170555e+00 7.314235e-02 0.e+00
6.170555e+00 1.025928e-01 0.e+00
6.170555e+00 1.448116e-01 0.e+00
6.170555e+00 2.023460e-01 0.e+00
6.170555e+00 2.834245e-01 0.e+00
6.170555e+00 3.967448e-01 0.e+00
6.170555e+00 5.552783e-01 0.e+00
6.170555e+00 7.774819e-01 0.e+00
6.170555e+00 1.088445e+00 0.e+00
6.170555e+00 1.523711e+00 0.e+00
6.170555e+00 2.088426e+00 0.e+00
6.170555e+00 2.685505e+00 0.e+00
6.313967e+00 1.570796e-02 0.e+00
6.313967e+00 2.346256e-02 0.e+00
6.313967e+00 3.503514e-02 0.e+00
6.313967e+00 5.263151e-02 0.e+00
6.313967e+00 7.314235e-02 0.e+00
6.313967e+00 1.025928e-01 0.e+00
6.313967e+00 1.448116e-01 0.e+00
6.313967e+00 2.023460e-01 0.e+00
6.313967e+00 2.834245e-01 0.e+00
6.313967e+00 3.967448e-01 0.e+00
6.313967e+00 5.552783e-01 0.e+00
6.313967e+00 7.774819e-01 0.e+00
6.313967e+00 1.088445e+00 0.e+00
6.313967e+00 1.523711e+00 0.e+00
6.313967e+00 2.088426e+00 0.e+00
6.313967e+00 2.685505e+00 0.e+00
6.460246e+00 1.570796e-02 -4.710972e-05
6.460246e+00 2.346256e-02 -2.190365e-08
6.460246e+00 3.503514e-02 6.745221e-06
6.460246e+00 5.263151e-02 -1.866869e-04
6.460246e+00 7.314235e-02 -9.722718e-05
6.460246e+00 1.025928e-01 -1.691259e-05
6.460246e+00 1.448116e-01 -6.084205e-05
6.460246e+00 2.023460e-01 -7.682975e-05
6.460246e+00 2.834245e-01 -5.314481e-05
6.460246e+00 3.967448e-01 -3.535865e-05
6.460246e+00 5.552783e-01 -4.61022e-05
6.460246e+00 7.774819e-01 -4.096108e-05
6.460246e+00 1.088445e+00 -4.077093e-05
6.460246e+00 1.523711e+00 -3.871761e-05
6.460246e+00 2.088426e+00 -4.409772e-05
6.460246e+00 2.685505e+00 -4.88838e-05
6.609451e+00 1.570796e-02 -2.085197e-04
6.609451e+00 2.346256e-02 -5.91933e-05
6.609451e+00 3.503514e-02 -1.638504e-04
6.609451e+00 5.263151e-02 -5.444473e-04
6.609451e+00 7.314235e-02 -7.37171e-04
6.609451e+00 1.025928e-01 -4.871293e-04
6.609451e+00 1.448116e-01 -3.343121e-04
6.609451e+00 2.023460e-01 -3.982314e-04
6.609451e+00 2.834245e-01 -3.163933e-04
6.609451e+00 3.967448e-01 -3.154905e-04
6.609451e+00 5.552783e-01 -2.777341e-04
6.609451e+00 7.774819e-01 -2.613812e-04
6.609451e+00 1.088445e+00 -2.253319e-04
6.609451e+00 1.523711e+00 -2.146436e-04
6.609451e+00 2.088426e+00 -2.407690e-04
6.609451e+00 2.685505e+00 -2.484734e-04
6.76164e+00 1.570796e-02 -6.173492e-04
6.76164e+00 2.346256e-02 -1.968875e-04
6.76164e+00 3.503514e-02 -7.4735e-04
6.76164e+00 5.263151e-02 -1.312950e-03
6.76164e+00 7.314235e-02 -2.059892e-03
6.76164e+00 1.025928e-01 -1.773224e-03
6.76164e+00 1.448116e-01 -1.73414e-03
6.76164e+00 2.023460e-01 -1.517276e-03
6.76164e+00 2.834245e-01 -1.566831e-03
6.76164e+00 3.967448e-01 -1.392079e-03
6.76164e+00 5.552783e-01 -1.234394e-03
6.76164e+00 7.774819e-01 -1.043270e-03
6.76164e+00 1.088445e+00 -9.264042e-04
6.76164e+00 1.523711e+00 -9.020463e-04
6.76164e+00 2.088426e+00 -9.841571e-04
6.76164e+00 2.685505e+00 -1.01779e-03
6.916873e+00 1.570796e-02 -1.03325e-03
6.916873e+00 2.346256e-02 -5.906897e-04
6.916873e+00 3.503514e-02 -1.480236e-03
6.916873e+00 5.263151e-02 -2.823945e-03
6.916873e+00 7.314235e-02 -4.169439e-03
6.916873e+00 1.025928e-01 -4.360982e-03
6.916873e+00 1.448116e-01 -4.476542e-03
6.916873e+00 2.023460e-01 -3.935650e-03
6.916873e+00 2.834245e-01 -4.149857e-03
6.916873e+00 3.967448e-01 -3.615292e-03
6.916873e+00 5.552783e-01 -3.187742e-03
6.916873e+00 7.774819e-01 -2.696620e-03
6.916873e+00 1.088445e+00 -2.345432e-03
6.916873e+00 1.523711e+00 -2.251764e-03
6.916873e+00 2.088426e+00 -2.448214e-03
6.916873e+00 2.685505e+00 -2.504454e-03
7.075210e+00 1.570796e-02 -1.343099e-03
7.075210e+00 2.346256e-02 -1.044016e-03
7.075210e+00 3.503514e-02 -2.250819e-03
7.075210e+00 5.263151e-02 -4.767176e-03
7.075210e+00 7.314235e-02 -7.242045e-03
7.075210e+00 1.025928e-01 -8.06129e-03
7.075210e+00 1.448116e-01 -8.551513e-03
7.075210e+00 2.023460e-01 -7.92016e-03
7.075210e+00 2.834245e-01 -8.360707e-03
7.075210e+00 3.967448e-01 -7.342253e-03
7.075210e+00 5.552783e-01 -6.414240e-03
7.075210e+00 7.774819e-01 -5.437539e-03
7.075210e+00 1.088445e+00 -4.653445e-03
7.075210e+00 1.523711e+00 -4.407832e-03
7.075210e+00 2.088426e+00 -4.713908e-03
7.075210e+00 2.685505e+00 -4.797717e-03
7.236714e+00 1.570796e-02 -1.408182e-03
7.236714e+00 2.346256e-02 -1.317649e-03
7.236714e+00 3.503514e-02 -2.656341e-03
7.236714e+00 5.263151e-02 -6.525150e-03
7.236714e+00 7.314235e-02 -9.966324e-03
7.236714e+00 1.025928e-01 -1.25687e-02
7.236714e+00 1.448116e-01 -1.350401e-02
7.236714e+00 2.023460e-01 -1.332499e-02
7.236714e+00 2.834245e-01 -1.361238e-02
7.236714e+00 3.967448e-01 -1.240231e-02
7.236714e+00 5.552783e-01 -1.062094e-02
7.236714e+00 7.774819e-01 -9.132589e-03
7.236714e+00 1.088445e+00 -7.782308e-03
7.236714e+00 1.523711e+00 -7.282916e-03
7.236714e+00 2.088426e+00 -7.666144e-03
7.236714e+00 2.685505e+00 -7.786111e-03
7.401449e+00 1.570796e-02 -1.3408e-03
7.401449e+00 2.346256e-02 -1.335637e-03
7.401449e+00 3.503514e-02 -2.815234e-03
7.401449e+00 5.263151e-02 -7.571538e-03
7.401449e+00 7.314235e-02 -1.239929e-02
7.401449e+00 1.025928e-01 -1.647325e-02
7.401449e+00 1.448116e-01 -1.824106e-02
7.401449e+00 2.023460e-01 -1.902909e-02
7.401449e+00 2.834245e-01 -1.912784e-02
7.401449e+00 3.967448e-01 -1.781674e-02
7.401449e+00 5.552783e-01 -1.546081e-02
7.401449e+00 7.774819e-01 -1.31657e-02
7.401449e+00 1.088445e+00 -1.119630e-02
7.401449e+00 1.523711e+00 -1.03687e-02
7.401449e+00 2.088426e+00 -1.084678e-02
7.401449e+00 2.685505e+00 -1.086111e-02
7.569477e+00 1.570796e-02 -1.278829e-03
7.569477e+00 2.346256e-02 -1.285851e-03
7.569477e+00 3.503514e-02 -2.807201e-03
7.569477e+00 5.263151e-02 -8.016704e-03
7.569477e+00 7.314235e-02 -1.374939e-02
7.569477e+00 1.025928e-01 -1.920153e-02
7.569477e+00 1.448116e-01 -2.205211e-02
7.569477e+00 2.023460e-01 -2.389879e-02
7.569477e+00 2.834245e-01 -2.429887e-02
7.569477e+00 3.967448e-01 -2.29136e-02
7.569477e+00 5.552783e-01 -2.008127e-02
7.569477e+00 7.774819e-01 -1.729450e-02
7.569477e+00 1.088445e+00 -1.461847e-02
7.569477e+00 1.523711e+00 -1.334195e-02
7.569477e+00 2.088426e+00 -1.381431e-02
7.569477e+00 2.685505e+00 -1.370863e-02
7.740867e+00 1.570796e-02 -1.187229e-03
7.740867e+00 2.346256e-02 -1.156078e-03
7.740867e+00 3.503514e-02 -2.690591e-03
7.740867e+00 5.263151e-02 -8.033496e-03
7.740867e+00 7.314235e-02 -1.399339e-02
7.740867e+00 1.025928e-01 -2.069479e-02
7.740867e+00 1.448116e-01 -2.457497e-02
7.740867e+00 2.023460e-01 -2.775180e-02
7.740867e+00 2.834245e-01 -2.881671e-02
7.740867e+00 3.967448e-01 -2.740557e-02
7.740867e+00 5.552783e-01 -2.446532e-02
7.740867e+00 7.774819e-01 -2.107046e-02
7.740867e+00 1.088445e+00 -1.782979e-02
7.740867e+00 1.523711e+00 -1.610876e-02
7.740867e+00 2.088426e+00 -1.640176e-02
7.740867e+00 2.685505e+00 -1.609100e-02
7.915684e+00 1.570796e-02 -1.07623e-03
7.915684e+00 2.346256e-02 -9.902906e-04
7.915684e+00 3.503514e-02 -2.538471e-03
7.915684e+00 5.263151e-02 -7.621758e-03
7.915684e+00 7.314235e-02 -1.353659e-02
7.915684e+00 1.025928e-01 -2.111972e-02
7.915684e+00 1.448116e-01 -2.589208e-02
7.915684e+00 2.023460e-01 -3.037938e-02
7.915684e+00 2.834245e-01 -3.241092e-02
7.915684e+00 3.967448e-01 -3.133221e-02
7.915684e+00 5.552783e-01 -2.825055e-02
7.915684e+00 7.774819e-01 -2.449916e-02
7.915684e+00 1.088445e+00 -2.072341e-02
7.915684e+00 1.523711e+00 -1.858865e-02
7.915684e+00 2.088426e+00 -1.870236e-02
7.915684e+00 2.685505e+00 -1.819544e-02
8.093998e+00 1.570796e-02 -9.634851e-04
8.093998e+00 2.346256e-02 -8.561639e-04
8.093998e+00 3.503514e-02 -2.383164e-03
8.093998e+00 5.263151e-02 -7.15883e-03
8.093998e+00 7.314235e-02 -1.278362e-02
8.093998e+00 1.025928e-01 -2.074521e-02
8.093998e+00 1.448116e-01 -2.624543e-02
8.093998e+00 2.023460e-01 -3.174312e-02
8.093998e+00 2.834245e-01 -3.484835e-02
8.093998e+00 3.967448e-01 -3.444586e-02
8.093998e+00 5.552783e-01 -3.130646e-02
8.093998e+00 7.774819e-01 -2.742743e-02
8.093998e+00 1.088445e+00 -2.318079e-02
8.093998e+00 1.523711e+00 -2.077669e-02
8.093998e+00 2.088426e+00 -2.066911e-02
8.093998e+00 2.685505e+00 -1.988734e-02
8.275878e+00 1.570796e-02 -8.87392e-04
8.275878e+00 2.346256e-02 -7.654947e-04
8.275878e+00 3.503514e-02 -2.204269e-03
8.275878e+00 5.263151e-02 -6.698274e-03
8.275878e+00 7.314235e-02 -1.193014e-02
8.275878e+00 1.025928e-01 -1.974944e-02
8.275878e+00 1.448116e-01 -2.569601e-02
8.275878e+00 2.023460e-01 -3.204588e-02
8.275878e+00 2.834245e-01 -3.624776e-02
8.275878e+00 3.967448e-01 -3.658160e-02
8.275878e+00 5.552783e-01 -3.382157e-02
8.275878e+00 7.774819e-01 -2.985260e-02
8.275878e+00 1.088445e+00 -2.524633e-02
8.275878e+00 1.523711e+00 -2.254746e-02
8.275878e+00 2.088426e+00 -2.226859e-02
8.275878e+00 2.685505e+00 -2.126549e-02
8.461396e+00 1.570796e-02 -8.220404e-04
8.461396e+00 2.346256e-02 -6.942094e-04
8.461396e+00 3.503514e-02 -1.998528e-03
8.461396e+00 5.263151e-02 -6.147832e-03
8.461396e+00 7.314235e-02 -1.094007e-02
8.461396e+00 1.025928e-01 -1.845847e-02
8.461396e+00 1.448116e-01 -2.465635e-02
8.461396e+00 2.023460e-01 -3.161584e-02
8.461396e+00 2.834245e-01 -3.674126e-02
8.461396e+00 3.967448e-01 -3.796434e-02
8.461396e+00 5.552783e-01 -3.567029e-02
8.461396e+00 7.774819e-01 -3.179996e-02
8.461396e+00 1.088445e+00 -2.701914e-02
8.461396e+00 1.523711e+00 -2.404430e-02
8.461396e+00 2.088426e+00 -2.362521e-02
8.461396e+00 2.685505e+00 -2.225078e-02
8.650623e+00 1.570796e-02 -7.521694e-04
8.650623e+00 2.346256e-02 -6.254087e-04
8.650623e+00 3.503514e-02 -1.792111e-03
8.650623e+00 5.263151e-02 -5.573747e-03
8.650623e+00 7.314235e-02 -9.874097e-03
8.650623e+00 1.025928e-01 -1.704209e-02
8.650623e+00 1.448116e-01 -2.323754e-02
8.650623e+00 2.023460e-01 -3.061048e-02
8.650623e+00 2.834245e-01 -3.642139e-02
8.650623e+00 3.967448e-01 -3.860516e-02
8.650623e+00 5.552783e-01 -3.687576e-02
8.650623e+00 7.774819e-01 -3.320297e-02
8.650623e+00 1.088445e+00 -2.836850e-02
8.650623e+00 1.523711e+00 -2.523491e-02
8.650623e+00 2.088426e+00 -2.463455e-02
8.650623e+00 2.685505e+00 -2.304354e-02
8.843636e+00 1.570796e-02 -6.803023e-04
8.843636e+00 2.346256e-02 -5.623068e-04
8.843636e+00 3.503514e-02 -1.607548e-03
8.843636e+00 5.263151e-02 -5.001921e-03
8.843636e+00 7.314235e-02 -8.850625e-03
8.843636e+00 1.025928e-01 -1.557173e-02
8.843636e+00 1.448116e-01 -2.157569e-02
8.843636e+00 2.023460e-01 -2.910686e-02
8.843636e+00 2.834245e-01 -3.542054e-02
8.843636e+00 3.967448e-01 -3.843264e-02
8.843636e+00 5.552783e-01 -3.74144e-02
8.843636e+00 7.774819e-01 -3.415138e-02
8.843636e+00 1.088445e+00 -2.940095e-02
8.843636e+00 1.523711e+00 -2.612352e-02
8.843636e+00 2.088426e+00 -2.540328e-02
8.843636e+00 2.685505e+00 -2.354797e-02
9.040509e+00 1.570796e-02 -6.144408e-04
9.040509e+00 2.346256e-02 -5.048946e-04
9.040509e+00 3.503514e-02 -1.44037e-03
9.040509e+00 5.263151e-02 -4.472593e-03
9.040509e+00 7.314235e-02 -7.894776e-03
9.040509e+00 1.025928e-01 -1.406906e-02
9.040509e+00 1.448116e-01 -1.976115e-02
9.040509e+00 2.023460e-01 -2.728289e-02
9.040509e+00 2.834245e-01 -3.394459e-02
9.040509e+00 3.967448e-01 -3.772034e-02
9.040509e+00 5.552783e-01 -3.735986e-02
9.040509e+00 7.774819e-01 -3.457510e-02
9.040509e+00 1.088445e+00 -3.000953e-02
9.040509e+00 1.523711e+00 -2.669947e-02
9.040509e+00 2.088426e+00 -2.594550e-02
9.040509e+00 2.685505e+00 -2.386831e-02
9.241319e+00 1.570796e-02 -5.548363e-04
9.241319e+00 2.346256e-02 -4.428542e-04
9.241319e+00 3.503514e-02 -1.280822e-03
9.241319e+00 5.263151e-02 -3.994853e-03
9.241319e+00 7.314235e-02 -7.065791e-03
9.241319e+00 1.025928e-01 -1.260758e-02
9.241319e+00 1.448116e-01 -1.791397e-02
9.241319e+00 2.023460e-01 -2.526187e-02
9.241319e+00 2.834245e-01 -3.212186e-02
9.241319e+00 3.967448e-01 -3.650604e-02
9.241319e+00 5.552783e-01 -3.678122e-02
9.241319e+00 7.774819e-01 -3.447859e-02
9.241319e+00 1.088445e+00 -3.024595e-02
9.241319e+00 1.523711e+00 -2.702059e-02
9.241319e+00 2.088426e+00 -2.624274e-02
9.241319e+00 2.685505e+00 -2.402037e-02
9.446145e+00 1.570796e-02 -4.994796e-04
9.446145e+00 2.346256e-02 -3.860274e-04
9.446145e+00 3.503514e-02 -1.134562e-03
9.446145e+00 5.263151e-02 -3.550204e-03
9.446145e+00 7.314235e-02 -6.31947e-03
9.446145e+00 1.025928e-01 -1.126063e-02
9.446145e+00 1.448116e-01 -1.6109e-02
9.446145e+00 2.023460e-01 -2.317901e-02
9.446145e+00 2.834245e-01 -3.00155e-02
9.446145e+00 3.967448e-01 -3.487038e-02
9.446145e+00 5.552783e-01 -3.574516e-02
9.446145e+00 7.774819e-01 -3.390982e-02
9.446145e+00 1.088445e+00 -3.012659e-02
9.446145e+00 1.523711e+00 -2.704445e-02
9.446145e+00 2.088426e+00 -2.626903e-02
9.446145e+00 2.685505e+00 -2.392094e-02
9.655068e+00 1.570796e-02 -4.469994e-04
9.655068e+00 2.346256e-02 -3.385126e-04
9.655068e+00 3.503514e-02 -1.003294e-03
9.655068e+00 5.263151e-02 -3.150416e-03
9.655068e+00 7.314235e-02 -5.634455e-03
9.655068e+00 1.025928e-01 -1.003361e-02
9.655068e+00 1.448116e-01 -1.438290e-02
9.655068e+00 2.023460e-01 -2.105281e-02
9.655068e+00 2.834245e-01 -2.772068e-02
9.655068e+00 3.967448e-01 -3.288441e-02
9.655068e+00 5.552783e-01 -3.434069e-02
9.655068e+00 7.774819e-01 -3.304661e-02
9.655068e+00 1.088445e+00 -2.971979e-02
9.655068e+00 1.523711e+00 -2.684469e-02
9.655068e+00 2.088426e+00 -2.614439e-02
9.655068e+00 2.685505e+00 -2.367823e-02
9.86817e+00 1.570796e-02 -3.975096e-04
9.86817e+00 2.346256e-02 -2.95577e-04
9.86817e+00 3.503514e-02 -8.860877e-04
9.86817e+00 5.263151e-02 -2.784616e-03
9.86817e+00 7.314235e-02 -5.012762e-03
9.86817e+00 1.025928e-01 -8.917849e-03
9.86817e+00 1.448116e-01 -1.280150e-02
9.86817e+00 2.023460e-01 -1.898678e-02
9.86817e+00 2.834245e-01 -2.537389e-02
9.86817e+00 3.967448e-01 -3.068783e-02
9.86817e+00 5.552783e-01 -3.264048e-02
9.86817e+00 7.774819e-01 -3.185478e-02
9.86817e+00 1.088445e+00 -2.905832e-02
9.86817e+00 1.523711e+00 -2.645199e-02
9.86817e+00 2.088426e+00 -2.581943e-02
9.86817e+00 2.685505e+00 -2.329560e-02
1.008553e+01 1.570796e-02 -3.521292e-04
1.008553e+01 2.346256e-02 -2.587889e-04
1.008553e+01 3.503514e-02 -7.771360e-04
1.008553e+01 5.263151e-02 -2.455951e-03
1.008553e+01 7.314235e-02 -4.4378e-03
1.008553e+01 1.025928e-01 -7.911662e-03
1.008553e+01 1.448116e-01 -1.136437e-02
1.008553e+01 2.023460e-01 -1.700974e-02
1.008553e+01 2.834245e-01 -2.300994e-02
1.008553e+01 3.967448e-01 -2.837565e-02
1.008553e+01 5.552783e-01 -3.071873e-02
1.008553e+01 7.774819e-01 -3.043719e-02
1.008553e+01 1.088445e+00 -2.812493e-02
1.008553e+01 1.523711e+00 -2.585405e-02
1.008553e+01 2.088426e+00 -2.531424e-02
1.008553e+01 2.685505e+00 -2.276355e-02
1.030724e+01 1.570796e-02 -3.09535e-04
1.030724e+01 2.346256e-02 -2.242927e-04
1.030724e+01 3.503514e-02 -6.795696e-04
1.030724e+01 5.263151e-02 -2.161003e-03
1.030724e+01 7.314235e-02 -3.910793e-03
1.030724e+01 1.025928e-01 -6.988794e-03
1.030724e+01 1.448116e-01 -1.004656e-02
1.030724e+01 2.023460e-01 -1.515884e-02
1.030724e+01 2.834245e-01 -2.071956e-02
1.030724e+01 3.967448e-01 -2.598583e-02
1.030724e+01 5.552783e-01 -2.863149e-02
1.030724e+01 7.774819e-01 -2.882236e-02
1.030724e+01 1.088445e+00 -2.697659e-02
1.030724e+01 1.523711e+00 -2.509357e-02
1.030724e+01 2.088426e+00 -2.461936e-02
1.030724e+01 2.685505e+00 -2.20367e-02
1.053339e+01 1.570796e-02 -2.700282e-04
1.053339e+01 2.346256e-02 -1.972553e-04
1.053339e+01 3.503514e-02 -5.972348e-04
1.053339e+01 5.263151e-02 -1.892445e-03
1.053339e+01 7.314235e-02 -3.437056e-03
1.053339e+01 1.025928e-01 -6.160868e-03
1.053339e+01 1.448116e-01 -8.863061e-03
1.053339e+01 2.023460e-01 -1.344909e-02
1.053339e+01 2.834245e-01 -1.854122e-02
1.053339e+01 3.967448e-01 -2.360762e-02
1.053339e+01 5.552783e-01 -2.643980e-02
1.053339e+01 7.774819e-01 -2.700231e-02
1.053339e+01 1.088445e+00 -2.565698e-02
1.053339e+01 1.523711e+00 -2.416325e-02
1.053339e+01 2.088426e+00 -2.383860e-02
1.053339e+01 2.685505e+00 -2.122266e-02
1.076406e+01 1.570796e-02 -2.372725e-04
1.076406e+01 2.346256e-02 -1.738018e-04
1.076406e+01 3.503514e-02 -5.190786e-04
1.076406e+01 5.263151e-02 -1.659916e-03
1.076406e+01 7.314235e-02 -3.010348e-03
1.076406e+01 1.025928e-01 -5.400413e-03
1.076406e+01 1.448116e-01 -7.796421e-03
1.076406e+01 2.023460e-01 -1.189668e-02
1.076406e+01 2.834245e-01 -1.650416e-02
1.076406e+01 3.967448e-01 -2.125916e-02
1.076406e+01 5.552783e-01 -2.421065e-02
1.076406e+01 7.774819e-01 -2.513431e-02
1.076406e+01 1.088445e+00 -2.421266e-02
1.076406e+01 1.523711e+00 -2.310208e-02
1.076406e+01 2.088426e+00 -2.290725e-02
1.076406e+01 2.685505e+00 -2.034212e-02
1.099934e+01 1.570796e-02 -2.080786e-04
1.099934e+01 2.346256e-02 -1.501622e-04
1.099934e+01 3.503514e-02 -4.504338e-04
1.099934e+01 5.263151e-02 -1.453147e-03
1.099934e+01 7.314235e-02 -2.62877e-03
1.099934e+01 1.025928e-01 -4.730833e-03
1.099934e+01 1.448116e-01 -6.842688e-03
1.099934e+01 2.023460e-01 -1.046135e-02
1.099934e+01 2.834245e-01 -1.461005e-02
1.099934e+01 3.967448e-01 -1.901293e-02
1.099934e+01 5.552783e-01 -2.199300e-02
1.099934e+01 7.774819e-01 -2.318240e-02
1.099934e+01 1.088445e+00 -2.266842e-02
1.099934e+01 1.523711e+00 -2.19513e-02
1.099934e+01 2.088426e+00 -2.191541e-02
1.099934e+01 2.685505e+00 -1.933790e-02
1.123932e+01 1.570796e-02 -1.818732e-04
1.123932e+01 2.346256e-02 -1.307521e-04
1.123932e+01 3.503514e-02 -3.898069e-04
1.123932e+01 5.263151e-02 -1.261653e-03
1.123932e+01 7.314235e-02 -2.285355e-03
1.123932e+01 1.025928e-01 -4.125168e-03
1.123932e+01 1.448116e-01 -5.978769e-03
1.123932e+01 2.023460e-01 -9.162883e-03
1.123932e+01 2.834245e-01 -1.285082e-02
1.123932e+01 3.967448e-01 -1.688036e-02
1.123932e+01 5.552783e-01 -1.982184e-02
1.123932e+01 7.774819e-01 -2.123104e-02
1.123932e+01 1.088445e+00 -2.107399e-02
1.123932e+01 1.523711e+00 -2.071961e-02
1.123932e+01 2.088426e+00 -2.083061e-02
1.123932e+01 2.685505e+00 -1.841112e-02
1.148411e+01 1.570796e-02 -1.578124e-04
1.148411e+01 2.346256e-02 -1.136786e-04
1.148411e+01 3.503514e-02 -3.382070e-04
1.148411e+01 5.263151e-02 -1.097814e-03
1.148411e+01 7.314235e-02 -1.981045e-03
1.148411e+01 1.025928e-01 -3.583308e-03
1.148411e+01 1.448116e-01 -5.203355e-03
1.148411e+01 2.023460e-01 -7.988042e-03
1.148411e+01 2.834245e-01 -1.123724e-02
1.148411e+01 3.967448e-01 -1.489456e-02
1.148411e+01 5.552783e-01 -1.772265e-02
1.148411e+01 7.774819e-01 -1.930183e-02
1.148411e+01 1.088445e+00 -1.946532e-02
1.148411e+01 1.523711e+00 -1.940542e-02
1.148411e+01 2.088426e+00 -1.965601e-02
1.148411e+01 2.685505e+00 -1.727733e-02
1.173379e+01 1.570796e-02 -1.353684e-04
1.173379e+01 2.346256e-02 -9.8451e-05
1.173379e+01 3.503514e-02 -2.902269e-04
1.173379e+01 5.263151e-02 -9.481011e-04
1.173379e+01 7.314235e-02 -1.711082e-03
1.173379e+01 1.025928e-01 -3.103708e-03
1.173379e+01 1.448116e-01 -4.510472e-03
1.173379e+01 2.023460e-01 -6.921013e-03
1.173379e+01 2.834245e-01 -9.764335e-03
1.173379e+01 3.967448e-01 -1.305022e-02
1.173379e+01 5.552783e-01 -1.572469e-02
1.173379e+01 7.774819e-01 -1.742340e-02
1.173379e+01 1.088445e+00 -1.780634e-02
1.173379e+01 1.523711e+00 -1.803546e-02
1.173379e+01 2.088426e+00 -1.839696e-02
1.173379e+01 2.685505e+00 -1.61179e-02
1.198847e+01 1.570796e-02 -1.159145e-04
1.198847e+01 2.346256e-02 -8.485054e-05
1.198847e+01 3.503514e-02 -2.479732e-04
1.198847e+01 5.263151e-02 -8.152825e-04
1.198847e+01 7.314235e-02 -1.467033e-03
1.198847e+01 1.025928e-01 -2.673148e-03
1.198847e+01 1.448116e-01 -3.890372e-03
1.198847e+01 2.023460e-01 -5.961968e-03
1.198847e+01 2.834245e-01 -8.436782e-03
1.198847e+01 3.967448e-01 -1.137554e-02
1.198847e+01 5.552783e-01 -1.384928e-02
1.198847e+01 7.774819e-01 -1.560014e-02
1.198847e+01 1.088445e+00 -1.620521e-02
1.198847e+01 1.523711e+00 -1.665579e-02
1.198847e+01 2.088426e+00 -1.70968e-02
1.198847e+01 2.685505e+00 -1.493487e-02
1.224824e+01 1.570796e-02 -9.903284e-05
1.224824e+01 2.346256e-02 -7.298308e-05
1.224824e+01 3.503514e-02 -2.117412e-04
1.224824e+01 5.263151e-02 -6.974070e-04
1.224824e+01 7.314235e-02 -1.259857e-03
1.224824e+01 1.025928e-01 -2.294132e-03
1.224824e+01 1.448116e-01 -3.334681e-03
1.224824e+01 2.023460e-01 -5.125666e-03
1.224824e+01 2.834245e-01 -7.256883e-03
1.224824e+01 3.967448e-01 -9.856623e-03
1.224824e+01 5.552783e-01 -1.211278e-02
1.224824e+01 7.774819e-01 -1.385449e-02
1.224824e+01 1.088445e+00 -1.463794e-02
1.224824e+01 1.523711e+00 -1.527669e-02
1.224824e+01 2.088426e+00 -1.580722e-02
1.224824e+01 2.685505e+00 -1.386677e-02
1.251320e+01 1.570796e-02 -8.420160e-05
1.251320e+01 2.346256e-02 -6.317869e-05
1.251320e+01 3.503514e-02 -1.789813e-04
1.251320e+01 5.263151e-02 -5.941478e-04
1.251320e+01 7.314235e-02 -1.075637e-03
1.251320e+01 1.025928e-01 -1.961824e-03
1.251320e+01 1.448116e-01 -2.849025e-03
1.251320e+01 2.023460e-01 -4.383436e-03
1.251320e+01 2.834245e-01 -6.216694e-03
1.251320e+01 3.967448e-01 -8.483553e-03
1.251320e+01 5.552783e-01 -1.05195e-02
1.251320e+01 7.774819e-01 -1.220427e-02
1.251320e+01 1.088445e+00 -1.311904e-02
1.251320e+01 1.523711e+00 -1.391805e-02
1.251320e+01 2.088426e+00 -1.453921e-02
1.251320e+01 2.685505e+00 -1.274412e-02
1.278347e+01 1.570796e-02 -7.150483e-05
1.278347e+01 2.346256e-02 -5.369259e-05
1.278347e+01 3.503514e-02 -1.523752e-04
1.278347e+01 5.263151e-02 -5.053661e-04
1.278347e+01 7.314235e-02 -9.137156e-04
1.278347e+01 1.025928e-01 -1.670067e-03
1.278347e+01 1.448116e-01 -2.425377e-03
1.278347e+01 2.023460e-01 -3.732761e-03
1.278347e+01 2.834245e-01 -5.296981e-03
1.278347e+01 3.967448e-01 -7.249731e-03
1.278347e+01 5.552783e-01 -9.084459e-03
1.278347e+01 7.774819e-01 -1.068728e-02
1.278347e+01 1.088445e+00 -1.168227e-02
1.278347e+01 1.523711e+00 -1.262047e-02
1.278347e+01 2.088426e+00 -1.325807e-02
1.278347e+01 2.685505e+00 -1.163885e-02
1.305914e+01 1.570796e-02 -6.016764e-05
1.305914e+01 2.346256e-02 -4.579663e-05
1.305914e+01 3.503514e-02 -1.280074e-04
1.305914e+01 5.263151e-02 -4.273285e-04
1.305914e+01 7.314235e-02 -7.707315e-04
1.305914e+01 1.025928e-01 -1.414703e-03
1.305914e+01 1.448116e-01 -2.055897e-03
1.305914e+01 2.023460e-01 -3.164372e-03
1.305914e+01 2.834245e-01 -4.490334e-03
1.305914e+01 3.967448e-01 -6.166423e-03
1.305914e+01 5.552783e-01 -7.789959e-03
1.305914e+01 7.774819e-01 -9.292497e-03
1.305914e+01 1.088445e+00 -1.0313e-02
1.305914e+01 1.523711e+00 -1.132837e-02
1.305914e+01 2.088426e+00 -1.202839e-02
1.305914e+01 2.685505e+00 -1.059824e-02
1.334032e+01 1.570796e-02 -5.01286e-05
1.334032e+01 2.346256e-02 -3.939181e-05
1.334032e+01 3.503514e-02 -1.068043e-04
1.334032e+01 5.263151e-02 -3.593742e-04
1.334032e+01 7.314235e-02 -6.479316e-04
1.334032e+01 1.025928e-01 -1.191868e-03
1.334032e+01 1.448116e-01 -1.732766e-03
1.334032e+01 2.023460e-01 -2.672288e-03
1.334032e+01 2.834245e-01 -3.788230e-03
1.334032e+01 3.967448e-01 -5.217616e-03
1.334032e+01 5.552783e-01 -6.645926e-03
1.334032e+01 7.774819e-01 -8.025617e-03
1.334032e+01 1.088445e+00 -9.064385e-03
1.334032e+01 1.523711e+00 -1.010822e-02
1.334032e+01 2.088426e+00 -1.085597e-02
1.334032e+01 2.685505e+00 -9.605519e-03
1.362713e+01 1.570796e-02 -4.208475e-05
1.362713e+01 2.346256e-02 -3.301176e-05
1.362713e+01 3.503514e-02 -8.950943e-05
1.362713e+01 5.263151e-02 -2.994365e-04
1.362713e+01 7.314235e-02 -5.430716e-04
1.362713e+01 1.025928e-01 -9.989840e-04
1.362713e+01 1.448116e-01 -1.449521e-03
1.362713e+01 2.023460e-01 -2.241172e-03
1.362713e+01 2.834245e-01 -3.177081e-03
1.362713e+01 3.967448e-01 -4.394926e-03
1.362713e+01 5.552783e-01 -5.631199e-03
1.362713e+01 7.774819e-01 -6.886185e-03
1.362713e+01 1.088445e+00 -7.910638e-03
1.362713e+01 1.523711e+00 -8.96322e-03
1.362713e+01 2.088426e+00 -9.73151e-03
1.362713e+01 2.685505e+00 -8.648268e-03
1.391967e+01 1.570796e-02 -3.473420e-05
1.391967e+01 2.346256e-02 -2.806608e-05
1.391967e+01 3.503514e-02 -7.448265e-05
1.391967e+01 5.263151e-02 -2.486682e-04
1.391967e+01 7.314235e-02 -4.505888e-04
1.391967e+01 1.025928e-01 -8.316422e-04
1.391967e+01 1.448116e-01 -1.206832e-03
1.391967e+01 2.023460e-01 -1.870260e-03
1.391967e+01 2.834245e-01 -2.649387e-03
1.391967e+01 3.967448e-01 -3.679891e-03
1.391967e+01 5.552783e-01 -4.738088e-03
1.391967e+01 7.774819e-01 -5.860810e-03
1.391967e+01 1.088445e+00 -6.86587e-03
1.391967e+01 1.523711e+00 -7.90684e-03
1.391967e+01 2.088426e+00 -8.677941e-03
1.391967e+01 2.685505e+00 -7.749787e-03
1.421806e+01 1.570796e-02 -2.883423e-05
1.421806e+01 2.346256e-02 -2.329368e-05
1.421806e+01 3.503514e-02 -6.115205e-05
1.421806e+01 5.263151e-02 -2.059198e-04
1.421806e+01 7.314235e-02 -3.731199e-04
1.421806e+01 1.025928e-01 -6.886005e-04
1.421806e+01 1.448116e-01 -1.002190e-03
1.421806e+01 2.023460e-01 -1.55341e-03
1.421806e+01 2.834245e-01 -2.203478e-03
1.421806e+01 3.967448e-01 -3.064724e-03
1.421806e+01 5.552783e-01 -3.971326e-03
1.421806e+01 7.774819e-01 -4.967219e-03
1.421806e+01 1.088445e+00 -5.906231e-03
1.421806e+01 1.523711e+00 -6.908758e-03
1.421806e+01 2.088426e+00 -7.678141e-03
1.421806e+01 2.685505e+00 -6.912783e-03
1.452242e+01 1.570796e-02 -2.395265e-05
1.452242e+01 2.346256e-02 -1.938767e-05
1.452242e+01 3.503514e-02 -5.060416e-05
1.452242e+01 5.263151e-02 -1.704455e-04
1.452242e+01 7.314235e-02 -3.068303e-04
1.452242e+01 1.025928e-01 -5.717988e-04
1.452242e+01 1.448116e-01 -8.289071e-04
1.452242e+01 2.023460e-01 -1.283000e-03
1.452242e+01 2.834245e-01 -1.822132e-03
1.452242e+01 3.967448e-01 -2.543803e-03
1.452242e+01 5.552783e-01 -3.310649e-03
1.452242e+01 7.774819e-01 -4.192458e-03
1.452242e+01 1.088445e+00 -5.069112e-03
1.452242e+01 1.523711e+00 -6.015758e-03
1.452242e+01 2.088426e+00 -6.750624e-03
1.452242e+01 2.685505e+00 -6.108039e-03
1.483287e+01 1.570796e-02 -1.935571e-05
1.483287e+01 2.346256e-02 -1.573812e-05
1.483287e+01 3.503514e-02 -4.087059e-05
1.483287e+01 5.263151e-02 -1.395644e-04
1.483287e+01 7.314235e-02 -2.513444e-04
1.483287e+01 1.025928e-01 -4.696862e-04
1.483287e+01 1.448116e-01 -6.79623e-04
1.483287e+01 2.023460e-01 -1.052027e-03
1.483287e+01 2.834245e-01 -1.49631e-03
1.483287e+01 3.967448e-01 -2.096385e-03
1.483287e+01 5.552783e-01 -2.742167e-03
1.483287e+01 7.774819e-01 -3.511798e-03
1.483287e+01 1.088445e+00 -4.316919e-03
1.483287e+01 1.523711e+00 -5.202453e-03
1.483287e+01 2.088426e+00 -5.914078e-03
1.483287e+01 2.685505e+00 -5.383291e-03
1.514953e+01 1.570796e-02 -1.572352e-05
1.514953e+01 2.346256e-02 -1.274111e-05
1.514953e+01 3.503514e-02 -3.281527e-05
1.514953e+01 5.263151e-02 -1.132155e-04
1.514953e+01 7.314235e-02 -2.051063e-04
1.514953e+01 1.025928e-01 -3.837879e-04
1.514953e+01 1.448116e-01 -5.54184e-04
1.514953e+01 2.023460e-01 -8.600886e-04
1.514953e+01 2.834245e-01 -1.226145e-03
1.514953e+01 3.967448e-01 -1.71685e-03
1.514953e+01 5.552783e-01 -2.26232e-03
1.514953e+01 7.774819e-01 -2.933450e-03
1.514953e+01 1.088445e+00 -3.659731e-03
1.514953e+01 1.523711e+00 -4.478406e-03
1.514953e+01 2.088426e+00 -5.151459e-03
1.514953e+01 2.685505e+00 -4.714837e-03
1.547252e+01 1.570796e-02 -1.262188e-05
1.547252e+01 2.346256e-02 -1.042937e-05
1.547252e+01 3.503514e-02 -2.633650e-05
1.547252e+01 5.263151e-02 -9.196330e-05
1.547252e+01 7.314235e-02 -1.670537e-04
1.547252e+01 1.025928e-01 -3.109629e-04
1.547252e+01 1.448116e-01 -4.496611e-04
1.547252e+01 2.023460e-01 -6.945101e-04
1.547252e+01 2.834245e-01 -9.953772e-04
1.547252e+01 3.967448e-01 -1.396847e-03
1.547252e+01 5.552783e-01 -1.852888e-03
1.547252e+01 7.774819e-01 -2.427388e-03
1.547252e+01 1.088445e+00 -3.078756e-03
1.547252e+01 1.523711e+00 -3.816003e-03
1.547252e+01 2.088426e+00 -4.446378e-03
1.547252e+01 2.685505e+00 -4.104892e-03
1.580197e+01 1.570796e-02 -1.015553e-05
1.580197e+01 2.346256e-02 -8.641155e-06
1.580197e+01 3.503514e-02 -2.096320e-05
1.580197e+01 5.263151e-02 -7.384597e-05
1.580197e+01 7.314235e-02 -1.352787e-04
1.580197e+01 1.025928e-01 -2.508695e-04
1.580197e+01 1.448116e-01 -3.625677e-04
1.580197e+01 2.023460e-01 -5.595979e-04
1.580197e+01 2.834245e-01 -8.036445e-04
1.580197e+01 3.967448e-01 -1.131679e-03
1.580197e+01 5.552783e-01 -1.505485e-03
1.580197e+01 7.774819e-01 -1.998495e-03
1.580197e+01 1.088445e+00 -2.570078e-03
1.580197e+01 1.523711e+00 -3.241612e-03
1.580197e+01 2.088426e+00 -3.810424e-03
1.580197e+01 2.685505e+00 -3.533637e-03
1.613801e+01 1.570796e-02 -8.178612e-06
1.613801e+01 2.346256e-02 -6.699666e-06
1.613801e+01 3.503514e-02 -1.678145e-05
1.613801e+01 5.263151e-02 -5.870529e-05
1.613801e+01 7.314235e-02 -1.085759e-04
1.613801e+01 1.025928e-01 -2.005675e-04
1.613801e+01 1.448116e-01 -2.897253e-04
1.613801e+01 2.023460e-01 -4.487505e-04
1.613801e+01 2.834245e-01 -6.427618e-04
1.613801e+01 3.967448e-01 -9.081400e-04
1.613801e+01 5.552783e-01 -1.220019e-03
1.613801e+01 7.774819e-01 -1.636386e-03
1.613801e+01 1.088445e+00 -2.127503e-03
1.613801e+01 1.523711e+00 -2.725608e-03
1.613801e+01 2.088426e+00 -3.242122e-03
1.613801e+01 2.685505e+00 -3.035239e-03
1.648077e+01 1.570796e-02 -6.572588e-06
1.648077e+01 2.346256e-02 -5.348049e-06
1.648077e+01 3.503514e-02 -1.333444e-05
1.648077e+01 5.263151e-02 -4.702095e-05
1.648077e+01 7.314235e-02 -8.580167e-05
1.648077e+01 1.025928e-01 -1.599169e-04
1.648077e+01 1.448116e-01 -2.314996e-04
1.648077e+01 2.023460e-01 -3.583875e-04
1.648077e+01 2.834245e-01 -5.154954e-04
1.648077e+01 3.967448e-01 -7.273564e-04
1.648077e+01 5.552783e-01 -9.852922e-04
1.648077e+01 7.774819e-01 -1.333673e-03
1.648077e+01 1.088445e+00 -1.758149e-03
1.648077e+01 1.523711e+00 -2.283136e-03
1.648077e+01 2.088426e+00 -2.746292e-03
1.648077e+01 2.685505e+00 -2.595127e-03
1.683038e+01 1.570796e-02 -5.197954e-06
1.683038e+01 2.346256e-02 -4.260005e-06
1.683038e+01 3.503514e-02 -1.044519e-05
1.683038e+01 5.263151e-02 -3.742336e-05
1.683038e+01 7.314235e-02 -6.803677e-05
1.683038e+01 1.025928e-01 -1.265007e-04
1.683038e+01 1.448116e-01 -1.831130e-04
1.683038e+01 2.023460e-01 -2.834818e-04
1.683038e+01 2.834245e-01 -4.08681e-04
1.683038e+01 3.967448e-01 -5.786205e-04
1.683038e+01 5.552783e-01 -7.883946e-04
1.683038e+01 7.774819e-01 -1.078436e-03
1.683038e+01 1.088445e+00 -1.436925e-03
1.683038e+01 1.523711e+00 -1.889057e-03
1.683038e+01 2.088426e+00 -2.304452e-03
1.683038e+01 2.685505e+00 -2.204489e-03
1.718699e+01 1.570796e-02 -4.017734e-06
1.718699e+01 2.346256e-02 -3.292826e-06
1.718699e+01 3.503514e-02 -8.426959e-06
1.718699e+01 5.263151e-02 -2.961853e-05
1.718699e+01 7.314235e-02 -5.441803e-05
1.718699e+01 1.025928e-01 -9.951355e-05
1.718699e+01 1.448116e-01 -1.446185e-04
1.718699e+01 2.023460e-01 -2.246366e-04
1.718699e+01 2.834245e-01 -3.225060e-04
1.718699e+01 3.967448e-01 -4.589312e-04
1.718699e+01 5.552783e-01 -6.318903e-04
1.718699e+01 7.774819e-01 -8.697625e-04
1.718699e+01 1.088445e+00 -1.170505e-03
1.718699e+01 1.523711e+00 -1.559334e-03
1.718699e+01 2.088426e+00 -1.916344e-03
1.718699e+01 2.685505e+00 -1.84914e-03
1.755073e+01 1.570796e-02 -3.24793e-06
1.755073e+01 2.346256e-02 -2.679765e-06
1.755073e+01 3.503514e-02 -6.717338e-06
1.755073e+01 5.263151e-02 -2.278988e-05
1.755073e+01 7.314235e-02 -4.267501e-05
1.755073e+01 1.025928e-01 -7.75674e-05
1.755073e+01 1.448116e-01 -1.12734e-04
1.755073e+01 2.023460e-01 -1.767807e-04
1.755073e+01 2.834245e-01 -2.521299e-04
1.755073e+01 3.967448e-01 -3.602032e-04
1.755073e+01 5.552783e-01 -5.001758e-04
1.755073e+01 7.774819e-01 -6.950779e-04
1.755073e+01 1.088445e+00 -9.458396e-04
1.755073e+01 1.523711e+00 -1.272576e-03
1.755073e+01 2.088426e+00 -1.576379e-03
1.755073e+01 2.685505e+00 -1.517798e-03
1.792175e+01 1.570796e-02 -2.487246e-06
1.792175e+01 2.346256e-02 -1.998897e-06
1.792175e+01 3.503514e-02 -5.040441e-06
1.792175e+01 5.263151e-02 -1.777295e-05
1.792175e+01 7.314235e-02 -3.261796e-05
1.792175e+01 1.025928e-01 -5.976200e-05
1.792175e+01 1.448116e-01 -8.664020e-05
1.792175e+01 2.023460e-01 -1.36492e-04
1.792175e+01 2.834245e-01 -1.946957e-04
1.792175e+01 3.967448e-01 -2.789404e-04
1.792175e+01 5.552783e-01 -3.920357e-04
1.792175e+01 7.774819e-01 -5.481846e-04
1.792175e+01 1.088445e+00 -7.514573e-04
1.792175e+01 1.523711e+00 -1.025883e-03
1.792175e+01 2.088426e+00 -1.279058e-03
1.792175e+01 2.685505e+00 -1.232263e-03
1.830018e+01 1.570796e-02 -1.899651e-06
1.830018e+01 2.346256e-02 -1.537012e-06
1.830018e+01 3.503514e-02 -3.953638e-06
1.830018e+01 5.263151e-02 -1.354751e-05
1.830018e+01 7.314235e-02 -2.486765e-05
1.830018e+01 1.025928e-01 -4.608969e-05
1.830018e+01 1.448116e-01 -6.610568e-05
1.830018e+01 2.023460e-01 -1.054627e-04
1.830018e+01 2.834245e-01 -1.506237e-04
1.830018e+01 3.967448e-01 -2.147737e-04
1.830018e+01 5.552783e-01 -3.052677e-04
1.830018e+01 7.774819e-01 -4.314892e-04
1.830018e+01 1.088445e+00 -5.949265e-04
1.830018e+01 1.523711e+00 -8.202589e-04
1.830018e+01 2.088426e+00 -1.026607e-03
1.830018e+01 2.685505e+00 -9.781421e-04
1.868618e+01 1.570796e-02 -1.448974e-06
1.868618e+01 2.346256e-02 -1.186746e-06
1.868618e+01 3.503514e-02 -2.964543e-06
1.868618e+01 5.263151e-02 -1.052122e-05
1.868618e+01 7.314235e-02 -1.872279e-05
1.868618e+01 1.025928e-01 -3.520551e-05
1.868618e+01 1.448116e-01 -5.011313e-05
1.868618e+01 2.023460e-01 -8.058068e-05
1.868618e+01 2.834245e-01 -1.152689e-04
1.868618e+01 3.967448e-01 -1.643209e-04
1.868618e+01 5.552783e-01 -2.364535e-04
1.868618e+01 7.774819e-01 -3.351367e-04
1.868618e+01 1.088445e+00 -4.680714e-04
1.868618e+01 1.523711e+00 -6.4974e-04
1.868618e+01 2.088426e+00 -8.174294e-04
1.868618e+01 2.685505e+00 -7.781777e-04
1.907991e+01 1.570796e-02 -1.076114e-06
1.907991e+01 2.346256e-02 -8.935962e-07
1.907991e+01 3.503514e-02 -2.230607e-06
1.907991e+01 5.263151e-02 -8.027067e-06
1.907991e+01 7.314235e-02 -1.435426e-05
1.907991e+01 1.025928e-01 -2.664715e-05
1.907991e+01 1.448116e-01 -3.79968e-05
1.907991e+01 2.023460e-01 -6.060416e-05
1.907991e+01 2.834245e-01 -8.737227e-05
1.907991e+01 3.967448e-01 -1.252313e-04
1.907991e+01 5.552783e-01 -1.810287e-04
1.907991e+01 7.774819e-01 -2.587356e-04
1.907991e+01 1.088445e+00 -3.628030e-04
1.907991e+01 1.523711e+00 -5.051845e-04
1.907991e+01 2.088426e+00 -6.375226e-04
1.907991e+01 2.685505e+00 -6.056962e-04
1.948151e+01 1.570796e-02 -7.999460e-07
1.948151e+01 2.346256e-02 -6.709423e-07
1.948151e+01 3.503514e-02 -1.703924e-06
1.948151e+01 5.263151e-02 -6.024834e-06
1.948151e+01 7.314235e-02 -1.051719e-05
1.948151e+01 1.025928e-01 -1.981087e-05
1.948151e+01 1.448116e-01 -2.842501e-05
1.948151e+01 2.023460e-01 -4.511265e-05
1.948151e+01 2.834245e-01 -6.459867e-05
1.948151e+01 3.967448e-01 -9.363303e-05
1.948151e+01 5.552783e-01 -1.366026e-04
1.948151e+01 7.774819e-01 -1.960547e-04
1.948151e+01 1.088445e+00 -2.747451e-04
1.948151e+01 1.523711e+00 -3.864860e-04
1.948151e+01 2.088426e+00 -4.898244e-04
1.948151e+01 2.685505e+00 -4.601861e-04
1.989114e+01 1.570796e-02 -5.833297e-07
1.989114e+01 2.346256e-02 -4.79842e-07
1.989114e+01 3.503514e-02 -1.183812e-06
1.989114e+01 5.263151e-02 -4.392081e-06
1.989114e+01 7.314235e-02 -7.668860e-06
1.989114e+01 1.025928e-01 -1.445862e-05
1.989114e+01 1.448116e-01 -2.074821e-05
1.989114e+01 2.023460e-01 -3.284264e-05
1.989114e+01 2.834245e-01 -4.737789e-05
1.989114e+01 3.967448e-01 -6.859758e-05
1.989114e+01 5.552783e-01 -9.996117e-05
1.989114e+01 7.774819e-01 -1.443771e-04
1.989114e+01 1.088445e+00 -2.037312e-04
1.989114e+01 1.523711e+00 -2.891582e-04
1.989114e+01 2.088426e+00 -3.6902e-04
1.989114e+01 2.685505e+00 -3.460421e-04
2.030896e+01 1.570796e-02 -4.360329e-07
2.030896e+01 2.346256e-02 -3.698032e-07
2.030896e+01 3.503514e-02 -9.006926e-07
2.030896e+01 5.263151e-02 -3.164890e-06
2.030896e+01 7.314235e-02 -5.661267e-06
2.030896e+01 1.025928e-01 -1.029184e-05
2.030896e+01 1.448116e-01 -1.476366e-05
2.030896e+01 2.023460e-01 -2.365445e-05
2.030896e+01 2.834245e-01 -3.423213e-05
2.030896e+01 3.967448e-01 -4.955105e-05
2.030896e+01 5.552783e-01 -7.284921e-05
2.030896e+01 7.774819e-01 -1.05699e-04
2.030896e+01 1.088445e+00 -1.486319e-04
2.030896e+01 1.523711e+00 -2.130734e-04
2.030896e+01 2.088426e+00 -2.719381e-04
2.030896e+01 2.685505e+00 -2.593358e-04
2.073514e+01 1.570796e-02 -3.074894e-07
2.073514e+01 2.346256e-02 -2.436417e-07
2.073514e+01 3.503514e-02 -6.240516e-07
2.073514e+01 5.263151e-02 -2.217186e-06
2.073514e+01 7.314235e-02 -4.119194e-06
2.073514e+01 1.025928e-01 -7.275364e-06
2.073514e+01 1.448116e-01 -1.034491e-05
2.073514e+01 2.023460e-01 -1.675192e-05
2.073514e+01 2.834245e-01 -2.440784e-05
2.073514e+01 3.967448e-01 -3.537446e-05
2.073514e+01 5.552783e-01 -5.219126e-05
2.073514e+01 7.774819e-01 -7.611897e-05
2.073514e+01 1.088445e+00 -1.069801e-04
2.073514e+01 1.523711e+00 -1.545583e-04
2.073514e+01 2.088426e+00 -1.992762e-04
2.073514e+01 2.685505e+00 -1.917236e-04
2.116984e+01 1.570796e-02 -2.169447e-07
2.116984e+01 2.346256e-02 -1.696271e-07
2.116984e+01 3.503514e-02 -4.229013e-07
2.116984e+01 5.263151e-02 -1.563834e-06
2.116984e+01 7.314235e-02 -2.88959e-06
2.116984e+01 1.025928e-01 -5.116657e-06
2.116984e+01 1.448116e-01 -7.334488e-06
2.116984e+01 2.023460e-01 -1.161996e-05
2.116984e+01 2.834245e-01 -1.693363e-05
2.116984e+01 3.967448e-01 -2.489129e-05
2.116984e+01 5.552783e-01 -3.675288e-05
2.116984e+01 7.774819e-01 -5.39166e-05
2.116984e+01 1.088445e+00 -7.631979e-05
2.116984e+01 1.523711e+00 -1.105437e-04
2.116984e+01 2.088426e+00 -1.422711e-04
2.116984e+01 2.685505e+00 -1.402044e-04
2.161324e+01 1.570796e-02 -1.710634e-07
2.161324e+01 2.346256e-02 -1.052983e-07
2.161324e+01 3.503514e-02 -2.882757e-07
2.161324e+01 5.263151e-02 -1.112214e-06
2.161324e+01 7.314235e-02 -2.007974e-06
2.161324e+01 1.025928e-01 -3.525598e-06
2.161324e+01 1.448116e-01 -5.082834e-06
2.161324e+01 2.023460e-01 -8.022748e-06
2.161324e+01 2.834245e-01 -1.173627e-05
2.161324e+01 3.967448e-01 -1.738722e-05
2.161324e+01 5.552783e-01 -2.575286e-05
2.161324e+01 7.774819e-01 -3.778294e-05
2.161324e+01 1.088445e+00 -5.388839e-05
2.161324e+01 1.523711e+00 -7.806660e-05
2.161324e+01 2.088426e+00 -1.004796e-04
2.161324e+01 2.685505e+00 -9.650272e-05
2.206550e+01 1.570796e-02 -1.147331e-07
2.206550e+01 2.346256e-02 -7.880987e-08
2.206550e+01 3.503514e-02 -1.885793e-07
2.206550e+01 5.263151e-02 -7.285176e-07
2.206550e+01 7.314235e-02 -1.336774e-06
2.206550e+01 1.025928e-01 -2.378960e-06
2.206550e+01 1.448116e-01 -3.328545e-06
2.206550e+01 2.023460e-01 -5.317266e-06
2.206550e+01 2.834245e-01 -7.838319e-06
2.206550e+01 3.967448e-01 -1.14706e-05
2.206550e+01 5.552783e-01 -1.727066e-05
2.206550e+01 7.774819e-01 -2.540928e-05
2.206550e+01 1.088445e+00 -3.666238e-05
2.206550e+01 1.523711e+00 -5.312523e-05
2.206550e+01 2.088426e+00 -6.976471e-05
2.206550e+01 2.685505e+00 -6.728404e-05
2.252681e+01 1.570796e-02 -7.525711e-08
2.252681e+01 2.346256e-02 -5.235958e-08
2.252681e+01 3.503514e-02 -1.169245e-07
2.252681e+01 5.263151e-02 -4.943903e-07
2.252681e+01 7.314235e-02 -9.001814e-07
2.252681e+01 1.025928e-01 -1.577050e-06
2.252681e+01 1.448116e-01 -2.206819e-06
2.252681e+01 2.023460e-01 -3.518029e-06
2.252681e+01 2.834245e-01 -5.179222e-06
2.252681e+01 3.967448e-01 -7.687020e-06
2.252681e+01 5.552783e-01 -1.148111e-05
2.252681e+01 7.774819e-01 -1.713349e-05
2.252681e+01 1.088445e+00 -2.477402e-05
2.252681e+01 1.523711e+00 -3.622910e-05
2.252681e+01 2.088426e+00 -4.702277e-05
2.252681e+01 2.685505e+00 -4.499494e-05
2.299735e+01 1.570796e-02 -5.130625e-08
2.299735e+01 2.346256e-02 -3.346504e-08
2.299735e+01 3.503514e-02 -7.295499e-08
2.299735e+01 5.263151e-02 -3.168287e-07
2.299735e+01 7.314235e-02 -5.78359e-07
2.299735e+01 1.025928e-01 -9.522535e-07
2.299735e+01 1.448116e-01 -1.400555e-06
2.299735e+01 2.023460e-01 -2.218332e-06
2.299735e+01 2.834245e-01 -3.304174e-06
2.299735e+01 3.967448e-01 -4.955102e-06
2.299735e+01 5.552783e-01 -7.327382e-06
2.299735e+01 7.774819e-01 -1.117509e-05
2.299735e+01 1.088445e+00 -1.606296e-05
2.299735e+01 1.523711e+00 -2.368345e-05
2.299735e+01 2.088426e+00 -3.096476e-05
2.299735e+01 2.685505e+00 -2.934086e-05
2.34773e+01 1.570796e-02 -3.341625e-08
2.34773e+01 2.346256e-02 -2.638290e-08
2.34773e+01 3.503514e-02 -4.947372e-08
2.34773e+01 5.263151e-02 -1.900162e-07
2.34773e+01 7.314235e-02 -3.632562e-07
2.34773e+01 1.025928e-01 -6.002147e-07
2.34773e+01 1.448116e-01 -8.546579e-07
2.34773e+01 2.023460e-01 -1.375511e-06
2.34773e+01 2.834245e-01 -2.070247e-06
2.34773e+01 3.967448e-01 -3.011707e-06
2.34773e+01 5.552783e-01 -4.609573e-06
2.34773e+01 7.774819e-01 -7.123040e-06
2.34773e+01 1.088445e+00 -1.022681e-05
2.34773e+01 1.523711e+00 -1.510491e-05
2.34773e+01 2.088426e+00 -1.988592e-05
2.34773e+01 2.685505e+00 -1.888950e-05
2.396684e+01 1.570796e-02 -2.386235e-08
2.396684e+01 2.346256e-02 -1.630640e-08
2.396684e+01 3.503514e-02 -3.722033e-08
2.396684e+01 5.263151e-02 -1.12871e-07
2.396684e+01 7.314235e-02 -2.243996e-07
2.396684e+01 1.025928e-01 -3.877952e-07
2.396684e+01 1.448116e-01 -5.150499e-07
2.396684e+01 2.023460e-01 -8.638011e-07
2.396684e+01 2.834245e-01 -1.290738e-06
2.396684e+01 3.967448e-01 -1.855900e-06
2.396684e+01 5.552783e-01 -2.878714e-06
2.396684e+01 7.774819e-01 -4.454509e-06
2.396684e+01 1.088445e+00 -6.472561e-06
2.396684e+01 1.523711e+00 -9.623824e-06
2.396684e+01 2.088426e+00 -1.277820e-05
2.396684e+01 2.685505e+00 -1.205538e-05
2.446618e+01 1.570796e-02 6.123116e-10
2.446618e+01 2.346256e-02 5.040144e-10
2.446618e+01 3.503514e-02 1.451584e-09
2.446618e+01 5.263151e-02 4.311307e-09
2.446618e+01 7.314235e-02 8.073044e-09
2.446618e+01 1.025928e-01 1.438342e-08
2.446618e+01 1.448116e-01 2.131328e-08
2.446618e+01 2.023460e-01 3.217712e-08
2.446618e+01 2.834245e-01 4.782523e-08
2.446618e+01 3.967448e-01 7.020948e-08
2.446618e+01 5.552783e-01 9.974571e-08
2.446618e+01 7.774819e-01 1.313838e-07
2.446618e+01 1.088445e+00 1.500459e-07
2.446618e+01 1.523711e+00 1.372377e-07
2.446618e+01 2.088426e+00 9.64145e-08
2.446618e+01 2.685505e+00 4.58956e-08
2.497550e+01 1.570796e-02 5.696604e-10
2.497550e+01 2.346256e-02 4.675721e-10
2.497550e+01 3.503514e-02 1.352400e-09
2.497550e+01 5.263151e-02 4.008777e-09
2.497550e+01 7.314235e-02 7.509245e-09
2.497550e+01 1.025928e-01 1.338702e-08
2.497550e+01 1.448116e-01 1.985619e-08
2.497550e+01 2.023460e-01 3.004386e-08
2.497550e+01 2.834245e-01 4.489987e-08
2.497550e+01 3.967448e-01 6.63185e-08
2.497550e+01 5.552783e-01 9.484688e-08
2.497550e+01 7.774819e-01 1.256204e-07
2.497550e+01 1.088445e+00 1.445331e-07
2.497550e+01 1.523711e+00 1.342487e-07
2.497550e+01 2.088426e+00 9.638338e-08
2.497550e+01 2.685505e+00 4.680371e-08
2.549501e+01 1.570796e-02 5.274561e-10
2.549501e+01 2.346256e-02 4.316985e-10
2.549501e+01 3.503514e-02 1.254217e-09
2.549501e+01 5.263151e-02 3.711600e-09
2.549501e+01 7.314235e-02 6.958546e-09
2.549501e+01 1.025928e-01 1.240849e-08
2.549501e+01 1.448116e-01 1.842777e-08
2.549501e+01 2.023460e-01 2.794687e-08
2.549501e+01 2.834245e-01 4.200798e-08
2.549501e+01 3.967448e-01 6.242884e-08
2.549501e+01 5.552783e-01 8.984386e-08
2.549501e+01 7.774819e-01 1.195537e-07
2.549501e+01 1.088445e+00 1.387513e-07
2.549501e+01 1.523711e+00 1.309857e-07
2.549501e+01 2.088426e+00 9.624565e-08
2.549501e+01 2.685505e+00 4.783239e-08
2.602491e+01 1.570796e-02 4.8607e-10
2.602491e+01 2.346256e-02 3.965907e-10
2.602491e+01 3.503514e-02 1.157572e-09
2.602491e+01 5.263151e-02 3.420992e-09
2.602491e+01 7.314235e-02 6.418934e-09
2.602491e+01 1.025928e-01 1.145015e-08
2.602491e+01 1.448116e-01 1.703238e-08
2.602491e+01 2.023460e-01 2.589177e-08
2.602491e+01 2.834245e-01 3.91581e-08
2.602491e+01 3.967448e-01 5.851332e-08
2.602491e+01 5.552783e-01 8.46887e-08
2.602491e+01 7.774819e-01 1.132919e-07
2.602491e+01 1.088445e+00 1.326226e-07
2.602491e+01 1.523711e+00 1.274333e-07
2.602491e+01 2.088426e+00 9.608878e-08
2.602491e+01 2.685505e+00 4.897095e-08
2.656541e+01 1.570796e-02 4.455532e-10
2.656541e+01 2.346256e-02 3.624003e-10
2.656541e+01 3.503514e-02 1.063024e-09
2.656541e+01 5.263151e-02 3.137873e-09
2.656541e+01 7.314235e-02 5.891954e-09
2.656541e+01 1.025928e-01 1.051566e-08
2.656541e+01 1.448116e-01 1.566776e-08
2.656541e+01 2.023460e-01 2.388263e-08
2.656541e+01 2.834245e-01 3.633397e-08
2.656541e+01 3.967448e-01 5.460864e-08
2.656541e+01 5.552783e-01 7.944603e-08
2.656541e+01 7.774819e-01 1.068102e-07
2.656541e+01 1.088445e+00 1.262059e-07
2.656541e+01 1.523711e+00 1.236328e-07
2.656541e+01 2.088426e+00 9.584177e-08
2.656541e+01 2.685505e+00 5.047240e-08
2.711672e+01 1.570796e-02 4.061537e-10
2.711672e+01 2.346256e-02 3.292617e-10
2.711672e+01 3.503514e-02 9.705614e-10
2.711672e+01 5.263151e-02 2.861591e-09
2.711672e+01 7.314235e-02 5.379901e-09
2.711672e+01 1.025928e-01 9.605409e-09
2.711672e+01 1.448116e-01 1.433417e-08
2.711672e+01 2.023460e-01 2.191541e-08
2.711672e+01 2.834245e-01 3.352922e-08
2.711672e+01 3.967448e-01 5.067872e-08
2.711672e+01 5.552783e-01 7.409904e-08
2.711672e+01 7.774819e-01 1.001375e-07
2.711672e+01 1.088445e+00 1.194662e-07
2.711672e+01 1.523711e+00 1.194514e-07
2.711672e+01 2.088426e+00 9.530086e-08
2.711672e+01 2.685505e+00 5.231218e-08
2.767905e+01 1.570796e-02 3.677509e-10
2.767905e+01 2.346256e-02 2.965958e-10
2.767905e+01 3.503514e-02 8.807288e-10
2.767905e+01 5.263151e-02 2.592609e-09
2.767905e+01 7.314235e-02 4.880296e-09
2.767905e+01 1.025928e-01 8.718497e-09
2.767905e+01 1.448116e-01 1.303464e-08
2.767905e+01 2.023460e-01 1.997926e-08
2.767905e+01 2.834245e-01 3.076157e-08
2.767905e+01 3.967448e-01 4.673909e-08
2.767905e+01 5.552783e-01 6.862349e-08
2.767905e+01 7.774819e-01 9.317874e-08
2.767905e+01 1.088445e+00 1.123613e-07
2.767905e+01 1.523711e+00 1.148021e-07
2.767905e+01 2.088426e+00 9.454956e-08
2.767905e+01 2.685505e+00 5.445013e-08
2.825263e+01 1.570796e-02 3.304893e-10
2.825263e+01 2.346256e-02 2.653334e-10
2.825263e+01 3.503514e-02 7.925894e-10
2.825263e+01 5.263151e-02 2.331449e-09
2.825263e+01 7.314235e-02 4.395571e-09
2.825263e+01 1.025928e-01 7.855594e-09
2.825263e+01 1.448116e-01 1.176371e-08
2.825263e+01 2.023460e-01 1.808735e-08
2.825263e+01 2.834245e-01 2.80153e-08
2.825263e+01 3.967448e-01 4.276685e-08
2.825263e+01 5.552783e-01 6.303556e-08
2.825263e+01 7.774819e-01 8.604048e-08
2.825263e+01 1.088445e+00 1.048553e-07
2.825263e+01 1.523711e+00 1.095729e-07
2.825263e+01 2.088426e+00 9.340387e-08
2.825263e+01 2.685505e+00 5.668507e-08
2.883769e+01 1.570796e-02 2.942809e-10
2.883769e+01 2.346256e-02 2.348794e-10
2.883769e+01 3.503514e-02 7.069952e-10
2.883769e+01 5.263151e-02 2.076873e-09
2.883769e+01 7.314235e-02 3.923358e-09
2.883769e+01 1.025928e-01 7.014216e-09
2.883769e+01 1.448116e-01 1.05226e-08
2.883769e+01 2.023460e-01 1.622597e-08
2.883769e+01 2.834245e-01 2.528576e-08
2.883769e+01 3.967448e-01 3.876264e-08
2.883769e+01 5.552783e-01 5.732744e-08
2.883769e+01 7.774819e-01 7.867819e-08
2.883769e+01 1.088445e+00 9.700388e-08
2.883769e+01 1.523711e+00 1.037042e-07
2.883769e+01 2.088426e+00 9.173926e-08
2.883769e+01 2.685505e+00 5.917935e-08
2.943444e+01 1.570796e-02 2.591398e-10
2.943444e+01 2.346256e-02 2.055423e-10
2.943444e+01 3.503514e-02 6.234246e-10
2.943444e+01 5.263151e-02 1.829716e-09
2.943444e+01 7.314235e-02 3.462905e-09
2.943444e+01 1.025928e-01 6.194832e-09
2.943444e+01 1.448116e-01 9.310956e-09
2.943444e+01 2.023460e-01 1.440026e-08
2.943444e+01 2.834245e-01 2.25687e-08
2.943444e+01 3.967448e-01 3.473561e-08
2.943444e+01 5.552783e-01 5.154326e-08
2.943444e+01 7.774819e-01 7.113502e-08
2.943444e+01 1.088445e+00 8.870612e-08
2.943444e+01 1.523711e+00 9.71357e-08
2.943444e+01 2.088426e+00 8.940358e-08
2.943444e+01 2.685505e+00 6.166424e-08
3.004313e+01 1.570796e-02 2.24971e-10
3.004313e+01 2.346256e-02 1.772410e-10
3.004313e+01 3.503514e-02 5.42127e-10
3.004313e+01 5.263151e-02 1.589423e-09
3.004313e+01 7.314235e-02 3.014797e-09
3.004313e+01 1.025928e-01 5.396167e-09
3.004313e+01 1.448116e-01 8.124253e-09
3.004313e+01 2.023460e-01 1.260507e-08
3.004313e+01 2.834245e-01 1.986233e-08
3.004313e+01 3.967448e-01 3.068909e-08
3.004313e+01 5.552783e-01 4.565894e-08
3.004313e+01 7.774819e-01 6.336801e-08
3.004313e+01 1.088445e+00 7.997437e-08
3.004313e+01 1.523711e+00 8.973089e-08
3.004313e+01 2.088426e+00 8.611523e-08
3.004313e+01 2.685505e+00 6.381815e-08
3.066399e+01 1.570796e-02 1.91807e-10
3.066399e+01 2.346256e-02 1.499267e-10
3.066399e+01 3.503514e-02 4.631867e-10
3.066399e+01 5.263151e-02 1.355641e-09
3.066399e+01 7.314235e-02 2.577172e-09
3.066399e+01 1.025928e-01 4.616990e-09
3.066399e+01 1.448116e-01 6.962873e-09
3.066399e+01 2.023460e-01 1.083842e-08
3.066399e+01 2.834245e-01 1.716589e-08
3.066399e+01 3.967448e-01 2.660631e-08
3.066399e+01 5.552783e-01 3.969164e-08
3.066399e+01 7.774819e-01 5.539448e-08
3.066399e+01 1.088445e+00 7.077045e-08
3.066399e+01 1.523711e+00 8.140818e-08
3.066399e+01 2.088426e+00 8.165664e-08
3.066399e+01 2.685505e+00 6.547093e-08
3.129727e+01 1.570796e-02 1.596173e-10
3.129727e+01 2.346256e-02 1.23848e-10
3.129727e+01 3.503514e-02 3.861620e-10
3.129727e+01 5.263151e-02 1.128771e-09
3.129727e+01 7.314235e-02 2.151705e-09
3.129727e+01 1.025928e-01 3.855318e-09
3.129727e+01 1.448116e-01 5.827206e-09
3.129727e+01 2.023460e-01 9.09601e-09
3.129727e+01 2.834245e-01 1.447925e-08
3.129727e+01 3.967448e-01 2.251297e-08
3.129727e+01 5.552783e-01 3.365565e-08
3.129727e+01 7.774819e-01 4.722262e-08
3.129727e+01 1.088445e+00 6.107277e-08
3.129727e+01 1.523711e+00 7.20851e-08
3.129727e+01 2.088426e+00 7.575774e-08
3.129727e+01 2.685505e+00 6.578627e-08
3.194322e+01 1.570796e-02 1.283751e-10
3.194322e+01 2.346256e-02 9.879699e-11
3.194322e+01 3.503514e-02 3.111003e-10
3.194322e+01 5.263151e-02 9.080107e-10
3.194322e+01 7.314235e-02 1.735818e-09
3.194322e+01 1.025928e-01 3.112019e-09
3.194322e+01 1.448116e-01 4.712829e-09
3.194322e+01 2.023460e-01 7.377047e-09
3.194322e+01 2.834245e-01 1.179997e-08
3.194322e+01 3.967448e-01 1.839433e-08
3.194322e+01 5.552783e-01 2.755720e-08
3.194322e+01 7.774819e-01 3.886924e-08
3.194322e+01 1.088445e+00 5.087604e-08
3.194322e+01 1.523711e+00 6.168363e-08
3.194322e+01 2.088426e+00 6.809189e-08
3.194322e+01 2.685505e+00 6.410435e-08
3.260208e+01 1.570796e-02 9.819364e-11
3.260208e+01 2.346256e-02 7.486709e-11
3.260208e+01 3.503514e-02 2.380956e-10
3.260208e+01 5.263151e-02 6.943594e-10
3.260208e+01 7.314235e-02 1.330236e-09
3.260208e+01 1.025928e-01 2.385733e-09
3.260208e+01 1.448116e-01 3.620762e-09
3.260208e+01 2.023460e-01 5.686055e-09
3.260208e+01 2.834245e-01 9.136351e-09
3.260208e+01 3.967448e-01 1.42701e-08
3.260208e+01 5.552783e-01 2.141079e-08
3.260208e+01 7.774819e-01 3.035098e-08
3.260208e+01 1.088445e+00 4.019043e-08
3.260208e+01 1.523711e+00 5.007621e-08
3.260208e+01 2.088426e+00 5.819030e-08
3.260208e+01 2.685505e+00 5.939909e-08
3.327412e+01 1.570796e-02 6.878315e-11
3.327412e+01 2.346256e-02 5.180335e-11
3.327412e+01 3.503514e-02 1.669489e-10
3.327412e+01 5.263151e-02 4.860948e-10
3.327412e+01 7.314235e-02 9.343635e-10
3.327412e+01 1.025928e-01 1.677074e-09
3.327412e+01 1.448116e-01 2.550010e-09
3.327412e+01 2.023460e-01 4.016427e-09
3.327412e+01 2.834245e-01 6.482698e-09
3.327412e+01 3.967448e-01 1.01449e-08
3.327412e+01 5.552783e-01 1.524941e-08
3.327412e+01 7.774819e-01 2.171161e-08
3.327412e+01 1.088445e+00 2.908171e-08
3.327412e+01 1.523711e+00 3.723191e-08
3.327412e+01 2.088426e+00 4.561272e-08
3.327412e+01 2.685505e+00 5.046025e-08
3.395961e+01 1.570796e-02 4.130406e-11
3.395961e+01 2.346256e-02 3.103096e-11
3.395961e+01 3.503514e-02 1.006059e-10
3.395961e+01 5.263151e-02 2.927299e-10
3.395961e+01 7.314235e-02 5.629281e-10
3.395961e+01 1.025928e-01 1.010542e-09
3.395961e+01 1.448116e-01 1.538406e-09
3.395961e+01 2.023460e-01 2.423585e-09
3.395961e+01 2.834245e-01 3.911397e-09
3.395961e+01 3.967448e-01 6.102358e-09
3.395961e+01 5.552783e-01 9.142441e-09
3.395961e+01 7.774819e-01 1.302459e-08
3.395961e+01 1.088445e+00 1.759451e-08
3.395961e+01 1.523711e+00 2.309835e-08
3.395961e+01 2.088426e+00 2.97492e-08
3.395961e+01 2.685505e+00 3.525772e-08
3.46588e+01 1.570796e-02 1.265554e-11
3.46588e+01 2.346256e-02 1.021649e-11
3.46588e+01 3.503514e-02 3.174427e-11
3.46588e+01 5.263151e-02 9.045221e-11
3.46588e+01 7.314235e-02 1.764643e-10
3.46588e+01 1.025928e-01 3.193450e-10
3.46588e+01 1.448116e-01 4.910316e-10
3.46588e+01 2.023460e-01 7.746985e-10
3.46588e+01 2.834245e-01 1.267102e-09
3.46588e+01 3.967448e-01 1.982678e-09
3.46588e+01 5.552783e-01 2.985361e-09
3.46588e+01 7.774819e-01 4.275579e-09
3.46588e+01 1.088445e+00 5.833095e-09
3.46588e+01 1.523711e+00 7.813132e-09
3.46588e+01 2.088426e+00 1.053848e-08
3.46588e+01 2.685505e+00 1.336683e-08
3.537197e+01 1.570796e-02 0.e+00
3.537197e+01 2.346256e-02 0.e+00
3.537197e+01 3.503514e-02 0.e+00
3.537197e+01 5.263151e-02 0.e+00
3.537197e+01 7.314235e-02 0.e+00
3.537197e+01 1.025928e-01 0.e+00
3.537197e+01 1.448116e-01 0.e+00
3.537197e+01 2.023460e-01 0.e+00
3.537197e+01 2.834245e-01 0.e+00
3.537197e+01 3.967448e-01 0.e+00
3.537197e+01 5.552783e-01 0.e+00
3.537197e+01 7.774819e-01 0.e+00
3.537197e+01 1.088445e+00 0.e+00
3.537197e+01 1.523711e+00 0.e+00
3.537197e+01 2.088426e+00 0.e+00
3.537197e+01 2.685505e+00 0.e+00
