5.e+00 1.570796e-02 0.e+00
5.e+00 2.346256e-02 0.e+00
5.e+00 3.503514e-02 0.e+00
5.e+00 5.263151e-02 0.e+00
5.e+00 7.314235e-02 0.e+00
5.e+00 1.025928e-01 0.e+00
5.e+00 1.448116e-01 0.e+00
5.e+00 2.023460e-01 0.e+00
5.e+00 2.834245e-01 0.e+00
5.e+00 3.967448e-01 0.e+00
5.e+00 5.552783e-01 0.e+00
5.e+00 7.774819e-01 0.e+00
5.e+00 1.088445e+00 0.e+00
5.e+00 1.523711e+00 0.e+00
5.e+00 2.088426e+00 0.e+00
5.e+00 2.685505e+00 0.e+00
5.12e+00 1.570796e-02 0.e+00
5.12e+00 2.346256e-02 0.e+00
5.12e+00 3.503514e-02 0.e+00
5.12e+00 5.263151e-02 0.e+00
5.12e+00 7.314235e-02 0.e+00
5.12e+00 1.025928e-01 0.e+00
5.12e+00 1.448116e-01 0.e+00
5.12e+00 2.023460e-01 0.e+00
5.12e+00 2.834245e-01 0.e+00
5.12e+00 3.967448e-01 0.e+00
5.12e+00 5.552783e-01 0.e+00
5.12e+00 7.774819e-01 0.e+00
5.12e+00 1.088445e+00 0.e+00
5.12e+00 1.523711e+00 0.e+00
5.12e+00 2.088426e+00 0.e+00
5.12e+00 2.685505e+00 0.e+00
5.2424e+00 1.570796e-02 0.e+00
5.2424e+00 2.346256e-02 0.e+00
5.2424e+00 3.503514e-02 0.e+00
5.2424e+00 5.263151e-02 0.e+00
5.2424e+00 7.314235e-02 0.e+00
5.2424e+00 1.025928e-01 0.e+00
5.2424e+00 1.448116e-01 0.e+00
5.2424e+00 2.023460e-01 0.e+00
5.2424e+00 2.834245e-01 0.e+00
5.2424e+00 3.967448e-01 0.e+00
5.2424e+00 5.552783e-01 0.e+00
5.2424e+00 7.774819e-01 0.e+00
5.2424e+00 1.088445e+00 0.e+00
5.2424e+00 1.523711e+00 0.e+00
5.2424e+00 2.088426e+00 0.e+00
5.2424e+00 2.685505e+00 0.e+00
5.367248e+00 1.570796e-02 0.e+00
5.367248e+00 2.346256e-02 0.e+00
5.367248e+00 3.503514e-02 0.e+00
5.367248e+00 5.263151e-02 0.e+00
5.367248e+00 7.314235e-02 0.e+00
5.367248e+00 1.025928e-01 0.e+00
5.367248e+00 1.448116e-01 0.e+00
5.367248e+00 2.023460e-01 0.e+00
5.367248e+00 2.834245e-01 0.e+00
5.367248e+00 3.967448e-01 0.e+00
5.367248e+00 5.552783e-01 0.e+00
5.367248e+00 7.774819e-01 0.e+00
5.367248e+00 1.088445e+00 0.e+00
5.367248e+00 1.523711e+00 0.e+00
5.367248e+00 2.088426e+00 0.e+00
5.367248e+00 2.685505e+00 0.e+00
5.494593e+00 1.570796e-02 -5.076335e-05
5.494593e+00 2.346256e-02 2.677388e-07
5.494593e+00 3.503514e-02 7.122683e-06
5.494593e+00 5.263151e-02 -2.018713e-04
5.494593e+00 7.314235e-02 -9.783412e-05
5.494593e+00 1.025928e-01 -1.616455e-05
5.494593e+00 1.448116e-01 -6.716347e-05
5.494593e+00 2.023460e-01 -8.423013e-05
5.494593e+00 2.834245e-01 -5.183844e-05
5.494593e+00 3.967448e-01 -3.505617e-05
5.494593e+00 5.552783e-01 -4.508795e-05
5.494593e+00 7.774819e-01 -4.154343e-05
5.494593e+00 1.088445e+00 -3.983963e-05
5.494593e+00 1.523711e+00 -4.006719e-05
5.494593e+00 2.088426e+00 -4.326076e-05
5.494593e+00 2.685505e+00 -4.573934e-05
5.624485e+00 1.570796e-02 -2.228996e-04
5.624485e+00 2.346256e-02 -6.437244e-05
5.624485e+00 3.503514e-02 -1.738180e-04
5.624485e+00 5.263151e-02 -5.891010e-04
5.624485e+00 7.314235e-02 -7.675423e-04
5.624485e+00 1.025928e-01 -4.976091e-04
5.624485e+00 1.448116e-01 -3.461968e-04
5.624485e+00 2.023460e-01 -4.076413e-04
5.624485e+00 2.834245e-01 -3.242329e-04
5.624485e+00 3.967448e-01 -3.14922e-04
5.624485e+00 5.552783e-01 -2.790846e-04
5.624485e+00 7.774819e-01 -2.596238e-04
5.624485e+00 1.088445e+00 -2.217235e-04
5.624485e+00 1.523711e+00 -2.092555e-04
5.624485e+00 2.088426e+00 -2.300436e-04
5.624485e+00 2.685505e+00 -2.46926e-04
5.756975e+00 1.570796e-02 -6.553423e-04
5.756975e+00 2.346256e-02 -2.060048e-04
5.756975e+00 3.503514e-02 -7.901573e-04
5.756975e+00 5.263151e-02 -1.402093e-03
5.756975e+00 7.314235e-02 -2.176181e-03
5.756975e+00 1.025928e-01 -1.826756e-03
5.756975e+00 1.448116e-01 -1.769308e-03
5.756975e+00 2.023460e-01 -1.534577e-03
5.756975e+00 2.834245e-01 -1.600957e-03
5.756975e+00 3.967448e-01 -1.396483e-03
5.756975e+00 5.552783e-01 -1.232652e-03
5.756975e+00 7.774819e-01 -1.036637e-03
5.756975e+00 1.088445e+00 -9.056257e-04
5.756975e+00 1.523711e+00 -8.730644e-04
5.756975e+00 2.088426e+00 -9.42514e-04
5.756975e+00 2.685505e+00 -9.915950e-04
5.892114e+00 1.570796e-02 -1.10729e-03
5.892114e+00 2.346256e-02 -6.108371e-04
5.892114e+00 3.503514e-02 -1.567388e-03
5.892114e+00 5.263151e-02 -2.962037e-03
5.892114e+00 7.314235e-02 -4.359938e-03
5.892114e+00 1.025928e-01 -4.500145e-03
5.892114e+00 1.448116e-01 -4.568093e-03
5.892114e+00 2.023460e-01 -3.977752e-03
5.892114e+00 2.834245e-01 -4.161467e-03
5.892114e+00 3.967448e-01 -3.618483e-03
5.892114e+00 5.552783e-01 -3.153759e-03
5.892114e+00 7.774819e-01 -2.636137e-03
5.892114e+00 1.088445e+00 -2.284891e-03
5.892114e+00 1.523711e+00 -2.162867e-03
5.892114e+00 2.088426e+00 -2.342021e-03
5.892114e+00 2.685505e+00 -2.418245e-03
6.029956e+00 1.570796e-02 -1.437942e-03
6.029956e+00 2.346256e-02 -1.101520e-03
6.029956e+00 3.503514e-02 -2.394158e-03
6.029956e+00 5.263151e-02 -5.023923e-03
6.029956e+00 7.314235e-02 -7.560696e-03
6.029956e+00 1.025928e-01 -8.327132e-03
6.029956e+00 1.448116e-01 -8.761507e-03
6.029956e+00 2.023460e-01 -7.994039e-03
6.029956e+00 2.834245e-01 -8.43417e-03
6.029956e+00 3.967448e-01 -7.311746e-03
6.029956e+00 5.552783e-01 -6.306763e-03
6.029956e+00 7.774819e-01 -5.337547e-03
6.029956e+00 1.088445e+00 -4.525804e-03
6.029956e+00 1.523711e+00 -4.230503e-03
6.029956e+00 2.088426e+00 -4.503323e-03
6.029956e+00 2.685505e+00 -4.627223e-03
6.170555e+00 1.570796e-02 -1.521773e-03
6.170555e+00 2.346256e-02 -1.406490e-03
6.170555e+00 3.503514e-02 -2.827712e-03
6.170555e+00 5.263151e-02 -6.898122e-03
6.170555e+00 7.314235e-02 -1.044709e-02
6.170555e+00 1.025928e-01 -1.303033e-02
6.170555e+00 1.448116e-01 -1.385150e-02
6.170555e+00 2.023460e-01 -1.349458e-02
6.170555e+00 2.834245e-01 -1.376660e-02
6.170555e+00 3.967448e-01 -1.237668e-02
6.170555e+00 5.552783e-01 -1.049154e-02
6.170555e+00 7.774819e-01 -8.975984e-03
6.170555e+00 1.088445e+00 -7.558219e-03
6.170555e+00 1.523711e+00 -6.977348e-03
6.170555e+00 2.088426e+00 -7.34007e-03
6.170555e+00 2.685505e+00 -7.543378e-03
6.313967e+00 1.570796e-02 -1.446252e-03
6.313967e+00 2.346256e-02 -1.429875e-03
6.313967e+00 3.503514e-02 -3.004971e-03
6.313967e+00 5.263151e-02 -8.032175e-03
6.313967e+00 7.314235e-02 -1.300941e-02
6.313967e+00 1.025928e-01 -1.715851e-02
6.313967e+00 1.448116e-01 -1.881179e-02
6.313967e+00 2.023460e-01 -1.941576e-02
6.313967e+00 2.834245e-01 -1.936238e-02
6.313967e+00 3.967448e-01 -1.785037e-02
6.313967e+00 5.552783e-01 -1.532520e-02
6.313967e+00 7.774819e-01 -1.292112e-02
6.313967e+00 1.088445e+00 -1.089126e-02
6.313967e+00 1.523711e+00 -9.934326e-03
6.313967e+00 2.088426e+00 -1.034912e-02
6.313967e+00 2.685505e+00 -1.038917e-02
6.460246e+00 1.570796e-02 -1.373753e-03
6.460246e+00 2.346256e-02 -1.383422e-03
6.460246e+00 3.503514e-02 -2.997340e-03
6.460246e+00 5.263151e-02 -8.521254e-03
6.460246e+00 7.314235e-02 -1.452312e-02
6.460246e+00 1.025928e-01 -2.009387e-02
6.460246e+00 1.448116e-01 -2.281017e-02
6.460246e+00 2.023460e-01 -2.449261e-02
6.460246e+00 2.834245e-01 -2.464373e-02
6.460246e+00 3.967448e-01 -2.30357e-02
6.460246e+00 5.552783e-01 -1.994143e-02
6.460246e+00 7.774819e-01 -1.699478e-02
6.460246e+00 1.088445e+00 -1.422152e-02
6.460246e+00 1.523711e+00 -1.279283e-02
6.460246e+00 2.088426e+00 -1.312431e-02
6.460246e+00 2.685505e+00 -1.307778e-02
6.609451e+00 1.570796e-02 -1.271893e-03
6.609451e+00 2.346256e-02 -1.246936e-03
6.609451e+00 3.503514e-02 -2.863869e-03
6.609451e+00 5.263151e-02 -8.548712e-03
6.609451e+00 7.314235e-02 -1.481735e-02
6.609451e+00 1.025928e-01 -2.167937e-02
6.609451e+00 1.448116e-01 -2.552174e-02
6.609451e+00 2.023460e-01 -2.850782e-02
6.609451e+00 2.834245e-01 -2.929052e-02
6.609451e+00 3.967448e-01 -2.756136e-02
6.609451e+00 5.552783e-01 -2.431765e-02
6.609451e+00 7.774819e-01 -2.071853e-02
6.609451e+00 1.088445e+00 -1.733110e-02
6.609451e+00 1.523711e+00 -1.544414e-02
6.609451e+00 2.088426e+00 -1.560749e-02
6.609451e+00 2.685505e+00 -1.535499e-02
6.76164e+00 1.570796e-02 -1.146866e-03
6.76164e+00 2.346256e-02 -1.063535e-03
6.76164e+00 3.503514e-02 -2.693019e-03
6.76164e+00 5.263151e-02 -8.115215e-03
6.76164e+00 7.314235e-02 -1.43268e-02
6.76164e+00 1.025928e-01 -2.215584e-02
6.76164e+00 1.448116e-01 -2.690271e-02
6.76164e+00 2.023460e-01 -3.126986e-02
6.76164e+00 2.834245e-01 -3.299082e-02
6.76164e+00 3.967448e-01 -3.152241e-02
6.76164e+00 5.552783e-01 -2.809668e-02
6.76164e+00 7.774819e-01 -2.409665e-02
6.76164e+00 1.088445e+00 -2.017668e-02
6.76164e+00 1.523711e+00 -1.782050e-02
6.76164e+00 2.088426e+00 -1.779797e-02
6.76164e+00 2.685505e+00 -1.731968e-02
6.916873e+00 1.570796e-02 -1.024558e-03
6.916873e+00 2.346256e-02 -9.155803e-04
6.916873e+00 3.503514e-02 -2.519346e-03
6.916873e+00 5.263151e-02 -7.582463e-03
6.916873e+00 7.314235e-02 -1.350348e-02
6.916873e+00 1.025928e-01 -2.176157e-02
6.916873e+00 1.448116e-01 -2.729524e-02
6.916873e+00 2.023460e-01 -3.271908e-02
6.916873e+00 2.834245e-01 -3.552499e-02
6.916873e+00 3.967448e-01 -3.467907e-02
6.916873e+00 5.552783e-01 -3.117295e-02
6.916873e+00 7.774819e-01 -2.700894e-02
6.916873e+00 1.088445e+00 -2.254410e-02
6.916873e+00 1.523711e+00 -1.989212e-02
6.916873e+00 2.088426e+00 -1.96554e-02
6.916873e+00 2.685505e+00 -1.898689e-02
7.075210e+00 1.570796e-02 -9.364159e-04
7.075210e+00 2.346256e-02 -8.084525e-04
7.075210e+00 3.503514e-02 -2.327583e-03
7.075210e+00 5.263151e-02 -7.072889e-03
7.075210e+00 7.314235e-02 -1.256653e-02
7.075210e+00 1.025928e-01 -2.070693e-02
7.075210e+00 1.448116e-01 -2.673865e-02
7.075210e+00 2.023460e-01 -3.303875e-02
7.075210e+00 2.834245e-01 -3.696126e-02
7.075210e+00 3.967448e-01 -3.686797e-02
7.075210e+00 5.552783e-01 -3.362969e-02
7.075210e+00 7.774819e-01 -2.935904e-02
7.075210e+00 1.088445e+00 -2.454424e-02
7.075210e+00 1.523711e+00 -2.158369e-02
7.075210e+00 2.088426e+00 -2.119663e-02
7.075210e+00 2.685505e+00 -2.033923e-02
7.236714e+00 1.570796e-02 -8.641708e-04
7.236714e+00 2.346256e-02 -7.299118e-04
7.236714e+00 3.503514e-02 -2.109289e-03
7.236714e+00 5.263151e-02 -6.485456e-03
7.236714e+00 7.314235e-02 -1.151704e-02
7.236714e+00 1.025928e-01 -1.932464e-02
7.236714e+00 1.448116e-01 -2.561463e-02
7.236714e+00 2.023460e-01 -3.256653e-02
7.236714e+00 2.834245e-01 -3.746435e-02
7.236714e+00 3.967448e-01 -3.822995e-02
7.236714e+00 5.552783e-01 -3.549123e-02
7.236714e+00 7.774819e-01 -3.125998e-02
7.236714e+00 1.088445e+00 -2.621950e-02
7.236714e+00 1.523711e+00 -2.297225e-02
7.236714e+00 2.088426e+00 -2.243491e-02
7.236714e+00 2.685505e+00 -2.127724e-02
7.401449e+00 1.570796e-02 -7.867433e-04
7.401449e+00 2.346256e-02 -6.567741e-04
7.401449e+00 3.503514e-02 -1.884875e-03
7.401449e+00 5.263151e-02 -5.866783e-03
7.401449e+00 7.314235e-02 -1.035642e-02
7.401449e+00 1.025928e-01 -1.780237e-02
7.401449e+00 1.448116e-01 -2.412031e-02
7.401449e+00 2.023460e-01 -3.152203e-02
7.401449e+00 2.834245e-01 -3.711805e-02
7.401449e+00 3.967448e-01 -3.890229e-02
7.401449e+00 5.552783e-01 -3.666989e-02
7.401449e+00 7.774819e-01 -3.261911e-02
7.401449e+00 1.088445e+00 -2.750428e-02
7.401449e+00 1.523711e+00 -2.411954e-02
7.401449e+00 2.088426e+00 -2.342153e-02
7.401449e+00 2.685505e+00 -2.204963e-02
7.569477e+00 1.570796e-02 -7.109611e-04
7.569477e+00 2.346256e-02 -5.865077e-04
7.569477e+00 3.503514e-02 -1.679544e-03
7.569477e+00 5.263151e-02 -5.244721e-03
7.569477e+00 7.314235e-02 -9.268078e-03
7.569477e+00 1.025928e-01 -1.621572e-02
7.569477e+00 1.448116e-01 -2.237607e-02
7.569477e+00 2.023460e-01 -2.996449e-02
7.569477e+00 2.834245e-01 -3.610836e-02
7.569477e+00 3.967448e-01 -3.872596e-02
7.569477e+00 5.552783e-01 -3.722784e-02
7.569477e+00 7.774819e-01 -3.353287e-02
7.569477e+00 1.088445e+00 -2.848414e-02
7.569477e+00 1.523711e+00 -2.497933e-02
7.569477e+00 2.088426e+00 -2.417397e-02
7.569477e+00 2.685505e+00 -2.256152e-02
7.740867e+00 1.570796e-02 -6.398140e-04
7.740867e+00 2.346256e-02 -5.262779e-04
7.740867e+00 3.503514e-02 -1.500237e-03
7.740867e+00 5.263151e-02 -4.667606e-03
7.740867e+00 7.314235e-02 -8.228868e-03
7.740867e+00 1.025928e-01 -1.462957e-02
7.740867e+00 1.448116e-01 -2.046776e-02
7.740867e+00 2.023460e-01 -2.805834e-02
7.740867e+00 2.834245e-01 -3.457111e-02
7.740867e+00 3.967448e-01 -3.797737e-02
7.740867e+00 5.552783e-01 -3.716301e-02
7.740867e+00 7.774819e-01 -3.394828e-02
7.740867e+00 1.088445e+00 -2.909752e-02
7.740867e+00 1.523711e+00 -2.549311e-02
7.740867e+00 2.088426e+00 -2.464297e-02
7.740867e+00 2.685505e+00 -2.285959e-02
7.915684e+00 1.570796e-02 -5.740512e-04
7.915684e+00 2.346256e-02 -4.606541e-04
7.915684e+00 3.503514e-02 -1.330662e-03
7.915684e+00 5.263151e-02 -4.155409e-03
7.915684e+00 7.314235e-02 -7.327392e-03
7.915684e+00 1.025928e-01 -1.305978e-02
7.915684e+00 1.448116e-01 -1.850759e-02
7.915684e+00 2.023460e-01 -2.593899e-02
7.915684e+00 2.834245e-01 -3.267191e-02
7.915684e+00 3.967448e-01 -3.672963e-02
7.915684e+00 5.552783e-01 -3.654666e-02
7.915684e+00 7.774819e-01 -3.381668e-02
7.915684e+00 1.088445e+00 -2.925899e-02
7.915684e+00 1.523711e+00 -2.574738e-02
7.915684e+00 2.088426e+00 -2.486167e-02
7.915684e+00 2.685505e+00 -2.283857e-02
8.093998e+00 1.570796e-02 -5.166663e-04
8.093998e+00 2.346256e-02 -3.990516e-04
8.093998e+00 3.503514e-02 -1.170886e-03
8.093998e+00 5.263151e-02 -3.681903e-03
8.093998e+00 7.314235e-02 -6.525949e-03
8.093998e+00 1.025928e-01 -1.162674e-02
8.093998e+00 1.448116e-01 -1.659671e-02
8.093998e+00 2.023460e-01 -2.375504e-02
8.093998e+00 2.834245e-01 -3.050779e-02
8.093998e+00 3.967448e-01 -3.505934e-02
8.093998e+00 5.552783e-01 -3.549645e-02
8.093998e+00 7.774819e-01 -3.326942e-02
8.093998e+00 1.088445e+00 -2.911508e-02
8.093998e+00 1.523711e+00 -2.575045e-02
8.093998e+00 2.088426e+00 -2.490819e-02
8.093998e+00 2.685505e+00 -2.28062e-02
8.275878e+00 1.570796e-02 -4.603052e-04
8.275878e+00 2.346256e-02 -3.475640e-04
8.275878e+00 3.503514e-02 -1.032237e-03
8.275878e+00 5.263151e-02 -3.252863e-03
8.275878e+00 7.314235e-02 -5.799034e-03
8.275878e+00 1.025928e-01 -1.032573e-02
8.275878e+00 1.448116e-01 -1.477073e-02
8.275878e+00 2.023460e-01 -2.153138e-02
8.275878e+00 2.834245e-01 -2.814002e-02
8.275878e+00 3.967448e-01 -3.305295e-02
8.275878e+00 5.552783e-01 -3.407939e-02
8.275878e+00 7.774819e-01 -3.236818e-02
8.275878e+00 1.088445e+00 -2.869131e-02
8.275878e+00 1.523711e+00 -2.555609e-02
8.275878e+00 2.088426e+00 -2.475318e-02
8.275878e+00 2.685505e+00 -2.255628e-02
8.461396e+00 1.570796e-02 -4.083499e-04
8.461396e+00 2.346256e-02 -3.019142e-04
8.461396e+00 3.503514e-02 -9.068367e-04
8.461396e+00 5.263151e-02 -2.858453e-03
8.461396e+00 7.314235e-02 -5.141472e-03
8.461396e+00 1.025928e-01 -9.141233e-03
8.461396e+00 1.448116e-01 -1.310543e-02
8.461396e+00 2.023460e-01 -1.936875e-02
8.461396e+00 2.834245e-01 -2.570673e-02
8.461396e+00 3.967448e-01 -3.080364e-02
8.461396e+00 5.552783e-01 -3.237285e-02
8.461396e+00 7.774819e-01 -3.118191e-02
8.461396e+00 1.088445e+00 -2.801506e-02
8.461396e+00 1.523711e+00 -2.513020e-02
8.461396e+00 2.088426e+00 -2.444158e-02
8.461396e+00 2.685505e+00 -2.215209e-02
8.650623e+00 1.570796e-02 -3.604027e-04
8.650623e+00 2.346256e-02 -2.617362e-04
8.650623e+00 3.503514e-02 -7.923128e-04
8.650623e+00 5.263151e-02 -2.516627e-03
8.650623e+00 7.314235e-02 -4.532448e-03
8.650623e+00 1.025928e-01 -8.079338e-03
8.650623e+00 1.448116e-01 -1.159387e-02
8.650623e+00 2.023460e-01 -1.730778e-02
8.650623e+00 2.834245e-01 -2.327153e-02
8.650623e+00 3.967448e-01 -2.845059e-02
8.650623e+00 5.552783e-01 -3.042537e-02
8.650623e+00 7.774819e-01 -2.974762e-02
8.650623e+00 1.088445e+00 -2.707617e-02
8.650623e+00 1.523711e+00 -2.450764e-02
8.650623e+00 2.088426e+00 -2.387738e-02
8.650623e+00 2.685505e+00 -2.155370e-02
8.843636e+00 1.570796e-02 -3.158625e-04
8.843636e+00 2.346256e-02 -2.276011e-04
8.843636e+00 3.503514e-02 -6.906915e-04
8.843636e+00 5.263151e-02 -2.201657e-03
8.843636e+00 7.314235e-02 -3.978965e-03
8.843636e+00 1.025928e-01 -7.110782e-03
8.843636e+00 1.448116e-01 -1.020764e-02
8.843636e+00 2.023460e-01 -1.538467e-02
8.843636e+00 2.834245e-01 -2.091467e-02
8.843636e+00 3.967448e-01 -2.602278e-02
8.843636e+00 5.552783e-01 -2.833130e-02
8.843636e+00 7.774819e-01 -2.814846e-02
8.843636e+00 1.088445e+00 -2.594296e-02
8.843636e+00 1.523711e+00 -2.375712e-02
8.843636e+00 2.088426e+00 -2.324125e-02
8.843636e+00 2.685505e+00 -2.087745e-02
9.040509e+00 1.570796e-02 -2.760803e-04
9.040509e+00 2.346256e-02 -1.980334e-04
9.040509e+00 3.503514e-02 -6.014846e-04
9.040509e+00 5.263151e-02 -1.922693e-03
9.040509e+00 7.314235e-02 -3.489002e-03
9.040509e+00 1.025928e-01 -6.241870e-03
9.040509e+00 1.448116e-01 -8.970527e-03
9.040509e+00 2.023460e-01 -1.359740e-02
9.040509e+00 2.834245e-01 -1.866222e-02
9.040509e+00 3.967448e-01 -2.358766e-02
9.040509e+00 5.552783e-01 -2.612807e-02
9.040509e+00 7.774819e-01 -2.634795e-02
9.040509e+00 1.088445e+00 -2.465531e-02
9.040509e+00 1.523711e+00 -2.285715e-02
9.040509e+00 2.088426e+00 -2.241105e-02
9.040509e+00 2.685505e+00 -2.010413e-02
9.241319e+00 1.570796e-02 -2.401504e-04
9.241319e+00 2.346256e-02 -1.735292e-04
9.241319e+00 3.503514e-02 -5.227370e-04
9.241319e+00 5.263151e-02 -1.674787e-03
9.241319e+00 7.314235e-02 -3.039467e-03
9.241319e+00 1.025928e-01 -5.457333e-03
9.241319e+00 1.448116e-01 -7.858162e-03
9.241319e+00 2.023460e-01 -1.197369e-02
9.241319e+00 2.834245e-01 -1.656599e-02
9.241319e+00 3.967448e-01 -2.120613e-02
9.241319e+00 5.552783e-01 -2.389957e-02
9.241319e+00 7.774819e-01 -2.446339e-02
9.241319e+00 1.088445e+00 -2.321909e-02
9.241319e+00 1.523711e+00 -2.182782e-02
9.241319e+00 2.088426e+00 -2.154032e-02
9.241319e+00 2.685505e+00 -1.919767e-02
9.446145e+00 1.570796e-02 -2.091123e-04
9.446145e+00 2.346256e-02 -1.501475e-04
9.446145e+00 3.503514e-02 -4.519494e-04
9.446145e+00 5.263151e-02 -1.459035e-03
9.446145e+00 7.314235e-02 -2.643271e-03
9.446145e+00 1.025928e-01 -4.75012e-03
9.446145e+00 1.448116e-01 -6.871312e-03
9.446145e+00 2.023460e-01 -1.051366e-02
9.446145e+00 2.834245e-01 -1.461803e-02
9.446145e+00 3.967448e-01 -1.893055e-02
9.446145e+00 5.552783e-01 -2.167497e-02
9.446145e+00 7.774819e-01 -2.255639e-02
9.446145e+00 1.088445e+00 -2.170358e-02
9.446145e+00 1.523711e+00 -2.06969e-02
9.446145e+00 2.088426e+00 -2.058716e-02
9.446145e+00 2.685505e+00 -1.827776e-02
9.655068e+00 1.570796e-02 -1.822285e-04
9.655068e+00 2.346256e-02 -1.285607e-04
9.655068e+00 3.503514e-02 -3.891161e-04
9.655068e+00 5.263151e-02 -1.266625e-03
9.655068e+00 7.314235e-02 -2.287902e-03
9.655068e+00 1.025928e-01 -4.123309e-03
9.655068e+00 1.448116e-01 -5.976667e-03
9.655068e+00 2.023460e-01 -9.164569e-03
9.655068e+00 2.834245e-01 -1.281142e-02
9.655068e+00 3.967448e-01 -1.675257e-02
9.655068e+00 5.552783e-01 -1.949013e-02
9.655068e+00 7.774819e-01 -2.059718e-02
9.655068e+00 1.088445e+00 -2.012199e-02
9.655068e+00 1.523711e+00 -1.947130e-02
9.655068e+00 2.088426e+00 -1.948705e-02
9.655068e+00 2.685505e+00 -1.719499e-02
9.86817e+00 1.570796e-02 -1.579196e-04
9.86817e+00 2.346256e-02 -1.111280e-04
9.86817e+00 3.503514e-02 -3.345605e-04
9.86817e+00 5.263151e-02 -1.092768e-03
9.86817e+00 7.314235e-02 -1.971757e-03
9.86817e+00 1.025928e-01 -3.563407e-03
9.86817e+00 1.448116e-01 -5.173882e-03
9.86817e+00 2.023460e-01 -7.946257e-03
9.86817e+00 2.834245e-01 -1.116112e-02
9.86817e+00 3.967448e-01 -1.472946e-02
9.86817e+00 5.552783e-01 -1.737771e-02
9.86817e+00 7.774819e-01 -1.867410e-02
9.86817e+00 1.088445e+00 -1.850689e-02
9.86817e+00 1.523711e+00 -1.81533e-02
9.86817e+00 2.088426e+00 -1.825341e-02
9.86817e+00 2.685505e+00 -1.609704e-02
1.008553e+01 1.570796e-02 -1.349345e-04
1.008553e+01 2.346256e-02 -9.635647e-05
1.008553e+01 3.503514e-02 -2.870401e-04
1.008553e+01 5.263151e-02 -9.404103e-04
1.008553e+01 7.314235e-02 -1.693684e-03
1.008553e+01 1.025928e-01 -3.075856e-03
1.008553e+01 1.448116e-01 -4.463489e-03
1.008553e+01 2.023460e-01 -6.864715e-03
1.008553e+01 2.834245e-01 -9.66712e-03
1.008553e+01 3.967448e-01 -1.286763e-02
1.008553e+01 5.552783e-01 -1.537400e-02
1.008553e+01 7.774819e-01 -1.68066e-02
1.008553e+01 1.088445e+00 -1.689872e-02
1.008553e+01 1.523711e+00 -1.682055e-02
1.008553e+01 2.088426e+00 -1.705326e-02
1.008553e+01 2.685505e+00 -1.496181e-02
1.030724e+01 1.570796e-02 -1.146947e-04
1.030724e+01 2.346256e-02 -8.231569e-05
1.030724e+01 3.503514e-02 -2.43448e-04
1.030724e+01 5.263151e-02 -8.034237e-04
1.030724e+01 7.314235e-02 -1.447830e-03
1.030724e+01 1.025928e-01 -2.634783e-03
1.030724e+01 1.448116e-01 -3.833709e-03
1.030724e+01 2.023460e-01 -5.887586e-03
1.030724e+01 2.834245e-01 -8.321155e-03
1.030724e+01 3.967448e-01 -1.117042e-02
1.030724e+01 5.552783e-01 -1.351172e-02
1.030724e+01 7.774819e-01 -1.5014e-02
1.030724e+01 1.088445e+00 -1.531726e-02
1.030724e+01 1.523711e+00 -1.550182e-02
1.030724e+01 2.088426e+00 -1.582694e-02
1.030724e+01 2.685505e+00 -1.387779e-02
1.053339e+01 1.570796e-02 -9.762201e-05
1.053339e+01 2.346256e-02 -7.057229e-05
1.053339e+01 3.503514e-02 -2.068782e-04
1.053339e+01 5.263151e-02 -6.856546e-04
1.053339e+01 7.314235e-02 -1.234607e-03
1.053339e+01 1.025928e-01 -2.247849e-03
1.053339e+01 1.448116e-01 -3.272797e-03
1.053339e+01 2.023460e-01 -5.031225e-03
1.053339e+01 2.834245e-01 -7.126749e-03
1.053339e+01 3.967448e-01 -9.645086e-03
1.053339e+01 5.552783e-01 -1.177315e-02
1.053339e+01 7.774819e-01 -1.331067e-02
1.053339e+01 1.088445e+00 -1.380413e-02
1.053339e+01 1.523711e+00 -1.418541e-02
1.053339e+01 2.088426e+00 -1.458035e-02
1.053339e+01 2.685505e+00 -1.278429e-02
1.076406e+01 1.570796e-02 -8.298878e-05
1.076406e+01 2.346256e-02 -6.046408e-05
1.076406e+01 3.503514e-02 -1.746951e-04
1.076406e+01 5.263151e-02 -5.829959e-04
1.076406e+01 7.314235e-02 -1.04783e-03
1.076406e+01 1.025928e-01 -1.916334e-03
1.076406e+01 1.448116e-01 -2.785256e-03
1.076406e+01 2.023460e-01 -4.287437e-03
1.076406e+01 2.834245e-01 -6.080150e-03
1.076406e+01 3.967448e-01 -8.280307e-03
1.076406e+01 5.552783e-01 -1.020580e-02
1.076406e+01 7.774819e-01 -1.169678e-02
1.076406e+01 1.088445e+00 -1.234255e-02
1.076406e+01 1.523711e+00 -1.286472e-02
1.076406e+01 2.088426e+00 -1.335131e-02
1.076406e+01 2.685505e+00 -1.174007e-02
1.099934e+01 1.570796e-02 -6.970637e-05
1.099934e+01 2.346256e-02 -5.114285e-05
1.099934e+01 3.503514e-02 -1.460565e-04
1.099934e+01 5.263151e-02 -4.922701e-04
1.099934e+01 7.314235e-02 -8.869051e-04
1.099934e+01 1.025928e-01 -1.622702e-03
1.099934e+01 1.448116e-01 -2.355196e-03
1.099934e+01 2.023460e-01 -3.63468e-03
1.099934e+01 2.834245e-01 -5.152515e-03
1.099934e+01 3.967448e-01 -7.050027e-03
1.099934e+01 5.552783e-01 -8.773306e-03
1.099934e+01 7.774819e-01 -1.020432e-02
1.099934e+01 1.088445e+00 -1.094319e-02
1.099934e+01 1.523711e+00 -1.162259e-02
1.099934e+01 2.088426e+00 -1.219211e-02
1.099934e+01 2.685505e+00 -1.07291e-02
1.123932e+01 1.570796e-02 -5.843352e-05
1.123932e+01 2.346256e-02 -4.384929e-05
1.123932e+01 3.503514e-02 -1.220927e-04
1.123932e+01 5.263151e-02 -4.139316e-04
1.123932e+01 7.314235e-02 -7.465113e-04
1.123932e+01 1.025928e-01 -1.367683e-03
1.123932e+01 1.448116e-01 -1.985906e-03
1.123932e+01 2.023460e-01 -3.06544e-03
1.123932e+01 2.834245e-01 -4.34672e-03
1.123932e+01 3.967448e-01 -5.971274e-03
1.123932e+01 5.552783e-01 -7.498332e-03
1.123932e+01 7.774819e-01 -8.835287e-03
1.123932e+01 1.088445e+00 -9.647656e-03
1.123932e+01 1.523711e+00 -1.044273e-02
1.123932e+01 2.088426e+00 -1.104010e-02
1.123932e+01 2.685505e+00 -9.770062e-03
1.148411e+01 1.570796e-02 -4.868103e-05
1.148411e+01 2.346256e-02 -3.740293e-05
1.148411e+01 3.503514e-02 -1.023749e-04
1.148411e+01 5.263151e-02 -3.470001e-04
1.148411e+01 7.314235e-02 -6.236389e-04
1.148411e+01 1.025928e-01 -1.147066e-03
1.148411e+01 1.448116e-01 -1.664409e-03
1.148411e+01 2.023460e-01 -2.574558e-03
1.148411e+01 2.834245e-01 -3.65178e-03
1.148411e+01 3.967448e-01 -5.029213e-03
1.148411e+01 5.552783e-01 -6.368203e-03
1.148411e+01 7.774819e-01 -7.605739e-03
1.148411e+01 1.088445e+00 -8.4345e-03
1.148411e+01 1.523711e+00 -9.295292e-03
1.148411e+01 2.088426e+00 -9.942521e-03
1.148411e+01 2.685505e+00 -8.842630e-03
1.173379e+01 1.570796e-02 -4.013492e-05
1.173379e+01 2.346256e-02 -3.145963e-05
1.173379e+01 3.503514e-02 -8.437553e-05
1.173379e+01 5.263151e-02 -2.883932e-04
1.173379e+01 7.314235e-02 -5.193815e-04
1.173379e+01 1.025928e-01 -9.559294e-04
1.173379e+01 1.448116e-01 -1.386803e-03
1.173379e+01 2.023460e-01 -2.149782e-03
1.173379e+01 2.834245e-01 -3.049183e-03
1.173379e+01 3.967448e-01 -4.205382e-03
1.173379e+01 5.552783e-01 -5.373163e-03
1.173379e+01 7.774819e-01 -6.499914e-03
1.173379e+01 1.088445e+00 -7.338638e-03
1.173379e+01 1.523711e+00 -8.213924e-03
1.173379e+01 2.088426e+00 -8.911987e-03
1.173379e+01 2.685505e+00 -7.973426e-03
1.198847e+01 1.570796e-02 -3.349066e-05
1.198847e+01 2.346256e-02 -2.627394e-05
1.198847e+01 3.503514e-02 -6.969822e-05
1.198847e+01 5.263151e-02 -2.370591e-04
1.198847e+01 7.314235e-02 -4.290809e-04
1.198847e+01 1.025928e-01 -7.922113e-04
1.198847e+01 1.448116e-01 -1.147791e-03
1.198847e+01 2.023460e-01 -1.782579e-03
1.198847e+01 2.834245e-01 -2.529908e-03
1.198847e+01 3.967448e-01 -3.508518e-03
1.198847e+01 5.552783e-01 -4.507904e-03
1.198847e+01 7.774819e-01 -5.513440e-03
1.198847e+01 1.088445e+00 -6.337546e-03
1.198847e+01 1.523711e+00 -7.218141e-03
1.198847e+01 2.088426e+00 -7.922376e-03
1.198847e+01 2.685505e+00 -7.120953e-03
1.224824e+01 1.570796e-02 -2.733511e-05
1.224824e+01 2.346256e-02 -2.181684e-05
1.224824e+01 3.503514e-02 -5.749989e-05
1.224824e+01 5.263151e-02 -1.954494e-04
1.224824e+01 7.314235e-02 -3.52705e-04
1.224824e+01 1.025928e-01 -6.534764e-04
1.224824e+01 1.448116e-01 -9.482342e-04
1.224824e+01 2.023460e-01 -1.474471e-03
1.224824e+01 2.834245e-01 -2.086840e-03
1.224824e+01 3.967448e-01 -2.912458e-03
1.224824e+01 5.552783e-01 -3.754944e-03
1.224824e+01 7.774819e-01 -4.649430e-03
1.224824e+01 1.088445e+00 -5.440633e-03
1.224824e+01 1.523711e+00 -6.302424e-03
1.224824e+01 2.088426e+00 -6.988790e-03
1.224824e+01 2.685505e+00 -6.297688e-03
1.251320e+01 1.570796e-02 -2.253685e-05
1.251320e+01 2.346256e-02 -1.812043e-05
1.251320e+01 3.503514e-02 -4.698316e-05
1.251320e+01 5.263151e-02 -1.607035e-04
1.251320e+01 7.314235e-02 -2.894841e-04
1.251320e+01 1.025928e-01 -5.361908e-04
1.251320e+01 1.448116e-01 -7.779953e-04
1.251320e+01 2.023460e-01 -1.210568e-03
1.251320e+01 2.834245e-01 -1.718669e-03
1.251320e+01 3.967448e-01 -2.395885e-03
1.251320e+01 5.552783e-01 -3.11113e-03
1.251320e+01 7.774819e-01 -3.898370e-03
1.251320e+01 1.088445e+00 -4.639927e-03
1.251320e+01 1.523711e+00 -5.456492e-03
1.251320e+01 2.088426e+00 -6.127068e-03
1.251320e+01 2.685505e+00 -5.554084e-03
1.278347e+01 1.570796e-02 -1.83685e-05
1.278347e+01 2.346256e-02 -1.474546e-05
1.278347e+01 3.503514e-02 -3.825255e-05
1.278347e+01 5.263151e-02 -1.310395e-04
1.278347e+01 7.314235e-02 -2.350676e-04
1.278347e+01 1.025928e-01 -4.403930e-04
1.278347e+01 1.448116e-01 -6.369349e-04
1.278347e+01 2.023460e-01 -9.866142e-04
1.278347e+01 2.834245e-01 -1.404024e-03
1.278347e+01 3.967448e-01 -1.964483e-03
1.278347e+01 5.552783e-01 -2.562745e-03
1.278347e+01 7.774819e-01 -3.250578e-03
1.278347e+01 1.088445e+00 -3.934728e-03
1.278347e+01 1.523711e+00 -4.710867e-03
1.278347e+01 2.088426e+00 -5.354291e-03
1.278347e+01 2.685505e+00 -4.899471e-03
1.305914e+01 1.570796e-02 -1.465174e-05
1.305914e+01 2.346256e-02 -1.208701e-05
1.305914e+01 3.503514e-02 -3.055217e-05
1.305914e+01 5.263151e-02 -1.056029e-04
1.305914e+01 7.314235e-02 -1.904804e-04
1.305914e+01 1.025928e-01 -3.572997e-04
1.305914e+01 1.448116e-01 -5.169414e-04
1.305914e+01 2.023460e-01 -8.008137e-04
1.305914e+01 2.834245e-01 -1.139898e-03
1.305914e+01 3.967448e-01 -1.603919e-03
1.305914e+01 5.552783e-01 -2.102927e-03
1.305914e+01 7.774819e-01 -2.697896e-03
1.305914e+01 1.088445e+00 -3.318007e-03
1.305914e+01 1.523711e+00 -4.024917e-03
1.305914e+01 2.088426e+00 -4.636539e-03
1.305914e+01 2.685505e+00 -4.257928e-03
1.334032e+01 1.570796e-02 -1.182591e-05
1.334032e+01 2.346256e-02 -9.574514e-06
1.334032e+01 3.503514e-02 -2.447375e-05
1.334032e+01 5.263151e-02 -8.473139e-05
1.334032e+01 7.314235e-02 -1.53251e-04
1.334032e+01 1.025928e-01 -2.890300e-04
1.334032e+01 1.448116e-01 -4.1596e-04
1.334032e+01 2.023460e-01 -6.4549e-04
1.334032e+01 2.834245e-01 -9.221379e-04
1.334032e+01 3.967448e-01 -1.298405e-03
1.334032e+01 5.552783e-01 -1.7133e-03
1.334032e+01 7.774819e-01 -2.223652e-03
1.334032e+01 1.088445e+00 -2.779615e-03
1.334032e+01 1.523711e+00 -3.417438e-03
1.334032e+01 2.088426e+00 -3.967717e-03
1.334032e+01 2.685505e+00 -3.635131e-03
1.362713e+01 1.570796e-02 -9.367295e-06
1.362713e+01 2.346256e-02 -7.822833e-06
1.362713e+01 3.503514e-02 -1.926057e-05
1.362713e+01 5.263151e-02 -6.756886e-05
1.362713e+01 7.314235e-02 -1.235145e-04
1.362713e+01 1.025928e-01 -2.305381e-04
1.362713e+01 1.448116e-01 -3.322629e-04
1.362713e+01 2.023460e-01 -5.142098e-04
1.362713e+01 2.834245e-01 -7.363669e-04
1.362713e+01 3.967448e-01 -1.040560e-03
1.362713e+01 5.552783e-01 -1.379647e-03
1.362713e+01 7.774819e-01 -1.810950e-03
1.362713e+01 1.088445e+00 -2.299483e-03
1.362713e+01 1.523711e+00 -2.873958e-03
1.362713e+01 2.088426e+00 -3.377483e-03
1.362713e+01 2.685505e+00 -3.127431e-03
1.391967e+01 1.570796e-02 -7.458906e-06
1.391967e+01 2.346256e-02 -6.233635e-06
1.391967e+01 3.503514e-02 -1.533619e-05
1.391967e+01 5.263151e-02 -5.363924e-05
1.391967e+01 7.314235e-02 -9.840043e-05
1.391967e+01 1.025928e-01 -1.832093e-04
1.391967e+01 1.448116e-01 -2.643884e-04
1.391967e+01 2.023460e-01 -4.09859e-04
1.391967e+01 2.834245e-01 -5.884192e-04
1.391967e+01 3.967448e-01 -8.324151e-04
1.391967e+01 5.552783e-01 -1.108472e-03
1.391967e+01 7.774819e-01 -1.474149e-03
1.391967e+01 1.088445e+00 -1.898457e-03
1.391967e+01 1.523711e+00 -2.417749e-03
1.391967e+01 2.088426e+00 -2.867229e-03
1.391967e+01 2.685505e+00 -2.655136e-03
1.421806e+01 1.570796e-02 -5.898356e-06
1.421806e+01 2.346256e-02 -4.713583e-06
1.421806e+01 3.503514e-02 -1.212800e-05
1.421806e+01 5.263151e-02 -4.218720e-05
1.421806e+01 7.314235e-02 -7.766003e-05
1.421806e+01 1.025928e-01 -1.446176e-04
1.421806e+01 1.448116e-01 -2.089855e-04
1.421806e+01 2.023460e-01 -3.255569e-04
1.421806e+01 2.834245e-01 -4.654385e-04
1.421806e+01 3.967448e-01 -6.602136e-04
1.421806e+01 5.552783e-01 -8.872788e-04
1.421806e+01 7.774819e-01 -1.193915e-03
1.421806e+01 1.088445e+00 -1.55208e-03
1.421806e+01 1.523711e+00 -2.009419e-03
1.421806e+01 2.088426e+00 -2.416708e-03
1.421806e+01 2.685505e+00 -2.256955e-03
1.452242e+01 1.570796e-02 -4.626648e-06
1.452242e+01 2.346256e-02 -3.781768e-06
1.452242e+01 3.503514e-02 -9.561518e-06
1.452242e+01 5.263151e-02 -3.336974e-05
1.452242e+01 7.314235e-02 -6.104643e-05
1.452242e+01 1.025928e-01 -1.140071e-04
1.452242e+01 1.448116e-01 -1.648477e-04
1.452242e+01 2.023460e-01 -2.561065e-04
1.452242e+01 2.834245e-01 -3.681056e-04
1.452242e+01 3.967448e-01 -5.222228e-04
1.452242e+01 5.552783e-01 -7.080545e-04
1.452242e+01 7.774819e-01 -9.588921e-04
1.452242e+01 1.088445e+00 -1.264297e-03
1.452242e+01 1.523711e+00 -1.656872e-03
1.452242e+01 2.088426e+00 -2.011313e-03
1.452242e+01 2.685505e+00 -1.895475e-03
1.483287e+01 1.570796e-02 -3.624982e-06
1.483287e+01 2.346256e-02 -2.836529e-06
1.483287e+01 3.503514e-02 -7.304768e-06
1.483287e+01 5.263151e-02 -2.601764e-05
1.483287e+01 7.314235e-02 -4.772451e-05
1.483287e+01 1.025928e-01 -8.874199e-05
1.483287e+01 1.448116e-01 -1.281415e-04
1.483287e+01 2.023460e-01 -1.994411e-04
1.483287e+01 2.834245e-01 -2.870629e-04
1.483287e+01 3.967448e-01 -4.079356e-04
1.483287e+01 5.552783e-01 -5.565584e-04
1.483287e+01 7.774819e-01 -7.615561e-04
1.483287e+01 1.088445e+00 -1.015798e-03
1.483287e+01 1.523711e+00 -1.346149e-03
1.483287e+01 2.088426e+00 -1.651777e-03
1.483287e+01 2.685505e+00 -1.562182e-03
1.514953e+01 1.570796e-02 -2.710487e-06
1.514953e+01 2.346256e-02 -2.244123e-06
1.514953e+01 3.503514e-02 -5.928785e-06
1.514953e+01 5.263151e-02 -2.036849e-05
1.514953e+01 7.314235e-02 -3.720819e-05
1.514953e+01 1.025928e-01 -6.833352e-05
1.514953e+01 1.448116e-01 -9.903582e-05
1.514953e+01 2.023460e-01 -1.548164e-04
1.514953e+01 2.834245e-01 -2.214021e-04
1.514953e+01 3.967448e-01 -3.156742e-04
1.514953e+01 5.552783e-01 -4.356741e-04
1.514953e+01 7.774819e-01 -6.014391e-04
1.514953e+01 1.088445e+00 -8.076797e-04
1.514953e+01 1.523711e+00 -1.086646e-03
1.514953e+01 2.088426e+00 -1.340937e-03
1.514953e+01 2.685505e+00 -1.275555e-03
1.547252e+01 1.570796e-02 -2.152158e-06
1.547252e+01 2.346256e-02 -1.726857e-06
1.547252e+01 3.503514e-02 -4.537827e-06
1.547252e+01 5.263151e-02 -1.534877e-05
1.547252e+01 7.314235e-02 -2.868654e-05
1.547252e+01 1.025928e-01 -5.216932e-05
1.547252e+01 1.448116e-01 -7.535447e-05
1.547252e+01 2.023460e-01 -1.191784e-04
1.547252e+01 2.834245e-01 -1.69274e-04
1.547252e+01 3.967448e-01 -2.430410e-04
1.547252e+01 5.552783e-01 -3.385064e-04
1.547252e+01 7.774819e-01 -4.707633e-04
1.547252e+01 1.088445e+00 -6.395334e-04
1.547252e+01 1.523711e+00 -8.672659e-04
1.547252e+01 2.088426e+00 -1.079030e-03
1.547252e+01 2.685505e+00 -1.022351e-03
1.580197e+01 1.570796e-02 -1.629922e-06
1.580197e+01 2.346256e-02 -1.258272e-06
1.580197e+01 3.503514e-02 -3.415893e-06
1.580197e+01 5.263151e-02 -1.197272e-05
1.580197e+01 7.314235e-02 -2.140706e-05
1.580197e+01 1.025928e-01 -3.963189e-05
1.580197e+01 1.448116e-01 -5.705788e-05
1.580197e+01 2.023460e-01 -9.070754e-05
1.580197e+01 2.834245e-01 -1.290415e-04
1.580197e+01 3.967448e-01 -1.851791e-04
1.580197e+01 5.552783e-01 -2.603875e-04
1.580197e+01 7.774819e-01 -3.636161e-04
1.580197e+01 1.088445e+00 -4.984152e-04
1.580197e+01 1.523711e+00 -6.820290e-04
1.580197e+01 2.088426e+00 -8.550894e-04
1.580197e+01 2.685505e+00 -8.103361e-04
1.613801e+01 1.570796e-02 -1.215678e-06
1.613801e+01 2.346256e-02 -9.345782e-07
1.613801e+01 3.503514e-02 -2.53902e-06
1.613801e+01 5.263151e-02 -8.830962e-06
1.613801e+01 7.314235e-02 -1.580253e-05
1.613801e+01 1.025928e-01 -2.989403e-05
1.613801e+01 1.448116e-01 -4.224054e-05
1.613801e+01 2.023460e-01 -6.778152e-05
1.613801e+01 2.834245e-01 -9.674126e-05
1.613801e+01 3.967448e-01 -1.383193e-04
1.613801e+01 5.552783e-01 -1.965104e-04
1.613801e+01 7.774819e-01 -2.781074e-04
1.613801e+01 1.088445e+00 -3.82805e-04
1.613801e+01 1.523711e+00 -5.291796e-04
1.613801e+01 2.088426e+00 -6.660011e-04
1.613801e+01 2.685505e+00 -6.187568e-04
1.648077e+01 1.570796e-02 -9.161741e-07
1.648077e+01 2.346256e-02 -7.456462e-07
1.648077e+01 3.503514e-02 -1.895297e-06
1.648077e+01 5.263151e-02 -6.520475e-06
1.648077e+01 7.314235e-02 -1.154425e-05
1.648077e+01 1.025928e-01 -2.186262e-05
1.648077e+01 1.448116e-01 -3.103209e-05
1.648077e+01 2.023460e-01 -5.022146e-05
1.648077e+01 2.834245e-01 -7.176437e-05
1.648077e+01 3.967448e-01 -1.023095e-04
1.648077e+01 5.552783e-01 -1.466594e-04
1.648077e+01 7.774819e-01 -2.084414e-04
1.648077e+01 1.088445e+00 -2.892819e-04
1.648077e+01 1.523711e+00 -4.025068e-04
1.648077e+01 2.088426e+00 -5.042431e-04
1.648077e+01 2.685505e+00 -4.725414e-04
1.683038e+01 1.570796e-02 -6.470934e-07
1.683038e+01 2.346256e-02 -5.507345e-07
1.683038e+01 3.503514e-02 -1.334126e-06
1.683038e+01 5.263151e-02 -4.823809e-06
1.683038e+01 7.314235e-02 -8.587110e-06
1.683038e+01 1.025928e-01 -1.592690e-05
1.683038e+01 1.448116e-01 -2.259657e-05
1.683038e+01 2.023460e-01 -3.619227e-05
1.683038e+01 2.834245e-01 -5.200817e-05
1.683038e+01 3.967448e-01 -7.478635e-05
1.683038e+01 5.552783e-01 -1.081719e-04
1.683038e+01 7.774819e-01 -1.546967e-04
1.683038e+01 1.088445e+00 -2.153851e-04
1.683038e+01 1.523711e+00 -2.997009e-04
1.683038e+01 2.088426e+00 -3.78196e-04
1.683038e+01 2.685505e+00 -3.514687e-04
1.718699e+01 1.570796e-02 -4.577421e-07
1.718699e+01 2.346256e-02 -3.72627e-07
1.718699e+01 3.503514e-02 -9.753255e-07
1.718699e+01 5.263151e-02 -3.452218e-06
1.718699e+01 7.314235e-02 -6.077285e-06
1.718699e+01 1.025928e-01 -1.145076e-05
1.718699e+01 1.448116e-01 -1.619892e-05
1.718699e+01 2.023460e-01 -2.608931e-05
1.718699e+01 2.834245e-01 -3.733458e-05
1.718699e+01 3.967448e-01 -5.414237e-05
1.718699e+01 5.552783e-01 -7.85574e-05
1.718699e+01 7.774819e-01 -1.12815e-04
1.718699e+01 1.088445e+00 -1.573851e-04
1.718699e+01 1.523711e+00 -2.204059e-04
1.718699e+01 2.088426e+00 -2.805037e-04
1.718699e+01 2.685505e+00 -2.620193e-04
1.755073e+01 1.570796e-02 -3.294117e-07
1.755073e+01 2.346256e-02 -2.638429e-07
1.755073e+01 3.503514e-02 -7.13022e-07
1.755073e+01 5.263151e-02 -2.46853e-06
1.755073e+01 7.314235e-02 -4.342875e-06
1.755073e+01 1.025928e-01 -8.146599e-06
1.755073e+01 1.448116e-01 -1.154408e-05
1.755073e+01 2.023460e-01 -1.834065e-05
1.755073e+01 2.834245e-01 -2.669153e-05
1.755073e+01 3.967448e-01 -3.849684e-05
1.755073e+01 5.552783e-01 -5.567728e-05
1.755073e+01 7.774819e-01 -8.048970e-05
1.755073e+01 1.088445e+00 -1.123502e-04
1.755073e+01 1.523711e+00 -1.590166e-04
1.755073e+01 2.088426e+00 -2.044502e-04
1.755073e+01 2.685505e+00 -1.899509e-04
1.792175e+01 1.570796e-02 -2.332158e-07
1.792175e+01 2.346256e-02 -1.959529e-07
1.792175e+01 3.503514e-02 -5.102336e-07
1.792175e+01 5.263151e-02 -1.682685e-06
1.792175e+01 7.314235e-02 -3.081166e-06
1.792175e+01 1.025928e-01 -5.605477e-06
1.792175e+01 1.448116e-01 -7.77856e-06
1.792175e+01 2.023460e-01 -1.269209e-05
1.792175e+01 2.834245e-01 -1.823868e-05
1.792175e+01 3.967448e-01 -2.663555e-05
1.792175e+01 5.552783e-01 -3.864786e-05
1.792175e+01 7.774819e-01 -5.586755e-05
1.792175e+01 1.088445e+00 -7.814177e-05
1.792175e+01 1.523711e+00 -1.125404e-04
1.792175e+01 2.088426e+00 -1.450123e-04
1.792175e+01 2.685505e+00 -1.385264e-04
1.830018e+01 1.570796e-02 -1.566304e-07
1.830018e+01 2.346256e-02 -1.333056e-07
1.830018e+01 3.503514e-02 -3.622139e-07
1.830018e+01 5.263151e-02 -1.158691e-06
1.830018e+01 7.314235e-02 -2.154624e-06
1.830018e+01 1.025928e-01 -3.802966e-06
1.830018e+01 1.448116e-01 -5.238669e-06
1.830018e+01 2.023460e-01 -8.653294e-06
1.830018e+01 2.834245e-01 -1.257879e-05
1.830018e+01 3.967448e-01 -1.819365e-05
1.830018e+01 5.552783e-01 -2.669712e-05
1.830018e+01 7.774819e-01 -3.884206e-05
1.830018e+01 1.088445e+00 -5.420325e-05
1.830018e+01 1.523711e+00 -7.870956e-05
1.830018e+01 2.088426e+00 -1.033594e-04
1.830018e+01 2.685505e+00 -1.007752e-04
1.868618e+01 1.570796e-02 -1.17966e-07
1.868618e+01 2.346256e-02 -7.941863e-08
1.868618e+01 3.503514e-02 -2.395747e-07
1.868618e+01 5.263151e-02 -7.868079e-07
1.868618e+01 7.314235e-02 -1.454643e-06
1.868618e+01 1.025928e-01 -2.560754e-06
1.868618e+01 1.448116e-01 -3.470004e-06
1.868618e+01 2.023460e-01 -5.727728e-06
1.868618e+01 2.834245e-01 -8.424774e-06
1.868618e+01 3.967448e-01 -1.227095e-05
1.868618e+01 5.552783e-01 -1.804334e-05
1.868618e+01 7.774819e-01 -2.646550e-05
1.868618e+01 1.088445e+00 -3.706843e-05
1.868618e+01 1.523711e+00 -5.379212e-05
1.868618e+01 2.088426e+00 -7.048586e-05
1.868618e+01 2.685505e+00 -6.938485e-05
1.907991e+01 1.570796e-02 -8.681734e-08
1.907991e+01 2.346256e-02 -5.149178e-08
1.907991e+01 3.503514e-02 -1.457327e-07
1.907991e+01 5.263151e-02 -5.307344e-07
1.907991e+01 7.314235e-02 -9.848342e-07
1.907991e+01 1.025928e-01 -1.667941e-06
1.907991e+01 1.448116e-01 -2.324756e-06
1.907991e+01 2.023460e-01 -3.759996e-06
1.907991e+01 2.834245e-01 -5.556473e-06
1.907991e+01 3.967448e-01 -8.107049e-06
1.907991e+01 5.552783e-01 -1.199901e-05
1.907991e+01 7.774819e-01 -1.755636e-05
1.907991e+01 1.088445e+00 -2.478891e-05
1.907991e+01 1.523711e+00 -3.626097e-05
1.907991e+01 2.088426e+00 -4.710256e-05
1.907991e+01 2.685505e+00 -4.475466e-05
1.948151e+01 1.570796e-02 -5.298482e-08
1.948151e+01 2.346256e-02 -3.343689e-08
1.948151e+01 3.503514e-02 -8.412052e-08
1.948151e+01 5.263151e-02 -3.390148e-07
1.948151e+01 7.314235e-02 -5.971952e-07
1.948151e+01 1.025928e-01 -1.049783e-06
1.948151e+01 1.448116e-01 -1.484210e-06
1.948151e+01 2.023460e-01 -2.352501e-06
1.948151e+01 2.834245e-01 -3.51615e-06
1.948151e+01 3.967448e-01 -5.154936e-06
1.948151e+01 5.552783e-01 -7.627819e-06
1.948151e+01 7.774819e-01 -1.117794e-05
1.948151e+01 1.088445e+00 -1.603320e-05
1.948151e+01 1.523711e+00 -2.358844e-05
1.948151e+01 2.088426e+00 -3.105411e-05
1.948151e+01 2.685505e+00 -2.974754e-05
1.989114e+01 1.570796e-02 -2.757671e-08
1.989114e+01 2.346256e-02 -2.105646e-08
1.989114e+01 3.503514e-02 -4.293868e-08
1.989114e+01 5.263151e-02 -2.038959e-07
1.989114e+01 7.314235e-02 -3.530483e-07
1.989114e+01 1.025928e-01 -6.041361e-07
1.989114e+01 1.448116e-01 -8.933425e-07
1.989114e+01 2.023460e-01 -1.449372e-06
1.989114e+01 2.834245e-01 -2.100511e-06
1.989114e+01 3.967448e-01 -3.188177e-06
1.989114e+01 5.552783e-01 -4.654378e-06
1.989114e+01 7.774819e-01 -7.038682e-06
1.989114e+01 1.088445e+00 -1.018979e-05
1.989114e+01 1.523711e+00 -1.530767e-05
1.989114e+01 2.088426e+00 -1.993526e-05
1.989114e+01 2.685505e+00 -1.910678e-05
2.030896e+01 1.570796e-02 -2.017924e-08
2.030896e+01 2.346256e-02 -1.191571e-08
2.030896e+01 3.503514e-02 -2.202384e-08
2.030896e+01 5.263151e-02 -1.244024e-07
2.030896e+01 7.314235e-02 -2.049255e-07
2.030896e+01 1.025928e-01 -3.616672e-07
2.030896e+01 1.448116e-01 -5.021343e-07
2.030896e+01 2.023460e-01 -8.190423e-07
2.030896e+01 2.834245e-01 -1.220271e-06
2.030896e+01 3.967448e-01 -1.803083e-06
2.030896e+01 5.552783e-01 -2.722924e-06
2.030896e+01 7.774819e-01 -4.200084e-06
2.030896e+01 1.088445e+00 -6.068939e-06
2.030896e+01 1.523711e+00 -9.117294e-06
2.030896e+01 2.088426e+00 -1.213086e-05
2.030896e+01 2.685505e+00 -1.157584e-05
2.073514e+01 1.570796e-02 7.926394e-10
2.073514e+01 2.346256e-02 6.445921e-10
2.073514e+01 3.503514e-02 1.873343e-09
2.073514e+01 5.263151e-02 5.56547e-09
2.073514e+01 7.314235e-02 1.044423e-08
2.073514e+01 1.025928e-01 1.856626e-08
2.073514e+01 1.448116e-01 2.737419e-08
2.073514e+01 2.023460e-01 4.103787e-08
2.073514e+01 2.834245e-01 6.004520e-08
2.073514e+01 3.967448e-01 8.569111e-08
2.073514e+01 5.552783e-01 1.169482e-07
2.073514e+01 7.774819e-01 1.467585e-07
2.073514e+01 1.088445e+00 1.570796e-07
2.073514e+01 1.523711e+00 1.303634e-07
2.073514e+01 2.088426e+00 8.298568e-08
2.073514e+01 2.685505e+00 4.149562e-08
2.116984e+01 1.570796e-02 7.505573e-10
2.116984e+01 2.346256e-02 6.092520e-10
2.116984e+01 3.503514e-02 1.774966e-09
2.116984e+01 5.263151e-02 5.267215e-09
2.116984e+01 7.314235e-02 9.884859e-09
2.116984e+01 1.025928e-01 1.757925e-08
2.116984e+01 1.448116e-01 2.594967e-08
2.116984e+01 2.023460e-01 3.896174e-08
2.116984e+01 2.834245e-01 5.728078e-08
2.116984e+01 3.967448e-01 8.226289e-08
2.116984e+01 5.552783e-01 1.130495e-07
2.116984e+01 7.774819e-01 1.426366e-07
2.116984e+01 1.088445e+00 1.535069e-07
2.116984e+01 1.523711e+00 1.281834e-07
2.116984e+01 2.088426e+00 8.208621e-08
2.116984e+01 2.685505e+00 4.121652e-08
2.161324e+01 1.570796e-02 7.088879e-10
2.161324e+01 2.346256e-02 5.740855e-10
2.161324e+01 3.503514e-02 1.678177e-09
2.161324e+01 5.263151e-02 4.974272e-09
2.161324e+01 7.314235e-02 9.337331e-09
2.161324e+01 1.025928e-01 1.660916e-08
2.161324e+01 1.448116e-01 2.454832e-08
2.161324e+01 2.023460e-01 3.693420e-08
2.161324e+01 2.834245e-01 5.457561e-08
2.161324e+01 3.967448e-01 7.887406e-08
2.161324e+01 5.552783e-01 1.091205e-07
2.161324e+01 7.774819e-01 1.384076e-07
2.161324e+01 1.088445e+00 1.498352e-07
2.161324e+01 1.523711e+00 1.259496e-07
2.161324e+01 2.088426e+00 8.127939e-08
2.161324e+01 2.685505e+00 4.098607e-08
2.206550e+01 1.570796e-02 6.678690e-10
2.206550e+01 2.346256e-02 5.394705e-10
2.206550e+01 3.503514e-02 1.583878e-09
2.206550e+01 5.263151e-02 4.686094e-09
2.206550e+01 7.314235e-02 8.800747e-09
2.206550e+01 1.025928e-01 1.566492e-08
2.206550e+01 1.448116e-01 2.318137e-08
2.206550e+01 2.023460e-01 3.495743e-08
2.206550e+01 2.834245e-01 5.194502e-08
2.206550e+01 3.967448e-01 7.552815e-08
2.206550e+01 5.552783e-01 1.052111e-07
2.206550e+01 7.774819e-01 1.341604e-07
2.206550e+01 1.088445e+00 1.460281e-07
2.206550e+01 1.523711e+00 1.237954e-07
2.206550e+01 2.088426e+00 8.058752e-08
2.206550e+01 2.685505e+00 4.073890e-08
2.252681e+01 1.570796e-02 6.277003e-10
2.252681e+01 2.346256e-02 5.057159e-10
2.252681e+01 3.503514e-02 1.491326e-09
2.252681e+01 5.263151e-02 4.405088e-09
2.252681e+01 7.314235e-02 8.279787e-09
2.252681e+01 1.025928e-01 1.474546e-08
2.252681e+01 1.448116e-01 2.185119e-08
2.252681e+01 2.023460e-01 3.303551e-08
2.252681e+01 2.834245e-01 4.936393e-08
2.252681e+01 3.967448e-01 7.223372e-08
2.252681e+01 5.552783e-01 1.012676e-07
2.252681e+01 7.774819e-01 1.297482e-07
2.252681e+01 1.088445e+00 1.420831e-07
2.252681e+01 1.523711e+00 1.215805e-07
2.252681e+01 2.088426e+00 7.99287e-08
2.252681e+01 2.685505e+00 4.05163e-08
2.299735e+01 1.570796e-02 5.886154e-10
2.299735e+01 2.346256e-02 4.727006e-10
2.299735e+01 3.503514e-02 1.40105e-09
2.299735e+01 5.263151e-02 4.132411e-09
2.299735e+01 7.314235e-02 7.774459e-09
2.299735e+01 1.025928e-01 1.385272e-08
2.299735e+01 1.448116e-01 2.056257e-08
2.299735e+01 2.023460e-01 3.115811e-08
2.299735e+01 2.834245e-01 4.685568e-08
2.299735e+01 3.967448e-01 6.896546e-08
2.299735e+01 5.552783e-01 9.724598e-08
2.299735e+01 7.774819e-01 1.25217e-07
2.299735e+01 1.088445e+00 1.380541e-07
2.299735e+01 1.523711e+00 1.193815e-07
2.299735e+01 2.088426e+00 7.947438e-08
2.299735e+01 2.685505e+00 4.016098e-08
2.34773e+01 1.570796e-02 5.503104e-10
2.34773e+01 2.346256e-02 4.406535e-10
2.34773e+01 3.503514e-02 1.312802e-09
2.34773e+01 5.263151e-02 3.867365e-09
2.34773e+01 7.314235e-02 7.282274e-09
2.34773e+01 1.025928e-01 1.298129e-08
2.34773e+01 1.448116e-01 1.930434e-08
2.34773e+01 2.023460e-01 2.933607e-08
2.34773e+01 2.834245e-01 4.439116e-08
2.34773e+01 3.967448e-01 6.571267e-08
2.34773e+01 5.552783e-01 9.319215e-08
2.34773e+01 7.774819e-01 1.205779e-07
2.34773e+01 1.088445e+00 1.338906e-07
2.34773e+01 1.523711e+00 1.172744e-07
2.34773e+01 2.088426e+00 7.911721e-08
2.34773e+01 2.685505e+00 3.995028e-08
2.396684e+01 1.570796e-02 5.134424e-10
2.396684e+01 2.346256e-02 4.096304e-10
2.396684e+01 3.503514e-02 1.226879e-09
2.396684e+01 5.263151e-02 3.609369e-09
2.396684e+01 7.314235e-02 6.805085e-09
2.396684e+01 1.025928e-01 1.213672e-08
2.396684e+01 1.448116e-01 1.808301e-08
2.396684e+01 2.023460e-01 2.756423e-08
2.396684e+01 2.834245e-01 4.196491e-08
2.396684e+01 3.967448e-01 6.249523e-08
2.396684e+01 5.552783e-01 8.905867e-08
2.396684e+01 7.774819e-01 1.158704e-07
2.396684e+01 1.088445e+00 1.296412e-07
2.396684e+01 1.523711e+00 1.151632e-07
2.396684e+01 2.088426e+00 7.879159e-08
2.396684e+01 2.685505e+00 3.982277e-08
2.446618e+01 1.570796e-02 4.774982e-10
2.446618e+01 2.346256e-02 3.793221e-10
2.446618e+01 3.503514e-02 1.143094e-09
2.446618e+01 5.263151e-02 3.358484e-09
2.446618e+01 7.314235e-02 6.340303e-09
2.446618e+01 1.025928e-01 1.131725e-08
2.446618e+01 1.448116e-01 1.689350e-08
2.446618e+01 2.023460e-01 2.582754e-08
2.446618e+01 2.834245e-01 3.957462e-08
2.446618e+01 3.967448e-01 5.927632e-08
2.446618e+01 5.552783e-01 8.489302e-08
2.446618e+01 7.774819e-01 1.10969e-07
2.446618e+01 1.088445e+00 1.251966e-07
2.446618e+01 1.523711e+00 1.128966e-07
2.446618e+01 2.088426e+00 7.859046e-08
2.446618e+01 2.685505e+00 4.004362e-08
2.497550e+01 1.570796e-02 4.426902e-10
2.497550e+01 2.346256e-02 3.497085e-10
2.497550e+01 3.503514e-02 1.061722e-09
2.497550e+01 5.263151e-02 3.115199e-09
2.497550e+01 7.314235e-02 5.891864e-09
2.497550e+01 1.025928e-01 1.052164e-08
2.497550e+01 1.448116e-01 1.573408e-08
2.497550e+01 2.023460e-01 2.413785e-08
2.497550e+01 2.834245e-01 3.72239e-08
2.497550e+01 3.967448e-01 5.604044e-08
2.497550e+01 5.552783e-01 8.063013e-08
2.497550e+01 7.774819e-01 1.059018e-07
2.497550e+01 1.088445e+00 1.206332e-07
2.497550e+01 1.523711e+00 1.106260e-07
2.497550e+01 2.088426e+00 7.853269e-08
2.497550e+01 2.685505e+00 4.011161e-08
2.549501e+01 1.570796e-02 4.088531e-10
2.549501e+01 2.346256e-02 3.211734e-10
2.549501e+01 3.503514e-02 9.825920e-10
2.549501e+01 5.263151e-02 2.879098e-09
2.549501e+01 7.314235e-02 5.455699e-09
2.549501e+01 1.025928e-01 9.747788e-09
2.549501e+01 1.448116e-01 1.460850e-08
2.549501e+01 2.023460e-01 2.248139e-08
2.549501e+01 2.834245e-01 3.489516e-08
2.549501e+01 3.967448e-01 5.279773e-08
2.549501e+01 5.552783e-01 7.625747e-08
2.549501e+01 7.774819e-01 1.007648e-07
2.549501e+01 1.088445e+00 1.159025e-07
2.549501e+01 1.523711e+00 1.081718e-07
2.549501e+01 2.088426e+00 7.849049e-08
2.549501e+01 2.685505e+00 4.043867e-08
2.602491e+01 1.570796e-02 3.760519e-10
2.602491e+01 2.346256e-02 2.934779e-10
2.602491e+01 3.503514e-02 9.052543e-10
2.602491e+01 5.263151e-02 2.649667e-09
2.602491e+01 7.314235e-02 5.03003e-09
2.602491e+01 1.025928e-01 8.994186e-09
2.602491e+01 1.448116e-01 1.350781e-08
2.602491e+01 2.023460e-01 2.085872e-08
2.602491e+01 2.834245e-01 3.258286e-08
2.602491e+01 3.967448e-01 4.953317e-08
2.602491e+01 5.552783e-01 7.182447e-08
2.602491e+01 7.774819e-01 9.545842e-08
2.602491e+01 1.088445e+00 1.109242e-07
2.602491e+01 1.523711e+00 1.055611e-07
2.602491e+01 2.088426e+00 7.851128e-08
2.602491e+01 2.685505e+00 4.109038e-08
2.656541e+01 1.570796e-02 3.441646e-10
2.656541e+01 2.346256e-02 2.668016e-10
2.656541e+01 3.503514e-02 8.301156e-10
2.656541e+01 5.263151e-02 2.426644e-09
2.656541e+01 7.314235e-02 4.618045e-09
2.656541e+01 1.025928e-01 8.262488e-09
2.656541e+01 1.448116e-01 1.243578e-08
2.656541e+01 2.023460e-01 1.927108e-08
2.656541e+01 2.834245e-01 3.028941e-08
2.656541e+01 3.967448e-01 4.624644e-08
2.656541e+01 5.552783e-01 6.732484e-08
2.656541e+01 7.774819e-01 8.998771e-08
2.656541e+01 1.088445e+00 1.057384e-07
2.656541e+01 1.523711e+00 1.026506e-07
2.656541e+01 2.088426e+00 7.846680e-08
2.656541e+01 2.685505e+00 4.2001e-08
2.711672e+01 1.570796e-02 3.132909e-10
2.711672e+01 2.346256e-02 2.410259e-10
2.711672e+01 3.503514e-02 7.571146e-10
2.711672e+01 5.263151e-02 2.209852e-09
2.711672e+01 7.314235e-02 4.214992e-09
2.711672e+01 1.025928e-01 7.549343e-09
2.711672e+01 1.448116e-01 1.138616e-08
2.711672e+01 2.023460e-01 1.770965e-08
2.711672e+01 2.834245e-01 2.800335e-08
2.711672e+01 3.967448e-01 4.292591e-08
2.711672e+01 5.552783e-01 6.272677e-08
2.711672e+01 7.774819e-01 8.439767e-08
2.711672e+01 1.088445e+00 1.003199e-07
2.711672e+01 1.523711e+00 9.949822e-08
2.711672e+01 2.088426e+00 7.829539e-08
2.711672e+01 2.685505e+00 4.338101e-08
2.767905e+01 1.570796e-02 2.833623e-10
2.767905e+01 2.346256e-02 2.162303e-10
2.767905e+01 3.503514e-02 6.859265e-10
2.767905e+01 5.263151e-02 1.999306e-09
2.767905e+01 7.314235e-02 3.82431e-09
2.767905e+01 1.025928e-01 6.853076e-09
2.767905e+01 1.448116e-01 1.036009e-08
2.767905e+01 2.023460e-01 1.617258e-08
2.767905e+01 2.834245e-01 2.571857e-08
2.767905e+01 3.967448e-01 3.959018e-08
2.767905e+01 5.552783e-01 5.804780e-08
2.767905e+01 7.774819e-01 7.85984e-08
2.767905e+01 1.088445e+00 9.460734e-08
2.767905e+01 1.523711e+00 9.592199e-08
2.767905e+01 2.088426e+00 7.804368e-08
2.767905e+01 2.685505e+00 4.493666e-08
2.825263e+01 1.570796e-02 2.542738e-10
2.825263e+01 2.346256e-02 1.924016e-10
2.825263e+01 3.503514e-02 6.166452e-10
2.825263e+01 5.263151e-02 1.794823e-09
2.825263e+01 7.314235e-02 3.442284e-09
2.825263e+01 1.025928e-01 6.173943e-09
2.825263e+01 1.448116e-01 9.357355e-09
2.825263e+01 2.023460e-01 1.465437e-08
2.825263e+01 2.834245e-01 2.343953e-08
2.825263e+01 3.967448e-01 3.621995e-08
2.825263e+01 5.552783e-01 5.328943e-08
2.825263e+01 7.774819e-01 7.263876e-08
2.825263e+01 1.088445e+00 8.853872e-08
2.825263e+01 1.523711e+00 9.191949e-08
2.825263e+01 2.088426e+00 7.747875e-08
2.825263e+01 2.685505e+00 4.692541e-08
2.883769e+01 1.570796e-02 2.259245e-10
2.883769e+01 2.346256e-02 1.694370e-10
2.883769e+01 3.503514e-02 5.492728e-10
2.883769e+01 5.263151e-02 1.596422e-09
2.883769e+01 7.314235e-02 3.06984e-09
2.883769e+01 1.025928e-01 5.510902e-09
2.883769e+01 1.448116e-01 8.373544e-09
2.883769e+01 2.023460e-01 1.316217e-08
2.883769e+01 2.834245e-01 2.116109e-08
2.883769e+01 3.967448e-01 3.280207e-08
2.883769e+01 5.552783e-01 4.8434e-08
2.883769e+01 7.774819e-01 6.647561e-08
2.883769e+01 1.088445e+00 8.206759e-08
2.883769e+01 1.523711e+00 8.736435e-08
2.883769e+01 2.088426e+00 7.657065e-08
2.883769e+01 2.685505e+00 4.919555e-08
2.943444e+01 1.570796e-02 1.986851e-10
2.943444e+01 2.346256e-02 1.474345e-10
2.943444e+01 3.503514e-02 4.837615e-10
2.943444e+01 5.263151e-02 1.403164e-09
2.943444e+01 7.314235e-02 2.706625e-09
2.943444e+01 1.025928e-01 4.863107e-09
2.943444e+01 1.448116e-01 7.40788e-09
2.943444e+01 2.023460e-01 1.168862e-08
2.943444e+01 2.834245e-01 1.888619e-08
2.943444e+01 3.967448e-01 2.936679e-08
2.943444e+01 5.552783e-01 4.350595e-08
2.943444e+01 7.774819e-01 6.010695e-08
2.943444e+01 1.088445e+00 7.520297e-08
2.943444e+01 1.523711e+00 8.214258e-08
2.943444e+01 2.088426e+00 7.508419e-08
2.943444e+01 2.685505e+00 5.165046e-08
3.004313e+01 1.570796e-02 1.723023e-10
3.004313e+01 2.346256e-02 1.265161e-10
3.004313e+01 3.503514e-02 4.197480e-10
3.004313e+01 5.263151e-02 1.215968e-09
3.004313e+01 7.314235e-02 2.352256e-09
3.004313e+01 1.025928e-01 4.230407e-09
3.004313e+01 1.448116e-01 6.461948e-09
3.004313e+01 2.023460e-01 1.023277e-08
3.004313e+01 2.834245e-01 1.66166e-08
3.004313e+01 3.967448e-01 2.590429e-08
3.004313e+01 5.552783e-01 3.850967e-08
3.004313e+01 7.774819e-01 5.357292e-08
3.004313e+01 1.088445e+00 6.793331e-08
3.004313e+01 1.523711e+00 7.619052e-08
3.004313e+01 2.088426e+00 7.283047e-08
3.004313e+01 2.685505e+00 5.406756e-08
3.066399e+01 1.570796e-02 1.465893e-10
3.066399e+01 2.346256e-02 1.063567e-10
3.066399e+01 3.503514e-02 3.573938e-10
3.066399e+01 5.263151e-02 1.034552e-09
3.066399e+01 7.314235e-02 2.006432e-09
3.066399e+01 1.025928e-01 3.613112e-09
3.066399e+01 1.448116e-01 5.535834e-09
3.066399e+01 2.023460e-01 8.797649e-09
3.066399e+01 2.834245e-01 1.434678e-08
3.066399e+01 3.967448e-01 2.241714e-08
3.066399e+01 5.552783e-01 3.343754e-08
3.066399e+01 7.774819e-01 4.684165e-08
3.066399e+01 1.088445e+00 6.021945e-08
3.066399e+01 1.523711e+00 6.939791e-08
3.066399e+01 2.088426e+00 6.973363e-08
3.066399e+01 2.685505e+00 5.638601e-08
3.129727e+01 1.570796e-02 1.216519e-10
3.129727e+01 2.346256e-02 8.722718e-11
3.129727e+01 3.503514e-02 2.970927e-10
3.129727e+01 5.263151e-02 8.583223e-10
3.129727e+01 7.314235e-02 1.669670e-09
3.129727e+01 1.025928e-01 3.011863e-09
3.129727e+01 1.448116e-01 4.625633e-09
3.129727e+01 2.023460e-01 7.376848e-09
3.129727e+01 2.834245e-01 1.208161e-08
3.129727e+01 3.967448e-01 1.891046e-08
3.129727e+01 5.552783e-01 2.830872e-08
3.129727e+01 7.774819e-01 3.994873e-08
3.129727e+01 1.088445e+00 5.205257e-08
3.129727e+01 1.523711e+00 6.167661e-08
3.129727e+01 2.088426e+00 6.538561e-08
3.129727e+01 2.685505e+00 5.762708e-08
3.194322e+01 1.570796e-02 9.764163e-11
3.194322e+01 2.346256e-02 6.909413e-11
3.194322e+01 3.503514e-02 2.385418e-10
3.194322e+01 5.263151e-02 6.879146e-10
3.194322e+01 7.314235e-02 1.342033e-09
3.194322e+01 1.025928e-01 2.424988e-09
3.194322e+01 1.448116e-01 3.735797e-09
3.194322e+01 2.023460e-01 5.975407e-09
3.194322e+01 2.834245e-01 9.824419e-09
3.194322e+01 3.967448e-01 1.540593e-08
3.194322e+01 5.552783e-01 2.313433e-08
3.194322e+01 7.774819e-01 3.287327e-08
3.194322e+01 1.088445e+00 4.344165e-08
3.194322e+01 1.523711e+00 5.298814e-08
3.194322e+01 2.088426e+00 5.931354e-08
3.194322e+01 2.685505e+00 5.715249e-08
3.260208e+01 1.570796e-02 7.433655e-11
3.260208e+01 2.346256e-02 5.200279e-11
3.260208e+01 3.503514e-02 1.820202e-10
3.260208e+01 5.263151e-02 5.237465e-10
3.260208e+01 7.314235e-02 1.025233e-09
3.260208e+01 1.025928e-01 1.854528e-09
3.260208e+01 1.448116e-01 2.864434e-09
3.260208e+01 2.023460e-01 4.597566e-09
3.260208e+01 2.834245e-01 7.587618e-09
3.260208e+01 3.967448e-01 1.191131e-08
3.260208e+01 5.552783e-01 1.79251e-08
3.260208e+01 7.774819e-01 2.563575e-08
3.260208e+01 1.088445e+00 3.433371e-08
3.260208e+01 1.523711e+00 4.316852e-08
3.260208e+01 2.088426e+00 5.114367e-08
3.260208e+01 2.685505e+00 5.395112e-08
3.327412e+01 1.570796e-02 5.191489e-11
3.327412e+01 2.346256e-02 3.555938e-11
3.327412e+01 3.503514e-02 1.267154e-10
3.327412e+01 5.263151e-02 3.644567e-10
3.327412e+01 7.314235e-02 7.157223e-10
3.327412e+01 1.025928e-01 1.297878e-09
3.327412e+01 1.448116e-01 2.010291e-09
3.327412e+01 2.023460e-01 3.239304e-09
3.327412e+01 2.834245e-01 5.367123e-09
3.327412e+01 3.967448e-01 8.428682e-09
3.327412e+01 5.552783e-01 1.272789e-08
3.327412e+01 7.774819e-01 1.831612e-08
3.327412e+01 1.088445e+00 2.484348e-08
3.327412e+01 1.523711e+00 3.223119e-08
3.327412e+01 2.088426e+00 4.044988e-08
3.327412e+01 2.685505e+00 4.652611e-08
3.395961e+01 1.570796e-02 3.142874e-11
3.395961e+01 2.346256e-02 2.173018e-11
3.395961e+01 3.503514e-02 7.74477e-11
3.395961e+01 5.263151e-02 2.218398e-10
3.395961e+01 7.314235e-02 4.361181e-10
3.395961e+01 1.025928e-01 7.90523e-10
3.395961e+01 1.448116e-01 1.223788e-09
3.395961e+01 2.023460e-01 1.968079e-09
3.395961e+01 2.834245e-01 3.251606e-09
3.395961e+01 3.967448e-01 5.074201e-09
3.395961e+01 5.552783e-01 7.633858e-09
3.395961e+01 7.774819e-01 1.099199e-08
3.395961e+01 1.088445e+00 1.503130e-08
3.395961e+01 1.523711e+00 2.003857e-08
3.395961e+01 2.088426e+00 2.650035e-08
3.395961e+01 2.685505e+00 3.278660e-08
3.46588e+01 1.570796e-02 9.371632e-12
3.46588e+01 2.346256e-02 7.035148e-12
3.46588e+01 3.503514e-02 2.347877e-11
3.46588e+01 5.263151e-02 6.549665e-11
3.46588e+01 7.314235e-02 1.320144e-10
3.46588e+01 1.025928e-01 2.426775e-10
3.46588e+01 1.448116e-01 3.808683e-10
3.46588e+01 2.023460e-01 6.168754e-10
3.46588e+01 2.834245e-01 1.036173e-09
3.46588e+01 3.967448e-01 1.627480e-09
3.46588e+01 5.552783e-01 2.473274e-09
3.46588e+01 7.774819e-01 3.601884e-09
3.46588e+01 1.088445e+00 4.994700e-09
3.46588e+01 1.523711e+00 6.833471e-09
3.46588e+01 2.088426e+00 9.543843e-09
3.46588e+01 2.685505e+00 1.272224e-08
3.537197e+01 1.570796e-02 0.e+00
3.537197e+01 2.346256e-02 0.e+00
3.537197e+01 3.503514e-02 0.e+00
3.537197e+01 5.263151e-02 0.e+00
3.537197e+01 7.314235e-02 0.e+00
3.537197e+01 1.025928e-01 0.e+00
3.537197e+01 1.448116e-01 0.e+00
3.537197e+01 2.023460e-01 0.e+00
3.537197e+01 2.834245e-01 0.e+00
3.537197e+01 3.967448e-01 0.e+00
3.537197e+01 5.552783e-01 0.e+00
3.537197e+01 7.774819e-01 0.e+00
3.537197e+01 1.088445e+00 0.e+00
3.537197e+01 1.523711e+00 0.e+00
3.537197e+01 2.088426e+00 0.e+00
3.537197e+01 2.685505e+00 0.e+00
