35.37197473298937 0.9997801780700684
34.65879875783272 0.9997801780700684
33.959606625326195 0.9997802376747131
33.27412414247666 0.9997802972793579
32.60208249262418 0.9997802972793579
31.943218130023702 0.999780535697937
31.297272676493826 0.9997805953025818
30.663992820091988 0.9997806549072266
30.043130215776458 0.9997806549072266
29.434441388016136 0.9997844696044922
28.837687635309937 0.9997844696044922
28.252634936578367 0.999784529209137
27.679053859390557 0.9997845888137817
27.11671946999074 0.9997845888137817
26.56541124508896 0.9997848272323608
26.024912985381334 0.9997848272323608
25.495012730766014 0.9997848868370056
24.97550267722158 0.9997849464416504
24.466179095315276 0.9997849464416504
23.966842250309092 0.9997853636741638
23.477296323832444 0.9997859001159668
22.997349337090633 0.9997859001159668
22.52681307557905 0.9997859597206116
22.065503015273578 0.9997860193252563
21.613238250268214 0.9997860193252563
21.16984142183158 0.9997862577438354
20.73513864885449 0.9997803568840027
20.308959459661267 0.9997754693031311
19.891136725158105 0.9997676610946655
19.48150659329226 0.9997538924217224
19.079908424796333 0.999733567237854
18.686184730192483 0.9996999502182007
18.300181108031847 0.9996502995491028
17.921746184344947 0.9995805025100708
17.55073155327936 0.9994857311248779
17.186991718901332 0.9993548393249512
16.83038403813856 0.9991847276687622
16.480768664841726 0.9989635944366455
16.13800849494287 0.9986893534660339
15.801969112689086 0.9983449578285217
15.472518737930475 0.9979178309440613
15.149528174441642 0.99738609790802
14.83287075925651 0.9967305064201355
14.522422312996579 0.9959142208099365
14.218061091173116 0.9949442744255066
13.91966773644423 0.9937657713890076
13.62712523180807 0.9923418760299683
13.340318854713793 0.9906131625175476
13.059136132072346 0.988593339920044
12.783466796149359 0.9861563444137573
12.5132027413229 0.9831944704055786
12.248237981689117 0.9797953367233276
11.988468609499135 0.975861668586731
11.733792754410917 0.9712599515914917
11.484110543540115 0.9659048318862915
11.23932406229423 0.9598742723464966
10.999337315974735 0.9529141783714294
10.764056192132093 0.9449043869972229
10.533388423658915 0.9358847737312317
10.30724355260678 0.9257513284683228
10.085532894712529 0.9139407277107239
9.868169504620125 0.9005215167999268
9.655068141784437 0.886003315448761
9.446145237043565 0.8698700070381165
9.241318859846633 0.8517966270446777
9.04050868612415 0.8318013548851013
8.843635966788382 0.8097337484359741
8.650623496851354 0.7850573062896729
8.461395585148386 0.7578127384185791
8.275878024655281 0.7278724312782288
8.09399806338753 0.6946008205413818
7.9156843758701285 0.6579537391662598
7.740867035166792 0.6184706687927246
7.569477485457639 0.5751242637634277
7.401448515154549 0.5276497006416321
7.236714230543676 0.4761042892932892
7.075210029944779 0.4199472963809967
6.916872578377234 0.3592980206012726
6.761639782722778 0.294033020734787
6.6094507673752725 0.22745077311992645
6.460245850367914 0.16379596292972565
6.3139665199685435 0.10661531984806061
6.170555411733866 0.061317894607782364
6.029956286013594 0.02957518957555294
5.89211400589568 0.008909727446734905
5.756974515584 0.002575663151219487
5.6244848192 0.0002717920870054513
5.49459296 0.0
5.367248 0.0
5.2424 0.0
5.12 0.0
5.0 0.0
