5.e+00 1.570796e-02 0.e+00
5.e+00 2.346256e-02 0.e+00
5.e+00 3.503514e-02 0.e+00
5.e+00 5.263151e-02 0.e+00
5.e+00 7.314235e-02 0.e+00
5.e+00 1.025928e-01 0.e+00
5.e+00 1.448116e-01 0.e+00
5.e+00 2.023460e-01 0.e+00
5.e+00 2.834245e-01 0.e+00
5.e+00 3.967448e-01 0.e+00
5.e+00 5.552783e-01 0.e+00
5.e+00 7.774819e-01 0.e+00
5.e+00 1.088445e+00 0.e+00
5.e+00 1.523711e+00 0.e+00
5.e+00 2.088426e+00 0.e+00
5.e+00 2.685505e+00 0.e+00
5.12e+00 1.570796e-02 0.e+00
5.12e+00 2.346256e-02 0.e+00
5.12e+00 3.503514e-02 0.e+00
5.12e+00 5.263151e-02 0.e+00
5.12e+00 7.314235e-02 0.e+00
5.12e+00 1.025928e-01 0.e+00
5.12e+00 1.448116e-01 0.e+00
5.12e+00 2.023460e-01 0.e+00
5.12e+00 2.834245e-01 0.e+00
5.12e+00 3.967448e-01 0.e+00
5.12e+00 5.552783e-01 0.e+00
5.12e+00 7.774819e-01 0.e+00
5.12e+00 1.088445e+00 0.e+00
5.12e+00 1.523711e+00 0.e+00
5.12e+00 2.088426e+00 0.e+00
5.12e+00 2.685505e+00 0.e+00
5.2424e+00 1.570796e-02 0.e+00
5.2424e+00 2.346256e-02 0.e+00
5.2424e+00 3.503514e-02 0.e+00
5.2424e+00 5.263151e-02 0.e+00
5.2424e+00 7.314235e-02 0.e+00
5.2424e+00 1.025928e-01 0.e+00
5.2424e+00 1.448116e-01 0.e+00
5.2424e+00 2.023460e-01 0.e+00
5.2424e+00 2.834245e-01 0.e+00
5.2424e+00 3.967448e-01 0.e+00
5.2424e+00 5.552783e-01 0.e+00
5.2424e+00 7.774819e-01 0.e+00
5.2424e+00 1.088445e+00 0.e+00
5.2424e+00 1.523711e+00 0.e+00
5.2424e+00 2.088426e+00 0.e+00
5.2424e+00 2.685505e+00 0.e+00
5.367248e+00 1.570796e-02 0.e+00
5.367248e+00 2.346256e-02 0.e+00
5.367248e+00 3.503514e-02 0.e+00
5.367248e+00 5.263151e-02 0.e+00
5.367248e+00 7.314235e-02 0.e+00
5.367248e+00 1.025928e-01 0.e+00
5.367248e+00 1.448116e-01 0.e+00
5.367248e+00 2.023460e-01 0.e+00
5.367248e+00 2.834245e-01 0.e+00
5.367248e+00 3.967448e-01 0.e+00
5.367248e+00 5.552783e-01 0.e+00
5.367248e+00 7.774819e-01 0.e+00
5.367248e+00 1.088445e+00 0.e+00
5.367248e+00 1.523711e+00 0.e+00
5.367248e+00 2.088426e+00 0.e+00
5.367248e+00 2.685505e+00 0.e+00
5.494593e+00 1.570796e-02 0.e+00
5.494593e+00 2.346256e-02 0.e+00
5.494593e+00 3.503514e-02 0.e+00
5.494593e+00 5.263151e-02 0.e+00
5.494593e+00 7.314235e-02 0.e+00
5.494593e+00 1.025928e-01 0.e+00
5.494593e+00 1.448116e-01 0.e+00
5.494593e+00 2.023460e-01 0.e+00
5.494593e+00 2.834245e-01 0.e+00
5.494593e+00 3.967448e-01 0.e+00
5.494593e+00 5.552783e-01 0.e+00
5.494593e+00 7.774819e-01 0.e+00
5.494593e+00 1.088445e+00 0.e+00
5.494593e+00 1.523711e+00 0.e+00
5.494593e+00 2.088426e+00 0.e+00
5.494593e+00 2.685505e+00 0.e+00
5.624485e+00 1.570796e-02 0.e+00
5.624485e+00 2.346256e-02 0.e+00
5.624485e+00 3.503514e-02 0.e+00
5.624485e+00 5.263151e-02 0.e+00
5.624485e+00 7.314235e-02 0.e+00
5.624485e+00 1.025928e-01 0.e+00
5.624485e+00 1.448116e-01 0.e+00
5.624485e+00 2.023460e-01 0.e+00
5.624485e+00 2.834245e-01 0.e+00
5.624485e+00 3.967448e-01 0.e+00
5.624485e+00 5.552783e-01 0.e+00
5.624485e+00 7.774819e-01 0.e+00
5.624485e+00 1.088445e+00 0.e+00
5.624485e+00 1.523711e+00 0.e+00
5.624485e+00 2.088426e+00 0.e+00
5.624485e+00 2.685505e+00 0.e+00
5.756975e+00 1.570796e-02 0.e+00
5.756975e+00 2.346256e-02 0.e+00
5.756975e+00 3.503514e-02 0.e+00
5.756975e+00 5.263151e-02 0.e+00
5.756975e+00 7.314235e-02 0.e+00
5.756975e+00 1.025928e-01 0.e+00
5.756975e+00 1.448116e-01 0.e+00
5.756975e+00 2.023460e-01 0.e+00
5.756975e+00 2.834245e-01 0.e+00
5.756975e+00 3.967448e-01 0.e+00
5.756975e+00 5.552783e-01 0.e+00
5.756975e+00 7.774819e-01 0.e+00
5.756975e+00 1.088445e+00 0.e+00
5.756975e+00 1.523711e+00 0.e+00
5.756975e+00 2.088426e+00 0.e+00
5.756975e+00 2.685505e+00 0.e+00
5.892114e+00 1.570796e-02 0.e+00
5.892114e+00 2.346256e-02 0.e+00
5.892114e+00 3.503514e-02 0.e+00
5.892114e+00 5.263151e-02 0.e+00
5.892114e+00 7.314235e-02 0.e+00
5.892114e+00 1.025928e-01 0.e+00
5.892114e+00 1.448116e-01 0.e+00
5.892114e+00 2.023460e-01 0.e+00
5.892114e+00 2.834245e-01 0.e+00
5.892114e+00 3.967448e-01 0.e+00
5.892114e+00 5.552783e-01 0.e+00
5.892114e+00 7.774819e-01 0.e+00
5.892114e+00 1.088445e+00 0.e+00
5.892114e+00 1.523711e+00 0.e+00
5.892114e+00 2.088426e+00 0.e+00
5.892114e+00 2.685505e+00 0.e+00
6.029956e+00 1.570796e-02 0.e+00
6.029956e+00 2.346256e-02 0.e+00
6.029956e+00 3.503514e-02 0.e+00
6.029956e+00 5.263151e-02 0.e+00
6.029956e+00 7.314235e-02 0.e+00
6.029956e+00 1.025928e-01 0.e+00
6.029956e+00 1.448116e-01 0.e+00
6.029956e+00 2.023460e-01 0.e+00
6.029956e+00 2.834245e-01 0.e+00
6.029956e+00 3.967448e-01 0.e+00
6.029956e+00 5.552783e-01 0.e+00
6.029956e+00 7.774819e-01 0.e+00
6.029956e+00 1.088445e+00 0.e+00
6.029956e+00 1.523711e+00 0.e+00
6.029956e+00 2.088426e+00 0.e+00
6.029956e+00 2.685505e+00 0.e+00
6.170555e+00 1.570796e-02 0.e+00
6.170555e+00 2.346256e-02 0.e+00
6.170555e+00 3.503514e-02 0.e+00
6.170555e+00 5.263151e-02 0.e+00
6.170555e+00 7.314235e-02 0.e+00
6.170555e+00 1.025928e-01 0.e+00
6.170555e+00 1.448116e-01 0.e+00
6.170555e+00 2.023460e-01 0.e+00
6.170555e+00 2.834245e-01 0.e+00
6.170555e+00 3.967448e-01 0.e+00
6.170555e+00 5.552783e-01 0.e+00
6.170555e+00 7.774819e-01 0.e+00
6.170555e+00 1.088445e+00 0.e+00
6.170555e+00 1.523711e+00 0.e+00
6.170555e+00 2.088426e+00 0.e+00
6.170555e+00 2.685505e+00 0.e+00
6.313967e+00 1.570796e-02 0.e+00
6.313967e+00 2.346256e-02 0.e+00
6.313967e+00 3.503514e-02 0.e+00
6.313967e+00 5.263151e-02 0.e+00
6.313967e+00 7.314235e-02 0.e+00
6.313967e+00 1.025928e-01 0.e+00
6.313967e+00 1.448116e-01 0.e+00
6.313967e+00 2.023460e-01 0.e+00
6.313967e+00 2.834245e-01 0.e+00
6.313967e+00 3.967448e-01 0.e+00
6.313967e+00 5.552783e-01 0.e+00
6.313967e+00 7.774819e-01 0.e+00
6.313967e+00 1.088445e+00 0.e+00
6.313967e+00 1.523711e+00 0.e+00
6.313967e+00 2.088426e+00 0.e+00
6.313967e+00 2.685505e+00 0.e+00
6.460246e+00 1.570796e-02 0.e+00
6.460246e+00 2.346256e-02 0.e+00
6.460246e+00 3.503514e-02 0.e+00
6.460246e+00 5.263151e-02 0.e+00
6.460246e+00 7.314235e-02 0.e+00
6.460246e+00 1.025928e-01 0.e+00
6.460246e+00 1.448116e-01 0.e+00
6.460246e+00 2.023460e-01 0.e+00
6.460246e+00 2.834245e-01 0.e+00
6.460246e+00 3.967448e-01 0.e+00
6.460246e+00 5.552783e-01 0.e+00
6.460246e+00 7.774819e-01 0.e+00
6.460246e+00 1.088445e+00 0.e+00
6.460246e+00 1.523711e+00 0.e+00
6.460246e+00 2.088426e+00 0.e+00
6.460246e+00 2.685505e+00 0.e+00
6.609451e+00 1.570796e-02 0.e+00
6.609451e+00 2.346256e-02 0.e+00
6.609451e+00 3.503514e-02 0.e+00
6.609451e+00 5.263151e-02 0.e+00
6.609451e+00 7.314235e-02 0.e+00
6.609451e+00 1.025928e-01 0.e+00
6.609451e+00 1.448116e-01 0.e+00
6.609451e+00 2.023460e-01 0.e+00
6.609451e+00 2.834245e-01 0.e+00
6.609451e+00 3.967448e-01 0.e+00
6.609451e+00 5.552783e-01 0.e+00
6.609451e+00 7.774819e-01 0.e+00
6.609451e+00 1.088445e+00 0.e+00
6.609451e+00 1.523711e+00 0.e+00
6.609451e+00 2.088426e+00 0.e+00
6.609451e+00 2.685505e+00 0.e+00
6.76164e+00 1.570796e-02 0.e+00
6.76164e+00 2.346256e-02 0.e+00
6.76164e+00 3.503514e-02 0.e+00
6.76164e+00 5.263151e-02 0.e+00
6.76164e+00 7.314235e-02 0.e+00
6.76164e+00 1.025928e-01 0.e+00
6.76164e+00 1.448116e-01 0.e+00
6.76164e+00 2.023460e-01 0.e+00
6.76164e+00 2.834245e-01 0.e+00
6.76164e+00 3.967448e-01 0.e+00
6.76164e+00 5.552783e-01 0.e+00
6.76164e+00 7.774819e-01 0.e+00
6.76164e+00 1.088445e+00 0.e+00
6.76164e+00 1.523711e+00 0.e+00
6.76164e+00 2.088426e+00 0.e+00
6.76164e+00 2.685505e+00 0.e+00
6.916873e+00 1.570796e-02 -1.791988e-05
6.916873e+00 2.346256e-02 -1.318680e-05
6.916873e+00 3.503514e-02 -2.484139e-05
6.916873e+00 5.263151e-02 -1.04247e-05
6.916873e+00 7.314235e-02 -4.148216e-05
6.916873e+00 1.025928e-01 -8.684626e-06
6.916873e+00 1.448116e-01 -4.582862e-05
6.916873e+00 2.023460e-01 -2.214316e-05
6.916873e+00 2.834245e-01 -6.964927e-06
6.916873e+00 3.967448e-01 -1.009008e-05
6.916873e+00 5.552783e-01 -1.099926e-05
6.916873e+00 7.774819e-01 -9.259588e-06
6.916873e+00 1.088445e+00 -1.138940e-05
6.916873e+00 1.523711e+00 -1.186311e-05
6.916873e+00 2.088426e+00 -1.496496e-05
6.916873e+00 2.685505e+00 -1.512955e-05
7.075210e+00 1.570796e-02 -1.285100e-04
7.075210e+00 2.346256e-02 -9.86784e-05
7.075210e+00 3.503514e-02 -1.609048e-04
7.075210e+00 5.263151e-02 -2.50668e-04
7.075210e+00 7.314235e-02 -2.989442e-04
7.075210e+00 1.025928e-01 -1.152194e-04
7.075210e+00 1.448116e-01 -2.200209e-04
7.075210e+00 2.023460e-01 -1.848591e-04
7.075210e+00 2.834245e-01 -2.493443e-04
7.075210e+00 3.967448e-01 -1.605257e-04
7.075210e+00 5.552783e-01 -1.371767e-04
7.075210e+00 7.774819e-01 -1.343587e-04
7.075210e+00 1.088445e+00 -1.230006e-04
7.075210e+00 1.523711e+00 -1.243951e-04
7.075210e+00 2.088426e+00 -1.469773e-04
7.075210e+00 2.685505e+00 -1.707651e-04
7.236714e+00 1.570796e-02 -3.034815e-04
7.236714e+00 2.346256e-02 -3.26739e-04
7.236714e+00 3.503514e-02 -3.624784e-04
7.236714e+00 5.263151e-02 -7.083328e-04
7.236714e+00 7.314235e-02 -8.888298e-04
7.236714e+00 1.025928e-01 -6.795449e-04
7.236714e+00 1.448116e-01 -9.201379e-04
7.236714e+00 2.023460e-01 -8.128481e-04
7.236714e+00 2.834245e-01 -9.364282e-04
7.236714e+00 3.967448e-01 -6.943955e-04
7.236714e+00 5.552783e-01 -5.925058e-04
7.236714e+00 7.774819e-01 -5.66151e-04
7.236714e+00 1.088445e+00 -4.907877e-04
7.236714e+00 1.523711e+00 -4.952102e-04
7.236714e+00 2.088426e+00 -5.819538e-04
7.236714e+00 2.685505e+00 -6.585421e-04
7.401449e+00 1.570796e-02 -6.216735e-04
7.401449e+00 2.346256e-02 -8.826986e-04
7.401449e+00 3.503514e-02 -1.310911e-03
7.401449e+00 5.263151e-02 -2.236072e-03
7.401449e+00 7.314235e-02 -3.314776e-03
7.401449e+00 1.025928e-01 -2.453917e-03
7.401449e+00 1.448116e-01 -3.139993e-03
7.401449e+00 2.023460e-01 -2.950996e-03
7.401449e+00 2.834245e-01 -3.012304e-03
7.401449e+00 3.967448e-01 -2.366864e-03
7.401449e+00 5.552783e-01 -2.134677e-03
7.401449e+00 7.774819e-01 -1.914301e-03
7.401449e+00 1.088445e+00 -1.664365e-03
7.401449e+00 1.523711e+00 -1.711004e-03
7.401449e+00 2.088426e+00 -1.936584e-03
7.401449e+00 2.685505e+00 -2.220846e-03
7.569477e+00 1.570796e-02 -7.527485e-04
7.569477e+00 2.346256e-02 -1.592976e-03
7.569477e+00 3.503514e-02 -2.692844e-03
7.569477e+00 5.263151e-02 -3.957321e-03
7.569477e+00 7.314235e-02 -6.455158e-03
7.569477e+00 1.025928e-01 -5.140748e-03
7.569477e+00 1.448116e-01 -5.994037e-03
7.569477e+00 2.023460e-01 -6.279944e-03
7.569477e+00 2.834245e-01 -6.082277e-03
7.569477e+00 3.967448e-01 -5.119265e-03
7.569477e+00 5.552783e-01 -4.680613e-03
7.569477e+00 7.774819e-01 -4.072968e-03
7.569477e+00 1.088445e+00 -3.556473e-03
7.569477e+00 1.523711e+00 -3.540926e-03
7.569477e+00 2.088426e+00 -4.02679e-03
7.569477e+00 2.685505e+00 -4.513672e-03
7.740867e+00 1.570796e-02 -8.039042e-04
7.740867e+00 2.346256e-02 -2.043977e-03
7.740867e+00 3.503514e-02 -3.855399e-03
7.740867e+00 5.263151e-02 -5.865085e-03
7.740867e+00 7.314235e-02 -9.659514e-03
7.740867e+00 1.025928e-01 -8.987952e-03
7.740867e+00 1.448116e-01 -1.05958e-02
7.740867e+00 2.023460e-01 -1.090868e-02
7.740867e+00 2.834245e-01 -1.075133e-02
7.740867e+00 3.967448e-01 -9.208305e-03
7.740867e+00 5.552783e-01 -8.295315e-03
7.740867e+00 7.774819e-01 -7.229986e-03
7.740867e+00 1.088445e+00 -6.246891e-03
7.740867e+00 1.523711e+00 -6.142724e-03
7.740867e+00 2.088426e+00 -6.928479e-03
7.740867e+00 2.685505e+00 -7.759541e-03
7.915684e+00 1.570796e-02 -8.225432e-04
7.915684e+00 2.346256e-02 -2.164181e-03
7.915684e+00 3.503514e-02 -4.458747e-03
7.915684e+00 5.263151e-02 -7.336564e-03
7.915684e+00 7.314235e-02 -1.241343e-02
7.915684e+00 1.025928e-01 -1.308959e-02
7.915684e+00 1.448116e-01 -1.570514e-02
7.915684e+00 2.023460e-01 -1.618743e-02
7.915684e+00 2.834245e-01 -1.603129e-02
7.915684e+00 3.967448e-01 -1.40905e-02
7.915684e+00 5.552783e-01 -1.279311e-02
7.915684e+00 7.774819e-01 -1.105194e-02
7.915684e+00 1.088445e+00 -9.561840e-03
7.915684e+00 1.523711e+00 -9.268311e-03
7.915684e+00 2.088426e+00 -1.037865e-02
7.915684e+00 2.685505e+00 -1.14345e-02
8.093998e+00 1.570796e-02 -8.493368e-04
8.093998e+00 2.346256e-02 -2.059382e-03
8.093998e+00 3.503514e-02 -4.559208e-03
8.093998e+00 5.263151e-02 -8.056027e-03
8.093998e+00 7.314235e-02 -1.402316e-02
8.093998e+00 1.025928e-01 -1.620479e-02
8.093998e+00 1.448116e-01 -2.047016e-02
8.093998e+00 2.023460e-01 -2.127804e-02
8.093998e+00 2.834245e-01 -2.124890e-02
8.093998e+00 3.967448e-01 -1.916885e-02
8.093998e+00 5.552783e-01 -1.744272e-02
8.093998e+00 7.774819e-01 -1.510769e-02
8.093998e+00 1.088445e+00 -1.298886e-02
8.093998e+00 1.523711e+00 -1.24708e-02
8.093998e+00 2.088426e+00 -1.372522e-02
8.093998e+00 2.685505e+00 -1.497645e-02
8.275878e+00 1.570796e-02 -7.983695e-04
8.275878e+00 2.346256e-02 -1.915851e-03
8.275878e+00 3.503514e-02 -4.283643e-03
8.275878e+00 5.263151e-02 -7.925438e-03
8.275878e+00 7.314235e-02 -1.459449e-02
8.275878e+00 1.025928e-01 -1.822205e-02
8.275878e+00 1.448116e-01 -2.418737e-02
8.275878e+00 2.023460e-01 -2.566584e-02
8.275878e+00 2.834245e-01 -2.585436e-02
8.275878e+00 3.967448e-01 -2.399292e-02
8.275878e+00 5.552783e-01 -2.186873e-02
8.275878e+00 7.774819e-01 -1.900551e-02
8.275878e+00 1.088445e+00 -1.635486e-02
8.275878e+00 1.523711e+00 -1.550661e-02
8.275878e+00 2.088426e+00 -1.68263e-02
8.275878e+00 2.685505e+00 -1.814917e-02
8.461396e+00 1.570796e-02 -7.164145e-04
8.461396e+00 2.346256e-02 -1.748215e-03
8.461396e+00 3.503514e-02 -3.979484e-03
8.461396e+00 5.263151e-02 -7.582120e-03
8.461396e+00 7.314235e-02 -1.432027e-02
8.461396e+00 1.025928e-01 -1.905653e-02
8.461396e+00 1.448116e-01 -2.609853e-02
8.461396e+00 2.023460e-01 -2.873841e-02
8.461396e+00 2.834245e-01 -2.950585e-02
8.461396e+00 3.967448e-01 -2.79042e-02
8.461396e+00 5.552783e-01 -2.573094e-02
8.461396e+00 7.774819e-01 -2.238958e-02
8.461396e+00 1.088445e+00 -1.930040e-02
8.461396e+00 1.523711e+00 -1.809859e-02
8.461396e+00 2.088426e+00 -1.936416e-02
8.461396e+00 2.685505e+00 -2.056381e-02
8.650623e+00 1.570796e-02 -6.287570e-04
8.650623e+00 2.346256e-02 -1.569132e-03
8.650623e+00 3.503514e-02 -3.584371e-03
8.650623e+00 5.263151e-02 -6.981606e-03
8.650623e+00 7.314235e-02 -1.345559e-02
8.650623e+00 1.025928e-01 -1.884156e-02
8.650623e+00 1.448116e-01 -2.672579e-02
8.650623e+00 2.023460e-01 -3.038407e-02
8.650623e+00 2.834245e-01 -3.196806e-02
8.650623e+00 3.967448e-01 -3.095366e-02
8.650623e+00 5.552783e-01 -2.884045e-02
8.650623e+00 7.774819e-01 -2.522822e-02
8.650623e+00 1.088445e+00 -2.170981e-02
8.650623e+00 1.523711e+00 -2.025946e-02
8.650623e+00 2.088426e+00 -2.148639e-02
8.650623e+00 2.685505e+00 -2.264863e-02
8.843636e+00 1.570796e-02 -5.650490e-04
8.843636e+00 2.346256e-02 -1.431999e-03
8.843636e+00 3.503514e-02 -3.136570e-03
8.843636e+00 5.263151e-02 -6.279317e-03
8.843636e+00 7.314235e-02 -1.234576e-02
8.843636e+00 1.025928e-01 -1.781677e-02
8.843636e+00 1.448116e-01 -2.631627e-02
8.843636e+00 2.023460e-01 -3.085694e-02
8.843636e+00 2.834245e-01 -3.334242e-02
8.843636e+00 3.967448e-01 -3.308346e-02
8.843636e+00 5.552783e-01 -3.114816e-02
8.843636e+00 7.774819e-01 -2.750135e-02
8.843636e+00 1.088445e+00 -2.370777e-02
8.843636e+00 1.523711e+00 -2.198306e-02
8.843636e+00 2.088426e+00 -2.311588e-02
8.843636e+00 2.685505e+00 -2.416938e-02
9.040509e+00 1.570796e-02 -5.047634e-04
9.040509e+00 2.346256e-02 -1.282605e-03
9.040509e+00 3.503514e-02 -2.699240e-03
9.040509e+00 5.263151e-02 -5.601729e-03
9.040509e+00 7.314235e-02 -1.113844e-02
9.040509e+00 1.025928e-01 -1.648191e-02
9.040509e+00 1.448116e-01 -2.511965e-02
9.040509e+00 2.023460e-01 -3.037113e-02
9.040509e+00 2.834245e-01 -3.378259e-02
9.040509e+00 3.967448e-01 -3.422265e-02
9.040509e+00 5.552783e-01 -3.266609e-02
9.040509e+00 7.774819e-01 -2.918923e-02
9.040509e+00 1.088445e+00 -2.527038e-02
9.040509e+00 1.523711e+00 -2.332967e-02
9.040509e+00 2.088426e+00 -2.436301e-02
9.040509e+00 2.685505e+00 -2.524554e-02
9.241319e+00 1.570796e-02 -4.499960e-04
9.241319e+00 2.346256e-02 -1.153103e-03
9.241319e+00 3.503514e-02 -2.349993e-03
9.241319e+00 5.263151e-02 -4.967689e-03
9.241319e+00 7.314235e-02 -9.925221e-03
9.241319e+00 1.025928e-01 -1.496658e-02
9.241319e+00 1.448116e-01 -2.334012e-02
9.241319e+00 2.023460e-01 -2.912523e-02
9.241319e+00 2.834245e-01 -3.332840e-02
9.241319e+00 3.967448e-01 -3.454650e-02
9.241319e+00 5.552783e-01 -3.350557e-02
9.241319e+00 7.774819e-01 -3.023787e-02
9.241319e+00 1.088445e+00 -2.636072e-02
9.241319e+00 1.523711e+00 -2.432337e-02
9.241319e+00 2.088426e+00 -2.525439e-02
9.241319e+00 2.685505e+00 -2.589164e-02
9.446145e+00 1.570796e-02 -3.937553e-04
9.446145e+00 2.346256e-02 -1.030983e-03
9.446145e+00 3.503514e-02 -2.075347e-03
9.446145e+00 5.263151e-02 -4.38468e-03
9.446145e+00 7.314235e-02 -8.764036e-03
9.446145e+00 1.025928e-01 -1.334508e-02
9.446145e+00 1.448116e-01 -2.121488e-02
9.446145e+00 2.023460e-01 -2.728438e-02
9.446145e+00 2.834245e-01 -3.220117e-02
9.446145e+00 3.967448e-01 -3.418823e-02
9.446145e+00 5.552783e-01 -3.373744e-02
9.446145e+00 7.774819e-01 -3.081772e-02
9.446145e+00 1.088445e+00 -2.705496e-02
9.446145e+00 1.523711e+00 -2.500913e-02
9.446145e+00 2.088426e+00 -2.590095e-02
9.446145e+00 2.685505e+00 -2.630565e-02
9.655068e+00 1.570796e-02 -3.405748e-04
9.655068e+00 2.346256e-02 -9.188999e-04
9.655068e+00 3.503514e-02 -1.826182e-03
9.655068e+00 5.263151e-02 -3.855882e-03
9.655068e+00 7.314235e-02 -7.708042e-03
9.655068e+00 1.025928e-01 -1.175199e-02
9.655068e+00 1.448116e-01 -1.902794e-02
9.655068e+00 2.023460e-01 -2.517961e-02
9.655068e+00 2.834245e-01 -3.057104e-02
9.655068e+00 3.967448e-01 -3.324384e-02
9.655068e+00 5.552783e-01 -3.335000e-02
9.655068e+00 7.774819e-01 -3.089155e-02
9.655068e+00 1.088445e+00 -2.734296e-02
9.655068e+00 1.523711e+00 -2.538796e-02
9.655068e+00 2.088426e+00 -2.623562e-02
9.655068e+00 2.685505e+00 -2.652821e-02
9.86817e+00 1.570796e-02 -2.903032e-04
9.86817e+00 2.346256e-02 -8.220797e-04
9.86817e+00 3.503514e-02 -1.597835e-03
9.86817e+00 5.263151e-02 -3.373117e-03
9.86817e+00 7.314235e-02 -6.756934e-03
9.86817e+00 1.025928e-01 -1.030154e-02
9.86817e+00 1.448116e-01 -1.691904e-02
9.86817e+00 2.023460e-01 -2.290444e-02
9.86817e+00 2.834245e-01 -2.856901e-02
9.86817e+00 3.967448e-01 -3.177775e-02
9.86817e+00 5.552783e-01 -3.244439e-02
9.86817e+00 7.774819e-01 -3.047284e-02
9.86817e+00 1.088445e+00 -2.725938e-02
9.86817e+00 1.523711e+00 -2.543174e-02
9.86817e+00 2.088426e+00 -2.625899e-02
9.86817e+00 2.685505e+00 -2.643691e-02
1.008553e+01 1.570796e-02 -2.476797e-04
1.008553e+01 2.346256e-02 -7.243036e-04
1.008553e+01 3.503514e-02 -1.404607e-03
1.008553e+01 5.263151e-02 -2.943365e-03
1.008553e+01 7.314235e-02 -5.896676e-03
1.008553e+01 1.025928e-01 -8.983387e-03
1.008553e+01 1.448116e-01 -1.49067e-02
1.008553e+01 2.023460e-01 -2.061134e-02
1.008553e+01 2.834245e-01 -2.630359e-02
1.008553e+01 3.967448e-01 -2.993142e-02
1.008553e+01 5.552783e-01 -3.111865e-02
1.008553e+01 7.774819e-01 -2.968743e-02
1.008553e+01 1.088445e+00 -2.682979e-02
1.008553e+01 1.523711e+00 -2.521727e-02
1.008553e+01 2.088426e+00 -2.608655e-02
1.008553e+01 2.685505e+00 -2.613663e-02
1.030724e+01 1.570796e-02 -2.159273e-04
1.030724e+01 2.346256e-02 -6.353712e-04
1.030724e+01 3.503514e-02 -1.230800e-03
1.030724e+01 5.263151e-02 -2.563017e-03
1.030724e+01 7.314235e-02 -5.130605e-03
1.030724e+01 1.025928e-01 -7.843189e-03
1.030724e+01 1.448116e-01 -1.307738e-02
1.030724e+01 2.023460e-01 -1.836929e-02
1.030724e+01 2.834245e-01 -2.392237e-02
1.030724e+01 3.967448e-01 -2.780815e-02
1.030724e+01 5.552783e-01 -2.946423e-02
1.030724e+01 7.774819e-01 -2.855336e-02
1.030724e+01 1.088445e+00 -2.613575e-02
1.030724e+01 1.523711e+00 -2.478144e-02
1.030724e+01 2.088426e+00 -2.568059e-02
1.030724e+01 2.685505e+00 -2.568046e-02
1.053339e+01 1.570796e-02 -1.872951e-04
1.053339e+01 2.346256e-02 -5.552117e-04
1.053339e+01 3.503514e-02 -1.076988e-03
1.053339e+01 5.263151e-02 -2.230842e-03
1.053339e+01 7.314235e-02 -4.463572e-03
1.053339e+01 1.025928e-01 -6.843153e-03
1.053339e+01 1.448116e-01 -1.142229e-02
1.053339e+01 2.023460e-01 -1.621837e-02
1.053339e+01 2.834245e-01 -2.150817e-02
1.053339e+01 3.967448e-01 -2.550419e-02
1.053339e+01 5.552783e-01 -2.755378e-02
1.053339e+01 7.774819e-01 -2.712308e-02
1.053339e+01 1.088445e+00 -2.522359e-02
1.053339e+01 1.523711e+00 -2.415905e-02
1.053339e+01 2.088426e+00 -2.510442e-02
1.053339e+01 2.685505e+00 -2.505539e-02
1.076406e+01 1.570796e-02 -1.620952e-04
1.076406e+01 2.346256e-02 -4.838590e-04
1.076406e+01 3.503514e-02 -9.438965e-04
1.076406e+01 5.263151e-02 -1.934296e-03
1.076406e+01 7.314235e-02 -3.877658e-03
1.076406e+01 1.025928e-01 -5.970249e-03
1.076406e+01 1.448116e-01 -9.950283e-03
1.076406e+01 2.023460e-01 -1.421262e-02
1.076406e+01 2.834245e-01 -1.913093e-02
1.076406e+01 3.967448e-01 -2.311253e-02
1.076406e+01 5.552783e-01 -2.547119e-02
1.076406e+01 7.774819e-01 -2.549902e-02
1.076406e+01 1.088445e+00 -2.409571e-02
1.076406e+01 1.523711e+00 -2.334576e-02
1.076406e+01 2.088426e+00 -2.434632e-02
1.076406e+01 2.685505e+00 -2.4225e-02
1.099934e+01 1.570796e-02 -1.422927e-04
1.099934e+01 2.346256e-02 -4.170904e-04
1.099934e+01 3.503514e-02 -8.23837e-04
1.099934e+01 5.263151e-02 -1.670128e-03
1.099934e+01 7.314235e-02 -3.356066e-03
1.099934e+01 1.025928e-01 -5.174676e-03
1.099934e+01 1.448116e-01 -8.612949e-03
1.099934e+01 2.023460e-01 -1.236789e-02
1.099934e+01 2.834245e-01 -1.687157e-02
1.099934e+01 3.967448e-01 -2.074555e-02
1.099934e+01 5.552783e-01 -2.327292e-02
1.099934e+01 7.774819e-01 -2.373585e-02
1.099934e+01 1.088445e+00 -2.280614e-02
1.099934e+01 1.523711e+00 -2.235885e-02
1.099934e+01 2.088426e+00 -2.343403e-02
1.099934e+01 2.685505e+00 -2.312680e-02
1.123932e+01 1.570796e-02 -1.233119e-04
1.123932e+01 2.346256e-02 -3.574305e-04
1.123932e+01 3.503514e-02 -7.161289e-04
1.123932e+01 5.263151e-02 -1.437782e-03
1.123932e+01 7.314235e-02 -2.891469e-03
1.123932e+01 1.025928e-01 -4.460251e-03
1.123932e+01 1.448116e-01 -7.431159e-03
1.123932e+01 2.023460e-01 -1.070350e-02
1.123932e+01 2.834245e-01 -1.478747e-02
1.123932e+01 3.967448e-01 -1.846418e-02
1.123932e+01 5.552783e-01 -2.108148e-02
1.123932e+01 7.774819e-01 -2.187117e-02
1.123932e+01 1.088445e+00 -2.136931e-02
1.123932e+01 1.523711e+00 -2.125386e-02
1.123932e+01 2.088426e+00 -2.237032e-02
1.123932e+01 2.685505e+00 -2.199942e-02
1.148411e+01 1.570796e-02 -1.079863e-04
1.148411e+01 2.346256e-02 -3.042667e-04
1.148411e+01 3.503514e-02 -6.130666e-04
1.148411e+01 5.263151e-02 -1.23647e-03
1.148411e+01 7.314235e-02 -2.4854e-03
1.148411e+01 1.025928e-01 -3.822479e-03
1.148411e+01 1.448116e-01 -6.37505e-03
1.148411e+01 2.023460e-01 -9.207253e-03
1.148411e+01 2.834245e-01 -1.286723e-02
1.148411e+01 3.967448e-01 -1.629720e-02
1.148411e+01 5.552783e-01 -1.892906e-02
1.148411e+01 7.774819e-01 -1.999856e-02
1.148411e+01 1.088445e+00 -1.987357e-02
1.148411e+01 1.523711e+00 -2.001268e-02
1.148411e+01 2.088426e+00 -2.122143e-02
1.148411e+01 2.685505e+00 -2.081052e-02
1.173379e+01 1.570796e-02 -9.314218e-05
1.173379e+01 2.346256e-02 -2.572950e-04
1.173379e+01 3.503514e-02 -5.268861e-04
1.173379e+01 5.263151e-02 -1.058537e-03
1.173379e+01 7.314235e-02 -2.128361e-03
1.173379e+01 1.025928e-01 -3.273260e-03
1.173379e+01 1.448116e-01 -5.451044e-03
1.173379e+01 2.023460e-01 -7.901272e-03
1.173379e+01 2.834245e-01 -1.112049e-02
1.173379e+01 3.967448e-01 -1.428206e-02
1.173379e+01 5.552783e-01 -1.685102e-02
1.173379e+01 7.774819e-01 -1.811035e-02
1.173379e+01 1.088445e+00 -1.832968e-02
1.173379e+01 1.523711e+00 -1.877117e-02
1.173379e+01 2.088426e+00 -2.006368e-02
1.173379e+01 2.685505e+00 -1.953357e-02
1.198847e+01 1.570796e-02 -8.022870e-05
1.198847e+01 2.346256e-02 -2.164043e-04
1.198847e+01 3.503514e-02 -4.516454e-04
1.198847e+01 5.263151e-02 -9.041806e-04
1.198847e+01 7.314235e-02 -1.814325e-03
1.198847e+01 1.025928e-01 -2.791970e-03
1.198847e+01 1.448116e-01 -4.638579e-03
1.198847e+01 2.023460e-01 -6.759771e-03
1.198847e+01 2.834245e-01 -9.556372e-03
1.198847e+01 3.967448e-01 -1.24224e-02
1.198847e+01 5.552783e-01 -1.487740e-02
1.198847e+01 7.774819e-01 -1.628717e-02
1.198847e+01 1.088445e+00 -1.676357e-02
1.198847e+01 1.523711e+00 -1.744107e-02
1.198847e+01 2.088426e+00 -1.881354e-02
1.198847e+01 2.685505e+00 -1.823891e-02
1.224824e+01 1.570796e-02 -6.840988e-05
1.224824e+01 2.346256e-02 -1.816487e-04
1.224824e+01 3.503514e-02 -3.84309e-04
1.224824e+01 5.263151e-02 -7.681553e-04
1.224824e+01 7.314235e-02 -1.538224e-03
1.224824e+01 1.025928e-01 -2.374366e-03
1.224824e+01 1.448116e-01 -3.929986e-03
1.224824e+01 2.023460e-01 -5.756260e-03
1.224824e+01 2.834245e-01 -8.163012e-03
1.224824e+01 3.967448e-01 -1.071819e-02
1.224824e+01 5.552783e-01 -1.301203e-02
1.224824e+01 7.774819e-01 -1.448867e-02
1.224824e+01 1.088445e+00 -1.515860e-02
1.224824e+01 1.523711e+00 -1.600345e-02
1.224824e+01 2.088426e+00 -1.738392e-02
1.224824e+01 2.685505e+00 -1.679195e-02
1.251320e+01 1.570796e-02 -5.809618e-05
1.251320e+01 2.346256e-02 -1.518171e-04
1.251320e+01 3.503514e-02 -3.238151e-04
1.251320e+01 5.263151e-02 -6.491373e-04
1.251320e+01 7.314235e-02 -1.298697e-03
1.251320e+01 1.025928e-01 -2.009802e-03
1.251320e+01 1.448116e-01 -3.322552e-03
1.251320e+01 2.023460e-01 -4.877559e-03
1.251320e+01 2.834245e-01 -6.939965e-03
1.251320e+01 3.967448e-01 -9.175817e-03
1.251320e+01 5.552783e-01 -1.127647e-02
1.251320e+01 7.774819e-01 -1.277723e-02
1.251320e+01 1.088445e+00 -1.360827e-02
1.251320e+01 1.523711e+00 -1.459937e-02
1.251320e+01 2.088426e+00 -1.595572e-02
1.251320e+01 2.685505e+00 -1.534881e-02
1.278347e+01 1.570796e-02 -4.868564e-05
1.278347e+01 2.346256e-02 -1.254891e-04
1.278347e+01 3.503514e-02 -2.706254e-04
1.278347e+01 5.263151e-02 -5.476445e-04
1.278347e+01 7.314235e-02 -1.093415e-03
1.278347e+01 1.025928e-01 -1.693489e-03
1.278347e+01 1.448116e-01 -2.789991e-03
1.278347e+01 2.023460e-01 -4.118733e-03
1.278347e+01 2.834245e-01 -5.874776e-03
1.278347e+01 3.967448e-01 -7.804234e-03
1.278347e+01 5.552783e-01 -9.708042e-03
1.278347e+01 7.774819e-01 -1.117374e-02
1.278347e+01 1.088445e+00 -1.211706e-02
1.278347e+01 1.523711e+00 -1.319640e-02
1.278347e+01 2.088426e+00 -1.453747e-02
1.278347e+01 2.685505e+00 -1.396073e-02
1.305914e+01 1.570796e-02 -4.085376e-05
1.305914e+01 2.346256e-02 -1.039798e-04
1.305914e+01 3.503514e-02 -2.268557e-04
1.305914e+01 5.263151e-02 -4.587547e-04
1.305914e+01 7.314235e-02 -9.135534e-04
1.305914e+01 1.025928e-01 -1.419305e-03
1.305914e+01 1.448116e-01 -2.340171e-03
1.305914e+01 2.023460e-01 -3.453934e-03
1.305914e+01 2.834245e-01 -4.938146e-03
1.305914e+01 3.967448e-01 -6.598187e-03
1.305914e+01 5.552783e-01 -8.281051e-03
1.305914e+01 7.774819e-01 -9.711486e-03
1.305914e+01 1.088445e+00 -1.071634e-02
1.305914e+01 1.523711e+00 -1.184868e-02
1.305914e+01 2.088426e+00 -1.315744e-02
1.305914e+01 2.685505e+00 -1.269304e-02
1.334032e+01 1.570796e-02 -3.435591e-05
1.334032e+01 2.346256e-02 -8.592078e-05
1.334032e+01 3.503514e-02 -1.887197e-04
1.334032e+01 5.263151e-02 -3.815516e-04
1.334032e+01 7.314235e-02 -7.629517e-04
1.334032e+01 1.025928e-01 -1.181875e-03
1.334032e+01 1.448116e-01 -1.942961e-03
1.334032e+01 2.023460e-01 -2.884599e-03
1.334032e+01 2.834245e-01 -4.123790e-03
1.334032e+01 3.967448e-01 -5.537277e-03
1.334032e+01 5.552783e-01 -7.013865e-03
1.334032e+01 7.774819e-01 -8.371739e-03
1.334032e+01 1.088445e+00 -9.394773e-03
1.334032e+01 1.523711e+00 -1.056090e-02
1.334032e+01 2.088426e+00 -1.183718e-02
1.334032e+01 2.685505e+00 -1.144959e-02
1.362713e+01 1.570796e-02 -2.862353e-05
1.362713e+01 2.346256e-02 -7.037713e-05
1.362713e+01 3.503514e-02 -1.562670e-04
1.362713e+01 5.263151e-02 -3.160435e-04
1.362713e+01 7.314235e-02 -6.304055e-04
1.362713e+01 1.025928e-01 -9.765285e-04
1.362713e+01 1.448116e-01 -1.609239e-03
1.362713e+01 2.023460e-01 -2.390383e-03
1.362713e+01 2.834245e-01 -3.427318e-03
1.362713e+01 3.967448e-01 -4.62307e-03
1.362713e+01 5.552783e-01 -5.907267e-03
1.362713e+01 7.774819e-01 -7.156517e-03
1.362713e+01 1.088445e+00 -8.186577e-03
1.362713e+01 1.523711e+00 -9.334371e-03
1.362713e+01 2.088426e+00 -1.057789e-02
1.362713e+01 2.685505e+00 -1.023899e-02
1.391967e+01 1.570796e-02 -2.346904e-05
1.391967e+01 2.346256e-02 -5.787242e-05
1.391967e+01 3.503514e-02 -1.27822e-04
1.391967e+01 5.263151e-02 -2.596022e-04
1.391967e+01 7.314235e-02 -5.181595e-04
1.391967e+01 1.025928e-01 -8.04213e-04
1.391967e+01 1.448116e-01 -1.322120e-03
1.391967e+01 2.023460e-01 -1.970138e-03
1.391967e+01 2.834245e-01 -2.827394e-03
1.391967e+01 3.967448e-01 -3.826296e-03
1.391967e+01 5.552783e-01 -4.934619e-03
1.391967e+01 7.774819e-01 -6.069726e-03
1.391967e+01 1.088445e+00 -7.077148e-03
1.391967e+01 1.523711e+00 -8.212671e-03
1.391967e+01 2.088426e+00 -9.413721e-03
1.391967e+01 2.685505e+00 -9.150616e-03
1.421806e+01 1.570796e-02 -1.953561e-05
1.421806e+01 2.346256e-02 -4.66878e-05
1.421806e+01 3.503514e-02 -1.059187e-04
1.421806e+01 5.263151e-02 -2.124383e-04
1.421806e+01 7.314235e-02 -4.226496e-04
1.421806e+01 1.025928e-01 -6.572338e-04
1.421806e+01 1.448116e-01 -1.079271e-03
1.421806e+01 2.023460e-01 -1.611422e-03
1.421806e+01 2.834245e-01 -2.317207e-03
1.421806e+01 3.967448e-01 -3.148113e-03
1.421806e+01 5.552783e-01 -4.094387e-03
1.421806e+01 7.774819e-01 -5.112557e-03
1.421806e+01 1.088445e+00 -6.068335e-03
1.421806e+01 1.523711e+00 -7.172579e-03
1.421806e+01 2.088426e+00 -8.306241e-03
1.421806e+01 2.685505e+00 -8.176543e-03
1.452242e+01 1.570796e-02 -1.598728e-05
1.452242e+01 2.346256e-02 -3.813375e-05
1.452242e+01 3.503514e-02 -8.597861e-05
1.452242e+01 5.263151e-02 -1.744859e-04
1.452242e+01 7.314235e-02 -3.447831e-04
1.452242e+01 1.025928e-01 -5.351684e-04
1.452242e+01 1.448116e-01 -8.810192e-04
1.452242e+01 2.023460e-01 -1.318428e-03
1.452242e+01 2.834245e-01 -1.894389e-03
1.452242e+01 3.967448e-01 -2.583171e-03
1.452242e+01 5.552783e-01 -3.394149e-03
1.452242e+01 7.774819e-01 -4.30057e-03
1.452242e+01 1.088445e+00 -5.189603e-03
1.452242e+01 1.523711e+00 -6.244862e-03
1.452242e+01 2.088426e+00 -7.313663e-03
1.452242e+01 2.685505e+00 -7.250522e-03
1.483287e+01 1.570796e-02 -1.31592e-05
1.483287e+01 2.346256e-02 -3.016282e-05
1.483287e+01 3.503514e-02 -6.935778e-05
1.483287e+01 5.263151e-02 -1.405066e-04
1.483287e+01 7.314235e-02 -2.790559e-04
1.483287e+01 1.025928e-01 -4.318526e-04
1.483287e+01 1.448116e-01 -7.139691e-04
1.483287e+01 2.023460e-01 -1.069783e-03
1.483287e+01 2.834245e-01 -1.536139e-03
1.483287e+01 3.967448e-01 -2.106142e-03
1.483287e+01 5.552783e-01 -2.786992e-03
1.483287e+01 7.774819e-01 -3.578094e-03
1.483287e+01 1.088445e+00 -4.399444e-03
1.483287e+01 1.523711e+00 -5.381179e-03
1.483287e+01 2.088426e+00 -6.39911e-03
1.483287e+01 2.685505e+00 -6.403084e-03
1.514953e+01 1.570796e-02 -1.056172e-05
1.514953e+01 2.346256e-02 -2.406343e-05
1.514953e+01 3.503514e-02 -5.595227e-05
1.514953e+01 5.263151e-02 -1.130369e-04
1.514953e+01 7.314235e-02 -2.240209e-04
1.514953e+01 1.025928e-01 -3.472682e-04
1.514953e+01 1.448116e-01 -5.761435e-04
1.514953e+01 2.023460e-01 -8.655556e-04
1.514953e+01 2.834245e-01 -1.242840e-03
1.514953e+01 3.967448e-01 -1.705893e-03
1.514953e+01 5.552783e-01 -2.274687e-03
1.514953e+01 7.774819e-01 -2.951025e-03
1.514953e+01 1.088445e+00 -3.706063e-03
1.514953e+01 1.523711e+00 -4.603179e-03
1.514953e+01 2.088426e+00 -5.542507e-03
1.514953e+01 2.685505e+00 -5.602863e-03
1.547252e+01 1.570796e-02 -8.506577e-06
1.547252e+01 2.346256e-02 -1.890302e-05
1.547252e+01 3.503514e-02 -4.469894e-05
1.547252e+01 5.263151e-02 -9.069451e-05
1.547252e+01 7.314235e-02 -1.791832e-04
1.547252e+01 1.025928e-01 -2.797734e-04
1.547252e+01 1.448116e-01 -4.612373e-04
1.547252e+01 2.023460e-01 -6.946476e-04
1.547252e+01 2.834245e-01 -9.93399e-04
1.547252e+01 3.967448e-01 -1.374230e-03
1.547252e+01 5.552783e-01 -1.84634e-03
1.547252e+01 7.774819e-01 -2.423581e-03
1.547252e+01 1.088445e+00 -3.094987e-03
1.547252e+01 1.523711e+00 -3.915866e-03
1.547252e+01 2.088426e+00 -4.768409e-03
1.547252e+01 2.685505e+00 -4.889341e-03
1.580197e+01 1.570796e-02 -6.930309e-06
1.580197e+01 2.346256e-02 -1.478496e-05
1.580197e+01 3.503514e-02 -3.549292e-05
1.580197e+01 5.263151e-02 -7.220951e-05
1.580197e+01 7.314235e-02 -1.425598e-04
1.580197e+01 1.025928e-01 -2.231654e-04
1.580197e+01 1.448116e-01 -3.689187e-04
1.580197e+01 2.023460e-01 -5.5537e-04
1.580197e+01 2.834245e-01 -7.941112e-04
1.580197e+01 3.967448e-01 -1.103954e-03
1.580197e+01 5.552783e-01 -1.492527e-03
1.580197e+01 7.774819e-01 -1.982359e-03
1.580197e+01 1.088445e+00 -2.574319e-03
1.580197e+01 1.523711e+00 -3.312409e-03
1.580197e+01 2.088426e+00 -4.093706e-03
1.580197e+01 2.685505e+00 -4.225457e-03
1.613801e+01 1.570796e-02 -5.529604e-06
1.613801e+01 2.346256e-02 -1.189438e-05
1.613801e+01 3.503514e-02 -2.850457e-05
1.613801e+01 5.263151e-02 -5.646791e-05
1.613801e+01 7.314235e-02 -1.139660e-04
1.613801e+01 1.025928e-01 -1.770332e-04
1.613801e+01 1.448116e-01 -2.927916e-04
1.613801e+01 2.023460e-01 -4.414277e-04
1.613801e+01 2.834245e-01 -6.308133e-04
1.613801e+01 3.967448e-01 -8.784146e-04
1.613801e+01 5.552783e-01 -1.200079e-03
1.613801e+01 7.774819e-01 -1.60936e-03
1.613801e+01 1.088445e+00 -2.124345e-03
1.613801e+01 1.523711e+00 -2.782770e-03
1.613801e+01 2.088426e+00 -3.474377e-03
1.613801e+01 2.685505e+00 -3.586455e-03
1.648077e+01 1.570796e-02 -4.354090e-06
1.648077e+01 2.346256e-02 -9.278978e-06
1.648077e+01 3.503514e-02 -2.270882e-05
1.648077e+01 5.263151e-02 -4.375633e-05
1.648077e+01 7.314235e-02 -9.01687e-05
1.648077e+01 1.025928e-01 -1.394116e-04
1.648077e+01 1.448116e-01 -2.302613e-04
1.648077e+01 2.023460e-01 -3.477599e-04
1.648077e+01 2.834245e-01 -4.97351e-04
1.648077e+01 3.967448e-01 -6.965229e-04
1.648077e+01 5.552783e-01 -9.55178e-04
1.648077e+01 7.774819e-01 -1.294326e-03
1.648077e+01 1.088445e+00 -1.738906e-03
1.648077e+01 1.523711e+00 -2.311285e-03
1.648077e+01 2.088426e+00 -2.922948e-03
1.648077e+01 2.685505e+00 -3.048435e-03
1.683038e+01 1.570796e-02 -3.382230e-06
1.683038e+01 2.346256e-02 -7.276935e-06
1.683038e+01 3.503514e-02 -1.778641e-05
1.683038e+01 5.263151e-02 -3.414256e-05
1.683038e+01 7.314235e-02 -6.953143e-05
1.683038e+01 1.025928e-01 -1.079339e-04
1.683038e+01 1.448116e-01 -1.80744e-04
1.683038e+01 2.023460e-01 -2.723679e-04
1.683038e+01 2.834245e-01 -3.907862e-04
1.683038e+01 3.967448e-01 -5.476750e-04
1.683038e+01 5.552783e-01 -7.55406e-04
1.683038e+01 7.774819e-01 -1.035216e-03
1.683038e+01 1.088445e+00 -1.412751e-03
1.683038e+01 1.523711e+00 -1.907786e-03
1.683038e+01 2.088426e+00 -2.4422e-03
1.683038e+01 2.685505e+00 -2.551941e-03
1.718699e+01 1.570796e-02 -2.737167e-06
1.718699e+01 2.346256e-02 -5.674102e-06
1.718699e+01 3.503514e-02 -1.415777e-05
1.718699e+01 5.263151e-02 -2.668610e-05
1.718699e+01 7.314235e-02 -5.444717e-05
1.718699e+01 1.025928e-01 -8.376662e-05
1.718699e+01 1.448116e-01 -1.419343e-04
1.718699e+01 2.023460e-01 -2.132946e-04
1.718699e+01 2.834245e-01 -3.056704e-04
1.718699e+01 3.967448e-01 -4.295411e-04
1.718699e+01 5.552783e-01 -5.967386e-04
1.718699e+01 7.774819e-01 -8.247521e-04
1.718699e+01 1.088445e+00 -1.143825e-03
1.718699e+01 1.523711e+00 -1.569166e-03
1.718699e+01 2.088426e+00 -2.024572e-03
1.718699e+01 2.685505e+00 -2.124459e-03
1.755073e+01 1.570796e-02 -2.152776e-06
1.755073e+01 2.346256e-02 -4.31401e-06
1.755073e+01 3.503514e-02 -1.094597e-05
1.755073e+01 5.263151e-02 -2.068053e-05
1.755073e+01 7.314235e-02 -4.207238e-05
1.755073e+01 1.025928e-01 -6.520701e-05
1.755073e+01 1.448116e-01 -1.100319e-04
1.755073e+01 2.023460e-01 -1.647518e-04
1.755073e+01 2.834245e-01 -2.376233e-04
1.755073e+01 3.967448e-01 -3.345238e-04
1.755073e+01 5.552783e-01 -4.665338e-04
1.755073e+01 7.774819e-01 -6.530453e-04
1.755073e+01 1.088445e+00 -9.155269e-04
1.755073e+01 1.523711e+00 -1.275513e-03
1.755073e+01 2.088426e+00 -1.664432e-03
1.755073e+01 2.685505e+00 -1.766365e-03
1.792175e+01 1.570796e-02 -1.732637e-06
1.792175e+01 2.346256e-02 -3.236988e-06
1.792175e+01 3.503514e-02 -8.421979e-06
1.792175e+01 5.263151e-02 -1.590372e-05
1.792175e+01 7.314235e-02 -3.203268e-05
1.792175e+01 1.025928e-01 -4.979872e-05
1.792175e+01 1.448116e-01 -8.428724e-05
1.792175e+01 2.023460e-01 -1.268342e-04
1.792175e+01 2.834245e-01 -1.830831e-04
1.792175e+01 3.967448e-01 -2.588200e-04
1.792175e+01 5.552783e-01 -3.629216e-04
1.792175e+01 7.774819e-01 -5.141575e-04
1.792175e+01 1.088445e+00 -7.252411e-04
1.792175e+01 1.523711e+00 -1.020429e-03
1.792175e+01 2.088426e+00 -1.344842e-03
1.792175e+01 2.685505e+00 -1.437508e-03
1.830018e+01 1.570796e-02 -1.380225e-06
1.830018e+01 2.346256e-02 -2.281824e-06
1.830018e+01 3.503514e-02 -6.408860e-06
1.830018e+01 5.263151e-02 -1.224621e-05
1.830018e+01 7.314235e-02 -2.462452e-05
1.830018e+01 1.025928e-01 -3.758368e-05
1.830018e+01 1.448116e-01 -6.365792e-05
1.830018e+01 2.023460e-01 -9.627440e-05
1.830018e+01 2.834245e-01 -1.394255e-04
1.830018e+01 3.967448e-01 -1.971331e-04
1.830018e+01 5.552783e-01 -2.795044e-04
1.830018e+01 7.774819e-01 -4.011333e-04
1.830018e+01 1.088445e+00 -5.685405e-04
1.830018e+01 1.523711e+00 -8.094906e-04
1.830018e+01 2.088426e+00 -1.071945e-03
1.830018e+01 2.685505e+00 -1.132956e-03
1.868618e+01 1.570796e-02 -1.057208e-06
1.868618e+01 2.346256e-02 -1.675027e-06
1.868618e+01 3.503514e-02 -4.934562e-06
1.868618e+01 5.263151e-02 -9.472599e-06
1.868618e+01 7.314235e-02 -1.818549e-05
1.868618e+01 1.025928e-01 -2.822169e-05
1.868618e+01 1.448116e-01 -4.758206e-05
1.868618e+01 2.023460e-01 -7.276699e-05
1.868618e+01 2.834245e-01 -1.046652e-04
1.868618e+01 3.967448e-01 -1.479899e-04
1.868618e+01 5.552783e-01 -2.114241e-04
1.868618e+01 7.774819e-01 -3.074951e-04
1.868618e+01 1.088445e+00 -4.399351e-04
1.868618e+01 1.523711e+00 -6.335202e-04
1.868618e+01 2.088426e+00 -8.459799e-04
1.868618e+01 2.685505e+00 -8.925041e-04
1.907991e+01 1.570796e-02 -7.784605e-07
1.907991e+01 2.346256e-02 -1.202070e-06
1.907991e+01 3.503514e-02 -3.654392e-06
1.907991e+01 5.263151e-02 -6.977971e-06
1.907991e+01 7.314235e-02 -1.357325e-05
1.907991e+01 1.025928e-01 -2.096582e-05
1.907991e+01 1.448116e-01 -3.547042e-05
1.907991e+01 2.023460e-01 -5.394603e-05
1.907991e+01 2.834245e-01 -7.751942e-05
1.907991e+01 3.967448e-01 -1.105838e-04
1.907991e+01 5.552783e-01 -1.592607e-04
1.907991e+01 7.774819e-01 -2.346585e-04
1.907991e+01 1.088445e+00 -3.363232e-04
1.907991e+01 1.523711e+00 -4.870695e-04
1.907991e+01 2.088426e+00 -6.513824e-04
1.907991e+01 2.685505e+00 -6.836354e-04
1.948151e+01 1.570796e-02 -5.911139e-07
1.948151e+01 2.346256e-02 -8.809119e-07
1.948151e+01 3.503514e-02 -2.568871e-06
1.948151e+01 5.263151e-02 -5.113602e-06
1.948151e+01 7.314235e-02 -9.875454e-06
1.948151e+01 1.025928e-01 -1.503107e-05
1.948151e+01 1.448116e-01 -2.582338e-05
1.948151e+01 2.023460e-01 -3.96155e-05
1.948151e+01 2.834245e-01 -5.642977e-05
1.948151e+01 3.967448e-01 -8.104555e-05
1.948151e+01 5.552783e-01 -1.173214e-04
1.948151e+01 7.774819e-01 -1.736732e-04
1.948151e+01 1.088445e+00 -2.504757e-04
1.948151e+01 1.523711e+00 -3.640646e-04
1.948151e+01 2.088426e+00 -4.894931e-04
1.948151e+01 2.685505e+00 -5.157379e-04
1.989114e+01 1.570796e-02 -4.413091e-07
1.989114e+01 2.346256e-02 -5.983727e-07
1.989114e+01 3.503514e-02 -1.844554e-06
1.989114e+01 5.263151e-02 -3.699389e-06
1.989114e+01 7.314235e-02 -6.971450e-06
1.989114e+01 1.025928e-01 -1.071106e-05
1.989114e+01 1.448116e-01 -1.836402e-05
1.989114e+01 2.023460e-01 -2.838458e-05
1.989114e+01 2.834245e-01 -4.050016e-05
1.989114e+01 3.967448e-01 -5.824917e-05
1.989114e+01 5.552783e-01 -8.449387e-05
1.989114e+01 7.774819e-01 -1.269562e-04
1.989114e+01 1.088445e+00 -1.831452e-04
1.989114e+01 1.523711e+00 -2.672079e-04
1.989114e+01 2.088426e+00 -3.612513e-04
1.989114e+01 2.685505e+00 -3.809431e-04
2.030896e+01 1.570796e-02 -3.036218e-07
2.030896e+01 2.346256e-02 -4.325898e-07
2.030896e+01 3.503514e-02 -1.253602e-06
2.030896e+01 5.263151e-02 -2.636111e-06
2.030896e+01 7.314235e-02 -4.911989e-06
2.030896e+01 1.025928e-01 -7.394332e-06
2.030896e+01 1.448116e-01 -1.306918e-05
2.030896e+01 2.023460e-01 -1.988216e-05
2.030896e+01 2.834245e-01 -2.832790e-05
2.030896e+01 3.967448e-01 -4.143929e-05
2.030896e+01 5.552783e-01 -6.051279e-05
2.030896e+01 7.774819e-01 -9.08093e-05
2.030896e+01 1.088445e+00 -1.309693e-04
2.030896e+01 1.523711e+00 -1.916428e-04
2.030896e+01 2.088426e+00 -2.597715e-04
2.030896e+01 2.685505e+00 -2.745790e-04
2.073514e+01 1.570796e-02 -2.263004e-07
2.073514e+01 2.346256e-02 -2.721011e-07
2.073514e+01 3.503514e-02 -8.808494e-07
2.073514e+01 5.263151e-02 -1.753538e-06
2.073514e+01 7.314235e-02 -3.298717e-06
2.073514e+01 1.025928e-01 -4.952867e-06
2.073514e+01 1.448116e-01 -8.902527e-06
2.073514e+01 2.023460e-01 -1.390201e-05
2.073514e+01 2.834245e-01 -1.953215e-05
2.073514e+01 3.967448e-01 -2.850827e-05
2.073514e+01 5.552783e-01 -4.236071e-05
2.073514e+01 7.774819e-01 -6.401687e-05
2.073514e+01 1.088445e+00 -9.231255e-05
2.073514e+01 1.523711e+00 -1.347988e-04
2.073514e+01 2.088426e+00 -1.839475e-04
2.073514e+01 2.685505e+00 -1.933896e-04
2.116984e+01 1.570796e-02 -1.427837e-07
2.116984e+01 2.346256e-02 -1.790476e-07
2.116984e+01 3.503514e-02 -5.862506e-07
2.116984e+01 5.263151e-02 -1.142625e-06
2.116984e+01 7.314235e-02 -2.167822e-06
2.116984e+01 1.025928e-01 -3.237857e-06
2.116984e+01 1.448116e-01 -5.938049e-06
2.116984e+01 2.023460e-01 -9.250765e-06
2.116984e+01 2.834245e-01 -1.301517e-05
2.116984e+01 3.967448e-01 -1.934632e-05
2.116984e+01 5.552783e-01 -2.855501e-05
2.116984e+01 7.774819e-01 -4.360145e-05
2.116984e+01 1.088445e+00 -6.259722e-05
2.116984e+01 1.523711e+00 -9.224286e-05
2.116984e+01 2.088426e+00 -1.272662e-04
2.116984e+01 2.685505e+00 -1.368111e-04
2.161324e+01 1.570796e-02 -1.003918e-07
2.161324e+01 2.346256e-02 -1.002102e-07
2.161324e+01 3.503514e-02 -4.112290e-07
2.161324e+01 5.263151e-02 -7.398698e-07
2.161324e+01 7.314235e-02 -1.426182e-06
2.161324e+01 1.025928e-01 -2.129482e-06
2.161324e+01 1.448116e-01 -3.910481e-06
2.161324e+01 2.023460e-01 -6.009759e-06
2.161324e+01 2.834245e-01 -8.538868e-06
2.161324e+01 3.967448e-01 -1.274854e-05
2.161324e+01 5.552783e-01 -1.903074e-05
2.161324e+01 7.774819e-01 -2.900659e-05
2.161324e+01 1.088445e+00 -4.16985e-05
2.161324e+01 1.523711e+00 -6.091471e-05
2.161324e+01 2.088426e+00 -8.593162e-05
2.161324e+01 2.685505e+00 -9.347166e-05
2.206550e+01 1.570796e-02 -6.353832e-08
2.206550e+01 2.346256e-02 -5.531614e-08
2.206550e+01 3.503514e-02 -2.525254e-07
2.206550e+01 5.263151e-02 -4.400198e-07
2.206550e+01 7.314235e-02 -8.981191e-07
2.206550e+01 1.025928e-01 -1.38418e-06
2.206550e+01 1.448116e-01 -2.466116e-06
2.206550e+01 2.023460e-01 -3.82263e-06
2.206550e+01 2.834245e-01 -5.449626e-06
2.206550e+01 3.967448e-01 -8.246127e-06
2.206550e+01 5.552783e-01 -1.247670e-05
2.206550e+01 7.774819e-01 -1.907307e-05
2.206550e+01 1.088445e+00 -2.759995e-05
2.206550e+01 1.523711e+00 -4.015866e-05
2.206550e+01 2.088426e+00 -5.666623e-05
2.206550e+01 2.685505e+00 -6.224557e-05
2.252681e+01 1.570796e-02 -3.890815e-08
2.252681e+01 2.346256e-02 -3.099704e-08
2.252681e+01 3.503514e-02 -1.625051e-07
2.252681e+01 5.263151e-02 -2.704706e-07
2.252681e+01 7.314235e-02 -5.431302e-07
2.252681e+01 1.025928e-01 -8.412808e-07
2.252681e+01 1.448116e-01 -1.604689e-06
2.252681e+01 2.023460e-01 -2.470984e-06
2.252681e+01 2.834245e-01 -3.459082e-06
2.252681e+01 3.967448e-01 -5.316312e-06
2.252681e+01 5.552783e-01 -8.116743e-06
2.252681e+01 7.774819e-01 -1.240944e-05
2.252681e+01 1.088445e+00 -1.782485e-05
2.252681e+01 1.523711e+00 -2.612373e-05
2.252681e+01 2.088426e+00 -3.706843e-05
2.252681e+01 2.685505e+00 -4.020715e-05
2.299735e+01 1.570796e-02 -2.556564e-08
2.299735e+01 2.346256e-02 -1.615007e-08
2.299735e+01 3.503514e-02 -9.955087e-08
2.299735e+01 5.263151e-02 -1.712635e-07
2.299735e+01 7.314235e-02 -3.21609e-07
2.299735e+01 1.025928e-01 -5.193110e-07
2.299735e+01 1.448116e-01 -9.760912e-07
2.299735e+01 2.023460e-01 -1.547268e-06
2.299735e+01 2.834245e-01 -2.137427e-06
2.299735e+01 3.967448e-01 -3.273130e-06
2.299735e+01 5.552783e-01 -5.029855e-06
2.299735e+01 7.774819e-01 -7.816088e-06
2.299735e+01 1.088445e+00 -1.116644e-05
2.299735e+01 1.523711e+00 -1.680693e-05
2.299735e+01 2.088426e+00 -2.365423e-05
2.299735e+01 2.685505e+00 -2.490522e-05
2.34773e+01 1.570796e-02 -1.543769e-08
2.34773e+01 2.346256e-02 -7.922244e-09
2.34773e+01 3.503514e-02 -5.557542e-08
2.34773e+01 5.263151e-02 -1.027704e-07
2.34773e+01 7.314235e-02 -1.948173e-07
2.34773e+01 1.025928e-01 -3.045551e-07
2.34773e+01 1.448116e-01 -5.779776e-07
2.34773e+01 2.023460e-01 -9.280421e-07
2.34773e+01 2.834245e-01 -1.269417e-06
2.34773e+01 3.967448e-01 -1.964205e-06
2.34773e+01 5.552783e-01 -3.068731e-06
2.34773e+01 7.774819e-01 -4.753391e-06
2.34773e+01 1.088445e+00 -6.911731e-06
2.34773e+01 1.523711e+00 -1.056212e-05
2.34773e+01 2.088426e+00 -1.476751e-05
2.34773e+01 2.685505e+00 -1.558018e-05
2.396684e+01 1.570796e-02 4.188774e-10
2.396684e+01 2.346256e-02 1.063514e-09
2.396684e+01 3.503514e-02 2.158138e-09
2.396684e+01 5.263151e-02 4.41789e-09
2.396684e+01 7.314235e-02 9.237696e-09
2.396684e+01 1.025928e-01 1.37744e-08
2.396684e+01 1.448116e-01 2.341081e-08
2.396684e+01 2.023460e-01 3.428680e-08
2.396684e+01 2.834245e-01 5.020227e-08
2.396684e+01 3.967448e-01 7.167389e-08
2.396684e+01 5.552783e-01 1.013548e-07
2.396684e+01 7.774819e-01 1.343241e-07
2.396684e+01 1.088445e+00 1.542886e-07
2.396684e+01 1.523711e+00 1.432406e-07
2.396684e+01 2.088426e+00 1.040982e-07
2.396684e+01 2.685505e+00 5.339563e-08
2.446618e+01 1.570796e-02 3.909774e-10
2.446618e+01 2.346256e-02 9.920606e-10
2.446618e+01 3.503514e-02 2.014929e-09
2.446618e+01 5.263151e-02 4.120848e-09
2.446618e+01 7.314235e-02 8.623541e-09
2.446618e+01 1.025928e-01 1.285479e-08
2.446618e+01 1.448116e-01 2.187317e-08
2.446618e+01 2.023460e-01 3.212718e-08
2.446618e+01 2.834245e-01 4.728906e-08
2.446618e+01 3.967448e-01 6.797471e-08
2.446618e+01 5.552783e-01 9.676675e-08
2.446618e+01 7.774819e-01 1.289311e-07
2.446618e+01 1.088445e+00 1.492466e-07
2.446618e+01 1.523711e+00 1.404542e-07
2.446618e+01 2.088426e+00 1.041566e-07
2.446618e+01 2.685505e+00 5.391526e-08
2.497550e+01 1.570796e-02 3.637134e-10
2.497550e+01 2.346256e-02 9.217443e-10
2.497550e+01 3.503514e-02 1.874780e-09
2.497550e+01 5.263151e-02 3.829641e-09
2.497550e+01 7.314235e-02 8.021034e-09
2.497550e+01 1.025928e-01 1.195531e-08
2.497550e+01 1.448116e-01 2.037073e-08
2.497550e+01 2.023460e-01 3.000529e-08
2.497550e+01 2.834245e-01 4.440876e-08
2.497550e+01 3.967448e-01 6.428403e-08
2.497550e+01 5.552783e-01 9.210523e-08
2.497550e+01 7.774819e-01 1.233753e-07
2.497550e+01 1.088445e+00 1.438643e-07
2.497550e+01 1.523711e+00 1.375749e-07
2.497550e+01 2.088426e+00 1.041438e-07
2.497550e+01 2.685505e+00 5.461228e-08
2.549501e+01 1.570796e-02 3.369375e-10
2.549501e+01 2.346256e-02 8.539048e-10
2.549501e+01 3.503514e-02 1.737235e-09
2.549501e+01 5.263151e-02 3.545203e-09
2.549501e+01 7.314235e-02 7.432961e-09
2.549501e+01 1.025928e-01 1.107418e-08
2.549501e+01 1.448116e-01 1.890352e-08
2.549501e+01 2.023460e-01 2.793059e-08
2.549501e+01 2.834245e-01 4.157841e-08
2.549501e+01 3.967448e-01 6.058964e-08
2.549501e+01 5.552783e-01 8.732787e-08
2.549501e+01 7.774819e-01 1.175955e-07
2.549501e+01 1.088445e+00 1.382595e-07
2.549501e+01 1.523711e+00 1.344992e-07
2.549501e+01 2.088426e+00 1.042263e-07
2.549501e+01 2.685505e+00 5.555820e-08
2.602491e+01 1.570796e-02 3.107087e-10
2.602491e+01 2.346256e-02 7.878248e-10
2.602491e+01 3.503514e-02 1.602906e-09
2.602491e+01 5.263151e-02 3.268846e-09
2.602491e+01 7.314235e-02 6.859782e-09
2.602491e+01 1.025928e-01 1.021711e-08
2.602491e+01 1.448116e-01 1.747015e-08
2.602491e+01 2.023460e-01 2.590467e-08
2.602491e+01 2.834245e-01 3.877957e-08
2.602491e+01 3.967448e-01 5.689859e-08
2.602491e+01 5.552783e-01 8.246524e-08
2.602491e+01 7.774819e-01 1.115899e-07
2.602491e+01 1.088445e+00 1.323679e-07
2.602491e+01 1.523711e+00 1.310825e-07
2.602491e+01 2.088426e+00 1.04229e-07
2.602491e+01 2.685505e+00 5.680361e-08
2.656541e+01 1.570796e-02 2.852736e-10
2.656541e+01 2.346256e-02 7.241665e-10
2.656541e+01 3.503514e-02 1.471686e-09
2.656541e+01 5.263151e-02 2.999942e-09
2.656541e+01 7.314235e-02 6.300447e-09
2.656541e+01 1.025928e-01 9.382899e-09
2.656541e+01 1.448116e-01 1.606952e-08
2.656541e+01 2.023460e-01 2.392548e-08
2.656541e+01 2.834245e-01 3.602478e-08
2.656541e+01 3.967448e-01 5.318575e-08
2.656541e+01 5.552783e-01 7.749187e-08
2.656541e+01 7.774819e-01 1.054027e-07
2.656541e+01 1.088445e+00 1.261675e-07
2.656541e+01 1.523711e+00 1.274089e-07
2.656541e+01 2.088426e+00 1.039662e-07
2.656541e+01 2.685505e+00 5.849256e-08
2.711672e+01 1.570796e-02 2.604978e-10
2.711672e+01 2.346256e-02 6.616463e-10
2.711672e+01 3.503514e-02 1.344148e-09
2.711672e+01 5.263151e-02 2.73904e-09
2.711672e+01 7.314235e-02 5.756862e-09
2.711672e+01 1.025928e-01 8.572603e-09
2.711672e+01 1.448116e-01 1.470856e-08
2.711672e+01 2.023460e-01 2.198815e-08
2.711672e+01 2.834245e-01 3.330419e-08
2.711672e+01 3.967448e-01 4.945006e-08
2.711672e+01 5.552783e-01 7.239361e-08
2.711672e+01 7.774819e-01 9.897018e-08
2.711672e+01 1.088445e+00 1.196608e-07
2.711672e+01 1.523711e+00 1.232900e-07
2.711672e+01 2.088426e+00 1.036594e-07
2.711672e+01 2.685505e+00 6.055222e-08
2.767905e+01 1.570796e-02 2.364198e-10
2.767905e+01 2.346256e-02 6.008624e-10
2.767905e+01 3.503514e-02 1.219709e-09
2.767905e+01 5.263151e-02 2.484344e-09
2.767905e+01 7.314235e-02 5.22717e-09
2.767905e+01 1.025928e-01 7.785005e-09
2.767905e+01 1.448116e-01 1.337623e-08
2.767905e+01 2.023460e-01 2.009453e-08
2.767905e+01 2.834245e-01 3.059933e-08
2.767905e+01 3.967448e-01 4.568372e-08
2.767905e+01 5.552783e-01 6.71868e-08
2.767905e+01 7.774819e-01 9.233902e-08
2.767905e+01 1.088445e+00 1.128001e-07
2.767905e+01 1.523711e+00 1.188179e-07
2.767905e+01 2.088426e+00 1.030255e-07
2.767905e+01 2.685505e+00 6.327691e-08
2.825263e+01 1.570796e-02 2.128816e-10
2.825263e+01 2.346256e-02 5.418094e-10
2.825263e+01 3.503514e-02 1.098431e-09
2.825263e+01 5.263151e-02 2.23727e-09
2.825263e+01 7.314235e-02 4.710405e-09
2.825263e+01 1.025928e-01 7.018855e-09
2.825263e+01 1.448116e-01 1.207716e-08
2.825263e+01 2.023460e-01 1.822767e-08
2.825263e+01 2.834245e-01 2.790843e-08
2.825263e+01 3.967448e-01 4.186981e-08
2.825263e+01 5.552783e-01 6.185781e-08
2.825263e+01 7.774819e-01 8.549685e-08
2.825263e+01 1.088445e+00 1.055883e-07
2.825263e+01 1.523711e+00 1.137128e-07
2.825263e+01 2.088426e+00 1.020219e-07
2.825263e+01 2.685505e+00 6.615455e-08
2.883769e+01 1.570796e-02 1.900330e-10
2.883769e+01 2.346256e-02 4.842890e-10
2.883769e+01 3.503514e-02 9.802607e-10
2.883769e+01 5.263151e-02 1.996939e-09
2.883769e+01 7.314235e-02 4.206644e-09
2.883769e+01 1.025928e-01 6.271995e-09
2.883769e+01 1.448116e-01 1.080706e-08
2.883769e+01 2.023460e-01 1.638902e-08
2.883769e+01 2.834245e-01 2.522766e-08
2.883769e+01 3.967448e-01 3.802097e-08
2.883769e+01 5.552783e-01 5.641845e-08
2.883769e+01 7.774819e-01 7.841521e-08
2.883769e+01 1.088445e+00 9.793228e-08
2.883769e+01 1.523711e+00 1.080040e-07
2.883769e+01 2.088426e+00 1.004916e-07
2.883769e+01 2.685505e+00 6.927047e-08
2.943444e+01 1.570796e-02 1.677461e-10
2.943444e+01 2.346256e-02 4.280285e-10
2.943444e+01 3.503514e-02 8.649779e-10
2.943444e+01 5.263151e-02 1.762829e-09
2.943444e+01 7.314235e-02 3.71602e-09
2.943444e+01 1.025928e-01 5.542794e-09
2.943444e+01 1.448116e-01 9.565903e-09
2.943444e+01 2.023460e-01 1.457736e-08
2.943444e+01 2.834245e-01 2.254635e-08
2.943444e+01 3.967448e-01 3.413495e-08
2.943444e+01 5.552783e-01 5.084766e-08
2.943444e+01 7.774819e-01 7.108502e-08
2.943444e+01 1.088445e+00 8.987439e-08
2.943444e+01 1.523711e+00 1.015453e-07
2.943444e+01 2.088426e+00 9.83581e-08
2.943444e+01 2.685505e+00 7.249039e-08
3.004313e+01 1.570796e-02 1.459602e-10
3.004313e+01 2.346256e-02 3.730224e-10
3.004313e+01 3.503514e-02 7.526481e-10
3.004313e+01 5.263151e-02 1.534405e-09
3.004313e+01 7.314235e-02 3.237944e-09
3.004313e+01 1.025928e-01 4.832634e-09
3.004313e+01 1.448116e-01 8.348722e-09
3.004313e+01 2.023460e-01 1.279032e-08
3.004313e+01 2.834245e-01 1.987419e-08
3.004313e+01 3.967448e-01 3.020628e-08
3.004313e+01 5.552783e-01 4.517182e-08
3.004313e+01 7.774819e-01 6.350875e-08
3.004313e+01 1.088445e+00 8.129729e-08
3.004313e+01 1.523711e+00 9.419841e-08
3.004313e+01 2.088426e+00 9.509176e-08
3.004313e+01 2.685505e+00 7.542045e-08
3.066399e+01 1.570796e-02 1.247514e-10
3.066399e+01 2.346256e-02 3.196163e-10
3.066399e+01 3.503514e-02 6.431376e-10
3.066399e+01 5.263151e-02 1.312001e-09
3.066399e+01 7.314235e-02 2.771122e-09
3.066399e+01 1.025928e-01 4.139999e-09
3.066399e+01 1.448116e-01 7.159727e-09
3.066399e+01 2.023460e-01 1.102194e-08
3.066399e+01 2.834245e-01 1.720456e-08
3.066399e+01 3.967448e-01 2.623198e-08
3.066399e+01 5.552783e-01 3.937658e-08
3.066399e+01 7.774819e-01 5.567762e-08
3.066399e+01 1.088445e+00 7.218151e-08
3.066399e+01 1.523711e+00 8.582629e-08
3.066399e+01 2.088426e+00 9.064361e-08
3.066399e+01 2.685505e+00 7.763347e-08
3.129727e+01 1.570796e-02 1.041268e-10
3.129727e+01 2.346256e-02 2.672164e-10
3.129727e+01 3.503514e-02 5.363908e-10
3.129727e+01 5.263151e-02 1.095178e-09
3.129727e+01 7.314235e-02 2.315294e-09
3.129727e+01 1.025928e-01 3.462712e-09
3.129727e+01 1.448116e-01 5.996519e-09
3.129727e+01 2.023460e-01 9.27325e-09
3.129727e+01 2.834245e-01 1.453504e-08
3.129727e+01 3.967448e-01 2.222900e-08
3.129727e+01 5.552783e-01 3.347479e-08
3.129727e+01 7.774819e-01 4.759946e-08
3.129727e+01 1.088445e+00 6.250759e-08
3.129727e+01 1.523711e+00 7.634857e-08
3.129727e+01 2.088426e+00 8.455708e-08
3.129727e+01 2.685505e+00 7.860783e-08
3.194322e+01 1.570796e-02 8.396406e-11
3.194322e+01 2.346256e-02 2.160449e-10
3.194322e+01 3.503514e-02 4.323262e-10
3.194322e+01 5.263151e-02 8.837787e-10
3.194322e+01 7.314235e-02 1.870421e-09
3.194322e+01 1.025928e-01 2.800632e-09
3.194322e+01 1.448116e-01 4.854284e-09
3.194322e+01 2.023460e-01 7.540482e-09
3.194322e+01 2.834245e-01 1.186480e-08
3.194322e+01 3.967448e-01 1.818899e-08
3.194322e+01 5.552783e-01 2.749047e-08
3.194322e+01 7.774819e-01 3.929185e-08
3.194322e+01 1.088445e+00 5.225695e-08
3.194322e+01 1.523711e+00 6.559054e-08
3.194322e+01 2.088426e+00 7.639816e-08
3.194322e+01 2.685505e+00 7.714786e-08
3.260208e+01 1.570796e-02 6.432501e-11
3.260208e+01 2.346256e-02 1.658950e-10
3.260208e+01 3.503514e-02 3.310439e-10
3.260208e+01 5.263151e-02 6.778794e-10
3.260208e+01 7.314235e-02 1.436349e-09
3.260208e+01 1.025928e-01 2.153040e-09
3.260208e+01 1.448116e-01 3.735526e-09
3.260208e+01 2.023460e-01 5.828253e-09
3.260208e+01 2.834245e-01 9.199861e-09
3.260208e+01 3.967448e-01 1.413312e-08
3.260208e+01 5.552783e-01 2.141361e-08
3.260208e+01 7.774819e-01 3.076127e-08
3.260208e+01 1.088445e+00 4.147213e-08
3.260208e+01 1.523711e+00 5.3487e-08
3.260208e+01 2.088426e+00 6.571318e-08
3.260208e+01 2.685505e+00 7.22397e-08
3.327412e+01 1.570796e-02 4.500847e-11
3.327412e+01 2.346256e-02 1.165196e-10
3.327412e+01 3.503514e-02 2.315942e-10
3.327412e+01 5.263151e-02 4.745804e-10
3.327412e+01 7.314235e-02 1.007389e-09
3.327412e+01 1.025928e-01 1.511826e-09
3.327412e+01 1.448116e-01 2.626195e-09
3.327412e+01 2.023460e-01 4.115562e-09
3.327412e+01 2.834245e-01 6.520458e-09
3.327412e+01 3.967448e-01 1.00306e-08
3.327412e+01 5.552783e-01 1.525073e-08
3.327412e+01 7.774819e-01 2.200642e-08
3.327412e+01 1.088445e+00 3.005736e-08
3.327412e+01 1.523711e+00 3.988381e-08
3.327412e+01 2.088426e+00 5.184366e-08
3.327412e+01 2.685505e+00 6.195308e-08
3.395961e+01 1.570796e-02 2.713139e-11
3.395961e+01 2.346256e-02 7.111162e-11
3.395961e+01 3.503514e-02 1.401395e-10
3.395961e+01 5.263151e-02 2.883290e-10
3.395961e+01 7.314235e-02 6.1226e-10
3.395961e+01 1.025928e-01 9.194985e-10
3.395961e+01 1.448116e-01 1.596245e-09
3.395961e+01 2.023460e-01 2.502057e-09
3.395961e+01 2.834245e-01 3.956421e-09
3.395961e+01 3.967448e-01 6.058729e-09
3.395961e+01 5.552783e-01 9.183998e-09
3.395961e+01 7.774819e-01 1.323871e-08
3.395961e+01 1.088445e+00 1.821981e-08
3.395961e+01 1.523711e+00 2.480693e-08
3.395961e+01 2.088426e+00 3.407122e-08
3.395961e+01 2.685505e+00 4.402466e-08
3.46588e+01 1.570796e-02 8.468094e-12
3.46588e+01 2.346256e-02 2.036163e-11
3.46588e+01 3.503514e-02 4.417097e-11
3.46588e+01 5.263151e-02 8.528147e-11
3.46588e+01 7.314235e-02 1.854908e-10
3.46588e+01 1.025928e-01 2.770637e-10
3.46588e+01 1.448116e-01 4.817342e-10
3.46588e+01 2.023460e-01 7.672861e-10
3.46588e+01 2.834245e-01 1.226558e-09
3.46588e+01 3.967448e-01 1.896837e-09
3.46588e+01 5.552783e-01 2.896154e-09
3.46588e+01 7.774819e-01 4.213828e-09
3.46588e+01 1.088445e+00 5.905332e-09
3.46588e+01 1.523711e+00 8.274395e-09
3.46588e+01 2.088426e+00 1.194187e-08
3.46588e+01 2.685505e+00 1.641300e-08
3.537197e+01 1.570796e-02 0.e+00
3.537197e+01 2.346256e-02 0.e+00
3.537197e+01 3.503514e-02 0.e+00
3.537197e+01 5.263151e-02 0.e+00
3.537197e+01 7.314235e-02 0.e+00
3.537197e+01 1.025928e-01 0.e+00
3.537197e+01 1.448116e-01 0.e+00
3.537197e+01 2.023460e-01 0.e+00
3.537197e+01 2.834245e-01 0.e+00
3.537197e+01 3.967448e-01 0.e+00
3.537197e+01 5.552783e-01 0.e+00
3.537197e+01 7.774819e-01 0.e+00
3.537197e+01 1.088445e+00 0.e+00
3.537197e+01 1.523711e+00 0.e+00
3.537197e+01 2.088426e+00 0.e+00
3.537197e+01 2.685505e+00 0.e+00
