5.e+00 1.570796e-02 0.e+00
5.e+00 2.346256e-02 0.e+00
5.e+00 3.503514e-02 0.e+00
5.e+00 5.263151e-02 0.e+00
5.e+00 7.314235e-02 0.e+00
5.e+00 1.025928e-01 0.e+00
5.e+00 1.448116e-01 0.e+00
5.e+00 2.023460e-01 0.e+00
5.e+00 2.834245e-01 0.e+00
5.e+00 3.967448e-01 0.e+00
5.e+00 5.552783e-01 0.e+00
5.e+00 7.774819e-01 0.e+00
5.e+00 1.088445e+00 0.e+00
5.e+00 1.523711e+00 0.e+00
5.e+00 2.088426e+00 0.e+00
5.e+00 2.685505e+00 0.e+00
5.12e+00 1.570796e-02 0.e+00
5.12e+00 2.346256e-02 0.e+00
5.12e+00 3.503514e-02 0.e+00
5.12e+00 5.263151e-02 0.e+00
5.12e+00 7.314235e-02 0.e+00
5.12e+00 1.025928e-01 0.e+00
5.12e+00 1.448116e-01 0.e+00
5.12e+00 2.023460e-01 0.e+00
5.12e+00 2.834245e-01 0.e+00
5.12e+00 3.967448e-01 0.e+00
5.12e+00 5.552783e-01 0.e+00
5.12e+00 7.774819e-01 0.e+00
5.12e+00 1.088445e+00 0.e+00
5.12e+00 1.523711e+00 0.e+00
5.12e+00 2.088426e+00 0.e+00
5.12e+00 2.685505e+00 0.e+00
5.2424e+00 1.570796e-02 0.e+00
5.2424e+00 2.346256e-02 0.e+00
5.2424e+00 3.503514e-02 0.e+00
5.2424e+00 5.263151e-02 0.e+00
5.2424e+00 7.314235e-02 0.e+00
5.2424e+00 1.025928e-01 0.e+00
5.2424e+00 1.448116e-01 0.e+00
5.2424e+00 2.023460e-01 0.e+00
5.2424e+00 2.834245e-01 0.e+00
5.2424e+00 3.967448e-01 0.e+00
5.2424e+00 5.552783e-01 0.e+00
5.2424e+00 7.774819e-01 0.e+00
5.2424e+00 1.088445e+00 0.e+00
5.2424e+00 1.523711e+00 0.e+00
5.2424e+00 2.088426e+00 0.e+00
5.2424e+00 2.685505e+00 0.e+00
5.367248e+00 1.570796e-02 0.e+00
5.367248e+00 2.346256e-02 0.e+00
5.367248e+00 3.503514e-02 0.e+00
5.367248e+00 5.263151e-02 0.e+00
5.367248e+00 7.314235e-02 0.e+00
5.367248e+00 1.025928e-01 0.e+00
5.367248e+00 1.448116e-01 0.e+00
5.367248e+00 2.023460e-01 0.e+00
5.367248e+00 2.834245e-01 0.e+00
5.367248e+00 3.967448e-01 0.e+00
5.367248e+00 5.552783e-01 0.e+00
5.367248e+00 7.774819e-01 0.e+00
5.367248e+00 1.088445e+00 0.e+00
5.367248e+00 1.523711e+00 0.e+00
5.367248e+00 2.088426e+00 0.e+00
5.367248e+00 2.685505e+00 0.e+00
5.494593e+00 1.570796e-02 0.e+00
5.494593e+00 2.346256e-02 0.e+00
5.494593e+00 3.503514e-02 0.e+00
5.494593e+00 5.263151e-02 0.e+00
5.494593e+00 7.314235e-02 0.e+00
5.494593e+00 1.025928e-01 0.e+00
5.494593e+00 1.448116e-01 0.e+00
5.494593e+00 2.023460e-01 0.e+00
5.494593e+00 2.834245e-01 0.e+00
5.494593e+00 3.967448e-01 0.e+00
5.494593e+00 5.552783e-01 0.e+00
5.494593e+00 7.774819e-01 0.e+00
5.494593e+00 1.088445e+00 0.e+00
5.494593e+00 1.523711e+00 0.e+00
5.494593e+00 2.088426e+00 0.e+00
5.494593e+00 2.685505e+00 0.e+00
5.624485e+00 1.570796e-02 0.e+00
5.624485e+00 2.346256e-02 0.e+00
5.624485e+00 3.503514e-02 0.e+00
5.624485e+00 5.263151e-02 0.e+00
5.624485e+00 7.314235e-02 0.e+00
5.624485e+00 1.025928e-01 0.e+00
5.624485e+00 1.448116e-01 0.e+00
5.624485e+00 2.023460e-01 0.e+00
5.624485e+00 2.834245e-01 0.e+00
5.624485e+00 3.967448e-01 0.e+00
5.624485e+00 5.552783e-01 0.e+00
5.624485e+00 7.774819e-01 0.e+00
5.624485e+00 1.088445e+00 0.e+00
5.624485e+00 1.523711e+00 0.e+00
5.624485e+00 2.088426e+00 0.e+00
5.624485e+00 2.685505e+00 0.e+00
5.756975e+00 1.570796e-02 0.e+00
5.756975e+00 2.346256e-02 0.e+00
5.756975e+00 3.503514e-02 0.e+00
5.756975e+00 5.263151e-02 0.e+00
5.756975e+00 7.314235e-02 0.e+00
5.756975e+00 1.025928e-01 0.e+00
5.756975e+00 1.448116e-01 0.e+00
5.756975e+00 2.023460e-01 0.e+00
5.756975e+00 2.834245e-01 0.e+00
5.756975e+00 3.967448e-01 0.e+00
5.756975e+00 5.552783e-01 0.e+00
5.756975e+00 7.774819e-01 0.e+00
5.756975e+00 1.088445e+00 0.e+00
5.756975e+00 1.523711e+00 0.e+00
5.756975e+00 2.088426e+00 0.e+00
5.756975e+00 2.685505e+00 0.e+00
5.892114e+00 1.570796e-02 0.e+00
5.892114e+00 2.346256e-02 0.e+00
5.892114e+00 3.503514e-02 0.e+00
5.892114e+00 5.263151e-02 0.e+00
5.892114e+00 7.314235e-02 0.e+00
5.892114e+00 1.025928e-01 0.e+00
5.892114e+00 1.448116e-01 0.e+00
5.892114e+00 2.023460e-01 0.e+00
5.892114e+00 2.834245e-01 0.e+00
5.892114e+00 3.967448e-01 0.e+00
5.892114e+00 5.552783e-01 0.e+00
5.892114e+00 7.774819e-01 0.e+00
5.892114e+00 1.088445e+00 0.e+00
5.892114e+00 1.523711e+00 0.e+00
5.892114e+00 2.088426e+00 0.e+00
5.892114e+00 2.685505e+00 0.e+00
6.029956e+00 1.570796e-02 -1.488794e-05
6.029956e+00 2.346256e-02 -1.081604e-05
6.029956e+00 3.503514e-02 -2.102823e-05
6.029956e+00 5.263151e-02 -7.954408e-06
6.029956e+00 7.314235e-02 -3.524981e-05
6.029956e+00 1.025928e-01 -8.522727e-06
6.029956e+00 1.448116e-01 -3.540343e-05
6.029956e+00 2.023460e-01 -1.694514e-05
6.029956e+00 2.834245e-01 -3.033887e-06
6.029956e+00 3.967448e-01 -5.76709e-06
6.029956e+00 5.552783e-01 -1.115085e-05
6.029956e+00 7.774819e-01 -6.187308e-06
6.029956e+00 1.088445e+00 -9.578083e-06
6.029956e+00 1.523711e+00 -1.057048e-05
6.029956e+00 2.088426e+00 -1.192938e-05
6.029956e+00 2.685505e+00 -1.205051e-05
6.170555e+00 1.570796e-02 -1.228362e-04
6.170555e+00 2.346256e-02 -9.280822e-05
6.170555e+00 3.503514e-02 -1.554939e-04
6.170555e+00 5.263151e-02 -2.388329e-04
6.170555e+00 7.314235e-02 -2.860052e-04
6.170555e+00 1.025928e-01 -1.059997e-04
6.170555e+00 1.448116e-01 -2.149780e-04
6.170555e+00 2.023460e-01 -1.718857e-04
6.170555e+00 2.834245e-01 -2.444731e-04
6.170555e+00 3.967448e-01 -1.500019e-04
6.170555e+00 5.552783e-01 -1.298794e-04
6.170555e+00 7.774819e-01 -1.275818e-04
6.170555e+00 1.088445e+00 -1.175842e-04
6.170555e+00 1.523711e+00 -1.198771e-04
6.170555e+00 2.088426e+00 -1.438976e-04
6.170555e+00 2.685505e+00 -1.664046e-04
6.313967e+00 1.570796e-02 -2.853228e-04
6.313967e+00 2.346256e-02 -3.051722e-04
6.313967e+00 3.503514e-02 -3.361967e-04
6.313967e+00 5.263151e-02 -6.485723e-04
6.313967e+00 7.314235e-02 -8.305536e-04
6.313967e+00 1.025928e-01 -6.274829e-04
6.313967e+00 1.448116e-01 -8.351197e-04
6.313967e+00 2.023460e-01 -7.432389e-04
6.313967e+00 2.834245e-01 -8.717258e-04
6.313967e+00 3.967448e-01 -6.476029e-04
6.313967e+00 5.552783e-01 -5.476029e-04
6.313967e+00 7.774819e-01 -5.243547e-04
6.313967e+00 1.088445e+00 -4.528980e-04
6.313967e+00 1.523711e+00 -4.608573e-04
6.313967e+00 2.088426e+00 -5.511620e-04
6.313967e+00 2.685505e+00 -6.218737e-04
6.460246e+00 1.570796e-02 -5.946059e-04
6.460246e+00 2.346256e-02 -8.15754e-04
6.460246e+00 3.503514e-02 -1.224576e-03
6.460246e+00 5.263151e-02 -2.101042e-03
6.460246e+00 7.314235e-02 -3.10937e-03
6.460246e+00 1.025928e-01 -2.310335e-03
6.460246e+00 1.448116e-01 -2.966399e-03
6.460246e+00 2.023460e-01 -2.759142e-03
6.460246e+00 2.834245e-01 -2.823911e-03
6.460246e+00 3.967448e-01 -2.222415e-03
6.460246e+00 5.552783e-01 -2.009712e-03
6.460246e+00 7.774819e-01 -1.795880e-03
6.460246e+00 1.088445e+00 -1.571867e-03
6.460246e+00 1.523711e+00 -1.606516e-03
6.460246e+00 2.088426e+00 -1.863971e-03
6.460246e+00 2.685505e+00 -2.146323e-03
6.609451e+00 1.570796e-02 -7.368734e-04
6.609451e+00 2.346256e-02 -1.51563e-03
6.609451e+00 3.503514e-02 -2.525323e-03
6.609451e+00 5.263151e-02 -3.725680e-03
6.609451e+00 7.314235e-02 -6.120096e-03
6.609451e+00 1.025928e-01 -4.819864e-03
6.609451e+00 1.448116e-01 -5.631211e-03
6.609451e+00 2.023460e-01 -5.901984e-03
6.609451e+00 2.834245e-01 -5.724031e-03
6.609451e+00 3.967448e-01 -4.793836e-03
6.609451e+00 5.552783e-01 -4.408868e-03
6.609451e+00 7.774819e-01 -3.832827e-03
6.609451e+00 1.088445e+00 -3.363756e-03
6.609451e+00 1.523711e+00 -3.366505e-03
6.609451e+00 2.088426e+00 -3.870608e-03
6.609451e+00 2.685505e+00 -4.375741e-03
6.76164e+00 1.570796e-02 -7.892486e-04
6.76164e+00 2.346256e-02 -1.9785e-03
6.76164e+00 3.503514e-02 -3.690565e-03
6.76164e+00 5.263151e-02 -5.596409e-03
6.76164e+00 7.314235e-02 -9.283717e-03
6.76164e+00 1.025928e-01 -8.483661e-03
6.76164e+00 1.448116e-01 -9.939154e-03
6.76164e+00 2.023460e-01 -1.029652e-02
6.76164e+00 2.834245e-01 -1.010626e-02
6.76164e+00 3.967448e-01 -8.681648e-03
6.76164e+00 5.552783e-01 -7.785110e-03
6.76164e+00 7.774819e-01 -6.855185e-03
6.76164e+00 1.088445e+00 -5.912715e-03
6.76164e+00 1.523711e+00 -5.841901e-03
6.76164e+00 2.088426e+00 -6.651623e-03
6.76164e+00 2.685505e+00 -7.489373e-03
6.916873e+00 1.570796e-02 -8.119183e-04
6.916873e+00 2.346256e-02 -2.15388e-03
6.916873e+00 3.503514e-02 -4.363487e-03
6.916873e+00 5.263151e-02 -7.070257e-03
6.916873e+00 7.314235e-02 -1.207416e-02
6.916873e+00 1.025928e-01 -1.251264e-02
6.916873e+00 1.448116e-01 -1.502873e-02
6.916873e+00 2.023460e-01 -1.548127e-02
6.916873e+00 2.834245e-01 -1.528033e-02
6.916873e+00 3.967448e-01 -1.338602e-02
6.916873e+00 5.552783e-01 -1.217888e-02
6.916873e+00 7.774819e-01 -1.056326e-02
6.916873e+00 1.088445e+00 -9.154948e-03
6.916873e+00 1.523711e+00 -8.893287e-03
6.916873e+00 2.088426e+00 -1.000878e-02
6.916873e+00 2.685505e+00 -1.116283e-02
7.075210e+00 1.570796e-02 -8.44222e-04
7.075210e+00 2.346256e-02 -2.067934e-03
7.075210e+00 3.503514e-02 -4.553059e-03
7.075210e+00 5.263151e-02 -7.960879e-03
7.075210e+00 7.314235e-02 -1.379803e-02
7.075210e+00 1.025928e-01 -1.574656e-02
7.075210e+00 1.448116e-01 -1.965050e-02
7.075210e+00 2.023460e-01 -2.05203e-02
7.075210e+00 2.834245e-01 -2.043119e-02
7.075210e+00 3.967448e-01 -1.837538e-02
7.075210e+00 5.552783e-01 -1.676704e-02
7.075210e+00 7.774819e-01 -1.456536e-02
7.075210e+00 1.088445e+00 -1.256666e-02
7.075210e+00 1.523711e+00 -1.210977e-02
7.075210e+00 2.088426e+00 -1.345555e-02
7.075210e+00 2.685505e+00 -1.488987e-02
7.236714e+00 1.570796e-02 -8.131161e-04
7.236714e+00 2.346256e-02 -1.930511e-03
7.236714e+00 3.503514e-02 -4.354897e-03
7.236714e+00 5.263151e-02 -7.973434e-03
7.236714e+00 7.314235e-02 -1.458161e-02
7.236714e+00 1.025928e-01 -1.801333e-02
7.236714e+00 1.448116e-01 -2.374427e-02
7.236714e+00 2.023460e-01 -2.505979e-02
7.236714e+00 2.834245e-01 -2.517501e-02
7.236714e+00 3.967448e-01 -2.328293e-02
7.236714e+00 5.552783e-01 -2.125942e-02
7.236714e+00 7.774819e-01 -1.853604e-02
7.236714e+00 1.088445e+00 -1.597306e-02
7.236714e+00 1.523711e+00 -1.525599e-02
7.236714e+00 2.088426e+00 -1.670504e-02
7.236714e+00 2.685505e+00 -1.820294e-02
7.401449e+00 1.570796e-02 -7.420789e-04
7.401449e+00 2.346256e-02 -1.797623e-03
7.401449e+00 3.503514e-02 -4.058556e-03
7.401449e+00 5.263151e-02 -7.704091e-03
7.401449e+00 7.314235e-02 -1.450652e-02
7.401449e+00 1.025928e-01 -1.908614e-02
7.401449e+00 1.448116e-01 -2.597199e-02
7.401449e+00 2.023460e-01 -2.842883e-02
7.401449e+00 2.834245e-01 -2.910032e-02
7.401449e+00 3.967448e-01 -2.745337e-02
7.401449e+00 5.552783e-01 -2.531765e-02
7.401449e+00 7.774819e-01 -2.205803e-02
7.401449e+00 1.088445e+00 -1.904340e-02
7.401449e+00 1.523711e+00 -1.796728e-02
7.401449e+00 2.088426e+00 -1.943748e-02
7.401449e+00 2.685505e+00 -2.091692e-02
7.569477e+00 1.570796e-02 -6.549001e-04
7.569477e+00 2.346256e-02 -1.617458e-03
7.569477e+00 3.503514e-02 -3.727167e-03
7.569477e+00 5.263151e-02 -7.207170e-03
7.569477e+00 7.314235e-02 -1.383327e-02
7.569477e+00 1.025928e-01 -1.915005e-02
7.569477e+00 1.448116e-01 -2.698923e-02
7.569477e+00 2.023460e-01 -3.048881e-02
7.569477e+00 2.834245e-01 -3.192341e-02
7.569477e+00 3.967448e-01 -3.075173e-02
7.569477e+00 5.552783e-01 -2.867668e-02
7.569477e+00 7.774819e-01 -2.514902e-02
7.569477e+00 1.088445e+00 -2.16643e-02
7.569477e+00 1.523711e+00 -2.027583e-02
7.569477e+00 2.088426e+00 -2.175542e-02
7.569477e+00 2.685505e+00 -2.318077e-02
7.740867e+00 1.570796e-02 -5.895263e-04
7.740867e+00 2.346256e-02 -1.490418e-03
7.740867e+00 3.503514e-02 -3.307606e-03
7.740867e+00 5.263151e-02 -6.554227e-03
7.740867e+00 7.314235e-02 -1.282200e-02
7.740867e+00 1.025928e-01 -1.839322e-02
7.740867e+00 1.448116e-01 -2.689756e-02
7.740867e+00 2.023460e-01 -3.133864e-02
7.740867e+00 2.834245e-01 -3.364878e-02
7.740867e+00 3.967448e-01 -3.319246e-02
7.740867e+00 5.552783e-01 -3.127758e-02
7.740867e+00 7.774819e-01 -2.767954e-02
7.740867e+00 1.088445e+00 -2.38566e-02
7.740867e+00 1.523711e+00 -2.222065e-02
7.740867e+00 2.088426e+00 -2.360714e-02
7.740867e+00 2.685505e+00 -2.487229e-02
7.915684e+00 1.570796e-02 -5.318427e-04
7.915684e+00 2.346256e-02 -1.345151e-03
7.915684e+00 3.503514e-02 -2.87803e-03
7.915684e+00 5.263151e-02 -5.900727e-03
7.915684e+00 7.314235e-02 -1.170664e-02
7.915684e+00 1.025928e-01 -1.718524e-02
7.915684e+00 1.448116e-01 -2.600138e-02
7.915684e+00 2.023460e-01 -3.119990e-02
7.915684e+00 2.834245e-01 -3.447566e-02
7.915684e+00 3.967448e-01 -3.473284e-02
7.915684e+00 5.552783e-01 -3.312088e-02
7.915684e+00 7.774819e-01 -2.961739e-02
7.915684e+00 1.088445e+00 -2.565334e-02
7.915684e+00 1.523711e+00 -2.379598e-02
7.915684e+00 2.088426e+00 -2.504864e-02
7.915684e+00 2.685505e+00 -2.606432e-02
8.093998e+00 1.570796e-02 -4.779508e-04
8.093998e+00 2.346256e-02 -1.212658e-03
8.093998e+00 3.503514e-02 -2.510782e-03
8.093998e+00 5.263151e-02 -5.272910e-03
8.093998e+00 7.314235e-02 -1.053851e-02
8.093998e+00 1.025928e-01 -1.580842e-02
8.093998e+00 1.448116e-01 -2.448038e-02
8.093998e+00 2.023460e-01 -3.029939e-02
8.093998e+00 2.834245e-01 -3.439531e-02
8.093998e+00 3.967448e-01 -3.541631e-02
8.093998e+00 5.552783e-01 -3.4316e-02
8.093998e+00 7.774819e-01 -3.09499e-02
8.093998e+00 1.088445e+00 -2.699258e-02
8.093998e+00 1.523711e+00 -2.492142e-02
8.093998e+00 2.088426e+00 -2.609649e-02
8.093998e+00 2.685505e+00 -2.713561e-02
8.275878e+00 1.570796e-02 -4.256372e-04
8.275878e+00 2.346256e-02 -1.097788e-03
8.275878e+00 3.503514e-02 -2.224340e-03
8.275878e+00 5.263151e-02 -4.693537e-03
8.275878e+00 7.314235e-02 -9.394335e-03
8.275878e+00 1.025928e-01 -1.424962e-02
8.275878e+00 1.448116e-01 -2.251982e-02
8.275878e+00 2.023460e-01 -2.869939e-02
8.275878e+00 2.834245e-01 -3.356858e-02
8.275878e+00 3.967448e-01 -3.541147e-02
8.275878e+00 5.552783e-01 -3.482728e-02
8.275878e+00 7.774819e-01 -3.180736e-02
8.275878e+00 1.088445e+00 -2.790008e-02
8.275878e+00 1.523711e+00 -2.578371e-02
8.275878e+00 2.088426e+00 -2.688729e-02
8.275878e+00 2.685505e+00 -2.765717e-02
8.461396e+00 1.570796e-02 -3.709563e-04
8.461396e+00 2.346256e-02 -9.815469e-04
8.461396e+00 3.503514e-02 -1.969749e-03
8.461396e+00 5.263151e-02 -4.16294e-03
8.461396e+00 7.314235e-02 -8.321833e-03
8.461396e+00 1.025928e-01 -1.266815e-02
8.461396e+00 1.448116e-01 -2.040461e-02
8.461396e+00 2.023460e-01 -2.675253e-02
8.461396e+00 2.834245e-01 -3.221026e-02
8.461396e+00 3.967448e-01 -3.479392e-02
8.461396e+00 5.552783e-01 -3.476874e-02
8.461396e+00 7.774819e-01 -3.214084e-02
8.461396e+00 1.088445e+00 -2.841867e-02
8.461396e+00 1.523711e+00 -2.633809e-02
8.461396e+00 2.088426e+00 -2.741707e-02
8.461396e+00 2.685505e+00 -2.790346e-02
8.650623e+00 1.570796e-02 -3.220183e-04
8.650623e+00 2.346256e-02 -8.830943e-04
8.650623e+00 3.503514e-02 -1.73892e-03
8.650623e+00 5.263151e-02 -3.676958e-03
8.650623e+00 7.314235e-02 -7.352887e-03
8.650623e+00 1.025928e-01 -1.121209e-02
8.650623e+00 1.448116e-01 -1.832022e-02
8.650623e+00 2.023460e-01 -2.458517e-02
8.650623e+00 2.834245e-01 -3.041689e-02
8.650623e+00 3.967448e-01 -3.360731e-02
8.650623e+00 5.552783e-01 -3.416700e-02
8.650623e+00 7.774819e-01 -3.204154e-02
8.650623e+00 1.088445e+00 -2.854349e-02
8.650623e+00 1.523711e+00 -2.661907e-02
8.650623e+00 2.088426e+00 -2.766813e-02
8.650623e+00 2.685505e+00 -2.792836e-02
8.843636e+00 1.570796e-02 -2.763415e-04
8.843636e+00 2.346256e-02 -7.884056e-04
8.843636e+00 3.503514e-02 -1.536895e-03
8.843636e+00 5.263151e-02 -3.233553e-03
8.843636e+00 7.314235e-02 -6.476734e-03
8.843636e+00 1.025928e-01 -9.870453e-03
8.843636e+00 1.448116e-01 -1.629122e-02
8.843636e+00 2.023460e-01 -2.234674e-02
8.843636e+00 2.834245e-01 -2.829821e-02
8.843636e+00 3.967448e-01 -3.196938e-02
8.843636e+00 5.552783e-01 -3.308712e-02
8.843636e+00 7.774819e-01 -3.146270e-02
8.843636e+00 1.088445e+00 -2.832657e-02
8.843636e+00 1.523711e+00 -2.654137e-02
8.843636e+00 2.088426e+00 -2.756065e-02
8.843636e+00 2.685505e+00 -2.773789e-02
9.040509e+00 1.570796e-02 -2.398066e-04
9.040509e+00 2.346256e-02 -6.990489e-04
9.040509e+00 3.503514e-02 -1.356575e-03
9.040509e+00 5.263151e-02 -2.837044e-03
9.040509e+00 7.314235e-02 -5.684079e-03
9.040509e+00 1.025928e-01 -8.662394e-03
9.040509e+00 1.448116e-01 -1.440483e-02
9.040509e+00 2.023460e-01 -2.010745e-02
9.040509e+00 2.834245e-01 -2.600317e-02
9.040509e+00 3.967448e-01 -3.000372e-02
9.040509e+00 5.552783e-01 -3.164714e-02
9.040509e+00 7.774819e-01 -3.050294e-02
9.040509e+00 1.088445e+00 -2.779900e-02
9.040509e+00 1.523711e+00 -2.626994e-02
9.040509e+00 2.088426e+00 -2.726606e-02
9.040509e+00 2.685505e+00 -2.730986e-02
9.241319e+00 1.570796e-02 -2.099632e-04
9.241319e+00 2.346256e-02 -6.146787e-04
9.241319e+00 3.503514e-02 -1.194385e-03
9.241319e+00 5.263151e-02 -2.485707e-03
9.241319e+00 7.314235e-02 -4.981682e-03
9.241319e+00 1.025928e-01 -7.602788e-03
9.241319e+00 1.448116e-01 -1.269265e-02
9.241319e+00 2.023460e-01 -1.793303e-02
9.241319e+00 2.834245e-01 -2.361809e-02
9.241319e+00 3.967448e-01 -2.782223e-02
9.241319e+00 5.552783e-01 -2.986898e-02
9.241319e+00 7.774819e-01 -2.928425e-02
9.241319e+00 1.088445e+00 -2.702957e-02
9.241319e+00 1.523711e+00 -2.579921e-02
9.241319e+00 2.088426e+00 -2.68696e-02
9.241319e+00 2.685505e+00 -2.683544e-02
9.446145e+00 1.570796e-02 -1.836538e-04
9.446145e+00 2.346256e-02 -5.381236e-04
9.446145e+00 3.503514e-02 -1.052555e-03
9.446145e+00 5.263151e-02 -2.171294e-03
9.446145e+00 7.314235e-02 -4.359735e-03
9.446145e+00 1.025928e-01 -6.685022e-03
9.446145e+00 1.448116e-01 -1.114728e-02
9.446145e+00 2.023460e-01 -1.588494e-02
9.446145e+00 2.834245e-01 -2.123078e-02
9.446145e+00 3.967448e-01 -2.548494e-02
9.446145e+00 5.552783e-01 -2.788587e-02
9.446145e+00 7.774819e-01 -2.776689e-02
9.446145e+00 1.088445e+00 -2.602614e-02
9.446145e+00 1.523711e+00 -2.508058e-02
9.446145e+00 2.088426e+00 -2.622791e-02
9.446145e+00 2.685505e+00 -2.614686e-02
9.655068e+00 1.570796e-02 -1.606994e-04
9.655068e+00 2.346256e-02 -4.733327e-04
9.655068e+00 3.503514e-02 -9.263584e-04
9.655068e+00 5.263151e-02 -1.895172e-03
9.655068e+00 7.314235e-02 -3.799721e-03
9.655068e+00 1.025928e-01 -5.843341e-03
9.655068e+00 1.448116e-01 -9.751784e-03
9.655068e+00 2.023460e-01 -1.395645e-02
9.655068e+00 2.834245e-01 -1.89222e-02
9.655068e+00 3.967448e-01 -2.311309e-02
9.655068e+00 5.552783e-01 -2.578441e-02
9.655068e+00 7.774819e-01 -2.610552e-02
9.655068e+00 1.088445e+00 -2.484367e-02
9.655068e+00 1.523711e+00 -2.423004e-02
9.655068e+00 2.088426e+00 -2.539593e-02
9.655068e+00 2.685505e+00 -2.525813e-02
9.86817e+00 1.570796e-02 -1.406401e-04
9.86817e+00 2.346256e-02 -4.098627e-04
9.86817e+00 3.503514e-02 -8.120607e-04
9.86817e+00 5.263151e-02 -1.643775e-03
9.86817e+00 7.314235e-02 -3.304157e-03
9.86817e+00 1.025928e-01 -5.094625e-03
9.86817e+00 1.448116e-01 -8.4948e-03
9.86817e+00 2.023460e-01 -1.220379e-02
9.86817e+00 2.834245e-01 -1.673722e-02
9.86817e+00 3.967448e-01 -2.076703e-02
9.86817e+00 5.552783e-01 -2.357344e-02
9.86817e+00 7.774819e-01 -2.428446e-02
9.86817e+00 1.088445e+00 -2.351456e-02
9.86817e+00 1.523711e+00 -2.319229e-02
9.86817e+00 2.088426e+00 -2.440049e-02
9.86817e+00 2.685505e+00 -2.405559e-02
1.008553e+01 1.570796e-02 -1.230618e-04
1.008553e+01 2.346256e-02 -3.520894e-04
1.008553e+01 3.503514e-02 -7.079112e-04
1.008553e+01 5.263151e-02 -1.422414e-03
1.008553e+01 7.314235e-02 -2.869225e-03
1.008553e+01 1.025928e-01 -4.414727e-03
1.008553e+01 1.448116e-01 -7.354212e-03
1.008553e+01 2.023460e-01 -1.060574e-02
1.008553e+01 2.834245e-01 -1.471261e-02
1.008553e+01 3.967448e-01 -1.852104e-02
1.008553e+01 5.552783e-01 -2.136523e-02
1.008553e+01 7.774819e-01 -2.238721e-02
1.008553e+01 1.088445e+00 -2.203544e-02
1.008553e+01 1.523711e+00 -2.206191e-02
1.008553e+01 2.088426e+00 -2.333709e-02
1.008553e+01 2.685505e+00 -2.289995e-02
1.030724e+01 1.570796e-02 -1.078143e-04
1.030724e+01 2.346256e-02 -3.016891e-04
1.030724e+01 3.503514e-02 -6.098845e-04
1.030724e+01 5.263151e-02 -1.232131e-03
1.030724e+01 7.314235e-02 -2.477959e-03
1.030724e+01 1.025928e-01 -3.809185e-03
1.030724e+01 1.448116e-01 -6.352389e-03
1.030724e+01 2.023460e-01 -9.179983e-03
1.030724e+01 2.834245e-01 -1.285335e-02
1.030724e+01 3.967448e-01 -1.639932e-02
1.030724e+01 5.552783e-01 -1.920686e-02
1.030724e+01 7.774819e-01 -2.047916e-02
1.030724e+01 1.088445e+00 -2.05144e-02
1.030724e+01 1.523711e+00 -2.082101e-02
1.030724e+01 2.088426e+00 -2.215106e-02
1.030724e+01 2.685505e+00 -2.170013e-02
1.053339e+01 1.570796e-02 -9.405122e-05
1.053339e+01 2.346256e-02 -2.579272e-04
1.053339e+01 3.503514e-02 -5.251964e-04
1.053339e+01 5.263151e-02 -1.060879e-03
1.053339e+01 7.314235e-02 -2.133588e-03
1.053339e+01 1.025928e-01 -3.275892e-03
1.053339e+01 1.448116e-01 -5.45792e-03
1.053339e+01 2.023460e-01 -7.918795e-03
1.053339e+01 2.834245e-01 -1.115781e-02
1.053339e+01 3.967448e-01 -1.44135e-02
1.053339e+01 5.552783e-01 -1.714396e-02
1.053339e+01 7.774819e-01 -1.859208e-02
1.053339e+01 1.088445e+00 -1.894390e-02
1.053339e+01 1.523711e+00 -1.950596e-02
1.053339e+01 2.088426e+00 -2.095444e-02
1.053339e+01 2.685505e+00 -2.044244e-02
1.076406e+01 1.570796e-02 -8.064942e-05
1.076406e+01 2.346256e-02 -2.172718e-04
1.076406e+01 3.503514e-02 -4.52522e-04
1.076406e+01 5.263151e-02 -9.113059e-04
1.076406e+01 7.314235e-02 -1.828273e-03
1.076406e+01 1.025928e-01 -2.810648e-03
1.076406e+01 1.448116e-01 -4.669686e-03
1.076406e+01 2.023460e-01 -6.809503e-03
1.076406e+01 2.834245e-01 -9.640084e-03
1.076406e+01 3.967448e-01 -1.257560e-02
1.076406e+01 5.552783e-01 -1.517281e-02
1.076406e+01 7.774819e-01 -1.673725e-02
1.076406e+01 1.088445e+00 -1.734043e-02
1.076406e+01 1.523711e+00 -1.814177e-02
1.076406e+01 2.088426e+00 -1.962070e-02
1.076406e+01 2.685505e+00 -1.904211e-02
1.099934e+01 1.570796e-02 -6.905411e-05
1.099934e+01 2.346256e-02 -1.835631e-04
1.099934e+01 3.503514e-02 -3.875219e-04
1.099934e+01 5.263151e-02 -7.787294e-04
1.099934e+01 7.314235e-02 -1.55677e-03
1.099934e+01 1.025928e-01 -2.400948e-03
1.099934e+01 1.448116e-01 -3.983505e-03
1.099934e+01 2.023460e-01 -5.836740e-03
1.099934e+01 2.834245e-01 -8.275817e-03
1.099934e+01 3.967448e-01 -1.089545e-02
1.099934e+01 5.552783e-01 -1.330308e-02
1.099934e+01 7.774819e-01 -1.492169e-02
1.099934e+01 1.088445e+00 -1.571007e-02
1.099934e+01 1.523711e+00 -1.669041e-02
1.099934e+01 2.088426e+00 -1.818376e-02
1.099934e+01 2.685505e+00 -1.756637e-02
1.123932e+01 1.570796e-02 -5.922057e-05
1.123932e+01 2.346256e-02 -1.552978e-04
1.123932e+01 3.503514e-02 -3.280866e-04
1.123932e+01 5.263151e-02 -6.620641e-04
1.123932e+01 7.314235e-02 -1.324703e-03
1.123932e+01 1.025928e-01 -2.045132e-03
1.123932e+01 1.448116e-01 -3.383314e-03
1.123932e+01 2.023460e-01 -4.968512e-03
1.123932e+01 2.834245e-01 -7.067757e-03
1.123932e+01 3.967448e-01 -9.375518e-03
1.123932e+01 5.552783e-01 -1.157575e-02
1.123932e+01 7.774819e-01 -1.318906e-02
1.123932e+01 1.088445e+00 -1.412579e-02
1.123932e+01 1.523711e+00 -1.524989e-02
1.123932e+01 2.088426e+00 -1.673057e-02
1.123932e+01 2.685505e+00 -1.60538e-02
1.148411e+01 1.570796e-02 -4.990118e-05
1.148411e+01 2.346256e-02 -1.29377e-04
1.148411e+01 3.503514e-02 -2.782993e-04
1.148411e+01 5.263151e-02 -5.606553e-04
1.148411e+01 7.314235e-02 -1.118181e-03
1.148411e+01 1.025928e-01 -1.736014e-03
1.148411e+01 1.448116e-01 -2.865119e-03
1.148411e+01 2.023460e-01 -4.217948e-03
1.148411e+01 2.834245e-01 -6.012481e-03
1.148411e+01 3.967448e-01 -8.014232e-03
1.148411e+01 5.552783e-01 -9.998079e-03
1.148411e+01 7.774819e-01 -1.156868e-02
1.148411e+01 1.088445e+00 -1.262573e-02
1.148411e+01 1.523711e+00 -1.384467e-02
1.148411e+01 2.088426e+00 -1.530117e-02
1.148411e+01 2.685505e+00 -1.47281e-02
1.173379e+01 1.570796e-02 -4.197761e-05
1.173379e+01 2.346256e-02 -1.068291e-04
1.173379e+01 3.503514e-02 -2.331068e-04
1.173379e+01 5.263151e-02 -4.718708e-04
1.173379e+01 7.314235e-02 -9.432406e-04
1.173379e+01 1.025928e-01 -1.463600e-03
1.173379e+01 1.448116e-01 -2.409208e-03
1.173379e+01 2.023460e-01 -3.557848e-03
1.173379e+01 2.834245e-01 -5.082655e-03
1.173379e+01 3.967448e-01 -6.807983e-03
1.173379e+01 5.552783e-01 -8.572715e-03
1.173379e+01 7.774819e-01 -1.008536e-02
1.173379e+01 1.088445e+00 -1.119653e-02
1.173379e+01 1.523711e+00 -1.246680e-02
1.173379e+01 2.088426e+00 -1.389214e-02
1.173379e+01 2.685505e+00 -1.334524e-02
1.198847e+01 1.570796e-02 -3.555505e-05
1.198847e+01 2.346256e-02 -8.815240e-05
1.198847e+01 3.503514e-02 -1.953644e-04
1.198847e+01 5.263151e-02 -3.962475e-04
1.198847e+01 7.314235e-02 -7.906358e-04
1.198847e+01 1.025928e-01 -1.228672e-03
1.198847e+01 1.448116e-01 -2.018014e-03
1.198847e+01 2.023460e-01 -2.985915e-03
1.198847e+01 2.834245e-01 -4.279622e-03
1.198847e+01 3.967448e-01 -5.740627e-03
1.198847e+01 5.552783e-01 -7.293830e-03
1.198847e+01 7.774819e-01 -8.731084e-03
1.198847e+01 1.088445e+00 -9.859748e-03
1.198847e+01 1.523711e+00 -1.113684e-02
1.198847e+01 2.088426e+00 -1.253743e-02
1.198847e+01 2.685505e+00 -1.212988e-02
1.224824e+01 1.570796e-02 -2.991609e-05
1.224824e+01 2.346256e-02 -7.423498e-05
1.224824e+01 3.503514e-02 -1.630855e-04
1.224824e+01 5.263151e-02 -3.296355e-04
1.224824e+01 7.314235e-02 -6.583291e-04
1.224824e+01 1.025928e-01 -1.023272e-03
1.224824e+01 1.448116e-01 -1.683041e-03
1.224824e+01 2.023460e-01 -2.494876e-03
1.224824e+01 2.834245e-01 -3.577154e-03
1.224824e+01 3.967448e-01 -4.819426e-03
1.224824e+01 5.552783e-01 -6.174017e-03
1.224824e+01 7.774819e-01 -7.50763e-03
1.224824e+01 1.088445e+00 -8.621096e-03
1.224824e+01 1.523711e+00 -9.893462e-03
1.224824e+01 2.088426e+00 -1.124401e-02
1.224824e+01 2.685505e+00 -1.0933e-02
1.251320e+01 1.570796e-02 -2.462306e-05
1.251320e+01 2.346256e-02 -6.033676e-05
1.251320e+01 3.503514e-02 -1.341016e-04
1.251320e+01 5.263151e-02 -2.722761e-04
1.251320e+01 7.314235e-02 -5.450300e-04
1.251320e+01 1.025928e-01 -8.449923e-04
1.251320e+01 1.448116e-01 -1.391646e-03
1.251320e+01 2.023460e-01 -2.068096e-03
1.251320e+01 2.834245e-01 -2.965411e-03
1.251320e+01 3.967448e-01 -4.013152e-03
1.251320e+01 5.552783e-01 -5.182955e-03
1.251320e+01 7.774819e-01 -6.389039e-03
1.251320e+01 1.088445e+00 -7.479659e-03
1.251320e+01 1.523711e+00 -8.725158e-03
1.251320e+01 2.088426e+00 -1.003849e-02
1.251320e+01 2.685505e+00 -9.75033e-03
1.278347e+01 1.570796e-02 -2.045474e-05
1.278347e+01 2.346256e-02 -4.98278e-05
1.278347e+01 3.503514e-02 -1.115199e-04
1.278347e+01 5.263151e-02 -2.254357e-04
1.278347e+01 7.314235e-02 -4.481260e-04
1.278347e+01 1.025928e-01 -6.966908e-04
1.278347e+01 1.448116e-01 -1.147362e-03
1.278347e+01 2.023460e-01 -1.711736e-03
1.278347e+01 2.834245e-01 -2.452011e-03
1.278347e+01 3.967448e-01 -3.328549e-03
1.278347e+01 5.552783e-01 -4.33079e-03
1.278347e+01 7.774819e-01 -5.415406e-03
1.278347e+01 1.088445e+00 -6.457071e-03
1.278347e+01 1.523711e+00 -7.648256e-03
1.278347e+01 2.088426e+00 -8.888232e-03
1.278347e+01 2.685505e+00 -8.714260e-03
1.305914e+01 1.570796e-02 -1.689187e-05
1.305914e+01 2.346256e-02 -4.061294e-05
1.305914e+01 3.503514e-02 -9.151883e-05
1.305914e+01 5.263151e-02 -1.847384e-04
1.305914e+01 7.314235e-02 -3.669267e-04
1.305914e+01 1.025928e-01 -5.70084e-04
1.305914e+01 1.448116e-01 -9.389880e-04
1.305914e+01 2.023460e-01 -1.401291e-03
1.305914e+01 2.834245e-01 -2.014026e-03
1.305914e+01 3.967448e-01 -2.743347e-03
1.305914e+01 5.552783e-01 -3.596326e-03
1.305914e+01 7.774819e-01 -4.562332e-03
1.305914e+01 1.088445e+00 -5.527701e-03
1.305914e+01 1.523711e+00 -6.683584e-03
1.305914e+01 2.088426e+00 -7.850703e-03
1.305914e+01 2.685505e+00 -7.800565e-03
1.334032e+01 1.570796e-02 -1.402258e-05
1.334032e+01 2.346256e-02 -3.250760e-05
1.334032e+01 3.503514e-02 -7.451110e-05
1.334032e+01 5.263151e-02 -1.511977e-04
1.334032e+01 7.314235e-02 -2.988844e-04
1.334032e+01 1.025928e-01 -4.646968e-04
1.334032e+01 1.448116e-01 -7.679750e-04
1.334032e+01 2.023460e-01 -1.145122e-03
1.334032e+01 2.834245e-01 -1.648085e-03
1.334032e+01 3.967448e-01 -2.252595e-03
1.334032e+01 5.552783e-01 -2.981495e-03
1.334032e+01 7.774819e-01 -3.825807e-03
1.334032e+01 1.088445e+00 -4.709277e-03
1.334032e+01 1.523711e+00 -5.791867e-03
1.334032e+01 2.088426e+00 -6.882838e-03
1.334032e+01 2.685505e+00 -6.854537e-03
1.362713e+01 1.570796e-02 -1.145218e-05
1.362713e+01 2.346256e-02 -2.620140e-05
1.362713e+01 3.503514e-02 -6.027757e-05
1.362713e+01 5.263151e-02 -1.229734e-04
1.362713e+01 7.314235e-02 -2.425097e-04
1.362713e+01 1.025928e-01 -3.759936e-04
1.362713e+01 1.448116e-01 -6.224327e-04
1.362713e+01 2.023460e-01 -9.330145e-04
1.362713e+01 2.834245e-01 -1.338686e-03
1.362713e+01 3.967448e-01 -1.838857e-03
1.362713e+01 5.552783e-01 -2.449389e-03
1.362713e+01 7.774819e-01 -3.173694e-03
1.362713e+01 1.088445e+00 -3.989045e-03
1.362713e+01 1.523711e+00 -4.982828e-03
1.362713e+01 2.088426e+00 -6.000067e-03
1.362713e+01 2.685505e+00 -6.025756e-03
1.391967e+01 1.570796e-02 -9.166091e-06
1.391967e+01 2.346256e-02 -2.082764e-05
1.391967e+01 3.503514e-02 -4.866926e-05
1.391967e+01 5.263151e-02 -9.876996e-05
1.391967e+01 7.314235e-02 -1.952544e-04
1.391967e+01 1.025928e-01 -3.030703e-04
1.391967e+01 1.448116e-01 -5.022744e-04
1.391967e+01 2.023460e-01 -7.55479e-04
1.391967e+01 2.834245e-01 -1.082038e-03
1.391967e+01 3.967448e-01 -1.489610e-03
1.391967e+01 5.552783e-01 -1.997406e-03
1.391967e+01 7.774819e-01 -2.624496e-03
1.391967e+01 1.088445e+00 -3.354016e-03
1.391967e+01 1.523711e+00 -4.261089e-03
1.391967e+01 2.088426e+00 -5.194337e-03
1.391967e+01 2.685505e+00 -5.272487e-03
1.421806e+01 1.570796e-02 -7.517197e-06
1.421806e+01 2.346256e-02 -1.653120e-05
1.421806e+01 3.503514e-02 -3.900503e-05
1.421806e+01 5.263151e-02 -7.919402e-05
1.421806e+01 7.314235e-02 -1.569291e-04
1.421806e+01 1.025928e-01 -2.447861e-04
1.421806e+01 1.448116e-01 -4.039810e-04
1.421806e+01 2.023460e-01 -6.088472e-04
1.421806e+01 2.834245e-01 -8.709976e-04
1.421806e+01 3.967448e-01 -1.206306e-03
1.421806e+01 5.552783e-01 -1.627728e-03
1.421806e+01 7.774819e-01 -2.15913e-03
1.421806e+01 1.088445e+00 -2.806914e-03
1.421806e+01 1.523711e+00 -3.619138e-03
1.421806e+01 2.088426e+00 -4.463507e-03
1.421806e+01 2.685505e+00 -4.597840e-03
1.452242e+01 1.570796e-02 -6.102828e-06
1.452242e+01 2.346256e-02 -1.301123e-05
1.452242e+01 3.503514e-02 -3.130248e-05
1.452242e+01 5.263151e-02 -6.310107e-05
1.452242e+01 7.314235e-02 -1.253818e-04
1.452242e+01 1.025928e-01 -1.957481e-04
1.452242e+01 1.448116e-01 -3.243342e-04
1.452242e+01 2.023460e-01 -4.874127e-04
1.452242e+01 2.834245e-01 -6.964015e-04
1.452242e+01 3.967448e-01 -9.677388e-04
1.452242e+01 5.552783e-01 -1.315308e-03
1.452242e+01 7.774819e-01 -1.763149e-03
1.452242e+01 1.088445e+00 -2.326575e-03
1.452242e+01 1.523711e+00 -3.052261e-03
1.452242e+01 2.088426e+00 -3.809830e-03
1.452242e+01 2.685505e+00 -3.949735e-03
1.483287e+01 1.570796e-02 -4.955459e-06
1.483287e+01 2.346256e-02 -1.055651e-05
1.483287e+01 3.503514e-02 -2.500991e-05
1.483287e+01 5.263151e-02 -4.932051e-05
1.483287e+01 7.314235e-02 -1.002258e-04
1.483287e+01 1.025928e-01 -1.551063e-04
1.483287e+01 1.448116e-01 -2.572295e-04
1.483287e+01 2.023460e-01 -3.874119e-04
1.483287e+01 2.834245e-01 -5.535734e-04
1.483287e+01 3.967448e-01 -7.705345e-04
1.483287e+01 5.552783e-01 -1.056655e-03
1.483287e+01 7.774819e-01 -1.426628e-03
1.483287e+01 1.088445e+00 -1.914832e-03
1.483287e+01 1.523711e+00 -2.552346e-03
1.483287e+01 2.088426e+00 -3.222186e-03
1.483287e+01 2.685505e+00 -3.336112e-03
1.514953e+01 1.570796e-02 -3.822053e-06
1.514953e+01 2.346256e-02 -8.172996e-06
1.514953e+01 3.503514e-02 -2.01039e-05
1.514953e+01 5.263151e-02 -3.839422e-05
1.514953e+01 7.314235e-02 -7.836477e-05
1.514953e+01 1.025928e-01 -1.221680e-04
1.514953e+01 1.448116e-01 -2.020704e-04
1.514953e+01 2.023460e-01 -3.047078e-04
1.514953e+01 2.834245e-01 -4.372175e-04
1.514953e+01 3.967448e-01 -6.118475e-04
1.514953e+01 5.552783e-01 -8.424040e-04
1.514953e+01 7.774819e-01 -1.148437e-03
1.514953e+01 1.088445e+00 -1.569234e-03
1.514953e+01 1.523711e+00 -2.121273e-03
1.514953e+01 2.088426e+00 -2.705543e-03
1.514953e+01 2.685505e+00 -2.810461e-03
1.547252e+01 1.570796e-02 -3.050546e-06
1.547252e+01 2.346256e-02 -6.503621e-06
1.547252e+01 3.503514e-02 -1.588605e-05
1.547252e+01 5.263151e-02 -3.021043e-05
1.547252e+01 7.314235e-02 -6.140720e-05
1.547252e+01 1.025928e-01 -9.530515e-05
1.547252e+01 1.448116e-01 -1.599352e-04
1.547252e+01 2.023460e-01 -2.411627e-04
1.547252e+01 2.834245e-01 -3.450757e-04
1.547252e+01 3.967448e-01 -4.833440e-04
1.547252e+01 5.552783e-01 -6.689015e-04
1.547252e+01 7.774819e-01 -9.229527e-04
1.547252e+01 1.088445e+00 -1.275264e-03
1.547252e+01 1.523711e+00 -1.751593e-03
1.547252e+01 2.088426e+00 -2.261177e-03
1.547252e+01 2.685505e+00 -2.362574e-03
1.580197e+01 1.570796e-02 -2.463308e-06
1.580197e+01 2.346256e-02 -5.05367e-06
1.580197e+01 3.503514e-02 -1.24174e-05
1.580197e+01 5.263151e-02 -2.362319e-05
1.580197e+01 7.314235e-02 -4.767739e-05
1.580197e+01 1.025928e-01 -7.397924e-05
1.580197e+01 1.448116e-01 -1.251162e-04
1.580197e+01 2.023460e-01 -1.879058e-04
1.580197e+01 2.834245e-01 -2.707395e-04
1.580197e+01 3.967448e-01 -3.790151e-04
1.580197e+01 5.552783e-01 -5.280527e-04
1.580197e+01 7.774819e-01 -7.344487e-04
1.580197e+01 1.088445e+00 -1.028022e-03
1.580197e+01 1.523711e+00 -1.433571e-03
1.580197e+01 2.088426e+00 -1.866576e-03
1.580197e+01 2.685505e+00 -1.972040e-03
1.613801e+01 1.570796e-02 -1.942312e-06
1.613801e+01 2.346256e-02 -3.788223e-06
1.613801e+01 3.503514e-02 -9.701254e-06
1.613801e+01 5.263151e-02 -1.829355e-05
1.613801e+01 7.314235e-02 -3.697761e-05
1.613801e+01 1.025928e-01 -5.757320e-05
1.613801e+01 1.448116e-01 -9.694394e-05
1.613801e+01 2.023460e-01 -1.457813e-04
1.613801e+01 2.834245e-01 -2.102334e-04
1.613801e+01 3.967448e-01 -2.954142e-04
1.613801e+01 5.552783e-01 -4.127814e-04
1.613801e+01 7.774819e-01 -5.808201e-04
1.613801e+01 1.088445e+00 -8.212722e-04
1.613801e+01 1.523711e+00 -1.159134e-03
1.613801e+01 2.088426e+00 -1.52354e-03
1.613801e+01 2.685505e+00 -1.61376e-03
1.648077e+01 1.570796e-02 -1.585025e-06
1.648077e+01 2.346256e-02 -2.850065e-06
1.648077e+01 3.503514e-02 -7.464363e-06
1.648077e+01 5.263151e-02 -1.405121e-05
1.648077e+01 7.314235e-02 -2.829621e-05
1.648077e+01 1.025928e-01 -4.359715e-05
1.648077e+01 1.448116e-01 -7.394637e-05
1.648077e+01 2.023460e-01 -1.119755e-04
1.648077e+01 2.834245e-01 -1.610819e-04
1.648077e+01 3.967448e-01 -2.284289e-04
1.648077e+01 5.552783e-01 -3.202504e-04
1.648077e+01 7.774819e-01 -4.571763e-04
1.648077e+01 1.088445e+00 -6.496705e-04
1.648077e+01 1.523711e+00 -9.252774e-04
1.648077e+01 2.088426e+00 -1.229119e-03
1.648077e+01 2.685505e+00 -1.310729e-03
1.683038e+01 1.570796e-02 -1.211746e-06
1.683038e+01 2.346256e-02 -2.010936e-06
1.683038e+01 3.503514e-02 -5.652849e-06
1.683038e+01 5.263151e-02 -1.094599e-05
1.683038e+01 7.314235e-02 -2.162156e-05
1.683038e+01 1.025928e-01 -3.327137e-05
1.683038e+01 1.448116e-01 -5.602603e-05
1.683038e+01 2.023460e-01 -8.496137e-05
1.683038e+01 2.834245e-01 -1.229555e-04
1.683038e+01 3.967448e-01 -1.735205e-04
1.683038e+01 5.552783e-01 -2.471727e-04
1.683038e+01 7.774819e-01 -3.56045e-04
1.683038e+01 1.088445e+00 -5.093827e-04
1.683038e+01 1.523711e+00 -7.321621e-04
1.683038e+01 2.088426e+00 -9.760363e-04
1.683038e+01 2.685505e+00 -1.034702e-03
1.718699e+01 1.570796e-02 -9.087019e-07
1.718699e+01 2.346256e-02 -1.489500e-06
1.718699e+01 3.503514e-02 -4.366978e-06
1.718699e+01 5.263151e-02 -8.378559e-06
1.718699e+01 7.314235e-02 -1.60987e-05
1.718699e+01 1.025928e-01 -2.471954e-05
1.718699e+01 1.448116e-01 -4.212968e-05
1.718699e+01 2.023460e-01 -6.419341e-05
1.718699e+01 2.834245e-01 -9.221088e-05
1.718699e+01 3.967448e-01 -1.308003e-04
1.718699e+01 5.552783e-01 -1.870157e-04
1.718699e+01 7.774819e-01 -2.735431e-04
1.718699e+01 1.088445e+00 -3.935223e-04
1.718699e+01 1.523711e+00 -5.722515e-04
1.718699e+01 2.088426e+00 -7.659895e-04
1.718699e+01 2.685505e+00 -8.104375e-04
1.755073e+01 1.570796e-02 -6.844664e-07
1.755073e+01 2.346256e-02 -1.11022e-06
1.755073e+01 3.503514e-02 -3.160117e-06
1.755073e+01 5.263151e-02 -6.110290e-06
1.755073e+01 7.314235e-02 -1.193253e-05
1.755073e+01 1.025928e-01 -1.840847e-05
1.755073e+01 1.448116e-01 -3.118150e-05
1.755073e+01 2.023460e-01 -4.747925e-05
1.755073e+01 2.834245e-01 -6.801333e-05
1.755073e+01 3.967448e-01 -9.712006e-05
1.755073e+01 5.552783e-01 -1.402329e-04
1.755073e+01 7.774819e-01 -2.073431e-04
1.755073e+01 1.088445e+00 -2.994589e-04
1.755073e+01 1.523711e+00 -4.368760e-04
1.755073e+01 2.088426e+00 -5.860747e-04
1.755073e+01 2.685505e+00 -6.151366e-04
1.792175e+01 1.570796e-02 -5.211015e-07
1.792175e+01 2.346256e-02 -7.446074e-07
1.792175e+01 3.503514e-02 -2.241339e-06
1.792175e+01 5.263151e-02 -4.534481e-06
1.792175e+01 7.314235e-02 -8.709190e-06
1.792175e+01 1.025928e-01 -1.318001e-05
1.792175e+01 1.448116e-01 -2.267875e-05
1.792175e+01 2.023460e-01 -3.463478e-05
1.792175e+01 2.834245e-01 -4.973715e-05
1.792175e+01 3.967448e-01 -7.134290e-05
1.792175e+01 5.552783e-01 -1.031828e-04
1.792175e+01 7.774819e-01 -1.539758e-04
1.792175e+01 1.088445e+00 -2.224408e-04
1.792175e+01 1.523711e+00 -3.250413e-04
1.792175e+01 2.088426e+00 -4.377006e-04
1.792175e+01 2.685505e+00 -4.62717e-04
1.830018e+01 1.570796e-02 -3.846645e-07
1.830018e+01 2.346256e-02 -5.331972e-07
1.830018e+01 3.503514e-02 -1.587798e-06
1.830018e+01 5.263151e-02 -3.23768e-06
1.830018e+01 7.314235e-02 -6.143001e-06
1.830018e+01 1.025928e-01 -9.276183e-06
1.830018e+01 1.448116e-01 -1.615728e-05
1.830018e+01 2.023460e-01 -2.490236e-05
1.830018e+01 2.834245e-01 -3.557671e-05
1.830018e+01 3.967448e-01 -5.126256e-05
1.830018e+01 5.552783e-01 -7.459290e-05
1.830018e+01 7.774819e-01 -1.125164e-04
1.830018e+01 1.088445e+00 -1.623212e-04
1.830018e+01 1.523711e+00 -2.374285e-04
1.830018e+01 2.088426e+00 -3.230234e-04
1.830018e+01 2.685505e+00 -3.405786e-04
1.868618e+01 1.570796e-02 -2.733368e-07
1.868618e+01 2.346256e-02 -3.631081e-07
1.868618e+01 3.503514e-02 -1.11197e-06
1.868618e+01 5.263151e-02 -2.334885e-06
1.868618e+01 7.314235e-02 -4.252388e-06
1.868618e+01 1.025928e-01 -6.46531e-06
1.868618e+01 1.448116e-01 -1.153433e-05
1.868618e+01 2.023460e-01 -1.756756e-05
1.868618e+01 2.834245e-01 -2.48841e-05
1.868618e+01 3.967448e-01 -3.650974e-05
1.868618e+01 5.552783e-01 -5.339544e-05
1.868618e+01 7.774819e-01 -8.079923e-05
1.868618e+01 1.088445e+00 -1.164279e-04
1.868618e+01 1.523711e+00 -1.705124e-04
1.868618e+01 2.088426e+00 -2.323965e-04
1.868618e+01 2.685505e+00 -2.471736e-04
1.907991e+01 1.570796e-02 -1.916014e-07
1.907991e+01 2.346256e-02 -2.50881e-07
1.907991e+01 3.503514e-02 -7.630596e-07
1.907991e+01 5.263151e-02 -1.52055e-06
1.907991e+01 7.314235e-02 -2.883431e-06
1.907991e+01 1.025928e-01 -4.287405e-06
1.907991e+01 1.448116e-01 -7.804689e-06
1.907991e+01 2.023460e-01 -1.219928e-05
1.907991e+01 2.834245e-01 -1.711932e-05
1.907991e+01 3.967448e-01 -2.494423e-05
1.907991e+01 5.552783e-01 -3.714852e-05
1.907991e+01 7.774819e-01 -5.6253e-05
1.907991e+01 1.088445e+00 -8.140046e-05
1.907991e+01 1.523711e+00 -1.194368e-04
1.907991e+01 2.088426e+00 -1.647237e-04
1.907991e+01 2.685505e+00 -1.744987e-04
1.948151e+01 1.570796e-02 -1.239325e-07
1.948151e+01 2.346256e-02 -1.486488e-07
1.948151e+01 3.503514e-02 -5.188574e-07
1.948151e+01 5.263151e-02 -9.950522e-07
1.948151e+01 7.314235e-02 -1.904390e-06
1.948151e+01 1.025928e-01 -2.879728e-06
1.948151e+01 1.448116e-01 -5.208468e-06
1.948151e+01 2.023460e-01 -8.145323e-06
1.948151e+01 2.834245e-01 -1.149564e-05
1.948151e+01 3.967448e-01 -1.70286e-05
1.948151e+01 5.552783e-01 -2.523591e-05
1.948151e+01 7.774819e-01 -3.863050e-05
1.948151e+01 1.088445e+00 -5.559924e-05
1.948151e+01 1.523711e+00 -8.216464e-05
1.948151e+01 2.088426e+00 -1.137939e-04
1.948151e+01 2.685505e+00 -1.235698e-04
1.989114e+01 1.570796e-02 -8.497183e-08
1.989114e+01 2.346256e-02 -8.376937e-08
1.989114e+01 3.503514e-02 -3.575507e-07
1.989114e+01 5.263151e-02 -6.487008e-07
1.989114e+01 7.314235e-02 -1.248610e-06
1.989114e+01 1.025928e-01 -1.904829e-06
1.989114e+01 1.448116e-01 -3.428034e-06
1.989114e+01 2.023460e-01 -5.259354e-06
1.989114e+01 2.834245e-01 -7.517270e-06
1.989114e+01 3.967448e-01 -1.12317e-05
1.989114e+01 5.552783e-01 -1.680432e-05
1.989114e+01 7.774819e-01 -2.575266e-05
1.989114e+01 1.088445e+00 -3.734410e-05
1.989114e+01 1.523711e+00 -5.472527e-05
1.989114e+01 2.088426e+00 -7.716875e-05
1.989114e+01 2.685505e+00 -8.481462e-05
2.030896e+01 1.570796e-02 -5.668060e-08
2.030896e+01 2.346256e-02 -4.372578e-08
2.030896e+01 3.503514e-02 -2.254811e-07
2.030896e+01 5.263151e-02 -3.95516e-07
2.030896e+01 7.314235e-02 -7.906858e-07
2.030896e+01 1.025928e-01 -1.238661e-06
2.030896e+01 1.448116e-01 -2.224851e-06
2.030896e+01 2.023460e-01 -3.413592e-06
2.030896e+01 2.834245e-01 -4.925612e-06
2.030896e+01 3.967448e-01 -7.428996e-06
2.030896e+01 5.552783e-01 -1.12409e-05
2.030896e+01 7.774819e-01 -1.723053e-05
2.030896e+01 1.088445e+00 -2.500833e-05
2.030896e+01 1.523711e+00 -3.641857e-05
2.030896e+01 2.088426e+00 -5.162476e-05
2.030896e+01 2.685505e+00 -5.65507e-05
2.073514e+01 1.570796e-02 -3.257446e-08
2.073514e+01 2.346256e-02 -3.16384e-08
2.073514e+01 3.503514e-02 -1.414979e-07
2.073514e+01 5.263151e-02 -2.536454e-07
2.073514e+01 7.314235e-02 -4.782294e-07
2.073514e+01 1.025928e-01 -7.552744e-07
2.073514e+01 1.448116e-01 -1.400488e-06
2.073514e+01 2.023460e-01 -2.170856e-06
2.073514e+01 2.834245e-01 -3.066794e-06
2.073514e+01 3.967448e-01 -4.644334e-06
2.073514e+01 5.552783e-01 -7.139739e-06
2.073514e+01 7.774819e-01 -1.104017e-05
2.073514e+01 1.088445e+00 -1.595034e-05
2.073514e+01 1.523711e+00 -2.368272e-05
2.073514e+01 2.088426e+00 -3.363174e-05
2.073514e+01 2.685505e+00 -3.625432e-05
2.116984e+01 1.570796e-02 -2.237686e-08
2.116984e+01 2.346256e-02 -1.555947e-08
2.116984e+01 3.503514e-02 -8.656774e-08
2.116984e+01 5.263151e-02 -1.575954e-07
2.116984e+01 7.314235e-02 -2.806485e-07
2.116984e+01 1.025928e-01 -4.701968e-07
2.116984e+01 1.448116e-01 -8.503642e-07
2.116984e+01 2.023460e-01 -1.370422e-06
2.116984e+01 2.834245e-01 -1.89439e-06
2.116984e+01 3.967448e-01 -2.900689e-06
2.116984e+01 5.552783e-01 -4.506200e-06
2.116984e+01 7.774819e-01 -7.049575e-06
2.116984e+01 1.088445e+00 -1.017856e-05
2.116984e+01 1.523711e+00 -1.533558e-05
2.116984e+01 2.088426e+00 -2.154108e-05
2.116984e+01 2.685505e+00 -2.261507e-05
2.161324e+01 1.570796e-02 -1.372256e-08
2.161324e+01 2.346256e-02 -1.04419e-08
2.161324e+01 3.503514e-02 -4.931288e-08
2.161324e+01 5.263151e-02 -9.667391e-08
2.161324e+01 7.314235e-02 -1.814346e-07
2.161324e+01 1.025928e-01 -2.754031e-07
2.161324e+01 1.448116e-01 -5.045288e-07
2.161324e+01 2.023460e-01 -8.237354e-07
2.161324e+01 2.834245e-01 -1.139883e-06
2.161324e+01 3.967448e-01 -1.748338e-06
2.161324e+01 5.552783e-01 -2.753427e-06
2.161324e+01 7.774819e-01 -4.297970e-06
2.161324e+01 1.088445e+00 -6.349532e-06
2.161324e+01 1.523711e+00 -9.74015e-06
2.161324e+01 2.088426e+00 -1.369176e-05
2.161324e+01 2.685505e+00 -1.449886e-05
2.206550e+01 1.570796e-02 4.562478e-10
2.206550e+01 2.346256e-02 1.159542e-09
2.206550e+01 3.503514e-02 2.345281e-09
2.206550e+01 5.263151e-02 4.80601e-09
2.206550e+01 7.314235e-02 1.005575e-08
2.206550e+01 1.025928e-01 1.498430e-08
2.206550e+01 1.448116e-01 2.542816e-08
2.206550e+01 2.023460e-01 3.720605e-08
2.206550e+01 2.834245e-01 5.430045e-08
2.206550e+01 3.967448e-01 7.674332e-08
2.206550e+01 5.552783e-01 1.066524e-07
2.206550e+01 7.774819e-01 1.37818e-07
2.206550e+01 1.088445e+00 1.527954e-07
2.206550e+01 1.523711e+00 1.338761e-07
2.206550e+01 2.088426e+00 9.174234e-08
2.206550e+01 2.685505e+00 4.923016e-08
2.252681e+01 1.570796e-02 4.300422e-10
2.252681e+01 2.346256e-02 1.091806e-09
2.252681e+01 3.503514e-02 2.210369e-09
2.252681e+01 5.263151e-02 4.525335e-09
2.252681e+01 7.314235e-02 9.475936e-09
2.252681e+01 1.025928e-01 1.411759e-08
2.252681e+01 1.448116e-01 2.398384e-08
2.252681e+01 2.023460e-01 3.519407e-08
2.252681e+01 2.834245e-01 5.162995e-08
2.252681e+01 3.967448e-01 7.345077e-08
2.252681e+01 5.552783e-01 1.027693e-07
2.252681e+01 7.774819e-01 1.334956e-07
2.252681e+01 1.088445e+00 1.489281e-07
2.252681e+01 1.523711e+00 1.316076e-07
2.252681e+01 2.088426e+00 9.127073e-08
2.252681e+01 2.685505e+00 4.908645e-08
2.299735e+01 1.570796e-02 4.040795e-10
2.299735e+01 2.346256e-02 1.025902e-09
2.299735e+01 3.503514e-02 2.078724e-09
2.299735e+01 5.263151e-02 4.250668e-09
2.299735e+01 7.314235e-02 8.909836e-09
2.299735e+01 1.025928e-01 1.327096e-08
2.299735e+01 1.448116e-01 2.257623e-08
2.299735e+01 2.023460e-01 3.322223e-08
2.299735e+01 2.834245e-01 4.900916e-08
2.299735e+01 3.967448e-01 7.01999e-08
2.299735e+01 5.552783e-01 9.884634e-08
2.299735e+01 7.774819e-01 1.290802e-07
2.299735e+01 1.088445e+00 1.448512e-07
2.299735e+01 1.523711e+00 1.294893e-07
2.299735e+01 2.088426e+00 9.087723e-08
2.299735e+01 2.685505e+00 4.878004e-08
2.34773e+01 1.570796e-02 3.788016e-10
2.34773e+01 2.346256e-02 9.618736e-10
2.34773e+01 3.503514e-02 1.949468e-09
2.34773e+01 5.263151e-02 3.98219e-09
2.34773e+01 7.314235e-02 8.35677e-09
2.34773e+01 1.025928e-01 1.244186e-08
2.34773e+01 1.448116e-01 2.120098e-08
2.34773e+01 2.023460e-01 3.129967e-08
2.34773e+01 2.834245e-01 4.644460e-08
2.34773e+01 3.967448e-01 6.696322e-08
2.34773e+01 5.552783e-01 9.485176e-08
2.34773e+01 7.774819e-01 1.245082e-07
2.34773e+01 1.088445e+00 1.406787e-07
2.34773e+01 1.523711e+00 1.273614e-07
2.34773e+01 2.088426e+00 9.070955e-08
2.34773e+01 2.685505e+00 4.858223e-08
2.396684e+01 1.570796e-02 3.541277e-10
2.396684e+01 2.346256e-02 8.996299e-10
2.396684e+01 3.503514e-02 1.823267e-09
2.396684e+01 5.263151e-02 3.722015e-09
2.396684e+01 7.314235e-02 7.817576e-09
2.396684e+01 1.025928e-01 1.163522e-08
2.396684e+01 1.448116e-01 1.986173e-08
2.396684e+01 2.023460e-01 2.943262e-08
2.396684e+01 2.834245e-01 4.391537e-08
2.396684e+01 3.967448e-01 6.375033e-08
2.396684e+01 5.552783e-01 9.081995e-08
2.396684e+01 7.774819e-01 1.197989e-07
2.396684e+01 1.088445e+00 1.363583e-07
2.396684e+01 1.523711e+00 1.251198e-07
2.396684e+01 2.088426e+00 9.058671e-08
2.396684e+01 2.685505e+00 4.844754e-08
2.446618e+01 1.570796e-02 3.301476e-10
2.446618e+01 2.346256e-02 8.396684e-10
2.446618e+01 3.503514e-02 1.700206e-09
2.446618e+01 5.263151e-02 3.46949e-09
2.446618e+01 7.314235e-02 7.29183e-09
2.446618e+01 1.025928e-01 1.085388e-08
2.446618e+01 1.448116e-01 1.855406e-08
2.446618e+01 2.023460e-01 2.761109e-08
2.446618e+01 2.834245e-01 4.143969e-08
2.446618e+01 3.967448e-01 6.053594e-08
2.446618e+01 5.552783e-01 8.672583e-08
2.446618e+01 7.774819e-01 1.149746e-07
2.446618e+01 1.088445e+00 1.318974e-07
2.446618e+01 1.523711e+00 1.229185e-07
2.446618e+01 2.088426e+00 9.041948e-08
2.446618e+01 2.685505e+00 4.851431e-08
2.497550e+01 1.570796e-02 3.067839e-10
2.497550e+01 2.346256e-02 7.806134e-10
2.497550e+01 3.503514e-02 1.580438e-09
2.497550e+01 5.263151e-02 3.223602e-09
2.497550e+01 7.314235e-02 6.781817e-09
2.497550e+01 1.025928e-01 1.009304e-08
2.497550e+01 1.448116e-01 1.728777e-08
2.497550e+01 2.023460e-01 2.583619e-08
2.497550e+01 2.834245e-01 3.900799e-08
2.497550e+01 3.967448e-01 5.732309e-08
2.497550e+01 5.552783e-01 8.253439e-08
2.497550e+01 7.774819e-01 1.099726e-07
2.497550e+01 1.088445e+00 1.272649e-07
2.497550e+01 1.523711e+00 1.205439e-07
2.497550e+01 2.088426e+00 9.047329e-08
2.497550e+01 2.685505e+00 4.876634e-08
2.549501e+01 1.570796e-02 2.842392e-10
2.549501e+01 2.346256e-02 7.239612e-10
2.549501e+01 3.503514e-02 1.463786e-09
2.549501e+01 5.263151e-02 2.984384e-09
2.549501e+01 7.314235e-02 6.285443e-09
2.549501e+01 1.025928e-01 9.356740e-09
2.549501e+01 1.448116e-01 1.604957e-08
2.549501e+01 2.023460e-01 2.410545e-08
2.549501e+01 2.834245e-01 3.660118e-08
2.549501e+01 3.967448e-01 5.408687e-08
2.549501e+01 5.552783e-01 7.827463e-08
2.549501e+01 7.774819e-01 1.048474e-07
2.549501e+01 1.088445e+00 1.224508e-07
2.549501e+01 1.523711e+00 1.181575e-07
2.549501e+01 2.088426e+00 9.054313e-08
2.549501e+01 2.685505e+00 4.954821e-08
2.602491e+01 1.570796e-02 2.621116e-10
2.602491e+01 2.346256e-02 6.68661e-10
2.602491e+01 3.503514e-02 1.350020e-09
2.602491e+01 5.263151e-02 2.752445e-09
2.602491e+01 7.314235e-02 5.801148e-09
2.602491e+01 1.025928e-01 8.641087e-09
2.602491e+01 1.448116e-01 1.484291e-08
2.602491e+01 2.023460e-01 2.240610e-08
2.602491e+01 2.834245e-01 3.421278e-08
2.602491e+01 3.967448e-01 5.082326e-08
2.602491e+01 5.552783e-01 7.391885e-08
2.602491e+01 7.774819e-01 9.957119e-08
2.602491e+01 1.088445e+00 1.174466e-07
2.602491e+01 1.523711e+00 1.154687e-07
2.602491e+01 2.088426e+00 9.065725e-08
2.602491e+01 2.685505e+00 5.048101e-08
2.656541e+01 1.570796e-02 2.406058e-10
2.656541e+01 2.346256e-02 6.144504e-10
2.656541e+01 3.503514e-02 1.23878e-09
2.656541e+01 5.263151e-02 2.526537e-09
2.656541e+01 7.314235e-02 5.330031e-09
2.656541e+01 1.025928e-01 7.942999e-09
2.656541e+01 1.448116e-01 1.366625e-08
2.656541e+01 2.023460e-01 2.073539e-08
2.656541e+01 2.834245e-01 3.183816e-08
2.656541e+01 3.967448e-01 4.753206e-08
2.656541e+01 5.552783e-01 6.947059e-08
2.656541e+01 7.774819e-01 9.411671e-08
2.656541e+01 1.088445e+00 1.121572e-07
2.656541e+01 1.523711e+00 1.125818e-07
2.656541e+01 2.088426e+00 9.07671e-08
2.656541e+01 2.685505e+00 5.169685e-08
2.711672e+01 1.570796e-02 2.195809e-10
2.711672e+01 2.346256e-02 5.620167e-10
2.711672e+01 3.503514e-02 1.13102e-09
2.711672e+01 5.263151e-02 2.306988e-09
2.711672e+01 7.314235e-02 4.870695e-09
2.711672e+01 1.025928e-01 7.263574e-09
2.711672e+01 1.448116e-01 1.251832e-08
2.711672e+01 2.023460e-01 1.909167e-08
2.711672e+01 2.834245e-01 2.946720e-08
2.711672e+01 3.967448e-01 4.421213e-08
2.711672e+01 5.552783e-01 6.49122e-08
2.711672e+01 7.774819e-01 8.845516e-08
2.711672e+01 1.088445e+00 1.066660e-07
2.711672e+01 1.523711e+00 1.093771e-07
2.711672e+01 2.088426e+00 9.093191e-08
2.711672e+01 2.685505e+00 5.350903e-08
2.767905e+01 1.570796e-02 1.991652e-10
2.767905e+01 2.346256e-02 5.108364e-10
2.767905e+01 3.503514e-02 1.025738e-09
2.767905e+01 5.263151e-02 2.093304e-09
2.767905e+01 7.314235e-02 4.424681e-09
2.767905e+01 1.025928e-01 6.601649e-09
2.767905e+01 1.448116e-01 1.139392e-08
2.767905e+01 2.023460e-01 1.747463e-08
2.767905e+01 2.834245e-01 2.710800e-08
2.767905e+01 3.967448e-01 4.085218e-08
2.767905e+01 5.552783e-01 6.025998e-08
2.767905e+01 7.774819e-01 8.260284e-08
2.767905e+01 1.088445e+00 1.008061e-07
2.767905e+01 1.523711e+00 1.057498e-07
2.767905e+01 2.088426e+00 9.078040e-08
2.767905e+01 2.685505e+00 5.579779e-08
2.825263e+01 1.570796e-02 1.792262e-10
2.825263e+01 2.346256e-02 4.607221e-10
2.825263e+01 3.503514e-02 9.229695e-10
2.825263e+01 5.263151e-02 1.885209e-09
2.825263e+01 7.314235e-02 3.988834e-09
2.825263e+01 1.025928e-01 5.959069e-09
2.825263e+01 1.448116e-01 1.029599e-08
2.825263e+01 2.023460e-01 1.587423e-08
2.825263e+01 2.834245e-01 2.474968e-08
2.825263e+01 3.967448e-01 3.744297e-08
2.825263e+01 5.552783e-01 5.548759e-08
2.825263e+01 7.774819e-01 7.652664e-08
2.825263e+01 1.088445e+00 9.457083e-08
2.825263e+01 1.523711e+00 1.015726e-07
2.825263e+01 2.088426e+00 9.038734e-08
2.825263e+01 2.685505e+00 5.847111e-08
2.883769e+01 1.570796e-02 1.598612e-10
2.883769e+01 2.346256e-02 4.118632e-10
2.883769e+01 3.503514e-02 8.229491e-10
2.883769e+01 5.263151e-02 1.682482e-09
2.883769e+01 7.314235e-02 3.563072e-09
2.883769e+01 1.025928e-01 5.329835e-09
2.883769e+01 1.448116e-01 9.225272e-09
2.883769e+01 2.023460e-01 1.429327e-08
2.883769e+01 2.834245e-01 2.238974e-08
2.883769e+01 3.967448e-01 3.400208e-08
2.883769e+01 5.552783e-01 5.059847e-08
2.883769e+01 7.774819e-01 7.023618e-08
2.883769e+01 1.088445e+00 8.792582e-08
2.883769e+01 1.523711e+00 9.681533e-08
2.883769e+01 2.088426e+00 8.957616e-08
2.883769e+01 2.685505e+00 6.168080e-08
2.943444e+01 1.570796e-02 1.409640e-10
2.943444e+01 2.346256e-02 3.641796e-10
2.943444e+01 3.503514e-02 7.254933e-10
2.943444e+01 5.263151e-02 1.485078e-09
2.943444e+01 7.314235e-02 3.149005e-09
2.943444e+01 1.025928e-01 4.716176e-09
2.943444e+01 1.448116e-01 8.17411e-09
2.943444e+01 2.023460e-01 1.272704e-08
2.943444e+01 2.834245e-01 2.002387e-08
2.943444e+01 3.967448e-01 3.05098e-08
2.943444e+01 5.552783e-01 4.561618e-08
2.943444e+01 7.774819e-01 6.371842e-08
2.943444e+01 1.088445e+00 8.081377e-08
2.943444e+01 1.523711e+00 9.127138e-08
2.943444e+01 2.088426e+00 8.807627e-08
2.943444e+01 2.685505e+00 6.499152e-08
3.004313e+01 1.570796e-02 1.225119e-10
3.004313e+01 2.346256e-02 3.174413e-10
3.004313e+01 3.503514e-02 6.305796e-10
3.004313e+01 5.263151e-02 1.292259e-09
3.004313e+01 7.314235e-02 2.744094e-09
3.004313e+01 1.025928e-01 4.116452e-09
3.004313e+01 1.448116e-01 7.142362e-09
3.004313e+01 2.023460e-01 1.117698e-08
3.004313e+01 2.834245e-01 1.765296e-08
3.004313e+01 3.967448e-01 2.697612e-08
3.004313e+01 5.552783e-01 4.050031e-08
3.004313e+01 7.774819e-01 5.694764e-08
3.004313e+01 1.088445e+00 7.3272e-08
3.004313e+01 1.523711e+00 8.491762e-08
3.004313e+01 2.088426e+00 8.575039e-08
3.004313e+01 2.685505e+00 6.842023e-08
3.066399e+01 1.570796e-02 1.045761e-10
3.066399e+01 2.346256e-02 2.718395e-10
3.066399e+01 3.503514e-02 5.380501e-10
3.066399e+01 5.263151e-02 1.104343e-09
3.066399e+01 7.314235e-02 2.349059e-09
3.066399e+01 1.025928e-01 3.528529e-09
3.066399e+01 1.448116e-01 6.129529e-09
3.066399e+01 2.023460e-01 9.637867e-09
3.066399e+01 2.834245e-01 1.528409e-08
3.066399e+01 3.967448e-01 2.340867e-08
3.066399e+01 5.552783e-01 3.529883e-08
3.066399e+01 7.774819e-01 4.992742e-08
3.066399e+01 1.088445e+00 6.513728e-08
3.066399e+01 1.523711e+00 7.755795e-08
3.066399e+01 2.088426e+00 8.22411e-08
3.066399e+01 2.685505e+00 7.130679e-08
3.129727e+01 1.570796e-02 8.715064e-11
3.129727e+01 2.346256e-02 2.271955e-10
3.129727e+01 3.503514e-02 4.480623e-10
3.129727e+01 5.263151e-02 9.211876e-10
3.129727e+01 7.314235e-02 1.962439e-09
3.129727e+01 1.025928e-01 2.951783e-09
3.129727e+01 1.448116e-01 5.135907e-09
3.129727e+01 2.023460e-01 8.112356e-09
3.129727e+01 2.834245e-01 1.291109e-08
3.129727e+01 3.967448e-01 1.981113e-08
3.129727e+01 5.552783e-01 2.999528e-08
3.129727e+01 7.774819e-01 4.268268e-08
3.129727e+01 1.088445e+00 5.648155e-08
3.129727e+01 1.523711e+00 6.918949e-08
3.129727e+01 2.088426e+00 7.721174e-08
3.129727e+01 2.685505e+00 7.272008e-08
3.194322e+01 1.570796e-02 7.017555e-11
3.194322e+01 2.346256e-02 1.834659e-10
3.194322e+01 3.503514e-02 3.605659e-10
3.194322e+01 5.263151e-02 7.426106e-10
3.194322e+01 7.314235e-02 1.584409e-09
3.194322e+01 1.025928e-01 2.387351e-09
3.194322e+01 1.448116e-01 4.158564e-09
3.194322e+01 2.023460e-01 6.596914e-09
3.194322e+01 2.834245e-01 1.053373e-08
3.194322e+01 3.967448e-01 1.619595e-08
3.194322e+01 5.552783e-01 2.461377e-08
3.194322e+01 7.774819e-01 3.521471e-08
3.194322e+01 1.088445e+00 4.728111e-08
3.194322e+01 1.523711e+00 5.966340e-08
3.194322e+01 2.088426e+00 7.028881e-08
3.194322e+01 2.685505e+00 7.223677e-08
3.260208e+01 1.570796e-02 5.368526e-11
3.260208e+01 2.346256e-02 1.408725e-10
3.260208e+01 3.503514e-02 2.755096e-10
3.260208e+01 5.263151e-02 5.688179e-10
3.260208e+01 7.314235e-02 1.216528e-09
3.260208e+01 1.025928e-01 1.835161e-09
3.260208e+01 1.448116e-01 3.201696e-09
3.260208e+01 2.023460e-01 5.098289e-09
3.260208e+01 2.834245e-01 8.163896e-09
3.260208e+01 3.967448e-01 1.25689e-08
3.260208e+01 5.552783e-01 1.915837e-08
3.260208e+01 7.774819e-01 2.758473e-08
3.260208e+01 1.088445e+00 3.752381e-08
3.260208e+01 1.523711e+00 4.881811e-08
3.260208e+01 2.088426e+00 6.080445e-08
3.260208e+01 2.685505e+00 6.841641e-08
3.327412e+01 1.570796e-02 3.741896e-11
3.327412e+01 2.346256e-02 9.861251e-11
3.327412e+01 3.503514e-02 1.916502e-10
3.327412e+01 5.263151e-02 3.965463e-10
3.327412e+01 7.314235e-02 8.504775e-10
3.327412e+01 1.025928e-01 1.284995e-09
3.327412e+01 1.448116e-01 2.245891e-09
3.327412e+01 2.023460e-01 3.591304e-09
3.327412e+01 2.834245e-01 5.769584e-09
3.327412e+01 3.967448e-01 8.897255e-09
3.327412e+01 5.552783e-01 1.360991e-08
3.327412e+01 7.774819e-01 1.972307e-08
3.327412e+01 1.088445e+00 2.719679e-08
3.327412e+01 1.523711e+00 3.649413e-08
3.327412e+01 2.088426e+00 4.826212e-08
3.327412e+01 2.685505e+00 5.938368e-08
3.395961e+01 1.570796e-02 2.280351e-11
3.395961e+01 2.346256e-02 6.077034e-11
3.395961e+01 3.503514e-02 1.172584e-10
3.395961e+01 5.263151e-02 2.432958e-10
3.395961e+01 7.314235e-02 5.228880e-10
3.395961e+01 1.025928e-01 7.896571e-10
3.395961e+01 1.448116e-01 1.377455e-09
3.395961e+01 2.023460e-01 2.197619e-09
3.395961e+01 2.834245e-01 3.518075e-09
3.395961e+01 3.967448e-01 5.387613e-09
3.395961e+01 5.552783e-01 8.206966e-09
3.395961e+01 7.774819e-01 1.188592e-08
3.395961e+01 1.088445e+00 1.649461e-08
3.395961e+01 1.523711e+00 2.271187e-08
3.395961e+01 2.088426e+00 3.187786e-08
3.395961e+01 2.685505e+00 4.272997e-08
3.46588e+01 1.570796e-02 7.064206e-12
3.46588e+01 2.346256e-02 1.631563e-11
3.46588e+01 3.503514e-02 3.658774e-11
3.46588e+01 5.263151e-02 7.031746e-11
3.46588e+01 7.314235e-02 1.543864e-10
3.46588e+01 1.025928e-01 2.326556e-10
3.46588e+01 1.448116e-01 4.080147e-10
3.46588e+01 2.023460e-01 6.636145e-10
3.46588e+01 2.834245e-01 1.076858e-09
3.46588e+01 3.967448e-01 1.671305e-09
3.46588e+01 5.552783e-01 2.567971e-09
3.46588e+01 7.774819e-01 3.775613e-09
3.46588e+01 1.088445e+00 5.340942e-09
3.46588e+01 1.523711e+00 7.603519e-09
3.46588e+01 2.088426e+00 1.125018e-08
3.46588e+01 2.685505e+00 1.60956e-08
3.537197e+01 1.570796e-02 0.e+00
3.537197e+01 2.346256e-02 0.e+00
3.537197e+01 3.503514e-02 0.e+00
3.537197e+01 5.263151e-02 0.e+00
3.537197e+01 7.314235e-02 0.e+00
3.537197e+01 1.025928e-01 0.e+00
3.537197e+01 1.448116e-01 0.e+00
3.537197e+01 2.023460e-01 0.e+00
3.537197e+01 2.834245e-01 0.e+00
3.537197e+01 3.967448e-01 0.e+00
3.537197e+01 5.552783e-01 0.e+00
3.537197e+01 7.774819e-01 0.e+00
3.537197e+01 1.088445e+00 0.e+00
3.537197e+01 1.523711e+00 0.e+00
3.537197e+01 2.088426e+00 0.e+00
3.537197e+01 2.685505e+00 0.e+00
