5.e+00 1.570796e-02 0.e+00
5.e+00 2.346256e-02 0.e+00
5.e+00 3.503514e-02 0.e+00
5.e+00 5.263151e-02 0.e+00
5.e+00 7.314235e-02 0.e+00
5.e+00 1.025928e-01 0.e+00
5.e+00 1.448116e-01 0.e+00
5.e+00 2.023460e-01 0.e+00
5.e+00 2.834245e-01 0.e+00
5.e+00 3.967448e-01 0.e+00
5.e+00 5.552783e-01 0.e+00
5.e+00 7.774819e-01 0.e+00
5.e+00 1.088445e+00 0.e+00
5.e+00 1.523711e+00 0.e+00
5.e+00 2.088426e+00 0.e+00
5.e+00 2.685505e+00 0.e+00
5.12e+00 1.570796e-02 0.e+00
5.12e+00 2.346256e-02 0.e+00
5.12e+00 3.503514e-02 0.e+00
5.12e+00 5.263151e-02 0.e+00
5.12e+00 7.314235e-02 0.e+00
5.12e+00 1.025928e-01 0.e+00
5.12e+00 1.448116e-01 0.e+00
5.12e+00 2.023460e-01 0.e+00
5.12e+00 2.834245e-01 0.e+00
5.12e+00 3.967448e-01 0.e+00
5.12e+00 5.552783e-01 0.e+00
5.12e+00 7.774819e-01 0.e+00
5.12e+00 1.088445e+00 0.e+00
5.12e+00 1.523711e+00 0.e+00
5.12e+00 2.088426e+00 0.e+00
5.12e+00 2.685505e+00 0.e+00
5.2424e+00 1.570796e-02 0.e+00
5.2424e+00 2.346256e-02 0.e+00
5.2424e+00 3.503514e-02 0.e+00
5.2424e+00 5.263151e-02 0.e+00
5.2424e+00 7.314235e-02 0.e+00
5.2424e+00 1.025928e-01 0.e+00
5.2424e+00 1.448116e-01 0.e+00
5.2424e+00 2.023460e-01 0.e+00
5.2424e+00 2.834245e-01 0.e+00
5.2424e+00 3.967448e-01 0.e+00
5.2424e+00 5.552783e-01 0.e+00
5.2424e+00 7.774819e-01 0.e+00
5.2424e+00 1.088445e+00 0.e+00
5.2424e+00 1.523711e+00 0.e+00
5.2424e+00 2.088426e+00 0.e+00
5.2424e+00 2.685505e+00 0.e+00
5.367248e+00 1.570796e-02 0.e+00
5.367248e+00 2.346256e-02 0.e+00
5.367248e+00 3.503514e-02 0.e+00
5.367248e+00 5.263151e-02 0.e+00
5.367248e+00 7.314235e-02 0.e+00
5.367248e+00 1.025928e-01 0.e+00
5.367248e+00 1.448116e-01 0.e+00
5.367248e+00 2.023460e-01 0.e+00
5.367248e+00 2.834245e-01 0.e+00
5.367248e+00 3.967448e-01 0.e+00
5.367248e+00 5.552783e-01 0.e+00
5.367248e+00 7.774819e-01 0.e+00
5.367248e+00 1.088445e+00 0.e+00
5.367248e+00 1.523711e+00 0.e+00
5.367248e+00 2.088426e+00 0.e+00
5.367248e+00 2.685505e+00 0.e+00
5.494593e+00 1.570796e-02 0.e+00
5.494593e+00 2.346256e-02 0.e+00
5.494593e+00 3.503514e-02 0.e+00
5.494593e+00 5.263151e-02 0.e+00
5.494593e+00 7.314235e-02 0.e+00
5.494593e+00 1.025928e-01 0.e+00
5.494593e+00 1.448116e-01 0.e+00
5.494593e+00 2.023460e-01 0.e+00
5.494593e+00 2.834245e-01 0.e+00
5.494593e+00 3.967448e-01 0.e+00
5.494593e+00 5.552783e-01 0.e+00
5.494593e+00 7.774819e-01 0.e+00
5.494593e+00 1.088445e+00 0.e+00
5.494593e+00 1.523711e+00 0.e+00
5.494593e+00 2.088426e+00 0.e+00
5.494593e+00 2.685505e+00 0.e+00
5.624485e+00 1.570796e-02 0.e+00
5.624485e+00 2.346256e-02 0.e+00
5.624485e+00 3.503514e-02 0.e+00
5.624485e+00 5.263151e-02 0.e+00
5.624485e+00 7.314235e-02 0.e+00
5.624485e+00 1.025928e-01 0.e+00
5.624485e+00 1.448116e-01 0.e+00
5.624485e+00 2.023460e-01 0.e+00
5.624485e+00 2.834245e-01 0.e+00
5.624485e+00 3.967448e-01 0.e+00
5.624485e+00 5.552783e-01 0.e+00
5.624485e+00 7.774819e-01 0.e+00
5.624485e+00 1.088445e+00 0.e+00
5.624485e+00 1.523711e+00 0.e+00
5.624485e+00 2.088426e+00 0.e+00
5.624485e+00 2.685505e+00 0.e+00
5.756975e+00 1.570796e-02 0.e+00
5.756975e+00 2.346256e-02 0.e+00
5.756975e+00 3.503514e-02 0.e+00
5.756975e+00 5.263151e-02 0.e+00
5.756975e+00 7.314235e-02 0.e+00
5.756975e+00 1.025928e-01 0.e+00
5.756975e+00 1.448116e-01 0.e+00
5.756975e+00 2.023460e-01 0.e+00
5.756975e+00 2.834245e-01 0.e+00
5.756975e+00 3.967448e-01 0.e+00
5.756975e+00 5.552783e-01 0.e+00
5.756975e+00 7.774819e-01 0.e+00
5.756975e+00 1.088445e+00 0.e+00
5.756975e+00 1.523711e+00 0.e+00
5.756975e+00 2.088426e+00 0.e+00
5.756975e+00 2.685505e+00 0.e+00
5.892114e+00 1.570796e-02 0.e+00
5.892114e+00 2.346256e-02 0.e+00
5.892114e+00 3.503514e-02 0.e+00
5.892114e+00 5.263151e-02 0.e+00
5.892114e+00 7.314235e-02 0.e+00
5.892114e+00 1.025928e-01 0.e+00
5.892114e+00 1.448116e-01 0.e+00
5.892114e+00 2.023460e-01 0.e+00
5.892114e+00 2.834245e-01 0.e+00
5.892114e+00 3.967448e-01 0.e+00
5.892114e+00 5.552783e-01 0.e+00
5.892114e+00 7.774819e-01 0.e+00
5.892114e+00 1.088445e+00 0.e+00
5.892114e+00 1.523711e+00 0.e+00
5.892114e+00 2.088426e+00 0.e+00
5.892114e+00 2.685505e+00 0.e+00
6.029956e+00 1.570796e-02 0.e+00
6.029956e+00 2.346256e-02 0.e+00
6.029956e+00 3.503514e-02 0.e+00
6.029956e+00 5.263151e-02 0.e+00
6.029956e+00 7.314235e-02 0.e+00
6.029956e+00 1.025928e-01 0.e+00
6.029956e+00 1.448116e-01 0.e+00
6.029956e+00 2.023460e-01 0.e+00
6.029956e+00 2.834245e-01 0.e+00
6.029956e+00 3.967448e-01 0.e+00
6.029956e+00 5.552783e-01 0.e+00
6.029956e+00 7.774819e-01 0.e+00
6.029956e+00 1.088445e+00 0.e+00
6.029956e+00 1.523711e+00 0.e+00
6.029956e+00 2.088426e+00 0.e+00
6.029956e+00 2.685505e+00 0.e+00
6.170555e+00 1.570796e-02 0.e+00
6.170555e+00 2.346256e-02 0.e+00
6.170555e+00 3.503514e-02 0.e+00
6.170555e+00 5.263151e-02 0.e+00
6.170555e+00 7.314235e-02 0.e+00
6.170555e+00 1.025928e-01 0.e+00
6.170555e+00 1.448116e-01 0.e+00
6.170555e+00 2.023460e-01 0.e+00
6.170555e+00 2.834245e-01 0.e+00
6.170555e+00 3.967448e-01 0.e+00
6.170555e+00 5.552783e-01 0.e+00
6.170555e+00 7.774819e-01 0.e+00
6.170555e+00 1.088445e+00 0.e+00
6.170555e+00 1.523711e+00 0.e+00
6.170555e+00 2.088426e+00 0.e+00
6.170555e+00 2.685505e+00 0.e+00
6.313967e+00 1.570796e-02 0.e+00
6.313967e+00 2.346256e-02 0.e+00
6.313967e+00 3.503514e-02 0.e+00
6.313967e+00 5.263151e-02 0.e+00
6.313967e+00 7.314235e-02 0.e+00
6.313967e+00 1.025928e-01 0.e+00
6.313967e+00 1.448116e-01 0.e+00
6.313967e+00 2.023460e-01 0.e+00
6.313967e+00 2.834245e-01 0.e+00
6.313967e+00 3.967448e-01 0.e+00
6.313967e+00 5.552783e-01 0.e+00
6.313967e+00 7.774819e-01 0.e+00
6.313967e+00 1.088445e+00 0.e+00
6.313967e+00 1.523711e+00 0.e+00
6.313967e+00 2.088426e+00 0.e+00
6.313967e+00 2.685505e+00 0.e+00
6.460246e+00 1.570796e-02 0.e+00
6.460246e+00 2.346256e-02 0.e+00
6.460246e+00 3.503514e-02 0.e+00
6.460246e+00 5.263151e-02 0.e+00
6.460246e+00 7.314235e-02 0.e+00
6.460246e+00 1.025928e-01 0.e+00
6.460246e+00 1.448116e-01 0.e+00
6.460246e+00 2.023460e-01 0.e+00
6.460246e+00 2.834245e-01 0.e+00
6.460246e+00 3.967448e-01 0.e+00
6.460246e+00 5.552783e-01 0.e+00
6.460246e+00 7.774819e-01 0.e+00
6.460246e+00 1.088445e+00 0.e+00
6.460246e+00 1.523711e+00 0.e+00
6.460246e+00 2.088426e+00 0.e+00
6.460246e+00 2.685505e+00 0.e+00
6.609451e+00 1.570796e-02 -4.623670e-05
6.609451e+00 2.346256e-02 -3.299444e-05
6.609451e+00 3.503514e-02 -6.707481e-05
6.609451e+00 5.263151e-02 -6.836337e-05
6.609451e+00 7.314235e-02 -9.117841e-05
6.609451e+00 1.025928e-01 -2.264227e-05
6.609451e+00 1.448116e-01 -1.012805e-04
6.609451e+00 2.023460e-01 -5.277097e-05
6.609451e+00 2.834245e-01 -5.991943e-05
6.609451e+00 3.967448e-01 -4.473495e-05
6.609451e+00 5.552783e-01 -3.800233e-05
6.609451e+00 7.774819e-01 -3.8001e-05
6.609451e+00 1.088445e+00 -3.27164e-05
6.609451e+00 1.523711e+00 -3.579117e-05
6.609451e+00 2.088426e+00 -4.439173e-05
6.609451e+00 2.685505e+00 -5.017558e-05
6.76164e+00 1.570796e-02 -1.652530e-04
6.76164e+00 2.346256e-02 -1.369427e-04
6.76164e+00 3.503514e-02 -2.070557e-04
6.76164e+00 5.263151e-02 -3.150482e-04
6.76164e+00 7.314235e-02 -3.804076e-04
6.76164e+00 1.025928e-01 -2.028307e-04
6.76164e+00 1.448116e-01 -2.779718e-04
6.76164e+00 2.023460e-01 -3.115755e-04
6.76164e+00 2.834245e-01 -3.549962e-04
6.76164e+00 3.967448e-01 -2.415258e-04
6.76164e+00 5.552783e-01 -2.162791e-04
6.76164e+00 7.774819e-01 -2.016615e-04
6.76164e+00 1.088445e+00 -1.842119e-04
6.76164e+00 1.523711e+00 -1.907415e-04
6.76164e+00 2.088426e+00 -2.226607e-04
6.76164e+00 2.685505e+00 -2.523233e-04
6.916873e+00 1.570796e-02 -3.942317e-04
6.916873e+00 2.346256e-02 -4.154148e-04
6.916873e+00 3.503514e-02 -6.197665e-04
6.916873e+00 5.263151e-02 -1.110803e-03
6.916873e+00 7.314235e-02 -1.368079e-03
6.916873e+00 1.025928e-01 -1.128432e-03
6.916873e+00 1.448116e-01 -1.473356e-03
6.916873e+00 2.023460e-01 -1.361984e-03
6.916873e+00 2.834245e-01 -1.406818e-03
6.916873e+00 3.967448e-01 -1.043607e-03
6.916873e+00 5.552783e-01 -9.486297e-04
6.916873e+00 7.774819e-01 -8.741799e-04
6.916873e+00 1.088445e+00 -7.590489e-04
6.916873e+00 1.523711e+00 -7.782572e-04
6.916873e+00 2.088426e+00 -9.120033e-04
6.916873e+00 2.685505e+00 -1.030081e-03
7.075210e+00 1.570796e-02 -6.723443e-04
7.075210e+00 2.346256e-02 -1.096181e-03
7.075210e+00 3.503514e-02 -1.645545e-03
7.075210e+00 5.263151e-02 -2.687143e-03
7.075210e+00 7.314235e-02 -4.213551e-03
7.075210e+00 1.025928e-01 -3.070168e-03
7.075210e+00 1.448116e-01 -3.808898e-03
7.075210e+00 2.023460e-01 -3.812689e-03
7.075210e+00 2.834245e-01 -3.766728e-03
7.075210e+00 3.967448e-01 -3.07996e-03
7.075210e+00 5.552783e-01 -2.833929e-03
7.075210e+00 7.774819e-01 -2.466307e-03
7.075210e+00 1.088445e+00 -2.173773e-03
7.075210e+00 1.523711e+00 -2.215561e-03
7.075210e+00 2.088426e+00 -2.533038e-03
7.075210e+00 2.685505e+00 -2.915675e-03
7.236714e+00 1.570796e-02 -7.489454e-04
7.236714e+00 2.346256e-02 -1.710789e-03
7.236714e+00 3.503514e-02 -3.049878e-03
7.236714e+00 5.263151e-02 -4.509399e-03
7.236714e+00 7.314235e-02 -7.383866e-03
7.236714e+00 1.025928e-01 -6.205334e-03
7.236714e+00 1.448116e-01 -7.176785e-03
7.236714e+00 2.023460e-01 -7.544700e-03
7.236714e+00 2.834245e-01 -7.189900e-03
7.236714e+00 3.967448e-01 -6.246166e-03
7.236714e+00 5.552783e-01 -5.670935e-03
7.236714e+00 7.774819e-01 -4.924773e-03
7.236714e+00 1.088445e+00 -4.307563e-03
7.236714e+00 1.523711e+00 -4.295686e-03
7.236714e+00 2.088426e+00 -4.875914e-03
7.236714e+00 2.685505e+00 -5.523062e-03
7.401449e+00 1.570796e-02 -8.035317e-04
7.401449e+00 2.346256e-02 -2.097837e-03
7.401449e+00 3.503514e-02 -4.035954e-03
7.401449e+00 5.263151e-02 -6.244486e-03
7.401449e+00 7.314235e-02 -1.045494e-02
7.401449e+00 1.025928e-01 -1.007563e-02
7.401449e+00 1.448116e-01 -1.208075e-02
7.401449e+00 2.023460e-01 -1.241177e-02
7.401449e+00 2.834245e-01 -1.224708e-02
7.401449e+00 3.967448e-01 -1.052135e-02
7.401449e+00 5.552783e-01 -9.594202e-03
7.401449e+00 7.774819e-01 -8.321519e-03
7.401449e+00 1.088445e+00 -7.184165e-03
7.401449e+00 1.523711e+00 -7.071536e-03
7.401449e+00 2.088426e+00 -7.984957e-03
7.401449e+00 2.685505e+00 -8.943861e-03
7.569477e+00 1.570796e-02 -8.207137e-04
7.569477e+00 2.346256e-02 -2.106293e-03
7.569477e+00 3.503514e-02 -4.469330e-03
7.569477e+00 5.263151e-02 -7.568768e-03
7.569477e+00 7.314235e-02 -1.286366e-02
7.569477e+00 1.025928e-01 -1.400599e-02
7.569477e+00 1.448116e-01 -1.693009e-02
7.569477e+00 2.023460e-01 -1.757428e-02
7.569477e+00 2.834245e-01 -1.744948e-02
7.569477e+00 3.967448e-01 -1.547806e-02
7.569477e+00 5.552783e-01 -1.412325e-02
7.569477e+00 7.774819e-01 -1.219891e-02
7.569477e+00 1.088445e+00 -1.060775e-02
7.569477e+00 1.523711e+00 -1.02598e-02
7.569477e+00 2.088426e+00 -1.14764e-02
7.569477e+00 2.685505e+00 -1.269224e-02
7.740867e+00 1.570796e-02 -8.351974e-04
7.740867e+00 2.346256e-02 -1.986942e-03
7.740867e+00 3.503514e-02 -4.465900e-03
7.740867e+00 5.263151e-02 -7.975625e-03
7.740867e+00 7.314235e-02 -1.421345e-02
7.740867e+00 1.025928e-01 -1.681443e-02
7.740867e+00 1.448116e-01 -2.158180e-02
7.740867e+00 2.023460e-01 -2.252367e-02
7.740867e+00 2.834245e-01 -2.257552e-02
7.740867e+00 3.967448e-01 -2.055512e-02
7.740867e+00 5.552783e-01 -1.875633e-02
7.740867e+00 7.774819e-01 -1.629332e-02
7.740867e+00 1.088445e+00 -1.40501e-02
7.740867e+00 1.523711e+00 -1.351821e-02
7.740867e+00 2.088426e+00 -1.487428e-02
7.740867e+00 2.685505e+00 -1.624258e-02
7.915684e+00 1.570796e-02 -7.73052e-04
7.915684e+00 2.346256e-02 -1.867666e-03
7.915684e+00 3.503514e-02 -4.164755e-03
7.915684e+00 5.263151e-02 -7.794158e-03
7.915684e+00 7.314235e-02 -1.451475e-02
7.915684e+00 1.025928e-01 -1.844854e-02
7.915684e+00 1.448116e-01 -2.473491e-02
7.915684e+00 2.023460e-01 -2.653106e-02
7.915684e+00 2.834245e-01 -2.697002e-02
7.915684e+00 3.967448e-01 -2.519568e-02
7.915684e+00 5.552783e-01 -2.305568e-02
7.915684e+00 7.774819e-01 -2.008215e-02
7.915684e+00 1.088445e+00 -1.734114e-02
7.915684e+00 1.523711e+00 -1.648024e-02
7.915684e+00 2.088426e+00 -1.789777e-02
7.915684e+00 2.685505e+00 -1.936497e-02
8.093998e+00 1.570796e-02 -6.917957e-04
8.093998e+00 2.346256e-02 -1.689268e-03
8.093998e+00 3.503514e-02 -3.878799e-03
8.093998e+00 5.263151e-02 -7.421768e-03
8.093998e+00 7.314235e-02 -1.410863e-02
8.093998e+00 1.025928e-01 -1.904047e-02
8.093998e+00 1.448116e-01 -2.635607e-02
8.093998e+00 2.023460e-01 -2.929817e-02
8.093998e+00 2.834245e-01 -3.033954e-02
8.093998e+00 3.967448e-01 -2.886918e-02
8.093998e+00 5.552783e-01 -2.675943e-02
8.093998e+00 7.774819e-01 -2.339586e-02
8.093998e+00 1.088445e+00 -2.020573e-02
8.093998e+00 1.523711e+00 -1.898989e-02
8.093998e+00 2.088426e+00 -2.038806e-02
8.093998e+00 2.685505e+00 -2.166611e-02
8.275878e+00 1.570796e-02 -6.119537e-04
8.275878e+00 2.346256e-02 -1.533101e-03
8.275878e+00 3.503514e-02 -3.473246e-03
8.275878e+00 5.263151e-02 -6.807911e-03
8.275878e+00 7.314235e-02 -1.318523e-02
8.275878e+00 1.025928e-01 -1.864832e-02
8.275878e+00 1.448116e-01 -2.673654e-02
8.275878e+00 2.023460e-01 -3.069332e-02
8.275878e+00 2.834245e-01 -3.254617e-02
8.275878e+00 3.967448e-01 -3.171984e-02
8.275878e+00 5.552783e-01 -2.971574e-02
8.275878e+00 7.774819e-01 -2.617443e-02
8.275878e+00 1.088445e+00 -2.259734e-02
8.275878e+00 1.523711e+00 -2.109895e-02
8.275878e+00 2.088426e+00 -2.243897e-02
8.275878e+00 2.685505e+00 -2.364466e-02
8.461396e+00 1.570796e-02 -5.516445e-04
8.461396e+00 2.346256e-02 -1.399314e-03
8.461396e+00 3.503514e-02 -3.038572e-03
8.461396e+00 5.263151e-02 -6.127822e-03
8.461396e+00 7.314235e-02 -1.210268e-02
8.461396e+00 1.025928e-01 -1.756161e-02
8.461396e+00 1.448116e-01 -2.619343e-02
8.461396e+00 2.023460e-01 -3.096312e-02
8.461396e+00 2.834245e-01 -3.376115e-02
8.461396e+00 3.967448e-01 -3.370278e-02
8.461396e+00 5.552783e-01 -3.191225e-02
8.461396e+00 7.774819e-01 -2.837052e-02
8.461396e+00 1.088445e+00 -2.454602e-02
8.461396e+00 1.523711e+00 -2.282333e-02
8.461396e+00 2.088426e+00 -2.406234e-02
8.461396e+00 2.685505e+00 -2.514428e-02
8.650623e+00 1.570796e-02 -4.956824e-04
8.650623e+00 2.346256e-02 -1.253626e-03
8.650623e+00 3.503514e-02 -2.629469e-03
8.650623e+00 5.263151e-02 -5.477695e-03
8.650623e+00 7.314235e-02 -1.091813e-02
8.650623e+00 1.025928e-01 -1.624525e-02
8.650623e+00 1.448116e-01 -2.490041e-02
8.650623e+00 2.023460e-01 -3.037109e-02
8.650623e+00 2.834245e-01 -3.404735e-02
8.650623e+00 3.967448e-01 -3.472838e-02
8.650623e+00 5.552783e-01 -3.336997e-02
8.650623e+00 7.774819e-01 -2.9953e-02
8.650623e+00 1.088445e+00 -2.604873e-02
8.650623e+00 1.523711e+00 -2.411164e-02
8.650623e+00 2.088426e+00 -2.527803e-02
8.650623e+00 2.685505e+00 -2.623562e-02
8.843636e+00 1.570796e-02 -4.417727e-04
8.843636e+00 2.346256e-02 -1.135231e-03
8.843636e+00 3.503514e-02 -2.306190e-03
8.843636e+00 5.263151e-02 -4.869606e-03
8.843636e+00 7.314235e-02 -9.745882e-03
8.843636e+00 1.025928e-01 -1.472775e-02
8.843636e+00 1.448116e-01 -2.307670e-02
8.843636e+00 2.023460e-01 -2.902605e-02
8.843636e+00 2.834245e-01 -3.349534e-02
8.843636e+00 3.967448e-01 -3.497403e-02
8.843636e+00 5.552783e-01 -3.412487e-02
8.843636e+00 7.774819e-01 -3.099423e-02
8.843636e+00 1.088445e+00 -2.711777e-02
8.843636e+00 1.523711e+00 -2.510336e-02
8.843636e+00 2.088426e+00 -2.614887e-02
8.843636e+00 2.685505e+00 -2.681371e-02
9.040509e+00 1.570796e-02 -3.864408e-04
9.040509e+00 2.346256e-02 -1.014380e-03
9.040509e+00 3.503514e-02 -2.040434e-03
9.040509e+00 5.263151e-02 -4.312762e-03
9.040509e+00 7.314235e-02 -8.623533e-03
9.040509e+00 1.025928e-01 -1.313263e-02
9.040509e+00 1.448116e-01 -2.098142e-02
9.040509e+00 2.023460e-01 -2.718251e-02
9.040509e+00 2.834245e-01 -3.231633e-02
9.040509e+00 3.967448e-01 -3.455846e-02
9.040509e+00 5.552783e-01 -3.429383e-02
9.040509e+00 7.774819e-01 -3.151588e-02
9.040509e+00 1.088445e+00 -2.778292e-02
9.040509e+00 1.523711e+00 -2.575067e-02
9.040509e+00 2.088426e+00 -2.675877e-02
9.040509e+00 2.685505e+00 -2.717945e-02
9.241319e+00 1.570796e-02 -3.357390e-04
9.241319e+00 2.346256e-02 -9.082273e-04
9.241319e+00 3.503514e-02 -1.801955e-03
9.241319e+00 5.263151e-02 -3.804656e-03
9.241319e+00 7.314235e-02 -7.611407e-03
9.241319e+00 1.025928e-01 -1.160490e-02
9.241319e+00 1.448116e-01 -1.885063e-02
9.241319e+00 2.023460e-01 -2.507360e-02
9.241319e+00 2.834245e-01 -3.065817e-02
9.241319e+00 3.967448e-01 -3.35534e-02
9.241319e+00 5.552783e-01 -3.386933e-02
9.241319e+00 7.774819e-01 -3.155827e-02
9.241319e+00 1.088445e+00 -2.806171e-02
9.241319e+00 1.523711e+00 -2.615271e-02
9.241319e+00 2.088426e+00 -2.710537e-02
9.241319e+00 2.685505e+00 -2.738241e-02
9.446145e+00 1.570796e-02 -2.869403e-04
9.446145e+00 2.346256e-02 -8.132175e-04
9.446145e+00 3.503514e-02 -1.583759e-03
9.446145e+00 5.263151e-02 -3.338691e-03
9.446145e+00 7.314235e-02 -6.693774e-03
9.446145e+00 1.025928e-01 -1.019976e-02
9.446145e+00 1.448116e-01 -1.678560e-02
9.446145e+00 2.023460e-01 -2.283974e-02
9.446145e+00 2.834245e-01 -2.863510e-02
9.446145e+00 3.967448e-01 -3.206072e-02
9.446145e+00 5.552783e-01 -3.293018e-02
9.446145e+00 7.774819e-01 -3.110926e-02
9.446145e+00 1.088445e+00 -2.793175e-02
9.446145e+00 1.523711e+00 -2.616998e-02
9.446145e+00 2.088426e+00 -2.711583e-02
9.446145e+00 2.685505e+00 -2.731307e-02
9.655068e+00 1.570796e-02 -2.472405e-04
9.655068e+00 2.346256e-02 -7.186973e-04
9.655068e+00 3.503514e-02 -1.395329e-03
9.655068e+00 5.263151e-02 -2.924485e-03
9.655068e+00 7.314235e-02 -5.863700e-03
9.655068e+00 1.025928e-01 -8.930308e-03
9.655068e+00 1.448116e-01 -1.483135e-02
9.655068e+00 2.023460e-01 -2.057444e-02
9.655068e+00 2.834245e-01 -2.639043e-02
9.655068e+00 3.967448e-01 -3.018925e-02
9.655068e+00 5.552783e-01 -3.159321e-02
9.655068e+00 7.774819e-01 -3.029859e-02
9.655068e+00 1.088445e+00 -2.750068e-02
9.655068e+00 1.523711e+00 -2.594375e-02
9.655068e+00 2.088426e+00 -2.688681e-02
9.655068e+00 2.685505e+00 -2.688293e-02
9.86817e+00 1.570796e-02 -2.152889e-04
9.86817e+00 2.346256e-02 -6.318812e-04
9.86817e+00 3.503514e-02 -1.22774e-03
9.86817e+00 5.263151e-02 -2.557374e-03
9.86817e+00 7.314235e-02 -5.120816e-03
9.86817e+00 1.025928e-01 -7.815277e-03
9.86817e+00 1.448116e-01 -1.30483e-02
9.86817e+00 2.023460e-01 -1.836514e-02
9.86817e+00 2.834245e-01 -2.401222e-02
9.86817e+00 3.967448e-01 -2.80706e-02
9.86817e+00 5.552783e-01 -2.992306e-02
9.86817e+00 7.774819e-01 -2.915255e-02
9.86817e+00 1.088445e+00 -2.679798e-02
9.86817e+00 1.523711e+00 -2.553232e-02
9.86817e+00 2.088426e+00 -2.64991e-02
9.86817e+00 2.685505e+00 -2.647042e-02
1.008553e+01 1.570796e-02 -1.882946e-04
1.008553e+01 2.346256e-02 -5.535851e-04
1.008553e+01 3.503514e-02 -1.078201e-03
1.008553e+01 5.263151e-02 -2.230889e-03
1.008553e+01 7.314235e-02 -4.469206e-03
1.008553e+01 1.025928e-01 -6.852467e-03
1.008553e+01 1.448116e-01 -1.143336e-02
1.008553e+01 2.023460e-01 -1.625627e-02
1.008553e+01 2.834245e-01 -2.162533e-02
1.008553e+01 3.967448e-01 -2.576991e-02
1.008553e+01 5.552783e-01 -2.799557e-02
1.008553e+01 7.774819e-01 -2.770659e-02
1.008553e+01 1.088445e+00 -2.587763e-02
1.008553e+01 1.523711e+00 -2.488566e-02
1.008553e+01 2.088426e+00 -2.594344e-02
1.008553e+01 2.685505e+00 -2.584782e-02
1.030724e+01 1.570796e-02 -1.636898e-04
1.030724e+01 2.346256e-02 -4.845504e-04
1.030724e+01 3.503514e-02 -9.475625e-04
1.030724e+01 5.263151e-02 -1.942734e-03
1.030724e+01 7.314235e-02 -3.891757e-03
1.030724e+01 1.025928e-01 -5.990268e-03
1.030724e+01 1.448116e-01 -9.986626e-03
1.030724e+01 2.023460e-01 -1.428272e-02
1.030724e+01 2.834245e-01 -1.927138e-02
1.030724e+01 3.967448e-01 -2.339088e-02
1.030724e+01 5.552783e-01 -2.590668e-02
1.030724e+01 7.774819e-01 -2.608389e-02
1.030724e+01 1.088445e+00 -2.474095e-02
1.030724e+01 1.523711e+00 -2.406636e-02
1.030724e+01 2.088426e+00 -2.517509e-02
1.030724e+01 2.685505e+00 -2.506336e-02
1.053339e+01 1.570796e-02 -1.431155e-04
1.053339e+01 2.346256e-02 -4.190923e-04
1.053339e+01 3.503514e-02 -8.298829e-04
1.053339e+01 5.263151e-02 -1.682294e-03
1.053339e+01 7.314235e-02 -3.381238e-03
1.053339e+01 1.025928e-01 -5.211655e-03
1.053339e+01 1.448116e-01 -8.687839e-03
1.053339e+01 2.023460e-01 -1.246502e-02
1.053339e+01 2.834245e-01 -1.703619e-02
1.053339e+01 3.967448e-01 -2.103035e-02
1.053339e+01 5.552783e-01 -2.371106e-02
1.053339e+01 7.774819e-01 -2.430711e-02
1.053339e+01 1.088445e+00 -2.344326e-02
1.053339e+01 1.523711e+00 -2.307121e-02
1.053339e+01 2.088426e+00 -2.423248e-02
1.053339e+01 2.685505e+00 -2.389932e-02
1.076406e+01 1.570796e-02 -1.250477e-04
1.076406e+01 2.346256e-02 -3.608211e-04
1.076406e+01 3.503514e-02 -7.226259e-04
1.076406e+01 5.263151e-02 -1.455796e-03
1.076406e+01 7.314235e-02 -2.92577e-03
1.076406e+01 1.025928e-01 -4.512441e-03
1.076406e+01 1.448116e-01 -7.509038e-03
1.076406e+01 2.023460e-01 -1.0823e-02
1.076406e+01 2.834245e-01 -1.496636e-02
1.076406e+01 3.967448e-01 -1.875481e-02
1.076406e+01 5.552783e-01 -2.151804e-02
1.076406e+01 7.774819e-01 -2.243141e-02
1.076406e+01 1.088445e+00 -2.199025e-02
1.076406e+01 1.523711e+00 -2.196059e-02
1.076406e+01 2.088426e+00 -2.314699e-02
1.076406e+01 2.685505e+00 -2.274844e-02
1.099934e+01 1.570796e-02 -1.098087e-04
1.099934e+01 2.346256e-02 -3.076400e-04
1.099934e+01 3.503514e-02 -6.220667e-04
1.099934e+01 5.263151e-02 -1.253195e-03
1.099934e+01 7.314235e-02 -2.521501e-03
1.099934e+01 1.025928e-01 -3.877813e-03
1.099934e+01 1.448116e-01 -6.469243e-03
1.099934e+01 2.023460e-01 -9.345391e-03
1.099934e+01 2.834245e-01 -1.306189e-02
1.099934e+01 3.967448e-01 -1.660037e-02
1.099934e+01 5.552783e-01 -1.934858e-02
1.099934e+01 7.774819e-01 -2.053478e-02
1.099934e+01 1.088445e+00 -2.048810e-02
1.099934e+01 1.523711e+00 -2.070689e-02
1.099934e+01 2.088426e+00 -2.198362e-02
1.099934e+01 2.685505e+00 -2.155946e-02
1.123932e+01 1.570796e-02 -9.509984e-05
1.123932e+01 2.346256e-02 -2.623247e-04
1.123932e+01 3.503514e-02 -5.349761e-04
1.123932e+01 5.263151e-02 -1.078424e-03
1.123932e+01 7.314235e-02 -2.169819e-03
1.123932e+01 1.025928e-01 -3.333949e-03
1.123932e+01 1.448116e-01 -5.553912e-03
1.123932e+01 2.023460e-01 -8.047741e-03
1.123932e+01 2.834245e-01 -1.132738e-02
1.123932e+01 3.967448e-01 -1.457314e-02
1.123932e+01 5.552783e-01 -1.726195e-02
1.123932e+01 7.774819e-01 -1.863954e-02
1.123932e+01 1.088445e+00 -1.891955e-02
1.123932e+01 1.523711e+00 -1.942611e-02
1.123932e+01 2.088426e+00 -2.081326e-02
1.123932e+01 2.685505e+00 -2.029111e-02
1.148411e+01 1.570796e-02 -8.194235e-05
1.148411e+01 2.346256e-02 -2.210974e-04
1.148411e+01 3.503514e-02 -4.597807e-04
1.148411e+01 5.263151e-02 -9.239455e-04
1.148411e+01 7.314235e-02 -1.854975e-03
1.148411e+01 1.025928e-01 -2.853515e-03
1.148411e+01 1.448116e-01 -4.741442e-03
1.148411e+01 2.023460e-01 -6.906130e-03
1.148411e+01 2.834245e-01 -9.769814e-03
1.148411e+01 3.967448e-01 -1.271421e-02
1.148411e+01 5.552783e-01 -1.528187e-02
1.148411e+01 7.774819e-01 -1.678929e-02
1.148411e+01 1.088445e+00 -1.734212e-02
1.148411e+01 1.523711e+00 -1.81114e-02
1.148411e+01 2.088426e+00 -1.955019e-02
1.148411e+01 2.685505e+00 -1.897045e-02
1.173379e+01 1.570796e-02 -7.006825e-05
1.173379e+01 2.346256e-02 -1.86541e-04
1.173379e+01 3.503514e-02 -3.937337e-04
1.173379e+01 5.263151e-02 -7.885096e-04
1.173379e+01 7.314235e-02 -1.579145e-03
1.173379e+01 1.025928e-01 -2.434836e-03
1.173379e+01 1.448116e-01 -4.034032e-03
1.173379e+01 2.023460e-01 -5.911231e-03
1.173379e+01 2.834245e-01 -8.376197e-03
1.173379e+01 3.967448e-01 -1.100540e-02
1.173379e+01 5.552783e-01 -1.340019e-02
1.173379e+01 7.774819e-01 -1.497604e-02
1.173379e+01 1.088445e+00 -1.572815e-02
1.173379e+01 1.523711e+00 -1.666288e-02
1.173379e+01 2.088426e+00 -1.813075e-02
1.173379e+01 2.685505e+00 -1.749283e-02
1.198847e+01 1.570796e-02 -5.975783e-05
1.198847e+01 2.346256e-02 -1.56909e-04
1.198847e+01 3.503514e-02 -3.33372e-04
1.198847e+01 5.263151e-02 -6.698846e-04
1.198847e+01 7.314235e-02 -1.338427e-03
1.198847e+01 1.025928e-01 -2.068572e-03
1.198847e+01 1.448116e-01 -3.423102e-03
1.198847e+01 2.023460e-01 -5.028052e-03
1.198847e+01 2.834245e-01 -7.150784e-03
1.198847e+01 3.967448e-01 -9.459652e-03
1.198847e+01 5.552783e-01 -1.165082e-02
1.198847e+01 7.774819e-01 -1.323573e-02
1.198847e+01 1.088445e+00 -1.414062e-02
1.198847e+01 1.523711e+00 -1.523459e-02
1.198847e+01 2.088426e+00 -1.667773e-02
1.198847e+01 2.685505e+00 -1.603187e-02
1.224824e+01 1.570796e-02 -5.046974e-05
1.224824e+01 2.346256e-02 -1.301751e-04
1.224824e+01 3.503514e-02 -2.805015e-04
1.224824e+01 5.263151e-02 -5.652247e-04
1.224824e+01 7.314235e-02 -1.130991e-03
1.224824e+01 1.025928e-01 -1.749734e-03
1.224824e+01 1.448116e-01 -2.890518e-03
1.224824e+01 2.023460e-01 -4.255709e-03
1.224824e+01 2.834245e-01 -6.071059e-03
1.224824e+01 3.967448e-01 -8.071304e-03
1.224824e+01 5.552783e-01 -1.005827e-02
1.224824e+01 7.774819e-01 -1.160985e-02
1.224824e+01 1.088445e+00 -1.263396e-02
1.224824e+01 1.523711e+00 -1.380498e-02
1.224824e+01 2.088426e+00 -1.525481e-02
1.224824e+01 2.685505e+00 -1.463963e-02
1.251320e+01 1.570796e-02 -4.248861e-05
1.251320e+01 2.346256e-02 -1.078463e-04
1.251320e+01 3.503514e-02 -2.355994e-04
1.251320e+01 5.263151e-02 -4.753492e-04
1.251320e+01 7.314235e-02 -9.512353e-04
1.251320e+01 1.025928e-01 -1.473994e-03
1.251320e+01 1.448116e-01 -2.43009e-03
1.251320e+01 2.023460e-01 -3.586784e-03
1.251320e+01 2.834245e-01 -5.125634e-03
1.251320e+01 3.967448e-01 -6.848256e-03
1.251320e+01 5.552783e-01 -8.612838e-03
1.251320e+01 7.774819e-01 -1.011396e-02
1.251320e+01 1.088445e+00 -1.120387e-02
1.251320e+01 1.523711e+00 -1.242370e-02
1.251320e+01 2.088426e+00 -1.383777e-02
1.251320e+01 2.685505e+00 -1.333363e-02
1.278347e+01 1.570796e-02 -3.562232e-05
1.278347e+01 2.346256e-02 -8.972803e-05
1.278347e+01 3.503514e-02 -1.964515e-04
1.278347e+01 5.263151e-02 -3.979267e-04
1.278347e+01 7.314235e-02 -7.954569e-04
1.278347e+01 1.025928e-01 -1.234477e-03
1.278347e+01 1.448116e-01 -2.028023e-03
1.278347e+01 2.023460e-01 -3.006077e-03
1.278347e+01 2.834245e-01 -4.300959e-03
1.278347e+01 3.967448e-01 -5.770618e-03
1.278347e+01 5.552783e-01 -7.317273e-03
1.278347e+01 7.774819e-01 -8.749598e-03
1.278347e+01 1.088445e+00 -9.860214e-03
1.278347e+01 1.523711e+00 -1.110304e-02
1.278347e+01 2.088426e+00 -1.247526e-02
1.278347e+01 2.685505e+00 -1.206446e-02
1.305914e+01 1.570796e-02 -3.005997e-05
1.305914e+01 2.346256e-02 -7.438091e-05
1.305914e+01 3.503514e-02 -1.636613e-04
1.305914e+01 5.263151e-02 -3.308782e-04
1.305914e+01 7.314235e-02 -6.59598e-04
1.305914e+01 1.025928e-01 -1.024759e-03
1.305914e+01 1.448116e-01 -1.687845e-03
1.305914e+01 2.023460e-01 -2.504536e-03
1.305914e+01 2.834245e-01 -3.589039e-03
1.305914e+01 3.967448e-01 -4.835956e-03
1.305914e+01 5.552783e-01 -6.188383e-03
1.305914e+01 7.774819e-01 -7.508015e-03
1.305914e+01 1.088445e+00 -8.607056e-03
1.305914e+01 1.523711e+00 -9.853164e-03
1.305914e+01 2.088426e+00 -1.117366e-02
1.305914e+01 2.685505e+00 -1.084436e-02
1.334032e+01 1.570796e-02 -2.471559e-05
1.334032e+01 2.346256e-02 -6.069129e-05
1.334032e+01 3.503514e-02 -1.346702e-04
1.334032e+01 5.263151e-02 -2.734029e-04
1.334032e+01 7.314235e-02 -5.463838e-04
1.334032e+01 1.025928e-01 -8.456847e-04
1.334032e+01 1.448116e-01 -1.393869e-03
1.334032e+01 2.023460e-01 -2.071493e-03
1.334032e+01 2.834245e-01 -2.973371e-03
1.334032e+01 3.967448e-01 -4.020302e-03
1.334032e+01 5.552783e-01 -5.185921e-03
1.334032e+01 7.774819e-01 -6.388771e-03
1.334032e+01 1.088445e+00 -7.465316e-03
1.334032e+01 1.523711e+00 -8.687134e-03
1.334032e+01 2.088426e+00 -9.975810e-03
1.334032e+01 2.685505e+00 -9.688187e-03
1.362713e+01 1.570796e-02 -2.042184e-05
1.362713e+01 2.346256e-02 -4.976360e-05
1.362713e+01 3.503514e-02 -1.114148e-04
1.362713e+01 5.263151e-02 -2.251893e-04
1.362713e+01 7.314235e-02 -4.477696e-04
1.362713e+01 1.025928e-01 -6.967001e-04
1.362713e+01 1.448116e-01 -1.143282e-03
1.362713e+01 2.023460e-01 -1.706847e-03
1.362713e+01 2.834245e-01 -2.449664e-03
1.362713e+01 3.967448e-01 -3.328311e-03
1.362713e+01 5.552783e-01 -4.325531e-03
1.362713e+01 7.774819e-01 -5.406612e-03
1.362713e+01 1.088445e+00 -6.428664e-03
1.362713e+01 1.523711e+00 -7.610472e-03
1.362713e+01 2.088426e+00 -8.816285e-03
1.362713e+01 2.685505e+00 -8.634929e-03
1.391967e+01 1.570796e-02 -1.687604e-05
1.391967e+01 2.346256e-02 -4.051788e-05
1.391967e+01 3.503514e-02 -9.170639e-05
1.391967e+01 5.263151e-02 -1.848908e-04
1.391967e+01 7.314235e-02 -3.660298e-04
1.391967e+01 1.025928e-01 -5.68576e-04
1.391967e+01 1.448116e-01 -9.365603e-04
1.391967e+01 2.023460e-01 -1.398873e-03
1.391967e+01 2.834245e-01 -2.010231e-03
1.391967e+01 3.967448e-01 -2.736257e-03
1.391967e+01 5.552783e-01 -3.592847e-03
1.391967e+01 7.774819e-01 -4.553136e-03
1.391967e+01 1.088445e+00 -5.508440e-03
1.391967e+01 1.523711e+00 -6.647418e-03
1.391967e+01 2.088426e+00 -7.77704e-03
1.391967e+01 2.685505e+00 -7.704456e-03
1.421806e+01 1.570796e-02 -1.402907e-05
1.421806e+01 2.346256e-02 -3.281469e-05
1.421806e+01 3.503514e-02 -7.398029e-05
1.421806e+01 5.263151e-02 -1.506816e-04
1.421806e+01 7.314235e-02 -2.980577e-04
1.421806e+01 1.025928e-01 -4.627988e-04
1.421806e+01 1.448116e-01 -7.642385e-04
1.421806e+01 2.023460e-01 -1.142685e-03
1.421806e+01 2.834245e-01 -1.639870e-03
1.421806e+01 3.967448e-01 -2.245818e-03
1.421806e+01 5.552783e-01 -2.969767e-03
1.421806e+01 7.774819e-01 -3.812818e-03
1.421806e+01 1.088445e+00 -4.695253e-03
1.421806e+01 1.523711e+00 -5.747023e-03
1.421806e+01 2.088426e+00 -6.833335e-03
1.421806e+01 2.685505e+00 -6.81503e-03
1.452242e+01 1.570796e-02 -1.131852e-05
1.452242e+01 2.346256e-02 -2.588761e-05
1.452242e+01 3.503514e-02 -5.975563e-05
1.452242e+01 5.263151e-02 -1.215401e-04
1.452242e+01 7.314235e-02 -2.403952e-04
1.452242e+01 1.025928e-01 -3.722318e-04
1.452242e+01 1.448116e-01 -6.176380e-04
1.452242e+01 2.023460e-01 -9.261514e-04
1.452242e+01 2.834245e-01 -1.329923e-03
1.452242e+01 3.967448e-01 -1.824544e-03
1.452242e+01 5.552783e-01 -2.431718e-03
1.452242e+01 7.774819e-01 -3.151579e-03
1.452242e+01 1.088445e+00 -3.962562e-03
1.452242e+01 1.523711e+00 -4.928516e-03
1.452242e+01 2.088426e+00 -5.932349e-03
1.452242e+01 2.685505e+00 -5.975821e-03
1.483287e+01 1.570796e-02 -9.031174e-06
1.483287e+01 2.346256e-02 -2.060202e-05
1.483287e+01 3.503514e-02 -4.819343e-05
1.483287e+01 5.263151e-02 -9.758227e-05
1.483287e+01 7.314235e-02 -1.934848e-04
1.483287e+01 1.025928e-01 -3.006346e-04
1.483287e+01 1.448116e-01 -4.974646e-04
1.483287e+01 2.023460e-01 -7.476040e-04
1.483287e+01 2.834245e-01 -1.071856e-03
1.483287e+01 3.967448e-01 -1.477506e-03
1.483287e+01 5.552783e-01 -1.983793e-03
1.483287e+01 7.774819e-01 -2.604583e-03
1.483287e+01 1.088445e+00 -3.324340e-03
1.483287e+01 1.523711e+00 -4.206817e-03
1.483287e+01 2.088426e+00 -5.118862e-03
1.483287e+01 2.685505e+00 -5.211563e-03
1.514953e+01 1.570796e-02 -7.409669e-06
1.514953e+01 2.346256e-02 -1.606281e-05
1.514953e+01 3.503514e-02 -3.85232e-05
1.514953e+01 5.263151e-02 -7.807215e-05
1.514953e+01 7.314235e-02 -1.550051e-04
1.514953e+01 1.025928e-01 -2.405205e-04
1.514953e+01 1.448116e-01 -3.995621e-04
1.514953e+01 2.023460e-01 -6.006655e-04
1.514953e+01 2.834245e-01 -8.589571e-04
1.514953e+01 3.967448e-01 -1.189961e-03
1.514953e+01 5.552783e-01 -1.607516e-03
1.514953e+01 7.774819e-01 -2.136960e-03
1.514953e+01 1.088445e+00 -2.776627e-03
1.514953e+01 1.523711e+00 -3.577103e-03
1.514953e+01 2.088426e+00 -4.409282e-03
1.514953e+01 2.685505e+00 -4.532853e-03
1.547252e+01 1.570796e-02 -5.975898e-06
1.547252e+01 2.346256e-02 -1.292257e-05
1.547252e+01 3.503514e-02 -3.090188e-05
1.547252e+01 5.263151e-02 -6.212352e-05
1.547252e+01 7.314235e-02 -1.241911e-04
1.547252e+01 1.025928e-01 -1.927895e-04
1.547252e+01 1.448116e-01 -3.203093e-04
1.547252e+01 2.023460e-01 -4.801815e-04
1.547252e+01 2.834245e-01 -6.875596e-04
1.547252e+01 3.967448e-01 -9.544863e-04
1.547252e+01 5.552783e-01 -1.299764e-03
1.547252e+01 7.774819e-01 -1.74336e-03
1.547252e+01 1.088445e+00 -2.302284e-03
1.547252e+01 1.523711e+00 -3.016257e-03
1.547252e+01 2.088426e+00 -3.764305e-03
1.547252e+01 2.685505e+00 -3.907278e-03
1.580197e+01 1.570796e-02 -4.825243e-06
1.580197e+01 2.346256e-02 -1.028820e-05
1.580197e+01 3.503514e-02 -2.478951e-05
1.580197e+01 5.263151e-02 -4.813322e-05
1.580197e+01 7.314235e-02 -9.897727e-05
1.580197e+01 1.025928e-01 -1.528583e-04
1.580197e+01 1.448116e-01 -2.525615e-04
1.580197e+01 2.023460e-01 -3.817263e-04
1.580197e+01 2.834245e-01 -5.462703e-04
1.580197e+01 3.967448e-01 -7.605332e-04
1.580197e+01 5.552783e-01 -1.043788e-03
1.580197e+01 7.774819e-01 -1.411164e-03
1.580197e+01 1.088445e+00 -1.894324e-03
1.580197e+01 1.523711e+00 -2.519087e-03
1.580197e+01 2.088426e+00 -3.180397e-03
1.580197e+01 2.685505e+00 -3.306423e-03
1.613801e+01 1.570796e-02 -3.756859e-06
1.613801e+01 2.346256e-02 -7.987442e-06
1.613801e+01 3.503514e-02 -1.964703e-05
1.613801e+01 5.263151e-02 -3.752847e-05
1.613801e+01 7.314235e-02 -7.650126e-05
1.613801e+01 1.025928e-01 -1.195098e-04
1.613801e+01 1.448116e-01 -1.991355e-04
1.613801e+01 2.023460e-01 -2.993826e-04
1.613801e+01 2.834245e-01 -4.291912e-04
1.613801e+01 3.967448e-01 -6.010485e-04
1.613801e+01 5.552783e-01 -8.276982e-04
1.613801e+01 7.774819e-01 -1.132169e-03
1.613801e+01 1.088445e+00 -1.547573e-03
1.613801e+01 1.523711e+00 -2.088443e-03
1.613801e+01 2.088426e+00 -2.670067e-03
1.613801e+01 2.685505e+00 -2.784881e-03
1.648077e+01 1.570796e-02 -2.979276e-06
1.648077e+01 2.346256e-02 -6.295881e-06
1.648077e+01 3.503514e-02 -1.556783e-05
1.648077e+01 5.263151e-02 -2.947766e-05
1.648077e+01 7.314235e-02 -6.056224e-05
1.648077e+01 1.025928e-01 -9.335276e-05
1.648077e+01 1.448116e-01 -1.569204e-04
1.648077e+01 2.023460e-01 -2.361566e-04
1.648077e+01 2.834245e-01 -3.383745e-04
1.648077e+01 3.967448e-01 -4.739573e-04
1.648077e+01 5.552783e-01 -6.581307e-04
1.648077e+01 7.774819e-01 -9.088107e-04
1.648077e+01 1.088445e+00 -1.257844e-03
1.648077e+01 1.523711e+00 -1.719252e-03
1.648077e+01 2.088426e+00 -2.219143e-03
1.648077e+01 2.685505e+00 -2.330104e-03
1.683038e+01 1.570796e-02 -2.373684e-06
1.683038e+01 2.346256e-02 -4.716559e-06
1.683038e+01 3.503514e-02 -1.228890e-05
1.683038e+01 5.263151e-02 -2.304061e-05
1.683038e+01 7.314235e-02 -4.683278e-05
1.683038e+01 1.025928e-01 -7.277533e-05
1.683038e+01 1.448116e-01 -1.230711e-04
1.683038e+01 2.023460e-01 -1.834989e-04
1.683038e+01 2.834245e-01 -2.651572e-04
1.683038e+01 3.967448e-01 -3.717651e-04
1.683038e+01 5.552783e-01 -5.180302e-04
1.683038e+01 7.774819e-01 -7.232431e-04
1.683038e+01 1.088445e+00 -1.013697e-03
1.683038e+01 1.523711e+00 -1.410889e-03
1.683038e+01 2.088426e+00 -1.837246e-03
1.683038e+01 2.685505e+00 -1.946078e-03
1.718699e+01 1.570796e-02 -1.916395e-06
1.718699e+01 2.346256e-02 -3.686403e-06
1.718699e+01 3.503514e-02 -9.467539e-06
1.718699e+01 5.263151e-02 -1.798204e-05
1.718699e+01 7.314235e-02 -3.580432e-05
1.718699e+01 1.025928e-01 -5.606985e-05
1.718699e+01 1.448116e-01 -9.476643e-05
1.718699e+01 2.023460e-01 -1.424346e-04
1.718699e+01 2.834245e-01 -2.048391e-04
1.718699e+01 3.967448e-01 -2.895566e-04
1.718699e+01 5.552783e-01 -4.048272e-04
1.718699e+01 7.774819e-01 -5.714519e-04
1.718699e+01 1.088445e+00 -8.085504e-04
1.718699e+01 1.523711e+00 -1.137016e-03
1.718699e+01 2.088426e+00 -1.49577e-03
1.718699e+01 2.685505e+00 -1.586826e-03
1.755073e+01 1.570796e-02 -1.516678e-06
1.755073e+01 2.346256e-02 -2.732726e-06
1.755073e+01 3.503514e-02 -7.250926e-06
1.755073e+01 5.263151e-02 -1.385914e-05
1.755073e+01 7.314235e-02 -2.772344e-05
1.755073e+01 1.025928e-01 -4.263932e-05
1.755073e+01 1.448116e-01 -7.214975e-05
1.755073e+01 2.023460e-01 -1.091855e-04
1.755073e+01 2.834245e-01 -1.580189e-04
1.755073e+01 3.967448e-01 -2.234978e-04
1.755073e+01 5.552783e-01 -3.142015e-04
1.755073e+01 7.774819e-01 -4.497237e-04
1.755073e+01 1.088445e+00 -6.390068e-04
1.755073e+01 1.523711e+00 -9.086906e-04
1.755073e+01 2.088426e+00 -1.204371e-03
1.755073e+01 2.685505e+00 -1.286911e-03
1.792175e+01 1.570796e-02 -1.168358e-06
1.792175e+01 2.346256e-02 -1.982208e-06
1.792175e+01 3.503514e-02 -5.594458e-06
1.792175e+01 5.263151e-02 -1.066294e-05
1.792175e+01 7.314235e-02 -2.079765e-05
1.792175e+01 1.025928e-01 -3.228422e-05
1.792175e+01 1.448116e-01 -5.442061e-05
1.792175e+01 2.023460e-01 -8.288788e-05
1.792175e+01 2.834245e-01 -1.200170e-04
1.792175e+01 3.967448e-01 -1.687835e-04
1.792175e+01 5.552783e-01 -2.41025e-04
1.792175e+01 7.774819e-01 -3.493015e-04
1.792175e+01 1.088445e+00 -4.991909e-04
1.792175e+01 1.523711e+00 -7.166601e-04
1.792175e+01 2.088426e+00 -9.560749e-04
1.792175e+01 2.685505e+00 -1.010623e-03
1.830018e+01 1.570796e-02 -9.098374e-07
1.830018e+01 2.346256e-02 -1.436693e-06
1.830018e+01 3.503514e-02 -4.266732e-06
1.830018e+01 5.263151e-02 -8.049573e-06
1.830018e+01 7.314235e-02 -1.571150e-05
1.830018e+01 1.025928e-01 -2.430686e-05
1.830018e+01 1.448116e-01 -4.0765e-05
1.830018e+01 2.023460e-01 -6.211496e-05
1.830018e+01 2.834245e-01 -8.952582e-05
1.830018e+01 3.967448e-01 -1.269156e-04
1.830018e+01 5.552783e-01 -1.820679e-04
1.830018e+01 7.774819e-01 -2.683253e-04
1.830018e+01 1.088445e+00 -3.848277e-04
1.830018e+01 1.523711e+00 -5.584872e-04
1.830018e+01 2.088426e+00 -7.471672e-04
1.830018e+01 2.685505e+00 -7.92268e-04
1.868618e+01 1.570796e-02 -6.714476e-07
1.868618e+01 2.346256e-02 -1.061126e-06
1.868618e+01 3.503514e-02 -3.025774e-06
1.868618e+01 5.263151e-02 -5.968631e-06
1.868618e+01 7.314235e-02 -1.165341e-05
1.868618e+01 1.025928e-01 -1.781219e-05
1.868618e+01 1.448116e-01 -3.030141e-05
1.868618e+01 2.023460e-01 -4.588622e-05
1.868618e+01 2.834245e-01 -6.595471e-05
1.868618e+01 3.967448e-01 -9.458161e-05
1.868618e+01 5.552783e-01 -1.361906e-04
1.868618e+01 7.774819e-01 -2.017041e-04
1.868618e+01 1.088445e+00 -2.919193e-04
1.868618e+01 1.523711e+00 -4.250862e-04
1.868618e+01 2.088426e+00 -5.714635e-04
1.868618e+01 2.685505e+00 -6.046091e-04
1.907991e+01 1.570796e-02 -5.090435e-07
1.907991e+01 2.346256e-02 -7.211758e-07
1.907991e+01 3.503514e-02 -2.145459e-06
1.907991e+01 5.263151e-02 -4.397628e-06
1.907991e+01 7.314235e-02 -8.335464e-06
1.907991e+01 1.025928e-01 -1.274601e-05
1.907991e+01 1.448116e-01 -2.193509e-05
1.907991e+01 2.023460e-01 -3.358890e-05
1.907991e+01 2.834245e-01 -4.776533e-05
1.907991e+01 3.967448e-01 -6.884776e-05
1.907991e+01 5.552783e-01 -9.9765e-05
1.907991e+01 7.774819e-01 -1.497813e-04
1.907991e+01 1.088445e+00 -2.161809e-04
1.907991e+01 1.523711e+00 -3.158595e-04
1.907991e+01 2.088426e+00 -4.264807e-04
1.907991e+01 2.685505e+00 -4.477544e-04
1.948151e+01 1.570796e-02 -3.660527e-07
1.948151e+01 2.346256e-02 -5.313105e-07
1.948151e+01 3.503514e-02 -1.478426e-06
1.948151e+01 5.263151e-02 -3.125199e-06
1.948151e+01 7.314235e-02 -5.977446e-06
1.948151e+01 1.025928e-01 -8.919734e-06
1.948151e+01 1.448116e-01 -1.558846e-05
1.948151e+01 2.023460e-01 -2.390714e-05
1.948151e+01 2.834245e-01 -3.417806e-05
1.948151e+01 3.967448e-01 -4.941544e-05
1.948151e+01 5.552783e-01 -7.215361e-05
1.948151e+01 7.774819e-01 -1.086152e-04
1.948151e+01 1.088445e+00 -1.570475e-04
1.948151e+01 1.523711e+00 -2.288119e-04
1.948151e+01 2.088426e+00 -3.112303e-04
1.948151e+01 2.685505e+00 -3.28702e-04
1.989114e+01 1.570796e-02 -2.733747e-07
1.989114e+01 2.346256e-02 -3.533927e-07
1.989114e+01 3.503514e-02 -1.067119e-06
1.989114e+01 5.263151e-02 -2.145861e-06
1.989114e+01 7.314235e-02 -4.074511e-06
1.989114e+01 1.025928e-01 -6.176997e-06
1.989114e+01 1.448116e-01 -1.099517e-05
1.989114e+01 2.023460e-01 -1.68678e-05
1.989114e+01 2.834245e-01 -2.386434e-05
1.989114e+01 3.967448e-01 -3.492147e-05
1.989114e+01 5.552783e-01 -5.144112e-05
1.989114e+01 7.774819e-01 -7.818462e-05
1.989114e+01 1.088445e+00 -1.127676e-04
1.989114e+01 1.523711e+00 -1.646826e-04
1.989114e+01 2.088426e+00 -2.246872e-04
1.989114e+01 2.685505e+00 -2.376082e-04
2.030896e+01 1.570796e-02 -1.794575e-07
2.030896e+01 2.346256e-02 -2.278526e-07
2.030896e+01 3.503514e-02 -7.163413e-07
2.030896e+01 5.263151e-02 -1.431437e-06
2.030896e+01 7.314235e-02 -2.720445e-06
2.030896e+01 1.025928e-01 -4.134371e-06
2.030896e+01 1.448116e-01 -7.409606e-06
2.030896e+01 2.023460e-01 -1.159202e-05
2.030896e+01 2.834245e-01 -1.621305e-05
2.030896e+01 3.967448e-01 -2.390707e-05
2.030896e+01 5.552783e-01 -3.570693e-05
2.030896e+01 7.774819e-01 -5.420277e-05
2.030896e+01 1.088445e+00 -7.803712e-05
2.030896e+01 1.523711e+00 -1.150385e-04
2.030896e+01 2.088426e+00 -1.581289e-04
2.030896e+01 2.685505e+00 -1.677621e-04
2.073514e+01 1.570796e-02 -1.232409e-07
2.073514e+01 2.346256e-02 -1.284731e-07
2.073514e+01 3.503514e-02 -5.018007e-07
2.073514e+01 5.263151e-02 -9.415e-07
2.073514e+01 7.314235e-02 -1.84375e-06
2.073514e+01 1.025928e-01 -2.753918e-06
2.073514e+01 1.448116e-01 -4.901715e-06
2.073514e+01 2.023460e-01 -7.663251e-06
2.073514e+01 2.834245e-01 -1.081125e-05
2.073514e+01 3.967448e-01 -1.624475e-05
2.073514e+01 5.552783e-01 -2.408890e-05
2.073514e+01 7.774819e-01 -3.681766e-05
2.073514e+01 1.088445e+00 -5.290689e-05
2.073514e+01 1.523711e+00 -7.784782e-05
2.073514e+01 2.088426e+00 -1.088589e-04
2.073514e+01 2.685505e+00 -1.167872e-04
2.116984e+01 1.570796e-02 -7.957717e-08
2.116984e+01 2.346256e-02 -8.164798e-08
2.116984e+01 3.503514e-02 -3.264286e-07
2.116984e+01 5.263151e-02 -5.997464e-07
2.116984e+01 7.314235e-02 -1.191366e-06
2.116984e+01 1.025928e-01 -1.817291e-06
2.116984e+01 1.448116e-01 -3.226640e-06
2.116984e+01 2.023460e-01 -4.942272e-06
2.116984e+01 2.834245e-01 -7.065809e-06
2.116984e+01 3.967448e-01 -1.067089e-05
2.116984e+01 5.552783e-01 -1.593401e-05
2.116984e+01 7.774819e-01 -2.450898e-05
2.116984e+01 1.088445e+00 -3.547021e-05
2.116984e+01 1.523711e+00 -5.186864e-05
2.116984e+01 2.088426e+00 -7.337349e-05
2.116984e+01 2.685505e+00 -8.081162e-05
2.161324e+01 1.570796e-02 -4.924767e-08
2.161324e+01 2.346256e-02 -4.573224e-08
2.161324e+01 3.503514e-02 -2.195073e-07
2.161324e+01 5.263151e-02 -3.67556e-07
2.161324e+01 7.314235e-02 -7.304946e-07
2.161324e+01 1.025928e-01 -1.134757e-06
2.161324e+01 1.448116e-01 -2.099716e-06
2.161324e+01 2.023460e-01 -3.18383e-06
2.161324e+01 2.834245e-01 -4.551507e-06
2.161324e+01 3.967448e-01 -6.924851e-06
2.161324e+01 5.552783e-01 -1.060463e-05
2.161324e+01 7.774819e-01 -1.619781e-05
2.161324e+01 1.088445e+00 -2.33561e-05
2.161324e+01 1.523711e+00 -3.426301e-05
2.161324e+01 2.088426e+00 -4.861731e-05
2.161324e+01 2.685505e+00 -5.376097e-05
2.206550e+01 1.570796e-02 -3.354619e-08
2.206550e+01 2.346256e-02 -2.257899e-08
2.206550e+01 3.503514e-02 -1.309528e-07
2.206550e+01 5.263151e-02 -2.250044e-07
2.206550e+01 7.314235e-02 -4.366317e-07
2.206550e+01 1.025928e-01 -6.822234e-07
2.206550e+01 1.448116e-01 -1.301044e-06
2.206550e+01 2.023460e-01 -2.028744e-06
2.206550e+01 2.834245e-01 -2.84243e-06
2.206550e+01 3.967448e-01 -4.349393e-06
2.206550e+01 5.552783e-01 -6.692121e-06
2.206550e+01 7.774819e-01 -1.03274e-05
2.206550e+01 1.088445e+00 -1.488384e-05
2.206550e+01 1.523711e+00 -2.212192e-05
2.206550e+01 2.088426e+00 -3.139694e-05
2.206550e+01 2.685505e+00 -3.331718e-05
2.252681e+01 1.570796e-02 -2.121979e-08
2.252681e+01 2.346256e-02 -1.299971e-08
2.252681e+01 3.503514e-02 -7.691692e-08
2.252681e+01 5.263151e-02 -1.366549e-07
2.252681e+01 7.314235e-02 -2.826508e-07
2.252681e+01 1.025928e-01 -4.32108e-07
2.252681e+01 1.448116e-01 -8.006005e-07
2.252681e+01 2.023460e-01 -1.259426e-06
2.252681e+01 2.834245e-01 -1.748531e-06
2.252681e+01 3.967448e-01 -2.679892e-06
2.252681e+01 5.552783e-01 -4.173733e-06
2.252681e+01 7.774819e-01 -6.423163e-06
2.252681e+01 1.088445e+00 -9.449842e-06
2.252681e+01 1.523711e+00 -1.444289e-05
2.252681e+01 2.088426e+00 -2.011811e-05
2.252681e+01 2.685505e+00 -2.10381e-05
2.299735e+01 1.570796e-02 4.467285e-10
2.299735e+01 2.346256e-02 1.135593e-09
2.299735e+01 3.503514e-02 2.300127e-09
2.299735e+01 5.263151e-02 4.712875e-09
2.299735e+01 7.314235e-02 9.853409e-09
2.299735e+01 1.025928e-01 1.469238e-08
2.299735e+01 1.448116e-01 2.494269e-08
2.299735e+01 2.023460e-01 3.647756e-08
2.299735e+01 2.834245e-01 5.3242e-08
2.299735e+01 3.967448e-01 7.549659e-08
2.299735e+01 5.552783e-01 1.057496e-07
2.299735e+01 7.774819e-01 1.384405e-07
2.299735e+01 1.088445e+00 1.563316e-07
2.299735e+01 1.523711e+00 1.407857e-07
2.299735e+01 2.088426e+00 9.888037e-08
2.299735e+01 2.685505e+00 5.103383e-08
2.34773e+01 1.570796e-02 4.195610e-10
2.34773e+01 2.346256e-02 1.064893e-09
2.34773e+01 3.503514e-02 2.159848e-09
2.34773e+01 5.263151e-02 4.420276e-09
2.34773e+01 7.314235e-02 9.250443e-09
2.34773e+01 1.025928e-01 1.378792e-08
2.34773e+01 1.448116e-01 2.343289e-08
2.34773e+01 2.023460e-01 3.436432e-08
2.34773e+01 2.834245e-01 5.041220e-08
2.34773e+01 3.967448e-01 7.197005e-08
2.34773e+01 5.552783e-01 1.01482e-07
2.34773e+01 7.774819e-01 1.336009e-07
2.34773e+01 1.088445e+00 1.51921e-07
2.34773e+01 1.523711e+00 1.383793e-07
2.34773e+01 2.088426e+00 9.864312e-08
2.34773e+01 2.685505e+00 5.124903e-08
2.396684e+01 1.570796e-02 3.926356e-10
2.396684e+01 2.346256e-02 9.95903e-10
2.396684e+01 3.503514e-02 2.022132e-09
2.396684e+01 5.263151e-02 4.134027e-09
2.396684e+01 7.314235e-02 8.657465e-09
2.396684e+01 1.025928e-01 1.290290e-08
2.396684e+01 1.448116e-01 2.195787e-08
2.396684e+01 2.023460e-01 3.229380e-08
2.396684e+01 2.834245e-01 4.762037e-08
2.396684e+01 3.967448e-01 6.845929e-08
2.396684e+01 5.552783e-01 9.718225e-08
2.396684e+01 7.774819e-01 1.285933e-07
2.396684e+01 1.088445e+00 1.47249e-07
2.396684e+01 1.523711e+00 1.360337e-07
2.396684e+01 2.088426e+00 9.869529e-08
2.396684e+01 2.685505e+00 5.145801e-08
2.446618e+01 1.570796e-02 3.662491e-10
2.446618e+01 2.346256e-02 9.287669e-10
2.446618e+01 3.503514e-02 1.887058e-09
2.446618e+01 5.263151e-02 3.85386e-09
2.446618e+01 7.314235e-02 8.079701e-09
2.446618e+01 1.025928e-01 1.203600e-08
2.446618e+01 1.448116e-01 2.051508e-08
2.446618e+01 2.023460e-01 3.026538e-08
2.446618e+01 2.834245e-01 4.488128e-08
2.446618e+01 3.967448e-01 6.496331e-08
2.446618e+01 5.552783e-01 9.277581e-08
2.446618e+01 7.774819e-01 1.234431e-07
2.446618e+01 1.088445e+00 1.423675e-07
2.446618e+01 1.523711e+00 1.334992e-07
2.446618e+01 2.088426e+00 9.867751e-08
2.446618e+01 2.685505e+00 5.162447e-08
2.497550e+01 1.570796e-02 3.404077e-10
2.497550e+01 2.346256e-02 8.633845e-10
2.497550e+01 3.503514e-02 1.754779e-09
2.497550e+01 5.263151e-02 3.580783e-09
2.497550e+01 7.314235e-02 7.513534e-09
2.497550e+01 1.025928e-01 1.118827e-08
2.497550e+01 1.448116e-01 1.910536e-08
2.497550e+01 2.023460e-01 2.828056e-08
2.497550e+01 2.834245e-01 4.217772e-08
2.497550e+01 3.967448e-01 6.146230e-08
2.497550e+01 5.552783e-01 8.830011e-08
2.497550e+01 7.774819e-01 1.180601e-07
2.497550e+01 1.088445e+00 1.373318e-07
2.497550e+01 1.523711e+00 1.308133e-07
2.497550e+01 2.088426e+00 9.878344e-08
2.497550e+01 2.685505e+00 5.219951e-08
2.549501e+01 1.570796e-02 3.153242e-10
2.549501e+01 2.346256e-02 8.005696e-10
2.549501e+01 3.503514e-02 1.62562e-09
2.549501e+01 5.263151e-02 3.315328e-09
2.549501e+01 7.314235e-02 6.961541e-09
2.549501e+01 1.025928e-01 1.036557e-08
2.549501e+01 1.448116e-01 1.772745e-08
2.549501e+01 2.023460e-01 2.634552e-08
2.549501e+01 2.834245e-01 3.952264e-08
2.549501e+01 3.967448e-01 5.796858e-08
2.549501e+01 5.552783e-01 8.373988e-08
2.549501e+01 7.774819e-01 1.125449e-07
2.549501e+01 1.088445e+00 1.319736e-07
2.549501e+01 1.523711e+00 1.279687e-07
2.549501e+01 2.088426e+00 9.876950e-08
2.549501e+01 2.685505e+00 5.293362e-08
2.602491e+01 1.570796e-02 2.907665e-10
2.602491e+01 2.346256e-02 7.388573e-10
2.602491e+01 3.503514e-02 1.499502e-09
2.602491e+01 5.263151e-02 3.056905e-09
2.602491e+01 7.314235e-02 6.424536e-09
2.602491e+01 1.025928e-01 9.566409e-09
2.602491e+01 1.448116e-01 1.638827e-08
2.602491e+01 2.023460e-01 2.445502e-08
2.602491e+01 2.834245e-01 3.69021e-08
2.602491e+01 3.967448e-01 5.445563e-08
2.602491e+01 5.552783e-01 7.906761e-08
2.602491e+01 7.774819e-01 1.068050e-07
2.602491e+01 1.088445e+00 1.2642e-07
2.602491e+01 1.523711e+00 1.248712e-07
2.602491e+01 2.088426e+00 9.882923e-08
2.602491e+01 2.685505e+00 5.416370e-08
2.656541e+01 1.570796e-02 2.669967e-10
2.656541e+01 2.346256e-02 6.788003e-10
2.656541e+01 3.503514e-02 1.376853e-09
2.656541e+01 5.263151e-02 2.805486e-09
2.656541e+01 7.314235e-02 5.902474e-09
2.656541e+01 1.025928e-01 8.788173e-09
2.656541e+01 1.448116e-01 1.508262e-08
2.656541e+01 2.023460e-01 2.260869e-08
2.656541e+01 2.834245e-01 3.431259e-08
2.656541e+01 3.967448e-01 5.092353e-08
2.656541e+01 5.552783e-01 7.429839e-08
2.656541e+01 7.774819e-01 1.008847e-07
2.656541e+01 1.088445e+00 1.205828e-07
2.656541e+01 1.523711e+00 1.215082e-07
2.656541e+01 2.088426e+00 9.87354e-08
2.656541e+01 2.685505e+00 5.571111e-08
2.711672e+01 1.570796e-02 2.438579e-10
2.711672e+01 2.346256e-02 6.20675e-10
2.711672e+01 3.503514e-02 1.257533e-09
2.711672e+01 5.263151e-02 2.561829e-09
2.711672e+01 7.314235e-02 5.393307e-09
2.711672e+01 1.025928e-01 8.033708e-09
2.711672e+01 1.448116e-01 1.380675e-08
2.711672e+01 2.023460e-01 2.079751e-08
2.711672e+01 2.834245e-01 3.174023e-08
2.711672e+01 3.967448e-01 4.735012e-08
2.711672e+01 5.552783e-01 6.941163e-08
2.711672e+01 7.774819e-01 9.476658e-08
2.711672e+01 1.088445e+00 1.144389e-07
2.711672e+01 1.523711e+00 1.177792e-07
2.711672e+01 2.088426e+00 9.85467e-08
2.711672e+01 2.685505e+00 5.78785e-08
2.767905e+01 1.570796e-02 2.212186e-10
2.767905e+01 2.346256e-02 5.639163e-10
2.767905e+01 3.503514e-02 1.140417e-09
2.767905e+01 5.263151e-02 2.324274e-09
2.767905e+01 7.314235e-02 4.896948e-09
2.767905e+01 1.025928e-01 7.298583e-09
2.767905e+01 1.448116e-01 1.256104e-08
2.767905e+01 2.023460e-01 1.901596e-08
2.767905e+01 2.834245e-01 2.91759e-08
2.767905e+01 3.967448e-01 4.374226e-08
2.767905e+01 5.552783e-01 6.442281e-08
2.767905e+01 7.774819e-01 8.848457e-08
2.767905e+01 1.088445e+00 1.080019e-07
2.767905e+01 1.523711e+00 1.136697e-07
2.767905e+01 2.088426e+00 9.818986e-08
2.767905e+01 2.685505e+00 6.033408e-08
2.825263e+01 1.570796e-02 1.992122e-10
2.825263e+01 2.346256e-02 5.084122e-10
2.825263e+01 3.503514e-02 1.026898e-09
2.825263e+01 5.263151e-02 2.093249e-09
2.825263e+01 7.314235e-02 4.413312e-09
2.825263e+01 1.025928e-01 6.581885e-09
2.825263e+01 1.448116e-01 1.134313e-08
2.825263e+01 2.023460e-01 1.72625e-08
2.825263e+01 2.834245e-01 2.662238e-08
2.825263e+01 3.967448e-01 4.009643e-08
2.825263e+01 5.552783e-01 5.932302e-08
2.825263e+01 7.774819e-01 8.192763e-08
2.825263e+01 1.088445e+00 1.011932e-07
2.825263e+01 1.523711e+00 1.089689e-07
2.825263e+01 2.088426e+00 9.747066e-08
2.825263e+01 2.685505e+00 6.311328e-08
2.883769e+01 1.570796e-02 1.777652e-10
2.883769e+01 2.346256e-02 4.546522e-10
2.883769e+01 3.503514e-02 9.15965e-10
2.883769e+01 5.263151e-02 1.868203e-09
2.883769e+01 7.314235e-02 3.942602e-09
2.883769e+01 1.025928e-01 5.883351e-09
2.883769e+01 1.448116e-01 1.015434e-08
2.883769e+01 2.023460e-01 1.552827e-08
2.883769e+01 2.834245e-01 2.407394e-08
2.883769e+01 3.967448e-01 3.641695e-08
2.883769e+01 5.552783e-01 5.40995e-08
2.883769e+01 7.774819e-01 7.516860e-08
2.883769e+01 1.088445e+00 9.397325e-08
2.883769e+01 1.523711e+00 1.036385e-07
2.883769e+01 2.088426e+00 9.625495e-08
2.883769e+01 2.685505e+00 6.63657e-08
2.943444e+01 1.570796e-02 1.568028e-10
2.943444e+01 2.346256e-02 4.018364e-10
2.943444e+01 3.503514e-02 8.082314e-10
2.943444e+01 5.263151e-02 1.649276e-09
2.943444e+01 7.314235e-02 3.484320e-09
2.943444e+01 1.025928e-01 5.202455e-09
2.943444e+01 1.448116e-01 8.989286e-09
2.943444e+01 2.023460e-01 1.382236e-08
2.943444e+01 2.834245e-01 2.152931e-08
2.943444e+01 3.967448e-01 3.268886e-08
2.943444e+01 5.552783e-01 4.876833e-08
2.943444e+01 7.774819e-01 6.814011e-08
2.943444e+01 1.088445e+00 8.629864e-08
2.943444e+01 1.523711e+00 9.751604e-08
2.943444e+01 2.088426e+00 9.433992e-08
2.943444e+01 2.685505e+00 6.958482e-08
3.004313e+01 1.570796e-02 1.364406e-10
3.004313e+01 2.346256e-02 3.503555e-10
3.004313e+01 3.503514e-02 7.030698e-10
3.004313e+01 5.263151e-02 1.435593e-09
3.004313e+01 7.314235e-02 3.035422e-09
3.004313e+01 1.025928e-01 4.537304e-09
3.004313e+01 1.448116e-01 7.851934e-09
3.004313e+01 2.023460e-01 1.213044e-08
3.004313e+01 2.834245e-01 1.898062e-08
3.004313e+01 3.967448e-01 2.891978e-08
3.004313e+01 5.552783e-01 4.331183e-08
3.004313e+01 7.774819e-01 6.089240e-08
3.004313e+01 1.088445e+00 7.809418e-08
3.004313e+01 1.523711e+00 9.06243e-08
3.004313e+01 2.088426e+00 9.149186e-08
3.004313e+01 2.685505e+00 7.268171e-08
3.066399e+01 1.570796e-02 1.166004e-10
3.066399e+01 2.346256e-02 3.001217e-10
3.066399e+01 3.503514e-02 6.003342e-10
3.066399e+01 5.263151e-02 1.227461e-09
3.066399e+01 7.314235e-02 2.598128e-09
3.066399e+01 1.025928e-01 3.888707e-09
3.066399e+01 1.448116e-01 6.73752e-09
3.066399e+01 2.023460e-01 1.045809e-08
3.066399e+01 2.834245e-01 1.642929e-08
3.066399e+01 3.967448e-01 2.511071e-08
3.066399e+01 5.552783e-01 3.775686e-08
3.066399e+01 7.774819e-01 5.339091e-08
3.066399e+01 1.088445e+00 6.938126e-08
3.066399e+01 1.523711e+00 8.262527e-08
3.066399e+01 2.088426e+00 8.737321e-08
3.066399e+01 2.685505e+00 7.522193e-08
3.129727e+01 1.570796e-02 9.716442e-11
3.129727e+01 2.346256e-02 2.510267e-10
3.129727e+01 3.503514e-02 5.004388e-10
3.129727e+01 5.263151e-02 1.024232e-09
3.129727e+01 7.314235e-02 2.171160e-09
3.129727e+01 1.025928e-01 3.254208e-09
3.129727e+01 1.448116e-01 5.643699e-09
3.129727e+01 2.023460e-01 8.800624e-09
3.129727e+01 2.834245e-01 1.388096e-08
3.129727e+01 3.967448e-01 2.126905e-08
3.129727e+01 5.552783e-01 3.209764e-08
3.129727e+01 7.774819e-01 4.565603e-08
3.129727e+01 1.088445e+00 6.014633e-08
3.129727e+01 1.523711e+00 7.356167e-08
3.129727e+01 2.088426e+00 8.169126e-08
3.129727e+01 2.685505e+00 7.642141e-08
3.194322e+01 1.570796e-02 7.836447e-11
3.194322e+01 2.346256e-02 2.027928e-10
3.194322e+01 3.503514e-02 4.032287e-10
3.194322e+01 5.263151e-02 8.263254e-10
3.194322e+01 7.314235e-02 1.754019e-09
3.194322e+01 1.025928e-01 2.632296e-09
3.194322e+01 1.448116e-01 4.56929e-09
3.194322e+01 2.023460e-01 7.158542e-09
3.194322e+01 2.834245e-01 1.133106e-08
3.194322e+01 3.967448e-01 1.739477e-08
3.194322e+01 5.552783e-01 2.634283e-08
3.194322e+01 7.774819e-01 3.766567e-08
3.194322e+01 1.088445e+00 5.03084e-08
3.194322e+01 1.523711e+00 6.324365e-08
3.194322e+01 2.088426e+00 7.402952e-08
3.194322e+01 2.685505e+00 7.551111e-08
3.260208e+01 1.570796e-02 6.003939e-11
3.260208e+01 2.346256e-02 1.557363e-10
3.260208e+01 3.503514e-02 3.086454e-10
3.260208e+01 5.263151e-02 6.337472e-10
3.260208e+01 7.314235e-02 1.346714e-09
3.260208e+01 1.025928e-01 2.022970e-09
3.260208e+01 1.448116e-01 3.517681e-09
3.260208e+01 2.023460e-01 5.534048e-09
3.260208e+01 2.834245e-01 8.788396e-09
3.260208e+01 3.967448e-01 1.351121e-08
3.260208e+01 5.552783e-01 2.052247e-08
3.260208e+01 7.774819e-01 2.948695e-08
3.260208e+01 1.088445e+00 3.99069e-08
3.260208e+01 1.523711e+00 5.162581e-08
3.260208e+01 2.088426e+00 6.383241e-08
3.260208e+01 2.685505e+00 7.085616e-08
3.327412e+01 1.570796e-02 4.194084e-11
3.327412e+01 2.346256e-02 1.092836e-10
3.327412e+01 3.503514e-02 2.154092e-10
3.327412e+01 5.263151e-02 4.431295e-10
3.327412e+01 7.314235e-02 9.432357e-10
3.327412e+01 1.025928e-01 1.419614e-09
3.327412e+01 1.448116e-01 2.471528e-09
3.327412e+01 2.023460e-01 3.904814e-09
3.327412e+01 2.834245e-01 6.223496e-09
3.327412e+01 3.967448e-01 9.583019e-09
3.327412e+01 5.552783e-01 1.460921e-08
3.327412e+01 7.774819e-01 2.108851e-08
3.327412e+01 1.088445e+00 2.892896e-08
3.327412e+01 1.523711e+00 3.858313e-08
3.327412e+01 2.088426e+00 5.046901e-08
3.327412e+01 2.685505e+00 6.089754e-08
3.395961e+01 1.570796e-02 2.535881e-11
3.395961e+01 2.346256e-02 6.692027e-11
3.395961e+01 3.503514e-02 1.309217e-10
3.395961e+01 5.263151e-02 2.701628e-10
3.395961e+01 7.314235e-02 5.756879e-10
3.395961e+01 1.025928e-01 8.668503e-10
3.395961e+01 1.448116e-01 1.507794e-09
3.395961e+01 2.023460e-01 2.379715e-09
3.395961e+01 2.834245e-01 3.78271e-09
3.395961e+01 3.967448e-01 5.795016e-09
3.395961e+01 5.552783e-01 8.804628e-09
3.395961e+01 7.774819e-01 1.269459e-08
3.395961e+01 1.088445e+00 1.755631e-08
3.395961e+01 1.523711e+00 2.402067e-08
3.395961e+01 2.088426e+00 3.321941e-08
3.395961e+01 2.685505e+00 4.352496e-08
3.46588e+01 1.570796e-02 7.887777e-12
3.46588e+01 2.346256e-02 1.872785e-11
3.46588e+01 3.503514e-02 4.109584e-11
3.46588e+01 5.263151e-02 7.920099e-11
3.46588e+01 7.314235e-02 1.727575e-10
3.46588e+01 1.025928e-01 2.591108e-10
3.46588e+01 1.448116e-01 4.519087e-10
3.46588e+01 2.023460e-01 7.250592e-10
3.46588e+01 2.834245e-01 1.167183e-09
3.46588e+01 3.967448e-01 1.807452e-09
3.46588e+01 5.552783e-01 2.768484e-09
3.46588e+01 7.774819e-01 4.041793e-09
3.46588e+01 1.088445e+00 5.687886e-09
3.46588e+01 1.523711e+00 8.023427e-09
3.46588e+01 2.088426e+00 1.166788e-08
3.46588e+01 2.685505e+00 1.630419e-08
3.537197e+01 1.570796e-02 0.e+00
3.537197e+01 2.346256e-02 0.e+00
3.537197e+01 3.503514e-02 0.e+00
3.537197e+01 5.263151e-02 0.e+00
3.537197e+01 7.314235e-02 0.e+00
3.537197e+01 1.025928e-01 0.e+00
3.537197e+01 1.448116e-01 0.e+00
3.537197e+01 2.023460e-01 0.e+00
3.537197e+01 2.834245e-01 0.e+00
3.537197e+01 3.967448e-01 0.e+00
3.537197e+01 5.552783e-01 0.e+00
3.537197e+01 7.774819e-01 0.e+00
3.537197e+01 1.088445e+00 0.e+00
3.537197e+01 1.523711e+00 0.e+00
3.537197e+01 2.088426e+00 0.e+00
3.537197e+01 2.685505e+00 0.e+00
