5.e+00 1.570796e-02 0.e+00
5.e+00 2.346256e-02 0.e+00
5.e+00 3.503514e-02 0.e+00
5.e+00 5.263151e-02 0.e+00
5.e+00 7.314235e-02 0.e+00
5.e+00 1.025928e-01 0.e+00
5.e+00 1.448116e-01 0.e+00
5.e+00 2.023460e-01 0.e+00
5.e+00 2.834245e-01 0.e+00
5.e+00 3.967448e-01 0.e+00
5.e+00 5.552783e-01 0.e+00
5.e+00 7.774819e-01 0.e+00
5.e+00 1.088445e+00 0.e+00
5.e+00 1.523711e+00 0.e+00
5.e+00 2.088426e+00 0.e+00
5.e+00 2.685505e+00 0.e+00
5.12e+00 1.570796e-02 0.e+00
5.12e+00 2.346256e-02 0.e+00
5.12e+00 3.503514e-02 0.e+00
5.12e+00 5.263151e-02 0.e+00
5.12e+00 7.314235e-02 0.e+00
5.12e+00 1.025928e-01 0.e+00
5.12e+00 1.448116e-01 0.e+00
5.12e+00 2.023460e-01 0.e+00
5.12e+00 2.834245e-01 0.e+00
5.12e+00 3.967448e-01 0.e+00
5.12e+00 5.552783e-01 0.e+00
5.12e+00 7.774819e-01 0.e+00
5.12e+00 1.088445e+00 0.e+00
5.12e+00 1.523711e+00 0.e+00
5.12e+00 2.088426e+00 0.e+00
5.12e+00 2.685505e+00 0.e+00
5.2424e+00 1.570796e-02 0.e+00
5.2424e+00 2.346256e-02 0.e+00
5.2424e+00 3.503514e-02 0.e+00
5.2424e+00 5.263151e-02 0.e+00
5.2424e+00 7.314235e-02 0.e+00
5.2424e+00 1.025928e-01 0.e+00
5.2424e+00 1.448116e-01 0.e+00
5.2424e+00 2.023460e-01 0.e+00
5.2424e+00 2.834245e-01 0.e+00
5.2424e+00 3.967448e-01 0.e+00
5.2424e+00 5.552783e-01 0.e+00
5.2424e+00 7.774819e-01 0.e+00
5.2424e+00 1.088445e+00 0.e+00
5.2424e+00 1.523711e+00 0.e+00
5.2424e+00 2.088426e+00 0.e+00
5.2424e+00 2.685505e+00 0.e+00
5.367248e+00 1.570796e-02 0.e+00
5.367248e+00 2.346256e-02 0.e+00
5.367248e+00 3.503514e-02 0.e+00
5.367248e+00 5.263151e-02 0.e+00
5.367248e+00 7.314235e-02 0.e+00
5.367248e+00 1.025928e-01 0.e+00
5.367248e+00 1.448116e-01 0.e+00
5.367248e+00 2.023460e-01 0.e+00
5.367248e+00 2.834245e-01 0.e+00
5.367248e+00 3.967448e-01 0.e+00
5.367248e+00 5.552783e-01 0.e+00
5.367248e+00 7.774819e-01 0.e+00
5.367248e+00 1.088445e+00 0.e+00
5.367248e+00 1.523711e+00 0.e+00
5.367248e+00 2.088426e+00 0.e+00
5.367248e+00 2.685505e+00 0.e+00
5.494593e+00 1.570796e-02 0.e+00
5.494593e+00 2.346256e-02 0.e+00
5.494593e+00 3.503514e-02 0.e+00
5.494593e+00 5.263151e-02 0.e+00
5.494593e+00 7.314235e-02 0.e+00
5.494593e+00 1.025928e-01 0.e+00
5.494593e+00 1.448116e-01 0.e+00
5.494593e+00 2.023460e-01 0.e+00
5.494593e+00 2.834245e-01 0.e+00
5.494593e+00 3.967448e-01 0.e+00
5.494593e+00 5.552783e-01 0.e+00
5.494593e+00 7.774819e-01 0.e+00
5.494593e+00 1.088445e+00 0.e+00
5.494593e+00 1.523711e+00 0.e+00
5.494593e+00 2.088426e+00 0.e+00
5.494593e+00 2.685505e+00 0.e+00
5.624485e+00 1.570796e-02 0.e+00
5.624485e+00 2.346256e-02 0.e+00
5.624485e+00 3.503514e-02 0.e+00
5.624485e+00 5.263151e-02 0.e+00
5.624485e+00 7.314235e-02 0.e+00
5.624485e+00 1.025928e-01 0.e+00
5.624485e+00 1.448116e-01 0.e+00
5.624485e+00 2.023460e-01 0.e+00
5.624485e+00 2.834245e-01 0.e+00
5.624485e+00 3.967448e-01 0.e+00
5.624485e+00 5.552783e-01 0.e+00
5.624485e+00 7.774819e-01 0.e+00
5.624485e+00 1.088445e+00 0.e+00
5.624485e+00 1.523711e+00 0.e+00
5.624485e+00 2.088426e+00 0.e+00
5.624485e+00 2.685505e+00 0.e+00
5.756975e+00 1.570796e-02 0.e+00
5.756975e+00 2.346256e-02 0.e+00
5.756975e+00 3.503514e-02 0.e+00
5.756975e+00 5.263151e-02 0.e+00
5.756975e+00 7.314235e-02 0.e+00
5.756975e+00 1.025928e-01 0.e+00
5.756975e+00 1.448116e-01 0.e+00
5.756975e+00 2.023460e-01 0.e+00
5.756975e+00 2.834245e-01 0.e+00
5.756975e+00 3.967448e-01 0.e+00
5.756975e+00 5.552783e-01 0.e+00
5.756975e+00 7.774819e-01 0.e+00
5.756975e+00 1.088445e+00 0.e+00
5.756975e+00 1.523711e+00 0.e+00
5.756975e+00 2.088426e+00 0.e+00
5.756975e+00 2.685505e+00 0.e+00
5.892114e+00 1.570796e-02 0.e+00
5.892114e+00 2.346256e-02 0.e+00
5.892114e+00 3.503514e-02 0.e+00
5.892114e+00 5.263151e-02 0.e+00
5.892114e+00 7.314235e-02 0.e+00
5.892114e+00 1.025928e-01 0.e+00
5.892114e+00 1.448116e-01 0.e+00
5.892114e+00 2.023460e-01 0.e+00
5.892114e+00 2.834245e-01 0.e+00
5.892114e+00 3.967448e-01 0.e+00
5.892114e+00 5.552783e-01 0.e+00
5.892114e+00 7.774819e-01 0.e+00
5.892114e+00 1.088445e+00 0.e+00
5.892114e+00 1.523711e+00 0.e+00
5.892114e+00 2.088426e+00 0.e+00
5.892114e+00 2.685505e+00 0.e+00
6.029956e+00 1.570796e-02 0.e+00
6.029956e+00 2.346256e-02 0.e+00
6.029956e+00 3.503514e-02 0.e+00
6.029956e+00 5.263151e-02 0.e+00
6.029956e+00 7.314235e-02 0.e+00
6.029956e+00 1.025928e-01 0.e+00
6.029956e+00 1.448116e-01 0.e+00
6.029956e+00 2.023460e-01 0.e+00
6.029956e+00 2.834245e-01 0.e+00
6.029956e+00 3.967448e-01 0.e+00
6.029956e+00 5.552783e-01 0.e+00
6.029956e+00 7.774819e-01 0.e+00
6.029956e+00 1.088445e+00 0.e+00
6.029956e+00 1.523711e+00 0.e+00
6.029956e+00 2.088426e+00 0.e+00
6.029956e+00 2.685505e+00 0.e+00
6.170555e+00 1.570796e-02 0.e+00
6.170555e+00 2.346256e-02 0.e+00
6.170555e+00 3.503514e-02 0.e+00
6.170555e+00 5.263151e-02 0.e+00
6.170555e+00 7.314235e-02 0.e+00
6.170555e+00 1.025928e-01 0.e+00
6.170555e+00 1.448116e-01 0.e+00
6.170555e+00 2.023460e-01 0.e+00
6.170555e+00 2.834245e-01 0.e+00
6.170555e+00 3.967448e-01 0.e+00
6.170555e+00 5.552783e-01 0.e+00
6.170555e+00 7.774819e-01 0.e+00
6.170555e+00 1.088445e+00 0.e+00
6.170555e+00 1.523711e+00 0.e+00
6.170555e+00 2.088426e+00 0.e+00
6.170555e+00 2.685505e+00 0.e+00
6.313967e+00 1.570796e-02 0.e+00
6.313967e+00 2.346256e-02 0.e+00
6.313967e+00 3.503514e-02 0.e+00
6.313967e+00 5.263151e-02 0.e+00
6.313967e+00 7.314235e-02 0.e+00
6.313967e+00 1.025928e-01 0.e+00
6.313967e+00 1.448116e-01 0.e+00
6.313967e+00 2.023460e-01 0.e+00
6.313967e+00 2.834245e-01 0.e+00
6.313967e+00 3.967448e-01 0.e+00
6.313967e+00 5.552783e-01 0.e+00
6.313967e+00 7.774819e-01 0.e+00
6.313967e+00 1.088445e+00 0.e+00
6.313967e+00 1.523711e+00 0.e+00
6.313967e+00 2.088426e+00 0.e+00
6.313967e+00 2.685505e+00 0.e+00
6.460246e+00 1.570796e-02 0.e+00
6.460246e+00 2.346256e-02 0.e+00
6.460246e+00 3.503514e-02 0.e+00
6.460246e+00 5.263151e-02 0.e+00
6.460246e+00 7.314235e-02 0.e+00
6.460246e+00 1.025928e-01 0.e+00
6.460246e+00 1.448116e-01 0.e+00
6.460246e+00 2.023460e-01 0.e+00
6.460246e+00 2.834245e-01 0.e+00
6.460246e+00 3.967448e-01 0.e+00
6.460246e+00 5.552783e-01 0.e+00
6.460246e+00 7.774819e-01 0.e+00
6.460246e+00 1.088445e+00 0.e+00
6.460246e+00 1.523711e+00 0.e+00
6.460246e+00 2.088426e+00 0.e+00
6.460246e+00 2.685505e+00 0.e+00
6.609451e+00 1.570796e-02 -5.181332e-05
6.609451e+00 2.346256e-02 -3.765844e-05
6.609451e+00 3.503514e-02 -7.755459e-05
6.609451e+00 5.263151e-02 -9.85594e-05
6.609451e+00 7.314235e-02 -1.037822e-04
6.609451e+00 1.025928e-01 -3.316982e-05
6.609451e+00 1.448116e-01 -1.187804e-04
6.609451e+00 2.023460e-01 -5.86126e-05
6.609451e+00 2.834245e-01 -7.685399e-05
6.609451e+00 3.967448e-01 -6.223403e-05
6.609451e+00 5.552783e-01 -4.436126e-05
6.609451e+00 7.774819e-01 -4.066259e-05
6.609451e+00 1.088445e+00 -3.969711e-05
6.609451e+00 1.523711e+00 -4.218847e-05
6.609451e+00 2.088426e+00 -5.022181e-05
6.609451e+00 2.685505e+00 -5.746648e-05
6.76164e+00 1.570796e-02 -1.713872e-04
6.76164e+00 2.346256e-02 -1.474620e-04
6.76164e+00 3.503514e-02 -2.120312e-04
6.76164e+00 5.263151e-02 -3.330231e-04
6.76164e+00 7.314235e-02 -3.908089e-04
6.76164e+00 1.025928e-01 -2.213135e-04
6.76164e+00 1.448116e-01 -2.939869e-04
6.76164e+00 2.023460e-01 -3.268403e-04
6.76164e+00 2.834245e-01 -3.737903e-04
6.76164e+00 3.967448e-01 -2.499460e-04
6.76164e+00 5.552783e-01 -2.335361e-04
6.76164e+00 7.774819e-01 -2.127488e-04
6.76164e+00 1.088445e+00 -1.887332e-04
6.76164e+00 1.523711e+00 -2.052449e-04
6.76164e+00 2.088426e+00 -2.326808e-04
6.76164e+00 2.685505e+00 -2.727009e-04
6.916873e+00 1.570796e-02 -4.201842e-04
6.916873e+00 2.346256e-02 -4.566035e-04
6.916873e+00 3.503514e-02 -6.992225e-04
6.916873e+00 5.263151e-02 -1.229004e-03
6.916873e+00 7.314235e-02 -1.51172e-03
6.916873e+00 1.025928e-01 -1.247583e-03
6.916873e+00 1.448116e-01 -1.63887e-03
6.916873e+00 2.023460e-01 -1.459737e-03
6.916873e+00 2.834245e-01 -1.572040e-03
6.916873e+00 3.967448e-01 -1.148234e-03
6.916873e+00 5.552783e-01 -1.041447e-03
6.916873e+00 7.774819e-01 -9.5151e-04
6.916873e+00 1.088445e+00 -8.351183e-04
6.916873e+00 1.523711e+00 -8.606010e-04
6.916873e+00 2.088426e+00 -9.908987e-04
6.916873e+00 2.685505e+00 -1.11897e-03
7.075210e+00 1.570796e-02 -6.936690e-04
7.075210e+00 2.346256e-02 -1.181104e-03
7.075210e+00 3.503514e-02 -1.808888e-03
7.075210e+00 5.263151e-02 -2.892437e-03
7.075210e+00 7.314235e-02 -4.519606e-03
7.075210e+00 1.025928e-01 -3.337184e-03
7.075210e+00 1.448116e-01 -4.074804e-03
7.075210e+00 2.023460e-01 -4.136043e-03
7.075210e+00 2.834245e-01 -4.055700e-03
7.075210e+00 3.967448e-01 -3.368466e-03
7.075210e+00 5.552783e-01 -3.068403e-03
7.075210e+00 7.774819e-01 -2.655590e-03
7.075210e+00 1.088445e+00 -2.344411e-03
7.075210e+00 1.523711e+00 -2.406586e-03
7.075210e+00 2.088426e+00 -2.740973e-03
7.075210e+00 2.685505e+00 -3.060360e-03
7.236714e+00 1.570796e-02 -7.600344e-04
7.236714e+00 2.346256e-02 -1.787777e-03
7.236714e+00 3.503514e-02 -3.25424e-03
7.236714e+00 5.263151e-02 -4.851619e-03
7.236714e+00 7.314235e-02 -7.900140e-03
7.236714e+00 1.025928e-01 -6.775929e-03
7.236714e+00 1.448116e-01 -7.835020e-03
7.236714e+00 2.023460e-01 -8.145502e-03
7.236714e+00 2.834245e-01 -7.925004e-03
7.236714e+00 3.967448e-01 -6.85339e-03
7.236714e+00 5.552783e-01 -6.157988e-03
7.236714e+00 7.774819e-01 -5.330327e-03
7.236714e+00 1.088445e+00 -4.664377e-03
7.236714e+00 1.523711e+00 -4.659195e-03
7.236714e+00 2.088426e+00 -5.273009e-03
7.236714e+00 2.685505e+00 -5.849167e-03
7.401449e+00 1.570796e-02 -7.978921e-04
7.401449e+00 2.346256e-02 -2.111466e-03
7.401449e+00 3.503514e-02 -4.155361e-03
7.401449e+00 5.263151e-02 -6.544733e-03
7.401449e+00 7.314235e-02 -1.096251e-02
7.401449e+00 1.025928e-01 -1.087253e-02
7.401449e+00 1.448116e-01 -1.303396e-02
7.401449e+00 2.023460e-01 -1.341288e-02
7.401449e+00 2.834245e-01 -1.319509e-02
7.401449e+00 3.967448e-01 -1.141759e-02
7.401449e+00 5.552783e-01 -1.032844e-02
7.401449e+00 7.774819e-01 -8.954442e-03
7.401449e+00 1.088445e+00 -7.782094e-03
7.401449e+00 1.523711e+00 -7.654247e-03
7.401449e+00 2.088426e+00 -8.608063e-03
7.401449e+00 2.685505e+00 -9.481657e-03
7.569477e+00 1.570796e-02 -8.210571e-04
7.569477e+00 2.346256e-02 -2.057421e-03
7.569477e+00 3.503514e-02 -4.44812e-03
7.569477e+00 5.263151e-02 -7.688872e-03
7.569477e+00 7.314235e-02 -1.311459e-02
7.569477e+00 1.025928e-01 -1.460238e-02
7.569477e+00 1.448116e-01 -1.790493e-02
7.569477e+00 2.023460e-01 -1.865353e-02
7.569477e+00 2.834245e-01 -1.850232e-02
7.569477e+00 3.967448e-01 -1.654848e-02
7.569477e+00 5.552783e-01 -1.503589e-02
7.569477e+00 7.774819e-01 -1.297016e-02
7.569477e+00 1.088445e+00 -1.124115e-02
7.569477e+00 1.523711e+00 -1.087155e-02
7.569477e+00 2.088426e+00 -1.205273e-02
7.569477e+00 2.685505e+00 -1.310242e-02
7.740867e+00 1.570796e-02 -8.007507e-04
7.740867e+00 2.346256e-02 -1.907219e-03
7.740867e+00 3.503514e-02 -4.274948e-03
7.740867e+00 5.263151e-02 -7.774785e-03
7.740867e+00 7.314235e-02 -1.408299e-02
7.740867e+00 1.025928e-01 -1.712227e-02
7.740867e+00 1.448116e-01 -2.236637e-02
7.740867e+00 2.023460e-01 -2.338219e-02
7.740867e+00 2.834245e-01 -2.344365e-02
7.740867e+00 3.967448e-01 -2.158892e-02
7.740867e+00 5.552783e-01 -1.957558e-02
7.740867e+00 7.774819e-01 -1.698024e-02
7.740867e+00 1.088445e+00 -1.471221e-02
7.740867e+00 1.523711e+00 -1.411671e-02
7.740867e+00 2.088426e+00 -1.534716e-02
7.740867e+00 2.685505e+00 -1.642679e-02
7.915684e+00 1.570796e-02 -7.201831e-04
7.915684e+00 2.346256e-02 -1.760179e-03
7.915684e+00 3.503514e-02 -3.929344e-03
7.915684e+00 5.263151e-02 -7.459338e-03
7.915684e+00 7.314235e-02 -1.400297e-02
7.915684e+00 1.025928e-01 -1.830284e-02
7.915684e+00 1.448116e-01 -2.47538e-02
7.915684e+00 2.023460e-01 -2.693469e-02
7.915684e+00 2.834245e-01 -2.747343e-02
7.915684e+00 3.967448e-01 -2.586018e-02
7.915684e+00 5.552783e-01 -2.366390e-02
7.915684e+00 7.774819e-01 -2.050507e-02
7.915684e+00 1.088445e+00 -1.779388e-02
7.915684e+00 1.523711e+00 -1.686027e-02
7.915684e+00 2.088426e+00 -1.807289e-02
7.915684e+00 2.685505e+00 -1.916411e-02
8.093998e+00 1.570796e-02 -6.243656e-04
8.093998e+00 2.346256e-02 -1.562261e-03
8.093998e+00 3.503514e-02 -3.566928e-03
8.093998e+00 5.263151e-02 -6.905951e-03
8.093998e+00 7.314235e-02 -1.324739e-02
8.093998e+00 1.025928e-01 -1.831607e-02
8.093998e+00 1.448116e-01 -2.572450e-02
8.093998e+00 2.023460e-01 -2.896588e-02
8.093998e+00 2.834245e-01 -3.024315e-02
8.093998e+00 3.967448e-01 -2.90951e-02
8.093998e+00 5.552783e-01 -2.697040e-02
8.093998e+00 7.774819e-01 -2.349276e-02
8.093998e+00 1.088445e+00 -2.033037e-02
8.093998e+00 1.523711e+00 -1.916985e-02
8.093998e+00 2.088426e+00 -2.027622e-02
8.093998e+00 2.685505e+00 -2.134623e-02
8.275878e+00 1.570796e-02 -5.547194e-04
8.275878e+00 2.346256e-02 -1.418108e-03
8.275878e+00 3.503514e-02 -3.107754e-03
8.275878e+00 5.263151e-02 -6.192918e-03
8.275878e+00 7.314235e-02 -1.213307e-02
8.275878e+00 1.025928e-01 -1.741651e-02
8.275878e+00 1.448116e-01 -2.548584e-02
8.275878e+00 2.023460e-01 -2.965081e-02
8.275878e+00 2.834245e-01 -3.181577e-02
8.275878e+00 3.967448e-01 -3.137020e-02
8.275878e+00 5.552783e-01 -2.941918e-02
8.275878e+00 7.774819e-01 -2.593123e-02
8.275878e+00 1.088445e+00 -2.237439e-02
8.275878e+00 1.523711e+00 -2.098644e-02
8.275878e+00 2.088426e+00 -2.205812e-02
8.275878e+00 2.685505e+00 -2.28796e-02
8.461396e+00 1.570796e-02 -4.931413e-04
8.461396e+00 2.346256e-02 -1.262836e-03
8.461396e+00 3.503514e-02 -2.648777e-03
8.461396e+00 5.263151e-02 -5.492329e-03
8.461396e+00 7.314235e-02 -1.089912e-02
8.461396e+00 1.025928e-01 -1.606426e-02
8.461396e+00 1.448116e-01 -2.436825e-02
8.461396e+00 2.023460e-01 -2.927555e-02
8.461396e+00 2.834245e-01 -3.236362e-02
8.461396e+00 3.967448e-01 -3.266744e-02
8.461396e+00 5.552783e-01 -3.105461e-02
8.461396e+00 7.774819e-01 -2.767258e-02
8.461396e+00 1.088445e+00 -2.402255e-02
8.461396e+00 1.523711e+00 -2.238794e-02
8.461396e+00 2.088426e+00 -2.336107e-02
8.461396e+00 2.685505e+00 -2.399193e-02
8.650623e+00 1.570796e-02 -4.364391e-04
8.650623e+00 2.346256e-02 -1.12443e-03
8.650623e+00 3.503514e-02 -2.290759e-03
8.650623e+00 5.263151e-02 -4.837294e-03
8.650623e+00 7.314235e-02 -9.646864e-03
8.650623e+00 1.025928e-01 -1.45353e-02
8.650623e+00 1.448116e-01 -2.259489e-02
8.650623e+00 2.023460e-01 -2.80842e-02
8.650623e+00 2.834245e-01 -3.197060e-02
8.650623e+00 3.967448e-01 -3.303943e-02
8.650623e+00 5.552783e-01 -3.195925e-02
8.650623e+00 7.774819e-01 -2.878989e-02
8.650623e+00 1.088445e+00 -2.515485e-02
8.650623e+00 1.523711e+00 -2.340644e-02
8.650623e+00 2.088426e+00 -2.426038e-02
8.650623e+00 2.685505e+00 -2.471711e-02
8.843636e+00 1.570796e-02 -3.787222e-04
8.843636e+00 2.346256e-02 -1.000585e-03
8.843636e+00 3.503514e-02 -2.002065e-03
8.843636e+00 5.263151e-02 -4.234631e-03
8.843636e+00 7.314235e-02 -8.468524e-03
8.843636e+00 1.025928e-01 -1.288407e-02
8.843636e+00 1.448116e-01 -2.043113e-02
8.843636e+00 2.023460e-01 -2.625089e-02
8.843636e+00 2.834245e-01 -3.08535e-02
8.843636e+00 3.967448e-01 -3.268156e-02
8.843636e+00 5.552783e-01 -3.218509e-02
8.843636e+00 7.774819e-01 -2.934480e-02
8.843636e+00 1.088445e+00 -2.585685e-02
8.843636e+00 1.523711e+00 -2.41009e-02
8.843636e+00 2.088426e+00 -2.493368e-02
8.843636e+00 2.685505e+00 -2.532414e-02
9.040509e+00 1.570796e-02 -3.229666e-04
9.040509e+00 2.346256e-02 -8.851933e-04
9.040509e+00 3.503514e-02 -1.747499e-03
9.040509e+00 5.263151e-02 -3.691172e-03
9.040509e+00 7.314235e-02 -7.390705e-03
9.040509e+00 1.025928e-01 -1.126046e-02
9.040509e+00 1.448116e-01 -1.823559e-02
9.040509e+00 2.023460e-01 -2.410175e-02
9.040509e+00 2.834245e-01 -2.923063e-02
9.040509e+00 3.967448e-01 -3.173104e-02
9.040509e+00 5.552783e-01 -3.178994e-02
9.040509e+00 7.774819e-01 -2.945335e-02
9.040509e+00 1.088445e+00 -2.617747e-02
9.040509e+00 1.523711e+00 -2.448354e-02
9.040509e+00 2.088426e+00 -2.530765e-02
9.040509e+00 2.685505e+00 -2.552288e-02
9.241319e+00 1.570796e-02 -2.737587e-04
9.241319e+00 2.346256e-02 -7.817712e-04
9.241319e+00 3.503514e-02 -1.522792e-03
9.241319e+00 5.263151e-02 -3.209556e-03
9.241319e+00 7.314235e-02 -6.424333e-03
9.241319e+00 1.025928e-01 -9.798128e-03
9.241319e+00 1.448116e-01 -1.610844e-02
9.241319e+00 2.023460e-01 -2.181142e-02
9.241319e+00 2.834245e-01 -2.719579e-02
9.241319e+00 3.967448e-01 -3.025692e-02
9.241319e+00 5.552783e-01 -3.08654e-02
9.241319e+00 7.774819e-01 -2.902371e-02
9.241319e+00 1.088445e+00 -2.60598e-02
9.241319e+00 1.523711e+00 -2.449764e-02
9.241319e+00 2.088426e+00 -2.534756e-02
9.241319e+00 2.685505e+00 -2.545662e-02
9.446145e+00 1.570796e-02 -2.329263e-04
9.446145e+00 2.346256e-02 -6.858471e-04
9.446145e+00 3.503514e-02 -1.326579e-03
9.446145e+00 5.263151e-02 -2.778492e-03
9.446145e+00 7.314235e-02 -5.56526e-03
9.446145e+00 1.025928e-01 -8.48799e-03
9.446145e+00 1.448116e-01 -1.408145e-02
9.446145e+00 2.023460e-01 -1.950715e-02
9.446145e+00 2.834245e-01 -2.491913e-02
9.446145e+00 3.967448e-01 -2.836184e-02
9.446145e+00 5.552783e-01 -2.950565e-02
9.446145e+00 7.774819e-01 -2.819095e-02
9.446145e+00 1.088445e+00 -2.562495e-02
9.446145e+00 1.523711e+00 -2.427993e-02
9.446145e+00 2.088426e+00 -2.511827e-02
9.446145e+00 2.685505e+00 -2.509515e-02
9.655068e+00 1.570796e-02 -2.008787e-04
9.655068e+00 2.346256e-02 -5.986549e-04
9.655068e+00 3.503514e-02 -1.154226e-03
9.655068e+00 5.263151e-02 -2.403134e-03
9.655068e+00 7.314235e-02 -4.805432e-03
9.655068e+00 1.025928e-01 -7.355624e-03
9.655068e+00 1.448116e-01 -1.225997e-02
9.655068e+00 2.023460e-01 -1.725007e-02
9.655068e+00 2.834245e-01 -2.25011e-02
9.655068e+00 3.967448e-01 -2.619815e-02
9.655068e+00 5.552783e-01 -2.779848e-02
9.655068e+00 7.774819e-01 -2.700892e-02
9.655068e+00 1.088445e+00 -2.489905e-02
9.655068e+00 1.523711e+00 -2.378882e-02
9.655068e+00 2.088426e+00 -2.467432e-02
9.655068e+00 2.685505e+00 -2.464527e-02
9.86817e+00 1.570796e-02 -1.731690e-04
9.86817e+00 2.346256e-02 -5.164601e-04
9.86817e+00 3.503514e-02 -1.004436e-03
9.86817e+00 5.263151e-02 -2.076929e-03
9.86817e+00 7.314235e-02 -4.154945e-03
9.86817e+00 1.025928e-01 -6.376676e-03
9.86817e+00 1.448116e-01 -1.062927e-02
9.86817e+00 2.023460e-01 -1.511197e-02
9.86817e+00 2.834245e-01 -2.008026e-02
9.86817e+00 3.967448e-01 -2.387605e-02
9.86817e+00 5.552783e-01 -2.585797e-02
9.86817e+00 7.774819e-01 -2.556572e-02
9.86817e+00 1.088445e+00 -2.396609e-02
9.86817e+00 1.523711e+00 -2.313446e-02
9.86817e+00 2.088426e+00 -2.411852e-02
9.86817e+00 2.685505e+00 -2.396337e-02
1.008553e+01 1.570796e-02 -1.506714e-04
1.008553e+01 2.346256e-02 -4.456123e-04
1.008553e+01 3.503514e-02 -8.745053e-04
1.008553e+01 5.263151e-02 -1.787119e-03
1.008553e+01 7.314235e-02 -3.578179e-03
1.008553e+01 1.025928e-01 -5.515681e-03
1.008553e+01 1.448116e-01 -9.182710e-03
1.008553e+01 2.023460e-01 -1.313838e-02
1.008553e+01 2.834245e-01 -1.772592e-02
1.008553e+01 3.967448e-01 -2.149425e-02
1.008553e+01 5.552783e-01 -2.377079e-02
1.008553e+01 7.774819e-01 -2.393797e-02
1.008553e+01 1.088445e+00 -2.281316e-02
1.008553e+01 1.523711e+00 -2.228255e-02
1.008553e+01 2.088426e+00 -2.330669e-02
1.008553e+01 2.685505e+00 -2.312154e-02
1.030724e+01 1.570796e-02 -1.306571e-04
1.030724e+01 2.346256e-02 -3.817333e-04
1.030724e+01 3.503514e-02 -7.580146e-04
1.030724e+01 5.263151e-02 -1.528666e-03
1.030724e+01 7.314235e-02 -3.069389e-03
1.030724e+01 1.025928e-01 -4.742548e-03
1.030724e+01 1.448116e-01 -7.890223e-03
1.030724e+01 2.023460e-01 -1.133629e-02
1.030724e+01 2.834245e-01 -1.552812e-02
1.030724e+01 3.967448e-01 -1.915668e-02
1.030724e+01 5.552783e-01 -2.158098e-02
1.030724e+01 7.774819e-01 -2.216636e-02
1.030724e+01 1.088445e+00 -2.149854e-02
1.030724e+01 1.523711e+00 -2.124787e-02
1.030724e+01 2.088426e+00 -2.232511e-02
1.030724e+01 2.685505e+00 -2.202125e-02
1.053339e+01 1.570796e-02 -1.136286e-04
1.053339e+01 2.346256e-02 -3.23906e-04
1.053339e+01 3.503514e-02 -6.518521e-04
1.053339e+01 5.263151e-02 -1.306734e-03
1.053339e+01 7.314235e-02 -2.628226e-03
1.053339e+01 1.025928e-01 -4.057009e-03
1.053339e+01 1.448116e-01 -6.749044e-03
1.053339e+01 2.023460e-01 -9.729011e-03
1.053339e+01 2.834245e-01 -1.350701e-02
1.053339e+01 3.967448e-01 -1.691561e-02
1.053339e+01 5.552783e-01 -1.942024e-02
1.053339e+01 7.774819e-01 -2.031213e-02
1.053339e+01 1.088445e+00 -2.007091e-02
1.053339e+01 1.523711e+00 -2.010747e-02
1.053339e+01 2.088426e+00 -2.126334e-02
1.053339e+01 2.685505e+00 -2.084629e-02
1.076406e+01 1.570796e-02 -9.782944e-05
1.076406e+01 2.346256e-02 -2.725935e-04
1.076406e+01 3.503514e-02 -5.557602e-04
1.076406e+01 5.263151e-02 -1.116141e-03
1.076406e+01 7.314235e-02 -2.242752e-03
1.076406e+01 1.025928e-01 -3.451049e-03
1.076406e+01 1.448116e-01 -5.748532e-03
1.076406e+01 2.023460e-01 -8.314068e-03
1.076406e+01 2.834245e-01 -1.165087e-02
1.076406e+01 3.967448e-01 -1.481730e-02
1.076406e+01 5.552783e-01 -1.732067e-02
1.076406e+01 7.774819e-01 -1.846362e-02
1.076406e+01 1.088445e+00 -1.856367e-02
1.076406e+01 1.523711e+00 -1.891437e-02
1.076406e+01 2.088426e+00 -2.011672e-02
1.076406e+01 2.685505e+00 -1.963715e-02
1.099934e+01 1.570796e-02 -8.412319e-05
1.099934e+01 2.346256e-02 -2.278178e-04
1.099934e+01 3.503514e-02 -4.758452e-04
1.099934e+01 5.263151e-02 -9.486128e-04
1.099934e+01 7.314235e-02 -1.907234e-03
1.099934e+01 1.025928e-01 -2.934105e-03
1.099934e+01 1.448116e-01 -4.876398e-03
1.099934e+01 2.023460e-01 -7.088154e-03
1.099934e+01 2.834245e-01 -9.990421e-03
1.099934e+01 3.967448e-01 -1.289181e-02
1.099934e+01 5.552783e-01 -1.530195e-02
1.099934e+01 7.774819e-01 -1.662044e-02
1.099934e+01 1.088445e+00 -1.70206e-02
1.099934e+01 1.523711e+00 -1.764197e-02
1.099934e+01 2.088426e+00 -1.896161e-02
1.099934e+01 2.685505e+00 -1.84497e-02
1.123932e+01 1.570796e-02 -7.183019e-05
1.123932e+01 2.346256e-02 -1.908017e-04
1.123932e+01 3.503514e-02 -4.021314e-04
1.123932e+01 5.263151e-02 -8.043014e-04
1.123932e+01 7.314235e-02 -1.608503e-03
1.123932e+01 1.025928e-01 -2.487452e-03
1.123932e+01 1.448116e-01 -4.116577e-03
1.123932e+01 2.023460e-01 -6.016224e-03
1.123932e+01 2.834245e-01 -8.524359e-03
1.123932e+01 3.967448e-01 -1.111147e-02
1.123932e+01 5.552783e-01 -1.339059e-02
1.123932e+01 7.774819e-01 -1.482629e-02
1.123932e+01 1.088445e+00 -1.5449e-02
1.123932e+01 1.523711e+00 -1.63236e-02
1.123932e+01 2.088426e+00 -1.769623e-02
1.123932e+01 2.685505e+00 -1.713506e-02
1.148411e+01 1.570796e-02 -6.042645e-05
1.148411e+01 2.346256e-02 -1.574801e-04
1.148411e+01 3.503514e-02 -3.379239e-04
1.148411e+01 5.263151e-02 -6.78595e-04
1.148411e+01 7.314235e-02 -1.358105e-03
1.148411e+01 1.025928e-01 -2.095396e-03
1.148411e+01 1.448116e-01 -3.464987e-03
1.148411e+01 2.023460e-01 -5.087058e-03
1.148411e+01 2.834245e-01 -7.228123e-03
1.148411e+01 3.967448e-01 -9.507479e-03
1.148411e+01 5.552783e-01 -1.163377e-02
1.148411e+01 7.774819e-01 -1.309961e-02
1.148411e+01 1.088445e+00 -1.391475e-02
1.148411e+01 1.523711e+00 -1.488009e-02
1.148411e+01 2.088426e+00 -1.624599e-02
1.148411e+01 2.685505e+00 -1.566051e-02
1.173379e+01 1.570796e-02 -5.061635e-05
1.173379e+01 2.346256e-02 -1.309927e-04
1.173379e+01 3.503514e-02 -2.824204e-04
1.173379e+01 5.263151e-02 -5.693841e-04
1.173379e+01 7.314235e-02 -1.137846e-03
1.173379e+01 1.025928e-01 -1.757758e-03
1.173379e+01 1.448116e-01 -2.901909e-03
1.173379e+01 2.023460e-01 -4.279327e-03
1.173379e+01 2.834245e-01 -6.093619e-03
1.173379e+01 3.967448e-01 -8.063823e-03
1.173379e+01 5.552783e-01 -9.990287e-03
1.173379e+01 7.774819e-01 -1.146196e-02
1.173379e+01 1.088445e+00 -1.240294e-02
1.173379e+01 1.523711e+00 -1.345068e-02
1.173379e+01 2.088426e+00 -1.48032e-02
1.173379e+01 2.685505e+00 -1.427461e-02
1.198847e+01 1.570796e-02 -4.236535e-05
1.198847e+01 2.346256e-02 -1.079654e-04
1.198847e+01 3.503514e-02 -2.357059e-04
1.198847e+01 5.263151e-02 -4.746136e-04
1.198847e+01 7.314235e-02 -9.499606e-04
1.198847e+01 1.025928e-01 -1.469629e-03
1.198847e+01 1.448116e-01 -2.421844e-03
1.198847e+01 2.023460e-01 -3.581899e-03
1.198847e+01 2.834245e-01 -5.114932e-03
1.198847e+01 3.967448e-01 -6.811917e-03
1.198847e+01 5.552783e-01 -8.517898e-03
1.198847e+01 7.774819e-01 -9.960589e-03
1.198847e+01 1.088445e+00 -1.098675e-02
1.198847e+01 1.523711e+00 -1.210014e-02
1.198847e+01 2.088426e+00 -1.339898e-02
1.198847e+01 2.685505e+00 -1.293347e-02
1.224824e+01 1.570796e-02 -3.562841e-05
1.224824e+01 2.346256e-02 -8.903121e-05
1.224824e+01 3.503514e-02 -1.951602e-04
1.224824e+01 5.263151e-02 -3.953428e-04
1.224824e+01 7.314235e-02 -7.878607e-04
1.224824e+01 1.025928e-01 -1.219784e-03
1.224824e+01 1.448116e-01 -2.010845e-03
1.224824e+01 2.023460e-01 -2.97948e-03
1.224824e+01 2.834245e-01 -4.258055e-03
1.224824e+01 3.967448e-01 -5.704735e-03
1.224824e+01 5.552783e-01 -7.222106e-03
1.224824e+01 7.774819e-01 -8.591913e-03
1.224824e+01 1.088445e+00 -9.642558e-03
1.224824e+01 1.523711e+00 -1.078828e-02
1.224824e+01 2.088426e+00 -1.203910e-02
1.224824e+01 2.685505e+00 -1.162645e-02
1.251320e+01 1.570796e-02 -2.943381e-05
1.251320e+01 2.346256e-02 -7.300471e-05
1.251320e+01 3.503514e-02 -1.618490e-04
1.251320e+01 5.263151e-02 -3.254088e-04
1.251320e+01 7.314235e-02 -6.494306e-04
1.251320e+01 1.025928e-01 -1.005120e-03
1.251320e+01 1.448116e-01 -1.658548e-03
1.251320e+01 2.023460e-01 -2.460459e-03
1.251320e+01 2.834245e-01 -3.524392e-03
1.251320e+01 3.967448e-01 -4.750739e-03
1.251320e+01 5.552783e-01 -6.061005e-03
1.251320e+01 7.774819e-01 -7.340136e-03
1.251320e+01 1.088445e+00 -8.392504e-03
1.251320e+01 1.523711e+00 -9.55255e-03
1.251320e+01 2.088426e+00 -1.078686e-02
1.251320e+01 2.685505e+00 -1.044772e-02
1.278347e+01 1.570796e-02 -2.421135e-05
1.278347e+01 2.346256e-02 -5.95843e-05
1.278347e+01 3.503514e-02 -1.325328e-04
1.278347e+01 5.263151e-02 -2.671737e-04
1.278347e+01 7.314235e-02 -5.335091e-04
1.278347e+01 1.025928e-01 -8.258073e-04
1.278347e+01 1.448116e-01 -1.356296e-03
1.278347e+01 2.023460e-01 -2.022417e-03
1.278347e+01 2.834245e-01 -2.901047e-03
1.278347e+01 3.967448e-01 -3.926405e-03
1.278347e+01 5.552783e-01 -5.057323e-03
1.278347e+01 7.774819e-01 -6.221366e-03
1.278347e+01 1.088445e+00 -7.253977e-03
1.278347e+01 1.523711e+00 -8.404168e-03
1.278347e+01 2.088426e+00 -9.568092e-03
1.278347e+01 2.685505e+00 -9.306716e-03
1.305914e+01 1.570796e-02 -1.993795e-05
1.305914e+01 2.346256e-02 -4.846407e-05
1.305914e+01 3.503514e-02 -1.090893e-04
1.305914e+01 5.263151e-02 -2.183492e-04
1.305914e+01 7.314235e-02 -4.347479e-04
1.305914e+01 1.025928e-01 -6.737091e-04
1.305914e+01 1.448116e-01 -1.107273e-03
1.305914e+01 2.023460e-01 -1.654141e-03
1.305914e+01 2.834245e-01 -2.373883e-03
1.305914e+01 3.967448e-01 -3.221892e-03
1.305914e+01 5.552783e-01 -4.197056e-03
1.305914e+01 7.774819e-01 -5.238868e-03
1.305914e+01 1.088445e+00 -6.220607e-03
1.305914e+01 1.523711e+00 -7.348034e-03
1.305914e+01 2.088426e+00 -8.457226e-03
1.305914e+01 2.685505e+00 -8.304903e-03
1.334032e+01 1.570796e-02 -1.658024e-05
1.334032e+01 2.346256e-02 -3.874157e-05
1.334032e+01 3.503514e-02 -8.782125e-05
1.334032e+01 5.263151e-02 -1.770381e-04
1.334032e+01 7.314235e-02 -3.528220e-04
1.334032e+01 1.025928e-01 -5.456484e-04
1.334032e+01 1.448116e-01 -8.981104e-04
1.334032e+01 2.023460e-01 -1.344249e-03
1.334032e+01 2.834245e-01 -1.929620e-03
1.334032e+01 3.967448e-01 -2.635812e-03
1.334032e+01 5.552783e-01 -3.454057e-03
1.334032e+01 7.774819e-01 -4.385846e-03
1.334032e+01 1.088445e+00 -5.311491e-03
1.334032e+01 1.523711e+00 -6.368194e-03
1.334032e+01 2.088426e+00 -7.428699e-03
1.334032e+01 2.685505e+00 -7.366667e-03
1.362713e+01 1.570796e-02 -1.341064e-05
1.362713e+01 2.346256e-02 -3.033438e-05
1.362713e+01 3.503514e-02 -7.076982e-05
1.362713e+01 5.263151e-02 -1.431437e-04
1.362713e+01 7.314235e-02 -2.842794e-04
1.362713e+01 1.025928e-01 -4.401880e-04
1.362713e+01 1.448116e-01 -7.268844e-04
1.362713e+01 2.023460e-01 -1.089711e-03
1.362713e+01 2.834245e-01 -1.562409e-03
1.362713e+01 3.967448e-01 -2.140810e-03
1.362713e+01 5.552783e-01 -2.83553e-03
1.362713e+01 7.774819e-01 -3.639148e-03
1.362713e+01 1.088445e+00 -4.50081e-03
1.362713e+01 1.523711e+00 -5.481401e-03
1.362713e+01 2.088426e+00 -6.501749e-03
1.362713e+01 2.685505e+00 -6.512561e-03
1.391967e+01 1.570796e-02 -1.068124e-05
1.391967e+01 2.346256e-02 -2.432265e-05
1.391967e+01 3.503514e-02 -5.691012e-05
1.391967e+01 5.263151e-02 -1.148155e-04
1.391967e+01 7.314235e-02 -2.281909e-04
1.391967e+01 1.025928e-01 -3.539364e-04
1.391967e+01 1.448116e-01 -5.843213e-04
1.391967e+01 2.023460e-01 -8.780930e-04
1.391967e+01 2.834245e-01 -1.259446e-03
1.391967e+01 3.967448e-01 -1.730070e-03
1.391967e+01 5.552783e-01 -2.310633e-03
1.391967e+01 7.774819e-01 -3.005719e-03
1.391967e+01 1.088445e+00 -3.779845e-03
1.391967e+01 1.523711e+00 -4.682507e-03
1.391967e+01 2.088426e+00 -5.621530e-03
1.391967e+01 2.685505e+00 -5.680734e-03
1.421806e+01 1.570796e-02 -8.545001e-06
1.421806e+01 2.346256e-02 -1.91655e-05
1.421806e+01 3.503514e-02 -4.538265e-05
1.421806e+01 5.263151e-02 -9.140487e-05
1.421806e+01 7.314235e-02 -1.813427e-04
1.421806e+01 1.025928e-01 -2.817256e-04
1.421806e+01 1.448116e-01 -4.671472e-04
1.421806e+01 2.023460e-01 -7.026102e-04
1.421806e+01 2.834245e-01 -1.005962e-03
1.421806e+01 3.967448e-01 -1.387717e-03
1.421806e+01 5.552783e-01 -1.869399e-03
1.421806e+01 7.774819e-01 -2.461852e-03
1.421806e+01 1.088445e+00 -3.155041e-03
1.421806e+01 1.523711e+00 -3.986745e-03
1.421806e+01 2.088426e+00 -4.843031e-03
1.421806e+01 2.685505e+00 -4.953606e-03
1.452242e+01 1.570796e-02 -6.804687e-06
1.452242e+01 2.346256e-02 -1.530251e-05
1.452242e+01 3.503514e-02 -3.632207e-05
1.452242e+01 5.263151e-02 -7.268034e-05
1.452242e+01 7.314235e-02 -1.449359e-04
1.452242e+01 1.025928e-01 -2.255376e-04
1.452242e+01 1.448116e-01 -3.726264e-04
1.452242e+01 2.023460e-01 -5.594749e-04
1.452242e+01 2.834245e-01 -8.029271e-04
1.452242e+01 3.967448e-01 -1.112867e-03
1.452242e+01 5.552783e-01 -1.507989e-03
1.452242e+01 7.774819e-01 -2.011277e-03
1.452242e+01 1.088445e+00 -2.620663e-03
1.452242e+01 1.523711e+00 -3.371427e-03
1.452242e+01 2.088426e+00 -4.157249e-03
1.452242e+01 2.685505e+00 -4.291944e-03
1.483287e+01 1.570796e-02 -5.508839e-06
1.483287e+01 2.346256e-02 -1.170605e-05
1.483287e+01 3.503514e-02 -2.914195e-05
1.483287e+01 5.263151e-02 -5.673281e-05
1.483287e+01 7.314235e-02 -1.151105e-04
1.483287e+01 1.025928e-01 -1.787952e-04
1.483287e+01 1.448116e-01 -2.952454e-04
1.483287e+01 2.023460e-01 -4.446928e-04
1.483287e+01 2.834245e-01 -6.366177e-04
1.483287e+01 3.967448e-01 -8.849253e-04
1.483287e+01 5.552783e-01 -1.210949e-03
1.483287e+01 7.774819e-01 -1.631116e-03
1.483287e+01 1.088445e+00 -2.164755e-03
1.483287e+01 1.523711e+00 -2.834586e-03
1.483287e+01 2.088426e+00 -3.534677e-03
1.483287e+01 2.685505e+00 -3.672890e-03
1.514953e+01 1.570796e-02 -4.412380e-06
1.514953e+01 2.346256e-02 -9.357773e-06
1.514953e+01 3.503514e-02 -2.283082e-05
1.514953e+01 5.263151e-02 -4.410843e-05
1.514953e+01 7.314235e-02 -8.997933e-05
1.514953e+01 1.025928e-01 -1.398961e-04
1.514953e+01 1.448116e-01 -2.319647e-04
1.514953e+01 2.023460e-01 -3.498169e-04
1.514953e+01 2.834245e-01 -5.00535e-04
1.514953e+01 3.967448e-01 -7.009419e-04
1.514953e+01 5.552783e-01 -9.634187e-04
1.514953e+01 7.774819e-01 -1.310088e-03
1.514953e+01 1.088445e+00 -1.770318e-03
1.514953e+01 1.523711e+00 -2.359218e-03
1.514953e+01 2.088426e+00 -2.979729e-03
1.514953e+01 2.685505e+00 -3.11543e-03
1.547252e+01 1.570796e-02 -3.406709e-06
1.547252e+01 2.346256e-02 -7.361674e-06
1.547252e+01 3.503514e-02 -1.812605e-05
1.547252e+01 5.263151e-02 -3.418279e-05
1.547252e+01 7.314235e-02 -7.048723e-05
1.547252e+01 1.025928e-01 -1.088193e-04
1.547252e+01 1.448116e-01 -1.828302e-04
1.547252e+01 2.023460e-01 -2.739979e-04
1.547252e+01 2.834245e-01 -3.937719e-04
1.547252e+01 3.967448e-01 -5.512533e-04
1.547252e+01 5.552783e-01 -7.639009e-04
1.547252e+01 7.774819e-01 -1.050221e-03
1.547252e+01 1.088445e+00 -1.440298e-03
1.547252e+01 1.523711e+00 -1.943029e-03
1.547252e+01 2.088426e+00 -2.482748e-03
1.547252e+01 2.685505e+00 -2.607155e-03
1.580197e+01 1.570796e-02 -2.741128e-06
1.580197e+01 2.346256e-02 -5.646517e-06
1.580197e+01 3.503514e-02 -1.421098e-05
1.580197e+01 5.263151e-02 -2.663561e-05
1.580197e+01 7.314235e-02 -5.473854e-05
1.580197e+01 1.025928e-01 -8.438676e-05
1.580197e+01 1.448116e-01 -1.42859e-04
1.580197e+01 2.023460e-01 -2.126672e-04
1.580197e+01 2.834245e-01 -3.070705e-04
1.580197e+01 3.967448e-01 -4.309359e-04
1.580197e+01 5.552783e-01 -5.999013e-04
1.580197e+01 7.774819e-01 -8.342449e-04
1.580197e+01 1.088445e+00 -1.161522e-03
1.580197e+01 1.523711e+00 -1.594624e-03
1.580197e+01 2.088426e+00 -2.054747e-03
1.580197e+01 2.685505e+00 -2.182693e-03
1.613801e+01 1.570796e-02 -2.195048e-06
1.613801e+01 2.346256e-02 -4.242827e-06
1.613801e+01 3.503514e-02 -1.093146e-05
1.613801e+01 5.263151e-02 -2.099508e-05
1.613801e+01 7.314235e-02 -4.192441e-05
1.613801e+01 1.025928e-01 -6.554971e-05
1.613801e+01 1.448116e-01 -1.101996e-04
1.613801e+01 2.023460e-01 -1.650856e-04
1.613801e+01 2.834245e-01 -2.385921e-04
1.613801e+01 3.967448e-01 -3.367603e-04
1.613801e+01 5.552783e-01 -4.703443e-04
1.613801e+01 7.774819e-01 -6.630799e-04
1.613801e+01 1.088445e+00 -9.345225e-04
1.613801e+01 1.523711e+00 -1.299714e-03
1.613801e+01 2.088426e+00 -1.697233e-03
1.613801e+01 2.685505e+00 -1.809099e-03
1.648077e+01 1.570796e-02 -1.727575e-06
1.648077e+01 2.346256e-02 -3.254686e-06
1.648077e+01 3.503514e-02 -8.377261e-06
1.648077e+01 5.263151e-02 -1.623621e-05
1.648077e+01 7.314235e-02 -3.257543e-05
1.648077e+01 1.025928e-01 -5.00646e-05
1.648077e+01 1.448116e-01 -8.432199e-05
1.648077e+01 2.023460e-01 -1.275091e-04
1.648077e+01 2.834245e-01 -1.843501e-04
1.648077e+01 3.967448e-01 -2.608029e-04
1.648077e+01 5.552783e-01 -3.667838e-04
1.648077e+01 7.774819e-01 -5.241275e-04
1.648077e+01 1.088445e+00 -7.430173e-04
1.648077e+01 1.523711e+00 -1.045493e-03
1.648077e+01 2.088426e+00 -1.379052e-03
1.648077e+01 2.685505e+00 -1.480846e-03
1.683038e+01 1.570796e-02 -1.33617e-06
1.683038e+01 2.346256e-02 -2.333802e-06
1.683038e+01 3.503514e-02 -6.538269e-06
1.683038e+01 5.263151e-02 -1.246900e-05
1.683038e+01 7.314235e-02 -2.458143e-05
1.683038e+01 1.025928e-01 -3.799425e-05
1.683038e+01 1.448116e-01 -6.433058e-05
1.683038e+01 2.023460e-01 -9.712811e-05
1.683038e+01 2.834245e-01 -1.405913e-04
1.683038e+01 3.967448e-01 -1.982117e-04
1.683038e+01 5.552783e-01 -2.830211e-04
1.683038e+01 7.774819e-01 -4.094876e-04
1.683038e+01 1.088445e+00 -5.834754e-04
1.683038e+01 1.523711e+00 -8.295049e-04
1.683038e+01 2.088426e+00 -1.101360e-03
1.683038e+01 2.685505e+00 -1.163605e-03
1.718699e+01 1.570796e-02 -1.070381e-06
1.718699e+01 2.346256e-02 -1.641656e-06
1.718699e+01 3.503514e-02 -5.011767e-06
1.718699e+01 5.263151e-02 -9.377620e-06
1.718699e+01 7.314235e-02 -1.826255e-05
1.718699e+01 1.025928e-01 -2.864468e-05
1.718699e+01 1.448116e-01 -4.780873e-05
1.718699e+01 2.023460e-01 -7.277079e-05
1.718699e+01 2.834245e-01 -1.052295e-04
1.718699e+01 3.967448e-01 -1.492042e-04
1.718699e+01 5.552783e-01 -2.134368e-04
1.718699e+01 7.774819e-01 -3.141776e-04
1.718699e+01 1.088445e+00 -4.504129e-04
1.718699e+01 1.523711e+00 -6.487923e-04
1.718699e+01 2.088426e+00 -8.663849e-04
1.718699e+01 2.685505e+00 -9.217563e-04
1.755073e+01 1.570796e-02 -7.727717e-07
1.755073e+01 2.346256e-02 -1.246842e-06
1.755073e+01 3.503514e-02 -3.612855e-06
1.755073e+01 5.263151e-02 -7.073989e-06
1.755073e+01 7.314235e-02 -1.371488e-05
1.755073e+01 1.025928e-01 -2.110964e-05
1.755073e+01 1.448116e-01 -3.571250e-05
1.755073e+01 2.023460e-01 -5.417289e-05
1.755073e+01 2.834245e-01 -7.798606e-05
1.755073e+01 3.967448e-01 -1.118396e-04
1.755073e+01 5.552783e-01 -1.614391e-04
1.755073e+01 7.774819e-01 -2.386438e-04
1.755073e+01 1.088445e+00 -3.449436e-04
1.755073e+01 1.523711e+00 -4.999909e-04
1.755073e+01 2.088426e+00 -6.705035e-04
1.755073e+01 2.685505e+00 -7.109347e-04
1.792175e+01 1.570796e-02 -5.971689e-07
1.792175e+01 2.346256e-02 -9.024005e-07
1.792175e+01 3.503514e-02 -2.586711e-06
1.792175e+01 5.263151e-02 -5.205166e-06
1.792175e+01 7.314235e-02 -1.003291e-05
1.792175e+01 1.025928e-01 -1.546190e-05
1.792175e+01 1.448116e-01 -2.65286e-05
1.792175e+01 2.023460e-01 -4.042133e-05
1.792175e+01 2.834245e-01 -5.753068e-05
1.792175e+01 3.967448e-01 -8.297066e-05
1.792175e+01 5.552783e-01 -1.201797e-04
1.792175e+01 7.774819e-01 -1.796645e-04
1.792175e+01 1.088445e+00 -2.600995e-04
1.792175e+01 1.523711e+00 -3.795683e-04
1.792175e+01 2.088426e+00 -5.100544e-04
1.792175e+01 2.685505e+00 -5.361876e-04
1.830018e+01 1.570796e-02 -4.345161e-07
1.830018e+01 2.346256e-02 -6.034513e-07
1.830018e+01 3.503514e-02 -1.817699e-06
1.830018e+01 5.263151e-02 -3.776585e-06
1.830018e+01 7.314235e-02 -7.223749e-06
1.830018e+01 1.025928e-01 -1.095056e-05
1.830018e+01 1.448116e-01 -1.884199e-05
1.830018e+01 2.023460e-01 -2.889199e-05
1.830018e+01 2.834245e-01 -4.163707e-05
1.830018e+01 3.967448e-01 -5.993924e-05
1.830018e+01 5.552783e-01 -8.75186e-05
1.830018e+01 7.774819e-01 -1.319445e-04
1.830018e+01 1.088445e+00 -1.910174e-04
1.830018e+01 1.523711e+00 -2.782404e-04
1.830018e+01 2.088426e+00 -3.767939e-04
1.830018e+01 2.685505e+00 -3.95919e-04
1.868618e+01 1.570796e-02 -3.229765e-07
1.868618e+01 2.346256e-02 -4.408987e-07
1.868618e+01 3.503514e-02 -1.295775e-06
1.868618e+01 5.263151e-02 -2.641110e-06
1.868618e+01 7.314235e-02 -4.994758e-06
1.868618e+01 1.025928e-01 -7.634689e-06
1.868618e+01 1.448116e-01 -1.333462e-05
1.868618e+01 2.023460e-01 -2.041752e-05
1.868618e+01 2.834245e-01 -2.91481e-05
1.868618e+01 3.967448e-01 -4.242676e-05
1.868618e+01 5.552783e-01 -6.217667e-05
1.868618e+01 7.774819e-01 -9.477855e-05
1.868618e+01 1.088445e+00 -1.375848e-04
1.868618e+01 1.523711e+00 -2.010199e-04
1.868618e+01 2.088426e+00 -2.736976e-04
1.868618e+01 2.685505e+00 -2.879674e-04
1.907991e+01 1.570796e-02 -2.247473e-07
1.907991e+01 2.346256e-02 -2.881506e-07
1.907991e+01 3.503514e-02 -8.822624e-07
1.907991e+01 5.263151e-02 -1.759120e-06
1.907991e+01 7.314235e-02 -3.356501e-06
1.907991e+01 1.025928e-01 -5.062131e-06
1.907991e+01 1.448116e-01 -9.062520e-06
1.907991e+01 2.023460e-01 -1.404536e-05
1.907991e+01 2.834245e-01 -1.978490e-05
1.907991e+01 3.967448e-01 -2.921407e-05
1.907991e+01 5.552783e-01 -4.352553e-05
1.907991e+01 7.774819e-01 -6.654184e-05
1.907991e+01 1.088445e+00 -9.625507e-05
1.907991e+01 1.523711e+00 -1.411048e-04
1.907991e+01 2.088426e+00 -1.939207e-04
1.907991e+01 2.685505e+00 -2.030197e-04
1.948151e+01 1.570796e-02 -1.419105e-07
1.948151e+01 2.346256e-02 -1.663493e-07
1.948151e+01 3.503514e-02 -6.110927e-07
1.948151e+01 5.263151e-02 -1.155693e-06
1.948151e+01 7.314235e-02 -2.263427e-06
1.948151e+01 1.025928e-01 -3.347191e-06
1.948151e+01 1.448116e-01 -6.077709e-06
1.948151e+01 2.023460e-01 -9.420745e-06
1.948151e+01 2.834245e-01 -1.34604e-05
1.948151e+01 3.967448e-01 -2.007335e-05
1.948151e+01 5.552783e-01 -2.970020e-05
1.948151e+01 7.774819e-01 -4.566944e-05
1.948151e+01 1.088445e+00 -6.574022e-05
1.948151e+01 1.523711e+00 -9.664288e-05
1.948151e+01 2.088426e+00 -1.338234e-04
1.948151e+01 2.685505e+00 -1.431084e-04
1.989114e+01 1.570796e-02 -1.003343e-07
1.989114e+01 2.346256e-02 -1.017921e-07
1.989114e+01 3.503514e-02 -4.165039e-07
1.989114e+01 5.263151e-02 -7.419523e-07
1.989114e+01 7.314235e-02 -1.48201e-06
1.989114e+01 1.025928e-01 -2.256402e-06
1.989114e+01 1.448116e-01 -3.97306e-06
1.989114e+01 2.023460e-01 -6.241169e-06
1.989114e+01 2.834245e-01 -8.890690e-06
1.989114e+01 3.967448e-01 -1.326863e-05
1.989114e+01 5.552783e-01 -1.986073e-05
1.989114e+01 7.774819e-01 -3.057783e-05
1.989114e+01 1.088445e+00 -4.417019e-05
1.989114e+01 1.523711e+00 -6.488337e-05
1.989114e+01 2.088426e+00 -9.110169e-05
1.989114e+01 2.685505e+00 -9.978433e-05
2.030896e+01 1.570796e-02 -6.248282e-08
2.030896e+01 2.346256e-02 -6.095822e-08
2.030896e+01 3.503514e-02 -2.559264e-07
2.030896e+01 5.263151e-02 -4.620087e-07
2.030896e+01 7.314235e-02 -8.989390e-07
2.030896e+01 1.025928e-01 -1.422769e-06
2.030896e+01 1.448116e-01 -2.567115e-06
2.030896e+01 2.023460e-01 -3.912919e-06
2.030896e+01 2.834245e-01 -5.636720e-06
2.030896e+01 3.967448e-01 -8.532853e-06
2.030896e+01 5.552783e-01 -1.309291e-05
2.030896e+01 7.774819e-01 -2.007398e-05
2.030896e+01 1.088445e+00 -2.899436e-05
2.030896e+01 1.523711e+00 -4.252431e-05
2.030896e+01 2.088426e+00 -6.025883e-05
2.030896e+01 2.685505e+00 -6.691412e-05
2.073514e+01 1.570796e-02 -4.048914e-08
2.073514e+01 2.346256e-02 -2.772114e-08
2.073514e+01 3.503514e-02 -1.689787e-07
2.073514e+01 5.263151e-02 -2.826586e-07
2.073514e+01 7.314235e-02 -5.415423e-07
2.073514e+01 1.025928e-01 -8.528204e-07
2.073514e+01 1.448116e-01 -1.647179e-06
2.073514e+01 2.023460e-01 -2.558794e-06
2.073514e+01 2.834245e-01 -3.607399e-06
2.073514e+01 3.967448e-01 -5.497188e-06
2.073514e+01 5.552783e-01 -8.433163e-06
2.073514e+01 7.774819e-01 -1.299525e-05
2.073514e+01 1.088445e+00 -1.871708e-05
2.073514e+01 1.523711e+00 -2.755292e-05
2.073514e+01 2.088426e+00 -3.909345e-05
2.073514e+01 2.685505e+00 -4.155246e-05
2.116984e+01 1.570796e-02 -2.791292e-08
2.116984e+01 2.346256e-02 -1.581072e-08
2.116984e+01 3.503514e-02 -1.021156e-07
2.116984e+01 5.263151e-02 -1.663758e-07
2.116984e+01 7.314235e-02 -3.521677e-07
2.116984e+01 1.025928e-01 -5.284117e-07
2.116984e+01 1.448116e-01 -1.021328e-06
2.116984e+01 2.023460e-01 -1.598032e-06
2.116984e+01 2.834245e-01 -2.205779e-06
2.116984e+01 3.967448e-01 -3.432852e-06
2.116984e+01 5.552783e-01 -5.277360e-06
2.116984e+01 7.774819e-01 -8.102186e-06
2.116984e+01 1.088445e+00 -1.184894e-05
2.116984e+01 1.523711e+00 -1.795757e-05
2.116984e+01 2.088426e+00 -2.511724e-05
2.116984e+01 2.685505e+00 -2.646173e-05
2.161324e+01 1.570796e-02 -1.68143e-08
2.161324e+01 2.346256e-02 -7.920717e-09
2.161324e+01 3.503514e-02 -5.588971e-08
2.161324e+01 5.263151e-02 -1.050072e-07
2.161324e+01 7.314235e-02 -2.090932e-07
2.161324e+01 1.025928e-01 -3.20788e-07
2.161324e+01 1.448116e-01 -6.02085e-07
2.161324e+01 2.023460e-01 -9.290369e-07
2.161324e+01 2.834245e-01 -1.313302e-06
2.161324e+01 3.967448e-01 -2.045644e-06
2.161324e+01 5.552783e-01 -3.196180e-06
2.161324e+01 7.774819e-01 -4.993351e-06
2.161324e+01 1.088445e+00 -7.300922e-06
2.161324e+01 1.523711e+00 -1.128054e-05
2.161324e+01 2.088426e+00 -1.584002e-05
2.161324e+01 2.685505e+00 -1.698008e-05
2.206550e+01 1.570796e-02 4.481288e-10
2.206550e+01 2.346256e-02 1.138319e-09
2.206550e+01 3.503514e-02 2.302496e-09
2.206550e+01 5.263151e-02 4.717201e-09
2.206550e+01 7.314235e-02 9.87378e-09
2.206550e+01 1.025928e-01 1.471111e-08
2.206550e+01 1.448116e-01 2.496711e-08
2.206550e+01 2.023460e-01 3.657613e-08
2.206550e+01 2.834245e-01 5.34836e-08
2.206550e+01 3.967448e-01 7.571014e-08
2.206550e+01 5.552783e-01 1.053081e-07
2.206550e+01 7.774819e-01 1.360338e-07
2.206550e+01 1.088445e+00 1.506797e-07
2.206550e+01 1.523711e+00 1.317056e-07
2.206550e+01 2.088426e+00 9.030637e-08
2.206550e+01 2.685505e+00 4.890008e-08
2.252681e+01 1.570796e-02 4.221420e-10
2.252681e+01 2.346256e-02 1.071762e-09
2.252681e+01 3.503514e-02 2.170123e-09
2.252681e+01 5.263151e-02 4.441067e-09
2.252681e+01 7.314235e-02 9.30405e-09
2.252681e+01 1.025928e-01 1.385867e-08
2.252681e+01 1.448116e-01 2.354877e-08
2.252681e+01 2.023460e-01 3.459926e-08
2.252681e+01 2.834245e-01 5.085761e-08
2.252681e+01 3.967448e-01 7.248198e-08
2.252681e+01 5.552783e-01 1.014888e-07
2.252681e+01 7.774819e-01 1.317622e-07
2.252681e+01 1.088445e+00 1.468339e-07
2.252681e+01 1.523711e+00 1.296306e-07
2.252681e+01 2.088426e+00 8.987798e-08
2.252681e+01 2.685505e+00 4.86618e-08
2.299735e+01 1.570796e-02 3.966266e-10
2.299735e+01 2.346256e-02 1.00724e-09
2.299735e+01 3.503514e-02 2.040206e-09
2.299735e+01 5.263151e-02 4.170874e-09
2.299735e+01 7.314235e-02 8.748018e-09
2.299735e+01 1.025928e-01 1.302499e-08
2.299735e+01 1.448116e-01 2.216975e-08
2.299735e+01 2.023460e-01 3.266729e-08
2.299735e+01 2.834245e-01 4.828681e-08
2.299735e+01 3.967448e-01 6.928403e-08
2.299735e+01 5.552783e-01 9.760723e-08
2.299735e+01 7.774819e-01 1.27396e-07
2.299735e+01 1.088445e+00 1.427918e-07
2.299735e+01 1.523711e+00 1.274934e-07
2.299735e+01 2.088426e+00 8.945955e-08
2.299735e+01 2.685505e+00 4.822736e-08
2.34773e+01 1.570796e-02 3.717981e-10
2.34773e+01 2.346256e-02 9.443155e-10
2.34773e+01 3.503514e-02 1.913195e-09
2.34773e+01 5.263151e-02 3.908292e-09
2.34773e+01 7.314235e-02 8.204134e-09
2.34773e+01 1.025928e-01 1.221077e-08
2.34773e+01 1.448116e-01 2.081890e-08
2.34773e+01 2.023460e-01 3.078468e-08
2.34773e+01 2.834245e-01 4.575943e-08
2.34773e+01 3.967448e-01 6.609856e-08
2.34773e+01 5.552783e-01 9.367714e-08
2.34773e+01 7.774819e-01 1.22871e-07
2.34773e+01 1.088445e+00 1.387194e-07
2.34773e+01 1.523711e+00 1.253612e-07
2.34773e+01 2.088426e+00 8.928521e-08
2.34773e+01 2.685505e+00 4.809434e-08
2.396684e+01 1.570796e-02 3.476222e-10
2.396684e+01 2.346256e-02 8.838283e-10
2.396684e+01 3.503514e-02 1.789459e-09
2.396684e+01 5.263151e-02 3.652658e-09
2.396684e+01 7.314235e-02 7.674472e-09
2.396684e+01 1.025928e-01 1.142101e-08
2.396684e+01 1.448116e-01 1.950367e-08
2.396684e+01 2.023460e-01 2.895238e-08
2.396684e+01 2.834245e-01 4.328885e-08
2.396684e+01 3.967448e-01 6.293747e-08
2.396684e+01 5.552783e-01 8.970459e-08
2.396684e+01 7.774819e-01 1.182609e-07
2.396684e+01 1.088445e+00 1.344484e-07
2.396684e+01 1.523711e+00 1.23236e-07
2.396684e+01 2.088426e+00 8.906063e-08
2.396684e+01 2.685505e+00 4.784786e-08
2.446618e+01 1.570796e-02 3.240791e-10
2.446618e+01 2.346256e-02 8.246161e-10
2.446618e+01 3.503514e-02 1.668378e-09
2.446618e+01 5.263151e-02 3.404494e-09
2.446618e+01 7.314235e-02 7.158827e-09
2.446618e+01 1.025928e-01 1.065472e-08
2.446618e+01 1.448116e-01 1.822489e-08
2.446618e+01 2.023460e-01 2.716811e-08
2.446618e+01 2.834245e-01 4.086338e-08
2.446618e+01 3.967448e-01 5.977507e-08
2.446618e+01 5.552783e-01 8.565296e-08
2.446618e+01 7.774819e-01 1.134761e-07
2.446618e+01 1.088445e+00 1.300558e-07
2.446618e+01 1.523711e+00 1.210346e-07
2.446618e+01 2.088426e+00 8.900680e-08
2.446618e+01 2.685505e+00 4.792714e-08
2.497550e+01 1.570796e-02 3.011489e-10
2.497550e+01 2.346256e-02 7.668205e-10
2.497550e+01 3.503514e-02 1.550858e-09
2.497550e+01 5.263151e-02 3.162667e-09
2.497550e+01 7.314235e-02 6.658143e-09
2.497550e+01 1.025928e-01 9.908743e-09
2.497550e+01 1.448116e-01 1.698029e-08
2.497550e+01 2.023460e-01 2.542969e-08
2.497550e+01 2.834245e-01 3.847223e-08
2.497550e+01 3.967448e-01 5.66096e-08
2.497550e+01 5.552783e-01 8.152379e-08
2.497550e+01 7.774819e-01 1.085458e-07
2.497550e+01 1.088445e+00 1.255016e-07
2.497550e+01 1.523711e+00 1.187694e-07
2.497550e+01 2.088426e+00 8.903607e-08
2.497550e+01 2.685505e+00 4.826137e-08
2.549501e+01 1.570796e-02 2.789381e-10
2.549501e+01 2.346256e-02 7.110585e-10
2.549501e+01 3.503514e-02 1.436362e-09
2.549501e+01 5.263151e-02 2.928837e-09
2.549501e+01 7.314235e-02 6.170486e-09
2.549501e+01 1.025928e-01 9.187826e-09
2.549501e+01 1.448116e-01 1.576600e-08
2.549501e+01 2.023460e-01 2.372879e-08
2.549501e+01 2.834245e-01 3.610357e-08
2.549501e+01 3.967448e-01 5.341126e-08
2.549501e+01 5.552783e-01 7.731585e-08
2.549501e+01 7.774819e-01 1.034838e-07
2.549501e+01 1.088445e+00 1.207762e-07
2.549501e+01 1.523711e+00 1.163969e-07
2.549501e+01 2.088426e+00 8.912023e-08
2.549501e+01 2.685505e+00 4.892230e-08
2.602491e+01 1.570796e-02 2.571605e-10
2.602491e+01 2.346256e-02 6.566376e-10
2.602491e+01 3.503514e-02 1.324328e-09
2.602491e+01 5.263151e-02 2.701316e-09
2.602491e+01 7.314235e-02 5.695359e-09
2.602491e+01 1.025928e-01 8.485112e-09
2.602491e+01 1.448116e-01 1.458277e-08
2.602491e+01 2.023460e-01 2.206121e-08
2.602491e+01 2.834245e-01 3.37507e-08
2.602491e+01 3.967448e-01 5.0189e-08
2.602491e+01 5.552783e-01 7.301922e-08
2.602491e+01 7.774819e-01 9.831832e-08
2.602491e+01 1.088445e+00 1.158622e-07
2.602491e+01 1.523711e+00 1.138563e-07
2.602491e+01 2.088426e+00 8.927735e-08
2.602491e+01 2.685505e+00 4.986437e-08
2.656541e+01 1.570796e-02 2.360892e-10
2.656541e+01 2.346256e-02 6.03493e-10
2.656541e+01 3.503514e-02 1.215281e-09
2.656541e+01 5.263151e-02 2.479659e-09
2.656541e+01 7.314235e-02 5.232832e-09
2.656541e+01 1.025928e-01 7.800122e-09
2.656541e+01 1.448116e-01 1.342589e-08
2.656541e+01 2.023460e-01 2.042261e-08
2.656541e+01 2.834245e-01 3.140932e-08
2.656541e+01 3.967448e-01 4.694037e-08
2.656541e+01 5.552783e-01 6.862379e-08
2.656541e+01 7.774819e-01 9.291800e-08
2.656541e+01 1.088445e+00 1.107013e-07
2.656541e+01 1.523711e+00 1.11044e-07
2.656541e+01 2.088426e+00 8.944855e-08
2.656541e+01 2.685505e+00 5.106964e-08
2.711672e+01 1.570796e-02 2.154634e-10
2.711672e+01 2.346256e-02 5.520591e-10
2.711672e+01 3.503514e-02 1.109337e-09
2.711672e+01 5.263151e-02 2.264074e-09
2.711672e+01 7.314235e-02 4.782701e-09
2.711672e+01 1.025928e-01 7.134285e-09
2.711672e+01 1.448116e-01 1.229975e-08
2.711672e+01 2.023460e-01 1.880468e-08
2.711672e+01 2.834245e-01 2.908078e-08
2.711672e+01 3.967448e-01 4.366598e-08
2.711672e+01 5.552783e-01 6.412539e-08
2.711672e+01 7.774819e-01 8.734253e-08
2.711672e+01 1.088445e+00 1.052852e-07
2.711672e+01 1.523711e+00 1.078816e-07
2.711672e+01 2.088426e+00 8.953807e-08
2.711672e+01 2.685505e+00 5.298664e-08
2.767905e+01 1.570796e-02 1.953872e-10
2.767905e+01 2.346256e-02 5.017898e-10
2.767905e+01 3.503514e-02 1.006106e-09
2.767905e+01 5.263151e-02 2.054299e-09
2.767905e+01 7.314235e-02 4.344434e-09
2.767905e+01 1.025928e-01 6.485523e-09
2.767905e+01 1.448116e-01 1.119639e-08
2.767905e+01 2.023460e-01 1.721570e-08
2.767905e+01 2.834245e-01 2.675650e-08
2.767905e+01 3.967448e-01 4.03433e-08
2.767905e+01 5.552783e-01 5.953303e-08
2.767905e+01 7.774819e-01 8.154885e-08
2.767905e+01 1.088445e+00 9.953917e-08
2.767905e+01 1.523711e+00 1.042944e-07
2.767905e+01 2.088426e+00 8.949728e-08
2.767905e+01 2.685505e+00 5.510838e-08
2.825263e+01 1.570796e-02 1.758835e-10
2.825263e+01 2.346256e-02 4.525459e-10
2.825263e+01 3.503514e-02 9.051209e-10
2.825263e+01 5.263151e-02 1.850065e-09
2.825263e+01 7.314235e-02 3.916358e-09
2.825263e+01 1.025928e-01 5.853571e-09
2.825263e+01 1.448116e-01 1.012091e-08
2.825263e+01 2.023460e-01 1.563879e-08
2.825263e+01 2.834245e-01 2.442692e-08
2.825263e+01 3.967448e-01 3.697863e-08
2.825263e+01 5.552783e-01 5.481502e-08
2.825263e+01 7.774819e-01 7.557405e-08
2.825263e+01 1.088445e+00 9.337669e-08
2.825263e+01 1.523711e+00 1.002669e-07
2.825263e+01 2.088426e+00 8.914914e-08
2.825263e+01 2.685505e+00 5.779155e-08
2.883769e+01 1.570796e-02 1.568386e-10
2.883769e+01 2.346256e-02 4.046968e-10
2.883769e+01 3.503514e-02 8.070651e-10
2.883769e+01 5.263151e-02 1.651135e-09
2.883769e+01 7.314235e-02 3.499181e-09
2.883769e+01 1.025928e-01 5.237090e-09
2.883769e+01 1.448116e-01 9.067426e-09
2.883769e+01 2.023460e-01 1.408424e-08
2.883769e+01 2.834245e-01 2.209694e-08
2.883769e+01 3.967448e-01 3.35726e-08
2.883769e+01 5.552783e-01 4.998288e-08
2.883769e+01 7.774819e-01 6.93636e-08
2.883769e+01 1.088445e+00 8.685759e-08
2.883769e+01 1.523711e+00 9.556883e-08
2.883769e+01 2.088426e+00 8.839228e-08
2.883769e+01 2.685505e+00 6.093606e-08
2.943444e+01 1.570796e-02 1.382337e-10
2.943444e+01 2.346256e-02 3.576700e-10
2.943444e+01 3.503514e-02 7.113029e-10
2.943444e+01 5.263151e-02 1.456885e-09
2.943444e+01 7.314235e-02 3.092358e-09
2.943444e+01 1.025928e-01 4.634377e-09
2.943444e+01 1.448116e-01 8.035370e-09
2.943444e+01 2.023460e-01 1.254245e-08
2.943444e+01 2.834245e-01 1.976279e-08
2.943444e+01 3.967448e-01 3.012144e-08
2.943444e+01 5.552783e-01 4.505449e-08
2.943444e+01 7.774819e-01 6.294007e-08
2.943444e+01 1.088445e+00 7.987318e-08
2.943444e+01 1.523711e+00 9.014156e-08
2.943444e+01 2.088426e+00 8.693998e-08
2.943444e+01 2.685505e+00 6.420372e-08
3.004313e+01 1.570796e-02 1.201871e-10
3.004313e+01 2.346256e-02 3.117774e-10
3.004313e+01 3.503514e-02 6.181316e-10
3.004313e+01 5.263151e-02 1.267793e-09
3.004313e+01 7.314235e-02 2.694929e-09
3.004313e+01 1.025928e-01 4.044615e-09
3.004313e+01 1.448116e-01 7.021602e-09
3.004313e+01 2.023460e-01 1.101368e-08
3.004313e+01 2.834245e-01 1.742595e-08
3.004313e+01 3.967448e-01 2.662854e-08
3.004313e+01 5.552783e-01 4.000411e-08
3.004313e+01 7.774819e-01 5.623271e-08
3.004313e+01 1.088445e+00 7.240076e-08
3.004313e+01 1.523711e+00 8.386577e-08
3.004313e+01 2.088426e+00 8.471553e-08
3.004313e+01 2.685505e+00 6.764921e-08
3.066399e+01 1.570796e-02 1.025383e-10
3.066399e+01 2.346256e-02 2.670064e-10
3.066399e+01 3.503514e-02 5.272779e-10
3.066399e+01 5.263151e-02 1.083446e-09
3.066399e+01 7.314235e-02 2.306398e-09
3.066399e+01 1.025928e-01 3.466668e-09
3.066399e+01 1.448116e-01 6.026812e-09
3.066399e+01 2.023460e-01 9.497024e-09
3.066399e+01 2.834245e-01 1.508531e-08
3.066399e+01 3.967448e-01 2.310604e-08
3.066399e+01 5.552783e-01 3.486446e-08
3.066399e+01 7.774819e-01 4.930934e-08
3.066399e+01 1.088445e+00 6.438957e-08
3.066399e+01 1.523711e+00 7.668656e-08
3.066399e+01 2.088426e+00 8.132028e-08
3.066399e+01 2.685505e+00 7.052465e-08
3.129727e+01 1.570796e-02 8.545967e-11
3.129727e+01 2.346256e-02 2.230691e-10
3.129727e+01 3.503514e-02 4.389637e-10
3.129727e+01 5.263151e-02 9.035716e-10
3.129727e+01 7.314235e-02 1.926717e-09
3.129727e+01 1.025928e-01 2.90058e-09
3.129727e+01 1.448116e-01 5.050060e-09
3.129727e+01 2.023460e-01 7.993438e-09
3.129727e+01 2.834245e-01 1.274185e-08
3.129727e+01 3.967448e-01 1.955572e-08
3.129727e+01 5.552783e-01 2.962568e-08
3.129727e+01 7.774819e-01 4.215486e-08
3.129727e+01 1.088445e+00 5.582910e-08
3.129727e+01 1.523711e+00 6.846005e-08
3.129727e+01 2.088426e+00 7.638949e-08
3.129727e+01 2.685505e+00 7.198972e-08
3.194322e+01 1.570796e-02 6.876918e-11
3.194322e+01 2.346256e-02 1.801483e-10
3.194322e+01 3.503514e-02 3.531369e-10
3.194322e+01 5.263151e-02 7.281855e-10
3.194322e+01 7.314235e-02 1.555574e-09
3.194322e+01 1.025928e-01 2.345683e-09
3.194322e+01 1.448116e-01 4.088905e-09
3.194322e+01 2.023460e-01 6.500817e-09
3.194322e+01 2.834245e-01 1.039446e-08
3.194322e+01 3.967448e-01 1.598215e-08
3.194322e+01 5.552783e-01 2.430254e-08
3.194322e+01 7.774819e-01 3.479154e-08
3.194322e+01 1.088445e+00 4.674643e-08
3.194322e+01 1.523711e+00 5.902492e-08
3.194322e+01 2.088426e+00 6.954604e-08
3.194322e+01 2.685505e+00 7.165446e-08
3.260208e+01 1.570796e-02 5.263611e-11
3.260208e+01 2.346256e-02 1.382641e-10
3.260208e+01 3.503514e-02 2.697628e-10
3.260208e+01 5.263151e-02 5.576562e-10
3.260208e+01 7.314235e-02 1.194036e-09
3.260208e+01 1.025928e-01 1.802872e-09
3.260208e+01 1.448116e-01 3.147367e-09
3.260208e+01 2.023460e-01 5.022778e-09
3.260208e+01 2.834245e-01 8.053316e-09
3.260208e+01 3.967448e-01 1.24019e-08
3.260208e+01 5.552783e-01 1.891814e-08
3.260208e+01 7.774819e-01 2.72505e-08
3.260208e+01 1.088445e+00 3.709764e-08
3.260208e+01 1.523711e+00 4.829977e-08
3.260208e+01 2.088426e+00 6.024872e-08
3.260208e+01 2.685505e+00 6.790206e-08
3.327412e+01 1.570796e-02 3.660714e-11
3.327412e+01 2.346256e-02 9.679799e-11
3.327412e+01 3.503514e-02 1.875627e-10
3.327412e+01 5.263151e-02 3.885448e-10
3.327412e+01 7.314235e-02 8.343662e-10
3.327412e+01 1.025928e-01 1.261938e-09
3.327412e+01 1.448116e-01 2.207067e-09
3.327412e+01 2.023460e-01 3.537377e-09
3.327412e+01 2.834245e-01 5.689396e-09
3.327412e+01 3.967448e-01 8.776659e-09
3.327412e+01 5.552783e-01 1.343332e-08
3.327412e+01 7.774819e-01 1.948475e-08
3.327412e+01 1.088445e+00 2.687848e-08
3.327412e+01 1.523711e+00 3.611496e-08
3.327412e+01 2.088426e+00 4.786629e-08
3.327412e+01 2.685505e+00 5.915552e-08
3.395961e+01 1.570796e-02 2.237629e-11
3.395961e+01 2.346256e-02 5.963746e-11
3.395961e+01 3.503514e-02 1.148724e-10
3.395961e+01 5.263151e-02 2.387468e-10
3.395961e+01 7.314235e-02 5.137318e-10
3.395961e+01 1.025928e-01 7.764875e-10
3.395961e+01 1.448116e-01 1.355271e-09
3.395961e+01 2.023460e-01 2.166561e-09
3.395961e+01 2.834245e-01 3.471092e-09
3.395961e+01 3.967448e-01 5.317664e-09
3.395961e+01 5.552783e-01 8.100981e-09
3.395961e+01 7.774819e-01 1.174057e-08
3.395961e+01 1.088445e+00 1.630511e-08
3.395961e+01 1.523711e+00 2.24744e-08
3.395961e+01 2.088426e+00 3.161446e-08
3.395961e+01 2.685505e+00 4.255675e-08
3.46588e+01 1.570796e-02 6.942261e-12
3.46588e+01 2.346256e-02 1.585082e-11
3.46588e+01 3.503514e-02 3.583793e-11
3.46588e+01 5.263151e-02 6.88624e-11
3.46588e+01 7.314235e-02 1.51272e-10
3.46588e+01 1.025928e-01 2.282081e-10
3.46588e+01 1.448116e-01 4.004545e-10
3.46588e+01 2.023460e-01 6.526871e-10
3.46588e+01 2.834245e-01 1.060763e-09
3.46588e+01 3.967448e-01 1.647645e-09
3.46588e+01 5.552783e-01 2.533257e-09
3.46588e+01 7.774819e-01 3.727273e-09
3.46588e+01 1.088445e+00 5.279126e-09
3.46588e+01 1.523711e+00 7.531910e-09
3.46588e+01 2.088426e+00 1.116960e-08
3.46588e+01 2.685505e+00 1.605271e-08
3.537197e+01 1.570796e-02 0.e+00
3.537197e+01 2.346256e-02 0.e+00
3.537197e+01 3.503514e-02 0.e+00
3.537197e+01 5.263151e-02 0.e+00
3.537197e+01 7.314235e-02 0.e+00
3.537197e+01 1.025928e-01 0.e+00
3.537197e+01 1.448116e-01 0.e+00
3.537197e+01 2.023460e-01 0.e+00
3.537197e+01 2.834245e-01 0.e+00
3.537197e+01 3.967448e-01 0.e+00
3.537197e+01 5.552783e-01 0.e+00
3.537197e+01 7.774819e-01 0.e+00
3.537197e+01 1.088445e+00 0.e+00
3.537197e+01 1.523711e+00 0.e+00
3.537197e+01 2.088426e+00 0.e+00
3.537197e+01 2.685505e+00 0.e+00
