9.208103e-04 1.877261e-04
9.419703e-04 2.036395e-04
9.641256e-04 2.213301e-04
9.873482e-04 2.410467e-04
1.011717e-03 2.630802e-04
1.037319e-03 2.877721e-04
1.064251e-03 3.155254e-04
1.092618e-03 3.468168e-04
1.12254e-03 3.822138e-04
1.154146e-03 4.223944e-04
1.187583e-03 4.681728e-04
1.223015e-03 5.205327e-04
1.260627e-03 5.806682e-04
1.300626e-03 6.500386e-04
1.343246e-03 7.304380e-04
1.388754e-03 8.240874e-04
1.437454e-03 9.337563e-04
1.489693e-03 1.062925e-03
1.545873e-03 1.216004e-03
1.606456e-03 1.398633e-03
1.671981e-03 1.618093e-03
1.743078e-03 1.883885e-03
1.820491e-03 2.208545e-03
1.905099e-03 2.608824e-03
1.997956e-03 3.107412e-03
2.100327e-03 3.735499e-03
2.213756e-03 4.536681e-03
2.340136e-03 5.573011e-03
2.481819e-03 6.934637e-03
2.641764e-03 8.755561e-03
2.823746e-03 1.124021e-02
3.032654e-03 1.470982e-02
3.274943e-03 1.968674e-02
3.559308e-03 2.705479e-02
3.897752e-03 3.838135e-02
4.307322e-03 5.66074e-02
4.813074e-03 8.764518e-02
5.453393e-03 1.444531e-01
6.290228e-03 2.587896e-01
7.430448e-03 5.211363e-01
9.075559e-03 1.251278e+00
1.165628e-02 4.035713e+00
1.628788e-02 2.375135e+01
2.702703e-02 2.521799e+01
2.74937e-02 2.614181e+01
2.804357e-02 2.516546e+01
2.860444e-02 2.418953e+01
2.917653e-02 2.325038e+01
2.976006e-02 2.234656e+01
3.035526e-02 2.147688e+01
3.096237e-02 2.064004e+01
3.158162e-02 1.983489e+01
3.221325e-02 1.906024e+01
3.285751e-02 1.831506e+01
3.351466e-02 1.759819e+01
3.418496e-02 1.690862e+01
3.486866e-02 1.624537e+01
3.556603e-02 1.560746e+01
3.627735e-02 1.499392e+01
3.70029e-02 1.440394e+01
3.774296e-02 1.383661e+01
3.849782e-02 1.329107e+01
3.926777e-02 1.276653e+01
4.005313e-02 1.226227e+01
4.085418e-02 1.177749e+01
4.167127e-02 1.131154e+01
4.25047e-02 1.086374e+01
4.335479e-02 1.043342e+01
4.422188e-02 1.002009e+01
4.510632e-02 9.62317e+00
4.600845e-02 9.242181e+00
4.692862e-02 8.876801e+00
4.786718e-02 8.526714e+00
4.882453e-02 8.191739e+00
4.980102e-02 7.871819e+00
5.079706e-02 7.56709e+00
5.181299e-02 7.277918e+00
5.284923e-02 7.004813e+00
5.390623e-02 6.748749e+00
5.498436e-02 6.510962e+00
5.608405e-02 6.293151e+00
5.720572e-02 6.097443e+00
5.834983e-02 5.927125e+00
5.951683e-02 5.785814e+00
6.070717e-02 5.678056e+00
6.192131e-02 5.609923e+00
6.315974e-02 5.588716e+00
6.442294e-02 5.623482e+00
6.57114e-02 5.724242e+00
6.702561e-02 5.906392e+00
6.836611e-02 6.186159e+00
6.973345e-02 6.582386e+00
7.112811e-02 7.119307e+00
7.255067e-02 7.825932e+00
7.400172e-02 8.735805e+00
7.548172e-02 9.894652e+00
7.699136e-02 1.135566e+01
7.853121e-02 1.318779e+01
8.010183e-02 1.547282e+01
8.170389e-02 1.831392e+01
8.333792e-02 2.182047e+01
8.500467e-02 2.616846e+01
8.670478e-02 3.154381e+01
8.843891e-02 3.820232e+01
9.020769e-02 4.645411e+01
9.201181e-02 5.665424e+01
9.385205e-02 6.927217e+01
9.572909e-02 8.492721e+01
9.764367e-02 1.044797e+02
9.959654e-02 1.287244e+02
1.015885e-01 1.585442e+02
1.036203e-01 1.948147e+02
1.056926e-01 2.378039e+02
1.078065e-01 2.873876e+02
1.099626e-01 3.438159e+02
1.121619e-01 4.073542e+02
1.144051e-01 4.787751e+02
1.166932e-01 5.590157e+02
1.190271e-01 6.490721e+02
1.214076e-01 7.498216e+02
1.238358e-01 8.615691e+02
1.263125e-01 9.842023e+02
1.288388e-01 1.118406e+03
1.314155e-01 1.265217e+03
1.340438e-01 1.425726e+03
1.367247e-01 1.60109e+03
1.394592e-01 1.792466e+03
1.422484e-01 2.001029e+03
1.450934e-01 2.227855e+03
1.479952e-01 2.473459e+03
1.509551e-01 2.737871e+03
1.539742e-01 3.021681e+03
1.570537e-01 3.325948e+03
1.601948e-01 3.651856e+03
1.633987e-01 4.000567e+03
1.666667e-01 4.373166e+03
