5.e+00 8.664557e-04
5.12e+00 4.605045e-03
5.2424e+00 1.67293e-02
5.367248e+00 4.175674e-02
5.494593e+00 7.648164e-02
5.624485e+00 1.225805e-01
5.756975e+00 1.785191e-01
5.892114e+00 2.376843e-01
6.029956e+00 2.997335e-01
6.170555e+00 3.597559e-01
6.313967e+00 4.155781e-01
6.460246e+00 4.682693e-01
6.609451e+00 5.167770e-01
6.76164e+00 5.617557e-01
6.916873e+00 6.033848e-01
7.075210e+00 6.415998e-01
7.236714e+00 6.769660e-01
7.401449e+00 7.095057e-01
7.569477e+00 7.399782e-01
7.740867e+00 7.671075e-01
7.915684e+00 7.918515e-01
8.093998e+00 8.144768e-01
8.275878e+00 8.350546e-01
8.461396e+00 8.536329e-01
8.650623e+00 8.705515e-01
8.843636e+00 8.861077e-01
9.040509e+00 8.998820e-01
9.241319e+00 9.123393e-01
9.446145e+00 9.241072e-01
9.655068e+00 9.341460e-01
9.86817e+00 9.429243e-01
1.008553e+01 9.507693e-01
1.030724e+01 9.578356e-01
1.053339e+01 9.639257e-01
1.076406e+01 9.692709e-01
1.099934e+01 9.740085e-01
1.123932e+01 9.780737e-01
1.148411e+01 9.815648e-01
1.173379e+01 9.845980e-01
1.198847e+01 9.873023e-01
1.224824e+01 9.894744e-01
1.251320e+01 9.913011e-01
1.278347e+01 9.928656e-01
1.305914e+01 9.94181e-01
1.334032e+01 9.952552e-01
1.362713e+01 9.961458e-01
1.391967e+01 9.969024e-01
1.421806e+01 9.975218e-01
1.452242e+01 9.980168e-01
1.483287e+01 9.984155e-01
1.514953e+01 9.987503e-01
1.547252e+01 9.990122e-01
1.580197e+01 9.992173e-01
1.613801e+01 9.993807e-01
1.648077e+01 9.995074e-01
1.683038e+01 9.995948e-01
1.718699e+01 9.996608e-01
1.755073e+01 9.997105e-01
1.792175e+01 9.997416e-01
1.830018e+01 9.997592e-01
1.868618e+01 9.997705e-01
1.907991e+01 9.997777e-01
1.948151e+01 9.99782e-01
1.989114e+01 9.997863e-01
2.030896e+01 9.997863e-01
2.073514e+01 9.997863e-01
2.116984e+01 9.997863e-01
2.161324e+01 9.997860e-01
2.206550e+01 9.997860e-01
2.252681e+01 9.99786e-01
2.299735e+01 9.997859e-01
2.34773e+01 9.997859e-01
2.396684e+01 9.997854e-01
2.446618e+01 9.997849e-01
2.497550e+01 9.997849e-01
2.549501e+01 9.997849e-01
2.602491e+01 9.997848e-01
2.656541e+01 9.997848e-01
2.711672e+01 9.997846e-01
2.767905e+01 9.997846e-01
2.825263e+01 9.997845e-01
2.883769e+01 9.997845e-01
2.943444e+01 9.997845e-01
3.004313e+01 9.997807e-01
3.066399e+01 9.997807e-01
3.129727e+01 9.997806e-01
3.194322e+01 9.997805e-01
3.260208e+01 9.997803e-01
3.327412e+01 9.997803e-01
3.395961e+01 9.997802e-01
3.46588e+01 9.997802e-01
3.537197e+01 9.997802e-01
