5.e+00 0.e+00
5.12e+00 0.e+00
5.2424e+00 0.e+00
5.367248e+00 0.e+00
5.494593e+00 0.e+00
5.624485e+00 6.561550e-05
5.756975e+00 1.384146e-03
5.892114e+00 5.951737e-03
6.029956e+00 2.062212e-02
6.170555e+00 4.641515e-02
6.313967e+00 8.247693e-02
6.460246e+00 1.294148e-01
6.609451e+00 1.850064e-01
6.76164e+00 2.434117e-01
6.916873e+00 3.04301e-01
7.075210e+00 3.629486e-01
7.236714e+00 4.175988e-01
7.401449e+00 4.690638e-01
7.569477e+00 5.169523e-01
7.740867e+00 5.612853e-01
7.915684e+00 6.023926e-01
8.093998e+00 6.401844e-01
8.275878e+00 6.752362e-01
8.461396e+00 7.07513e-01
8.650623e+00 7.377416e-01
8.843636e+00 7.648974e-01
9.040509e+00 7.895769e-01
9.241319e+00 8.121585e-01
9.446145e+00 8.328713e-01
9.655068e+00 8.51523e-01
9.86817e+00 8.685297e-01
1.008553e+01 8.842037e-01
1.030724e+01 8.980623e-01
1.053339e+01 9.105988e-01
1.076406e+01 9.223261e-01
1.099934e+01 9.327096e-01
1.123932e+01 9.416310e-01
1.148411e+01 9.495908e-01
1.173379e+01 9.567667e-01
1.198847e+01 9.629709e-01
1.224824e+01 9.684076e-01
1.251320e+01 9.732201e-01
1.278347e+01 9.774165e-01
1.305914e+01 9.809987e-01
1.334032e+01 9.841028e-01
1.362713e+01 9.868501e-01
1.391967e+01 9.891172e-01
1.421806e+01 9.909896e-01
1.452242e+01 9.926021e-01
1.483287e+01 9.939554e-01
1.514953e+01 9.950676e-01
1.547252e+01 9.959893e-01
1.580197e+01 9.967653e-01
1.613801e+01 9.974129e-01
1.648077e+01 9.979258e-01
1.683038e+01 9.983407e-01
1.718699e+01 9.986844e-01
1.755073e+01 9.989625e-01
1.792175e+01 9.991790e-01
1.830018e+01 9.993478e-01
1.868618e+01 9.994818e-01
1.907991e+01 9.995768e-01
1.948151e+01 9.996479e-01
1.989114e+01 9.99699e-01
2.030896e+01 9.997341e-01
2.073514e+01 9.997541e-01
2.116984e+01 9.997666e-01
2.161324e+01 9.997745e-01
2.206550e+01 9.997798e-01
2.252681e+01 9.99786e-01
2.299735e+01 9.997859e-01
2.34773e+01 9.997859e-01
2.396684e+01 9.997854e-01
2.446618e+01 9.997849e-01
2.497550e+01 9.997849e-01
2.549501e+01 9.997849e-01
2.602491e+01 9.997848e-01
2.656541e+01 9.997848e-01
2.711672e+01 9.997846e-01
2.767905e+01 9.997846e-01
2.825263e+01 9.997845e-01
2.883769e+01 9.997845e-01
2.943444e+01 9.997844e-01
3.004313e+01 9.997807e-01
3.066399e+01 9.997807e-01
3.129727e+01 9.997806e-01
3.194322e+01 9.997805e-01
3.260208e+01 9.997804e-01
3.327412e+01 9.997803e-01
3.395961e+01 9.997802e-01
3.46588e+01 9.997802e-01
3.537197e+01 9.997802e-01
