5.e+00 0.e+00
5.12e+00 0.e+00
5.2424e+00 0.e+00
5.367248e+00 0.e+00
5.494593e+00 0.e+00
5.624485e+00 0.e+00
5.756975e+00 0.e+00
5.892114e+00 0.e+00
6.029956e+00 0.e+00
6.170555e+00 0.e+00
6.313967e+00 0.e+00
6.460246e+00 0.e+00
6.609451e+00 0.e+00
6.76164e+00 0.e+00
6.916873e+00 0.e+00
7.075210e+00 0.e+00
7.236714e+00 1.417338e-05
7.401449e+00 1.593814e-03
7.569477e+00 6.260355e-03
7.740867e+00 2.543970e-02
7.915684e+00 6.248540e-02
8.093998e+00 1.178535e-01
8.275878e+00 1.894250e-01
8.461396e+00 2.669823e-01
8.650623e+00 3.460665e-01
8.843636e+00 4.183295e-01
9.040509e+00 4.839597e-01
9.241319e+00 5.429235e-01
9.446145e+00 5.959917e-01
9.655068e+00 6.435055e-01
9.86817e+00 6.862334e-01
1.008553e+01 7.245985e-01
1.030724e+01 7.587621e-01
1.053339e+01 7.892541e-01
1.076406e+01 8.161719e-01
1.099934e+01 8.400579e-01
1.123932e+01 8.611516e-01
1.148411e+01 8.800762e-01
1.173379e+01 8.967198e-01
1.198847e+01 9.113609e-01
1.224824e+01 9.241229e-01
1.251320e+01 9.353253e-01
1.278347e+01 9.45169e-01
1.305914e+01 9.537642e-01
1.334032e+01 9.611563e-01
1.362713e+01 9.675186e-01
1.391967e+01 9.730218e-01
1.421806e+01 9.777365e-01
1.452242e+01 9.816555e-01
1.483287e+01 9.849107e-01
1.514953e+01 9.876738e-01
1.547252e+01 9.899648e-01
1.580197e+01 9.918647e-01
1.613801e+01 9.934217e-01
1.648077e+01 9.946963e-01
1.683038e+01 9.95749e-01
1.718699e+01 9.966088e-01
1.755073e+01 9.972968e-01
1.792175e+01 9.978412e-01
1.830018e+01 9.982809e-01
1.868618e+01 9.986383e-01
1.907991e+01 9.989215e-01
1.948151e+01 9.991435e-01
1.989114e+01 9.993197e-01
2.030896e+01 9.994534e-01
2.073514e+01 9.995585e-01
2.116984e+01 9.996363e-01
2.161324e+01 9.996932e-01
2.206550e+01 9.997303e-01
2.252681e+01 9.997523e-01
2.299735e+01 9.997654e-01
2.34773e+01 9.997731e-01
2.396684e+01 9.997786e-01
2.446618e+01 9.997849e-01
2.497550e+01 9.997849e-01
2.549501e+01 9.997849e-01
2.602491e+01 9.997848e-01
2.656541e+01 9.997848e-01
2.711672e+01 9.997846e-01
2.767905e+01 9.997846e-01
2.825263e+01 9.997845e-01
2.883769e+01 9.997845e-01
2.943444e+01 9.997844e-01
3.004313e+01 9.997807e-01
3.066399e+01 9.997807e-01
3.129727e+01 9.997806e-01
3.194322e+01 9.997805e-01
3.260208e+01 9.997803e-01
3.327412e+01 9.997803e-01
3.395961e+01 9.997802e-01
3.46588e+01 9.997802e-01
3.537197e+01 9.997802e-01
