5.e+00 0.e+00
5.12e+00 0.e+00
5.2424e+00 0.e+00
5.367248e+00 0.e+00
5.494593e+00 0.e+00
5.624485e+00 3.761101e-06
5.756975e+00 1.308334e-03
5.892114e+00 5.190142e-03
6.029956e+00 1.950695e-02
6.170555e+00 4.854007e-02
6.313967e+00 8.958501e-02
6.460246e+00 1.440726e-01
6.609451e+00 2.078331e-01
6.76164e+00 2.744516e-01
6.916873e+00 3.418169e-01
7.075210e+00 4.043402e-01
7.236714e+00 4.624904e-01
7.401449e+00 5.157290e-01
7.569477e+00 5.645975e-01
7.740867e+00 6.092983e-01
7.915684e+00 6.500942e-01
8.093998e+00 6.873608e-01
8.275878e+00 7.214261e-01
8.461396e+00 7.528195e-01
8.650623e+00 7.806113e-01
8.843636e+00 8.056097e-01
9.040509e+00 8.284188e-01
9.241319e+00 8.488522e-01
9.446145e+00 8.670976e-01
9.655068e+00 8.836464e-01
9.86817e+00 8.985300e-01
1.008553e+01 9.117435e-01
1.030724e+01 9.236029e-01
1.053339e+01 9.346934e-01
1.076406e+01 9.438447e-01
1.099934e+01 9.519178e-01
1.123932e+01 9.589976e-01
1.148411e+01 9.652468e-01
1.173379e+01 9.706143e-01
1.198847e+01 9.753011e-01
1.224824e+01 9.793859e-01
1.251320e+01 9.828215e-01
1.278347e+01 9.857611e-01
1.305914e+01 9.882869e-01
1.334032e+01 9.904221e-01
1.362713e+01 9.921328e-01
1.391967e+01 9.935818e-01
1.421806e+01 9.947980e-01
1.452242e+01 9.957998e-01
1.483287e+01 9.966103e-01
1.514953e+01 9.972752e-01
1.547252e+01 9.97831e-01
1.580197e+01 9.982703e-01
1.613801e+01 9.986274e-01
1.648077e+01 9.989178e-01
1.683038e+01 9.991438e-01
1.718699e+01 9.993204e-01
1.755073e+01 9.994591e-01
1.792175e+01 9.995677e-01
1.830018e+01 9.996397e-01
1.868618e+01 9.996943e-01
1.907991e+01 9.997309e-01
1.948151e+01 9.997534e-01
1.989114e+01 9.997665e-01
2.030896e+01 9.997747e-01
2.073514e+01 9.997799e-01
2.116984e+01 9.997863e-01
2.161324e+01 9.997860e-01
2.206550e+01 9.997860e-01
2.252681e+01 9.99786e-01
2.299735e+01 9.997859e-01
2.34773e+01 9.997859e-01
2.396684e+01 9.997854e-01
2.446618e+01 9.997849e-01
2.497550e+01 9.997849e-01
2.549501e+01 9.997849e-01
2.602491e+01 9.997848e-01
2.656541e+01 9.997848e-01
2.711672e+01 9.997846e-01
2.767905e+01 9.997846e-01
2.825263e+01 9.997845e-01
2.883769e+01 9.997845e-01
2.943444e+01 9.997844e-01
3.004313e+01 9.997807e-01
3.066399e+01 9.997807e-01
3.129727e+01 9.997806e-01
3.194322e+01 9.997805e-01
3.260208e+01 9.997803e-01
3.327412e+01 9.997803e-01
3.395961e+01 9.997802e-01
3.46588e+01 9.997802e-01
3.537197e+01 9.997802e-01
