5.e+00 0.e+00
5.12e+00 0.e+00
5.2424e+00 0.e+00
5.367248e+00 0.e+00
5.494593e+00 0.e+00
5.624485e+00 0.e+00
5.756975e+00 0.e+00
5.892114e+00 0.e+00
6.029956e+00 7.903642e-04
6.170555e+00 4.418097e-03
6.313967e+00 1.693552e-02
6.460246e+00 4.084893e-02
6.609451e+00 7.494260e-02
6.76164e+00 1.200549e-01
6.916873e+00 1.740045e-01
7.075210e+00 2.310493e-01
7.236714e+00 2.903842e-01
7.401449e+00 3.473880e-01
7.569477e+00 4.012367e-01
7.740867e+00 4.519560e-01
7.915684e+00 4.993044e-01
8.093998e+00 5.435168e-01
8.275878e+00 5.845541e-01
8.461396e+00 6.227236e-01
8.650623e+00 6.583076e-01
8.843636e+00 6.911128e-01
9.040509e+00 7.214272e-01
9.241319e+00 7.493837e-01
9.446145e+00 7.749351e-01
9.655068e+00 7.982462e-01
9.86817e+00 8.196661e-01
1.008553e+01 8.392999e-01
1.030724e+01 8.572232e-01
1.053339e+01 8.735502e-01
1.076406e+01 8.883529e-01
1.099934e+01 9.01782e-01
1.123932e+01 9.138445e-01
1.148411e+01 9.248034e-01
1.173379e+01 9.346163e-01
1.198847e+01 9.434212e-01
1.224824e+01 9.511666e-01
1.251320e+01 9.580768e-01
1.278347e+01 9.641661e-01
1.305914e+01 9.695054e-01
1.334032e+01 9.741646e-01
1.362713e+01 9.782345e-01
1.391967e+01 9.817383e-01
1.421806e+01 9.847329e-01
1.452242e+01 9.873394e-01
1.483287e+01 9.895055e-01
1.514953e+01 9.913232e-01
1.547252e+01 9.928687e-01
1.580197e+01 9.941611e-01
1.613801e+01 9.952407e-01
1.648077e+01 9.961306e-01
1.683038e+01 9.968664e-01
1.718699e+01 9.974639e-01
1.755073e+01 9.979567e-01
1.792175e+01 9.983695e-01
1.830018e+01 9.986947e-01
1.868618e+01 9.989491e-01
1.907991e+01 9.991589e-01
1.948151e+01 9.993274e-01
1.989114e+01 9.994577e-01
2.030896e+01 9.995546e-01
2.073514e+01 9.996291e-01
2.116984e+01 9.996844e-01
2.161324e+01 9.997225e-01
2.206550e+01 9.997474e-01
2.252681e+01 9.997619e-01
2.299735e+01 9.997702e-01
2.34773e+01 9.997765e-01
2.396684e+01 9.997804e-01
2.446618e+01 9.997849e-01
2.497550e+01 9.997849e-01
2.549501e+01 9.997849e-01
2.602491e+01 9.997848e-01
2.656541e+01 9.997848e-01
2.711672e+01 9.997846e-01
2.767905e+01 9.997846e-01
2.825263e+01 9.997845e-01
2.883769e+01 9.997845e-01
2.943444e+01 9.997844e-01
3.004313e+01 9.997807e-01
3.066399e+01 9.997807e-01
3.129727e+01 9.997806e-01
3.194322e+01 9.997805e-01
3.260208e+01 9.997804e-01
3.327412e+01 9.997803e-01
3.395961e+01 9.997802e-01
3.46588e+01 9.997802e-01
3.537197e+01 9.997802e-01
